63
5 444.783 1779.13 66015
3 184.024 184.024 66096.7
2 297.636 1190.55 66224.5
4 273.479 273.479 66226.8
0 606.3 606.3 66706.3
1 489.665 979.33 66423.2
6 2664.66 2664.66 68877.8
5 1733.24 6932.98 67986.4
7 2500.49 2500.49 68699
2 1945.68 3891.36 68335.3
3 2560.62 2560.62 69255.1
5 3584.48 14337.9 69980.3
4 1411.41 2822.83 67736
1 1745.85 3491.7 68224.5
2 4649.13 18596.5 71295.7
4 4878.86 9757.73 71276.1
1 4383.24 8766.49 71026.5
5 6544.45 26177.8 73519.4
0 2415.47 2415.47 69528.7
7 3745.98 3745.98 70654.2
2 7292.93 29171.7 74046.1
7 6244.65 12489.3 73384.3
1 6282.6 12565.2 73343.6
4 7459.28 14918.6 74618.6
5 10407.2 41628.8 77755.8
1 8728.28 17456.6 75868.8
6 4344.59 4344.59 71822.1
7 9079.53 18159.1 76654.5
3 5129.31 5129.31 72555.4
0 4814.2 4814.2 72720.5
2 8200.75 16401.5 75791.6
6 6589.8 6589.8 74981.5
4 8643.38 17286.8 76614.7
3 6400.54 6400.54 74795.6
2 9322.73 18645.5 77807.8
0 6205.89 6205.89 74969.9
3 8562.5 8562.5 77303
5 11010.3 44041.4 80784.6
2 10198.4 40793.8 79901.1
0 7042.41 7042.41 76354.9
1 8958.43 17916.9 78784.5
4 9655.89 19311.8 79502.4
7 9426.44 18852.9 79606
1 12082.5 24165 81934.7
6 7335.55 7335.55 77804.3
0 8203.92 8203.92 78596.9
3 11209.3 11209.3 82004.5
4 11268.1 22536.1 81784.5
7 12451.5 24902.9 83007.3
2 11591.7 46366.9 82200.5
5 12299.5 49198 83220.4
2 14682.8 58731.2 85220.1
5 14756.7 59026.7 86140.3
6 10175.2 10175.2 82006.1
2 17279.5 69118 89447.2
4 11790.8 23581.6 83741.7
5 16139.7 64558.7 88127
1 11798.3 23596.6 83881.7
0 8661.58 8661.58 81001
7 13946.8 27893.5 86420.4
0 10664.2 10664.2 82947.5
5 17282.1 69128.5 90254.1
4 12771.3 25542.7 85609
63
5 300.169 600.338 66177.7
4 246.727 493.454 66101.7
3 180.119 180.119 66180.4
2 296.525 1186.1 66213
0 415.675 415.675 66482.3
1 620.115 620.115 66255.4
5 2367.53 9470.11 68322.8
2 1964.45 7857.79 68162.3
6 522.827 522.827 66665.2
2 3917.42 15669.7 70206.6
7 2486.52 2486.52 68782.7
4 1699.99 1699.99 67910.3
3 2320.5 2320.5 68552
1 2462.38 4924.75 68755.7
4 4198.27 8396.53 70559.1
0 2309.38 2309.38 68888.7
6 4624.16 4624.16 71375.1
5 4083.42 4083.42 70726.8
3 4476.9 4476.9 71073.2
1 4508.94 4508.94 71355.9
2 5118.13 20472.5 72319.7
5 6821.77 27287.1 74080.2
7 3464.18 6928.36 71811.4
4 5393.66 10787.3 73433.7
1 5566.84 11133.7 74302.9
2 6921.76 27687 75167.8
5 9019.47 36077.9 77370.1
0 2400.27 2400.27 70963.8
0 4567.43 4567.43 72912.1
7 5411.82 10823.6 74099
3 4371.4 4371.4 73340.9
6 4446.68 4446.68 73552.3
0 5869.88 5869.88 75254.2
3 6657.2 6657.2 76117.4
4 8153.53 16307.1 77093.2
6 6476.19 6476.19 75785.5
7 7901.76 15803.5 77110.6
1 7692.83 7692.83 77413.2
2 7533.98 30135.9 78098.2
0 7835.28 7835.28 77815.2
5 8830.91 35323.6 78835.8
6 7364.79 7364.79 77526.1
4 9743.35 19486.7 80339.7
7 9871.12 19742.2 80935.3
1 7843.35 15686.7 79332.8
3 7161.6 7161.6 78696.3
6 9378.61 9378.61 80852.8
0 7984.76 7984.76 79378.3
2 9143.75 9143.75 80971.1
3 9336.83 9336.83 80764
5 9494.23 18988.5 81261.8
2 11367.3 45469.3 83308.2
5 11447.7 45791 83429.5
1 9965.61 19931.2 81682.2
2 13544.2 54176.7 85533.1
0 9032.54 9032.54 80906.7
4 10282.7 20565.4 82718.8
7 10470.5 20941.1 82765.8
5 13223.4 52893.6 85787.3
3 10522.7 10522.7 83514.7
6 10316.2 10316.2 82856.6
1 11055.1 22110.1 83700.7
0 9707.58 9707.58 82474.4
42
5 371.431 742.861 66442.8
3 116.737 116.737 66111.1
2 308.876 308.876 66209.3
4 308.224 616.448 66109.4
2 2379.95 9519.79 68181.6
0 638.506 638.506 66580.2
5 2644.06 10576.2 68895.3
1 628.121 1256.24 66812
2 3770.83 15083.3 70120.5
6 2664.25 2664.25 69029.1
7 2540.18 2540.18 69117.9
4 1520.46 1520.46 68043.6
3 1525.47 1525.47 68101.9
5 4467.44 17869.8 70829.6
1 5140.8 10281.6 74453.5
4 3590.15 7180.31 69963.2
2 5376.28 21505.1 72176
7 4077.84 8155.67 71213.8
0 1068.32 1068.32 68548
4 5376.72 10753.4 72919.2
3 2492.87 2492.87 70727
5 4089.11 8178.23 72378.6
0 1309.76 1309.76 70304.9
7 5650.66 11301.3 74660.6
6 1956.59 1956.59 71594.9
0 2913.6 2913.6 72497.4
3 3751.3 3751.3 73467.4
6 3644.89 3644.89 73534.7
2 3637.5 14550 74128.9
5 3396.39 6792.77 74182.4
4 4226.64 8453.28 77497.6
2 4716.21 18864.8 76099.9
0 3666.23 3666.23 75497.1
5 4512.13 18048.5 76679.8
1 4338.88 8677.75 76289.7
2 6099.21 24396.9 78086.6
7 6678.33 13356.7 78761.8
3 5200.35 5200.35 77539.7
1 7229.26 14458.5 79702.9
6 4567.67 4567.67 76850.9
5 6065.76 24263 79037.7
4 6443.33 12886.7 79281
46
5 318.099 1272.39 66026.2
3 284.287 284.287 66139.7
4 356.744 713.487 66011.3
2 371.097 742.194 66334.5
1 415.465 830.93 66379.7
0 561.65 561.65 66639.5
6 2656.03 2656.03 69054.2
5 1755.65 7022.62 68257
2 3142.48 12569.9 69687.5
7 935.94 1871.88 67264
4 1186.63 2373.26 67558
3 1945.87 1945.87 68636.7
1 2024.69 4049.39 68386.1
7 3982.6 7965.21 70584.1
4 3338.66 6677.33 70512.4
5 4274.55 8549.09 71049.8
1 3625.14 7250.28 70996.2
0 1482.09 1482.09 68630.6
2 6489.84 25959.4 73708.9
0 3482.39 3482.39 71388.7
4 5632.47 11264.9 73223.4
3 2986.12 2986.12 71377.8
7 5390.51 10781 73361.8
6 3030.89 3030.89 71426
1 5554.44 11108.9 74039.5
5 4098.34 4098.34 72862.4
3 5144.66 5144.66 73885.2
0 4076.91 4076.91 73386.2
5 6665.11 13330.2 75874
6 4225.53 4225.53 73945.9
2 5831.69 23326.8 76395.9
4 5354.12 5354.12 75334
5 8863.46 35453.9 78868.3
7 4941.1 4941.1 75102.4
1 5055.94 10111.9 75652.3
2 7932.13 31728.5 79315.8
0 5086.23 5086.23 76917.1
5 9198.02 36792.1 81365.7
7 6156.58 12313.2 78107.5
2 9315.13 37260.5 81302.5
4 5197.65 10395.3 77281.1
3 3522.91 3522.91 75862.3
1 6591.84 13183.7 79065.4
6 3487.18 3487.18 75770.5
2 10457.6 41830.3 83429.5
4 6354.97 12709.9 79192.6
53
5 371.431 742.861 66442.8
3 116.737 116.737 66111.1
2 308.876 308.876 66209.3
4 308.224 616.448 66109.4
2 2379.95 9519.79 68181.6
0 638.506 638.506 66580.2
5 2644.06 10576.2 68895.3
1 628.121 1256.24 66812
2 3770.83 15083.3 70120.5
6 2664.25 2664.25 69029.1
7 2540.18 2540.18 69117.9
4 1520.46 1520.46 68043.6
3 1525.47 1525.47 68101.9
5 4467.44 17869.8 70829.6
1 5140.8 10281.6 74453.5
4 3590.15 7180.31 69963.2
2 5376.28 21505.1 72176
7 4077.84 8155.67 71213.8
0 1068.32 1068.32 68548
3 2557.13 2557.13 70463.4
4 4117.84 8235.67 71708.7
0 2486.6 2486.6 70878.3
5 5636.05 11272.1 73607.3
6 3005.73 3005.73 71400.8
7 4686.53 9373.06 73171.6
3 3948.82 3948.82 72712.9
0 4645.14 4645.14 73385.6
6 3485.14 3485.14 73123.5
4 4317.4 4317.4 73901.2
2 5963.53 5963.53 75679.6
3 5061.35 5061.35 74951.1
5 6425.15 25700.6 76916.6
7 4553.67 9107.35 75339.7
4 5995.09 11990.2 79266.1
1 5312.91 10625.8 76590.3
6 4784.58 4784.58 75936.5
7 6456.93 12913.9 77788
2 8436.27 16872.5 79652.3
1 7308.63 14617.3 78424.8
0 3941.53 3941.53 75239.4
5 7312.72 14625.4 78875.9
7 8143.51 16287 79682.2
3 6643.85 6643.85 78311.3
5 9105.37 36421.5 80878.8
1 8912.97 17825.9 80871.6
2 9585.4 38341.6 81466.5
0 5073.18 5073.18 77038.9
4 9174.06 18348.1 81273.2
5 12300.5 49201.9 84257.3
7 9980.32 19960.6 82723.1
2 12575.9 50303.6 85516.4
5 13273.2 53092.6 86282.8
1 9930.91 19861.8 82842.8
59
5 300.169 600.338 66177.7
4 246.727 493.454 66101.7
3 180.119 180.119 66180.4
2 296.525 1186.1 66213
0 415.675 415.675 66482.3
1 620.115 620.115 66255.4
5 2367.53 9470.11 68322.8
2 1964.45 7857.79 68162.3
6 522.827 522.827 66665.2
2 3917.42 15669.7 70206.6
7 2486.52 2486.52 68782.7
4 1699.99 1699.99 67910.3
3 2320.5 2320.5 68552
1 2462.38 4924.75 68755.7
4 4198.27 8396.53 70559.1
0 2309.38 2309.38 68888.7
6 4624.16 4624.16 71375.1
5 4083.42 4083.42 70726.8
3 4476.9 4476.9 71073.2
1 4508.94 4508.94 71355.9
2 5118.13 20472.5 72319.7
5 6821.77 27287.1 74080.2
2 6409.45 25637.8 74605.9
7 4277.9 8555.8 72255.5
4 5082.9 10165.8 74057.4
0 2045.66 2045.66 70921.8
0 3691.2 3691.2 72683.6
1 4662.93 9325.86 73897
7 4898.28 9796.56 74317.1
3 3800.03 3800.03 73412.9
6 3274.96 3274.96 72932.9
1 7276.53 14553.1 76997.5
0 5604 5604 75604.3
5 7990.19 31960.8 78273.8
2 6361.54 25446.2 76852.9
4 5891.75 11783.5 76263.2
2 8960.17 35840.7 79931.1
6 4036.55 4036.55 75198
5 9516.81 38067.2 80720.4
3 4977.75 4977.75 76215.6
7 7055.58 14111.2 78293.6
6 5772.5 5772.5 77023
4 8323.17 16646.3 79565.2
1 7591.97 15183.9 79046.1
0 6368.17 6368.17 77573
3 6679.68 6679.68 78019.7
7 8752.13 17504.3 80262.1
1 9788.01 19576 81265.1
2 10384.5 41537.9 81934.9
5 11824.8 47299.3 83454.9
2 12082.9 48331.7 83902.3
4 9541.56 19083.1 81561.7
5 15552.5 62209.9 87688.3
6 6861.56 6861.56 79024.5
7 10091 20182.1 82282
1 11078.9 22157.8 83569.9
0 6787.98 6787.98 79306.4
4 10633.5 21267.1 83444.4
3 6957.18 6957.18 79824.6
57
5 318.099 1272.39 66026.2
3 284.287 284.287 66139.7
4 356.744 713.487 66011.3
2 371.097 742.194 66334.5
1 415.465 830.93 66379.7
0 561.65 561.65 66639.5
6 2656.03 2656.03 69054.2
5 1755.65 7022.62 68257
2 3142.48 12569.9 69687.5
7 935.94 1871.88 67264
4 1186.63 2373.26 67558
3 1945.87 1945.87 68636.7
1 2024.69 4049.39 68386.1
7 3982.6 7965.21 70584.1
4 3338.66 6677.33 70512.4
5 4274.55 8549.09 71049.8
1 3625.14 7250.28 70996.2
0 1482.09 1482.09 68630.6
2 6489.84 25959.4 73708.9
4 5317.27 10634.5 72912.5
7 4945.88 9891.76 72566.1
0 4798.83 4798.83 74727.5
1 4674.83 9349.66 72589.5
5 4477.5 17910 72932.1
3 1976.14 1976.14 70591.9
7 5920.63 11841.3 75013.1
6 3558.95 3558.95 72539.7
3 3383.77 3383.77 72445.7
3 6626.15 6626.15 75933.2
6 5729.06 5729.06 75038.4
1 5464.47 10928.9 74673.3
4 7017.03 7017.03 76737.4
5 5224.34 20897.4 75788.5
2 5300.82 5300.82 75280.7
2 7236.94 28947.8 77241.8
1 7010.69 7010.69 77172
7 6029.52 12059 76625.9
5 7254.75 14509.5 78318.9
7 7213.39 14426.8 78702.9
0 5041.97 5041.97 76576.7
6 6890.88 6890.88 78365.1
3 8382.04 8382.04 79775.6
0 7130.07 7130.07 78957.4
4 6838.62 6838.62 78265.8
1 8851.91 17703.8 80619.5
2 7638.03 30552.1 79578.9
5 8293.44 33173.7 80275.2
4 8382.4 16764.8 80099
2 9814.87 39259.5 81803.8
6 8019.32 8019.32 79893.5
7 8645.83 17291.7 81081.9
4 9634.2 19268.4 81929.4
5 10069.1 40276.4 82633
0 8918.29 8918.29 81910.3
3 9238.96 9238.96 81779.3
1 9991.18 19982.4 82636.9
6 8694.36 8694.36 81461.2
56
5 300.169 600.338 66177.7
4 246.727 493.454 66101.7
3 180.119 180.119 66180.4
2 296.525 1186.1 66213
0 415.675 415.675 66482.3
1 620.115 620.115 66255.4
5 2367.53 9470.11 68322.8
2 1964.45 7857.79 68162.3
6 522.827 522.827 66665.2
2 3917.42 15669.7 70206.6
7 2486.52 2486.52 68782.7
4 1699.99 1699.99 67910.3
3 2320.5 2320.5 68552
1 2462.38 4924.75 68755.7
4 4198.27 8396.53 70559.1
0 2309.38 2309.38 68888.7
6 4624.16 4624.16 71375.1
5 4083.42 4083.42 70726.8
3 4476.9 4476.9 71073.2
1 4508.94 4508.94 71355.9
2 5118.13 20472.5 72319.7
5 6821.77 27287.1 74080.2
2 6409.45 25637.8 74605.9
7 4277.9 8555.8 72255.5
4 5082.9 10165.8 74057.4
0 2045.66 2045.66 70921.8
0 3691.2 3691.2 72683.6
1 4662.93 9325.86 73897
7 4898.28 9796.56 74317.1
1 6261.9 12523.8 75730.8
4 7091.21 14182.4 76536.4
3 5460.13 5460.13 75332.7
5 8077.25 16154.5 77886.3
7 8123.71 16247.4 78152.9
2 5636.2 22544.8 76406.6
6 2149.34 2149.34 73640.1
1 7780.49 15561 78844.7
2 6994.02 13988 78483.5
0 3696.35 3696.35 75231.1
6 5492.61 5492.61 76966.8
0 5938.97 5938.97 77332.5
3 8380.83 8380.83 80208.2
4 6637.59 6637.59 78064.8
5 8090.43 16180.9 79858
2 8879.72 35518.9 80820.6
5 10043.9 40175.7 82025.7
4 8181.36 16362.7 79897.9
2 11056.6 44226.3 83045.5
6 6621.05 6621.05 78495.3
7 8126.34 16252.7 80562.4
1 8379.92 16759.8 80675.1
5 11819.6 47278.4 84383.5
0 7091.22 7091.22 80083.2
6 7958.6 7958.6 80499
4 9270.82 18541.6 81916.5
0 9872.77 9872.77 82639.6
56
5 173.904 695.617 66071.9
4 315.065 630.131 66470
3 197.944 197.944 66247.5
2 2585.24 10341 68981.5
6 264.453 264.453 66771.6
0 361.4 361.4 66744.4
1 614.101 614.101 67021
7 2264.09 2264.09 68975.1
5 1446.16 5784.63 68046.5
4 1943.89 3887.77 68398.3
3 1239.61 1239.61 68188.2
0 2252.62 2252.62 69179.8
1 1853 3705.99 68831
5 2899.95 11599.8 70151.9
2 6434.01 25736 73827.2
6 3597.61 3597.61 71503.9
4 2552.89 5105.79 70143.8
3 2136.15 2136.15 70527.8
1 3637.43 7274.87 71608.7
7 2340.23 2340.23 70735.3
4 3674.88 7349.76 72160
0 2281.83 2281.83 71045.9
5 3479.73 3479.73 72220.2
5 5013.03 20052.1 74787.3
2 6708.23 26832.9 76410.9
3 3050.7 3050.7 72363.2
7 2855.76 5711.53 72681.8
1 4649.95 9299.9 74496.4
4 4931.91 9863.81 75111.4
7 5979.81 11959.6 75832
0 3529.9 3529.9 73998.6
6 3815.85 3815.85 74208.9
3 5773.6 5773.6 76568.8
1 6262.12 12524.2 76778.6
5 6603.21 13206.4 77159
2 8101.51 32406.1 78710.3
5 8548.41 34193.6 79469.3
2 11192.6 44770.4 81729.9
4 7510.57 15021.1 79059.2
0 6734.26 6734.26 78118.4
6 4986.18 4986.18 76517.5
7 6168.88 6168.88 77381.8
6 7399.66 7399.66 78964.3
3 9681.35 9681.35 81400.3
1 6691.85 6691.85 78607.1
7 7249.72 7249.72 79209.7
0 8019.09 8019.09 80135.8
1 8419.27 8419.27 80620.5
5 9318.28 37273.1 81847.2
6 8775.1 8775.1 80883.3
4 9697.3 9697.3 82058.7
7 8501.06 8501.06 80999.5
2 12283 49132.2 85431
1 9801.52 19603 82664.5
7 10196.2 20392.4 83185.4
5 11525.3 23050.6 84682.1
51
5 371.431 742.861 66442.8
3 116.737 116.737 66111.1
2 308.876 308.876 66209.3
4 308.224 616.448 66109.4
2 2379.95 9519.79 68181.6
0 638.506 638.506 66580.2
5 2644.06 10576.2 68895.3
1 628.121 1256.24 66812
2 3770.83 15083.3 70120.5
6 2664.25 2664.25 69029.1
7 2540.18 2540.18 69117.9
4 1520.46 1520.46 68043.6
3 1525.47 1525.47 68101.9
5 4467.44 17869.8 70829.6
1 5140.8 10281.6 74453.5
4 3590.15 7180.31 69963.2
2 5376.28 21505.1 72176
7 4077.84 8155.67 71213.8
0 1068.32 1068.32 68548
5 4415.62 17662.5 72612
4 5575.63 11151.3 73553.2
7 5279.17 10558.3 74253.7
3 986.051 986.051 69862.2
0 1776.29 1776.29 70768.7
2 5785.88 11571.8 75019.9
5 6142.58 12285.2 75561.4
4 6705.11 13410.2 76174
7 7287.48 14575 76732.7
6 3253.82 3253.82 73126.4
1 6578.32 13156.6 76387.4
2 8117.61 16235.2 78146.8
5 8079.52 32318.1 78849.9
3 636.513 636.513 72127.3
4 7796.23 15592.5 79344.9
0 2315.11 2315.11 73699.3
3 3936.81 3936.81 75468.1
6 6514.42 6514.42 77727.3
0 4151.94 4151.94 75716.6
3 6157.8 6157.8 77876.7
0 5822.46 5822.46 77737.7
1 6255.36 6255.36 78215.3
7 6634.54 6634.54 78751.2
6 7539.43 7539.43 79740.7
2 7813.47 31253.9 80342.4
0 7157.95 7157.95 79266.2
3 8391.33 8391.33 80752.7
1 7506.7 7506.7 80005.2
5 8178.28 32713.1 81326.2
7 7932.21 15864.4 80795.2
4 9047.24 18094.5 82036.5
1 9173.95 18347.9 82330.7
55
5 173.904 695.617 66071.9
4 315.065 630.131 66470
3 197.944 197.944 66247.5
2 2585.24 10341 68981.5
6 264.453 264.453 66771.6
0 361.4 361.4 66744.4
1 614.101 614.101 67021
7 2264.09 2264.09 68975.1
5 1446.16 5784.63 68046.5
4 1943.89 3887.77 68398.3
3 1239.61 1239.61 68188.2
0 2252.62 2252.62 69179.8
1 1853 3705.99 68831
5 2899.95 11599.8 70151.9
2 6434.01 25736 73827.2
4 3811.78 7623.56 71354.2
6 3296.33 3296.33 71530.5
1 2090.49 4180.98 70380
3 847.412 847.412 69842.6
7 3023.99 6047.99 72033.9
5 3046.27 12185.1 72820.5
5 5301.17 21204.7 75003.9
0 1252.28 1252.28 70564.8
1 3469.58 6939.16 73295.6
4 4395.46 8790.93 74241.9
7 4155.41 8310.82 74334.9
1 6593.62 13187.2 76445.8
3 2326.61 2326.61 72795.3
0 2413.79 2413.79 72806.8
6 4279.15 4279.15 75074.4
2 5263.64 10527.3 75780.1
4 5499.72 10999.4 76055.5
5 6694.46 26777.8 77303.2
2 7176.36 28705.5 78097.3
5 9785.54 39142.2 80322.8
7 7095.46 14190.9 78159.7
4 6642.97 13285.9 78132.4
3 4970.04 4970.04 76504.8
0 3633.71 3633.71 75107.9
6 8293.28 8293.28 79686.9
0 5192.85 5192.85 77020.2
1 6547.01 6547.01 77974.2
1 8178.32 16356.6 79945.9
2 8488.17 33952.7 80429
5 12442.7 49770.7 84424.4
4 8765.23 17530.5 80481.8
2 10665 42660.1 82653.9
3 6698.28 6698.28 78572.5
7 8133.12 16266.2 80569.2
1 9633.52 19267 81928.7
2 13474.4 53897.6 86038.3
0 6981.07 6981.07 79973.1
3 8035.83 8035.83 80576.2
4 9854.69 19709.4 82500.4
6 8487.69 8487.69 81254.5
65
5 371.431 742.861 66442.8
3 116.737 116.737 66111.1
2 308.876 308.876 66209.3
4 308.224 616.448 66109.4
2 2379.95 9519.79 68181.6
0 638.506 638.506 66580.2
5 2644.06 10576.2 68895.3
1 628.121 1256.24 66812
2 3770.83 15083.3 70120.5
6 2664.25 2664.25 69029.1
7 2540.18 2540.18 69117.9
4 1520.46 1520.46 68043.6
3 1525.47 1525.47 68101.9
5 4467.44 17869.8 70829.6
1 5140.8 10281.6 74453.5
4 3590.15 7180.31 69963.2
2 5376.28 21505.1 72176
7 4077.84 8155.67 71213.8
0 1068.32 1068.32 68548
3 2557.13 2557.13 70463.4
4 4117.84 8235.67 71708.7
0 2486.6 2486.6 70878.3
5 5636.05 11272.1 73607.3
6 3005.73 3005.73 71400.8
7 4686.53 9373.06 73171.6
3 3948.82 3948.82 72712.9
0 4645.14 4645.14 73385.6
2 5430.56 21722.2 75204.8
5 6784.11 27136.4 76486.8
6 3923.7 3923.7 73236.2
4 4324.2 8648.41 74150.3
7 5182.1 10364.2 75028.6
4 6077.76 12155.5 76257.3
1 6567.99 13136 76420.2
3 5196.89 5196.89 75665.6
6 5085.21 5085.21 75478.2
0 7291.9 7291.9 78087.1
7 6794.27 13588.5 77310.7
2 7020.74 14041.5 77576.5
5 8177.4 32709.6 78786.2
2 8965.93 35863.7 79886.9
5 11268.5 45073.9 81805.8
2 11397 45588.1 82368
6 6581.94 6581.94 77743.4
5 13880 55520 85083.6
3 8433.54 8433.54 79671.4
4 8995.8 17991.6 80233.9
1 6994.67 6994.67 78245.2
7 7872.78 15745.6 79114.8
1 8839.59 17679.2 80293.7
6 8120.22 8120.22 79325
0 11488.9 11488.9 82829
7 9573.33 19146.7 81083.3
4 10596.2 21192.5 82073.3
2 12821.3 51285.3 84371.8
2 16200.8 64803.3 87830.9
5 15667.9 62671.4 87487.2
1 10253.8 20507.6 82273.9
5 17920.3 71681.3 90056.2
6 9163.62 9163.62 81326.5
7 10912.2 21824.4 83103.2
4 11887.1 23774.3 84378.2
3 8886.39 8886.39 81404.8
1 11345.8 22691.6 84156.6
6 10412 10412 83279.4
51
5 173.904 695.617 66071.9
4 315.065 630.131 66470
3 197.944 197.944 66247.5
2 2585.24 10341 68981.5
6 264.453 264.453 66771.6
0 361.4 361.4 66744.4
1 614.101 614.101 67021
7 2264.09 2264.09 68975.1
5 1446.16 5784.63 68046.5
4 1943.89 3887.77 68398.3
3 1239.61 1239.61 68188.2
0 2252.62 2252.62 69179.8
1 1853 3705.99 68831
5 2899.95 11599.8 70151.9
2 6434.01 25736 73827.2
4 4772.8 9545.59 72368
1 3192.8 6385.61 70813.1
6 1268.15 1268.15 71196.8
7 3348.96 6697.93 71263.6
5 3736.46 14945.8 72191
3 1638.72 1638.72 70254.5
1 4167.55 8335.1 73260
0 3399.09 3399.09 72379.8
3 3046.35 3046.35 72108.2
6 5377.33 5377.33 74684.4
5 5085.41 20341.6 74859.6
2 6708.23 26832.9 76410.9
7 4323.99 4323.99 73636.5
4 5711.99 11424 75538.1
1 5270.52 10541 75117
7 6408.41 12816.8 76587.9
5 7571.16 15142.3 77423.3
3 5127.92 5127.92 75596.6
0 5972.91 5972.91 76365.9
6 6699.37 6699.37 77494.6
1 6882.69 13765.4 77399.1
4 7735.5 15471 78291.3
2 8101.51 32406.1 78710.3
5 8819.63 35278.5 79740.6
2 11192.6 44770.4 81729.9
5 11276.8 45107.3 82660.5
3 7967.55 7967.55 79798.4
2 13789.3 55157.1 85957
7 8296.9 16593.8 80247.8
5 12659.8 50639.3 84647.2
1 7262.75 14525.5 79346.2
0 6430.57 6430.57 78770
4 9230.79 18461.6 81704.4
6 9964.68 9964.68 82247.9
5 13802.3 55209.1 86774.2
1 8420.07 16840.1 81257.7
54
5 173.904 695.617 66071.9
4 315.065 630.131 66470
3 197.944 197.944 66247.5
2 2585.24 10341 68981.5
6 264.453 264.453 66771.6
0 361.4 361.4 66744.4
1 614.101 614.101 67021
7 2264.09 2264.09 68975.1
5 1446.16 5784.63 68046.5
4 1943.89 3887.77 68398.3
3 1239.61 1239.61 68188.2
0 2252.62 2252.62 69179.8
1 1853 3705.99 68831
5 2899.95 11599.8 70151.9
2 6434.01 25736 73827.2
4 2618.08 5236.15 70965.3
1 2727.58 5455.16 70767.6
7 2618.22 5236.45 71354.2
5 4147.46 16589.9 72393.5
5 6380.75 25523 74731.3
6 3143.36 3143.36 71706.9
3 1924.18 1924.18 70268.8
1 4207.68 8415.37 72894.9
0 2229.71 2229.71 71199.2
3 2905.31 2905.31 72010.9
4 4065.57 4065.57 73449.8
0 4515.51 4515.51 73975.8
7 4609.29 9218.57 73548.9
6 4634.43 4634.43 74272.7
3 4619.61 4619.61 74203.4
1 6280.42 6280.42 75996.5
4 5499.83 5499.83 75389.6
2 5288.64 21154.6 75780.1
7 6659.28 13318.6 77445.3
5 7070.58 14141.2 80341.6
4 7695.95 15391.9 78973.4
0 5637.88 5637.88 76789.8
2 6431.26 12862.5 77762.3
1 8753.16 17506.3 79969.2
7 7901.49 15803 79017.7
3 5736.54 5736.54 77034.4
2 8243.49 16487 79806.7
4 9328.93 18657.9 80867.6
6 5439.64 5439.64 77107.1
2 10036.1 40144.6 81809.6
7 9505.83 19011.7 81464.5
5 10274.7 41098.8 82155.8
0 6623.6 6623.6 78589.4
1 9877.14 19754.3 81976.2
2 13231.2 52924.9 85188
4 11165.7 22331.5 83908.6
5 13265.2 53060.8 86205.7
2 14203.9 56815.7 87213.6
7 10523.8 21047.5 83435.7
53
5 300.169 600.338 66177.7
4 246.727 493.454 66101.7
3 180.119 180.119 66180.4
2 296.525 1186.1 66213
0 415.675 415.675 66482.3
1 620.115 620.115 66255.4
5 2367.53 9470.11 68322.8
2 1964.45 7857.79 68162.3
6 522.827 522.827 66665.2
2 3917.42 15669.7 70206.6
7 2486.52 2486.52 68782.7
4 1699.99 1699.99 67910.3
3 2320.5 2320.5 68552
1 2462.38 4924.75 68755.7
4 4198.27 8396.53 70559.1
0 2309.38 2309.38 68888.7
6 4624.16 4624.16 71375.1
5 4083.42 4083.42 70726.8
3 4476.9 4476.9 71073.2
1 4508.94 4508.94 71355.9
2 5118.13 20472.5 72319.7
5 6821.77 27287.1 74080.2
7 4067.54 8135.09 71610
0 2762.9 2762.9 70997
4 4981.48 9962.95 73271
0 4345.03 4345.03 73340.2
1 5016.86 10033.7 74026.7
7 3974.93 7949.85 73443.8
2 4831.03 9662.06 74276.2
3 5460.13 5460.13 75332.7
4 4982.06 9964.11 74791.1
7 6541.53 13083.1 76570.7
5 6598.31 26393.3 77368.7
6 2149.34 2149.34 73640.1
1 6985.57 13971.1 78263
0 4497.14 4497.14 75649.1
2 4927.38 9854.76 76258.4
4 5367.15 10734.3 76583.2
2 6976.7 13953.4 78092.9
6 5696.08 5696.08 76994
7 6966.83 13933.7 78530
4 6844.3 13688.6 78383
3 8465.54 8465.54 80133
5 8008.32 32033.3 79781.8
2 8581.04 17162.1 80539.7
5 9832.95 39331.8 81714.1
0 5482.86 5482.86 77448.6
1 8162.11 16324.2 80261.2
2 11961.4 47845.4 83918.2
4 8681.1 17362.2 81423.9
5 12823.4 51293.8 85764
2 12934.1 51736.2 85943.7
7 7589.29 15178.6 80501.2
54
5 318.099 1272.39 66026.2
3 284.287 284.287 66139.7
4 356.744 713.487 66011.3
2 371.097 742.194 66334.5
1 415.465 830.93 66379.7
0 561.65 561.65 66639.5
6 2656.03 2656.03 69054.2
5 1755.65 7022.62 68257
2 3142.48 12569.9 69687.5
7 935.94 1871.88 67264
4 1186.63 2373.26 67558
3 1945.87 1945.87 68636.7
1 2024.69 4049.39 68386.1
7 3982.6 7965.21 70584.1
4 3338.66 6677.33 70512.4
5 4274.55 8549.09 71049.8
1 3625.14 7250.28 70996.2
0 1482.09 1482.09 68630.6
2 6489.84 25959.4 73708.9
4 5317.27 10634.5 72912.5
7 4945.88 9891.76 72566.1
0 4798.83 4798.83 74727.5
1 4674.83 9349.66 72589.5
5 4477.5 17910 72932.1
3 1976.14 1976.14 70591.9
7 5920.63 11841.3 75013.1
6 3558.95 3558.95 72539.7
3 3383.77 3383.77 72445.7
3 6626.15 6626.15 75933.2
6 6824.98 6824.98 76437.8
1 5515.69 5515.69 75173.6
4 7013.31 14026.6 76734.3
5 5330.07 5330.07 75330.4
2 5454.2 21816.8 75737.8
5 7655.83 30623.3 78147.1
7 6940.52 13881 77311.9
1 5964.49 11929 77513.2
0 5300.38 5300.38 76684.5
2 6368.57 6368.57 77899.9
3 8551.06 8551.06 79763.9
6 7843.87 7843.87 79408.5
0 6943.46 6943.46 78662.4
4 6647.6 6647.6 78562.9
7 8711.31 8711.31 80671.3
1 8367.2 8367.2 80483.9
2 8188.51 8188.51 80389.8
5 8620.65 34482.6 81149.6
4 7983.09 7983.09 80091.3
0 9176.99 9176.99 81538.4
6 9014.71 9014.71 81513.2
2 9973.58 39894.3 83121.5
4 9165.21 18330.4 82028.2
1 9582.22 19164.4 82571.5
7 9435.41 18870.8 82592.2
55
5 318.099 1272.39 66026.2
3 284.287 284.287 66139.7
4 356.744 713.487 66011.3
2 371.097 742.194 66334.5
1 415.465 830.93 66379.7
0 561.65 561.65 66639.5
6 2656.03 2656.03 69054.2
5 1755.65 7022.62 68257
2 3142.48 12569.9 69687.5
7 935.94 1871.88 67264
4 1186.63 2373.26 67558
3 1945.87 1945.87 68636.7
1 2024.69 4049.39 68386.1
7 3982.6 7965.21 70584.1
4 3338.66 6677.33 70512.4
5 4274.55 8549.09 71049.8
1 3625.14 7250.28 70996.2
0 1482.09 1482.09 68630.6
2 6489.84 25959.4 73708.9
4 5317.27 10634.5 72912.5
7 4945.88 9891.76 72566.1
0 4798.83 4798.83 74727.5
1 4674.83 9349.66 72589.5
5 4477.5 17910 72932.1
3 1976.14 1976.14 70591.9
7 5920.63 11841.3 75013.1
6 3558.95 3558.95 72539.7
3 3383.77 3383.77 72445.7
3 6626.15 6626.15 75933.2
6 6151.76 6151.76 75790.1
1 5441.95 5441.95 75025.8
4 4608.56 4608.56 74324.6
5 5280.56 5280.56 75170.3
2 5022.35 20089.4 75513.8
4 7435.01 14870 78221.1
7 7352.37 14704.7 80623.4
1 6750.14 13500.3 78027.6
0 5411.48 5411.48 76563.4
5 7311.53 14623.1 78642.6
2 6089.8 12179.6 77305.8
2 7961.7 15923.4 79077.9
6 7324.15 7324.15 78622
1 8508.76 17017.5 80072
4 8553.74 17107.5 80092.4
3 8300.8 8300.8 79968.2
5 8872.02 35488.1 80645.5
2 9566.04 19132.1 81524.7
5 10696.6 42786.6 82577.8
0 6397.2 6397.2 78363
1 9971.06 19942.1 82070.2
2 12946.4 51785.4 84903.2
4 10390.5 20781.1 83133.4
5 13687.1 54748.6 86627.7
2 13919.1 55676.2 86928.7
7 9541.27 19082.5 82453.2
52
5 318.099 1272.39 66026.2
3 284.287 284.287 66139.7
4 356.744 713.487 66011.3
2 371.097 742.194 66334.5
1 415.465 830.93 66379.7
0 561.65 561.65 66639.5
6 2656.03 2656.03 69054.2
5 1755.65 7022.62 68257
2 3142.48 12569.9 69687.5
7 935.94 1871.88 67264
4 1186.63 2373.26 67558
3 1945.87 1945.87 68636.7
1 2024.69 4049.39 68386.1
7 3982.6 7965.21 70584.1
4 3338.66 6677.33 70512.4
5 4274.55 8549.09 71049.8
1 3625.14 7250.28 70996.2
0 1482.09 1482.09 68630.6
2 6489.84 25959.4 73708.9
0 3482.39 3482.39 71388.7
4 5632.47 11264.9 73223.4
3 2986.12 2986.12 71377.8
7 5390.51 10781 73361.8
6 3030.89 3030.89 71426
1 5554.44 11108.9 74039.5
5 4098.34 4098.34 72862.4
3 5144.66 5144.66 73885.2
0 4181.52 4181.52 73794.4
6 3871.38 3871.38 73529.3
5 5215.3 10430.6 74936.3
4 5621.36 5621.36 75621.7
2 5454.2 21816.8 75737.8
5 7221.16 28884.6 77712.5
7 4915.2 9830.39 75286.6
1 4830.44 9660.88 76379.1
6 4568.71 4568.71 75952.9
0 5065.31 5065.31 76596.6
3 4222.03 4222.03 75434.9
7 7181.07 7181.07 78745.7
3 5704.63 5704.63 77423.6
4 5727.55 5727.55 77642.8
2 5798.7 5798.7 77758.7
6 5853.54 5853.54 77970.2
1 7171.23 7171.23 79372.5
5 8185.99 32743.9 80714.9
0 6556.11 6556.11 78664.3
3 7938.16 7938.16 80299.5
4 6934.21 6934.21 79432.7
2 7525.14 30100.6 80673.1
7 7926.74 15853.5 80789.7
1 8470.83 16941.7 81460.1
4 8601.47 17202.9 81758.2
38
5 173.904 695.617 66071.9
4 315.065 630.131 66470
3 197.944 197.944 66247.5
2 2585.24 10341 68981.5
6 264.453 264.453 66771.6
0 361.4 361.4 66744.4
1 614.101 614.101 67021
7 2264.09 2264.09 68975.1
5 1446.16 5784.63 68046.5
4 1943.89 3887.77 68398.3
3 1239.61 1239.61 68188.2
0 2252.62 2252.62 69179.8
1 1853 3705.99 68831
5 2899.95 11599.8 70151.9
2 6434.01 25736 73827.2
4 3811.78 7623.56 71354.2
6 3296.33 3296.33 71530.5
1 2090.49 4180.98 70380
3 847.412 847.412 69842.6
7 3023.99 6047.99 72033.9
0 1884.67 1884.67 71497.5
3 1742.47 1742.47 71400.4
5 2504.81 5009.62 72225.8
1 2349.15 2349.15 72349.5
5 3971.11 15884.4 74254.7
2 6152.58 24610.3 76643.9
4 2907.64 5815.28 73279
5 4850.39 19401.5 76234.1
3 2075.18 2075.18 73906.1
5 6373.04 25492.2 78540.7
7 3742.84 7485.68 75693.7
2 8069.45 32277.8 80056.8
1 2318.95 4637.9 74402.4
0 2085.43 2085.43 74424.8
4 3488.73 6977.47 75962.3
6 2040.73 2040.73 74324
5 7926.66 31706.7 80898.6
1 3476.27 6952.54 76313.9
62
5 318.099 1272.39 66026.2
3 284.287 284.287 66139.7
4 356.744 713.487 66011.3
2 371.097 742.194 66334.5
1 415.465 830.93 66379.7
0 561.65 561.65 66639.5
6 2656.03 2656.03 69054.2
5 1755.65 7022.62 68257
2 3142.48 12569.9 69687.5
7 935.94 1871.88 67264
4 1186.63 2373.26 67558
3 1945.87 1945.87 68636.7
1 2024.69 4049.39 68386.1
7 3982.6 7965.21 70584.1
4 3338.66 6677.33 70512.4
5 4274.55 8549.09 71049.8
1 3625.14 7250.28 70996.2
0 1482.09 1482.09 68630.6
2 6489.84 25959.4 73708.9
0 3482.39 3482.39 71388.7
4 5632.47 11264.9 73223.4
3 2986.12 2986.12 71377.8
7 5390.51 10781 73361.8
6 3030.89 3030.89 71426
1 5554.44 11108.9 74039.5
5 4098.34 4098.34 72862.4
3 5144.66 5144.66 73885.2
5 5756.75 23027 75531
2 6252.87 25011.5 75955.6
0 3911.55 3911.55 73224
4 5838.83 11677.7 75664.9
7 6403.02 12806 76249.5
1 6811.47 13622.9 76991
5 8242.5 16485 78094.7
6 3780.06 3780.06 74248.8
0 5073.06 5073.06 75466.1
3 7791.42 7791.42 78586.6
4 8457.71 16915.4 78974.1
2 7771.51 15543 78327.3
5 9227.48 36909.9 79836.3
2 9716.71 38866.8 80637.6
5 12318.6 49274.3 82855.9
7 7267.53 14535.1 78331.7
1 9250.36 18500.7 80739.8
6 6423.49 6423.49 77958.2
0 6292.98 6292.98 77767.2
0 7936.78 7936.78 79330.3
6 8511.59 8511.59 80338.9
7 8432.93 8432.93 79860.1
4 9178.25 18356.5 80945.8
2 11028.5 44114.1 82969.4
5 14975.7 59902.8 86957.4
7 9976.7 19953.4 81693.3
2 13205.4 52821.5 85194.3
3 11292.4 11292.4 83166.6
1 10682.8 21365.6 83118.9
4 10633.4 21266.9 82928.7
2 16014.7 64059 88578.7
0 9089.04 9089.04 82081
6 10264.9 10264.9 82805.3
7 11066.2 22132.3 83711.8
0 11870.6 11870.6 84637.4
55
5 318.099 1272.39 66026.2
3 284.287 284.287 66139.7
4 356.744 713.487 66011.3
2 371.097 742.194 66334.5
1 415.465 830.93 66379.7
0 561.65 561.65 66639.5
6 2656.03 2656.03 69054.2
5 1755.65 7022.62 68257
2 3142.48 12569.9 69687.5
7 935.94 1871.88 67264
4 1186.63 2373.26 67558
3 1945.87 1945.87 68636.7
1 2024.69 4049.39 68386.1
7 3982.6 7965.21 70584.1
4 3338.66 6677.33 70512.4
5 4274.55 8549.09 71049.8
1 3625.14 7250.28 70996.2
0 1482.09 1482.09 68630.6
2 6489.84 25959.4 73708.9
0 3482.39 3482.39 71388.7
4 5632.47 11264.9 73223.4
3 2986.12 2986.12 71377.8
7 5390.51 10781 73361.8
6 3030.89 3030.89 71426
1 5554.44 11108.9 74039.5
5 4098.34 4098.34 72862.4
3 5144.66 5144.66 73885.2
0 4076.91 4076.91 73386.2
5 6665.11 13330.2 75874
6 4225.53 4225.53 73945.9
2 5831.69 23326.8 76395.9
4 5354.12 5354.12 75334
5 8863.46 35453.9 78868.3
7 4941.1 4941.1 75102.4
1 5055.94 10111.9 75652.3
7 7152.07 14304.1 78216.3
4 5764.16 11528.3 77253.6
0 4881.93 4881.93 76416.7
3 4241.39 4241.39 75715.6
6 4115.48 4115.48 75509.1
6 5593.96 5593.96 77421.3
1 6292.83 6292.83 77720
2 7567.04 15134.1 79334.6
5 9264.55 37058.2 81205.4
2 9520.55 38082.2 81502.3
4 7886.43 15772.9 79603
5 11441.4 45765.6 83430.3
3 5369.82 5369.82 77244
1 7693.5 15387 80129.6
7 7751.49 15503 80046.7
2 11296.2 45184.8 83860.1
0 6377.53 6377.53 79369.5
3 6707.38 6707.38 79247.7
4 8975.89 17951.8 81621.6
6 6761.35 6761.35 79528.2
61
5 318.099 1272.39 66026.2
3 284.287 284.287 66139.7
4 356.744 713.487 66011.3
2 371.097 742.194 66334.5
1 415.465 830.93 66379.7
0 561.65 561.65 66639.5
6 2656.03 2656.03 69054.2
5 1755.65 7022.62 68257
2 3142.48 12569.9 69687.5
7 935.94 1871.88 67264
4 1186.63 2373.26 67558
3 1945.87 1945.87 68636.7
1 2024.69 4049.39 68386.1
7 3982.6 7965.21 70584.1
4 3338.66 6677.33 70512.4
5 4274.55 8549.09 71049.8
1 3625.14 7250.28 70996.2
0 1482.09 1482.09 68630.6
2 6489.84 25959.4 73708.9
5 4635.84 18543.4 72832.3
4 4580.69 9161.39 72558.3
7 4187.34 8374.68 73161.9
0 1787.58 1787.58 70663.8
3 2017.15 2017.15 71009.6
1 3810.22 7620.45 73044.3
4 5201.07 10402.1 74619.9
5 5726.63 22906.5 75500.9
2 6252.87 25011.5 75955.6
6 1677.72 1677.72 70990.2
1 5598.34 11196.7 75424.4
7 5649.27 11298.5 75495.7
4 6741.39 13482.8 76920.9
1 8722.38 17444.8 78574.6
0 3147.79 3147.79 73616.5
6 2839.23 2839.23 73232.3
3 4368.7 4368.7 75163.9
7 7261.44 14522.9 77777.9
5 7316.81 14633.6 77872.6
2 7646.16 30584.6 78254.9
5 9262.01 37048 80182.9
2 10737.2 42949 81274.5
4 9681.44 19362.9 80745.6
7 8208.01 16416 79697.5
6 3709 3709 75243.7
0 6142.02 6142.02 77616.3
3 8382.83 8382.83 79776.4
6 5797.1 5797.1 77624.5
0 7717.46 7717.46 79144.7
1 8778.67 17557.3 80546.3
5 10573.8 42295.3 82514.7
2 13394.4 53577.5 85376.1
7 10330.3 20660.6 82046.8
5 12750.7 51002.6 84739.6
6 7817.95 7817.95 79692.2
1 10928.5 21857 83364.6
4 10280.9 20561.7 82576.1
5 15560 62240.1 88124
0 8903.35 8903.35 81895.3
6 9155.5 9155.5 81695.9
7 11419.7 22839.5 84065.4
3 8577.24 8577.24 81344.1
49
5 318.099 1272.39 66026.2
3 284.287 284.287 66139.7
4 356.744 713.487 66011.3
2 371.097 742.194 66334.5
1 415.465 830.93 66379.7
0 561.65 561.65 66639.5
6 2656.03 2656.03 69054.2
5 1755.65 7022.62 68257
2 3142.48 12569.9 69687.5
7 935.94 1871.88 67264
4 1186.63 2373.26 67558
3 1945.87 1945.87 68636.7
1 2024.69 4049.39 68386.1
7 3982.6 7965.21 70584.1
4 3338.66 6677.33 70512.4
5 4274.55 8549.09 71049.8
1 3625.14 7250.28 70996.2
0 1482.09 1482.09 68630.6
2 6489.84 25959.4 73708.9
4 4772.9 9545.79 72315.4
0 2504.82 2504.82 70739
7 3843.57 7687.13 72133.1
3 1514.52 1514.52 70509.7
1 4072.75 8145.49 73082.6
6 1981.75 1981.75 71620.1
3 3118.36 3118.36 72702.2
0 3763.26 3763.26 73479.3
5 3936.18 3936.18 73826
2 5022.35 20089.4 75513.8
7 3150.84 6301.68 73936.9
4 3622.82 7245.63 76893.8
1 5481.77 10963.5 77030.4
6 3166.45 3166.45 74550.6
3 4082.42 4082.42 75613.7
0 6097.21 6097.21 77310.1
5 5720.43 5720.43 77285.1
7 4626.57 4626.57 76345.5
6 4656.45 4656.45 76571.7
2 5381.75 5381.75 77341.7
3 5943.9 5943.9 78060.6
7 6280.75 6280.75 78482
5 7249.64 28998.6 79778.6
6 5991.94 5991.94 78100.1
4 7763.2 7763.2 80124.6
1 7207.19 7207.19 79705.7
2 7108.19 28432.7 80256.1
7 7663 15326 80526
1 8902.31 17804.6 81891.6
5 9456.68 18913.4 82613.4
55
5 173.904 695.617 66071.9
4 315.065 630.131 66470
3 197.944 197.944 66247.5
2 2585.24 10341 68981.5
6 264.453 264.453 66771.6
0 361.4 361.4 66744.4
1 614.101 614.101 67021
7 2264.09 2264.09 68975.1
5 1446.16 5784.63 68046.5
4 1943.89 3887.77 68398.3
3 1239.61 1239.61 68188.2
0 2252.62 2252.62 69179.8
1 1853 3705.99 68831
5 2899.95 11599.8 70151.9
2 6434.01 25736 73827.2
4 4772.8 9545.59 72368
1 3192.8 6385.61 70813.1
6 1268.15 1268.15 71196.8
7 3348.96 6697.93 71263.6
5 3736.46 14945.8 72191
3 1638.72 1638.72 70254.5
1 4167.55 8335.1 73260
0 3399.09 3399.09 72379.8
3 3046.35 3046.35 72108.2
6 5377.33 5377.33 74684.4
7 4769.16 4769.16 74382
3 4214.52 4214.52 73872.4
5 4543.95 9087.91 74265
4 6436.59 6436.59 76436.9
2 5676.78 22707.1 75960.4
5 6549.82 26199.3 77041.1
1 5187.44 10374.9 75558.8
2 6937.56 27750.2 77908.5
0 5182.32 5182.32 76343.8
5 8336.22 33344.9 79539.8
3 4936.76 4936.76 76174.6
7 5923.91 11847.8 77162
6 7418.64 7418.64 78669.1
1 7618.85 15237.7 78860.9
4 7151.01 14302 78605.1
3 6551.44 6551.44 77756.3
0 6807.84 6807.84 78147.9
7 7620.46 15240.9 79130.4
2 8270.9 16541.8 79748
5 10936.8 43747.1 82487.2
2 11125 44500 82755.1
5 12635.2 50540.9 84454.6
4 8565.22 17130.4 80585.4
2 14852.7 59410.7 86988.5
3 7594.84 7594.84 79757.7
1 8672.78 17345.6 80863.7
7 8626.69 17253.4 81117.7
0 7362.9 7362.9 79881.3
4 9657.2 19314.4 82468.1
6 7606.57 7606.57 80474
45
5 300.169 600.338 66177.7
4 246.727 493.454 66101.7
3 180.119 180.119 66180.4
2 296.525 1186.1 66213
0 415.675 415.675 66482.3
1 620.115 620.115 66255.4
5 2367.53 9470.11 68322.8
2 1964.45 7857.79 68162.3
6 522.827 522.827 66665.2
2 3917.42 15669.7 70206.6
7 2486.52 2486.52 68782.7
4 1699.99 1699.99 67910.3
3 2320.5 2320.5 68552
1 2462.38 4924.75 68755.7
4 4198.27 8396.53 70559.1
0 2309.38 2309.38 68888.7
6 4624.16 4624.16 71375.1
5 4083.42 4083.42 70726.8
3 4476.9 4476.9 71073.2
1 4508.94 4508.94 71355.9
2 5118.13 20472.5 72319.7
5 6821.77 27287.1 74080.2
7 4067.54 8135.09 71610
0 2762.9 2762.9 70997
4 4981.48 9962.95 73271
0 4345.03 4345.03 73340.2
1 5016.86 10033.7 74026.7
3 3720.94 3720.94 73359.3
6 3983.74 3983.74 73567.5
7 4007.36 4007.36 73723.5
2 5171.31 5171.31 75061.1
5 7573.99 30295.9 78065.4
4 4288.75 8577.5 75074.8
7 4562.15 9124.3 77833.1
2 7087.21 28348.8 78470.9
0 4015.01 4015.01 75845.9
5 7889.87 31559.5 80057.6
1 5735.7 11471.4 77686.6
2 8470.21 33880.9 80457.6
4 5399.06 10798.1 77482.5
3 3947.16 3947.16 76286.5
4 8665.6 17331.2 81139.2
6 4077.8 4077.8 76361.1
5 9443.5 37774 82415.4
1 6716.24 13432.5 79553.9
