38
7 240.539 240.539 65976.2
13 493.825 987.649 66626.7
17 832.851 1665.7 67597.1
14 1004.25 4016.99 67650.8
15 599.391 599.391 67586.3
2 809.33 3237.32 67373.2
8 474.866 474.866 67375.4
16 1136.21 2272.42 68220.7
6 857.373 857.373 67747.1
5 2087.88 4175.76 69089.8
1 223.211 446.422 67701.7
11 1297.43 1297.43 68774.9
4 1244.46 2488.92 68744.1
12 299.328 299.328 67886.8
10 168.496 336.992 68391
7 1313.55 1313.55 70271.2
13 1219.72 1219.72 69737.1
0 571.952 571.952 69170.3
8 2715.75 5431.5 71867.7
9 787.838 787.838 69969.9
14 1309.05 5236.19 70529.7
1 1320.42 2640.85 70231.4
2 1408.73 5634.9 71182.4
17 960.01 3840.04 71227.9
10 2656.47 5312.93 72660.8
16 2151.39 4302.77 72207.4
6 565.149 565.149 70947.6
11 2877.89 5755.78 73791.8
4 2982.37 5964.74 73813.1
1 1601.2 3202.41 72662.6
14 2415.88 4831.76 73678.3
12 404.286 404.286 71775.3
15 2125.89 2125.89 73747.8
5 1921.18 7684.73 73672.5
13 920.829 1841.66 72874.4
0 492.27 492.27 72437.3
3 171.162 171.162 72203
7 2304.49 2304.49 75411.3
39
8 585.398 585.398 66612.1
13 491.976 983.951 66210.2
17 936.278 1872.56 67267
7 858.32 858.32 66906.1
1 125.097 125.097 66440.3
16 544.787 1089.57 67257.6
2 703.159 2812.64 67021.6
14 1621.03 6484.12 68156.2
5 1567.46 3134.92 68118
9 735.664 735.664 67635.8
11 469.742 1878.97 67615
15 310.004 310.004 67188.5
0 582.558 582.558 67797.9
4 404.193 808.386 67777.4
12 411.418 411.418 68505.9
3 203.955 203.955 68187.3
10 307.202 307.202 68475.7
13 467.447 934.894 68884.3
8 2737.3 10949.2 71334
1 532.641 1065.28 69828.6
6 2205.93 2205.93 71161
11 1420.85 5683.41 70370.2
7 1609.28 3218.56 71513.4
15 1083.86 1083.86 70423.3
2 1258.94 1258.94 70811.8
16 911.851 911.851 70967.5
17 568.308 2273.23 70534
9 325.681 325.681 70536.2
0 189.297 189.297 70535.4
4 415.709 831.419 70700.7
5 1040.63 4162.52 71716.5
3 926.865 926.865 72062.7
13 1823.36 1823.36 72827.4
10 141.54 141.54 71707.3
14 194.043 388.087 71784
12 589.172 589.172 72631.4
1 2135.54 2135.54 74762.4
0 2240.53 2240.53 74439.7
17 1509.14 6036.56 74031.9
32
7 862.999 862.999 66774.5
14 226.224 452.447 66203.2
17 545.503 2182.01 66997.3
2 629.762 2519.05 67378.6
15 349.949 349.949 66532.3
9 509.471 509.471 67015.2
8 2532.54 5065.07 68740.5
1 661.773 661.773 66941.4
16 577.699 1155.4 67091.4
13 228.828 228.828 66896
4 394.373 788.747 68621.5
15 707.755 707.755 69390.8
11 478.575 1914.3 69028.7
14 996.89 996.89 69654.8
10 106.566 106.566 68872
13 443.553 443.553 69619
3 159.238 159.238 69509.9
9 1038.88 1038.88 70701.7
17 360.194 1440.78 70115.9
2 936.099 3744.4 71303.1
16 879.621 879.621 71189
0 522.057 522.057 70676.6
5 1832.88 7331.53 72720.5
1 579.294 579.294 71932.7
7 1877.38 3754.75 72870.9
6 1157.43 1157.43 72660.1
13 2128.32 2128.32 73750.2
11 518.277 2073.11 72269.6
4 356.744 713.487 72310.3
12 490.242 490.242 72435.3
3 171.162 171.162 72203
17 1117.66 1117.66 74224.5
33
7 862.711 862.711 66735.4
17 505.899 1011.8 67212.9
5 2032.44 4064.89 68750.3
1 256.355 512.711 67376.5
6 630.235 630.235 67386.9
16 335.074 670.148 67401.4
14 1018.55 1018.55 68042.9
12 287.843 287.843 67609
2 147.542 147.542 67735.1
13 407.061 814.123 68629.5
15 889.324 889.324 69847
0 1337.07 1337.07 69854.5
3 926.917 926.917 69525.2
8 2642.04 5284.09 71794
9 787.838 787.838 69969.9
11 471.735 1886.94 69692.4
4 415.709 831.419 69326.7
1 518.884 1037.77 70423.1
7 1034.44 1034.44 70373.9
12 1110.68 1110.68 70663.5
16 911.851 911.851 70967.5
2 154.032 616.13 70119.8
17 325.681 325.681 70536.2
10 698.526 698.526 71044.6
13 482.183 964.367 70767.2
14 931.892 3727.57 71607.7
6 1748.95 1748.95 72884.8
4 2365.45 2365.45 73987.3
2 876.125 3504.5 72627.4
11 541.506 1083.01 72495.1
3 716.477 716.477 72661.5
17 900.753 900.753 72932.6
13 658.117 658.117 73764.9
39
7 862.999 862.999 66774.5
14 226.224 452.447 66203.2
17 545.503 2182.01 66997.3
2 629.762 2519.05 67378.6
15 349.949 349.949 66532.3
9 509.471 509.471 67015.2
8 2532.54 5065.07 68740.5
1 661.773 661.773 66941.4
16 577.699 1155.4 67091.4
13 228.828 228.828 66896
12 299.328 299.328 67886.8
5 364.512 729.023 68587
13 815.759 815.759 69773.4
14 1185.28 1185.28 69702.7
0 571.952 571.952 69170.3
11 236.961 473.923 69388.9
15 317.711 317.711 69499.8
17 797.953 3191.81 70018.6
4 415.709 831.419 69326.7
9 1038.88 1038.88 70701.7
2 421.326 1685.3 70177
5 2090.21 8360.84 72457.2
16 879.621 879.621 71189
1 598.575 598.575 70753.1
2 2812.81 11251.2 73700.5
12 739.515 739.515 72093
7 1877.38 3754.75 72870.9
6 1157.43 1157.43 72660.1
10 778.487 1556.97 71807.8
4 1500.98 1500.98 72996.8
11 752.432 1504.86 72505.4
3 202.592 202.592 71834
17 1561.54 3123.08 73050.2
0 656.768 656.768 72551.1
14 1336.9 5347.6 73083.5
13 766.668 1533.34 73522.5
15 584.774 584.774 72888.4
8 3589 7178 75805.8
1 1971.39 1971.39 74912.2
39
8 585.398 585.398 66612.1
13 491.976 983.951 66210.2
17 936.278 1872.56 67267
7 858.32 858.32 66906.1
1 125.097 125.097 66440.3
16 544.787 1089.57 67257.6
2 703.159 2812.64 67021.6
14 1621.03 6484.12 68156.2
5 1567.46 3134.92 68118
9 735.664 735.664 67635.8
11 469.742 1878.97 67615
15 310.004 310.004 67188.5
0 582.558 582.558 67797.9
4 955.411 1910.82 69303.5
10 241.046 482.093 68115.4
3 170.988 170.988 68737.6
1 244.034 244.034 69105
13 567.996 567.996 69729.3
2 305.426 305.426 69667.4
11 623.235 623.235 70105.3
7 341.125 341.125 70136.3
0 494.121 494.121 70510.9
6 888.924 888.924 71301.8
15 819.883 819.883 71403
9 1099.84 1099.84 71748.3
1 143.486 143.486 70799.6
17 830.265 1660.53 71727.1
8 3205 6410 74410.8
12 664.946 664.946 72004.2
14 326.787 326.787 71883.9
5 376.067 376.067 72724.6
16 781.849 1563.7 72638.7
4 1537.33 3074.67 73881
7 1078.66 1078.66 76146.6
0 145.064 145.064 72753.7
1 161.333 322.665 72787.4
13 1096.83 2193.67 73539.9
10 125.04 125.04 72947.3
11 472.2 944.401 73188.7
29
7 862.711 862.711 66735.4
17 505.899 1011.8 67212.9
5 2032.44 4064.89 68750.3
1 256.355 512.711 67376.5
6 630.235 630.235 67386.9
16 335.074 670.148 67401.4
14 1018.55 1018.55 68042.9
12 287.843 287.843 67609
9 749.912 749.912 68625.7
13 483.702 483.702 69693.2
8 1392.39 5569.58 70497.2
15 181.47 181.47 69437
1 518.884 1037.77 70423.1
7 1034.44 1034.44 70373.9
0 1062.3 1062.3 70615.2
16 911.851 911.851 70967.5
2 154.032 616.13 70119.8
17 325.681 325.681 70536.2
12 381.717 381.717 70727.8
11 593.261 1186.52 70878.3
14 931.892 3727.57 71607.7
4 867.22 867.22 72003
6 569.621 569.621 71573.6
10 141.54 141.54 71707.3
2 650.404 1300.81 72240.3
9 1122.45 1122.45 73164.7
15 2081.73 2081.73 74708.6
3 2405.74 2405.74 74605
17 1511.31 6045.25 74034.1
35
8 585.398 585.398 66612.1
13 491.976 983.951 66210.2
17 936.278 1872.56 67267
7 858.32 858.32 66906.1
1 125.097 125.097 66440.3
16 544.787 1089.57 67257.6
2 703.159 2812.64 67021.6
14 1621.03 6484.12 68156.2
5 1567.46 3134.92 68118
9 735.664 735.664 67635.8
11 469.742 1878.97 67615
15 310.004 310.004 67188.5
0 582.558 582.558 67797.9
4 955.411 1910.82 69303.5
10 241.046 482.093 68115.4
3 170.988 170.988 68737.6
1 244.034 244.034 69105
13 567.996 567.996 69729.3
2 305.426 305.426 69667.4
11 1062.35 4249.38 70415.8
6 931.894 931.894 70750
15 98.2287 98.2287 69960.7
16 1215.41 2430.82 71684
7 678.332 678.332 71094.3
17 361.245 722.489 70798.8
8 932.724 1865.45 71307.7
10 1904.47 3808.95 72598.4
1 678.936 678.936 71779.7
0 2002.4 2002.4 73006.4
3 181.57 181.57 71747.3
14 194.043 388.087 71784
9 1122.45 1122.45 73164.7
15 2081.73 2081.73 74708.6
12 2207.29 2207.29 74406.5
2 1278.19 5112.77 73801
38
7 1218.82 1218.82 67132.4
9 596.136 596.136 66591.4
14 580.914 580.914 67207.4
16 537.447 537.447 67217.1
17 1109.18 2218.36 68093.3
1 568.027 568.027 67839.4
13 262.072 524.143 67661.2
5 1663.93 3327.86 68800.7
12 299.328 299.328 67886.8
2 119.111 238.221 68341.6
15 889.324 889.324 69847
6 1333.66 1333.66 69851.1
0 571.952 571.952 69170.3
8 2642.04 5284.09 71794
3 539.823 539.823 69721.9
11 471.735 1886.94 69692.4
4 415.709 831.419 69326.7
14 1255.89 5023.57 71029.6
2 1199.89 4799.57 71467.8
7 174.303 348.607 70178.6
16 1227.87 2455.75 71283.9
13 1729.2 1729.2 72111.6
1 2232.71 4465.41 73146.6
10 2052.17 4104.34 72882.9
17 358.336 716.673 71419.8
4 1583.39 3166.78 72845.8
9 936.487 936.487 72307.5
11 1097.41 4389.66 72327
5 2061.79 8247.16 73739.9
12 742.763 742.763 72365.4
0 258.429 258.429 72051.3
7 2527.81 2527.81 74249
17 3215.36 6430.72 74992.4
14 2170.28 8681.12 74219.2
3 2455.82 2455.82 74563.6
2 2601.49 10405.9 75555.5
6 971.687 971.687 73957.3
16 1812.03 3624.05 74915.9
36
7 862.999 862.999 66774.5
14 226.224 452.447 66203.2
17 545.503 2182.01 66997.3
2 629.762 2519.05 67378.6
15 349.949 349.949 66532.3
9 509.471 509.471 67015.2
8 2532.54 5065.07 68740.5
1 661.773 661.773 66941.4
16 577.699 1155.4 67091.4
13 228.828 228.828 66896
4 955.411 1910.82 69303.5
10 241.046 482.093 68115.4
3 170.988 170.988 68737.6
0 146.092 146.092 69007
14 521.79 521.79 69683.1
5 252.661 252.661 69614.6
17 1256.44 5025.77 70609.9
6 931.894 931.894 70750
13 78.7382 78.7382 69941.2
1 553.818 1107.64 71022.4
7 678.332 678.332 71094.3
16 361.245 722.489 70798.8
2 2133.68 4267.36 72508.6
11 1662.06 3324.12 72356
15 575.685 575.685 71676.5
5 664.903 2659.61 71894.4
14 1976.91 7907.62 73655
9 655.819 655.819 72278.5
0 258.429 258.429 72051.3
10 114.297 114.297 71835.5
13 908.188 1816.38 72685.2
8 3362.4 13449.6 75411.4
12 2051.71 2051.71 74159.4
17 2178.88 8715.54 75132.9
7 517.918 517.918 73503.5
16 558.306 1116.61 73662.2
32
7 1218.82 1218.82 67132.4
9 596.136 596.136 66591.4
14 580.914 580.914 67207.4
16 537.447 537.447 67217.1
17 1109.18 2218.36 68093.3
1 568.027 568.027 67839.4
13 262.072 524.143 67661.2
5 1663.93 3327.86 68800.7
4 394.373 788.747 68621.5
15 707.755 707.755 69390.8
2 184.612 738.45 68734.7
0 1178.95 1178.95 69836.9
10 106.566 106.566 68872
11 481.101 481.101 69656.5
3 159.238 159.238 69509.9
8 2256.2 9024.8 72029.9
14 260.861 1043.44 70528.8
7 174.303 348.607 70178.6
16 1227.87 2455.75 71283.9
6 565.149 565.149 70947.6
13 2200.17 4400.33 73114
2 1991.36 3982.72 72822.1
17 358.336 716.673 71419.8
1 1471.52 2943.05 72733.9
9 936.487 936.487 72307.5
12 2003.32 2003.32 73007.3
4 259.241 259.241 71825
10 658.305 1316.61 72248.2
3 804.052 804.052 72846.3
7 527.276 527.276 73154.1
15 2038 2038 74237.2
11 1217.57 4870.28 73740.3
41
7 862.999 862.999 66774.5
14 226.224 452.447 66203.2
17 545.503 2182.01 66997.3
2 629.762 2519.05 67378.6
15 349.949 349.949 66532.3
9 509.471 509.471 67015.2
8 2532.54 5065.07 68740.5
1 661.773 661.773 66941.4
16 577.699 1155.4 67091.4
13 228.828 228.828 66896
12 299.328 299.328 67886.8
5 364.512 729.023 68587
13 815.759 815.759 69773.4
14 1185.28 1185.28 69702.7
0 571.952 571.952 69170.3
11 236.961 473.923 69388.9
15 317.711 317.711 69499.8
17 797.953 3191.81 70018.6
4 415.709 831.419 69326.7
2 1414.06 5656.25 71187.7
5 1303.7 5214.82 71571.6
7 174.303 348.607 70178.6
16 1227.87 2455.75 71283.9
6 565.149 565.149 70947.6
1 2232.71 4465.41 73146.6
10 2052.17 4104.34 72882.9
4 382.288 764.575 71443.7
7 1672 3344 72934.4
9 936.487 936.487 72307.5
11 998.048 1996.1 72203.8
0 467.414 467.414 71806.7
3 425.754 425.754 71982.9
15 464.711 464.711 72813.2
17 960.611 1921.22 72817.4
14 1328.11 2656.23 73671.8
12 3197.72 3197.72 78265.7
13 339.516 339.516 72948.2
8 3051.71 6103.41 75677.7
4 1918.98 3837.97 74362
6 2919.17 2919.17 75741.4
5 1905.06 3810.11 74621.5
28
7 1218.82 1218.82 67132.4
9 596.136 596.136 66591.4
14 580.914 580.914 67207.4
16 537.447 537.447 67217.1
17 1109.18 2218.36 68093.3
1 568.027 568.027 67839.4
13 262.072 524.143 67661.2
5 1663.93 3327.86 68800.7
0 114.359 114.359 67990.2
15 563.195 563.195 69772.7
8 1392.39 5569.58 70497.2
11 322.621 322.621 69578.1
2 847.224 3388.9 70620.9
14 260.861 1043.44 70528.8
7 174.303 348.607 70178.6
16 1227.87 2455.75 71283.9
6 565.149 565.149 70947.6
13 2200.17 4400.33 73114
1 1669.2 3338.41 72500
17 358.336 716.673 71419.8
4 1511.51 3023.02 72773.9
9 936.487 936.487 72307.5
12 2307.41 2307.41 73929.3
11 518.277 2073.11 72269.6
7 2463.04 4926.08 74416.6
0 492.27 492.27 72437.3
3 171.162 171.162 72203
15 767.82 767.82 73874.6
37
7 1218.82 1218.82 67132.4
9 596.136 596.136 66591.4
14 580.914 580.914 67207.4
16 537.447 537.447 67217.1
17 1109.18 2218.36 68093.3
1 568.027 568.027 67839.4
13 262.072 524.143 67661.2
5 1663.93 3327.86 68800.7
11 580.993 1161.99 67954.2
0 264.774 264.774 68359.2
12 302.968 302.968 68286.3
2 153.221 153.221 68321.8
4 388.851 777.701 68805.7
8 2737.3 10949.2 71334
10 923.565 1847.13 70219.5
15 17.5808 17.5808 68972.7
2 2227.73 8910.94 71177.1
9 1038.88 1038.88 70701.7
14 924.554 3698.22 70680.2
11 1070.5 4282.01 71437.5
16 879.621 879.621 71189
1 598.575 598.575 70753.1
17 2124.22 8496.87 73011.9
13 559.589 559.589 71913
7 1877.38 3754.75 72870.9
6 1157.43 1157.43 72660.1
4 713.697 1427.39 71743
15 1342.93 1342.93 72838.8
5 969.6 1939.2 72722.6
3 202.592 202.592 71834
14 1575.94 3151.87 73064.6
12 480.921 480.921 72375.2
2 2547.61 10190.4 74294.2
1 1062.56 2125.11 73818.4
0 903.985 903.985 73207.6
10 822.3 1644.6 73039.1
9 2892.34 2892.34 75833.2
40
8 585.398 585.398 66612.1
13 491.976 983.951 66210.2
17 936.278 1872.56 67267
7 858.32 858.32 66906.1
1 125.097 125.097 66440.3
16 544.787 1089.57 67257.6
2 703.159 2812.64 67021.6
14 1621.03 6484.12 68156.2
5 1567.46 3134.92 68118
9 735.664 735.664 67635.8
11 469.742 1878.97 67615
15 310.004 310.004 67188.5
0 582.558 582.558 67797.9
4 394.373 788.747 68621.5
1 617.584 617.584 69300.6
8 2880.39 11521.6 71430.5
13 1045.11 1045.11 69703
10 106.566 106.566 68872
15 396.508 396.508 69571.9
3 159.238 159.238 69509.9
2 870.068 3480.27 70223.6
6 931.894 931.894 70750
12 121.873 121.873 69984.3
16 1215.41 2430.82 71684
7 678.332 678.332 71094.3
17 361.245 722.489 70798.8
11 1960.33 3920.66 72335.3
10 2022.87 4045.73 72716.8
4 800.924 800.924 71901.7
5 902.66 1805.32 71931.9
9 1527.82 1527.82 73023.7
14 685.146 1370.29 72438.1
3 202.592 202.592 71834
1 974.679 1949.36 72463.4
15 532.88 532.88 72427.2
2 1015.51 4062.04 72762.1
13 696.308 1392.62 73452.2
12 795.687 795.687 73099.3
7 2696.38 5392.77 74913.1
0 2014.29 2014.29 74955.1
31
7 862.711 862.711 66735.4
17 505.899 1011.8 67212.9
5 2032.44 4064.89 68750.3
1 256.355 512.711 67376.5
6 630.235 630.235 67386.9
16 335.074 670.148 67401.4
14 1018.55 1018.55 68042.9
12 287.843 287.843 67609
9 749.912 749.912 68625.7
13 483.702 483.702 69693.2
8 1392.39 5569.58 70497.2
15 181.47 181.47 69437
11 623.235 623.235 70105.3
7 341.125 341.125 70136.3
0 494.121 494.121 70510.9
6 888.924 888.924 71301.8
1 708.425 708.425 71291.5
16 1099.84 1099.84 71748.3
14 430.684 430.684 71086.8
17 830.265 1660.53 71727.1
2 157.19 628.76 71386.7
11 2341.27 9365.09 74019.4
15 535.589 535.589 72158.3
9 978.443 978.443 72771.3
4 217.397 217.397 71938.6
7 1209.17 2418.33 72986.2
5 1321.1 5284.4 73370.1
12 2051.71 2051.71 74159.4
8 2516.51 10066 75470.5
13 1473.02 1473.02 74458.6
10 316.391 632.781 73420.3
32
7 862.711 862.711 66735.4
17 505.899 1011.8 67212.9
5 2032.44 4064.89 68750.3
1 256.355 512.711 67376.5
6 630.235 630.235 67386.9
16 335.074 670.148 67401.4
14 1018.55 1018.55 68042.9
12 287.843 287.843 67609
9 749.912 749.912 68625.7
13 483.702 483.702 69693.2
8 1392.39 5569.58 70497.2
15 181.47 181.47 69437
16 1038.88 1038.88 70701.7
17 360.194 1440.78 70115.9
2 936.099 3744.4 71303.1
1 176.495 176.495 70485.8
0 522.057 522.057 70676.6
11 1632.03 6528.12 72519.7
14 501.615 501.615 71855.1
7 1877.38 3754.75 72870.9
6 1157.43 1157.43 72660.1
10 778.487 1556.97 71807.8
15 1342.93 1342.93 72838.8
4 360.445 720.891 72113.4
3 202.592 202.592 71834
17 1383.83 2767.66 72872.5
9 211.376 211.376 72105.7
5 1165.84 4663.36 72912.5
13 686.494 1372.99 73442.3
12 795.687 795.687 73099.3
1 803.839 1607.68 73020.6
0 2014.29 2014.29 74955.1
36
7 862.711 862.711 66735.4
17 505.899 1011.8 67212.9
5 2032.44 4064.89 68750.3
1 256.355 512.711 67376.5
6 630.235 630.235 67386.9
16 335.074 670.148 67401.4
14 1018.55 1018.55 68042.9
12 287.843 287.843 67609
2 147.542 147.542 67735.1
13 407.061 814.123 68629.5
15 889.324 889.324 69847
0 1337.07 1337.07 69854.5
3 926.917 926.917 69525.2
8 2642.04 5284.09 71794
9 787.838 787.838 69969.9
11 471.735 1886.94 69692.4
4 415.709 831.419 69326.7
16 838.883 838.883 70321
7 341.125 341.125 70136.3
2 593.55 593.55 70610.4
6 888.924 888.924 71301.8
1 708.425 708.425 71291.5
17 1099.84 1099.84 71748.3
14 430.684 430.684 71086.8
13 271.757 543.514 71168.6
11 1097.41 4389.66 72327
5 2630.68 10522.7 74308.8
4 625.691 625.691 72248.4
12 445.11 445.11 72238
10 114.297 114.297 71835.5
7 1209.17 2418.33 72986.2
2 1873.62 7494.46 73922.6
3 2237.89 2237.89 74345.6
14 1339.91 5359.64 74293.9
15 1498.93 1498.93 74484.6
16 579.748 1159.5 73683.6
29
7 1218.82 1218.82 67132.4
9 596.136 596.136 66591.4
14 580.914 580.914 67207.4
16 537.447 537.447 67217.1
17 1109.18 2218.36 68093.3
1 568.027 568.027 67839.4
13 262.072 524.143 67661.2
5 1663.93 3327.86 68800.7
4 394.373 788.747 68621.5
15 707.755 707.755 69390.8
2 184.612 738.45 68734.7
0 1178.95 1178.95 69836.9
10 106.566 106.566 68872
11 481.101 481.101 69656.5
3 159.238 159.238 69509.9
13 767.201 767.201 70249.3
7 341.125 341.125 70136.3
12 649.329 649.329 70666.2
6 888.924 888.924 71301.8
1 708.425 708.425 71291.5
9 1099.84 1099.84 71748.3
14 430.684 430.684 71086.8
16 830.265 1660.53 71727.1
8 672.022 672.022 72293.9
17 755.612 3022.45 72506.9
7 2463.04 4926.08 74416.6
11 612.454 612.454 72557.5
2 145.807 145.807 72177.6
15 767.82 767.82 73874.6
34
7 862.711 862.711 66735.4
17 505.899 1011.8 67212.9
5 2032.44 4064.89 68750.3
1 256.355 512.711 67376.5
6 630.235 630.235 67386.9
16 335.074 670.148 67401.4
14 1018.55 1018.55 68042.9
12 287.843 287.843 67609
2 147.542 147.542 67735.1
13 407.061 814.123 68629.5
15 889.324 889.324 69847
0 1337.07 1337.07 69854.5
3 926.917 926.917 69525.2
8 2642.04 5284.09 71794
9 787.838 787.838 69969.9
11 471.735 1886.94 69692.4
4 415.709 831.419 69326.7
2 847.224 3388.9 70620.9
17 398.07 1592.28 70666
7 174.303 348.607 70178.6
16 1227.87 2455.75 71283.9
6 565.149 565.149 70947.6
13 2200.17 4400.33 73114
1 1669.2 3338.41 72500
10 154.774 309.548 71216.2
14 1036.09 2072.17 72298.5
12 404.286 404.286 71775.3
4 2136.92 2136.92 73140.9
7 2766.41 2766.41 74332.2
11 573.904 1147.81 72163.8
3 975.412 975.412 73017.7
5 2488.7 2488.7 75115.6
15 2292.07 2292.07 74491.3
17 2201.37 8805.48 74724.1
34
7 862.711 862.711 66735.4
17 505.899 1011.8 67212.9
5 2032.44 4064.89 68750.3
1 256.355 512.711 67376.5
6 630.235 630.235 67386.9
16 335.074 670.148 67401.4
14 1018.55 1018.55 68042.9
12 287.843 287.843 67609
2 147.542 147.542 67735.1
13 407.061 814.123 68629.5
15 889.324 889.324 69847
0 1337.07 1337.07 69854.5
3 926.917 926.917 69525.2
8 2642.04 5284.09 71794
9 787.838 787.838 69969.9
11 471.735 1886.94 69692.4
4 415.709 831.419 69326.7
1 518.884 1037.77 70423.1
7 1034.44 1034.44 70373.9
12 1110.68 1110.68 70663.5
16 911.851 911.851 70967.5
2 154.032 616.13 70119.8
17 325.681 325.681 70536.2
10 698.526 698.526 71044.6
13 482.183 964.367 70767.2
14 931.892 3727.57 71607.7
6 1748.95 1748.95 72884.8
4 2136.92 2136.92 73140.9
2 554.709 554.709 72120.5
11 573.904 1147.81 72163.8
3 975.412 975.412 73017.7
17 2515.3 2515.3 75142.2
5 2509.16 2509.16 74708.4
14 1877.02 7508.07 74399.8
31
7 862.711 862.711 66735.4
17 505.899 1011.8 67212.9
5 2032.44 4064.89 68750.3
1 256.355 512.711 67376.5
6 630.235 630.235 67386.9
16 335.074 670.148 67401.4
14 1018.55 1018.55 68042.9
12 287.843 287.843 67609
4 955.411 1910.82 69303.5
8 3204.71 6409.41 71079.1
9 520.432 520.432 69087.1
0 146.092 146.092 69007
13 567.996 567.996 69729.3
10 98.8026 98.8026 69460.8
2 847.224 3388.9 70620.9
11 208.147 832.587 70476.1
7 174.303 348.607 70178.6
17 1227.87 2455.75 71283.9
6 565.149 565.149 70947.6
16 2489.39 4978.77 73403.3
1 1669.2 3338.41 72500
14 761.583 1523.17 71823
10 1841.97 3683.93 73104.4
0 223.156 223.156 71594.2
15 1831.58 1831.58 72835.6
3 181.57 181.57 71747.3
7 1758.65 3517.31 73348.6
9 1122.45 1122.45 73164.7
12 2273.17 2273.17 74900
4 2297.53 2297.53 74496.7
5 1453.99 5815.95 73976.7
35
7 862.711 862.711 66735.4
17 505.899 1011.8 67212.9
5 2032.44 4064.89 68750.3
1 256.355 512.711 67376.5
6 630.235 630.235 67386.9
16 335.074 670.148 67401.4
14 1018.55 1018.55 68042.9
12 287.843 287.843 67609
4 394.373 788.747 68621.5
13 644.381 644.381 69327.4
2 184.612 738.45 68734.7
15 1088.23 1088.23 69746.2
9 309.414 309.414 69074.9
11 481.101 481.101 69656.5
10 125.627 125.627 69476.3
16 1038.88 1038.88 70701.7
17 360.194 1440.78 70115.9
8 2282.53 9130.14 72649.6
1 176.495 176.495 70485.8
0 522.057 522.057 70676.6
14 1365.76 5463.06 72253.4
12 739.515 739.515 72093
7 1877.38 3754.75 72870.9
6 1157.43 1157.43 72660.1
2 157.19 628.76 71386.7
11 1609.6 6438.39 73287.7
4 625.691 625.691 72248.4
9 978.443 978.443 72771.3
10 114.297 114.297 71835.5
13 1327.22 2654.44 73104.3
17 905.017 3620.07 72954
3 2237.89 2237.89 74345.6
5 1209.05 4836.21 74163.1
1 1475.08 1475.08 74460.7
2 618.197 1236.39 73722.1
32
7 1218.82 1218.82 67132.4
9 596.136 596.136 66591.4
14 580.914 580.914 67207.4
16 537.447 537.447 67217.1
17 1109.18 2218.36 68093.3
1 568.027 568.027 67839.4
13 262.072 524.143 67661.2
5 1663.93 3327.86 68800.7
0 114.359 114.359 67990.2
15 563.195 563.195 69772.7
8 1392.39 5569.58 70497.2
11 322.621 322.621 69578.1
13 767.201 767.201 70249.3
7 341.125 341.125 70136.3
0 494.121 494.121 70510.9
6 888.924 888.924 71301.8
1 708.425 708.425 71291.5
9 1099.84 1099.84 71748.3
14 430.684 430.684 71086.8
16 830.265 1660.53 71727.1
4 412.238 824.476 71618
12 664.946 664.946 72004.2
11 56.2088 56.2088 71613.4
17 388.856 388.856 72737.4
10 672.489 1344.98 72529.3
5 1544.34 3088.67 73888
7 1078.66 1078.66 76146.6
0 145.064 145.064 72753.7
2 313.572 627.144 72939.6
13 1215.01 2430.01 73658
3 147.995 147.995 72970.2
8 2480.05 4960.1 75196.5
35
8 585.398 585.398 66612.1
13 491.976 983.951 66210.2
17 936.278 1872.56 67267
7 858.32 858.32 66906.1
1 125.097 125.097 66440.3
16 544.787 1089.57 67257.6
2 703.159 2812.64 67021.6
14 1621.03 6484.12 68156.2
5 1567.46 3134.92 68118
9 735.664 735.664 67635.8
11 469.742 1878.97 67615
15 310.004 310.004 67188.5
0 582.558 582.558 67797.9
4 394.373 788.747 68621.5
1 617.584 617.584 69300.6
8 2880.39 11521.6 71430.5
13 1045.11 1045.11 69703
10 106.566 106.566 68872
15 396.508 396.508 69571.9
3 159.238 159.238 69509.9
16 1038.88 1038.88 70701.7
2 286.488 1145.95 70042.2
11 1045.73 4182.91 71412.8
9 879.621 879.621 71189
0 522.057 522.057 70676.6
17 1882.04 7528.18 72769.7
12 739.515 739.515 72093
7 1877.38 3754.75 72870.9
6 1157.43 1157.43 72660.1
14 1886.08 1886.08 73507.9
5 718.634 2874.54 72469.9
1 506.68 1013.36 72460.2
15 361.565 361.565 72306.6
2 145.807 145.807 72177.6
13 658.117 658.117 73764.9
37
8 585.398 585.398 66612.1
13 491.976 983.951 66210.2
17 936.278 1872.56 67267
7 858.32 858.32 66906.1
1 125.097 125.097 66440.3
16 544.787 1089.57 67257.6
2 703.159 2812.64 67021.6
14 1621.03 6484.12 68156.2
5 1567.46 3134.92 68118
9 735.664 735.664 67635.8
11 469.742 1878.97 67615
15 310.004 310.004 67188.5
0 582.558 582.558 67797.9
12 225.748 225.748 68101.6
1 442.753 442.753 69652.3
8 1392.39 5569.58 70497.2
15 181.47 181.47 69437
16 1038.88 1038.88 70701.7
2 286.488 1145.95 70042.2
11 1045.73 4182.91 71412.8
9 879.621 879.621 71189
0 522.057 522.057 70676.6
17 1882.04 7528.18 72769.7
13 559.589 559.589 71913
7 1877.38 3754.75 72870.9
6 1157.43 1157.43 72660.1
10 778.487 1556.97 71807.8
15 1342.93 1342.93 72838.8
4 360.445 720.891 72113.4
3 202.592 202.592 71834
14 269.335 538.671 71758
5 204.204 204.204 72098.5
2 154.676 618.706 71901.3
1 600.415 1200.83 73356.3
12 795.687 795.687 73099.3
8 3596.71 7193.43 75813.5
0 2014.29 2014.29 74955.1
37
7 240.539 240.539 65976.2
13 493.825 987.649 66626.7
17 832.851 1665.7 67597.1
14 1004.25 4016.99 67650.8
15 599.391 599.391 67586.3
2 809.33 3237.32 67373.2
8 474.866 474.866 67375.4
16 1136.21 2272.42 68220.7
6 857.373 857.373 67747.1
5 2087.88 4175.76 69089.8
1 223.211 446.422 67701.7
11 1297.43 1297.43 68774.9
4 1244.46 2488.92 68744.1
9 749.912 749.912 68625.7
7 1573.95 1573.95 70783.5
8 1528.1 6112.4 70632.9
13 253.09 253.09 69508.6
14 1178.74 4714.94 70532.2
12 1608.4 1608.4 71426.5
3 331.679 331.679 70194.1
1 553.818 1107.64 71022.4
6 1104.44 1104.44 71520.4
2 294.258 588.516 70731.8
17 2210.55 4421.11 72585.5
10 1904.47 3808.95 72598.4
15 575.685 575.685 71676.5
16 892.908 1785.82 71922.2
11 1316.56 1316.56 72812.4
13 327.223 654.445 72080.2
9 243.809 243.809 71875.2
4 965.323 1930.65 72454
0 656.768 656.768 72551.1
2 530.502 2122.01 72277.1
8 2992.42 5984.84 75748.3
3 934.984 934.984 73238.6
5 1000.85 2001.69 73217.6
14 1779.72 1779.72 74720.6
33
8 585.398 585.398 66612.1
13 491.976 983.951 66210.2
17 936.278 1872.56 67267
7 858.32 858.32 66906.1
1 125.097 125.097 66440.3
16 544.787 1089.57 67257.6
2 703.159 2812.64 67021.6
14 1621.03 6484.12 68156.2
5 1567.46 3134.92 68118
9 735.664 735.664 67635.8
11 469.742 1878.97 67615
15 310.004 310.004 67188.5
0 582.558 582.558 67797.9
12 225.748 225.748 68101.6
1 442.753 442.753 69652.3
8 1392.39 5569.58 70497.2
15 181.47 181.47 69437
2 870.068 3480.27 70223.6
6 931.894 931.894 70750
3 331.679 331.679 70194.1
16 1215.41 2430.82 71684
7 678.332 678.332 71094.3
17 361.245 722.489 70798.8
13 1802.29 3604.58 72177.2
11 1662.06 3324.12 72356
12 776.797 776.797 71877.6
0 2002.4 2002.4 73006.4
4 259.241 259.241 71825
14 194.043 388.087 71784
9 1122.45 1122.45 73164.7
15 2081.73 2081.73 74708.6
5 2350.08 2350.08 74549.3
2 1503.03 6012.11 74025.8
42
8 585.398 585.398 66612.1
13 491.976 983.951 66210.2
17 936.278 1872.56 67267
7 858.32 858.32 66906.1
1 125.097 125.097 66440.3
16 544.787 1089.57 67257.6
2 703.159 2812.64 67021.6
14 1621.03 6484.12 68156.2
5 1567.46 3134.92 68118
9 735.664 735.664 67635.8
11 469.742 1878.97 67615
15 310.004 310.004 67188.5
0 582.558 582.558 67797.9
4 394.373 788.747 68621.5
1 617.584 617.584 69300.6
8 2880.39 11521.6 71430.5
13 1045.11 1045.11 69703
10 106.566 106.566 68872
15 396.508 396.508 69571.9
3 159.238 159.238 69509.9
2 847.224 3388.9 70620.9
11 208.147 832.587 70476.1
7 174.303 348.607 70178.6
17 1227.87 2455.75 71283.9
6 565.149 565.149 70947.6
16 2489.39 4978.77 73403.3
4 1946.27 3892.53 72777
10 154.774 309.548 71216.2
5 1740.59 3481.18 73003
9 936.487 936.487 72307.5
14 920.164 1840.33 72125.9
0 467.414 467.414 71806.7
15 357.674 357.674 71914.8
3 605.309 605.309 72953.8
7 1747.85 3495.69 73604.7
1 1493.84 2987.69 73837.6
12 3197.72 3197.72 78265.7
13 323.651 323.651 72932.3
11 942.27 1884.54 73568.3
10 1761.64 3523.28 74204.7
6 2919.17 2919.17 75741.4
2 1430.51 2861.03 74147
43
7 240.539 240.539 65976.2
13 493.825 987.649 66626.7
17 832.851 1665.7 67597.1
14 1004.25 4016.99 67650.8
15 599.391 599.391 67586.3
2 809.33 3237.32 67373.2
8 474.866 474.866 67375.4
16 1136.21 2272.42 68220.7
6 857.373 857.373 67747.1
5 2087.88 4175.76 69089.8
1 223.211 446.422 67701.7
11 1297.43 1297.43 68774.9
4 1244.46 2488.92 68744.1
10 301.27 602.54 67674.4
9 928.292 928.292 69022.7
12 302.968 302.968 68286.3
3 215.186 215.186 68383.7
13 467.447 934.894 68884.3
8 3018 12072 71614.7
7 2201.02 4402.03 71497
0 373.663 373.663 69328.8
14 1681.3 6725.21 70630.6
2 1408.73 5634.9 71182.4
17 960.01 3840.04 71227.9
1 1858.69 3717.39 71863
10 1054.92 2109.84 71110.9
6 565.149 565.149 70947.6
13 2390.16 4780.33 73304
16 2308.98 4617.97 73139.8
11 545.907 1091.81 71607.4
4 2276.62 4553.23 73539
12 404.286 404.286 71775.3
5 2493.69 4987.37 73523
15 1342.93 1342.93 72838.8
14 2520.78 5041.57 74273.8
3 202.592 202.592 71834
11 2585.93 5171.86 74074.6
0 656.768 656.768 72551.1
17 2463.64 9854.57 74210.3
10 2492.08 4984.17 75247.9
9 815.236 815.236 73118.8
2 2067.08 4134.17 74283.8
6 737.725 737.725 73678.6
38
7 240.539 240.539 65976.2
13 493.825 987.649 66626.7
17 832.851 1665.7 67597.1
14 1004.25 4016.99 67650.8
15 599.391 599.391 67586.3
2 809.33 3237.32 67373.2
8 474.866 474.866 67375.4
16 1136.21 2272.42 68220.7
6 857.373 857.373 67747.1
5 2087.88 4175.76 69089.8
1 223.211 446.422 67701.7
11 1297.43 1297.43 68774.9
4 1244.46 2488.92 68744.1
10 301.27 602.54 67674.4
9 928.292 928.292 69022.7
12 302.968 302.968 68286.3
3 215.186 215.186 68383.7
13 467.447 934.894 68884.3
8 3018 12072 71614.7
7 2201.02 4402.03 71497
0 373.663 373.663 69328.8
14 1681.3 6725.21 70630.6
10 1112.89 2225.78 71017.1
6 1926.54 1926.54 71266
1 1281.27 1281.27 70834.1
2 543.496 543.496 70599.1
17 898.39 3593.56 70864.1
3 174.109 174.109 70384.6
12 381.717 381.717 70727.8
13 764.181 1528.36 71049.2
11 1019.6 4078.39 71695.4
15 564.347 564.347 71700.2
0 2320.43 2320.43 73942.3
17 1940.92 7763.7 73692.2
16 491.565 983.13 72445.1
4 673.027 673.027 72618
3 171.162 171.162 72203
9 1117.66 1117.66 74224.5
39
7 240.539 240.539 65976.2
13 493.825 987.649 66626.7
17 832.851 1665.7 67597.1
14 1004.25 4016.99 67650.8
15 599.391 599.391 67586.3
2 809.33 3237.32 67373.2
8 474.866 474.866 67375.4
16 1136.21 2272.42 68220.7
6 857.373 857.373 67747.1
5 2087.88 4175.76 69089.8
1 223.211 446.422 67701.7
11 1297.43 1297.43 68774.9
4 1244.46 2488.92 68744.1
7 2277.42 4554.84 70625.6
10 241.046 482.093 68115.4
9 520.432 520.432 69087.1
0 146.092 146.092 69007
13 567.996 567.996 69729.3
3 140.783 140.783 69502.8
8 2446.23 9784.93 71799.7
12 1608.4 1608.4 71426.5
14 441.253 441.253 70303.7
1 553.818 1107.64 71022.4
6 1104.44 1104.44 71520.4
2 294.258 588.516 70731.8
17 2210.55 4421.11 72585.5
10 1904.47 3808.95 72598.4
15 575.685 575.685 71676.5
11 462.832 1851.33 71692.4
14 1827.6 7310.42 73505.7
9 655.819 655.819 72278.5
16 978.443 978.443 72771.3
3 181.447 181.447 71902.6
4 1462.51 2925.03 73239.6
2 1303.02 5212.08 73352
0 2061.74 2061.74 74169.5
5 1548.52 6194.07 74502.5
13 1473.02 1473.02 74458.6
7 3050.67 6101.35 76154.6
38
7 240.539 240.539 65976.2
13 493.825 987.649 66626.7
17 832.851 1665.7 67597.1
14 1004.25 4016.99 67650.8
15 599.391 599.391 67586.3
2 809.33 3237.32 67373.2
8 474.866 474.866 67375.4
16 1136.21 2272.42 68220.7
6 857.373 857.373 67747.1
5 2087.88 4175.76 69089.8
1 223.211 446.422 67701.7
11 1297.43 1297.43 68774.9
4 1244.46 2488.92 68744.1
10 301.27 602.54 67674.4
9 928.292 928.292 69022.7
12 302.968 302.968 68286.3
3 215.186 215.186 68383.7
13 467.447 934.894 68884.3
8 3018 12072 71614.7
7 2201.02 4402.03 71497
0 373.663 373.663 69328.8
14 1681.3 6725.21 70630.6
2 1287.57 5150.28 70641.1
10 1687.97 1687.97 71506.1
6 2284.32 2284.32 72146.7
1 553.818 1107.64 71022.4
12 1495.23 1495.23 71911.2
17 379.185 758.37 70816.7
13 2017.29 4034.57 72392.2
16 2452.97 4905.95 73146.9
15 575.685 575.685 71676.5
3 2198.92 2198.92 73202.9
11 442.435 442.435 72008.2
4 775.47 1550.94 72365.4
0 391.137 391.137 72433.4
9 2361.9 2361.9 74988.8
17 2828.32 2828.32 75027.5
5 1793.45 7173.82 74316.2
39
7 240.539 240.539 65976.2
13 493.825 987.649 66626.7
17 832.851 1665.7 67597.1
14 1004.25 4016.99 67650.8
15 599.391 599.391 67586.3
2 809.33 3237.32 67373.2
8 474.866 474.866 67375.4
16 1136.21 2272.42 68220.7
6 857.373 857.373 67747.1
5 2087.88 4175.76 69089.8
1 223.211 446.422 67701.7
11 1297.43 1297.43 68774.9
4 1244.46 2488.92 68744.1
7 2277.42 4554.84 70625.6
10 241.046 482.093 68115.4
9 520.432 520.432 69087.1
0 146.092 146.092 69007
13 567.996 567.996 69729.3
3 140.783 140.783 69502.8
12 614.492 614.492 70277.3
14 764.118 3056.47 70519.8
2 936.099 3744.4 71303.1
1 176.495 176.495 70485.8
10 1024.14 1024.14 71178.7
8 1237.99 4951.96 72125.6
17 1021.35 1021.35 72374.8
16 1280.38 2560.76 72273.9
6 1157.43 1157.43 72660.1
11 462.832 1851.33 71692.4
14 2266.96 9067.85 73945.1
15 535.589 535.589 72158.3
9 978.443 978.443 72771.3
3 181.447 181.447 71902.6
4 1462.51 2925.03 73239.6
5 1660.57 6642.27 73709.5
0 2061.74 2061.74 74169.5
11 2267.08 9068.33 75221.1
13 1473.02 1473.02 74458.6
1 300.145 600.291 73404
42
8 585.398 585.398 66612.1
13 491.976 983.951 66210.2
17 936.278 1872.56 67267
7 858.32 858.32 66906.1
1 125.097 125.097 66440.3
16 544.787 1089.57 67257.6
2 703.159 2812.64 67021.6
14 1621.03 6484.12 68156.2
5 1567.46 3134.92 68118
9 735.664 735.664 67635.8
11 469.742 1878.97 67615
15 310.004 310.004 67188.5
0 582.558 582.558 67797.9
12 299.328 299.328 67886.8
10 168.496 336.992 68391
1 772.546 772.546 69730.2
13 1219.72 1219.72 69737.1
3 926.917 926.917 69525.2
8 2642.04 5284.09 71794
4 586.107 586.107 69768.2
11 592.003 2368.01 69812.6
7 2609.94 5219.88 71520.9
15 689.629 689.629 70171.7
6 921.172 921.172 70716.3
0 494.121 494.121 70510.9
12 1592.67 1592.67 72005.5
2 1051.33 1051.33 71634.4
9 1099.84 1099.84 71748.3
10 574.714 574.714 71230.9
17 830.265 1660.53 71727.1
16 560.112 1120.22 71765.9
14 1062.7 1062.7 72402
5 207.373 207.373 71764.5
11 223.091 223.091 72571.6
4 896.813 1793.63 72753.6
1 1831.71 3663.43 74175.4
3 3383.25 3383.25 78451.2
0 145.064 145.064 72753.7
13 264.58 529.16 72890.6
10 2179.76 4359.51 74622.8
15 502.399 502.399 73324.6
5 1233.15 2466.29 73949.6
39
8 585.398 585.398 66612.1
13 491.976 983.951 66210.2
17 936.278 1872.56 67267
7 858.32 858.32 66906.1
1 125.097 125.097 66440.3
16 544.787 1089.57 67257.6
2 703.159 2812.64 67021.6
14 1621.03 6484.12 68156.2
5 1567.46 3134.92 68118
9 735.664 735.664 67635.8
11 469.742 1878.97 67615
15 310.004 310.004 67188.5
0 582.558 582.558 67797.9
4 394.373 788.747 68621.5
1 617.584 617.584 69300.6
8 2880.39 11521.6 71430.5
13 1045.11 1045.11 69703
10 106.566 106.566 68872
15 396.508 396.508 69571.9
3 159.238 159.238 69509.9
11 623.235 623.235 70105.3
7 341.125 341.125 70136.3
0 494.121 494.121 70510.9
6 888.924 888.924 71301.8
12 909.416 909.416 71492.5
9 1099.84 1099.84 71748.3
2 448.751 448.751 71104.9
17 830.265 1660.53 71727.1
16 892.908 1785.82 71922.2
4 1500.98 1500.98 72996.8
10 299.713 599.426 72052.7
3 202.592 202.592 71834
14 269.335 538.671 71758
5 204.204 204.204 72098.5
11 1158.44 4633.76 72905.1
7 1579.66 3159.31 74335.5
15 584.774 584.774 72888.4
1 489.407 978.813 72706.2
13 1805.02 1805.02 74745.9
28
7 862.711 862.711 66735.4
17 505.899 1011.8 67212.9
5 2032.44 4064.89 68750.3
1 256.355 512.711 67376.5
6 630.235 630.235 67386.9
16 335.074 670.148 67401.4
14 1018.55 1018.55 68042.9
12 287.843 287.843 67609
9 749.912 749.912 68625.7
13 483.702 483.702 69693.2
8 1392.39 5569.58 70497.2
15 181.47 181.47 69437
1 518.884 1037.77 70423.1
7 1034.44 1034.44 70373.9
0 1062.3 1062.3 70615.2
16 911.851 911.851 70967.5
2 154.032 616.13 70119.8
17 325.681 325.681 70536.2
12 381.717 381.717 70727.8
11 593.261 1186.52 70878.3
14 931.892 3727.57 71607.7
4 867.22 867.22 72003
6 272 272 71893.9
2 876.125 3504.5 72627.4
10 242.65 485.301 72196.2
15 361.565 361.565 72306.6
3 171.162 171.162 72203
9 1117.66 1117.66 74224.5
32
7 1218.82 1218.82 67132.4
9 596.136 596.136 66591.4
14 580.914 580.914 67207.4
16 537.447 537.447 67217.1
17 1109.18 2218.36 68093.3
1 568.027 568.027 67839.4
13 262.072 524.143 67661.2
5 1663.93 3327.86 68800.7
0 114.359 114.359 67990.2
15 563.195 563.195 69772.7
8 1392.39 5569.58 70497.2
11 322.621 322.621 69578.1
13 767.201 767.201 70249.3
7 341.125 341.125 70136.3
0 494.121 494.121 70510.9
6 888.924 888.924 71301.8
1 708.425 708.425 71291.5
9 1099.84 1099.84 71748.3
14 430.684 430.684 71086.8
16 830.265 1660.53 71727.1
4 412.238 824.476 71618
12 664.946 664.946 72004.2
11 56.2088 56.2088 71613.4
17 388.856 388.856 72737.4
10 672.489 1344.98 72529.3
5 1544.34 3088.67 73888
7 1078.66 1078.66 76146.6
0 145.064 145.064 72753.7
2 313.572 627.144 72939.6
13 1215.01 2430.01 73658
3 147.995 147.995 72970.2
8 2480.05 4960.1 75196.5
38
7 240.539 240.539 65976.2
13 493.825 987.649 66626.7
17 832.851 1665.7 67597.1
14 1004.25 4016.99 67650.8
15 599.391 599.391 67586.3
2 809.33 3237.32 67373.2
8 474.866 474.866 67375.4
16 1136.21 2272.42 68220.7
6 857.373 857.373 67747.1
5 2087.88 4175.76 69089.8
1 223.211 446.422 67701.7
11 1297.43 1297.43 68774.9
4 1244.46 2488.92 68744.1
12 299.328 299.328 67886.8
10 168.496 336.992 68391
7 1313.55 1313.55 70271.2
13 1219.72 1219.72 69737.1
0 571.952 571.952 69170.3
8 2715.75 5431.5 71867.7
9 787.838 787.838 69969.9
14 1309.05 5236.19 70529.7
1 1320.42 2640.85 70231.4
12 614.492 614.492 70277.3
2 415.989 1663.96 70171.7
17 1798.94 7195.76 72166
3 621.273 621.273 70930.6
6 2553.54 2553.54 72708.1
11 2064.05 8256.22 72951.7
15 583.197 583.197 71936.6
10 940.909 1881.82 71934.4
16 1731.5 1731.5 73234.2
0 2062.28 2062.28 73066.3
2 606.605 606.605 72172.4
4 775.47 1550.94 72365.4
1 789.686 789.686 72832
14 1881.31 1881.31 74508.2
13 2127.89 2127.89 74327.1
5 1793.45 7173.82 74316.2
41
7 240.539 240.539 65976.2
13 493.825 987.649 66626.7
17 832.851 1665.7 67597.1
14 1004.25 4016.99 67650.8
15 599.391 599.391 67586.3
2 809.33 3237.32 67373.2
8 474.866 474.866 67375.4
16 1136.21 2272.42 68220.7
6 857.373 857.373 67747.1
5 2087.88 4175.76 69089.8
1 223.211 446.422 67701.7
11 1297.43 1297.43 68774.9
4 1244.46 2488.92 68744.1
7 2277.42 4554.84 70625.6
10 241.046 482.093 68115.4
9 520.432 520.432 69087.1
0 146.092 146.092 69007
13 567.996 567.996 69729.3
3 140.783 140.783 69502.8
8 2256.2 9024.8 72029.9
14 230.425 921.699 70498.4
2 2174.03 4348.06 72178.4
1 530.623 1061.25 70586.6
6 565.149 565.149 70947.6
10 2539.51 5079.02 73453.4
17 2055.47 4110.95 72886.3
16 366.848 733.696 71428.3
11 1372.5 2745 72634.9
0 223.156 223.156 71594.2
4 926.344 1852.69 72132.1
12 664.946 664.946 72004.2
9 241.28 241.28 71798.4
15 464.711 464.711 72813.2
13 592.217 1184.43 72449
14 1477.44 2954.88 73821.1
3 3383.25 3383.25 78451.2
1 449.726 449.726 73058.4
5 1057.85 2115.7 73683.9
16 2130.61 4261.22 74573.6
6 2919.17 2919.17 75741.4
7 2524.24 5048.47 75240.7
32
7 1218.82 1218.82 67132.4
9 596.136 596.136 66591.4
14 580.914 580.914 67207.4
16 537.447 537.447 67217.1
17 1109.18 2218.36 68093.3
1 568.027 568.027 67839.4
13 262.072 524.143 67661.2
5 1663.93 3327.86 68800.7
0 114.359 114.359 67990.2
15 563.195 563.195 69772.7
8 1392.39 5569.58 70497.2
11 322.621 322.621 69578.1
9 1038.88 1038.88 70701.7
2 286.488 1145.95 70042.2
14 872.932 3491.73 71240
16 879.621 879.621 71189
0 522.057 522.057 70676.6
17 2124.22 8496.87 73011.9
13 559.589 559.589 71913
1 430.907 861.814 71424.4
7 727.947 727.947 72230.6
2 590.365 2361.46 71819.9
11 1531.23 6124.92 73209.3
4 625.691 625.691 72248.4
12 445.11 445.11 72238
10 114.297 114.297 71835.5
5 1701.87 3403.75 73478.9
8 3370.11 13480.4 75419.1
6 453.065 453.065 72560.8
2 2287.22 9148.87 75241.2
15 1498.93 1498.93 74484.6
1 1025.14 2050.27 74129
39
7 240.539 240.539 65976.2
13 493.825 987.649 66626.7
17 832.851 1665.7 67597.1
14 1004.25 4016.99 67650.8
15 599.391 599.391 67586.3
2 809.33 3237.32 67373.2
8 474.866 474.866 67375.4
16 1136.21 2272.42 68220.7
6 857.373 857.373 67747.1
5 2087.88 4175.76 69089.8
1 223.211 446.422 67701.7
11 1297.43 1297.43 68774.9
4 1244.46 2488.92 68744.1
7 2103.96 4207.93 70331.1
0 757.846 757.846 69440.9
8 3306.1 13224.4 71856.2
13 1045.11 1045.11 69703
9 309.414 309.414 69074.9
12 601.972 601.972 69777.4
10 125.627 125.627 69476.3
3 979.734 979.734 70461.8
14 1628.34 1628.34 71423.5
2 593.55 593.55 70610.4
6 888.924 888.924 71301.8
1 708.425 708.425 71291.5
17 1099.84 1099.84 71748.3
15 208.017 208.017 70864.2
16 1033.78 2067.55 71930.6
11 668.787 1337.57 71698.1
9 1527.82 1527.82 73023.7
10 299.713 599.426 72052.7
12 612.649 612.649 72244
4 965.323 1930.65 72454
0 1184.26 1184.26 73078.6
2 1101.1 4404.39 72847.7
13 696.308 1392.62 73452.2
15 943.242 943.242 73246.8
5 1000.85 2001.69 73217.6
3 2570.23 2570.23 75511.1
34
7 862.711 862.711 66735.4
17 505.899 1011.8 67212.9
5 2032.44 4064.89 68750.3
1 256.355 512.711 67376.5
6 630.235 630.235 67386.9
16 335.074 670.148 67401.4
14 1018.55 1018.55 68042.9
12 287.843 287.843 67609
9 749.912 749.912 68625.7
13 483.702 483.702 69693.2
8 1392.39 5569.58 70497.2
15 181.47 181.47 69437
1 518.884 1037.77 70423.1
7 1034.44 1034.44 70373.9
0 1062.3 1062.3 70615.2
16 911.851 911.851 70967.5
2 154.032 616.13 70119.8
17 325.681 325.681 70536.2
12 381.717 381.717 70727.8
11 593.261 1186.52 70878.3
14 931.892 3727.57 71607.7
4 867.22 867.22 72003
10 307.532 615.065 71513.3
15 778.247 778.247 72117.5
9 241.28 241.28 71798.4
3 605.309 605.309 72953.8
2 560.518 1121.04 72417.3
13 1739.24 3478.48 74082.9
6 883.123 883.123 75951.1
17 896.716 896.716 73505.4
5 718.383 1436.77 73344.4
7 1312.64 2625.28 73755.7
12 404.678 404.678 73226.9
8 2480.05 4960.1 75196.5
43
7 240.539 240.539 65976.2
13 493.825 987.649 66626.7
17 832.851 1665.7 67597.1
14 1004.25 4016.99 67650.8
15 599.391 599.391 67586.3
2 809.33 3237.32 67373.2
8 474.866 474.866 67375.4
16 1136.21 2272.42 68220.7
6 857.373 857.373 67747.1
5 2087.88 4175.76 69089.8
1 223.211 446.422 67701.7
11 1297.43 1297.43 68774.9
4 1244.46 2488.92 68744.1
12 299.328 299.328 67886.8
10 168.496 336.992 68391
7 1313.55 1313.55 70271.2
13 1219.72 1219.72 69737.1
0 571.952 571.952 69170.3
8 2715.75 5431.5 71867.7
9 787.838 787.838 69969.9
14 1309.05 5236.19 70529.7
1 1320.42 2640.85 70231.4
2 1359.57 2719.15 71263.7
3 1439.17 1439.17 70778.7
12 1111.19 1111.19 70664
6 2251.05 2251.05 72306.7
17 898.39 3593.56 70864.1
15 752.876 752.876 70963.4
10 1049.33 1049.33 71395.4
16 1217.31 2434.63 71502.3
11 1019.6 4078.39 71695.4
0 1177.12 1177.12 72312.9
14 1912.01 7648.04 73141.5
17 2974.6 11898.4 74652.7
4 980.797 980.797 72603.5
1 827.251 827.251 72620.1
13 1444.3 1444.3 73165.5
7 2118.32 4236.65 73895.4
5 1660.57 6642.27 73709.5
15 2520.83 2520.83 74628.6
11 1732.14 6928.56 74686.2
9 1953.29 1953.29 74938.9
16 1200.81 2401.61 74304.7
33
7 1218.82 1218.82 67132.4
9 596.136 596.136 66591.4
14 580.914 580.914 67207.4
16 537.447 537.447 67217.1
17 1109.18 2218.36 68093.3
1 568.027 568.027 67839.4
13 262.072 524.143 67661.2
5 1663.93 3327.86 68800.7
12 299.328 299.328 67886.8
2 119.111 238.221 68341.6
15 889.324 889.324 69847
6 1333.66 1333.66 69851.1
0 571.952 571.952 69170.3
8 2642.04 5284.09 71794
3 539.823 539.823 69721.9
11 471.735 1886.94 69692.4
4 415.709 831.419 69326.7
14 1255.89 5023.57 71029.6
2 1199.89 4799.57 71467.8
7 174.303 348.607 70178.6
16 1227.87 2455.75 71283.9
13 1729.2 1729.2 72111.6
1 2232.71 4465.41 73146.6
10 2052.17 4104.34 72882.9
17 358.336 716.673 71419.8
4 1583.39 3166.78 72845.8
9 936.487 936.487 72307.5
12 2307.41 2307.41 73929.3
11 586.883 2347.53 72338.2
7 2463.04 4926.08 74416.6
0 492.27 492.27 72437.3
5 460.295 460.295 72492.1
3 775.452 775.452 73882.3
33
7 1218.82 1218.82 67132.4
9 596.136 596.136 66591.4
14 580.914 580.914 67207.4
16 537.447 537.447 67217.1
17 1109.18 2218.36 68093.3
1 568.027 568.027 67839.4
13 262.072 524.143 67661.2
5 1663.93 3327.86 68800.7
0 114.359 114.359 67990.2
15 563.195 563.195 69772.7
8 1392.39 5569.58 70497.2
11 322.621 322.621 69578.1
2 870.068 3480.27 70223.6
6 931.894 931.894 70750
3 331.679 331.679 70194.1
16 1215.41 2430.82 71684
7 678.332 678.332 71094.3
1 616.698 1233.4 71054.3
13 1802.29 3604.58 72177.2
14 1346.66 2693.32 72040.6
12 776.797 776.797 71877.6
4 412.238 824.476 71618
0 467.414 467.414 71806.7
11 56.2088 56.2088 71613.4
9 388.856 388.856 72737.4
17 781.849 1563.7 72638.7
5 1544.34 3088.67 73888
10 3376.4 3376.4 78444.3
3 567.132 567.132 73175.8
7 2157.77 4315.53 74783.8
2 1556.74 3113.48 73999.8
15 502.399 502.399 73324.6
8 2480.05 4960.1 75196.5
41
7 862.999 862.999 66774.5
14 226.224 452.447 66203.2
17 545.503 2182.01 66997.3
2 629.762 2519.05 67378.6
15 349.949 349.949 66532.3
9 509.471 509.471 67015.2
8 2532.54 5065.07 68740.5
1 661.773 661.773 66941.4
16 577.699 1155.4 67091.4
13 228.828 228.828 66896
11 580.993 1161.99 67954.2
0 264.774 264.774 68359.2
12 302.968 302.968 68286.3
3 215.186 215.186 68383.7
4 388.851 777.701 68805.7
14 371.54 1486.16 68968.2
10 923.565 1847.13 70219.5
15 17.5808 17.5808 68972.7
5 1540.48 6161.91 70489.8
17 1101.14 4404.56 70874.8
2 688.838 2755.35 70956.8
7 174.303 348.607 70178.6
16 1227.87 2455.75 71283.9
6 565.149 565.149 70947.6
13 2200.17 4400.33 73114
1 1669.2 3338.41 72500
4 284.409 568.817 71345.9
11 1327.48 2654.96 72589.9
9 936.487 936.487 72307.5
14 811.081 1622.16 72016.8
0 467.414 467.414 71806.7
15 357.674 357.674 71914.8
3 605.309 605.309 72953.8
7 1747.85 3495.69 73604.7
8 2254.03 4508.06 74597.7
12 3197.72 3197.72 78265.7
10 1049.55 1049.55 73658.2
4 1205.93 2411.85 73832
5 2337.91 4675.81 74780.9
6 2919.17 2919.17 75741.4
2 1402.16 2804.33 74118.6
29
7 1218.82 1218.82 67132.4
9 596.136 596.136 66591.4
14 580.914 580.914 67207.4
16 537.447 537.447 67217.1
17 1109.18 2218.36 68093.3
1 568.027 568.027 67839.4
13 262.072 524.143 67661.2
5 1663.93 3327.86 68800.7
4 394.373 788.747 68621.5
15 707.755 707.755 69390.8
2 184.612 738.45 68734.7
0 1178.95 1178.95 69836.9
10 106.566 106.566 68872
11 481.101 481.101 69656.5
3 159.238 159.238 69509.9
13 767.201 767.201 70249.3
7 341.125 341.125 70136.3
12 649.329 649.329 70666.2
6 888.924 888.924 71301.8
1 708.425 708.425 71291.5
9 1099.84 1099.84 71748.3
14 430.684 430.684 71086.8
16 830.265 1660.53 71727.1
8 672.022 672.022 72293.9
17 755.612 3022.45 72506.9
7 2463.04 4926.08 74416.6
11 612.454 612.454 72557.5
2 145.807 145.807 72177.6
15 767.82 767.82 73874.6
33
7 862.999 862.999 66774.5
14 226.224 452.447 66203.2
17 545.503 2182.01 66997.3
2 629.762 2519.05 67378.6
15 349.949 349.949 66532.3
9 509.471 509.471 67015.2
8 2532.54 5065.07 68740.5
1 661.773 661.773 66941.4
16 577.699 1155.4 67091.4
13 228.828 228.828 66896
4 394.373 788.747 68621.5
15 707.755 707.755 69390.8
11 478.575 1914.3 69028.7
14 996.89 996.89 69654.8
10 106.566 106.566 68872
13 443.553 443.553 69619
3 159.238 159.238 69509.9
5 1031.42 4125.67 70805.1
17 398.07 1592.28 70666
7 174.303 348.607 70178.6
16 1227.87 2455.75 71283.9
6 565.149 565.149 70947.6
2 2528.74 5057.48 73442.6
1 1669.2 3338.41 72500
4 284.409 568.817 71345.9
10 1639.52 3279.04 72901.9
9 936.487 936.487 72307.5
13 2128.32 2128.32 73750.2
11 518.277 2073.11 72269.6
7 2463.04 4926.08 74416.6
12 490.242 490.242 72435.3
3 171.162 171.162 72203
0 414.528 414.528 73521.3
34
7 862.711 862.711 66735.4
17 505.899 1011.8 67212.9
5 2032.44 4064.89 68750.3
1 256.355 512.711 67376.5
6 630.235 630.235 67386.9
16 335.074 670.148 67401.4
14 1018.55 1018.55 68042.9
12 287.843 287.843 67609
4 955.411 1910.82 69303.5
8 3204.71 6409.41 71079.1
9 520.432 520.432 69087.1
0 146.092 146.092 69007
13 567.996 567.996 69729.3
10 98.8026 98.8026 69460.8
11 623.235 623.235 70105.3
7 341.125 341.125 70136.3
2 593.55 593.55 70610.4
6 888.924 888.924 71301.8
1 708.425 708.425 71291.5
16 1099.84 1099.84 71748.3
14 430.684 430.684 71086.8
17 830.265 1660.53 71727.1
10 307.532 615.065 71513.3
0 467.414 467.414 71806.7
9 241.28 241.28 71798.4
15 464.711 464.711 72813.2
7 1747.85 3495.69 73604.7
4 1537.33 3074.67 73881
12 3197.72 3197.72 78265.7
13 323.651 323.651 72932.3
11 652.088 1304.18 73278.1
5 1225.63 2451.26 73668.7
3 147.995 147.995 72970.2
2 584.735 1169.47 73301.2
37
7 862.999 862.999 66774.5
14 226.224 452.447 66203.2
17 545.503 2182.01 66997.3
2 629.762 2519.05 67378.6
15 349.949 349.949 66532.3
9 509.471 509.471 67015.2
8 2532.54 5065.07 68740.5
1 661.773 661.773 66941.4
16 577.699 1155.4 67091.4
13 228.828 228.828 66896
4 955.411 1910.82 69303.5
10 241.046 482.093 68115.4
3 170.988 170.988 68737.6
0 146.092 146.092 69007
14 521.79 521.79 69683.1
5 252.661 252.661 69614.6
17 1256.44 5025.77 70609.9
6 931.894 931.894 70750
13 78.7382 78.7382 69941.2
1 553.818 1107.64 71022.4
7 678.332 678.332 71094.3
16 361.245 722.489 70798.8
2 2133.68 4267.36 72508.6
11 1662.06 3324.12 72356
15 575.685 575.685 71676.5
10 307.532 615.065 71513.3
0 467.414 467.414 71806.7
5 207.373 207.373 71764.5
9 388.856 388.856 72737.4
13 231.462 462.925 72088.3
4 1537.33 3074.67 73881
12 3197.72 3197.72 78265.7
3 567.132 567.132 73175.8
14 698.481 1396.96 73324.5
7 1246.31 2492.62 73689.3
8 3229.76 3229.76 76052
16 711.335 1422.67 73427.8
31
7 862.711 862.711 66735.4
17 505.899 1011.8 67212.9
5 2032.44 4064.89 68750.3
1 256.355 512.711 67376.5
6 630.235 630.235 67386.9
16 335.074 670.148 67401.4
14 1018.55 1018.55 68042.9
12 287.843 287.843 67609
13 470.635 941.269 67843.8
9 928.292 928.292 69022.7
2 150.675 150.675 68134
3 215.186 215.186 68383.7
11 566.842 1133.68 68983.7
8 2737.3 10949.2 71334
4 958.784 1917.57 70254.7
15 17.5808 17.5808 68972.7
17 2028.09 8112.36 70977.4
16 838.883 838.883 70321
7 341.125 341.125 70136.3
0 494.121 494.121 70510.9
6 888.924 888.924 71301.8
1 708.425 708.425 71291.5
13 499.122 499.122 71147.6
14 430.684 430.684 71086.8
10 626.701 1253.4 71523.5
15 2125.89 2125.89 73747.8
11 518.277 2073.11 72269.6
7 2463.04 4926.08 74416.6
12 490.242 490.242 72435.3
2 145.807 145.807 72177.6
9 1117.66 1117.66 74224.5
37
7 240.539 240.539 65976.2
13 493.825 987.649 66626.7
17 832.851 1665.7 67597.1
14 1004.25 4016.99 67650.8
15 599.391 599.391 67586.3
2 809.33 3237.32 67373.2
8 474.866 474.866 67375.4
16 1136.21 2272.42 68220.7
6 857.373 857.373 67747.1
5 2087.88 4175.76 69089.8
1 223.211 446.422 67701.7
11 1297.43 1297.43 68774.9
4 1244.46 2488.92 68744.1
9 749.912 749.912 68625.7
7 1573.95 1573.95 70783.5
8 1528.1 6112.4 70632.9
13 253.09 253.09 69508.6
12 900.727 900.727 70382.8
14 1628.34 1628.34 71423.5
0 494.121 494.121 70510.9
6 888.924 888.924 71301.8
1 708.425 708.425 71291.5
17 1099.84 1099.84 71748.3
15 208.017 208.017 70864.2
10 626.701 1253.4 71523.5
13 481.138 962.275 71686.9
2 709.4 709.4 72048.7
11 56.2088 56.2088 71613.4
9 388.856 388.856 72737.4
16 781.849 1563.7 72638.7
4 1537.33 3074.67 73881
3 3383.25 3383.25 78451.2
0 145.064 145.064 72753.7
8 3195.13 6390.25 75821.2
5 1557.18 3114.36 74000.2
15 502.399 502.399 73324.6
7 1942.5 3885.01 74659
35
8 585.398 585.398 66612.1
13 491.976 983.951 66210.2
17 936.278 1872.56 67267
7 858.32 858.32 66906.1
1 125.097 125.097 66440.3
16 544.787 1089.57 67257.6
2 703.159 2812.64 67021.6
14 1621.03 6484.12 68156.2
5 1567.46 3134.92 68118
9 735.664 735.664 67635.8
11 469.742 1878.97 67615
15 310.004 310.004 67188.5
0 582.558 582.558 67797.9
4 955.411 1910.82 69303.5
10 241.046 482.093 68115.4
3 170.988 170.988 68737.6
1 244.034 244.034 69105
13 567.996 567.996 69729.3
2 305.426 305.426 69667.4
11 1062.35 4249.38 70415.8
6 931.894 931.894 70750
15 98.2287 98.2287 69960.7
16 1215.41 2430.82 71684
7 678.332 678.332 71094.3
17 361.245 722.489 70798.8
8 932.724 1865.45 71307.7
10 1904.47 3808.95 72598.4
1 678.936 678.936 71779.7
0 2002.4 2002.4 73006.4
3 181.57 181.57 71747.3
14 194.043 388.087 71784
9 1122.45 1122.45 73164.7
15 2081.73 2081.73 74708.6
12 2207.29 2207.29 74406.5
2 1278.19 5112.77 73801
35
7 862.711 862.711 66735.4
17 505.899 1011.8 67212.9
5 2032.44 4064.89 68750.3
1 256.355 512.711 67376.5
6 630.235 630.235 67386.9
16 335.074 670.148 67401.4
14 1018.55 1018.55 68042.9
12 287.843 287.843 67609
4 955.411 1910.82 69303.5
8 3204.71 6409.41 71079.1
9 520.432 520.432 69087.1
0 146.092 146.092 69007
13 567.996 567.996 69729.3
10 98.8026 98.8026 69460.8
2 847.224 3388.9 70620.9
11 208.147 832.587 70476.1
7 174.303 348.607 70178.6
17 1227.87 2455.75 71283.9
6 565.149 565.149 70947.6
16 2489.39 4978.77 73403.3
1 1669.2 3338.41 72500
14 761.583 1523.17 71823
10 1841.97 3683.93 73104.4
0 223.156 223.156 71594.2
7 2125.78 4251.56 73155.1
15 1342.93 1342.93 72838.8
4 820.894 1641.79 72573.9
3 202.592 202.592 71834
13 1354.8 2709.6 72843.5
9 211.376 211.376 72105.7
5 1165.84 4663.36 72912.5
11 1398.52 2797.04 74154.4
12 795.687 795.687 73099.3
2 1505.58 3011.17 73722.3
6 737.725 737.725 73678.6
31
7 862.711 862.711 66735.4
17 505.899 1011.8 67212.9
5 2032.44 4064.89 68750.3
1 256.355 512.711 67376.5
6 630.235 630.235 67386.9
16 335.074 670.148 67401.4
14 1018.55 1018.55 68042.9
12 287.843 287.843 67609
9 749.912 749.912 68625.7
13 483.702 483.702 69693.2
8 1392.39 5569.58 70497.2
15 181.47 181.47 69437
11 623.235 623.235 70105.3
7 341.125 341.125 70136.3
0 494.121 494.121 70510.9
6 888.924 888.924 71301.8
1 708.425 708.425 71291.5
16 1099.84 1099.84 71748.3
14 430.684 430.684 71086.8
17 830.265 1660.53 71727.1
10 778.487 1556.97 71807.8
15 1342.93 1342.93 72838.8
4 360.445 720.891 72113.4
3 202.592 202.592 71834
2 715.518 1431.04 72204.2
9 211.376 211.376 72105.7
11 1158.44 4633.76 72905.1
7 1579.66 3159.31 74335.5
12 795.687 795.687 73099.3
13 582.916 1165.83 72799.7
0 2014.29 2014.29 74955.1
31
7 862.999 862.999 66774.5
14 226.224 452.447 66203.2
17 545.503 2182.01 66997.3
2 629.762 2519.05 67378.6
15 349.949 349.949 66532.3
9 509.471 509.471 67015.2
8 2532.54 5065.07 68740.5
1 661.773 661.773 66941.4
16 577.699 1155.4 67091.4
13 228.828 228.828 66896
0 114.359 114.359 67990.2
13 483.702 483.702 69693.2
14 1155.3 4621.2 70260.1
15 181.47 181.47 69437
11 870.433 3481.73 70644.1
5 377.796 1511.18 70645.7
7 174.303 348.607 70178.6
17 1227.87 2455.75 71283.9
6 565.149 565.149 70947.6
2 2528.74 5057.48 73442.6
1 1669.2 3338.41 72500
16 358.336 716.673 71419.8
4 1511.51 3023.02 72773.9
9 936.487 936.487 72307.5
0 2002.4 2002.4 73006.4
10 141.54 141.54 71707.3
7 1758.65 3517.31 73348.6
12 589.172 589.172 72631.4
15 2081.73 2081.73 74708.6
3 2405.74 2405.74 74605
8 2057.7 8230.82 74580.5
41
7 240.539 240.539 65976.2
13 493.825 987.649 66626.7
17 832.851 1665.7 67597.1
14 1004.25 4016.99 67650.8
15 599.391 599.391 67586.3
2 809.33 3237.32 67373.2
8 474.866 474.866 67375.4
16 1136.21 2272.42 68220.7
6 857.373 857.373 67747.1
5 2087.88 4175.76 69089.8
1 223.211 446.422 67701.7
11 1297.43 1297.43 68774.9
4 1244.46 2488.92 68744.1
7 2103.96 4207.93 70331.1
0 757.846 757.846 69440.9
8 3306.1 13224.4 71856.2
13 1045.11 1045.11 69703
9 309.414 309.414 69074.9
12 601.972 601.972 69777.4
10 125.627 125.627 69476.3
14 1178.74 4714.94 70532.2
3 1723.04 1723.04 71541.2
6 2284.32 2284.32 72146.7
1 553.818 1107.64 71022.4
2 1646.63 1646.63 72062.6
17 379.185 758.37 70816.7
16 2797.07 5594.13 73172
11 2265.08 4530.16 72959
15 575.685 575.685 71676.5
10 307.532 615.065 71513.3
9 1198.67 1198.67 72538
12 485.12 485.12 72042.3
4 409.886 409.886 72758.4
13 565.967 1131.93 72422.8
17 2259.01 4518.01 74602.7
0 3279.6 3279.6 78347.5
5 1167.63 1167.63 73776.3
14 1143.56 2287.12 73769.6
10 2058.72 4117.44 74501.7
7 3262.31 3262.31 76084.5
1 1233.23 2466.46 73949.7
42
8 585.398 585.398 66612.1
13 491.976 983.951 66210.2
17 936.278 1872.56 67267
7 858.32 858.32 66906.1
1 125.097 125.097 66440.3
16 544.787 1089.57 67257.6
2 703.159 2812.64 67021.6
14 1621.03 6484.12 68156.2
5 1567.46 3134.92 68118
9 735.664 735.664 67635.8
11 469.742 1878.97 67615
15 310.004 310.004 67188.5
0 582.558 582.558 67797.9
12 299.328 299.328 67886.8
10 168.496 336.992 68391
1 772.546 772.546 69730.2
13 1219.72 1219.72 69737.1
3 926.917 926.917 69525.2
8 2642.04 5284.09 71794
4 586.107 586.107 69768.2
11 592.003 2368.01 69812.6
7 2609.94 5219.88 71520.9
15 689.629 689.629 70171.7
6 921.172 921.172 70716.3
0 494.121 494.121 70510.9
12 1592.67 1592.67 72005.5
2 1051.33 1051.33 71634.4
9 1099.84 1099.84 71748.3
10 574.714 574.714 71230.9
17 830.265 1660.53 71727.1
16 560.112 1120.22 71765.9
14 1062.7 1062.7 72402
5 207.373 207.373 71764.5
11 223.091 223.091 72571.6
4 896.813 1793.63 72753.6
1 1831.71 3663.43 74175.4
3 3383.25 3383.25 78451.2
0 145.064 145.064 72753.7
13 264.58 529.16 72890.6
10 2179.76 4359.51 74622.8
15 502.399 502.399 73324.6
5 1233.15 2466.29 73949.6
27
7 1218.82 1218.82 67132.4
9 596.136 596.136 66591.4
14 580.914 580.914 67207.4
16 537.447 537.447 67217.1
17 1109.18 2218.36 68093.3
1 568.027 568.027 67839.4
13 262.072 524.143 67661.2
5 1663.93 3327.86 68800.7
0 114.359 114.359 67990.2
15 563.195 563.195 69772.7
8 1392.39 5569.58 70497.2
11 322.621 322.621 69578.1
9 1038.88 1038.88 70701.7
2 286.488 1145.95 70042.2
14 872.932 3491.73 71240
16 879.621 879.621 71189
0 522.057 522.057 70676.6
17 2124.22 8496.87 73011.9
13 559.589 559.589 71913
1 430.907 861.814 71424.4
7 727.947 727.947 72230.6
6 272 272 71893.9
11 518.277 2073.11 72269.6
4 356.744 713.487 72310.3
12 490.242 490.242 72435.3
2 145.807 145.807 72177.6
15 767.82 767.82 73874.6
32
7 862.711 862.711 66735.4
17 505.899 1011.8 67212.9
5 2032.44 4064.89 68750.3
1 256.355 512.711 67376.5
6 630.235 630.235 67386.9
16 335.074 670.148 67401.4
14 1018.55 1018.55 68042.9
12 287.843 287.843 67609
9 749.912 749.912 68625.7
13 483.702 483.702 69693.2
8 1392.39 5569.58 70497.2
15 181.47 181.47 69437
11 623.235 623.235 70105.3
7 341.125 341.125 70136.3
0 494.121 494.121 70510.9
6 888.924 888.924 71301.8
1 708.425 708.425 71291.5
16 1099.84 1099.84 71748.3
14 430.684 430.684 71086.8
17 830.265 1660.53 71727.1
4 412.238 824.476 71618
12 664.946 664.946 72004.2
9 241.28 241.28 71798.4
15 464.711 464.711 72813.2
10 672.489 1344.98 72529.3
2 1721.52 3443.04 74065.2
7 1078.66 1078.66 76146.6
0 145.064 145.064 72753.7
13 264.58 529.16 72890.6
5 1225.63 2451.26 73668.7
3 147.995 147.995 72970.2
8 2480.05 4960.1 75196.5
37
7 1218.82 1218.82 67132.4
9 596.136 596.136 66591.4
14 580.914 580.914 67207.4
16 537.447 537.447 67217.1
17 1109.18 2218.36 68093.3
1 568.027 568.027 67839.4
13 262.072 524.143 67661.2
5 1663.93 3327.86 68800.7
11 580.993 1161.99 67954.2
0 264.774 264.774 68359.2
12 302.968 302.968 68286.3
2 153.221 153.221 68321.8
4 388.851 777.701 68805.7
8 2737.3 10949.2 71334
10 923.565 1847.13 70219.5
15 17.5808 17.5808 68972.7
2 2227.73 8910.94 71177.1
14 1381.69 5526.75 70735.2
6 931.894 931.894 70750
3 331.679 331.679 70194.1
16 1215.41 2430.82 71684
7 678.332 678.332 71094.3
1 616.698 1233.4 71054.3
13 1802.29 3604.58 72177.2
11 1662.06 3324.12 72356
15 575.685 575.685 71676.5
17 892.908 1785.82 71922.2
4 1500.98 1500.98 72996.8
5 969.6 1939.2 72722.6
9 243.809 243.809 71875.2
7 2680.18 5360.36 74168.9
12 480.921 480.921 72375.2
14 2118.21 8472.83 73864.8
1 1075.86 2151.71 73831.7
0 903.985 903.985 73207.6
10 822.3 1644.6 73039.1
3 2147.42 2147.42 75088.3
37
7 862.999 862.999 66774.5
14 226.224 452.447 66203.2
17 545.503 2182.01 66997.3
2 629.762 2519.05 67378.6
15 349.949 349.949 66532.3
9 509.471 509.471 67015.2
8 2532.54 5065.07 68740.5
1 661.773 661.773 66941.4
16 577.699 1155.4 67091.4
13 228.828 228.828 66896
4 955.411 1910.82 69303.5
10 241.046 482.093 68115.4
3 170.988 170.988 68737.6
0 146.092 146.092 69007
14 521.79 521.79 69683.1
5 252.661 252.661 69614.6
1 518.884 1037.77 70423.1
7 1034.44 1034.44 70373.9
13 937.829 937.829 70490.7
9 911.851 911.851 70967.5
2 154.032 616.13 70119.8
16 325.681 325.681 70536.2
12 381.717 381.717 70727.8
11 593.261 1186.52 70878.3
17 304.57 1218.28 70980.4
15 564.347 564.347 71700.2
10 778.487 1556.97 71807.8
6 986.44 986.44 72482.3
5 479.408 958.815 72232.4
3 202.592 202.592 71834
2 818.299 1636.6 72307
0 656.768 656.768 72551.1
14 1317.28 5269.13 73063.9
4 837.012 1674.02 73592.9
16 1065.64 1065.64 73369.2
7 2762.71 5525.42 74979.5
12 1981.44 1981.44 74922.3
31
7 862.999 862.999 66774.5
14 226.224 452.447 66203.2
17 545.503 2182.01 66997.3
2 629.762 2519.05 67378.6
15 349.949 349.949 66532.3
9 509.471 509.471 67015.2
8 2532.54 5065.07 68740.5
1 661.773 661.773 66941.4
16 577.699 1155.4 67091.4
13 228.828 228.828 66896
4 955.411 1910.82 69303.5
10 241.046 482.093 68115.4
3 170.988 170.988 68737.6
0 146.092 146.092 69007
14 521.79 521.79 69683.1
5 252.661 252.661 69614.6
9 1038.88 1038.88 70701.7
17 360.194 1440.78 70115.9
2 936.099 3744.4 71303.1
16 879.621 879.621 71189
1 598.575 598.575 70753.1
11 1632.03 6528.12 72519.7
13 559.589 559.589 71913
7 1877.38 3754.75 72870.9
6 1157.43 1157.43 72660.1
15 2125.89 2125.89 73747.8
5 718.634 2874.54 72469.9
4 356.744 713.487 72310.3
12 490.242 490.242 72435.3
3 171.162 171.162 72203
17 1117.66 1117.66 74224.5
37
7 862.999 862.999 66774.5
14 226.224 452.447 66203.2
17 545.503 2182.01 66997.3
2 629.762 2519.05 67378.6
15 349.949 349.949 66532.3
9 509.471 509.471 67015.2
8 2532.54 5065.07 68740.5
1 661.773 661.773 66941.4
16 577.699 1155.4 67091.4
13 228.828 228.828 66896
4 955.411 1910.82 69303.5
10 241.046 482.093 68115.4
3 170.988 170.988 68737.6
0 146.092 146.092 69007
14 521.79 521.79 69683.1
5 252.661 252.661 69614.6
9 1038.88 1038.88 70701.7
17 360.194 1440.78 70115.9
2 936.099 3744.4 71303.1
16 879.621 879.621 71189
1 598.575 598.575 70753.1
11 1632.03 6528.12 72519.7
13 559.589 559.589 71913
7 1877.38 3754.75 72870.9
6 1157.43 1157.43 72660.1
10 307.532 615.065 71513.3
0 467.414 467.414 71806.7
5 207.373 207.373 71764.5
15 464.711 464.711 72813.2
4 603.735 1207.47 72460.6
17 1566.08 3132.16 73909.8
12 3197.72 3197.72 78265.7
3 567.132 567.132 73175.8
14 698.481 1396.96 73324.5
8 2061.11 4122.22 74504.1
1 669.517 669.517 73491.8
10 1067.22 2134.43 73783.7
38
7 862.999 862.999 66774.5
14 226.224 452.447 66203.2
17 545.503 2182.01 66997.3
2 629.762 2519.05 67378.6
15 349.949 349.949 66532.3
9 509.471 509.471 67015.2
8 2532.54 5065.07 68740.5
1 661.773 661.773 66941.4
16 577.699 1155.4 67091.4
13 228.828 228.828 66896
4 394.373 788.747 68621.5
15 707.755 707.755 69390.8
11 478.575 1914.3 69028.7
14 996.89 996.89 69654.8
10 106.566 106.566 68872
13 443.553 443.553 69619
3 159.238 159.238 69509.9
1 518.884 1037.77 70423.1
7 1034.44 1034.44 70373.9
0 1062.3 1062.3 70615.2
9 911.851 911.851 70967.5
2 154.032 616.13 70119.8
16 325.681 325.681 70536.2
12 381.717 381.717 70727.8
17 563.802 1127.6 70848.8
5 273.106 1092.43 70948.9
10 951.969 951.969 72087.8
11 668.787 1337.57 71698.1
6 986.44 986.44 72482.3
4 360.445 720.891 72113.4
3 202.592 202.592 71834
13 394.045 788.09 71882.7
2 405.318 405.318 72299.6
14 1289.02 5156.06 73035.6
16 1348.36 2696.72 74104.2
15 584.774 584.774 72888.4
5 736.39 1472.78 72953.1
7 506.098 506.098 73446.9
36
7 862.999 862.999 66774.5
14 226.224 452.447 66203.2
17 545.503 2182.01 66997.3
2 629.762 2519.05 67378.6
15 349.949 349.949 66532.3
9 509.471 509.471 67015.2
8 2532.54 5065.07 68740.5
1 661.773 661.773 66941.4
16 577.699 1155.4 67091.4
13 228.828 228.828 66896
4 955.411 1910.82 69303.5
10 241.046 482.093 68115.4
3 170.988 170.988 68737.6
0 146.092 146.092 69007
14 521.79 521.79 69683.1
5 252.661 252.661 69614.6
9 1038.88 1038.88 70701.7
17 360.194 1440.78 70115.9
2 936.099 3744.4 71303.1
16 879.621 879.621 71189
1 598.575 598.575 70753.1
11 1632.03 6528.12 72519.7
13 559.589 559.589 71913
7 1877.38 3754.75 72870.9
6 1157.43 1157.43 72660.1
5 664.903 2659.61 71894.4
17 2226.35 8905.39 73904.5
15 535.589 535.589 72158.3
0 258.429 258.429 72051.3
10 114.297 114.297 71835.5
4 1572.86 3145.71 73349.9
14 823.797 3295.19 72872.8
12 2051.71 2051.71 74159.4
8 2508.79 10035.2 75462.8
3 1866.88 1866.88 74852.5
1 300.145 600.291 73404
43
7 240.539 240.539 65976.2
13 493.825 987.649 66626.7
17 832.851 1665.7 67597.1
14 1004.25 4016.99 67650.8
15 599.391 599.391 67586.3
2 809.33 3237.32 67373.2
8 474.866 474.866 67375.4
16 1136.21 2272.42 68220.7
6 857.373 857.373 67747.1
5 2087.88 4175.76 69089.8
1 223.211 446.422 67701.7
11 1297.43 1297.43 68774.9
4 1244.46 2488.92 68744.1
10 301.27 602.54 67674.4
9 928.292 928.292 69022.7
12 302.968 302.968 68286.3
3 215.186 215.186 68383.7
13 467.447 934.894 68884.3
8 3018 12072 71614.7
7 2201.02 4402.03 71497
0 373.663 373.663 69328.8
14 1681.3 6725.21 70630.6
2 1287.57 5150.28 70641.1
10 1687.97 1687.97 71506.1
6 2284.32 2284.32 72146.7
1 553.818 1107.64 71022.4
12 1495.23 1495.23 71911.2
17 379.185 758.37 70816.7
13 2017.29 4034.57 72392.2
16 2452.97 4905.95 73146.9
15 575.685 575.685 71676.5
11 590.009 1180.02 71795.8
0 467.414 467.414 71806.7
3 425.754 425.754 71982.9
9 388.856 388.856 72737.4
4 603.735 1207.47 72460.6
17 2259.01 4518.01 74602.7
5 3942.88 3942.88 79010.8
2 1034.16 1034.16 73642.8
14 1493.12 2986.24 74119.2
1 2375.4 4750.8 74818.4
11 1408.87 1408.87 74231.1
10 1950.13 3900.26 74666.6
38
7 1218.82 1218.82 67132.4
9 596.136 596.136 66591.4
14 580.914 580.914 67207.4
16 537.447 537.447 67217.1
17 1109.18 2218.36 68093.3
1 568.027 568.027 67839.4
13 262.072 524.143 67661.2
5 1663.93 3327.86 68800.7
11 580.993 1161.99 67954.2
0 264.774 264.774 68359.2
12 302.968 302.968 68286.3
2 153.221 153.221 68321.8
4 388.851 777.701 68805.7
8 2737.3 10949.2 71334
10 923.565 1847.13 70219.5
15 17.5808 17.5808 68972.7
2 2227.73 8910.94 71177.1
14 1255.89 5023.57 71029.6
11 257.922 1031.69 70525.9
7 174.303 348.607 70178.6
16 1227.87 2455.75 71283.9
6 565.149 565.149 70947.6
13 2200.17 4400.33 73114
1 1669.2 3338.41 72500
17 358.336 716.673 71419.8
4 1511.51 3023.02 72773.9
9 936.487 936.487 72307.5
5 1355.29 5421.16 72584.8
11 2761.79 11047.2 74439.9
15 535.589 535.589 72158.3
0 258.429 258.429 72051.3
3 181.447 181.447 71902.6
7 1239.07 2478.14 73016.1
17 2208.93 8835.71 74257.9
12 2051.71 2051.71 74159.4
14 2052.54 8210.17 75006.6
10 2034.28 2034.28 75019.9
16 1812.03 3624.05 74915.9
35
7 862.999 862.999 66774.5
14 226.224 452.447 66203.2
17 545.503 2182.01 66997.3
2 629.762 2519.05 67378.6
15 349.949 349.949 66532.3
9 509.471 509.471 67015.2
8 2532.54 5065.07 68740.5
1 661.773 661.773 66941.4
16 577.699 1155.4 67091.4
13 228.828 228.828 66896
4 955.411 1910.82 69303.5
10 241.046 482.093 68115.4
3 170.988 170.988 68737.6
0 146.092 146.092 69007
14 521.79 521.79 69683.1
5 252.661 252.661 69614.6
11 623.235 623.235 70105.3
7 341.125 341.125 70136.3
2 593.55 593.55 70610.4
6 888.924 888.924 71301.8
1 708.425 708.425 71291.5
9 1099.84 1099.84 71748.3
13 123.409 123.409 70779.6
17 830.265 1660.53 71727.1
5 664.903 2659.61 71894.4
14 1976.91 7907.62 73655
15 535.589 535.589 72158.3
16 978.443 978.443 72771.3
10 114.297 114.297 71835.5
7 1209.17 2418.33 72986.2
11 1056.33 4225.33 73105.3
12 2051.71 2051.71 74159.4
8 2508.79 10035.2 75462.8
13 1473.02 1473.02 74458.6
4 368.249 736.498 73472.1
44
7 240.539 240.539 65976.2
13 493.825 987.649 66626.7
17 832.851 1665.7 67597.1
14 1004.25 4016.99 67650.8
15 599.391 599.391 67586.3
2 809.33 3237.32 67373.2
8 474.866 474.866 67375.4
16 1136.21 2272.42 68220.7
6 857.373 857.373 67747.1
5 2087.88 4175.76 69089.8
1 223.211 446.422 67701.7
11 1297.43 1297.43 68774.9
4 1244.46 2488.92 68744.1
12 299.328 299.328 67886.8
10 168.496 336.992 68391
7 1313.55 1313.55 70271.2
13 1219.72 1219.72 69737.1
0 571.952 571.952 69170.3
8 2715.75 5431.5 71867.7
9 787.838 787.838 69969.9
14 1309.05 5236.19 70529.7
1 1320.42 2640.85 70231.4
2 1359.57 2719.15 71263.7
3 1439.17 1439.17 70778.7
12 1111.19 1111.19 70664
6 2251.05 2251.05 72306.7
17 898.39 3593.56 70864.1
15 752.876 752.876 70963.4
10 1049.33 1049.33 71395.4
16 1217.31 2434.63 71502.3
11 1019.6 4078.39 71695.4
0 1177.12 1177.12 72312.9
4 926.344 1852.69 72132.1
1 1110.19 1110.19 72449.5
14 964.579 964.579 72521.7
13 1136.34 1136.34 73484.8
7 2175 4350.01 74031.8
17 2306.39 4612.78 74650.1
15 3556.94 3556.94 78624.9
9 1160.05 1160.05 73768.7
5 1057.85 2115.7 73683.9
11 1693.8 3387.6 74136.8
16 1030.11 1030.11 73852.3
10 1352.83 2705.66 74069.3
36
7 1218.82 1218.82 67132.4
9 596.136 596.136 66591.4
14 580.914 580.914 67207.4
16 537.447 537.447 67217.1
17 1109.18 2218.36 68093.3
1 568.027 568.027 67839.4
13 262.072 524.143 67661.2
5 1663.93 3327.86 68800.7
4 394.373 788.747 68621.5
15 707.755 707.755 69390.8
2 184.612 738.45 68734.7
0 1178.95 1178.95 69836.9
10 106.566 106.566 68872
11 481.101 481.101 69656.5
3 159.238 159.238 69509.9
8 2350.85 4701.7 72255
12 1202.12 1202.12 70541.6
7 1097.79 1097.79 70650.6
9 911.851 911.851 70967.5
14 808.004 3232.01 70773.7
16 325.681 325.681 70536.2
1 261.179 261.179 70607.3
13 482.183 964.367 70767.2
2 555.378 2221.51 71231.2
10 951.969 951.969 72087.8
17 562.749 2251 71792.3
11 1609.6 6438.39 73287.7
4 625.691 625.691 72248.4
3 681.416 681.416 72474.3
6 2642.52 2642.52 74363.7
5 1701.87 3403.75 73478.9
14 1367.8 5471.21 73416.8
15 1926.8 1926.8 74034.5
2 1650.78 6603.12 74604.8
13 1473.02 1473.02 74458.6
16 558.306 1116.61 73662.2
39
7 862.999 862.999 66774.5
14 226.224 452.447 66203.2
17 545.503 2182.01 66997.3
2 629.762 2519.05 67378.6
15 349.949 349.949 66532.3
9 509.471 509.471 67015.2
8 2532.54 5065.07 68740.5
1 661.773 661.773 66941.4
16 577.699 1155.4 67091.4
13 228.828 228.828 66896
12 299.328 299.328 67886.8
5 364.512 729.023 68587
13 815.759 815.759 69773.4
14 1185.28 1185.28 69702.7
0 571.952 571.952 69170.3
11 236.961 473.923 69388.9
15 317.711 317.711 69499.8
17 797.953 3191.81 70018.6
4 415.709 831.419 69326.7
2 1292.91 5171.62 70646.4
6 931.894 931.894 70750
3 331.679 331.679 70194.1
1 553.818 1107.64 71022.4
7 678.332 678.332 71094.3
16 361.245 722.489 70798.8
10 2202.15 4404.29 72577.1
5 2143.45 4286.9 72837.4
12 776.797 776.797 71877.6
4 713.697 1427.39 71743
9 1527.82 1527.82 73023.7
11 752.432 1504.86 72505.4
0 625.54 625.54 72256.9
17 1561.54 3123.08 73050.2
15 576.286 576.286 72470.6
14 1336.9 5347.6 73083.5
13 766.668 1533.34 73522.5
3 934.984 934.984 73238.6
7 2696.38 5392.77 74913.1
8 1058.03 1058.03 73998.9
37
7 862.711 862.711 66735.4
17 505.899 1011.8 67212.9
5 2032.44 4064.89 68750.3
1 256.355 512.711 67376.5
6 630.235 630.235 67386.9
16 335.074 670.148 67401.4
14 1018.55 1018.55 68042.9
12 287.843 287.843 67609
13 470.635 941.269 67843.8
9 928.292 928.292 69022.7
2 150.675 150.675 68134
3 215.186 215.186 68383.7
11 566.842 1133.68 68983.7
8 2737.3 10949.2 71334
4 958.784 1917.57 70254.7
15 17.5808 17.5808 68972.7
17 2028.09 8112.36 70977.4
16 1038.88 1038.88 70701.7
2 286.488 1145.95 70042.2
14 1708.4 6833.58 72075.4
1 176.495 176.495 70485.8
0 522.057 522.057 70676.6
11 1895.37 7581.49 72783
13 559.589 559.589 71913
7 1877.38 3754.75 72870.9
6 1157.43 1157.43 72660.1
10 778.487 1556.97 71807.8
15 1342.93 1342.93 72838.8
2 86.8 173.6 71839.8
3 202.592 202.592 71834
5 1750.53 3501.06 73239.2
12 480.921 480.921 72375.2
2 2179.77 8719.09 73926.4
1 862.888 1725.78 73618.7
9 815.236 815.236 73118.8
4 924.145 1848.29 73140.9
0 2014.29 2014.29 74955.1
31
7 1218.82 1218.82 67132.4
9 596.136 596.136 66591.4
14 580.914 580.914 67207.4
16 537.447 537.447 67217.1
17 1109.18 2218.36 68093.3
1 568.027 568.027 67839.4
13 262.072 524.143 67661.2
5 1663.93 3327.86 68800.7
4 955.411 1910.82 69303.5
8 3204.71 6409.41 71079.1
2 24.7933 24.7933 68591.4
0 146.092 146.092 69007
15 595.465 595.465 69756.8
10 98.8026 98.8026 69460.8
11 870.433 3481.73 70644.1
14 260.861 1043.44 70528.8
7 174.303 348.607 70178.6
16 1227.87 2455.75 71283.9
6 565.149 565.149 70947.6
13 2200.17 4400.33 73114
2 1991.36 3982.72 72822.1
17 358.336 716.673 71419.8
1 1471.52 2943.05 72733.9
9 936.487 936.487 72307.5
0 2002.4 2002.4 73006.4
10 141.54 141.54 71707.3
7 1758.65 3517.31 73348.6
12 589.172 589.172 72631.4
4 2300.37 2300.37 74927.2
5 2350.08 2350.08 74549.3
14 1021.87 4087.5 73544.6
33
7 862.999 862.999 66774.5
14 226.224 452.447 66203.2
17 545.503 2182.01 66997.3
2 629.762 2519.05 67378.6
15 349.949 349.949 66532.3
9 509.471 509.471 67015.2
8 2532.54 5065.07 68740.5
1 661.773 661.773 66941.4
16 577.699 1155.4 67091.4
13 228.828 228.828 66896
4 955.411 1910.82 69303.5
10 241.046 482.093 68115.4
3 170.988 170.988 68737.6
0 146.092 146.092 69007
14 521.79 521.79 69683.1
5 252.661 252.661 69614.6
11 870.433 3481.73 70644.1
17 398.07 1592.28 70666
7 174.303 348.607 70178.6
16 1227.87 2455.75 71283.9
6 565.149 565.149 70947.6
13 2200.17 4400.33 73114
2 1991.36 3982.72 72822.1
1 606.629 1213.26 71668.1
10 1639.52 3279.04 72901.9
9 936.487 936.487 72307.5
15 1831.58 1831.58 72835.6
3 181.57 181.57 71747.3
5 627.591 1255.18 72217.5
0 391.137 391.137 72433.4
7 527.276 527.276 73154.1
14 1828.95 1828.95 74028.2
8 2057.7 8230.82 74580.5
37
7 240.539 240.539 65976.2
13 493.825 987.649 66626.7
17 832.851 1665.7 67597.1
14 1004.25 4016.99 67650.8
15 599.391 599.391 67586.3
2 809.33 3237.32 67373.2
8 474.866 474.866 67375.4
16 1136.21 2272.42 68220.7
6 857.373 857.373 67747.1
5 2087.88 4175.76 69089.8
1 223.211 446.422 67701.7
11 1297.43 1297.43 68774.9
4 1244.46 2488.92 68744.1
9 749.912 749.912 68625.7
7 1573.95 1573.95 70783.5
8 1528.1 6112.4 70632.9
13 253.09 253.09 69508.6
0 544.611 544.611 70207.4
14 764.118 3056.47 70519.8
2 936.099 3744.4 71303.1
1 176.495 176.495 70485.8
12 720.446 720.446 70875
17 1882.04 7528.18 72769.7
15 583.197 583.197 71936.6
10 940.909 1881.82 71934.4
6 1157.43 1157.43 72660.1
11 462.832 1851.33 71692.4
14 2266.96 9067.85 73945.1
13 628.168 628.168 72250.9
9 978.443 978.443 72771.3
3 181.447 181.447 71902.6
16 1428.39 2856.79 73205.4
8 3505.82 14023.3 75554.8
4 2119.06 2119.06 74226.8
5 1548.52 6194.07 74502.5
1 1475.08 1475.08 74460.7
7 2468.94 4937.88 75572.8
35
7 862.999 862.999 66774.5
14 226.224 452.447 66203.2
17 545.503 2182.01 66997.3
2 629.762 2519.05 67378.6
15 349.949 349.949 66532.3
9 509.471 509.471 67015.2
8 2532.54 5065.07 68740.5
1 661.773 661.773 66941.4
16 577.699 1155.4 67091.4
13 228.828 228.828 66896
12 299.328 299.328 67886.8
5 364.512 729.023 68587
13 815.759 815.759 69773.4
14 1185.28 1185.28 69702.7
0 571.952 571.952 69170.3
11 236.961 473.923 69388.9
15 317.711 317.711 69499.8
17 797.953 3191.81 70018.6
4 415.709 831.419 69326.7
2 1414.06 5656.25 71187.7
5 1303.7 5214.82 71571.6
7 174.303 348.607 70178.6
16 1227.87 2455.75 71283.9
6 565.149 565.149 70947.6
1 2232.71 4465.41 73146.6
10 2052.17 4104.34 72882.9
4 382.288 764.575 71443.7
7 1672 3344 72934.4
9 936.487 936.487 72307.5
12 2307.41 2307.41 73929.3
11 566.315 2265.26 72317.6
17 733.327 1466.65 72686.9
15 361.565 361.565 72306.6
3 171.162 171.162 72203
0 414.528 414.528 73521.3
33
8 585.398 585.398 66612.1
13 491.976 983.951 66210.2
17 936.278 1872.56 67267
7 858.32 858.32 66906.1
1 125.097 125.097 66440.3
16 544.787 1089.57 67257.6
2 703.159 2812.64 67021.6
14 1621.03 6484.12 68156.2
5 1567.46 3134.92 68118
9 735.664 735.664 67635.8
11 469.742 1878.97 67615
15 310.004 310.004 67188.5
0 582.558 582.558 67797.9
12 225.748 225.748 68101.6
1 442.753 442.753 69652.3
8 1392.39 5569.58 70497.2
15 181.47 181.47 69437
16 1038.88 1038.88 70701.7
2 286.488 1145.95 70042.2
11 1045.73 4182.91 71412.8
9 879.621 879.621 71189
0 522.057 522.057 70676.6
17 1882.04 7528.18 72769.7
13 559.589 559.589 71913
7 1877.38 3754.75 72870.9
6 1157.43 1157.43 72660.1
12 2003.32 2003.32 73007.3
4 259.241 259.241 71825
14 194.043 388.087 71784
2 632.509 632.509 72674.8
15 2081.73 2081.73 74708.6
5 2350.08 2350.08 74549.3
8 2065.42 8261.67 74588.2
42
7 240.539 240.539 65976.2
13 493.825 987.649 66626.7
17 832.851 1665.7 67597.1
14 1004.25 4016.99 67650.8
15 599.391 599.391 67586.3
2 809.33 3237.32 67373.2
8 474.866 474.866 67375.4
16 1136.21 2272.42 68220.7
6 857.373 857.373 67747.1
5 2087.88 4175.76 69089.8
1 223.211 446.422 67701.7
11 1297.43 1297.43 68774.9
4 1244.46 2488.92 68744.1
12 299.328 299.328 67886.8
10 168.496 336.992 68391
7 1313.55 1313.55 70271.2
13 1219.72 1219.72 69737.1
0 571.952 571.952 69170.3
8 2715.75 5431.5 71867.7
9 787.838 787.838 69969.9
14 1309.05 5236.19 70529.7
1 1320.42 2640.85 70231.4
12 900.727 900.727 70382.8
3 2144.18 2144.18 71939.3
2 593.55 593.55 70610.4
6 888.924 888.924 71301.8
15 903.309 903.309 71486.4
17 1099.84 1099.84 71748.3
10 574.714 574.714 71230.9
16 1033.78 2067.55 71930.6
11 590.009 1180.02 71795.8
0 467.414 467.414 71806.7
4 252.022 252.022 71809.2
1 808.467 808.467 73157
14 749.319 1498.64 72606.1
13 1783.15 3566.3 74126.9
7 1383.81 1383.81 76451.7
9 1160.05 1160.05 73768.7
2 589.994 1179.99 73216
5 1557.18 3114.36 74000.2
12 572.024 572.024 73394.3
10 1188.26 2376.51 73904.7
33
7 862.711 862.711 66735.4
17 505.899 1011.8 67212.9
5 2032.44 4064.89 68750.3
1 256.355 512.711 67376.5
6 630.235 630.235 67386.9
16 335.074 670.148 67401.4
14 1018.55 1018.55 68042.9
12 287.843 287.843 67609
9 749.912 749.912 68625.7
13 483.702 483.702 69693.2
8 1392.39 5569.58 70497.2
15 181.47 181.47 69437
2 847.224 3388.9 70620.9
11 208.147 832.587 70476.1
7 174.303 348.607 70178.6
17 1227.87 2455.75 71283.9
6 565.149 565.149 70947.6
4 2420.32 4840.64 73334.2
1 1669.2 3338.41 72500
16 358.336 716.673 71419.8
10 1639.52 3279.04 72901.9
9 936.487 936.487 72307.5
14 571.217 2284.87 71800.8
5 2630.68 10522.7 74308.8
15 535.589 535.589 72158.3
0 258.429 258.429 72051.3
3 181.447 181.447 71902.6
7 1239.07 2478.14 73016.1
8 3370.11 13480.4 75419.1
12 2051.71 2051.71 74159.4
11 1333.64 5334.57 74287.7
13 1473.02 1473.02 74458.6
16 1118.27 2236.54 74222.2
32
7 240.539 240.539 65976.2
13 493.825 987.649 66626.7
17 832.851 1665.7 67597.1
14 1004.25 4016.99 67650.8
15 599.391 599.391 67586.3
2 809.33 3237.32 67373.2
8 474.866 474.866 67375.4
16 1136.21 2272.42 68220.7
6 857.373 857.373 67747.1
5 2087.88 4175.76 69089.8
1 223.211 446.422 67701.7
11 1297.43 1297.43 68774.9
4 1244.46 2488.92 68744.1
9 749.912 749.912 68625.7
7 1573.95 1573.95 70783.5
8 1528.1 6112.4 70632.9
13 253.09 253.09 69508.6
0 544.611 544.611 70207.4
14 764.118 3056.47 70519.8
2 936.099 3744.4 71303.1
1 176.495 176.495 70485.8
12 720.446 720.446 70875
17 1882.04 7528.18 72769.7
15 583.197 583.197 71936.6
10 940.909 1881.82 71934.4
6 1157.43 1157.43 72660.1
13 2128.32 2128.32 73750.2
11 518.277 2073.11 72269.6
16 491.565 983.13 72445.1
4 673.027 673.027 72618
3 171.162 171.162 72203
9 1117.66 1117.66 74224.5
37
8 585.398 585.398 66612.1
13 491.976 983.951 66210.2
17 936.278 1872.56 67267
7 858.32 858.32 66906.1
1 125.097 125.097 66440.3
16 544.787 1089.57 67257.6
2 703.159 2812.64 67021.6
14 1621.03 6484.12 68156.2
5 1567.46 3134.92 68118
9 735.664 735.664 67635.8
11 469.742 1878.97 67615
15 310.004 310.004 67188.5
0 582.558 582.558 67797.9
12 225.748 225.748 68101.6
1 442.753 442.753 69652.3
8 1392.39 5569.58 70497.2
15 181.47 181.47 69437
16 1038.88 1038.88 70701.7
2 286.488 1145.95 70042.2
11 1045.73 4182.91 71412.8
9 879.621 879.621 71189
0 522.057 522.057 70676.6
17 1882.04 7528.18 72769.7
13 559.589 559.589 71913
7 1877.38 3754.75 72870.9
6 1157.43 1157.43 72660.1
5 672.619 2690.48 71902.2
14 1062.8 4251.2 72740.9
15 535.589 535.589 72158.3
12 445.11 445.11 72238
4 217.397 217.397 71938.6
2 1195.63 2391.26 72972.7
8 3370.11 13480.4 75419.1
10 2233.54 2233.54 74341.3
5 2773.06 11092.2 75727.1
1 1475.08 1475.08 74460.7
16 1229.83 2459.67 74333.7
31
7 1218.82 1218.82 67132.4
9 596.136 596.136 66591.4
14 580.914 580.914 67207.4
16 537.447 537.447 67217.1
17 1109.18 2218.36 68093.3
1 568.027 568.027 67839.4
13 262.072 524.143 67661.2
5 1663.93 3327.86 68800.7
0 114.359 114.359 67990.2
15 563.195 563.195 69772.7
8 1392.39 5569.58 70497.2
11 322.621 322.621 69578.1
13 767.201 767.201 70249.3
7 341.125 341.125 70136.3
0 494.121 494.121 70510.9
6 888.924 888.924 71301.8
1 708.425 708.425 71291.5
9 1099.84 1099.84 71748.3
14 430.684 430.684 71086.8
16 830.265 1660.53 71727.1
17 562.749 2251 71792.3
2 1723 6892.02 73401.1
4 625.691 625.691 72248.4
12 445.11 445.11 72238
10 114.297 114.297 71835.5
7 1209.17 2418.33 72986.2
11 478.893 1915.57 72527.8
5 2164.29 2164.29 74272
8 2516.51 10066 75470.5
13 1473.02 1473.02 74458.6
14 817.112 1634.22 73921
37
7 1218.82 1218.82 67132.4
9 596.136 596.136 66591.4
14 580.914 580.914 67207.4
16 537.447 537.447 67217.1
17 1109.18 2218.36 68093.3
1 568.027 568.027 67839.4
13 262.072 524.143 67661.2
5 1663.93 3327.86 68800.7
12 299.328 299.328 67886.8
2 119.111 238.221 68341.6
15 889.324 889.324 69847
6 1333.66 1333.66 69851.1
0 571.952 571.952 69170.3
8 2642.04 5284.09 71794
3 539.823 539.823 69721.9
11 471.735 1886.94 69692.4
4 415.709 831.419 69326.7
9 1038.88 1038.88 70701.7
14 924.554 3698.22 70680.2
2 1426.99 5707.96 71794
16 879.621 879.621 71189
1 598.575 598.575 70753.1
17 2124.22 8496.87 73011.9
13 559.589 559.589 71913
7 1877.38 3754.75 72870.9
12 1453.91 1453.91 72956.6
11 1097.41 4389.66 72327
5 2061.79 8247.16 73739.9
4 625.691 625.691 72248.4
0 258.429 258.429 72051.3
10 114.297 114.297 71835.5
14 2123.72 4247.45 73900.8
11 2995.1 11980.4 75044.1
3 2455.82 2455.82 74563.6
2 3291.9 13167.6 76245.9
6 971.687 971.687 73957.3
1 300.145 600.291 73404
31
7 862.999 862.999 66774.5
14 226.224 452.447 66203.2
17 545.503 2182.01 66997.3
2 629.762 2519.05 67378.6
15 349.949 349.949 66532.3
9 509.471 509.471 67015.2
8 2532.54 5065.07 68740.5
1 661.773 661.773 66941.4
16 577.699 1155.4 67091.4
13 228.828 228.828 66896
4 955.411 1910.82 69303.5
10 241.046 482.093 68115.4
3 170.988 170.988 68737.6
0 146.092 146.092 69007
14 521.79 521.79 69683.1
5 252.661 252.661 69614.6
11 623.235 623.235 70105.3
7 341.125 341.125 70136.3
2 593.55 593.55 70610.4
6 888.924 888.924 71301.8
1 708.425 708.425 71291.5
9 1099.84 1099.84 71748.3
13 123.409 123.409 70779.6
17 830.265 1660.53 71727.1
15 1831.58 1831.58 72835.6
10 141.54 141.54 71707.3
16 686.853 1373.71 72276.8
0 391.137 391.137 72433.4
7 527.276 527.276 73154.1
14 1828.95 1828.95 74028.2
11 1217.57 4870.28 73740.3
37
7 862.999 862.999 66774.5
14 226.224 452.447 66203.2
17 545.503 2182.01 66997.3
2 629.762 2519.05 67378.6
15 349.949 349.949 66532.3
9 509.471 509.471 67015.2
8 2532.54 5065.07 68740.5
1 661.773 661.773 66941.4
16 577.699 1155.4 67091.4
13 228.828 228.828 66896
4 394.373 788.747 68621.5
15 707.755 707.755 69390.8
11 478.575 1914.3 69028.7
14 996.89 996.89 69654.8
10 106.566 106.566 68872
13 443.553 443.553 69619
3 159.238 159.238 69509.9
5 814.11 814.11 70296.2
7 341.125 341.125 70136.3
0 494.121 494.121 70510.9
6 888.924 888.924 71301.8
1 708.425 708.425 71291.5
9 1099.84 1099.84 71748.3
12 297.558 297.558 70953.7
17 830.265 1660.53 71727.1
11 590.009 1180.02 71795.8
13 657.819 657.819 71997.1
4 228.916 228.916 71786.1
16 388.856 388.856 72737.4
10 672.489 1344.98 72529.3
2 1721.52 3443.04 74065.2
7 1078.66 1078.66 76146.6
0 145.064 145.064 72753.7
14 698.481 1396.96 73324.5
8 2061.11 4122.22 74504.1
3 147.995 147.995 72970.2
5 645.46 1290.92 73361.9
27
7 1218.82 1218.82 67132.4
9 596.136 596.136 66591.4
14 580.914 580.914 67207.4
16 537.447 537.447 67217.1
17 1109.18 2218.36 68093.3
1 568.027 568.027 67839.4
13 262.072 524.143 67661.2
5 1663.93 3327.86 68800.7
0 114.359 114.359 67990.2
15 563.195 563.195 69772.7
8 1392.39 5569.58 70497.2
11 322.621 322.621 69578.1
13 767.201 767.201 70249.3
7 341.125 341.125 70136.3
0 494.121 494.121 70510.9
6 888.924 888.924 71301.8
1 708.425 708.425 71291.5
9 1099.84 1099.84 71748.3
14 430.684 430.684 71086.8
16 830.265 1660.53 71727.1
12 2003.32 2003.32 73007.3
4 259.241 259.241 71825
17 686.853 1373.71 72276.8
2 632.509 632.509 72674.8
7 527.276 527.276 73154.1
11 2147.93 2147.93 74347.1
5 1401.91 5607.63 73924.7
39
8 585.398 585.398 66612.1
13 491.976 983.951 66210.2
17 936.278 1872.56 67267
7 858.32 858.32 66906.1
1 125.097 125.097 66440.3
16 544.787 1089.57 67257.6
2 703.159 2812.64 67021.6
14 1621.03 6484.12 68156.2
5 1567.46 3134.92 68118
9 735.664 735.664 67635.8
11 469.742 1878.97 67615
15 310.004 310.004 67188.5
0 582.558 582.558 67797.9
4 955.411 1910.82 69303.5
10 241.046 482.093 68115.4
3 170.988 170.988 68737.6
1 244.034 244.034 69105
13 567.996 567.996 69729.3
2 305.426 305.426 69667.4
11 1062.35 4249.38 70415.8
6 931.894 931.894 70750
15 98.2287 98.2287 69960.7
16 1215.41 2430.82 71684
7 678.332 678.332 71094.3
17 361.245 722.489 70798.8
8 932.724 1865.45 71307.7
10 1904.47 3808.95 72598.4
1 678.936 678.936 71779.7
5 902.66 1805.32 71931.9
9 1527.82 1527.82 73023.7
14 685.146 1370.29 72438.1
3 202.592 202.592 71834
2 859.505 1719.01 72348.2
12 480.921 480.921 72375.2
17 1474.23 5896.91 73220.9
4 837.012 1674.02 73592.9
15 584.774 584.774 72888.4
13 618.98 1237.96 72835.7
7 506.098 506.098 73446.9
33
7 862.999 862.999 66774.5
14 226.224 452.447 66203.2
17 545.503 2182.01 66997.3
2 629.762 2519.05 67378.6
15 349.949 349.949 66532.3
9 509.471 509.471 67015.2
8 2532.54 5065.07 68740.5
1 661.773 661.773 66941.4
16 577.699 1155.4 67091.4
13 228.828 228.828 66896
11 580.993 1161.99 67954.2
0 264.774 264.774 68359.2
12 302.968 302.968 68286.3
3 215.186 215.186 68383.7
4 388.851 777.701 68805.7
14 371.54 1486.16 68968.2
10 923.565 1847.13 70219.5
15 17.5808 17.5808 68972.7
5 1540.48 6161.91 70489.8
13 767.201 767.201 70249.3
7 341.125 341.125 70136.3
2 593.55 593.55 70610.4
6 888.924 888.924 71301.8
1 708.425 708.425 71291.5
9 1099.84 1099.84 71748.3
15 208.017 208.017 70864.2
17 830.265 1660.53 71727.1
14 1886.08 1886.08 73507.9
11 518.277 2073.11 72269.6
16 491.565 983.13 72445.1
12 490.242 490.242 72435.3
3 171.162 171.162 72203
0 414.528 414.528 73521.3
33
7 862.711 862.711 66735.4
17 505.899 1011.8 67212.9
5 2032.44 4064.89 68750.3
1 256.355 512.711 67376.5
6 630.235 630.235 67386.9
16 335.074 670.148 67401.4
14 1018.55 1018.55 68042.9
12 287.843 287.843 67609
2 147.542 147.542 67735.1
13 407.061 814.123 68629.5
15 889.324 889.324 69847
0 1337.07 1337.07 69854.5
3 926.917 926.917 69525.2
8 2642.04 5284.09 71794
9 787.838 787.838 69969.9
11 471.735 1886.94 69692.4
4 415.709 831.419 69326.7
16 1038.88 1038.88 70701.7
17 360.194 1440.78 70115.9
2 936.099 3744.4 71303.1
1 176.495 176.495 70485.8
12 720.446 720.446 70875
14 1365.76 5463.06 72253.4
13 559.589 559.589 71913
7 1877.38 3754.75 72870.9
6 1157.43 1157.43 72660.1
10 2199.91 2199.91 73203.9
4 259.241 259.241 71825
11 573.904 1147.81 72163.8
3 975.412 975.412 73017.7
17 2361.9 2361.9 74988.8
5 2509.16 2509.16 74708.4
11 2946.67 11786.7 75469.4
41
8 585.398 585.398 66612.1
13 491.976 983.951 66210.2
17 936.278 1872.56 67267
7 858.32 858.32 66906.1
1 125.097 125.097 66440.3
16 544.787 1089.57 67257.6
2 703.159 2812.64 67021.6
14 1621.03 6484.12 68156.2
5 1567.46 3134.92 68118
9 735.664 735.664 67635.8
11 469.742 1878.97 67615
15 310.004 310.004 67188.5
0 582.558 582.558 67797.9
4 394.373 788.747 68621.5
1 617.584 617.584 69300.6
8 2880.39 11521.6 71430.5
13 1045.11 1045.11 69703
10 106.566 106.566 68872
15 396.508 396.508 69571.9
3 159.238 159.238 69509.9
16 1038.88 1038.88 70701.7
2 286.488 1145.95 70042.2
11 1045.73 4182.91 71412.8
9 879.621 879.621 71189
0 522.057 522.057 70676.6
17 1882.04 7528.18 72769.7
12 739.515 739.515 72093
7 1877.38 3754.75 72870.9
6 1157.43 1157.43 72660.1
4 412.238 824.476 71618
15 778.247 778.247 72117.5
14 326.787 326.787 71883.9
5 376.067 376.067 72724.6
10 672.489 1344.98 72529.3
1 1493.84 2987.69 73837.6
2 3349.61 3349.61 78417.5
13 323.651 323.651 72932.3
4 1478.08 2956.15 74104.1
16 2233.66 4467.32 74676.7
3 147.995 147.995 72970.2
14 1145.72 2291.45 73862.2
31
7 1218.82 1218.82 67132.4
9 596.136 596.136 66591.4
14 580.914 580.914 67207.4
16 537.447 537.447 67217.1
17 1109.18 2218.36 68093.3
1 568.027 568.027 67839.4
13 262.072 524.143 67661.2
5 1663.93 3327.86 68800.7
4 394.373 788.747 68621.5
15 707.755 707.755 69390.8
2 184.612 738.45 68734.7
0 1178.95 1178.95 69836.9
10 106.566 106.566 68872
11 481.101 481.101 69656.5
3 159.238 159.238 69509.9
8 2256.2 9024.8 72029.9
14 260.861 1043.44 70528.8
7 174.303 348.607 70178.6
16 1227.87 2455.75 71283.9
6 565.149 565.149 70947.6
13 2200.17 4400.33 73114
2 1991.36 3982.72 72822.1
17 358.336 716.673 71419.8
1 1471.52 2943.05 72733.9
9 936.487 936.487 72307.5
12 2307.41 2307.41 73929.3
11 551.042 2204.17 72302.3
7 2463.04 4926.08 74416.6
4 673.027 673.027 72618
3 171.162 171.162 72203
15 767.82 767.82 73874.6
34
7 862.711 862.711 66735.4
17 505.899 1011.8 67212.9
5 2032.44 4064.89 68750.3
1 256.355 512.711 67376.5
6 630.235 630.235 67386.9
16 335.074 670.148 67401.4
14 1018.55 1018.55 68042.9
12 287.843 287.843 67609
2 147.542 147.542 67735.1
13 407.061 814.123 68629.5
15 889.324 889.324 69847
0 1337.07 1337.07 69854.5
3 926.917 926.917 69525.2
8 2642.04 5284.09 71794
9 787.838 787.838 69969.9
11 471.735 1886.94 69692.4
4 415.709 831.419 69326.7
1 518.884 1037.77 70423.1
7 1034.44 1034.44 70373.9
12 1110.68 1110.68 70663.5
16 911.851 911.851 70967.5
2 154.032 616.13 70119.8
17 325.681 325.681 70536.2
10 698.526 698.526 71044.6
13 482.183 964.367 70767.2
14 931.892 3727.57 71607.7
6 1748.95 1748.95 72884.8
4 2136.92 2136.92 73140.9
2 554.709 554.709 72120.5
11 573.904 1147.81 72163.8
3 975.412 975.412 73017.7
17 2515.3 2515.3 75142.2
5 2509.16 2509.16 74708.4
14 1877.02 7508.07 74399.8
29
7 862.999 862.999 66774.5
14 226.224 452.447 66203.2
17 545.503 2182.01 66997.3
2 629.762 2519.05 67378.6
15 349.949 349.949 66532.3
9 509.471 509.471 67015.2
8 2532.54 5065.07 68740.5
1 661.773 661.773 66941.4
16 577.699 1155.4 67091.4
13 228.828 228.828 66896
0 114.359 114.359 67990.2
13 483.702 483.702 69693.2
14 1155.3 4621.2 70260.1
15 181.47 181.47 69437
11 623.235 623.235 70105.3
7 341.125 341.125 70136.3
0 494.121 494.121 70510.9
6 888.924 888.924 71301.8
1 708.425 708.425 71291.5
9 1099.84 1099.84 71748.3
12 297.558 297.558 70953.7
17 830.265 1660.53 71727.1
4 2089.04 2089.04 73093
10 141.54 141.54 71707.3
16 686.853 1373.71 72276.8
2 632.509 632.509 72674.8
7 527.276 527.276 73154.1
15 2038 2038 74237.2
11 1217.57 4870.28 73740.3
30
7 862.711 862.711 66735.4
17 505.899 1011.8 67212.9
5 2032.44 4064.89 68750.3
1 256.355 512.711 67376.5
6 630.235 630.235 67386.9
16 335.074 670.148 67401.4
14 1018.55 1018.55 68042.9
12 287.843 287.843 67609
4 955.411 1910.82 69303.5
8 3204.71 6409.41 71079.1
9 520.432 520.432 69087.1
0 146.092 146.092 69007
13 567.996 567.996 69729.3
10 98.8026 98.8026 69460.8
16 1038.88 1038.88 70701.7
17 360.194 1440.78 70115.9
2 936.099 3744.4 71303.1
1 176.495 176.495 70485.8
12 720.446 720.446 70875
11 1632.03 6528.12 72519.7
14 501.615 501.615 71855.1
7 1877.38 3754.75 72870.9
6 1157.43 1157.43 72660.1
15 1831.58 1831.58 72835.6
10 141.54 141.54 71707.3
4 885.813 1771.63 72475.8
9 1122.45 1122.45 73164.7
0 2305.2 2305.2 74932.1
17 2394.39 2394.39 74593.6
5 1453.99 5815.95 73976.7
41
7 240.539 240.539 65976.2
13 493.825 987.649 66626.7
17 832.851 1665.7 67597.1
14 1004.25 4016.99 67650.8
15 599.391 599.391 67586.3
2 809.33 3237.32 67373.2
8 474.866 474.866 67375.4
16 1136.21 2272.42 68220.7
6 857.373 857.373 67747.1
5 2087.88 4175.76 69089.8
1 223.211 446.422 67701.7
11 1297.43 1297.43 68774.9
4 1244.46 2488.92 68744.1
12 299.328 299.328 67886.8
10 168.496 336.992 68391
7 1313.55 1313.55 70271.2
13 1219.72 1219.72 69737.1
0 571.952 571.952 69170.3
8 2715.75 5431.5 71867.7
9 787.838 787.838 69969.9
14 1309.05 5236.19 70529.7
1 1320.42 2640.85 70231.4
12 900.727 900.727 70382.8
3 2144.18 2144.18 71939.3
2 593.55 593.55 70610.4
6 888.924 888.924 71301.8
15 903.309 903.309 71486.4
17 1099.84 1099.84 71748.3
10 574.714 574.714 71230.9
16 1033.78 2067.55 71930.6
11 668.787 1337.57 71698.1
0 1637.51 1637.51 73133.4
4 710.551 1421.1 72463.5
1 1185.42 1185.42 72816.8
14 1202.13 2404.26 72690.8
13 1303.69 1303.69 73198
2 1101.1 4404.39 72847.7
7 1918.81 3837.62 74674.7
9 1328.97 1328.97 73632.6
5 1000.85 2001.69 73217.6
12 2216.78 2216.78 75157.6
37
7 240.539 240.539 65976.2
13 493.825 987.649 66626.7
17 832.851 1665.7 67597.1
14 1004.25 4016.99 67650.8
15 599.391 599.391 67586.3
2 809.33 3237.32 67373.2
8 474.866 474.866 67375.4
16 1136.21 2272.42 68220.7
6 857.373 857.373 67747.1
5 2087.88 4175.76 69089.8
1 223.211 446.422 67701.7
11 1297.43 1297.43 68774.9
4 1244.46 2488.92 68744.1
7 2103.96 4207.93 70331.1
0 757.846 757.846 69440.9
8 3306.1 13224.4 71856.2
13 1045.11 1045.11 69703
9 309.414 309.414 69074.9
12 601.972 601.972 69777.4
10 125.627 125.627 69476.3
14 1052.94 4211.76 70826.6
2 684 2736 70951.9
1 1858.69 3717.39 71863
17 1527.81 3055.63 71583.8
6 565.149 565.149 70947.6
16 3050.9 6101.8 73964.8
11 2121.79 4243.58 72952.6
10 398.756 797.512 71460.2
4 2276.62 4553.23 73539
9 936.487 936.487 72307.5
15 1831.58 1831.58 72835.6
3 181.57 181.57 71747.3
13 1175.9 2351.8 72765.8
12 589.172 589.172 72631.4
0 2305.2 2305.2 74932.1
5 2848.63 2848.63 75047.8
14 1966.03 7864.1 74488.8
36
8 585.398 585.398 66612.1
13 491.976 983.951 66210.2
17 936.278 1872.56 67267
7 858.32 858.32 66906.1
1 125.097 125.097 66440.3
16 544.787 1089.57 67257.6
2 703.159 2812.64 67021.6
14 1621.03 6484.12 68156.2
5 1567.46 3134.92 68118
9 735.664 735.664 67635.8
11 469.742 1878.97 67615
15 310.004 310.004 67188.5
0 582.558 582.558 67797.9
12 299.328 299.328 67886.8
10 168.496 336.992 68391
1 772.546 772.546 69730.2
13 1219.72 1219.72 69737.1
3 926.917 926.917 69525.2
8 2642.04 5284.09 71794
4 586.107 586.107 69768.2
11 592.003 2368.01 69812.6
7 2609.94 5219.88 71520.9
15 689.629 689.629 70171.7
6 921.172 921.172 70716.3
0 494.121 494.121 70510.9
12 1592.67 1592.67 72005.5
2 1051.33 1051.33 71634.4
9 1099.84 1099.84 71748.3
10 574.714 574.714 71230.9
17 830.265 1660.53 71727.1
14 1886.08 1886.08 73507.9
5 718.634 2874.54 72469.9
16 491.565 983.13 72445.1
11 612.454 612.454 72557.5
3 171.162 171.162 72203
0 414.528 414.528 73521.3
37
7 240.539 240.539 65976.2
13 493.825 987.649 66626.7
17 832.851 1665.7 67597.1
14 1004.25 4016.99 67650.8
15 599.391 599.391 67586.3
2 809.33 3237.32 67373.2
8 474.866 474.866 67375.4
16 1136.21 2272.42 68220.7
6 857.373 857.373 67747.1
5 2087.88 4175.76 69089.8
1 223.211 446.422 67701.7
11 1297.43 1297.43 68774.9
4 1244.46 2488.92 68744.1
9 749.912 749.912 68625.7
7 1573.95 1573.95 70783.5
8 1528.1 6112.4 70632.9
13 253.09 253.09 69508.6
0 544.611 544.611 70207.4
14 764.118 3056.47 70519.8
2 936.099 3744.4 71303.1
1 176.495 176.495 70485.8
12 720.446 720.446 70875
17 1882.04 7528.18 72769.7
15 583.197 583.197 71936.6
10 940.909 1881.82 71934.4
6 1157.43 1157.43 72660.1
11 462.832 1851.33 71692.4
14 2266.96 9067.85 73945.1
13 628.168 628.168 72250.9
9 978.443 978.443 72771.3
3 181.447 181.447 71902.6
16 1428.39 2856.79 73205.4
8 3505.82 14023.3 75554.8
4 2119.06 2119.06 74226.8
5 1548.52 6194.07 74502.5
1 1475.08 1475.08 74460.7
7 2468.94 4937.88 75572.8
