63
2 146.331 585.323 65716.5
3 184.024 184.024 66096.7
2 1616.18 6464.72 67543
0 565.46 565.46 66518.8
1 651.75 651.75 66751.7
1 3249.16 6498.32 69182.7
3 2073.51 2073.51 68286.6
2 3269.02 13076.1 69522.1
0 2617.36 2617.36 68815.8
1 5517.92 11035.8 71907.5
3 5128.66 5128.66 71823.1
2 5443.35 21773.4 71839.2
2 7023.99 14048 73348.6
1 8106.47 16212.9 74585.1
2 10021.7 40086.9 76668.3
1 11755.6 23511.2 78152.9
2 14070.6 28141.2 80713.9
2 18885.9 75543.5 85860.8
0 4544.83 4544.83 71658
0 8342.15 8342.15 75250.3
2 22973.1 91892.2 89726.2
1 15492.9 30985.7 82632.5
1 18999.5 37999 86060.5
1 21656.2 43312.3 88815.5
2 24494 97976.1 91842.6
1 24218.9 48437.8 91359.5
3 9289.57 9289.57 76767.1
1 26139 52278 93714
0 10524.8 10524.8 77950.9
3 12584 12584 80490.3
2 26526.6 53053.2 94117.5
0 11901.8 11901.8 80293.5
1 28440.2 56880.3 96411.4
0 14710.7 14710.7 83105.8
2 28015.3 56030.6 96500.4
3 14844.9 14844.9 83609
0 16875 16875 85615.4
2 29858.3 119433 99632.5
2 33201.8 132807 102905
3 16846.5 16846.5 86158.9
1 30431.7 60863.5 100258
1 33316.4 66632.8 103163
1 36407.5 72814.9 106587
2 35624 71248 105476
0 18743.1 18743.1 89211.8
3 18305.9 18305.9 88698.9
3 23268.7 23268.7 94064
2 36769.8 73539.5 107286
2 38733.3 77466.5 109289
2 40999.1 163996 111608
2 43574.6 174298 114496
2 48547.3 194189 119085
2 51966.9 207868 123351
0 21797.4 21797.4 93628.3
2 53673.9 214696 125842
1 38579.3 77158.5 110530
2 56373 225492 128360
1 40920.8 81841.6 113004
0 24164.5 24164.5 96503.9
1 44757.4 89514.7 117231
0 26947.1 26947.1 99230.4
2 57855.3 231421 130827
1 48114.3 96228.7 120952
63
1 636.089 1272.18 66513.6
2 291.523 583.046 66146.5
3 180.119 180.119 66180.4
2 2052.99 8211.97 67969.5
0 415.675 415.675 66482.3
3 3051.87 3051.87 68687.1
2 4192.68 16770.7 70147.9
2 6446.62 25786.5 72644.4
1 4672.73 4672.73 70815.1
2 8789.5 35158 75078.6
0 2804.55 2804.55 69100.7
3 5019.07 5019.07 71229.4
0 5562.59 5562.59 71794.1
1 9402.37 18804.7 75695.7
2 11894.6 23789.2 78255.4
3 6624.15 6624.15 73203.5
0 7852.14 7852.14 74603
3 8755.87 8755.87 75399.3
0 10171.8 10171.8 76768.2
3 11574.5 11574.5 78421.5
2 14259.2 57036.9 81460.8
2 18228 72912.1 85486.4
1 10173.5 20347 78520.7
1 13046.1 26092.1 81086.1
1 15486 30972.1 84222.1
2 22260.3 89041.2 90506.3
2 25256.3 101025 93606.8
0 10687 10687 79250.5
3 12827.5 12827.5 81172.2
1 18406.5 36813 87093.7
0 12958.2 12958.2 81927.7
3 14153.5 14153.5 83259.1
0 15419.1 15419.1 84803.4
3 16848.9 16848.9 86309.1
1 21730.7 43461.4 90670.3
0 18857.1 18857.1 88166.4
1 26691.2 53382.5 95900.1
3 19341.4 19341.4 89061.8
2 26291.8 105167 96856
3 20813.6 20813.6 90793.5
2 29841 119364 99845.8
0 21996.1 21996.1 92157.4
1 28974.1 57948.1 99570.5
1 30611.1 61222.2 101675
2 30845.4 61690.7 102335
3 21299.2 21299.2 92834
3 23665.1 23665.1 95139.3
0 23950.3 23950.3 95343.9
3 25347.1 25347.1 97174.5
0 25921.2 25921.2 97348.4
1 32491.2 64982.3 104259
2 33361.3 133445 105302
2 36284.3 145137 108266
1 35271.5 70543.1 106988
2 39650.2 158601 111639
0 27478.7 27478.7 99352.9
1 37129.8 74259.6 109566
1 40084.1 80168.2 112379
2 42620.3 170481 115184
3 27742.1 27742.1 100734
0 29310.1 29310.1 101850
1 42350.8 84701.7 114997
3 30659.5 30659.5 103426
42
1 456.472 912.945 66527.9
3 116.737 116.737 66111.1
2 308.876 308.876 66209.3
2 2749.4 5498.8 68550.6
2 4595.44 18381.8 70397.1
0 638.506 638.506 66580.2
2 6143.2 24572.8 72394.5
1 2735.68 5471.37 68919.6
2 8483.95 33935.8 74833.6
3 2167.1 2167.1 68531.9
0 2950 2950 69527.7
3 4168.5 4168.5 70691.6
1 4426.59 4426.59 71003
2 10521.6 42086.4 76883.8
1 9277.41 18554.8 78590.1
2 12051.1 24102.2 78424.1
2 13572.8 54291.2 80372.5
1 14330.6 28661.2 81466.6
0 4777.85 4777.85 72257.5
2 16315.4 32630.8 83857.9
3 5363.11 5363.11 73597.2
1 15628 31256 83917.5
0 5218.98 5218.98 74214.1
1 18524.2 37048.5 87534.1
0 7024.13 7024.13 76662.4
3 7716.49 7716.49 77300.3
0 11197.9 11197.9 80914
3 11488.2 11488.2 81378
2 16748.3 66993.3 87239.8
2 18285.6 36571.3 89071.7
1 22076.1 44152.1 95347.1
2 20208.3 80833.2 91592
3 13086 13086 84916.9
2 21915.3 87661.2 94083
2 24659.8 49319.5 96610.6
2 27142 108568 99129.3
1 25825.2 51650.4 97908.7
0 12934.3 12934.3 85273.7
1 29661.7 59323.5 102135
3 14687.1 14687.1 86970.4
2 28624.2 114497 101596
2 31117 62234 103955
46
2 290.258 1161.03 65998.3
1 349.156 349.156 66204.5
2 1907.12 3814.25 67561.7
1 2739.05 5478.1 68702.4
2 3865.2 7730.4 69829.4
3 146.983 146.983 66224.8
0 582.402 582.402 66980.6
2 6584.7 26338.8 73086
2 11059 44236 77604
1 5406.44 10812.9 71734.5
1 8478.08 16956.2 74849.4
3 1573.7 1573.7 68264.5
1 11282.7 22565.4 77644.1
1 14402.2 28804.4 81003.7
2 15706.1 31412.2 82879.9
1 16666 33332 83441.3
1 18848.2 37696.4 86219.2
0 2724.95 2724.95 69873.5
2 19044 76176.1 86263.1
3 3280.15 3280.15 71186.4
2 20453.5 40907 88044.4
0 4232.69 4232.69 72624.4
1 21959.4 43918.7 89930.7
3 6302.86 6302.86 74697.9
2 21942.2 43884.4 90427.3
0 6233.05 6233.05 74997.1
0 8407.48 8407.48 77148
3 9403.94 9403.94 78713.2
2 25342 50684 94550.8
0 9431.21 9431.21 79151.6
2 28981.5 115926 99545.7
0 11218.8 11218.8 81198.7
2 32530.7 130123 102536
3 13095.9 13095.9 83257.2
1 22273.5 44547 92869.9
2 33672.2 134689 105056
0 11891.9 11891.9 83722.8
2 35379.2 141517 107547
1 23117 46234 95067.9
2 38078.2 152313 110066
1 25458.6 50917.1 97542
0 14259 14259 86598.3
1 29295.1 58590.2 101769
3 14300.4 14300.4 86583.7
2 39560.5 158242 112532
1 32652.1 65304.2 105490
53
1 456.472 912.945 66527.9
3 116.737 116.737 66111.1
2 308.876 308.876 66209.3
2 2749.4 5498.8 68550.6
2 4595.44 18381.8 70397.1
0 638.506 638.506 66580.2
2 6143.2 24572.8 72394.5
1 2735.68 5471.37 68919.6
2 8483.95 33935.8 74833.6
3 2167.1 2167.1 68531.9
0 2950 2950 69527.7
3 4168.5 4168.5 70691.6
1 4426.59 4426.59 71003
2 10521.6 42086.4 76883.8
1 9277.41 18554.8 78590.1
2 12051.1 24102.2 78424.1
2 13572.8 54291.2 80372.5
1 14330.6 28661.2 81466.6
0 4777.85 4777.85 72257.5
3 5707.27 5707.27 73613.5
2 15056.5 30113 82647.4
0 6208.43 6208.43 74600.1
1 16531.8 33063.7 84503.1
3 8729.98 8729.98 77125.1
2 16545.2 33090.4 85030.3
0 8208.79 8208.79 76972.8
0 10383.2 10383.2 79123.7
3 11082.8 11082.8 80721.1
0 12325.5 12325.5 81909.3
3 15866.1 15866.1 85582.2
0 15805.4 15805.4 85695.2
2 16890.2 67560.8 87381.6
1 16956.8 33913.6 87742.9
2 20296.7 40593.3 93567.7
1 19111.6 38223.3 90389.1
0 18019.7 18019.7 89171.7
1 21910.3 43820.7 93241.4
2 24148.9 48297.9 95365
1 24260.9 48521.7 95377
3 18330.4 18330.4 89628.3
2 25767.6 51535.2 97330.8
1 25832.7 51665.5 97371.4
0 19851.4 19851.4 91518.8
2 28038.8 112155 99812.3
1 27942.5 55885 99901.2
2 30245.3 120981 102126
3 19476.7 19476.7 91442.4
1 30656.4 61312.8 102755
2 33747.4 134990 105704
1 33848.8 67697.7 106592
2 39135.5 156542 112076
2 45667.9 182672 118678
1 37791.6 75583.2 110703
59
1 636.089 1272.18 66513.6
2 291.523 583.046 66146.5
3 180.119 180.119 66180.4
2 2052.99 8211.97 67969.5
0 415.675 415.675 66482.3
3 3051.87 3051.87 68687.1
2 4192.68 16770.7 70147.9
2 6446.62 25786.5 72644.4
1 4672.73 4672.73 70815.1
2 8789.5 35158 75078.6
0 2804.55 2804.55 69100.7
3 5019.07 5019.07 71229.4
0 5562.59 5562.59 71794.1
1 9402.37 18804.7 75695.7
2 11894.6 23789.2 78255.4
3 6624.15 6624.15 73203.5
0 7852.14 7852.14 74603
3 8755.87 8755.87 75399.3
0 10171.8 10171.8 76768.2
3 11574.5 11574.5 78421.5
2 14259.2 57036.9 81460.8
2 18228 72912.1 85486.4
2 21383.2 85532.8 89579.6
1 11320.7 22641.3 79298.3
1 14817.2 29634.5 83791.8
0 10270.1 10270.1 79146.3
0 12574.9 12574.9 81567.3
1 17715.4 35430.7 86949.4
1 21965.1 43930.3 91383.9
3 12528.8 12528.8 82141.7
0 14375.8 14375.8 84033.7
2 21936.8 43873.6 91657.8
3 15074 15074 85074.3
2 23408.1 93632.3 93691.7
2 26506.1 106024 96997.4
1 25527.9 51055.8 95899.3
2 29108.7 116435 100080
0 15324.6 15324.6 86486
2 31112 124448 102316
3 15896.4 15896.4 87134.2
1 28012.4 56024.7 99250.4
0 17554 17554 88804.5
1 30432.9 60865.9 101675
1 32896.3 65792.5 104350
3 17681 17681 88885.8
0 19762.4 19762.4 91102.5
2 33773.4 67546.9 105283
1 35159.2 70318.4 106636
2 36238.5 144954 107789
2 40236.8 160947 111867
2 44126.1 176504 115945
1 37117.8 74235.6 109138
2 46482.5 185930 118618
3 18725.9 18725.9 90888.8
1 39802.7 79605.5 111994
1 42200 84400 114691
3 20372.8 20372.8 92891.2
1 43899.1 87798.3 116710
0 20534.1 20534.1 93401.5
57
2 290.258 1161.03 65998.3
1 349.156 349.156 66204.5
2 1907.12 3814.25 67561.7
1 2739.05 5478.1 68702.4
2 3865.2 7730.4 69829.4
3 146.983 146.983 66224.8
0 582.402 582.402 66980.6
2 6584.7 26338.8 73086
2 11059 44236 77604
1 5406.44 10812.9 71734.5
1 8478.08 16956.2 74849.4
3 1573.7 1573.7 68264.5
1 11282.7 22565.4 77644.1
1 14402.2 28804.4 81003.7
2 15706.1 31412.2 82879.9
1 16666 33332 83441.3
1 18848.2 37696.4 86219.2
0 2724.95 2724.95 69873.5
2 19044 76176.1 86263.1
2 22673.6 45347.3 90268.8
1 21698.3 43396.6 89318.6
3 5008.21 5008.21 74936.9
1 24135.6 48271.2 92050.3
2 26014.5 104058 94469
0 3647.86 3647.86 72263.6
1 26439.3 52878.6 95531.8
0 7135.32 7135.32 76116
3 7745.83 7745.83 76807.7
3 11239.4 11239.4 80546.5
0 11543.6 11543.6 80852.9
2 29383.7 58767.5 98592.6
0 14282.7 14282.7 84003.1
2 33023.2 132093 103587
3 14473.6 14473.6 84453.5
2 36572.4 146290 106577
0 16686.2 16686.2 86847.5
1 26860.6 53721.2 97457
1 28497.6 56995.2 99561.8
1 30373.9 60747.8 101863
3 14959.3 14959.3 86494
3 17325.1 17325.1 88799.3
0 18640.5 18640.5 90034
3 19007.2 19007.2 90834.5
0 20611.3 20611.3 92038.5
1 32591.8 65183.6 104359
2 37603.7 150415 109545
2 40526.8 162107 112509
1 35372.2 70744.3 107089
2 43892.7 175571 115882
3 21123.3 21123.3 92997.5
1 37230.4 74460.9 109667
1 40184.7 80369.4 112480
2 46862.8 187451 119427
0 21902.1 21902.1 94894.1
3 22472.3 22472.3 95012.7
1 42451.5 84902.9 115097
3 24193.7 24193.7 96960.6
56
1 636.089 1272.18 66513.6
2 291.523 583.046 66146.5
3 180.119 180.119 66180.4
2 2052.99 8211.97 67969.5
0 415.675 415.675 66482.3
3 3051.87 3051.87 68687.1
2 4192.68 16770.7 70147.9
2 6446.62 25786.5 72644.4
1 4672.73 4672.73 70815.1
2 8789.5 35158 75078.6
0 2804.55 2804.55 69100.7
3 5019.07 5019.07 71229.4
0 5562.59 5562.59 71794.1
1 9402.37 18804.7 75695.7
2 11894.6 23789.2 78255.4
3 6624.15 6624.15 73203.5
0 7852.14 7852.14 74603
3 8755.87 8755.87 75399.3
0 10171.8 10171.8 76768.2
3 11574.5 11574.5 78421.5
2 14259.2 57036.9 81460.8
2 18228 72912.1 85486.4
2 21383.2 85532.8 89579.6
1 11320.7 22641.3 79298.3
1 14817.2 29634.5 83791.8
0 10270.1 10270.1 79146.3
0 12574.9 12574.9 81567.3
1 17715.4 35430.7 86949.4
1 21965.1 43930.3 91383.9
2 23485.7 46971.3 92954.6
1 25749.1 51498.3 95194.3
3 14077.7 14077.7 83950.3
2 26237.5 52475.1 96046.6
1 27371.7 54743.5 97400.9
2 27381.8 109527 98152.1
0 13435.9 13435.9 84926.7
1 28529 57058 99593.2
2 29151.6 58303.3 100641
0 16737.6 16737.6 88272.4
3 17263.6 17263.6 88737.8
0 19078.7 19078.7 90472.3
3 18945.6 18945.6 90773
0 21049.6 21049.6 92476.8
1 30409.1 60818.1 102177
2 31667.5 126670 103608
2 34590.6 138362 106572
1 33189.4 66378.9 104906
2 37956.5 151826 109945
3 21061.8 21061.8 92936
1 35047.7 70095.4 107484
1 38002 76004 110297
2 40926.6 163706 113491
0 22340.3 22340.3 95332.3
3 22410.8 22410.8 94951.2
1 40268.7 80537.5 112914
3 24132.2 24132.2 96899.1
56
2 281.903 1127.61 66179.9
1 739.232 1478.46 66894.1
3 197.944 197.944 66247.5
2 4594.67 18378.7 70991
0 2619.93 2619.93 69127.1
3 2390.82 2390.82 68773.8
1 3193.03 3193.03 69599.9
3 5096.11 5096.11 71807.1
2 9459.07 37836.3 76059.4
1 5344.57 10689.1 71798.9
0 7270.91 7270.91 74219.6
1 7042.2 7042.2 73969.4
1 9348.73 18697.5 76326.7
2 11133.6 44534.5 78385.6
2 13548.3 54193.4 80941.5
3 7066.16 7066.16 74972.4
1 10609.9 21219.7 78200.8
0 8330.34 8330.34 76722
1 12926.9 25853.8 80898.2
3 10088.9 10088.9 78484
2 14791.6 29583.2 83276.7
0 10330.7 10330.7 79094.7
0 12505.1 12505.1 81245.6
2 16634.6 66538.3 86408.8
2 19978.1 79912.4 89680.8
3 12222.4 12222.4 81534.9
1 14918.5 29837 84744.6
1 17803.1 35606.3 87649.6
1 20894.2 41788.4 91073.7
2 22400.3 44800.5 92252.5
0 14373.3 14373.3 84842
3 13681.8 13681.8 84074.9
3 18644.7 18644.7 89439.9
2 23546 47092.1 94062.5
1 24352.4 48704.8 94908.2
2 25231.2 100925 95840
2 27806.7 111227 98727.7
2 32779.4 131118 103317
1 25781.1 51562.1 97329.7
0 17801.1 17801.1 89185.2
0 20396.7 20396.7 91928
0 22900.2 22900.2 94113.1
3 22838.9 22838.9 94403.6
0 24872.2 24872.2 96591.1
3 24575.2 24575.2 96490.5
3 26399.9 26399.9 98359.9
0 27392.3 27392.3 99508.9
1 28122 28122 100323
2 35304.8 141219 107834
3 27954.1 27954.1 100062
0 30999.9 30999.9 103361
3 29596.2 29596.2 102095
2 38627.8 154511 111776
1 30262.4 60524.8 103125
1 33015.1 66030.2 106004
1 36022.7 72045.4 109179
51
1 456.472 912.945 66527.9
3 116.737 116.737 66111.1
2 308.876 308.876 66209.3
2 2749.4 5498.8 68550.6
2 4595.44 18381.8 70397.1
0 638.506 638.506 66580.2
2 6143.2 24572.8 72394.5
1 2735.68 5471.37 68919.6
2 8483.95 33935.8 74833.6
3 2167.1 2167.1 68531.9
0 2950 2950 69527.7
3 4168.5 4168.5 70691.6
1 4426.59 4426.59 71003
2 10521.6 42086.4 76883.8
1 9277.41 18554.8 78590.1
2 12051.1 24102.2 78424.1
2 13572.8 54291.2 80372.5
1 14330.6 28661.2 81466.6
0 4777.85 4777.85 72257.5
2 14475.9 57903.5 82672.3
1 17343.1 34686.3 85320.7
2 16840.6 33681.1 85815.1
3 4444.85 4444.85 73321
0 5526.22 5526.22 74518.7
2 20412 40824 89646
1 21067.6 42135.2 90486.4
2 24582.7 49165.3 94051.6
1 24851.6 49703.2 94296.8
3 8419.37 8419.37 78291.9
1 26655.9 53311.8 96465
2 27150.8 54301.6 97180
2 28515.1 114061 99285.5
0 6387.31 6387.31 77878.1
1 27425.4 54850.7 98974
0 10091.2 10091.2 81475.3
3 11734.7 11734.7 83266
0 12696 12696 83908.8
3 14182.8 14182.8 85747.4
0 14668 14668 86386.9
3 15919.1 15919.1 87834.4
0 17155.8 17155.8 89115.8
3 17738.7 17738.7 89855.3
0 19422.1 19422.1 91623.4
2 29527.8 118111 102057
3 19666.7 19666.7 91774.9
3 22815.3 22815.3 95176.7
0 21753.4 21753.4 94251.9
2 32850.9 131403 105999
1 29016.9 58033.8 101880
1 31769.7 63539.3 104759
1 34777.3 69554.5 107934
55
2 281.903 1127.61 66179.9
1 739.232 1478.46 66894.1
3 197.944 197.944 66247.5
2 4594.67 18378.7 70991
0 2619.93 2619.93 69127.1
3 2390.82 2390.82 68773.8
1 3193.03 3193.03 69599.9
3 5096.11 5096.11 71807.1
2 9459.07 37836.3 76059.4
1 5344.57 10689.1 71798.9
0 7270.91 7270.91 74219.6
1 7042.2 7042.2 73969.4
1 9348.73 18697.5 76326.7
2 11133.6 44534.5 78385.6
2 13548.3 54193.4 80941.5
1 11763.9 23527.8 79306.4
3 6722 6722 74956.1
1 14142.7 28285.4 82432.2
0 7340.89 7340.89 76336.1
2 16058.8 32117.6 85068.7
2 20172.3 80689.1 89946.5
2 23515.8 94063.3 93218.5
3 8751.48 8751.48 78064
1 15526 31051.9 85352
1 18410.6 36821.2 88257.1
1 21501.7 43003.3 91681.2
1 25714.4 51428.8 95566.6
0 9623.61 9623.61 80092.3
3 10211 10211 80604
3 15173.8 15173.8 85969
2 25505.4 51010.7 96021.8
1 27187.6 54375.1 97743.3
2 27190.5 108762 97799.3
2 29766 119064 100687
2 34738.8 138955 105276
1 28784 57567.9 99848.1
1 30660.2 61320.5 102150
0 12649.2 12649.2 84183.9
0 15194 15194 86668.2
0 17314.7 17314.7 88708.3
0 19278.5 19278.5 91105.8
3 19187 19187 90614.2
1 32878.1 65756.2 104646
2 38048.2 152193 109989
2 40971.3 163885 112953
1 35658.5 71317 107375
2 44337.1 177348 116326
3 20442.5 20442.5 92316.7
1 37516.8 75033.6 109953
1 40471.1 80942.1 112766
2 47307.3 189229 119871
0 21129.3 21129.3 94121.3
3 21791.5 21791.5 94331.9
1 42737.8 85475.6 115383
3 23512.9 23512.9 96279.8
65
1 456.472 912.945 66527.9
3 116.737 116.737 66111.1
2 308.876 308.876 66209.3
2 2749.4 5498.8 68550.6
2 4595.44 18381.8 70397.1
0 638.506 638.506 66580.2
2 6143.2 24572.8 72394.5
1 2735.68 5471.37 68919.6
2 8483.95 33935.8 74833.6
3 2167.1 2167.1 68531.9
0 2950 2950 69527.7
3 4168.5 4168.5 70691.6
1 4426.59 4426.59 71003
2 10521.6 42086.4 76883.8
1 9277.41 18554.8 78590.1
2 12051.1 24102.2 78424.1
2 13572.8 54291.2 80372.5
1 14330.6 28661.2 81466.6
0 4777.85 4777.85 72257.5
3 5707.27 5707.27 73613.5
2 15056.5 30113 82647.4
0 6208.43 6208.43 74600.1
1 16531.8 33063.7 84503.1
3 8729.98 8729.98 77125.1
2 16545.2 33090.4 85030.3
0 8208.79 8208.79 76972.8
0 10383.2 10383.2 79123.7
2 18388.2 73552.8 88162.4
2 21731.7 86926.9 91434.4
3 10863.5 10863.5 80176
1 18523.4 37046.9 88349.5
1 21408.1 42816.1 91254.5
1 24499.2 48998.3 94678.7
2 24153.9 48307.8 94006.1
0 12251.4 12251.4 82720.1
3 12322.9 12322.9 82716
3 17285.8 17285.8 88081
2 25299.7 50599.3 95816.1
2 27263.2 54526.3 97819
2 29529 118116 100138
2 32104.5 128418 103025
2 37077.2 148309 107615
2 40440.9 161764 111412
0 15743.5 15743.5 86905
2 42444.3 169777 113648
0 17983.1 17983.1 89220.9
1 27522.9 55045.7 98760.9
0 20288.9 20288.9 91539.3
1 29943.4 59886.9 101186
1 32406.8 64813.6 103861
3 21570.5 21570.5 92775.3
0 22497.3 22497.3 93837.4
1 35186.2 70372.5 106696
1 37505 75009.9 108982
2 45102.7 180411 116653
2 49101.1 196404 120731
2 52990.3 211961 124810
1 39463.6 78927.2 111484
2 55346.7 221387 127483
3 22615.4 22615.4 94778.3
1 42148.5 84297.1 114339
1 44545.8 89091.6 117037
0 23482.9 23482.9 96001.4
1 46244.9 92489.9 119056
3 23951.3 23951.3 96818.7
51
2 281.903 1127.61 66179.9
1 739.232 1478.46 66894.1
3 197.944 197.944 66247.5
2 4594.67 18378.7 70991
0 2619.93 2619.93 69127.1
3 2390.82 2390.82 68773.8
1 3193.03 3193.03 69599.9
3 5096.11 5096.11 71807.1
2 9459.07 37836.3 76059.4
1 5344.57 10689.1 71798.9
0 7270.91 7270.91 74219.6
1 7042.2 7042.2 73969.4
1 9348.73 18697.5 76326.7
2 11133.6 44534.5 78385.6
2 13548.3 54193.4 80941.5
1 12707.8 25415.6 80303
2 15829.5 31658.9 83449.7
3 8794.22 8794.22 78722.9
1 16865.2 33730.3 84779.8
2 17449.6 69798.5 85904.2
0 7745.51 7745.51 76361.2
1 19168.9 38337.7 88261.4
0 11233 11233 80213.7
3 11531.8 11531.8 80593.7
3 15025.5 15025.5 84332.5
2 19262.1 77048.4 89036.3
2 22605.6 90422.5 92308.3
0 14662.4 14662.4 83974.9
1 21267.6 42535.3 91093.7
1 24152.3 48304.6 93998.8
2 26645.8 53291.5 96825.3
1 26286.8 52573.6 96139
0 17262.4 17262.4 87731.2
3 18194.3 18194.3 88587.3
3 23157.1 23157.1 93952.3
1 28051.2 56102.4 98567.7
1 30188.6 60377.2 100744
2 30281 121124 100890
2 32856.5 131426 103777
2 37829.2 151317 108367
2 41248.9 164995 112633
0 20316.8 20316.8 92147.7
2 42955.9 171824 115124
1 30991.5 61983.1 102942
2 45654.9 182620 117642
1 33333.1 66666.2 105417
0 22683.9 22683.9 95023.2
1 37169.6 74339.2 109643
0 25466.5 25466.5 97749.7
2 47137.2 188549 120109
1 40526.6 81053.2 113364
54
2 281.903 1127.61 66179.9
1 739.232 1478.46 66894.1
3 197.944 197.944 66247.5
2 4594.67 18378.7 70991
0 2619.93 2619.93 69127.1
3 2390.82 2390.82 68773.8
1 3193.03 3193.03 69599.9
3 5096.11 5096.11 71807.1
2 9459.07 37836.3 76059.4
1 5344.57 10689.1 71798.9
0 7270.91 7270.91 74219.6
1 7042.2 7042.2 73969.4
1 9348.73 18697.5 76326.7
2 11133.6 44534.5 78385.6
2 13548.3 54193.4 80941.5
1 10804.5 21608.9 79151.7
1 13677 27354.1 81717.1
2 15579.1 31158.2 84315.1
2 20373.8 81495.2 88619.8
2 23369.8 93479.1 91720.4
3 5702.64 5702.64 74266.2
0 8040.11 8040.11 76384.8
1 15262.8 30525.6 83950
3 8132.67 8132.67 77102.2
0 9421.23 9421.23 78526.8
3 11384.2 11384.2 80768.4
0 11912.7 11912.7 81373
1 18587 37174 87526.6
3 14726.1 14726.1 84364.5
0 15517.5 15517.5 85101.3
3 19509.4 19509.4 89225.5
0 18997.4 18997.4 88887.2
2 23580.3 94321 94071.7
1 20711.4 41422.9 91497.5
1 24294.3 48588.6 97565.3
2 24923 49846 96200.4
0 21211.7 21211.7 92363.7
2 27350.8 54701.6 98681.8
1 28764.6 57529.3 99980.6
2 29866.6 59733.2 100983
3 21973.8 21973.8 93271.7
1 30988.3 61976.7 102552
2 31818.5 63637 103357
0 23043.3 23043.3 94710.8
2 34112.9 136452 105886
1 33461.7 66923.4 105420
2 36319.4 145277 108200
3 23120.1 23120.1 95085.8
1 36175.6 72351.2 108275
2 39821.5 159286 111778
1 39368.1 78736.1 112111
2 45209.6 180838 118150
2 51742.1 206968 124752
1 43310.8 86621.6 116223
53
1 636.089 1272.18 66513.6
2 291.523 583.046 66146.5
3 180.119 180.119 66180.4
2 2052.99 8211.97 67969.5
0 415.675 415.675 66482.3
3 3051.87 3051.87 68687.1
2 4192.68 16770.7 70147.9
2 6446.62 25786.5 72644.4
1 4672.73 4672.73 70815.1
2 8789.5 35158 75078.6
0 2804.55 2804.55 69100.7
3 5019.07 5019.07 71229.4
0 5562.59 5562.59 71794.1
1 9402.37 18804.7 75695.7
2 11894.6 23789.2 78255.4
3 6624.15 6624.15 73203.5
0 7852.14 7852.14 74603
3 8755.87 8755.87 75399.3
0 10171.8 10171.8 76768.2
3 11574.5 11574.5 78421.5
2 14259.2 57036.9 81460.8
2 18228 72912.1 85486.4
1 11132.9 22265.9 78675.4
0 11519.4 11519.4 79753.6
1 13511.7 27023.4 81801.2
3 12468.5 12468.5 81463.7
1 16407.9 32815.9 85417.8
1 20405.3 40810.6 89874.2
2 19841.3 39682.7 89286.5
0 15181.1 15181.1 85053.7
2 20997.6 41995.2 90806.7
2 22334.1 44668.1 92363.2
2 23698.4 94793.5 94468.7
3 13516.5 13516.5 85007.2
1 22257 44514 93534.4
3 17197.2 17197.2 88349.2
1 25055.7 50111.4 96386.7
2 25591.3 51182.6 96807.3
2 27498.5 54997 98614.7
0 18767 18767 90064.9
1 27646.1 55292.2 99209.3
2 29450.4 58900.9 100989
3 18556 18556 90223.5
2 31744.9 126979 103518
1 30119.4 60238.9 102078
2 33951.3 135805 105832
0 20392.6 20392.6 92358.3
1 32833.4 65666.7 104932
2 37453.5 149814 109410
1 36025.8 72051.6 108769
2 42841.5 171366 115782
2 49374 197496 122384
1 39968.5 79937.1 112880
54
2 290.258 1161.03 65998.3
1 349.156 349.156 66204.5
2 1907.12 3814.25 67561.7
1 2739.05 5478.1 68702.4
2 3865.2 7730.4 69829.4
3 146.983 146.983 66224.8
0 582.402 582.402 66980.6
2 6584.7 26338.8 73086
2 11059 44236 77604
1 5406.44 10812.9 71734.5
1 8478.08 16956.2 74849.4
3 1573.7 1573.7 68264.5
1 11282.7 22565.4 77644.1
1 14402.2 28804.4 81003.7
2 15706.1 31412.2 82879.9
1 16666 33332 83441.3
1 18848.2 37696.4 86219.2
0 2724.95 2724.95 69873.5
2 19044 76176.1 86263.1
2 22673.6 45347.3 90268.8
1 21698.3 43396.6 89318.6
3 5008.21 5008.21 74936.9
1 24135.6 48271.2 92050.3
2 26014.5 104058 94469
0 3647.86 3647.86 72263.6
1 26439.3 52878.6 95531.8
0 7135.32 7135.32 76116
3 7745.83 7745.83 76807.7
3 11239.4 11239.4 80546.5
0 10744.9 10744.9 80357.7
0 13166.3 13166.3 82824.2
2 26826.2 53652.5 96547.2
3 14692.6 14692.6 84693
2 28297.5 113190 98581.1
2 31395.5 125582 101887
1 27930.6 55861.3 98302
1 30188.9 60377.8 101738
0 14050.7 14050.7 85434.8
3 15410 15410 86941.3
0 16655.5 16655.5 87868.3
3 17858.1 17858.1 89422.8
0 18627.5 18627.5 90346.4
3 19594.5 19594.5 91509.8
0 21115.3 21115.3 93075.3
3 21414 21414 93530.7
0 23381.6 23381.6 95582.9
2 33159.7 132639 105689
3 23342.1 23342.1 95450.3
3 26490.7 26490.7 98852.1
0 25712.9 25712.9 98211.4
2 36482.7 145931 109631
1 31780.5 63561 104643
1 34533.2 69066.5 107522
1 37540.8 75081.7 110698
55
2 290.258 1161.03 65998.3
1 349.156 349.156 66204.5
2 1907.12 3814.25 67561.7
1 2739.05 5478.1 68702.4
2 3865.2 7730.4 69829.4
3 146.983 146.983 66224.8
0 582.402 582.402 66980.6
2 6584.7 26338.8 73086
2 11059 44236 77604
1 5406.44 10812.9 71734.5
1 8478.08 16956.2 74849.4
3 1573.7 1573.7 68264.5
1 11282.7 22565.4 77644.1
1 14402.2 28804.4 81003.7
2 15706.1 31412.2 82879.9
1 16666 33332 83441.3
1 18848.2 37696.4 86219.2
0 2724.95 2724.95 69873.5
2 19044 76176.1 86263.1
2 22673.6 45347.3 90268.8
1 21698.3 43396.6 89318.6
3 5008.21 5008.21 74936.9
1 24135.6 48271.2 92050.3
2 26014.5 104058 94469
0 3647.86 3647.86 72263.6
1 26439.3 52878.6 95531.8
0 7135.32 7135.32 76116
3 7745.83 7745.83 76807.7
3 11239.4 11239.4 80546.5
0 10658.6 10658.6 80296.9
0 14017.4 14017.4 83601.2
3 16905.3 16905.3 86621.4
0 17497.3 17497.3 87387.1
2 26328.9 105316 96820.4
1 26971.4 53942.9 97757.5
2 29735.4 59470.8 103006
1 29126.3 58252.5 100404
0 19711.6 19711.6 90863.6
1 31925 63849.9 103256
2 33587.7 67175.4 104804
1 34275.5 68551 105392
3 19369.6 19369.6 90667.5
2 35206.3 70412.7 106770
1 35847.4 71694.8 107386
3 20874.4 20874.4 92541.8
2 37477.6 149910 109251
1 37957.1 75914.2 109916
2 39684 158736 111565
0 21191.2 21191.2 93157
1 40671 81342.1 112770
2 43186.1 172745 115143
1 43863.5 87727 116606
2 48574.2 194297 121515
2 55106.7 220427 128116
1 47806.2 95612.5 120718
52
2 290.258 1161.03 65998.3
1 349.156 349.156 66204.5
2 1907.12 3814.25 67561.7
1 2739.05 5478.1 68702.4
2 3865.2 7730.4 69829.4
3 146.983 146.983 66224.8
0 582.402 582.402 66980.6
2 6584.7 26338.8 73086
2 11059 44236 77604
1 5406.44 10812.9 71734.5
1 8478.08 16956.2 74849.4
3 1573.7 1573.7 68264.5
1 11282.7 22565.4 77644.1
1 14402.2 28804.4 81003.7
2 15706.1 31412.2 82879.9
1 16666 33332 83441.3
1 18848.2 37696.4 86219.2
0 2724.95 2724.95 69873.5
2 19044 76176.1 86263.1
3 3280.15 3280.15 71186.4
2 20453.5 40907 88044.4
0 4232.69 4232.69 72624.4
1 21959.4 43918.7 89930.7
3 6302.86 6302.86 74697.9
2 21942.2 43884.4 90427.3
0 6233.05 6233.05 74997.1
0 8407.48 8407.48 77148
3 8748.33 8748.33 78361.2
0 9437.9 9437.9 79095.8
2 22784.5 45569 92505.5
0 11715.1 11715.1 81715.5
2 24255.7 97023 94539.4
2 27353.8 109415 97845.1
1 23343.5 46687 93714.9
1 25601.8 51203.6 97150.5
3 9907.6 9907.6 81291.8
3 12008.8 12008.8 83540.1
0 12936.1 12936.1 84149
3 14456.9 14456.9 86021.6
0 14908.1 14908.1 86627
3 16193.3 16193.3 88108.5
0 17395.9 17395.9 89355.9
3 18012.8 18012.8 90129.5
0 19662.2 19662.2 91863.5
2 29118 116472 101647
3 19940.8 19940.8 92049
3 23089.5 23089.5 95450.8
0 21993.5 21993.5 94492
2 32441 129764 105589
1 27193.4 54386.7 100056
1 29946.1 59892.2 102935
1 32953.7 65907.4 106110
38
2 281.903 1127.61 66179.9
1 739.232 1478.46 66894.1
3 197.944 197.944 66247.5
2 4594.67 18378.7 70991
0 2619.93 2619.93 69127.1
3 2390.82 2390.82 68773.8
1 3193.03 3193.03 69599.9
3 5096.11 5096.11 71807.1
2 9459.07 37836.3 76059.4
1 5344.57 10689.1 71798.9
0 7270.91 7270.91 74219.6
1 7042.2 7042.2 73969.4
1 9348.73 18697.5 76326.7
2 11133.6 44534.5 78385.6
2 13548.3 54193.4 80941.5
1 11763.9 23527.8 79306.4
3 6722 6722 74956.1
1 14142.7 28285.4 82432.2
0 7340.89 7340.89 76336.1
2 16058.8 32117.6 85068.7
3 9063.46 9063.46 78676.3
0 8785.86 8785.86 78443.8
1 14885.5 29770.9 84606.5
0 11063.1 11063.1 81063.4
2 19106 76423.8 89389.6
2 22204 88815.8 92695.3
1 17092.8 34185.6 87464.2
2 24862.5 99449.9 96246.1
3 9855.68 9855.68 81686.6
2 26569.5 106278 98737.2
1 18725.3 37450.6 90676.2
2 29268.5 117074 101256
1 21066.9 42133.7 93150.3
0 11599.6 11599.6 83939
1 24903.4 49806.8 97377
3 11456.8 11456.8 83740
2 30750.8 123003 103723
1 28260.4 56520.8 101098
62
2 290.258 1161.03 65998.3
1 349.156 349.156 66204.5
2 1907.12 3814.25 67561.7
1 2739.05 5478.1 68702.4
2 3865.2 7730.4 69829.4
3 146.983 146.983 66224.8
0 582.402 582.402 66980.6
2 6584.7 26338.8 73086
2 11059 44236 77604
1 5406.44 10812.9 71734.5
1 8478.08 16956.2 74849.4
3 1573.7 1573.7 68264.5
1 11282.7 22565.4 77644.1
1 14402.2 28804.4 81003.7
2 15706.1 31412.2 82879.9
1 16666 33332 83441.3
1 18848.2 37696.4 86219.2
0 2724.95 2724.95 69873.5
2 19044 76176.1 86263.1
3 3280.15 3280.15 71186.4
2 20453.5 40907 88044.4
0 4232.69 4232.69 72624.4
1 21959.4 43918.7 89930.7
3 6302.86 6302.86 74697.9
2 21942.2 43884.4 90427.3
0 6233.05 6233.05 74997.1
0 8407.48 8407.48 77148
2 23785.2 95140.8 93559.4
2 27128.7 108515 96831.4
3 8436.36 8436.36 77748.8
1 23951 47901.9 93777
1 26835.6 53671.2 96682.1
1 29926.7 59853.4 100106
2 29550.9 59101.8 99403.1
0 10275.7 10275.7 80744.4
3 9895.83 9895.83 80288.9
3 14858.7 14858.7 85653.9
2 30696.7 61393.3 101213
2 32660.2 65320.3 103216
2 34926 139704 105535
2 37501.5 150006 108422
2 42474.2 169897 113011
1 32892 65783.9 103956
1 34768.2 69536.5 106258
0 13301.2 13301.2 84836
0 15846.1 15846.1 87320.3
0 17966.7 17966.7 89360.3
3 18804.5 18804.5 90631.8
0 19937.6 19937.6 91364.8
1 36986.1 73972.3 108754
2 45783.6 183135 117725
2 48706.7 194827 120688
1 39766.5 79533 111483
2 52072.6 208290 124061
3 20920.6 20920.6 92794.8
1 41624.8 83249.6 114061
1 44579.1 89158.1 116874
2 55042.7 220171 127607
0 21228.4 21228.4 94220.4
3 22269.6 22269.6 94810
1 46845.8 93691.6 119491
0 24014.5 24014.5 96781.3
55
2 290.258 1161.03 65998.3
1 349.156 349.156 66204.5
2 1907.12 3814.25 67561.7
1 2739.05 5478.1 68702.4
2 3865.2 7730.4 69829.4
3 146.983 146.983 66224.8
0 582.402 582.402 66980.6
2 6584.7 26338.8 73086
2 11059 44236 77604
1 5406.44 10812.9 71734.5
1 8478.08 16956.2 74849.4
3 1573.7 1573.7 68264.5
1 11282.7 22565.4 77644.1
1 14402.2 28804.4 81003.7
2 15706.1 31412.2 82879.9
1 16666 33332 83441.3
1 18848.2 37696.4 86219.2
0 2724.95 2724.95 69873.5
2 19044 76176.1 86263.1
3 3280.15 3280.15 71186.4
2 20453.5 40907 88044.4
0 4232.69 4232.69 72624.4
1 21959.4 43918.7 89930.7
3 6302.86 6302.86 74697.9
2 21942.2 43884.4 90427.3
0 6233.05 6233.05 74997.1
0 8407.48 8407.48 77148
3 9403.94 9403.94 78713.2
2 25342 50684 94550.8
0 9431.21 9431.21 79151.6
2 28981.5 115926 99545.7
0 11218.8 11218.8 81198.7
2 32530.7 130123 102536
3 13095.9 13095.9 83257.2
1 22273.5 44547 92869.9
1 23910.5 47821 94974.7
1 25786.8 51573.6 97276.3
0 11863.1 11863.1 83397.9
0 14408 14408 85882.2
3 15075.6 15075.6 86469.2
0 16452.4 16452.4 88279.7
3 16744.4 16744.4 88171.6
1 28004.7 56009.3 99772.3
2 33562 134248 105503
2 36485.1 145940 108467
1 30785.1 61570.1 102502
2 39850.9 159404 111840
3 17999.9 17999.9 89874.1
1 32643.3 65286.7 105079
1 35597.6 71195.2 107893
2 42821 171284 115385
0 18303.2 18303.2 91295.2
3 19348.9 19348.9 91889.3
1 37864.4 75728.7 110510
0 21089.3 21089.3 93856.1
61
2 290.258 1161.03 65998.3
1 349.156 349.156 66204.5
2 1907.12 3814.25 67561.7
1 2739.05 5478.1 68702.4
2 3865.2 7730.4 69829.4
3 146.983 146.983 66224.8
0 582.402 582.402 66980.6
2 6584.7 26338.8 73086
2 11059 44236 77604
1 5406.44 10812.9 71734.5
1 8478.08 16956.2 74849.4
3 1573.7 1573.7 68264.5
1 11282.7 22565.4 77644.1
1 14402.2 28804.4 81003.7
2 15706.1 31412.2 82879.9
1 16666 33332 83441.3
1 18848.2 37696.4 86219.2
0 2724.95 2724.95 69873.5
2 19044 76176.1 86263.1
2 19872.9 79491.4 88069.3
1 22770.7 45541.3 90748.3
2 22237.5 44475.1 91212.1
3 2017.73 2017.73 70893.9
0 3550.49 3550.49 72542.9
2 25809 51618 95043
1 26495.1 52990.2 95913.9
2 29431.5 117726 99205.7
2 32775 131100 102478
3 4131.39 4131.39 73443.9
1 30665.4 61330.7 100491
1 33550 67100 103396
2 36815.1 73630.3 106995
1 35684.5 71369 105537
0 6189.23 6189.23 76657.9
3 5590.86 5590.86 75983.9
3 10553.7 10553.7 81348.9
1 37448.9 74897.8 107965
1 39586.3 79172.6 110142
2 40450.4 161802 111059
2 43025.9 172104 113947
2 47998.6 191994 118536
1 41182.7 82365.4 112247
1 43059 86118 114548
0 9214.82 9214.82 80749.6
0 11759.6 11759.6 83233.9
0 13880.3 13880.3 85273.9
3 14499.5 14499.5 86326.8
0 15851.2 15851.2 87278.4
1 45276.9 90553.8 117044
2 51308.1 205232 123249
2 54231.1 216925 126213
1 48057.3 96114.5 119774
2 57597 230388 129586
3 16615.7 16615.7 88489.9
1 49915.5 99831.1 122352
1 52869.8 105740 125165
2 60567.1 242268 133131
0 17142 17142 90134
3 17964.6 17964.6 90505
1 55136.6 110273 127782
0 19928 19928 92694.9
49
2 290.258 1161.03 65998.3
1 349.156 349.156 66204.5
2 1907.12 3814.25 67561.7
1 2739.05 5478.1 68702.4
2 3865.2 7730.4 69829.4
3 146.983 146.983 66224.8
0 582.402 582.402 66980.6
2 6584.7 26338.8 73086
2 11059 44236 77604
1 5406.44 10812.9 71734.5
1 8478.08 16956.2 74849.4
3 1573.7 1573.7 68264.5
1 11282.7 22565.4 77644.1
1 14402.2 28804.4 81003.7
2 15706.1 31412.2 82879.9
1 16666 33332 83441.3
1 18848.2 37696.4 86219.2
0 2724.95 2724.95 69873.5
2 19044 76176.1 86263.1
2 21712.4 43424.8 89254.8
3 2935.99 2935.99 71170.1
1 21055.5 42111 89345
0 3243.24 3243.24 72238.4
1 23951.8 47903.5 92961.6
3 5184.77 5184.77 74823.1
0 5600.12 5600.12 75183.9
3 9968.06 9968.06 79684.1
0 9079.99 9079.99 78969.8
2 22145.3 88581.2 92636.7
2 23682.6 47365.2 94468.7
1 27503.6 55007.2 100775
2 25820.2 51640.5 97368.9
0 11182.9 11182.9 82567
3 12359.4 12359.4 83890.7
0 13787.7 13787.7 85000.6
3 14807.5 14807.5 86372.2
0 15759.7 15759.7 87478.6
3 16543.9 16543.9 88459.2
0 18247.5 18247.5 90207.5
3 18363.4 18363.4 90480.1
0 20513.8 20513.8 92715.1
2 28063.2 112253 100592
3 20291.5 20291.5 92399.7
3 23440.1 23440.1 95801.5
0 22845.1 22845.1 95343.6
2 31386.2 125545 104534
1 30462 60924.1 103325
1 33214.8 66429.5 106204
2 34888.2 69776.4 108045
55
2 281.903 1127.61 66179.9
1 739.232 1478.46 66894.1
3 197.944 197.944 66247.5
2 4594.67 18378.7 70991
0 2619.93 2619.93 69127.1
3 2390.82 2390.82 68773.8
1 3193.03 3193.03 69599.9
3 5096.11 5096.11 71807.1
2 9459.07 37836.3 76059.4
1 5344.57 10689.1 71798.9
0 7270.91 7270.91 74219.6
1 7042.2 7042.2 73969.4
1 9348.73 18697.5 76326.7
2 11133.6 44534.5 78385.6
2 13548.3 54193.4 80941.5
1 12707.8 25415.6 80303
2 15829.5 31658.9 83449.7
3 8794.22 8794.22 78722.9
1 16865.2 33730.3 84779.8
2 17449.6 69798.5 85904.2
0 7745.51 7745.51 76361.2
1 19168.9 38337.7 88261.4
0 11233 11233 80213.7
3 11531.8 11531.8 80593.7
3 15025.5 15025.5 84332.5
0 14842.5 14842.5 84455.4
0 17263.9 17263.9 86921.8
2 18261.4 36522.8 87982.4
3 18478.6 18478.6 88479
2 19732.7 78930.6 90016.3
2 22830.7 91322.7 93322
1 20660.2 41320.4 91031.6
2 25433.3 101733 96404.2
0 18212.7 18212.7 89374.1
2 27436.6 109747 98640.2
3 19301.1 19301.1 90538.9
1 23144.6 46289.3 94382.7
0 20442.1 20442.1 91692.6
1 25565.2 51130.4 96807.3
1 28028.6 56057.1 99482.6
3 21085.7 21085.7 92290.5
0 22650.5 22650.5 93990.6
2 30098 60196.1 101608
1 30291.5 60582.9 101769
2 32563.1 130252 104114
2 36561.4 146246 108192
2 40450.7 161803 112270
1 32250.1 64500.2 104270
2 42807.1 171228 114943
3 22130.6 22130.6 94293.5
1 34935 69870 107126
1 37332.3 74664.6 109823
0 23636.1 23636.1 96154.6
1 39031.4 78062.8 111842
3 23466.5 23466.5 96333.9
45
1 636.089 1272.18 66513.6
2 291.523 583.046 66146.5
3 180.119 180.119 66180.4
2 2052.99 8211.97 67969.5
0 415.675 415.675 66482.3
3 3051.87 3051.87 68687.1
2 4192.68 16770.7 70147.9
2 6446.62 25786.5 72644.4
1 4672.73 4672.73 70815.1
2 8789.5 35158 75078.6
0 2804.55 2804.55 69100.7
3 5019.07 5019.07 71229.4
0 5562.59 5562.59 71794.1
1 9402.37 18804.7 75695.7
2 11894.6 23789.2 78255.4
3 6624.15 6624.15 73203.5
0 7852.14 7852.14 74603
3 8755.87 8755.87 75399.3
0 10171.8 10171.8 76768.2
3 11574.5 11574.5 78421.5
2 14259.2 57036.9 81460.8
2 18228 72912.1 85486.4
1 11132.9 22265.9 78675.4
0 11519.4 11519.4 79753.6
1 13511.7 27023.4 81801.2
3 12468.5 12468.5 81463.7
1 16407.9 32815.9 85417.8
0 13346.4 13346.4 82984.7
3 15025.1 15025.1 84608.9
0 17520.1 17520.1 87236.2
3 18796.8 18796.8 88686.6
2 19092 76368.2 89583.5
1 18602.6 37205.3 89388.7
2 22498.5 44997 95769.5
2 26364.8 105459 97748.5
0 19821.8 19821.8 91652.7
2 28071.8 112287 100240
1 19635.8 39271.6 91586.7
2 30770.9 123084 102758
1 21977.4 43954.7 94060.8
3 19816 19816 92155.4
1 25813.9 51627.8 98287.5
0 22095.9 22095.9 94379.2
2 32253.1 129013 105225
1 29170.9 58341.8 102009
