63
2 146.331 585.323 65716.5
3 184.024 184.024 66096.7
5 302.314 1209.26 66229.2
4 273.479 273.479 66226.8
0 606.3 606.3 66706.3
1 489.665 979.33 66423.2
2 1468.95 1468.95 67682.1
5 1947.43 7789.73 68200.5
4 1831.31 1831.31 68029.8
1 2144.42 4288.85 68534
7 1464.7 1464.7 68159.2
2 3280.21 13120.9 69676
4 3214.34 6428.68 69538.9
5 3675.56 7351.12 70154.2
2 6315.93 25263.7 72962.5
7 3861.39 7722.78 70258.7
1 4711.31 9422.62 71354.6
5 6718.32 26873.3 73693.3
6 1789.44 1789.44 68902.6
3 1176.84 1176.84 68085
2 8959.73 35838.9 75712.9
4 5202.13 10404.3 72341.7
7 6300.25 12600.5 73361.3
1 6747.61 13495.2 73906.9
2 10475.1 41900.4 77823.7
4 8312.12 16624.2 75452.7
0 2173.05 2173.05 69650.5
7 8491.12 16982.2 76066.1
3 2603.23 2603.23 70029.3
6 4188.17 4188.17 72094.4
1 8507.87 17015.7 76098.8
3 3967.95 3967.95 72359.6
5 8001.58 16003.2 75972.9
0 3717.05 3717.05 72112.1
4 8777.85 17555.7 77263
6 5579.86 5579.86 74343.9
0 5879.01 5879.01 74619.5
5 9652.91 38611.7 79427.1
2 10704.8 42819.1 80407.5
3 4882.5 4882.5 74195
7 8681.58 17363.2 78507.6
1 8109.23 16218.5 77955.7
4 10034.9 20069.8 80214.4
1 10222.4 20444.8 80074.6
3 6679.01 6679.01 77147.7
0 5974.49 5974.49 76367.5
6 7754.31 7754.31 78549.5
7 11300.5 22600.9 81816.9
5 11243.1 22486.2 81798.9
2 12098.1 48392.2 82706.8
5 13188.3 52753.2 84109.2
2 15189.1 60756.6 85726.4
5 15645.5 62581.9 87029.1
0 7042.32 7042.32 78873.2
5 17168.1 68672.5 89335.8
1 10080.9 20161.7 82031.7
2 17808 71232.1 89795.4
7 11680.5 23361 83764
0 8520.59 8520.59 80860
4 9946.01 19892 82419.6
3 8852.93 8852.93 81136.2
5 18721.7 74887 91693.7
1 11061.4 22122.8 83899.1
63
4 276.138 552.276 66153.7
5 284.315 568.629 66139.3
3 180.119 180.119 66180.4
2 296.525 1186.1 66213
1 354.503 354.503 66421.1
0 511.21 511.21 66146.5
5 2329.07 9316.28 68284.3
2 1964.45 7857.79 68162.3
7 469.886 469.886 66612.3
2 3917.42 15669.7 70206.6
4 1823.09 1823.09 68119.2
3 1957.24 1957.24 68167.6
1 1949.81 1949.81 68181.3
4 3802.5 7604.99 70095.9
7 3671.06 7342.12 70031.9
0 2231.75 2231.75 68811.1
6 2450.87 2450.87 69201.8
3 3501.32 3501.32 70144.7
5 3767.9 3767.9 70364.2
1 3674.96 3674.96 70522
2 5118.13 20472.5 72319.7
5 6602.08 26408.3 73860.5
4 4315.68 8631.37 72662.9
7 4866.45 9732.91 72906.5
1 4732.86 9465.72 73468.9
2 6921.76 27687 75167.8
5 8799.78 35199.1 77150.4
0 2322.65 2322.65 70886.2
6 2937.71 2937.71 71282.4
4 6263.32 12526.6 74950.5
3 3747.4 3747.4 72716.9
6 3918.84 3918.84 73024.5
0 4259.96 4259.96 73644.2
6 5792.05 5792.05 75252.3
1 6723.92 13447.8 75663.6
3 5405.14 5405.14 74714.4
7 7252.08 14504.2 76460.9
0 6443.78 6443.78 76164.2
2 7533.98 30135.9 78098.2
4 7081.29 7081.29 77061.2
5 8611.22 34444.9 78616.1
3 6293.75 6293.75 76455
1 8313.74 16627.5 78910.1
4 7539.4 15078.8 78603.6
7 8720.29 17440.6 80209.8
6 6296.45 6296.45 77831.2
0 6520.4 6520.4 77994.6
0 8164.2 8164.2 79557.8
3 8040.51 8040.51 79867.9
6 8471.69 8471.69 79898.9
4 8807.69 17615.4 80575.3
2 8489.04 33956.2 80429.9
5 9021.81 36087.3 81003.5
1 9542.94 19085.9 81259.5
2 10665.9 42663.5 82654.8
0 9211.98 9211.98 81086.2
7 10152.7 20305.5 82588.8
4 10262.9 20525.8 82558.1
5 10797.5 43189.9 83361.4
6 9657.58 9657.58 82649.6
3 9793.83 9793.83 82334.2
1 10632.4 21264.8 83278.1
0 9887.02 9887.02 82653.9
42
2 127.601 255.203 66199
4 110.598 110.598 66104.9
3 148.116 148.116 66048.6
5 342.119 684.239 66143.3
5 2182.95 8731.79 67984.6
0 638.506 638.506 66580.2
2 2400.23 9600.9 68651.5
1 628.121 1256.24 66812
5 3573.83 14295.3 69923.5
3 1749.4 1749.4 68114.2
4 2047.82 2047.82 68625.5
0 2101.37 2101.37 68624.5
1 2086.87 2086.87 68663.3
2 4223.62 16894.5 70585.8
7 1079.55 2159.09 70392.2
4 4172.07 8344.15 70545.1
5 5179.28 20717.1 71979
1 3997.7 7995.4 71133.7
3 2602.32 2602.32 70082
7 5677.12 11354.2 73219.6
6 2160.55 2160.55 70394.7
4 3804.62 7609.25 72094.1
0 1502.33 1502.33 70497.5
2 5173.69 10347.4 74183.6
3 2729.69 2729.69 72368
6 2268.48 2268.48 71852.3
0 3883.03 3883.03 73599.1
1 3985.28 3985.28 73875.1
5 3440.5 13762 73931.9
4 3111.9 6223.8 73897.9
7 4527.03 9054.07 77798
5 4519.21 18076.8 75902.9
6 3021.11 3021.11 74852
5 6041.86 24167.5 78209.6
4 3966.82 7933.64 75917.7
2 6265.17 25060.7 78252.5
1 5223.03 10446.1 77306.5
3 2955.91 2955.91 75295.3
4 6857.2 13714.4 79330.8
6 4515.25 4515.25 76798.5
2 7407.62 29630.5 80379.5
1 6380.35 12760.7 79218
46
2 290.258 1161.03 65998.3
4 185.853 185.853 66041.2
5 441.875 883.749 66096.4
1 656.849 1313.7 66620.2
7 1625.77 3251.54 67590
3 146.983 146.983 66224.8
0 582.402 582.402 66980.6
2 1727.81 6911.26 68229.1
5 3040.34 12161.4 69585.3
4 1953.54 3907.08 68281.6
1 2228.74 4457.48 68600.1
3 1554.36 1554.36 68245.2
7 3235 6470 69596.4
1 3801.52 7603.05 70403
2 3121.35 6242.71 70295.1
4 4823.3 9646.59 71598.6
7 4835.44 9670.89 72206.5
0 1905.15 1905.15 69053.7
5 6387.71 25550.8 73606.8
6 2484.38 2484.38 70390.7
1 4557.62 9115.23 72148.5
3 2594.61 2594.61 70986.3
2 3854.42 7708.83 71825.7
0 3030.36 3030.36 71425.4
4 4923.75 9847.5 73408.8
6 3876.07 3876.07 72640.1
3 4753.15 4753.15 73493.6
0 4113.69 4113.69 73423
2 4700.68 9401.36 73909.5
1 4508.21 4508.21 74228.6
5 5729.56 22918.2 76293.7
6 4770.87 4770.87 74750.8
2 6899.03 27596.1 76903.9
7 3785.78 3785.78 73947.1
4 4425.25 8850.49 75021.6
5 7829.99 31320 79213.7
3 3692.56 3692.56 75523.4
2 7233.59 28934.3 79401.3
1 4234.89 8469.78 76185.8
5 9213 36852 81200.3
7 5295.05 10590.1 77378.5
6 4388.55 4388.55 76727.9
4 5961.15 11922.3 78434.7
0 4455.99 4455.99 76739.3
2 8787.21 35148.8 81759.1
1 5215.43 10430.9 78053.1
53
2 127.601 255.203 66199
4 110.598 110.598 66104.9
3 148.116 148.116 66048.6
5 342.119 684.239 66143.3
5 2182.95 8731.79 67984.6
0 638.506 638.506 66580.2
2 2400.23 9600.9 68651.5
1 628.121 1256.24 66812
5 3573.83 14295.3 69923.5
3 1749.4 1749.4 68114.2
4 2047.82 2047.82 68625.5
0 2101.37 2101.37 68624.5
1 2086.87 2086.87 68663.3
2 4223.62 16894.5 70585.8
7 1079.55 2159.09 70392.2
4 4172.07 8344.15 70545.1
5 5179.28 20717.1 71979
1 3997.7 7995.4 71133.7
3 2602.32 2602.32 70082
6 2484.38 2484.38 70390.7
4 4699.76 9399.51 72290.6
0 2973.94 2973.94 71365.6
7 5151 10302 73122.3
6 3907.74 3907.74 72302.8
2 3910.95 7821.89 72396
3 3130.51 3130.51 71894.5
1 4336.73 4336.73 73077.2
0 3449.92 3449.92 73088.2
3 4503.22 4503.22 74087
6 5437.75 5437.75 75153.8
7 4510.07 4510.07 74399.8
5 3440.5 13762 73931.9
4 3672.69 7345.38 74458.7
2 4735.29 9470.59 78006.3
1 3922.61 7845.22 75200
5 4615.91 4615.91 75767.9
4 5575.95 11151.9 76907
1 5927.26 11854.5 77143.3
7 5879.17 11758.3 76995.3
0 4622.31 4622.31 75920.2
5 6164 12328 77727.2
4 7262.53 14525.1 78801.2
3 5261.4 5261.4 76928.8
5 7956.64 31826.6 79730.1
1 7203.16 14406.3 79161.8
2 7939.41 31757.7 79820.5
0 5753.97 5753.97 77719.7
7 7326.76 14653.5 79425.9
5 11151.7 44607 83108.5
4 9099.34 18198.7 81842.2
2 10929.9 43719.6 83870.4
5 12124.4 48497.7 85134.1
1 8221.1 16442.2 81133
59
4 276.138 552.276 66153.7
5 284.315 568.629 66139.3
3 180.119 180.119 66180.4
2 296.525 1186.1 66213
1 354.503 354.503 66421.1
0 511.21 511.21 66146.5
5 2329.07 9316.28 68284.3
2 1964.45 7857.79 68162.3
7 469.886 469.886 66612.3
2 3917.42 15669.7 70206.6
4 1823.09 1823.09 68119.2
3 1957.24 1957.24 68167.6
1 1949.81 1949.81 68181.3
4 3802.5 7604.99 70095.9
7 3671.06 7342.12 70031.9
0 2231.75 2231.75 68811.1
6 2450.87 2450.87 69201.8
3 3501.32 3501.32 70144.7
5 3767.9 3767.9 70364.2
1 3674.96 3674.96 70522
2 5118.13 20472.5 72319.7
5 6602.08 26408.3 73860.5
2 6409.45 25637.8 74605.9
7 4794.74 9589.49 72772.3
4 3699.14 7398.29 72673.7
0 1968.03 1968.03 70844.2
6 1971.13 1971.13 70963.6
1 3828.95 7657.9 73063
7 5415.12 10830.2 74833.9
3 3274.05 3274.05 72886.9
0 2744.11 2744.11 72402
4 5450.49 10901 75171.5
6 3883.93 3883.93 73884.3
2 6822.67 27290.7 77106.3
5 6577.67 26310.7 77069
1 4616.4 9232.8 74987.8
2 8083.46 32333.8 79054.4
0 3505.71 3505.71 74667.2
5 8364.07 33456.3 79567.7
3 4451.77 4451.77 75689.6
4 5737.55 11475.1 76975.6
6 4575.28 4575.28 75825.8
1 7047.81 14095.6 78289.9
4 7570.05 15140.1 79024.1
0 5043.99 5043.99 76248.8
3 6153.7 6153.7 77493.8
7 7444.71 14889.4 78954.6
1 8652.24 17304.5 80129.3
2 9507.76 38031 81058.2
5 10672.1 42688.3 82302.2
2 11206.2 44824.9 83025.6
7 8914.77 17829.5 80934.9
2 13458.7 53834.8 85594.5
6 5664.34 5664.34 77827.2
4 8853.1 17706.2 81044.1
1 9943.15 19886.3 82434.2
0 5463.8 5463.8 77982.2
7 10006.8 20013.5 82817.6
3 6431.2 6431.2 79298.6
57
2 290.258 1161.03 65998.3
4 185.853 185.853 66041.2
5 441.875 883.749 66096.4
1 656.849 1313.7 66620.2
7 1625.77 3251.54 67590
3 146.983 146.983 66224.8
0 582.402 582.402 66980.6
2 1727.81 6911.26 68229.1
5 3040.34 12161.4 69585.3
4 1953.54 3907.08 68281.6
1 2228.74 4457.48 68600.1
3 1554.36 1554.36 68245.2
7 3235 6470 69596.4
1 3801.52 7603.05 70403
2 3121.35 6242.71 70295.1
4 4823.3 9646.59 71598.6
7 4835.44 9670.89 72206.5
0 1905.15 1905.15 69053.7
5 6387.71 25550.8 73606.8
2 5099.96 10199.9 72695.2
1 4764.8 9529.59 72385.1
6 970.404 970.404 70899.1
7 5885.14 11770.3 73799.8
5 7034.43 28137.7 75489
3 1584.64 1584.64 70200.4
4 4411.85 8823.7 73504.3
0 3558.42 3558.42 72539.1
3 2992.26 2992.26 72054.2
6 5079.58 5079.58 74386.6
1 5308.94 5308.94 74618.2
2 4862.01 9724.01 74070.9
3 3872.55 3872.55 73592.9
5 7781.28 31125.1 78345.5
3 5184.85 5184.85 75164.8
2 7060.36 28241.4 77065.2
0 4876.52 4876.52 75037.8
4 4520.74 9041.49 75117.1
7 5849.46 11698.9 76913.7
4 5704.61 11409.2 77194.1
3 5479.22 5479.22 77014
1 6470.76 6470.76 77945
0 6777.86 6777.86 78171.4
6 6666.02 6666.02 78493.4
7 7014.86 7014.86 78442.1
2 7723.68 15447.4 79491.3
5 8736.35 34945.4 80677.2
2 9677.19 38708.8 81658.9
4 7826.88 15653.8 79543.4
5 10913.2 43652.8 82902.1
3 7207.45 7207.45 79081.7
1 7918.46 15836.9 80354.5
7 7977.29 15954.6 80272.5
2 11452.8 45811.4 84016.8
0 7930.11 7930.11 80922.1
6 8419.34 8419.34 80959.7
4 8916.34 17832.7 81562
3 7882.49 7882.49 80649.3
56
4 276.138 552.276 66153.7
5 284.315 568.629 66139.3
3 180.119 180.119 66180.4
2 296.525 1186.1 66213
1 354.503 354.503 66421.1
0 511.21 511.21 66146.5
5 2329.07 9316.28 68284.3
2 1964.45 7857.79 68162.3
7 469.886 469.886 66612.3
2 3917.42 15669.7 70206.6
4 1823.09 1823.09 68119.2
3 1957.24 1957.24 68167.6
1 1949.81 1949.81 68181.3
4 3802.5 7604.99 70095.9
7 3671.06 7342.12 70031.9
0 2231.75 2231.75 68811.1
6 2450.87 2450.87 69201.8
3 3501.32 3501.32 70144.7
5 3767.9 3767.9 70364.2
1 3674.96 3674.96 70522
2 5118.13 20472.5 72319.7
5 6602.08 26408.3 73860.5
2 6409.45 25637.8 74605.9
7 4794.74 9589.49 72772.3
4 3699.14 7398.29 72673.7
0 1968.03 1968.03 70844.2
6 1971.13 1971.13 70963.6
1 3828.95 7657.9 73063
7 5415.12 10830.2 74833.9
4 5150.32 10300.6 74619.2
1 6696.53 13393.1 76141.7
3 4369.44 4369.44 74242
2 6858.22 13716.4 76667.3
5 7667.12 15334.2 77696.3
2 7969.58 31878.3 78739.9
0 1618.49 1618.49 73109.2
1 6619.9 13239.8 77684.1
4 6212.68 12425.4 77702.2
6 1976.29 1976.29 73511
6 4337.92 4337.92 75812.2
0 4849.28 4849.28 76242.8
6 5897.06 5897.06 77724.4
0 6344.05 6344.05 77771.3
7 7179.44 14358.9 78947
5 8152.65 32610.6 80093.5
2 9145.66 36582.6 81127.4
1 7800.66 15601.3 79517.2
5 10329.5 41318 82318.4
3 6947.8 6947.8 78822
4 7645.12 15290.2 80081.2
7 8634.64 17269.3 80929.9
2 10921.3 43685.3 83485.2
0 7529.94 7529.94 80521.9
6 7650.38 7650.38 80190.7
1 8890.12 17780.2 81535.8
3 7622.85 7622.85 80389.7
56
5 173.904 695.617 66071.9
4 315.065 630.131 66470
3 197.944 197.944 66247.5
2 2585.24 10341 68981.5
6 264.453 264.453 66771.6
1 271.729 271.729 66654.7
0 561.977 561.977 66968.9
3 1290.31 1290.31 68001.3
5 1446.16 5784.63 68046.5
4 1943.89 3887.77 68398.3
0 1960.96 1960.96 68909.6
1 2162.95 2162.95 69090.1
7 2516.19 5032.38 69494.2
5 2899.95 11599.8 70151.9
5 5184.64 20738.6 72577.8
3 2456.55 2456.55 70362.8
4 2552.89 5105.79 70143.8
0 2857.51 2857.51 71249.2
1 3356.36 6712.72 71327.6
6 2382.62 2382.62 70777.7
7 2819.35 5638.69 71304.4
4 3245.82 3245.82 72009.9
3 4129.7 4129.7 72870.2
2 4203.84 16815.3 73978.1
5 5458.86 21835.4 75161.5
6 3300.59 3300.59 72613.1
1 3881.71 7763.43 73707.8
7 3314.91 6629.83 73161.4
4 4781.78 9563.56 74961.3
7 5428.06 10856.1 75280.2
0 3603.25 3603.25 74072
3 4225.18 4225.18 74618.2
6 6023.49 6023.49 76818.7
2 6245.48 12491 76761.9
1 5905.22 11810.4 76461
5 6852.14 27408.6 77460.9
2 8158.21 32632.8 79079.1
5 9943.23 39772.9 80480.5
7 6061.85 12123.7 77610.5
3 5657.64 5657.64 77041.8
0 6576.86 6576.86 78108.2
1 7337.05 7337.05 78549.9
3 7494.47 7494.47 79059.1
4 7313.14 7313.14 79032.1
1 8463.22 8463.22 80378.5
7 8468.83 8468.83 80428.8
0 8438.34 8438.34 80555
4 8967.32 8967.32 81168.6
2 8928.08 35712.3 81457
3 8869.92 8869.92 80978.1
6 7827.76 7827.76 80189.1
1 9669.89 9669.89 82168.4
5 11033.7 44134.7 84181.6
7 9502.7 19005.4 82365.7
4 10266.9 20533.8 83256.2
2 11135.1 22270.2 84291.9
51
2 127.601 255.203 66199
4 110.598 110.598 66104.9
3 148.116 148.116 66048.6
5 342.119 684.239 66143.3
5 2182.95 8731.79 67984.6
0 638.506 638.506 66580.2
2 2400.23 9600.9 68651.5
1 628.121 1256.24 66812
5 3573.83 14295.3 69923.5
3 1749.4 1749.4 68114.2
4 2047.82 2047.82 68625.5
0 2101.37 2101.37 68624.5
1 2086.87 2086.87 68663.3
2 4223.62 16894.5 70585.8
7 1079.55 2159.09 70392.2
4 4172.07 8344.15 70545.1
5 5179.28 20717.1 71979
1 3997.7 7995.4 71133.7
3 2602.32 2602.32 70082
2 4171.79 16687.2 72368.2
7 5887.47 11774.9 73865.1
4 4148.4 8296.8 73122.9
0 1781.46 1781.46 70657.6
6 1998.15 1998.15 70990.6
1 4743.5 9487 73977.6
2 5898.75 11797.5 75317.5
5 5328.37 10656.7 74797.3
4 6156.71 12313.4 75601.9
3 4468.89 4468.89 74341.5
1 7260.34 14520.7 77069.4
4 7129.05 14258.1 77158.2
5 6683.9 26735.6 77454.2
0 1431.92 1431.92 72922.7
7 6264.2 12528.4 77812.9
6 2536.97 2536.97 73921.1
6 4551.88 4551.88 76083.2
0 4830.62 4830.62 76043.5
0 6497.39 6497.39 78062.1
6 6772.86 6772.86 78491.8
1 6982.7 6982.7 78898
4 7026.17 7026.17 78986.1
3 7096.68 7096.68 79213.4
2 7303.96 7303.96 79505.2
5 6985.58 27942.3 79514.5
0 7872.83 7872.83 79981
7 8450.93 8450.93 80812.3
6 8097.95 8097.95 80596.4
2 9089.03 36356.1 82237
1 7971.9 15943.8 80834.9
4 8422.08 16844.2 81411.3
5 9192.61 18385.2 82349.4
55
5 173.904 695.617 66071.9
4 315.065 630.131 66470
3 197.944 197.944 66247.5
2 2585.24 10341 68981.5
6 264.453 264.453 66771.6
1 271.729 271.729 66654.7
0 561.977 561.977 66968.9
3 1290.31 1290.31 68001.3
5 1446.16 5784.63 68046.5
4 1943.89 3887.77 68398.3
0 1960.96 1960.96 68909.6
1 2162.95 2162.95 69090.1
7 2516.19 5032.38 69494.2
5 2899.95 11599.8 70151.9
5 5184.64 20738.6 72577.8
4 3811.78 7623.56 71354.2
3 2392.29 2392.29 70626.4
7 2753.68 5507.37 71043.2
0 1568.77 1568.77 70563.9
2 1957.09 3914.19 70967
2 5432.09 21728.4 75206.3
5 5458.86 21835.4 75161.5
1 1162.61 1162.61 70475.1
1 3090.57 6181.15 72916.6
7 2938.18 5876.36 72784.7
4 3281.73 6563.47 73461.3
7 5051.33 10102.7 74903.5
6 1033.13 1033.13 71501.8
0 2412.96 2412.96 72806
3 3375.11 3375.11 74170.3
1 5709.45 11418.9 76225.9
4 6306.76 12613.5 76862.5
5 6852.14 27408.6 77460.9
2 6721.25 26885 77642.2
2 9876.41 39505.6 80413.7
7 5381.71 10763.4 76445.9
1 6656.02 13312 78145.5
0 3282.73 3282.73 74817.5
6 4027.36 4027.36 75501.6
0 5525.34 5525.34 76918.9
6 5586.49 5586.49 77413.9
7 6547.11 6547.11 77974.3
4 7521.01 15042 79288.6
5 7857.15 31428.6 79798
5 10709.5 42838.2 82691.3
7 8090.88 16181.8 79807.5
2 11345.6 45382.3 83334.5
0 6573.11 6573.11 78447.3
1 8088.46 16176.9 80524.5
4 8976.21 17952.4 81271.4
5 12485.2 49940.8 85049.1
3 6488.91 6488.91 79480.9
6 7339.81 7339.81 79880.2
7 9180.34 18360.7 81826
0 7248.16 7248.16 80015
65
2 127.601 255.203 66199
4 110.598 110.598 66104.9
3 148.116 148.116 66048.6
5 342.119 684.239 66143.3
5 2182.95 8731.79 67984.6
0 638.506 638.506 66580.2
2 2400.23 9600.9 68651.5
1 628.121 1256.24 66812
5 3573.83 14295.3 69923.5
3 1749.4 1749.4 68114.2
4 2047.82 2047.82 68625.5
0 2101.37 2101.37 68624.5
1 2086.87 2086.87 68663.3
2 4223.62 16894.5 70585.8
7 1079.55 2159.09 70392.2
4 4172.07 8344.15 70545.1
5 5179.28 20717.1 71979
1 3997.7 7995.4 71133.7
3 2602.32 2602.32 70082
6 2484.38 2484.38 70390.7
4 4699.76 9399.51 72290.6
0 2973.94 2973.94 71365.6
7 5151 10302 73122.3
6 3907.74 3907.74 72302.8
2 3910.95 7821.89 72396
3 3130.51 3130.51 71894.5
1 4336.73 4336.73 73077.2
5 5233.56 20934.2 75007.8
2 4786.66 19146.6 74489.3
0 3888.49 3888.49 73201
4 4906.12 9812.24 74732.2
1 4972.22 9944.45 74818.7
7 5049.78 10099.6 75229.3
1 7085.37 14170.7 76937.6
3 4378.58 4378.58 74847.3
6 4614.8 4614.8 75007.8
0 6611.39 6611.39 77406.6
2 6756.77 13513.5 77273.2
5 6823.74 13647.5 77379.5
2 8406 33624 79014.8
5 8768.93 35075.7 79689.9
2 11497.1 45988.3 82034.4
5 11200 44800.1 82171
6 6111.53 6111.53 77273
5 13169.3 52677 84372.8
4 6823.89 6823.89 78061.8
1 7503.62 15007.2 78741.7
3 7581.55 7581.55 78832
7 7963.82 15927.6 79205.9
4 8656.19 17312.4 80110.3
6 7649.81 7649.81 78854.6
1 9205.75 9205.75 80545.8
7 9664.37 19328.7 81174.3
4 10852.2 21704.5 82329.3
2 14561.3 58245.2 86111.7
5 15477.3 61909 87107.4
2 16259.7 65039 88079.1
1 10522.1 21044.3 82542.3
2 18512.2 74048.9 90648.1
3 8670.61 8670.61 80833.5
7 11003.3 22006.5 83194.2
1 12038.6 24077.2 84529.6
6 8069.63 8069.63 80588.1
4 11318.1 22636.3 84129
0 9289.97 9289.97 82157.4
51
5 173.904 695.617 66071.9
4 315.065 630.131 66470
3 197.944 197.944 66247.5
2 2585.24 10341 68981.5
6 264.453 264.453 66771.6
1 271.729 271.729 66654.7
0 561.977 561.977 66968.9
3 1290.31 1290.31 68001.3
5 1446.16 5784.63 68046.5
4 1943.89 3887.77 68398.3
0 1960.96 1960.96 68909.6
1 2162.95 2162.95 69090.1
7 2516.19 5032.38 69494.2
5 2899.95 11599.8 70151.9
5 5184.64 20738.6 72577.8
2 3728.26 7456.52 71323.5
4 2760.07 5520.15 70380.3
6 1268.15 1268.15 71196.8
1 3464.03 6928.05 71378.7
5 6421.47 25685.9 74876
3 1451.77 1451.77 70067.5
7 2307.45 4614.9 71399.9
0 3128.89 3128.89 72109.6
3 2859.4 2859.4 71921.3
2 4014.51 4014.51 73321.6
5 7770.42 31081.7 77544.6
2 7274.77 29099.1 76977.5
4 2452.81 2452.81 71765.3
1 3932.75 7865.5 73758.8
7 3410.41 6820.83 73256.9
4 4537.22 9074.45 74716.8
7 5523.56 11047.1 75375.7
6 4216.52 4216.52 74685.2
3 3276.29 3276.29 73669.3
0 4124.6 4124.6 74919.8
1 6551.62 13103.2 77068.1
7 6790.51 13581 77346.3
2 8668.05 34672.2 79276.8
5 9059.57 36238.3 79980.5
2 11759.1 47036.5 82296.4
5 11516.8 46067 82900.4
3 4344.12 4344.12 76175
5 13039.4 52157.6 85207.1
4 6425.71 12851.4 78376.6
2 14378 57512.1 86365.4
1 6931.67 13863.3 79015.1
3 5822.39 5822.39 78161.8
7 8285.8 16571.6 80759.4
6 6390.44 6390.44 78673.7
5 14593 58372.1 87565
4 7406.25 14812.5 80243.9
54
5 173.904 695.617 66071.9
4 315.065 630.131 66470
3 197.944 197.944 66247.5
2 2585.24 10341 68981.5
6 264.453 264.453 66771.6
1 271.729 271.729 66654.7
0 561.977 561.977 66968.9
3 1290.31 1290.31 68001.3
5 1446.16 5784.63 68046.5
4 1943.89 3887.77 68398.3
0 1960.96 1960.96 68909.6
1 2162.95 2162.95 69090.1
7 2516.19 5032.38 69494.2
5 2899.95 11599.8 70151.9
5 5184.64 20738.6 72577.8
4 2618.08 5236.15 70965.3
1 3104.89 6209.79 71144.9
7 3602.9 7205.8 72338.9
2 4282.45 17129.8 72528.5
5 6103.76 24415 74454.3
3 1886.07 1886.07 70449.6
0 2645.54 2645.54 70990.2
4 4565.71 9131.42 73252.9
6 2313.07 2313.07 71282.6
3 3533.11 3533.11 72638.7
1 3855.01 3855.01 73239.3
0 3943.24 3943.24 73403.5
7 5593.96 11187.9 74533.6
6 3366.89 3366.89 73005.2
3 5247.41 5247.41 74831.2
2 5663.39 5663.39 75379.5
6 5055.19 5055.19 74945
5 6245.05 24980.2 76736.5
4 4634.96 9269.92 75421
1 5240.46 10480.9 78511.5
4 6712.81 13425.6 77990.2
0 5065.6 5065.6 76217.6
7 7344.34 14688.7 78675.4
5 7312.5 14625 78528.5
2 7554.6 15109.2 78670.8
3 6364.34 6364.34 77662.2
4 8471.44 16942.9 80034.6
1 8772.59 17545.2 80311.3
0 6403.01 6403.01 78070.5
5 8735.4 34941.6 80508.9
7 8734.06 17468.1 80692.7
2 9066.68 36266.7 80947.8
6 6277.15 6277.15 78242.9
4 9933.74 19867.5 82032.8
5 11930.5 47722 83887.3
1 10609.4 21218.8 83352.2
2 12057.2 48228.7 84997.7
5 12903.2 51612.8 85912.9
7 9751.99 19504 82663.9
53
4 276.138 552.276 66153.7
5 284.315 568.629 66139.3
3 180.119 180.119 66180.4
2 296.525 1186.1 66213
1 354.503 354.503 66421.1
0 511.21 511.21 66146.5
5 2329.07 9316.28 68284.3
2 1964.45 7857.79 68162.3
7 469.886 469.886 66612.3
2 3917.42 15669.7 70206.6
4 1823.09 1823.09 68119.2
3 1957.24 1957.24 68167.6
1 1949.81 1949.81 68181.3
4 3802.5 7604.99 70095.9
7 3671.06 7342.12 70031.9
0 2231.75 2231.75 68811.1
6 2450.87 2450.87 69201.8
3 3501.32 3501.32 70144.7
5 3767.9 3767.9 70364.2
1 3674.96 3674.96 70522
2 5118.13 20472.5 72319.7
5 6602.08 26408.3 73860.5
7 4677.21 9354.41 72219.7
0 2685.28 2685.28 70919.4
4 3355.37 6710.74 71644.9
6 1860.94 1860.94 70856.1
1 4182.87 8365.75 73192.8
7 4584.59 9169.18 74053.5
4 3712.04 7424.08 73157.2
0 4349.17 4349.17 74221.7
2 4444.53 8889.06 74253.6
4 4684.38 9368.76 74713.5
2 5555.89 22223.6 76326.2
3 1511.43 1511.43 73002.2
4 5558.93 11117.9 76836.4
6 2013.05 2013.05 73165
1 6003.51 12007 77334.5
7 6133.68 12267.4 77349.7
5 6035.61 12071.2 77151.8
6 3720.91 3720.91 75018.8
2 7176.98 14354 78740.2
4 7191.91 14383.8 78730.6
3 4694.91 4694.91 76362.4
5 7791.43 31165.7 79564.9
1 7393.22 14786.4 79351.9
2 8791.35 35165.4 80672.5
6 4852.56 4852.56 76818.3
7 7257.66 14515.3 79356.8
5 10986.5 43946.1 82943.3
4 9028.72 18057.4 81771.5
2 11781.9 47127.4 84722.4
5 11959.2 47836.9 84968.9
1 8411.16 16822.3 81323.1
54
2 290.258 1161.03 65998.3
4 185.853 185.853 66041.2
5 441.875 883.749 66096.4
1 656.849 1313.7 66620.2
7 1625.77 3251.54 67590
3 146.983 146.983 66224.8
0 582.402 582.402 66980.6
2 1727.81 6911.26 68229.1
5 3040.34 12161.4 69585.3
4 1953.54 3907.08 68281.6
1 2228.74 4457.48 68600.1
3 1554.36 1554.36 68245.2
7 3235 6470 69596.4
1 3801.52 7603.05 70403
2 3121.35 6242.71 70295.1
4 4823.3 9646.59 71598.6
7 4835.44 9670.89 72206.5
0 1905.15 1905.15 69053.7
5 6387.71 25550.8 73606.8
2 5099.96 10199.9 72695.2
1 4764.8 9529.59 72385.1
6 970.404 970.404 70899.1
7 5885.14 11770.3 73799.8
5 7034.43 28137.7 75489
3 1584.64 1584.64 70200.4
4 4411.85 8823.7 73504.3
0 3558.42 3558.42 72539.1
3 2992.26 2992.26 72054.2
6 5079.58 5079.58 74386.6
3 4780.94 4780.94 74393.8
1 4284.95 4284.95 73942.8
4 5857.27 11714.5 75578.3
1 6340.84 6340.84 76341.2
2 6605.18 26420.7 76888.8
5 7244.69 28978.8 77736
7 5353.2 10706.4 75724.6
4 6359.87 12719.7 77908.5
0 5274.79 5274.79 76658.9
3 5664.74 5664.74 77196
6 7004.49 7004.49 78217.4
1 6793.86 6793.86 78358.5
0 6917.86 6917.86 78636.8
2 6994.64 6994.64 78909.9
7 7123.99 7123.99 79083.9
3 7526.21 7526.21 79642.9
6 8029.5 8029.5 80230.8
5 8209.52 32838.1 80738.4
1 8169.3 8169.3 80277.5
4 8546.61 8546.61 80908
2 8201.31 8201.31 80699.8
2 10028.2 40112.9 83176.2
7 8157.86 16315.7 81020.9
1 9713.45 19426.9 82702.7
7 9986.71 19973.4 83143.5
55
2 290.258 1161.03 65998.3
4 185.853 185.853 66041.2
5 441.875 883.749 66096.4
1 656.849 1313.7 66620.2
7 1625.77 3251.54 67590
3 146.983 146.983 66224.8
0 582.402 582.402 66980.6
2 1727.81 6911.26 68229.1
5 3040.34 12161.4 69585.3
4 1953.54 3907.08 68281.6
1 2228.74 4457.48 68600.1
3 1554.36 1554.36 68245.2
7 3235 6470 69596.4
1 3801.52 7603.05 70403
2 3121.35 6242.71 70295.1
4 4823.3 9646.59 71598.6
7 4835.44 9670.89 72206.5
0 1905.15 1905.15 69053.7
5 6387.71 25550.8 73606.8
2 5099.96 10199.9 72695.2
1 4764.8 9529.59 72385.1
6 970.404 970.404 70899.1
7 5885.14 11770.3 73799.8
5 7034.43 28137.7 75489
3 1584.64 1584.64 70200.4
4 4411.85 8823.7 73504.3
0 3558.42 3558.42 72539.1
3 2992.26 2992.26 72054.2
6 5079.58 5079.58 74386.6
3 4701.85 4701.85 74340.2
1 4993.73 4993.73 74577.5
0 4235.23 4235.23 73951.3
2 4873.11 4873.11 74762.9
5 7279.71 29118.9 77771.2
4 4886.39 9772.79 75672.4
7 5107.25 10214.5 78378.3
1 6301.91 12603.8 77579.3
3 6001.29 6001.29 77153.2
4 6789.65 13579.3 78120.7
2 6843.06 13686.1 78059.1
1 8297.62 16595.2 79413.8
0 6680.27 6680.27 77978.2
5 8167.29 16334.6 79730.5
2 8320.21 16640.4 79858.9
6 6754.23 6754.23 78421.7
5 9959.93 39839.7 81733.4
4 8179.36 16358.7 80138
2 10254.8 41019.2 82135.9
3 6987 6987 78952.8
7 8286.22 16572.4 80385.3
5 13155 52620.1 85111.8
1 9711.92 19423.8 82454.7
2 13245.3 52981.2 86185.8
5 14127.7 56510.9 87137.4
4 9197.3 18394.6 82109.2
52
2 290.258 1161.03 65998.3
4 185.853 185.853 66041.2
5 441.875 883.749 66096.4
1 656.849 1313.7 66620.2
7 1625.77 3251.54 67590
3 146.983 146.983 66224.8
0 582.402 582.402 66980.6
2 1727.81 6911.26 68229.1
5 3040.34 12161.4 69585.3
4 1953.54 3907.08 68281.6
1 2228.74 4457.48 68600.1
3 1554.36 1554.36 68245.2
7 3235 6470 69596.4
1 3801.52 7603.05 70403
2 3121.35 6242.71 70295.1
4 4823.3 9646.59 71598.6
7 4835.44 9670.89 72206.5
0 1905.15 1905.15 69053.7
5 6387.71 25550.8 73606.8
6 2484.38 2484.38 70390.7
1 4557.62 9115.23 72148.5
3 2594.61 2594.61 70986.3
2 3854.42 7708.83 71825.7
0 3030.36 3030.36 71425.4
4 4923.75 9847.5 73408.8
6 3876.07 3876.07 72640.1
3 4753.15 4753.15 73493.6
0 4218.3 4218.3 73831.2
1 4048.4 4048.4 73706.3
2 5205.25 10410.5 74926.3
6 5038.11 5038.11 75038.4
5 5352.07 21408.3 75635.7
2 7211.12 28844.5 77702.4
7 3759.88 7519.76 74131.3
4 4199.75 8399.5 75748.4
3 4066.5 4066.5 75450.7
1 4483.6 4483.6 76014.9
0 5157.18 5157.18 76370.1
6 5491.12 5491.12 77055.8
3 5709.58 5709.58 77428.5
7 5575.9 5575.9 77491.2
5 5696.57 5696.57 77656.5
0 6271.95 6271.95 78388.6
1 6303.55 6303.55 78504.8
5 7323.22 29292.9 79852.2
4 6158.03 6158.03 78266.2
6 7570.4 7570.4 79931.8
7 6782.57 6782.57 79281.1
2 7638.39 30553.6 80786.3
4 7340.14 14680.3 80203.1
1 7603.15 15206.3 80592.4
7 8449.82 16899.6 81606.6
38
5 173.904 695.617 66071.9
4 315.065 630.131 66470
3 197.944 197.944 66247.5
2 2585.24 10341 68981.5
6 264.453 264.453 66771.6
1 271.729 271.729 66654.7
0 561.977 561.977 66968.9
3 1290.31 1290.31 68001.3
5 1446.16 5784.63 68046.5
4 1943.89 3887.77 68398.3
0 1960.96 1960.96 68909.6
1 2162.95 2162.95 69090.1
7 2516.19 5032.38 69494.2
5 2899.95 11599.8 70151.9
5 5184.64 20738.6 72577.8
4 3811.78 7623.56 71354.2
3 2392.29 2392.29 70626.4
7 2753.68 5507.37 71043.2
0 1568.77 1568.77 70563.9
2 1957.09 3914.19 70967
1 1795 1795 71407.9
6 2154.94 2154.94 71812.8
7 2858.19 5716.38 72579.2
0 2961.94 2961.94 72962.3
5 4427.41 17709.6 74711
2 3684.16 14736.7 74175.5
4 2907.64 5815.28 73279
5 5306.68 21226.7 76690.3
3 1795.26 1795.26 73626.1
2 5538.06 22152.2 77705.8
1 2032.43 4064.87 73983.3
5 6689.69 26758.7 78677
7 2442.81 4885.62 74526.3
6 1877.48 1877.48 74216.9
4 3488.73 6977.47 75962.3
0 2625.53 2625.53 74908.8
2 7091.68 28366.7 80063.6
1 3012.97 6025.94 75850.6
62
2 290.258 1161.03 65998.3
4 185.853 185.853 66041.2
5 441.875 883.749 66096.4
1 656.849 1313.7 66620.2
7 1625.77 3251.54 67590
3 146.983 146.983 66224.8
0 582.402 582.402 66980.6
2 1727.81 6911.26 68229.1
5 3040.34 12161.4 69585.3
4 1953.54 3907.08 68281.6
1 2228.74 4457.48 68600.1
3 1554.36 1554.36 68245.2
7 3235 6470 69596.4
1 3801.52 7603.05 70403
2 3121.35 6242.71 70295.1
4 4823.3 9646.59 71598.6
7 4835.44 9670.89 72206.5
0 1905.15 1905.15 69053.7
5 6387.71 25550.8 73606.8
6 2484.38 2484.38 70390.7
1 4557.62 9115.23 72148.5
3 2594.61 2594.61 70986.3
2 3854.42 7708.83 71825.7
0 3030.36 3030.36 71425.4
4 4923.75 9847.5 73408.8
6 3876.07 3876.07 72640.1
3 4753.15 4753.15 73493.6
2 5505.75 22023 75280
5 6150.74 24603 75853.4
0 3948.33 3948.33 73260.8
7 4760.54 9521.09 74586.6
1 4158.97 8317.95 74005.4
4 6180.78 12361.6 76360.3
1 6272.12 12544.2 76124.3
6 5124.14 5124.14 75592.9
3 4848.63 4848.63 75241.7
0 6671.23 6671.23 77466.4
7 7379.42 14758.8 77895.9
2 7095.92 14191.8 77651.7
5 7544.02 30176.1 78152.8
2 9041.12 36164.5 79962.1
5 10635.1 42540.4 81172.4
1 6602.5 13205 77666.7
1 8096.82 16193.6 79586.3
3 5718.4 5718.4 77253.1
3 8080.04 8080.04 79554.3
6 8041.69 8041.69 79435.3
7 7980.76 7980.76 79808.1
4 8742.87 8742.87 80170.1
1 10244.8 20489.5 82012.4
2 10352.9 41411.7 82293.8
2 13205.3 52821.3 85187.1
4 10286.6 20573.3 82003.2
5 12104.3 48417.1 84093.2
6 9089.47 9089.47 80963.7
7 9751.09 19502.2 82187.2
4 11538.4 23076.9 83833.7
5 14913.6 59654.6 87477.6
3 9312.96 9312.96 82304.9
0 9845.51 9845.51 82385.9
1 11384 22768.1 84029.7
6 9764.51 9764.51 82531.4
55
2 290.258 1161.03 65998.3
4 185.853 185.853 66041.2
5 441.875 883.749 66096.4
1 656.849 1313.7 66620.2
7 1625.77 3251.54 67590
3 146.983 146.983 66224.8
0 582.402 582.402 66980.6
2 1727.81 6911.26 68229.1
5 3040.34 12161.4 69585.3
4 1953.54 3907.08 68281.6
1 2228.74 4457.48 68600.1
3 1554.36 1554.36 68245.2
7 3235 6470 69596.4
1 3801.52 7603.05 70403
2 3121.35 6242.71 70295.1
4 4823.3 9646.59 71598.6
7 4835.44 9670.89 72206.5
0 1905.15 1905.15 69053.7
5 6387.71 25550.8 73606.8
6 2484.38 2484.38 70390.7
1 4557.62 9115.23 72148.5
3 2594.61 2594.61 70986.3
2 3854.42 7708.83 71825.7
0 3030.36 3030.36 71425.4
4 4923.75 9847.5 73408.8
6 3876.07 3876.07 72640.1
3 4753.15 4753.15 73493.6
0 4113.69 4113.69 73423
2 4700.68 9401.36 73909.5
1 4508.21 4508.21 74228.6
5 5729.56 22918.2 76293.7
6 4770.87 4770.87 74750.8
2 6899.03 27596.1 76903.9
7 3785.78 3785.78 73947.1
4 4425.25 8850.49 75021.6
1 4706.79 9413.58 75771
7 5540.53 11081.1 77030
3 3808.09 3808.09 75342.8
6 5107.02 5107.02 76581.3
0 5163.02 5163.02 76556.6
4 5575 5575 77402.4
1 5872.19 5872.19 77299.4
5 7464.91 14929.8 79232.5
2 7300.12 29200.5 79241
5 9418.42 37673.7 81400.2
1 7415.96 14831.9 79132.5
2 9476.96 37907.8 81465.9
3 5536.33 5536.33 77410.5
7 6972.97 13945.9 79409
4 7420.64 14841.3 79715.9
5 11194.1 44776.3 83758
0 6315.28 6315.28 79307.3
6 6044.6 6044.6 78585
1 8505.42 17010.8 81151.1
3 6211.37 6211.37 78978.2
61
2 290.258 1161.03 65998.3
4 185.853 185.853 66041.2
5 441.875 883.749 66096.4
1 656.849 1313.7 66620.2
7 1625.77 3251.54 67590
3 146.983 146.983 66224.8
0 582.402 582.402 66980.6
2 1727.81 6911.26 68229.1
5 3040.34 12161.4 69585.3
4 1953.54 3907.08 68281.6
1 2228.74 4457.48 68600.1
3 1554.36 1554.36 68245.2
7 3235 6470 69596.4
1 3801.52 7603.05 70403
2 3121.35 6242.71 70295.1
4 4823.3 9646.59 71598.6
7 4835.44 9670.89 72206.5
0 1905.15 1905.15 69053.7
5 6387.71 25550.8 73606.8
2 5405.64 21622.6 73602.1
1 6015.41 12030.8 73993
4 5201.86 10403.7 74176.4
3 1402.13 1402.13 70278.3
6 1998.15 1998.15 70990.6
7 5020.53 10041.1 74254.6
1 6635.79 13271.6 76054.6
5 6399.59 25598.3 76173.8
2 5992.66 23970.7 75695.3
0 1677.18 1677.18 70989.7
4 6296.83 12593.7 76122.9
7 7295.81 14591.6 77142.3
4 8050.39 16100.8 78229.9
2 8406.88 16813.8 78259.1
3 2762.35 2762.35 73231.1
0 2838.69 2838.69 73231.7
6 4349.7 4349.7 75144.9
5 8441.23 16882.5 78957.7
7 8400.06 16800.1 78955.8
2 9391.86 37567.4 80000.6
5 10354 41415.8 81274.9
2 12482.9 49931.8 83020.2
1 8815.1 17630.2 79879.3
7 9543.31 19086.6 81032.8
0 3708.46 3708.46 75243.2
3 5756.57 5756.57 77230.8
0 5951.07 5951.07 77344.6
3 7315.71 7315.71 79143.1
0 7445.84 7445.84 78873
1 10083.4 20166.8 81851
5 11665.8 46663.1 83606.6
5 14518.2 58072.7 86499.9
4 10584.7 21169.3 82301.2
2 13952.1 55808.4 85941
6 7850.71 7850.71 79724.9
7 10975.8 21951.5 83411.8
1 11538.6 23077.2 83833.8
5 16293.8 65175.3 88857.7
0 8631.73 8631.73 81623.7
3 9069.03 9069.03 81609.4
4 11674.1 23348.2 84319.8
6 8525.75 8525.75 81292.6
49
2 290.258 1161.03 65998.3
4 185.853 185.853 66041.2
5 441.875 883.749 66096.4
1 656.849 1313.7 66620.2
7 1625.77 3251.54 67590
3 146.983 146.983 66224.8
0 582.402 582.402 66980.6
2 1727.81 6911.26 68229.1
5 3040.34 12161.4 69585.3
4 1953.54 3907.08 68281.6
1 2228.74 4457.48 68600.1
3 1554.36 1554.36 68245.2
7 3235 6470 69596.4
1 3801.52 7603.05 70403
2 3121.35 6242.71 70295.1
4 4823.3 9646.59 71598.6
7 4835.44 9670.89 72206.5
0 1905.15 1905.15 69053.7
5 6387.71 25550.8 73606.8
2 4555.59 9111.17 72098
3 2119.38 2119.38 70353.5
1 3662.48 7324.97 71952
0 1931.51 1931.51 70926.7
2 5174.62 10349.2 74184.5
6 2201.76 2201.76 71840.1
3 2227.31 2227.31 71811.1
0 4312.21 4312.21 74028.3
7 3594.26 3594.26 73484
5 4920.21 19680.9 75411.7
4 2616.36 5232.72 73402.4
7 4791.5 9583.01 78062.5
1 2733.58 5467.17 74282.3
3 3349.87 3349.87 74734
6 3111.01 3111.01 74642.3
4 4278.46 4278.46 75491.3
3 5186.7 5186.7 76751.4
6 5332 5332 77050.9
1 5185.87 5185.87 77101.2
5 5279.61 5279.61 77239.6
4 5393.23 5393.23 77509.9
0 6014.72 6014.72 78216
2 5410.8 21643.2 77939.7
1 6521.36 6521.36 78629.6
3 7265.98 7265.98 79627.4
5 6530.95 6530.95 79029.4
2 7673.21 30692.9 80821.2
4 6690.9 13381.8 79553.9
7 7498.45 14996.9 80487.7
1 7393.71 14787.4 80550.5
55
5 173.904 695.617 66071.9
4 315.065 630.131 66470
3 197.944 197.944 66247.5
2 2585.24 10341 68981.5
6 264.453 264.453 66771.6
1 271.729 271.729 66654.7
0 561.977 561.977 66968.9
3 1290.31 1290.31 68001.3
5 1446.16 5784.63 68046.5
4 1943.89 3887.77 68398.3
0 1960.96 1960.96 68909.6
1 2162.95 2162.95 69090.1
7 2516.19 5032.38 69494.2
5 2899.95 11599.8 70151.9
5 5184.64 20738.6 72577.8
2 3728.26 7456.52 71323.5
4 2760.07 5520.15 70380.3
6 1268.15 1268.15 71196.8
1 3464.03 6928.05 71378.7
5 6421.47 25685.9 74876
3 1451.77 1451.77 70067.5
7 2307.45 4614.9 71399.9
0 3128.89 3128.89 72109.6
3 2859.4 2859.4 71921.3
2 4014.51 4014.51 73321.6
4 3085.2 3085.2 72698.1
7 3299.84 3299.84 72957.7
1 4758.23 9516.46 74479.2
6 3166.01 3166.01 73166.4
5 7092.86 28371.4 77376.5
2 6038.75 24155 76530.1
4 4532.38 9064.76 74903.8
5 8353.64 33414.6 79324.6
3 2558.75 2558.75 73720.2
2 7825.15 31300.6 79028.7
6 3899.78 3899.78 75137.6
7 3995.5 7991 75233.6
3 4294.7 4294.7 75545.2
1 5041.3 10082.6 76283.4
7 5828 11656 77282.1
0 4769.78 4769.78 75974.6
6 5601.7 5601.7 76941.8
1 6741.85 13483.7 78251.8
4 6353.03 12706.1 77830.1
5 9777.94 39111.8 81328.4
2 10133.2 40532.6 81763.2
5 11476.4 45905.6 83295.8
7 7242.21 14484.4 79262.3
5 13728.9 54915.5 85864.7
3 5383.76 5383.76 77546.7
4 8075.77 16151.5 80266.7
1 7748.08 15496.2 80239.1
0 5189.6 5189.6 77708
7 8334.2 16668.4 81145
6 5879.2 5879.2 78746.6
45
4 276.138 552.276 66153.7
5 284.315 568.629 66139.3
3 180.119 180.119 66180.4
2 296.525 1186.1 66213
1 354.503 354.503 66421.1
0 511.21 511.21 66146.5
5 2329.07 9316.28 68284.3
2 1964.45 7857.79 68162.3
7 469.886 469.886 66612.3
2 3917.42 15669.7 70206.6
4 1823.09 1823.09 68119.2
3 1957.24 1957.24 68167.6
1 1949.81 1949.81 68181.3
4 3802.5 7604.99 70095.9
7 3671.06 7342.12 70031.9
0 2231.75 2231.75 68811.1
6 2450.87 2450.87 69201.8
3 3501.32 3501.32 70144.7
5 3767.9 3767.9 70364.2
1 3674.96 3674.96 70522
2 5118.13 20472.5 72319.7
5 6602.08 26408.3 73860.5
7 4677.21 9354.41 72219.7
0 2685.28 2685.28 70919.4
4 3355.37 6710.74 71644.9
6 1860.94 1860.94 70856.1
1 4182.87 8365.75 73192.8
3 3072.22 3072.22 72710.5
0 2793.2 2793.2 72377
6 4241.64 4241.64 73957.7
7 3607.45 3607.45 73497.2
2 3781.16 15124.6 74272.6
4 2662.64 5325.29 73448.7
1 4031.46 8062.92 77302.5
2 4859.86 19439.5 76243.5
0 3545.83 3545.83 75376.7
5 5919.87 23679.5 78087.6
4 3517.56 7035.13 75468.4
2 6242.87 24971.5 78230.2
7 4845.2 9690.39 76928.7
3 3298.44 3298.44 75637.8
4 6407.94 12815.9 78881.5
0 5039.98 5039.98 77323.2
2 7385.32 29541.3 80357.2
7 6002.52 12005 78840.2
58
4 276.138 552.276 66153.7
5 284.315 568.629 66139.3
3 180.119 180.119 66180.4
2 296.525 1186.1 66213
1 354.503 354.503 66421.1
0 511.21 511.21 66146.5
5 2329.07 9316.28 68284.3
2 1964.45 7857.79 68162.3
7 469.886 469.886 66612.3
2 3917.42 15669.7 70206.6
4 1823.09 1823.09 68119.2
3 1957.24 1957.24 68167.6
1 1949.81 1949.81 68181.3
4 3802.5 7604.99 70095.9
7 3671.06 7342.12 70031.9
0 2231.75 2231.75 68811.1
6 2450.87 2450.87 69201.8
3 3501.32 3501.32 70144.7
5 3767.9 3767.9 70364.2
1 3674.96 3674.96 70522
2 5118.13 20472.5 72319.7
5 6602.08 26408.3 73860.5
7 5608.23 11216.5 73203.4
4 4457.68 8915.36 72077.9
6 4912.42 4912.42 74841.1
1 4996.3 9992.6 72911
2 6163.36 24653.4 74617.9
0 2150.53 2150.53 70766.3
4 5432.43 10864.9 74524.9
3 4649.42 4649.42 73630.1
0 3558.16 3558.16 72620.1
1 5651.42 5651.42 74958.5
0 5267.74 5267.74 74906.1
7 6410.88 6410.88 75994.7
3 5326.23 5326.23 75042.3
5 6038.44 6038.44 75928.2
2 6408.64 25634.6 76900.1
4 5906.97 11813.9 76693
1 5797.17 11594.3 79068.2
7 7719.06 15438.1 78996.5
6 5525.07 5525.07 76677
2 7551.26 15102.5 78882.3
4 7745.95 15491.9 78962
5 7407.54 14815.1 78523.7
0 6440.14 6440.14 77738
4 9358.09 18716.2 80921.3
5 8856.38 17712.8 80395.1
6 6862.48 6862.48 78529.9
2 9111.75 36447 80885.2
7 9055.17 18110.3 81013.8
5 10791 43163.9 82672.1
3 7049.31 7049.31 79015.1
1 8976.13 17952.3 81075.2
2 12306.8 49227.4 84263.6
4 11710.9 23421.8 84453.7
2 13466.2 53864.6 86406.7
5 13941.5 55766 86951.2
7 10073.1 20146.2 82985
65
2 146.331 585.323 65716.5
3 184.024 184.024 66096.7
5 302.314 1209.26 66229.2
4 273.479 273.479 66226.8
0 606.3 606.3 66706.3
1 489.665 979.33 66423.2
2 1468.95 1468.95 67682.1
5 1947.43 7789.73 68200.5
4 1831.31 1831.31 68029.8
1 2144.42 4288.85 68534
7 1464.7 1464.7 68159.2
2 3280.21 13120.9 69676
4 3214.34 6428.68 69538.9
5 3675.56 7351.12 70154.2
2 6315.93 25263.7 72962.5
7 3861.39 7722.78 70258.7
1 4711.31 9422.62 71354.6
5 6718.32 26873.3 73693.3
6 1789.44 1789.44 68902.6
3 1176.84 1176.84 68085
2 8959.73 35838.9 75712.9
4 5202.13 10404.3 72341.7
7 6300.25 12600.5 73361.3
1 6747.61 13495.2 73906.9
2 10475.1 41900.4 77823.7
4 8312.12 16624.2 75452.7
0 2173.05 2173.05 69650.5
7 8491.12 16982.2 76066.1
3 2603.23 2603.23 70029.3
5 8024.47 16048.9 75619.7
1 8632.67 17265.3 76252.9
6 3582.23 3582.23 73510.9
5 10087.4 20174.8 78002.1
2 11667.4 46669.5 80122
3 2939.08 2939.08 71554.8
4 8265.96 16531.9 77358.5
0 3319.65 3319.65 72300.4
3 4346.71 4346.71 73408.6
0 4991.43 4991.43 74298.5
7 8866.75 17733.5 78335.7
1 8859.04 17718.1 78304.2
0 6398.18 6398.18 76270.8
4 9610.81 19221.6 79419.9
1 9831.38 19662.8 79860.6
5 9888.67 39554.7 80659
3 4700.01 4700.01 76190.8
4 10265.3 20530.5 81542.7
6 4194.88 4194.88 75346.8
7 10476.9 20953.7 81807.9
1 10436.6 20873.1 81652.6
2 10578.1 21156.2 81694.3
6 5902.74 5902.74 77200.6
5 11509.8 23019.5 83073
4 11898.3 23796.5 83436.9
6 7386.09 7386.09 79053.5
2 12333.9 49335.8 84107.4
1 11712.5 23424.9 83671.1
5 13124.1 52496.5 85005.3
3 7522.94 7522.94 79488.7
7 11707 23414 83806.1
2 15529 62116.2 87485.8
4 13735.1 27470.1 86477.9
5 16114.6 64458.5 89055.2
2 16501.7 66006.9 89511.4
1 12730.4 25460.8 85642.3
59
4 276.138 552.276 66153.7
5 284.315 568.629 66139.3
3 180.119 180.119 66180.4
2 296.525 1186.1 66213
1 354.503 354.503 66421.1
0 511.21 511.21 66146.5
5 2329.07 9316.28 68284.3
2 1964.45 7857.79 68162.3
7 469.886 469.886 66612.3
2 3917.42 15669.7 70206.6
4 1823.09 1823.09 68119.2
3 1957.24 1957.24 68167.6
1 1949.81 1949.81 68181.3
4 3802.5 7604.99 70095.9
7 3671.06 7342.12 70031.9
0 2231.75 2231.75 68811.1
6 2450.87 2450.87 69201.8
3 3501.32 3501.32 70144.7
5 3767.9 3767.9 70364.2
1 3674.96 3674.96 70522
2 5118.13 20472.5 72319.7
5 6602.08 26408.3 73860.5
7 5608.23 11216.5 73203.4
4 4457.68 8915.36 72077.9
6 4912.42 4912.42 74841.1
1 4996.3 9992.6 72911
2 6163.36 24653.4 74617.9
0 2150.53 2150.53 70766.3
4 5432.43 10864.9 74524.9
3 4649.42 4649.42 73630.1
0 3558.16 3558.16 72620.1
1 5651.42 5651.42 74958.5
7 6355.31 12710.6 75824.2
4 7131.04 14262.1 76576.2
3 5729.84 5729.84 75602.4
2 6870.29 13740.6 76679.4
5 7667.12 15334.2 77696.3
2 7981.65 31926.6 78752
0 3911.46 3911.46 75402.2
4 7054.4 14108.8 78118.6
1 7217.84 14435.7 78707.3
6 5155.56 5155.56 76690.3
0 7254.73 7254.73 78729
6 7398.17 7398.17 78791.7
7 7409.69 7409.69 79237
5 7797.5 7797.5 79224.7
4 8322.7 16645.4 80090.3
2 9148.23 36592.9 81089.1
5 9199.19 36796.8 81180.9
1 9340.1 18680.2 81056.7
2 11325.1 45300.3 83314
3 8308.2 8308.2 80182.4
7 9180.02 18360 81616.1
4 9777.9 19555.8 82073.1
5 10974.8 43899.4 83538.8
0 8487.65 8487.65 81479.6
6 8255.09 8255.09 80795.5
1 10429.6 20859.1 83075.2
3 8983.24 8983.24 81750.1
65
4 276.138 552.276 66153.7
5 284.315 568.629 66139.3
3 180.119 180.119 66180.4
2 296.525 1186.1 66213
1 354.503 354.503 66421.1
0 511.21 511.21 66146.5
5 2329.07 9316.28 68284.3
2 1964.45 7857.79 68162.3
7 469.886 469.886 66612.3
2 3917.42 15669.7 70206.6
4 1823.09 1823.09 68119.2
3 1957.24 1957.24 68167.6
1 1949.81 1949.81 68181.3
4 3802.5 7604.99 70095.9
7 3671.06 7342.12 70031.9
0 2231.75 2231.75 68811.1
6 2450.87 2450.87 69201.8
3 3501.32 3501.32 70144.7
5 3767.9 3767.9 70364.2
1 3674.96 3674.96 70522
2 5118.13 20472.5 72319.7
5 6602.08 26408.3 73860.5
7 4677.21 9354.41 72219.7
0 2685.28 2685.28 70919.4
4 3355.37 6710.74 71644.9
6 1860.94 1860.94 70856.1
1 4182.87 8365.75 73192.8
2 5574.21 22296.9 75348.4
5 7813.68 31254.7 77516.4
3 2768.18 2768.18 72080.7
4 4734.46 9468.91 74560.5
7 5260.89 10521.8 75107.4
1 5314.29 10628.6 75493.8
7 7374.04 14748.1 77226.2
0 3102.27 3102.27 73571
6 2705.13 2705.13 73098.2
3 5491.08 5491.08 76286.3
4 7353.33 14706.7 77869.8
2 7164.39 14328.8 77720.2
2 8922.95 35691.8 79531.7
5 9031.31 36125.2 79952.2
2 12014 48056.1 82551.3
5 11462.4 45849.6 82433.4
6 4201.86 4201.86 75363.3
5 13431.6 53726.5 84635.2
6 5947.18 5947.18 77185
7 7792.29 15584.6 79030.4
0 6305.25 6305.25 77555.7
1 8228.33 16456.7 79470.4
4 8464.21 16928.4 79918.3
6 7561.86 7561.86 78766.7
0 8019.8 8019.8 79359.9
7 9488.84 18977.7 80998.8
1 9832.76 19665.5 81309.8
2 15078.2 60313 86628.7
5 15739.6 62958.5 87369.7
2 16776.7 67106.8 88596.1
4 9878.42 19756.8 81898.5
2 19029.2 76116.7 91165
6 8605.26 8605.26 80768.1
7 10827.7 21655.5 83018.7
1 11123.7 22247.3 83614.7
3 8090.8 8090.8 80609.2
4 10970.4 21940.8 83781.3
0 8297.3 8297.3 81164.7
76
2 146.331 585.323 65716.5
3 184.024 184.024 66096.7
5 302.314 1209.26 66229.2
4 273.479 273.479 66226.8
0 606.3 606.3 66706.3
1 489.665 979.33 66423.2
2 1468.95 1468.95 67682.1
5 1947.43 7789.73 68200.5
4 1831.31 1831.31 68029.8
1 2144.42 4288.85 68534
7 1464.7 1464.7 68159.2
2 3280.21 13120.9 69676
4 3214.34 6428.68 69538.9
5 3675.56 7351.12 70154.2
2 6315.93 25263.7 72962.5
7 3861.39 7722.78 70258.7
1 4711.31 9422.62 71354.6
5 6718.32 26873.3 73693.3
6 1789.44 1789.44 68902.6
3 1176.84 1176.84 68085
2 8959.73 35838.9 75712.9
4 5202.13 10404.3 72341.7
7 6300.25 12600.5 73361.3
1 6747.61 13495.2 73906.9
2 10475.1 41900.4 77823.7
4 8312.12 16624.2 75452.7
0 2173.05 2173.05 69650.5
7 8491.12 16982.2 76066.1
3 2603.23 2603.23 70029.3
1 8284.17 16568.3 76631.4
5 9265.62 18531.2 77305.6
4 9561.41 19122.8 78297.4
5 11458.6 45834.6 79704.7
2 11349.7 45398.7 79700.3
3 3454.6 3454.6 72018.2
6 3669.03 3669.03 72013.7
7 9233.3 18466.6 77920.5
0 3467.65 3467.65 72437.1
6 4650.16 4650.16 73755.8
3 5391.91 5391.91 74776.2
0 5753.45 5753.45 75213.7
1 10619.5 21238.9 79559.1
2 12594.6 50378.5 82368.9
5 12185.4 48741.4 81888
6 5828.26 5828.26 75140.7
7 10536 21072 80362
4 11338.7 22677.3 81185.1
1 11680.6 23361.3 81860.2
4 13451.8 26903.6 83304
3 7130.26 7130.26 77599
6 6989.77 6989.77 77382.8
0 7962.38 7962.38 78757.6
7 13154.9 26309.7 83671.3
5 13704 27408 84259.8
2 14059.5 56237.8 84668.2
5 15649.2 62596.8 86570.1
2 17150.5 68602.1 87687.8
4 14149.4 28298.7 85426.8
6 8539.74 8539.74 79691.7
7 14322.5 28645 85653.5
1 14616.8 29233.6 85832.8
4 16145.1 32290.2 87261.3
6 10247.6 10247.6 81545.5
7 16134.7 32269.4 87697.9
1 16094 32187.9 87632.6
3 9966.58 9966.58 81634
5 17731.1 70924.3 89504.5
4 17749.4 35498.8 89708.1
5 19555.7 78222.8 91436.8
6 11379.2 11379.2 83345
7 17597 35194 89696.1
2 16998.6 67994.5 88955.4
1 17930.8 35861.5 90673.6
2 18157.9 72631.8 91098.5
2 20114.4 80457.5 93124
7 18755.4 37510.8 91667.3
