38
1 2136.95 2136.95 67872.6
2 163.906 327.812 66296.8
2 1730.17 3460.35 68494.4
2 4829.59 19318.4 71476.1
0 793.929 793.929 67780.9
2 7432.75 29731 73996.6
3 2636.34 2636.34 69536.8
1 4833 9666 71917.5
0 2901.47 2901.47 69791.2
1 7670.13 15340.3 74672
2 8733.13 17466.3 76211.6
0 4965 4965 72442.5
1 10042.9 20085.8 77542.5
3 6537.37 6537.37 74124.9
2 10949.2 21898.4 79171.7
0 6165.83 6165.83 75123.5
0 7958.9 7958.9 76476.3
3 7585.04 7585.04 76183.4
1 11582.9 23165.8 80734.9
3 9362.78 9362.78 78544.8
2 12128.3 48513.2 81348.9
2 14511.8 29023.7 83422.8
2 16429.2 65716.6 86202.8
2 19249.9 76999.5 89517.8
1 13285.7 26571.4 83290
1 16371.3 32742.5 86427.3
0 8326.84 8326.84 78709.2
1 19301.4 38602.7 90215.2
2 21279.5 42558.9 92110.2
1 23921.8 47843.7 94983.3
2 23595.3 47190.5 94857.7
3 9515.88 9515.88 80886.9
0 8963.11 8963.11 80585
2 25011 100044 96762.3
1 24592.8 49185.7 96546.4
3 10762 10762 82707
0 12365.5 12365.5 84397.3
3 12312.3 12312.3 85419.1
39
1 2276.12 2276.12 68302.8
2 160.277 320.555 65878.5
2 1762.7 3525.41 68093.5
0 1349.6 1349.6 67397.3
3 497.418 497.418 66812.7
2 4267.9 8535.81 70980.7
2 6899.82 27599.3 73218.3
2 10307.2 41229 76842.4
1 4703.77 9407.55 71254.4
3 1678.77 1678.77 68578.9
2 13918.4 55673.7 81063.7
0 2891.71 2891.71 69770.2
3 3466.06 3466.06 70681.4
1 6959.89 13919.8 74333.1
0 3680.24 3680.24 71774.7
3 4814.46 4814.46 72797.8
0 6111.77 6111.77 74280.3
1 7421.95 14843.9 75838.8
2 14323.4 57293.5 82920
1 9069.37 18138.7 78365.3
3 5693.31 5693.31 74648.4
2 16248.7 64994.8 85198
1 10650.5 21301.1 80554.7
3 7556.81 7556.81 76896.3
0 7500.25 7500.25 77053.1
3 9696.32 9696.32 79751.9
2 18344.9 73379.6 88310.6
0 10218.6 10218.6 80429.1
3 11657.6 11657.6 82003.7
1 13370.2 26740.5 83655.2
2 19584 78336.2 90259.9
0 12077.5 12077.5 83213.3
3 13996.7 13996.7 85000.7
1 14084.4 14084.4 85650.2
1 15986.1 31972.2 87576
0 14311.3 14311.3 86353.6
3 14621.5 14621.5 87248.4
3 16441.6 16441.6 88640.8
2 20497.6 81990.2 93020.3
32
1 1129.47 1129.47 67040.9
2 499.072 998.144 66476.1
2 2597.91 10391.6 69049.7
2 5202.46 20809.9 71951.3
0 586.558 586.558 66768.9
3 218.237 218.237 66724
1 3187.32 6374.65 69395.2
3 2405.16 2405.16 68684.8
1 4626.93 9253.86 71140.6
0 1560 1560 68227.1
1 4819.71 9639.43 73046.8
0 1792.51 1792.51 70475.5
2 5814.74 23259 74364.8
3 2024.31 2024.31 70682.2
0 5000.71 5000.71 73766.2
3 4086.42 4086.42 73261.8
1 6126.59 6126.59 75477.3
3 5362.76 5362.76 75025.6
2 6903.79 27615.2 76659.5
2 9168.55 36674.2 79535.6
0 5653.57 5653.57 75962.9
3 6820.57 6820.57 76975.1
2 10724.3 42897.2 81612
1 6859.91 6859.91 78213.4
1 9880.68 19761.4 80874.2
0 7200.36 7200.36 78703.1
0 8956.92 8956.92 80578.8
2 13024 52096 84775.3
1 11473.9 22947.8 83427.4
3 7139.39 7139.39 79084.4
3 9121.12 9121.12 81152.9
3 10634.3 10634.3 83741.1
33
1 1123.52 1123.52 66996.2
2 41.8641 83.7281 66748.9
1 2318.75 4637.51 69036.6
2 1745.05 3490.11 68865.2
0 2057.09 2057.09 68813.7
2 4117.05 8234.11 71183.4
3 1486.61 1486.61 68510.9
3 4265.12 4265.12 71586.3
0 5043.66 5043.66 72631.2
2 4933.31 9866.62 73155.8
1 3118.2 3118.2 72075.8
1 4911.27 4911.27 73428.7
3 5046.48 5046.48 73644.8
2 6411.66 12823.3 75563.6
0 5645.18 5645.18 74827.3
2 9204.45 36817.8 78425.1
1 7618.24 15236.5 76529.2
1 9487.35 18974.7 79391.5
3 6990.95 6990.95 76330.4
0 7268.91 7268.91 76821.8
3 9130.46 9130.46 79186.1
2 10543.4 42173.6 80509.1
0 9987.24 9987.24 80197.8
3 11091.7 11091.7 81437.8
2 11760.1 23520.3 82045.1
2 13318.6 53274.2 83994.4
1 10947.3 10947.3 82083.2
0 12555.4 12555.4 84177.3
2 14326.3 57305.3 86077.6
1 13263.2 26526.4 85216.8
3 10864.9 10864.9 82809.9
3 12846.6 12846.6 84878.4
3 14359.7 14359.7 87466.6
39
1 1129.47 1129.47 67040.9
2 499.072 998.144 66476.1
2 2597.91 10391.6 69049.7
2 5202.46 20809.9 71951.3
0 586.558 586.558 66768.9
3 218.237 218.237 66724
1 3187.32 6374.65 69395.2
3 2405.16 2405.16 68684.8
1 4626.93 9253.86 71140.6
0 1560 1560 68227.1
0 2712 2712 70299.5
1 5399.08 10798.2 73621.5
3 1684.13 1684.13 70641.8
3 3477.2 3477.2 71994.6
0 3759.68 3759.68 72358
2 5742.98 11486 74895
0 5537.41 5537.41 74719.5
2 8535.77 34143.1 77756.4
1 6784.47 13568.9 75695.5
3 4700.83 4700.83 74363.6
2 10295.4 41181.5 80051
2 12560.1 50240.5 82927.1
3 6322.99 6322.99 76632.3
0 6514.48 6514.48 76669
2 14115.9 56463.5 85003.5
1 7149.58 7149.58 78503
1 10170.3 20340.7 81163.8
3 7869.77 7869.77 79372.5
1 11902.7 23805.4 82932
0 8825.93 8825.93 80321.8
1 13479 26957.9 85231.9
0 11558.1 11558.1 83189.5
1 15450.6 30901.2 86939.3
3 11551.8 11551.8 83446.1
2 17088.8 68355.1 88835.4
1 16438.9 32877.9 89194.8
0 12974.3 12974.3 85277.9
2 18148.2 36296.3 90364.9
3 14064.6 14064.6 87005.4
39
1 2276.12 2276.12 68302.8
2 160.277 320.555 65878.5
2 1762.7 3525.41 68093.5
0 1349.6 1349.6 67397.3
3 497.418 497.418 66812.7
2 4267.9 8535.81 70980.7
2 6899.82 27599.3 73218.3
2 10307.2 41229 76842.4
1 4703.77 9407.55 71254.4
3 1678.77 1678.77 68578.9
2 13918.4 55673.7 81063.7
0 2891.71 2891.71 69770.2
3 3466.06 3466.06 70681.4
1 6353.34 12706.7 74701.5
1 9366.25 18732.5 77240.6
0 3570.83 3570.83 72137.5
3 3824.56 3824.56 72685.5
0 5240.89 5240.89 74402.2
3 5705.45 5705.45 75067.4
0 7490.64 7490.64 76972.7
3 8776.87 8776.87 78572
1 9325.76 9325.76 79342.6
0 9146.93 9146.93 79559.8
3 11107.7 11107.7 81690.8
1 10766.2 10766.2 81414.7
0 12072.6 12072.6 82728.8
2 12419 24838 83315.9
1 12706.3 25412.7 83912.1
3 13031 13031 84370.3
0 13019.2 13019.2 84576.3
2 13533.3 13533.3 85881.8
1 13819.7 27639.4 85676.5
2 15737.5 31475 88081.2
0 16930.3 16930.3 91998.2
3 13752.8 13752.8 86361.5
1 15014.6 30029.2 87640.6
2 17184.2 34368.5 89627.3
3 15840.4 15840.4 88662.6
1 16427.1 32854.2 89143.6
29
1 1123.52 1123.52 66996.2
2 41.8641 83.7281 66748.9
1 2318.75 4637.51 69036.6
2 1745.05 3490.11 68865.2
0 2057.09 2057.09 68813.7
2 4117.05 8234.11 71183.4
3 1486.61 1486.61 68510.9
3 4265.12 4265.12 71586.3
0 4459.16 4459.16 72335
1 3416 3416 72625.5
2 5570.03 22280.1 74674.9
3 4322.11 4322.11 73577.6
1 5573.7 11147.4 75477.9
0 5243.37 5243.37 74582.9
3 6260.81 6260.81 75813.7
0 7382.88 7382.88 77438.5
2 8539.83 34159.3 78505.6
1 8643.35 8643.35 78853.9
3 8400.17 8400.17 78746.3
2 9756.58 19513.2 80041.6
2 11315 45260 81990.8
0 8718.1 8718.1 79853.9
3 10739.2 10739.2 81743.2
1 9283.05 9283.05 80848.8
1 11184.7 22369.4 82774.7
0 10951.9 10951.9 82994.2
3 11364.1 11364.1 83990.9
3 13184.1 13184.1 85383.4
2 12228.5 48914 84751.3
35
1 2276.12 2276.12 68302.8
2 160.277 320.555 65878.5
2 1762.7 3525.41 68093.5
0 1349.6 1349.6 67397.3
3 497.418 497.418 66812.7
2 4267.9 8535.81 70980.7
2 6899.82 27599.3 73218.3
2 10307.2 41229 76842.4
1 4703.77 9407.55 71254.4
3 1678.77 1678.77 68578.9
2 13918.4 55673.7 81063.7
0 2891.71 2891.71 69770.2
3 3466.06 3466.06 70681.4
1 6353.34 12706.7 74701.5
1 9366.25 18732.5 77240.6
0 3570.83 3570.83 72137.5
3 3824.56 3824.56 72685.5
0 5240.89 5240.89 74402.2
3 5705.45 5705.45 75067.4
2 14196.2 56784.7 83549.7
0 7344.37 7344.37 77162.5
3 7125.84 7125.84 76988.3
1 9631.53 19263.1 80100.1
0 9524.18 9524.18 79940.1
1 13002.9 26005.8 83440.5
2 15905.5 31810.9 86280.4
1 16234 32468 86927.9
3 7908.49 7908.49 79009.3
0 10520.1 10520.1 81524.1
3 10383.9 10383.9 81949.7
2 17853.6 35707.3 89443.6
3 12747.6 12747.6 84789.9
0 11145 11145 83771.9
0 12965.1 12965.1 85164.3
2 19157 76628.1 91679.8
38
1 849.189 849.189 66762.8
0 135.689 135.689 66130.9
2 1126.08 1126.08 67752.6
3 216.765 216.765 66896.4
1 2250.91 4501.82 69235.1
0 929.931 929.931 68201.3
2 3305.81 6611.62 70704.9
1 4038.06 8076.11 71174.8
3 1381.24 1381.24 68968.8
2 4963.41 9926.82 73185.9
0 1200.63 1200.63 70158.3
0 2993.7 2993.7 71511.1
3 2428.92 2428.92 71027.2
1 5215.25 10430.5 74367.2
3 4206.65 4206.65 73388.7
2 6142.49 24570 75363.1
1 8194.06 16388.1 77105.1
2 7851.43 31405.7 77625.1
2 10672.1 42688.6 80940.1
1 10627.5 21255 80631.8
2 13468.9 26937.8 83524.9
0 3361.64 3361.64 73744
1 12091.6 24183.2 83005.5
1 14773.6 29547.2 85604.4
2 15248.9 30497.8 86310.4
1 17089.4 34178.8 88351.8
3 4359.76 4359.76 75730.8
2 16822.5 67290.1 88052.1
2 19352.3 77409.4 91030.5
0 5480.2 5480.2 77102.9
3 6261.66 6261.66 78054.5
0 8228.35 8228.35 79949.5
1 19115.8 38231.6 90892.8
2 21107.4 84429.7 93156.4
3 8932.23 8932.23 81040
2 23149.3 92597.1 96103.3
3 10287.6 10287.6 83273.2
1 21063.6 42127.2 94167.5
36
1 1129.47 1129.47 67040.9
2 499.072 998.144 66476.1
2 2597.91 10391.6 69049.7
2 5202.46 20809.9 71951.3
0 586.558 586.558 66768.9
3 218.237 218.237 66724
1 3187.32 6374.65 69395.2
3 2405.16 2405.16 68684.8
1 4626.93 9253.86 71140.6
0 1560 1560 68227.1
1 5472.64 10945.3 73820.8
2 6616.03 13232.1 74490.4
0 2027.78 2027.78 70594.4
3 2125.17 2125.17 70986.1
0 3697.85 3697.85 72859.1
3 4006.07 4006.07 73368.1
2 7377.81 29511.2 76731.3
0 5801.33 5801.33 75619.4
3 5426.46 5426.46 75288.9
1 5473.78 10947.6 75942.4
1 7567.23 7567.23 77983.2
2 9098.19 18196.4 79535.8
1 9190.15 18380.3 79565.1
1 10999 21998 81692.9
3 6209.11 6209.11 77309.9
2 10047.9 40191.7 81277.5
2 12577.8 50311 84255.9
0 6046.13 6046.13 77668.8
3 8526.77 8526.77 80319.6
0 8794.28 8794.28 80515.5
1 12748.1 25496.2 84525.2
2 14332.8 57331.3 86381.8
3 11197.3 11197.3 83305.1
2 16374.7 65498.7 89328.7
0 10921.1 10921.1 83906.8
1 14695.9 29391.8 87799.8
32
1 849.189 849.189 66762.8
0 135.689 135.689 66130.9
2 1126.08 1126.08 67752.6
3 216.765 216.765 66896.4
1 2250.91 4501.82 69235.1
0 929.931 929.931 68201.3
2 3305.81 6611.62 70704.9
1 4038.06 8076.11 71174.8
2 4384.04 8768.08 72611.1
3 461.744 461.744 69144.8
2 6019.21 24076.8 74569.3
0 1540.81 1540.81 70198.7
3 3669.95 3669.95 72435.4
0 3602.92 3602.92 72778.3
3 5051.04 5051.04 74401.7
2 7057.61 28230.4 76831.3
2 9878.31 39513.3 80146.2
1 3258.31 6516.63 73262.7
1 6343.87 12687.7 76399.9
0 5451.41 5451.41 75833.8
1 9273.98 18548 80187.9
2 11907.9 23815.8 82738.7
1 13894.4 27788.9 84955.9
2 14223.7 28447.4 85486.1
3 5631.57 5631.57 77002.6
0 6413.81 6413.81 77417.8
3 8403.79 8403.79 79969.6
1 15452.5 30905.1 87042.5
0 9301.47 9301.47 81343.7
3 11208.1 11208.1 83834.9
0 12049 12049 84248.2
2 15314.1 61256.5 87836.9
41
1 1129.47 1129.47 67040.9
2 499.072 998.144 66476.1
2 2597.91 10391.6 69049.7
2 5202.46 20809.9 71951.3
0 586.558 586.558 66768.9
3 218.237 218.237 66724
1 3187.32 6374.65 69395.2
3 2405.16 2405.16 68684.8
1 4626.93 9253.86 71140.6
0 1560 1560 68227.1
0 2712 2712 70299.5
1 5399.08 10798.2 73621.5
3 1684.13 1684.13 70641.8
3 3477.2 3477.2 71994.6
0 3759.68 3759.68 72358
2 5742.98 11486 74895
0 5537.41 5537.41 74719.5
2 8535.77 34143.1 77756.4
1 6784.47 13568.9 75695.5
2 10244.7 40978.8 80018.4
2 13065.4 52261.7 83333.4
1 9217.9 18435.8 79222.2
1 12303.5 24606.9 82359.5
3 3845.14 3845.14 74227.5
1 15233.6 30467.1 86147.4
2 15095 30190 85925.8
2 18866.1 37732.1 89927.5
1 18260.4 36520.7 89522.8
0 5690.52 5690.52 77061.6
2 20255.3 40510.6 91461.1
3 6356.56 6356.56 77695.9
0 7911.57 7911.57 79468.7
3 8553.44 8553.44 80902
1 19689.3 39378.5 91546.1
1 22177.8 44355.5 94521.5
0 11822.7 11822.7 86890.6
3 11079.1 11079.1 83687.8
2 20716.5 41433 93342.5
2 23232.5 46465.1 95675.6
3 13166.7 13166.7 85988.9
1 23852.9 47705.9 96569.4
28
1 849.189 849.189 66762.8
0 135.689 135.689 66130.9
2 1126.08 1126.08 67752.6
3 216.765 216.765 66896.4
1 2250.91 4501.82 69235.1
0 929.931 929.931 68201.3
2 3305.81 6611.62 70704.9
1 4038.06 8076.11 71174.8
3 812.205 812.205 68688
0 1318.75 1318.75 70528.3
2 4557.52 18230.1 73662.3
3 1189.55 1189.55 70445.1
2 7344.98 29379.9 77118.7
2 10165.7 40662.7 80433.6
1 3258.31 6516.63 73262.7
1 6343.87 12687.7 76399.9
0 2378.79 2378.79 72761.2
1 9273.98 18548 80187.9
1 11955.9 23911.9 82786.7
2 12192.5 24384.9 83253.9
1 14271.7 28543.5 85534.2
3 1237.32 1237.32 72608.4
0 3015.06 3015.06 74636.9
2 13917.2 55669 85668.5
1 16305.9 32611.8 88259.4
3 2483.46 2483.46 74428.5
3 4465.19 4465.19 76497
0 5823.32 5823.32 78930.1
37
1 849.189 849.189 66762.8
0 135.689 135.689 66130.9
2 1126.08 1126.08 67752.6
3 216.765 216.765 66896.4
1 2250.91 4501.82 69235.1
0 929.931 929.931 68201.3
2 3305.81 6611.62 70704.9
1 4038.06 8076.11 71174.8
2 5383.06 10766.1 72756.2
3 806.43 806.43 68900.9
0 2725.51 2725.51 70708.8
3 3237.96 3237.96 71406.5
1 5833.52 11667 74250.4
2 5957.73 23830.9 74554.4
1 7480.94 14961.9 76776.9
0 3604.36 3604.36 72559.5
2 7883.06 31532.2 76832.4
3 4001.41 4001.41 73664.2
2 10400.9 41603.6 80156.6
2 12665.7 50662.6 83032.7
0 4254.96 4254.96 74564.3
3 5459.22 5459.22 75613.8
2 14221.4 56885.7 85109.1
0 5678.01 5678.01 77031.5
1 7722.37 15444.7 78715.9
0 7575.48 7575.48 79078.2
1 9454.73 18909.5 80484
3 7770.67 7770.67 79266.5
1 11031 22062 82784
3 10502.8 10502.8 82134.2
1 13002.6 26005.3 84491.3
0 11257.5 11257.5 83151.8
2 17194.3 68777.2 88940.9
1 13991 27981.9 86746.8
3 11919 11919 84222.6
1 17631.2 35262.3 89847.9
0 13770.3 13770.3 86711.1
40
1 2276.12 2276.12 68302.8
2 160.277 320.555 65878.5
2 1762.7 3525.41 68093.5
0 1349.6 1349.6 67397.3
3 497.418 497.418 66812.7
2 4267.9 8535.81 70980.7
2 6899.82 27599.3 73218.3
2 10307.2 41229 76842.4
1 4703.77 9407.55 71254.4
3 1678.77 1678.77 68578.9
2 13918.4 55673.7 81063.7
0 2891.71 2891.71 69770.2
3 3466.06 3466.06 70681.4
1 5961.59 11923.2 74188.7
0 3335.55 3335.55 72018.6
2 14604.7 58418.7 83154.7
3 4745.1 4745.1 73403
0 6543.76 6543.76 75309.2
3 6807.21 6807.21 75982.6
1 7268.47 7268.47 76619.2
2 15689.9 62759.8 85043.4
0 8945.39 8945.39 78763.5
3 7941.04 7941.04 77803.5
1 9173.77 18347.5 79642.4
3 10351.9 10351.9 80767.9
1 12545.1 25090.3 82982.7
1 16114.5 32229 86489.5
2 17112.2 34224.3 87806.1
0 9566.3 9566.3 80667.1
1 18430.5 36860.9 89459.7
0 11300.9 11300.9 82796.8
1 20006.7 40013.4 91759.7
3 13226.2 13226.2 84857.6
2 19385.2 38770.5 90873.9
0 13741.4 13741.4 85635.7
2 21213.9 84855.5 92960.5
1 21259.4 42518.7 94015.2
3 14642.4 14642.4 86946
2 22273.3 44546.5 94490
0 16254.2 16254.2 89195.1
31
1 1123.52 1123.52 66996.2
2 41.8641 83.7281 66748.9
1 2318.75 4637.51 69036.6
2 1745.05 3490.11 68865.2
0 2057.09 2057.09 68813.7
2 4117.05 8234.11 71183.4
3 1486.61 1486.61 68510.9
3 4265.12 4265.12 71586.3
0 4459.16 4459.16 72335
1 3416 3416 72625.5
2 5570.03 22280.1 74674.9
3 4322.11 4322.11 73577.6
0 4995.82 4995.82 74477.9
1 4868.36 4868.36 74663.5
3 5936.63 5936.63 75953.5
1 6590.35 6590.35 77003.2
0 6574.16 6574.16 77157.3
2 7165.34 7165.34 77813.8
3 7335.2 7335.2 77991.4
2 9072.84 18145.7 79969.7
2 10745.2 42980.9 81974.8
2 13275 53100.1 84953.1
0 8384.5 8384.5 80007.2
3 8389.82 8389.82 80182.7
1 9345.52 9345.52 81066.7
1 12133.5 24267.1 83910.6
2 15030.1 60120.4 87079.1
0 10518.9 10518.9 82626.7
2 17072 68287.8 90026
3 9933.79 9933.79 82919.4
1 14081.3 28162.7 87185.2
32
1 1123.52 1123.52 66996.2
2 41.8641 83.7281 66748.9
1 2318.75 4637.51 69036.6
2 1745.05 3490.11 68865.2
0 2057.09 2057.09 68813.7
2 4117.05 8234.11 71183.4
3 1486.61 1486.61 68510.9
3 4265.12 4265.12 71586.3
0 4459.16 4459.16 72335
1 3416 3416 72625.5
2 5570.03 22280.1 74674.9
3 4322.11 4322.11 73577.6
0 4435.91 4435.91 74098.7
2 8924.52 35698.1 78680.2
2 11189.3 44757.1 81556.3
1 5221.5 5221.5 75530.8
3 5464.26 5464.26 75618.8
2 12745 50980.2 83632.7
0 5212.44 5212.44 76565.9
1 6476.33 12952.7 77469.8
0 7109.91 7109.91 78612.6
1 8208.69 16417.4 79238
3 7775.71 7775.71 79271.6
1 9784.95 19569.9 81537.9
3 10507.8 10507.8 82139.2
1 11756.6 23513.2 83245.3
0 10791.9 10791.9 82686.2
2 15717.9 62871.7 87464.6
1 12744.9 25489.9 85500.8
3 11924 11924 84227.6
1 16385.1 32770.3 88601.9
0 13304.7 13304.7 86245.6
36
1 1123.52 1123.52 66996.2
2 41.8641 83.7281 66748.9
1 2318.75 4637.51 69036.6
2 1745.05 3490.11 68865.2
0 2057.09 2057.09 68813.7
2 4117.05 8234.11 71183.4
3 1486.61 1486.61 68510.9
3 4265.12 4265.12 71586.3
0 5043.66 5043.66 72631.2
2 4933.31 9866.62 73155.8
1 3118.2 3118.2 72075.8
1 4911.27 4911.27 73428.7
3 5046.48 5046.48 73644.8
2 6411.66 12823.3 75563.6
0 5645.18 5645.18 74827.3
2 9204.45 36817.8 78425.1
1 7618.24 15236.5 76529.2
3 7062.05 7062.05 76544.2
0 7800.23 7800.23 77595.4
1 8614.38 8614.38 78631.2
3 8718.34 8718.34 79131.2
0 10131 10131 80714.1
2 9560.55 9560.55 80209
1 10013 10013 80669.1
2 11468 22936.1 82364.9
2 13140.4 52561.7 84370
2 15670.2 62681 87348.4
3 10867.3 10867.3 82490
1 11067.6 11067.6 82860.4
0 12397.6 12397.6 84118.8
1 13039.8 26079.6 84816.9
2 17425.3 69701.2 89474.3
3 13001.8 13001.8 85109.5
2 19467.2 77868.7 92421.2
1 13836.7 13836.7 86822.4
1 17714.8 35429.6 90818.7
29
1 849.189 849.189 66762.8
0 135.689 135.689 66130.9
2 1126.08 1126.08 67752.6
3 216.765 216.765 66896.4
1 2250.91 4501.82 69235.1
0 929.931 929.931 68201.3
2 3305.81 6611.62 70704.9
1 4038.06 8076.11 71174.8
2 4384.04 8768.08 72611.1
3 461.744 461.744 69144.8
2 6019.21 24076.8 74569.3
0 1540.81 1540.81 70198.7
3 3669.95 3669.95 72435.4
0 3602.92 3602.92 72778.3
3 5051.04 5051.04 74401.7
1 4263.29 4263.29 73745.4
0 6039.44 6039.44 75834.6
1 6913.27 6913.27 76930.1
2 7121.16 7121.16 77534
3 6694.07 6694.07 77277.2
0 8325.08 8325.08 78973.5
1 8311.85 8311.85 78968
1 9930.84 19861.7 80827.7
2 7787.86 7787.86 79409.7
2 10821.8 43287.1 82573.1
1 10975.6 21951.1 82929.1
3 7573.61 7573.61 79518.6
0 9454.47 9454.47 81486.3
3 9123.9 9123.9 82230.7
34
1 1123.52 1123.52 66996.2
2 41.8641 83.7281 66748.9
1 2318.75 4637.51 69036.6
2 1745.05 3490.11 68865.2
0 2057.09 2057.09 68813.7
2 4117.05 8234.11 71183.4
3 1486.61 1486.61 68510.9
3 4265.12 4265.12 71586.3
0 5043.66 5043.66 72631.2
2 4933.31 9866.62 73155.8
1 3118.2 3118.2 72075.8
1 4911.27 4911.27 73428.7
3 5046.48 5046.48 73644.8
2 6411.66 12823.3 75563.6
0 5645.18 5645.18 74827.3
2 9204.45 36817.8 78425.1
1 7618.24 15236.5 76529.2
2 10913.4 43653.6 80687.1
2 13734.1 54936.4 84002
1 10051.7 20103.3 80056
1 13137.2 26274.4 83193.2
3 6912.37 6912.37 77294.8
1 16067.3 32134.7 86981.2
2 15763.7 31527.4 86594.5
2 19534.7 39069.5 90596.2
1 19094.1 38188.3 90356.5
0 5798.29 5798.29 77169.3
3 7874.78 7874.78 78878.8
0 8570.5 8570.5 80136.3
1 20827.8 41655.5 92417.7
3 10762.4 10762.4 82804.7
0 11374.8 11374.8 84001.6
0 13194.9 13194.9 85394.1
2 20846.4 83385.6 93369.1
34
1 1123.52 1123.52 66996.2
2 41.8641 83.7281 66748.9
1 2318.75 4637.51 69036.6
2 1745.05 3490.11 68865.2
0 2057.09 2057.09 68813.7
2 4117.05 8234.11 71183.4
3 1486.61 1486.61 68510.9
3 4265.12 4265.12 71586.3
0 5043.66 5043.66 72631.2
2 4933.31 9866.62 73155.8
1 3118.2 3118.2 72075.8
1 4911.27 4911.27 73428.7
3 5046.48 5046.48 73644.8
2 6411.66 12823.3 75563.6
0 5645.18 5645.18 74827.3
2 9204.45 36817.8 78425.1
1 7618.24 15236.5 76529.2
1 9487.35 18974.7 79391.5
3 6990.95 6990.95 76330.4
0 7268.91 7268.91 76821.8
3 9130.46 9130.46 79186.1
2 10543.4 42173.6 80509.1
0 9987.24 9987.24 80197.8
3 11091.7 11091.7 81437.8
2 11760.1 23520.3 82045.1
2 13318.6 53274.2 83994.4
1 10947.3 10947.3 82083.2
0 12723.8 12723.8 83727.8
3 12329 12329 83894.8
1 13017.6 26035.2 84607.5
3 14692.7 14692.7 86735
0 13348.6 13348.6 85975.5
0 15168.7 15168.7 87367.9
2 14232.1 56928.2 86754.8
31
1 1123.52 1123.52 66996.2
2 41.8641 83.7281 66748.9
1 2318.75 4637.51 69036.6
2 1745.05 3490.11 68865.2
0 2057.09 2057.09 68813.7
2 4117.05 8234.11 71183.4
3 1486.61 1486.61 68510.9
3 4265.12 4265.12 71586.3
1 4922.01 9844.02 73270.1
2 4857.79 9715.59 72732.2
0 4360.42 4360.42 72927.1
3 4745.44 4745.44 73606.4
0 6030.49 6030.49 75191.8
2 5298.7 5298.7 74660.7
2 7742.85 30971.4 77516.5
2 10563.6 42254.2 80831.5
1 6083.73 12167.5 76088.1
1 9169.29 18338.6 79225.3
3 6279.47 6279.47 76661.9
1 12099.4 24198.8 83013.3
2 12593.2 25186.3 83423.9
2 16364.2 32728.4 87425.7
1 15126.2 30252.4 86388.6
0 6842.93 6842.93 78214
3 7241.88 7241.88 78245.9
0 9615.14 9615.14 81180.9
1 16859.8 33719.6 88449.8
3 10129.5 10129.5 82171.8
0 12419.4 12419.4 85046.3
3 12877 12877 85076.3
2 17675.8 70703.4 90198.6
35
1 1123.52 1123.52 66996.2
2 41.8641 83.7281 66748.9
1 2318.75 4637.51 69036.6
2 1745.05 3490.11 68865.2
0 2057.09 2057.09 68813.7
2 4117.05 8234.11 71183.4
3 1486.61 1486.61 68510.9
3 4265.12 4265.12 71586.3
1 4464.54 8929.07 72691.6
0 3358.93 3358.93 72042
2 4379.16 17516.6 72929.2
0 5027.89 5027.89 73685.8
3 4619.77 4619.77 73385.2
1 5417.05 5417.05 74592.5
3 6000.86 6000.86 75351.6
2 5030.16 5030.16 74693
2 7725.6 30902.4 77481.3
2 9990.35 39961.4 80357.4
0 6281.8 6281.8 76591.1
1 6479.09 6479.09 76633.7
2 11546.1 46184.5 82433.8
3 6734.18 6734.18 78087.6
1 7610.05 15220.1 78603.5
0 7828.58 7828.58 79331.3
2 14956.7 59826.9 86186.3
2 17486.5 69946.2 89164.7
3 9314.86 9314.86 80937.5
1 9134.4 9134.4 80927.3
0 11673.6 11673.6 83394.8
1 11106.6 22213.3 82883.7
2 19241.6 76966.4 91290.6
3 11449.3 11449.3 83557
2 21283.5 85133.9 94237.5
1 11903.6 11903.6 84889.2
1 15781.6 31563.3 88885.5
32
1 849.189 849.189 66762.8
0 135.689 135.689 66130.9
2 1126.08 1126.08 67752.6
3 216.765 216.765 66896.4
1 2250.91 4501.82 69235.1
0 929.931 929.931 68201.3
2 3305.81 6611.62 70704.9
1 4038.06 8076.11 71174.8
3 812.205 812.205 68688
0 1318.75 1318.75 70528.3
2 4557.52 18230.1 73662.3
3 1189.55 1189.55 70445.1
3 3105.92 3105.92 72588
0 2771.1 2771.1 72566.3
1 4393.89 4393.89 74410.7
0 4493.09 4493.09 74905.9
3 4684.25 4684.25 75267.4
1 5834.33 5834.33 76482.8
2 6175.18 6175.18 76831.3
1 7741.83 15483.7 78638.7
2 7697.62 15395.2 78903.4
3 6607.62 6607.62 77946.9
0 6693.62 6693.62 78250.8
0 8007.64 8007.64 80356.1
1 8025.49 16051 79882.3
2 9966.13 19932.3 82309.8
3 10537.8 10537.8 85605.7
1 9242.97 9242.97 81851.6
1 11189.7 22379.4 83815.7
2 11412.9 22825.7 83855.9
0 10339.3 10339.3 83161.6
1 12602.2 25204.4 85318.7
35
1 2276.12 2276.12 68302.8
2 160.277 320.555 65878.5
2 1762.7 3525.41 68093.5
0 1349.6 1349.6 67397.3
3 497.418 497.418 66812.7
2 4267.9 8535.81 70980.7
2 6899.82 27599.3 73218.3
2 10307.2 41229 76842.4
1 4703.77 9407.55 71254.4
3 1678.77 1678.77 68578.9
2 13918.4 55673.7 81063.7
0 2891.71 2891.71 69770.2
3 3466.06 3466.06 70681.4
1 5961.59 11923.2 74188.7
0 3335.55 3335.55 72018.6
2 14604.7 58418.7 83154.7
3 4745.1 4745.1 73403
0 6543.76 6543.76 75309.2
3 6807.21 6807.21 75982.6
1 7268.47 7268.47 76619.2
0 7904.13 7904.13 77566.9
2 15693.7 62774.9 85449.4
2 17958.5 71833.9 88325.5
3 7678.11 7678.11 77987.4
1 8964.26 8964.26 79118.8
2 19514.2 78056.9 90401.9
0 8680.65 8680.65 80034.1
1 10095.2 20190.4 81088.7
3 9224.89 9224.89 80727.6
3 10981.4 10981.4 82603.3
2 21813.9 87255.7 93565.2
1 11688.4 23376.9 83642
0 10330.5 10330.5 82275.5
0 12312.3 12312.3 84344.1
1 13123.3 13123.3 86230.2
37
1 2276.12 2276.12 68302.8
2 160.277 320.555 65878.5
2 1762.7 3525.41 68093.5
0 1349.6 1349.6 67397.3
3 497.418 497.418 66812.7
2 4267.9 8535.81 70980.7
2 6899.82 27599.3 73218.3
2 10307.2 41229 76842.4
1 4703.77 9407.55 71254.4
3 1678.77 1678.77 68578.9
2 13918.4 55673.7 81063.7
0 2891.71 2891.71 69770.2
3 3466.06 3466.06 70681.4
0 3686.01 3686.01 71561.8
3 4248.73 4248.73 73458.3
2 15295.5 61181.9 84400.3
0 4063.36 4063.36 73318.9
1 3960.57 3960.57 73623.4
2 18650 74599.9 88405.7
2 20914.7 83658.9 91281.8
0 5014.37 5014.37 75323.7
1 5418.38 5418.38 75572.9
2 22470.5 89882 93358.1
3 4771.7 4771.7 76125.1
1 6549.34 13098.7 77542.8
0 6561.16 6561.16 78063.8
1 8281.69 16563.4 79311
3 7320.27 7320.27 78816.1
1 9857.96 19715.9 81610.9
3 10052.4 10052.4 81683.8
1 11829.6 23659.2 83318.3
0 10243.2 10243.2 82137.5
2 25443.4 101774 97190
1 12817.9 25635.9 85573.8
3 11468.6 11468.6 83772.2
1 16458.1 32916.3 88674.9
0 12756 12756 85696.8
37
1 2136.95 2136.95 67872.6
2 163.906 327.812 66296.8
2 1730.17 3460.35 68494.4
2 4829.59 19318.4 71476.1
0 793.929 793.929 67780.9
2 7432.75 29731 73996.6
3 2636.34 2636.34 69536.8
1 4833 9666 71917.5
0 2901.47 2901.47 69791.2
1 7670.13 15340.3 74672
2 8733.13 17466.3 76211.6
0 4965 4965 72442.5
1 10042.9 20085.8 77542.5
3 5953.12 5953.12 73828.9
0 6122.7 6122.7 75332.2
2 9938.23 39752.9 79043
3 6330.46 6330.46 75586
2 12787.6 51150.6 82141.1
0 8274.41 8274.41 78092.5
3 7544.41 7544.41 77406.8
1 9847.12 19694.2 80315.7
3 9955.28 9955.28 80371.2
1 13218.5 26437 83656
2 14496.9 28993.9 84871.9
2 16305.8 32611.6 86999.7
0 8895.32 8895.32 79996.1
1 14555.6 29111.1 85584.8
0 10630 10630 82125.8
1 16131.8 32263.6 87884.8
3 12829.6 12829.6 84461
1 18103.5 36206.9 89592.1
0 13070.4 13070.4 84964.7
2 19085 76340 90831.6
1 19091.8 38183.6 91847.7
3 14245.8 14245.8 86549.4
2 20144.4 40288.7 92361.1
0 15583.2 15583.2 88524.1
33
1 2276.12 2276.12 68302.8
2 160.277 320.555 65878.5
2 1762.7 3525.41 68093.5
0 1349.6 1349.6 67397.3
3 497.418 497.418 66812.7
2 4267.9 8535.81 70980.7
2 6899.82 27599.3 73218.3
2 10307.2 41229 76842.4
1 4703.77 9407.55 71254.4
3 1678.77 1678.77 68578.9
2 13918.4 55673.7 81063.7
0 2891.71 2891.71 69770.2
3 3466.06 3466.06 70681.4
0 3686.01 3686.01 71561.8
3 4248.73 4248.73 73458.3
2 15295.5 61181.9 84400.3
0 4063.36 4063.36 73318.9
2 18144.9 72579.6 87498.4
1 4196.54 4196.54 74014.7
0 5277.31 5277.31 75139.7
1 6559.34 13118.7 77028
3 5083.08 5083.08 75499
1 9930.71 19861.4 80368.3
1 13500.1 27000.1 83875
1 15308.9 30617.9 86002.9
0 6059.95 6059.95 77160.7
3 6079.05 6079.05 77083
0 8535.39 8535.39 80101.2
1 17576.1 35152.2 89166
3 8966.7 8966.7 81009
0 11339.7 11339.7 83966.5
3 11714.2 11714.2 83913.4
2 16963.4 67853.5 89486.1
42
1 2276.12 2276.12 68302.8
2 160.277 320.555 65878.5
2 1762.7 3525.41 68093.5
0 1349.6 1349.6 67397.3
3 497.418 497.418 66812.7
2 4267.9 8535.81 70980.7
2 6899.82 27599.3 73218.3
2 10307.2 41229 76842.4
1 4703.77 9407.55 71254.4
3 1678.77 1678.77 68578.9
2 13918.4 55673.7 81063.7
0 2891.71 2891.71 69770.2
3 3466.06 3466.06 70681.4
1 5961.59 11923.2 74188.7
0 3335.55 3335.55 72018.6
2 14604.7 58418.7 83154.7
3 4745.1 4745.1 73403
0 6543.76 6543.76 75309.2
3 6807.21 6807.21 75982.6
1 7268.47 7268.47 76619.2
2 15643.1 62572.2 85416.7
2 18463.8 73855.1 88731.7
1 9963.15 19926.3 79967.5
1 13048.7 26097.4 83104.7
0 8508.22 8508.22 78890.6
1 15978.8 31957.6 86892.7
1 18660.8 37321.6 89491.6
2 20490.6 40981.1 91552
1 20976.6 41953.2 92239
3 6774.86 6774.86 78145.9
2 21879.8 43759.5 93085.5
3 8748.8 8748.8 80088.1
0 10678.3 10678.3 82235.5
3 10945.7 10945.7 83294.2
1 22405.5 44811 94262.3
2 24148.3 48296.6 96492
0 14589.4 14589.4 89657.3
3 13471.4 13471.4 86080
1 23600.4 47200.7 96226.4
2 25595 51190 98038
3 15558.9 15558.9 88381.2
1 25012.9 50025.7 97729.3
43
1 2136.95 2136.95 67872.6
2 163.906 327.812 66296.8
2 1730.17 3460.35 68494.4
2 4829.59 19318.4 71476.1
0 793.929 793.929 67780.9
2 7432.75 29731 73996.6
3 2636.34 2636.34 69536.8
1 4833 9666 71917.5
0 2901.47 2901.47 69791.2
1 7670.13 15340.3 74672
2 8733.13 17466.3 76211.6
0 4965 4965 72442.5
1 10042.9 20085.8 77542.5
2 11317.4 22634.8 78690.6
3 5834.88 5834.88 73929.3
0 7191.32 7191.32 75174.6
3 8266.41 8266.41 76435
2 11779.5 23558.9 80196.4
2 13397.9 53591.4 81994.5
1 11538.4 23076.8 80834.4
0 8070.17 8070.17 77025.3
2 15323.2 61292.7 84272.5
2 17200.2 68800.7 86973.9
2 20020.9 80083.6 90288.8
1 13647.9 27295.9 83652.3
1 16733.5 33467 86789.5
3 9633.95 9633.95 80016.4
1 19663.6 39327.2 90577.5
2 22050.5 44101 92881.3
1 24284.1 48568.1 95345.5
2 24366.3 48732.6 95628.7
0 7817.52 7817.52 79188.6
1 26245 52490 97274.3
0 10781.3 10781.3 82277.2
2 26858.7 53717.4 98611.7
3 12474.7 12474.7 84106.1
1 27493 54985.9 98981.6
0 13221.8 13221.8 85116.1
2 28951.7 115807 100698
1 28481.3 56962.6 101237
3 13890.9 13890.9 86194.5
2 30011 60022.1 102228
0 15734.6 15734.6 88675.5
38
1 2136.95 2136.95 67872.6
2 163.906 327.812 66296.8
2 1730.17 3460.35 68494.4
2 4829.59 19318.4 71476.1
0 793.929 793.929 67780.9
2 7432.75 29731 73996.6
3 2636.34 2636.34 69536.8
1 4833 9666 71917.5
0 2901.47 2901.47 69791.2
1 7670.13 15340.3 74672
2 8733.13 17466.3 76211.6
0 4965 4965 72442.5
1 10042.9 20085.8 77542.5
2 11317.4 22634.8 78690.6
3 5834.88 5834.88 73929.3
0 7191.32 7191.32 75174.6
3 8266.41 8266.41 76435
2 11779.5 23558.9 80196.4
2 13397.9 53591.4 81994.5
1 11538.4 23076.8 80834.4
0 8070.17 8070.17 77025.3
2 15323.2 61292.7 84272.5
1 13119.6 26239.1 83023.7
3 9877.22 9877.22 79216.7
0 9708.46 9708.46 79261.3
3 12016.7 12016.7 82072.3
2 17419.4 69677.5 87385.1
0 12426.8 12426.8 82637.3
3 13978 13978 84324.1
1 15839.3 31678.6 86124.3
2 18658.5 74634.1 89334.4
0 14285.7 14285.7 85421.5
3 16157.8 16157.8 87779.6
2 19666.3 78665.2 91417.6
1 15733.9 31467.7 87687.4
0 15718 15718 87663
1 17183.2 17183.2 89215.1
0 17268.3 17268.3 90375.1
39
1 2136.95 2136.95 67872.6
2 163.906 327.812 66296.8
2 1730.17 3460.35 68494.4
2 4829.59 19318.4 71476.1
0 793.929 793.929 67780.9
2 7432.75 29731 73996.6
3 2636.34 2636.34 69536.8
1 4833 9666 71917.5
0 2901.47 2901.47 69791.2
1 7670.13 15340.3 74672
2 8733.13 17466.3 76211.6
0 4965 4965 72442.5
1 10042.9 20085.8 77542.5
2 10577.8 21155.5 78925.9
1 12787.3 25574.7 80661.7
3 5854.33 5854.33 74421
0 6460.78 6460.78 75321.7
3 7524.39 7524.39 76685.7
0 8341.68 8341.68 77703.7
2 11145.4 44581.6 80498.9
3 9627.87 9627.87 79446
0 9762.07 9762.07 79624.5
2 12151.9 24303.8 82620.5
3 11807.7 11807.7 82223.6
1 12041.3 24082.5 82478.8
2 14236.6 28473.2 84611.5
1 15272.4 30544.8 85966.3
0 10544.7 10544.7 81645.5
2 17134.5 68538 88364
2 19664.3 78657.3 91342.4
0 12072.2 12072.2 83694.9
3 14223.7 14223.7 86016.6
0 14820.3 14820.3 86541.5
1 17021.5 34043 88798.5
2 21419.4 85677.6 93468.3
3 16894.3 16894.3 89002
2 23461.2 93845 96415.3
0 16947.2 16947.2 89932.8
1 18969.3 37938.6 92073.2
38
1 2136.95 2136.95 67872.6
2 163.906 327.812 66296.8
2 1730.17 3460.35 68494.4
2 4829.59 19318.4 71476.1
0 793.929 793.929 67780.9
2 7432.75 29731 73996.6
3 2636.34 2636.34 69536.8
1 4833 9666 71917.5
0 2901.47 2901.47 69791.2
1 7670.13 15340.3 74672
2 8733.13 17466.3 76211.6
0 4965 4965 72442.5
1 10042.9 20085.8 77542.5
2 11317.4 22634.8 78690.6
3 5834.88 5834.88 73929.3
0 7191.32 7191.32 75174.6
3 8266.41 8266.41 76435
2 11779.5 23558.9 80196.4
2 13397.9 53591.4 81994.5
1 11538.4 23076.8 80834.4
0 8070.17 8070.17 77025.3
2 15323.2 61292.7 84272.5
2 17227.9 68911.6 86581.4
3 10071.1 10071.1 79889.2
0 8983.71 8983.71 78846.1
1 12487.4 24974.7 82956
0 11394.6 11394.6 81810.5
1 15858.7 31717.5 86296.3
2 18937.2 37874.4 89312.2
1 19089.9 38179.7 89783.8
3 10692 10692 81792.8
0 12390.5 12390.5 83394.5
3 13167.5 13167.5 84733.2
2 20885.4 41770.7 92475.3
0 15278.2 15278.2 87320.5
3 15971.8 15971.8 88598.6
3 17791.8 17791.8 89991
2 22188.8 88755.1 94711.5
39
1 2136.95 2136.95 67872.6
2 163.906 327.812 66296.8
2 1730.17 3460.35 68494.4
2 4829.59 19318.4 71476.1
0 793.929 793.929 67780.9
2 7432.75 29731 73996.6
3 2636.34 2636.34 69536.8
1 4833 9666 71917.5
0 2901.47 2901.47 69791.2
1 7670.13 15340.3 74672
2 8733.13 17466.3 76211.6
0 4965 4965 72442.5
1 10042.9 20085.8 77542.5
2 10577.8 21155.5 78925.9
1 12787.3 25574.7 80661.7
3 5854.33 5854.33 74421
0 6460.78 6460.78 75321.7
3 7524.39 7524.39 76685.7
0 8341.68 8341.68 77703.7
3 9391.9 9391.9 79054.7
2 11958.5 47834.1 81714.2
2 14223.3 56893.1 84590.3
0 9878.41 9878.41 80187.8
3 10849.7 10849.7 81004.3
2 15779 63116.2 86666.7
0 11301.5 11301.5 82654.9
1 11931.3 23862.6 82924.8
3 12973.8 12973.8 84476.5
2 19189.7 76758.6 90419.2
2 21719.5 86877.9 93397.6
0 13882.1 13882.1 85504.8
1 13455.6 13455.6 85248.5
1 16436.1 16436.1 88157.2
1 19224.1 38448.2 91001.1
2 23474.5 93898.1 95523.5
3 14090.3 14090.3 86198
2 25516.4 102066 98470.4
0 15226.9 15226.9 88212.5
1 21171.9 42343.8 94275.8
42
1 2276.12 2276.12 68302.8
2 160.277 320.555 65878.5
2 1762.7 3525.41 68093.5
0 1349.6 1349.6 67397.3
3 497.418 497.418 66812.7
2 4267.9 8535.81 70980.7
2 6899.82 27599.3 73218.3
2 10307.2 41229 76842.4
1 4703.77 9407.55 71254.4
3 1678.77 1678.77 68578.9
2 13918.4 55673.7 81063.7
0 2891.71 2891.71 69770.2
3 3466.06 3466.06 70681.4
0 4255.05 4255.05 71842.6
1 6545.87 13091.7 74768.3
3 4406.58 4406.58 73364.2
0 6123.19 6123.19 74640.6
3 7653.48 7653.48 76251.8
1 8024.22 16048.4 77176.2
0 8468.06 8468.06 77650.1
2 14032.2 56128.7 83252.8
1 11003 22006.1 79914
3 9669.06 9669.06 79151.2
0 10623.1 10623.1 80418.3
1 11999.2 11999.2 82016
3 11325.3 11325.3 81738.2
0 12953.9 12953.9 83537
1 13439.6 13439.6 84088.1
2 14018.9 14018.9 84675.1
1 15347.1 30694.2 86243.9
2 15541.4 31082.7 86747.1
3 13867.2 13867.2 85206.5
0 14731.8 14731.8 86289
0 16045.9 16045.9 88394.4
1 15630.8 31261.5 87487.6
2 17809.9 35619.8 90153.6
3 17797.4 17797.4 92865.3
1 16848.2 16848.2 89456.9
1 18795 37589.9 91421
2 19256.6 38513.2 91699.6
0 18377.6 18377.6 91199.8
1 20207.5 40414.9 92923.9
39
1 2276.12 2276.12 68302.8
2 160.277 320.555 65878.5
2 1762.7 3525.41 68093.5
0 1349.6 1349.6 67397.3
3 497.418 497.418 66812.7
2 4267.9 8535.81 70980.7
2 6899.82 27599.3 73218.3
2 10307.2 41229 76842.4
1 4703.77 9407.55 71254.4
3 1678.77 1678.77 68578.9
2 13918.4 55673.7 81063.7
0 2891.71 2891.71 69770.2
3 3466.06 3466.06 70681.4
1 5961.59 11923.2 74188.7
0 3335.55 3335.55 72018.6
2 14604.7 58418.7 83154.7
3 4745.1 4745.1 73403
0 6543.76 6543.76 75309.2
3 6807.21 6807.21 75982.6
1 7268.47 7268.47 76619.2
0 8281.21 8281.21 77763.3
3 9243.73 9243.73 79038.9
1 9207.52 9207.52 79224.3
0 9937.49 9937.49 80350.3
1 11337.6 11337.6 81920.7
3 11529.4 11529.4 82177.8
0 12863.2 12863.2 83519.3
1 13821.2 27642.5 84718.1
2 13524 27048 84553.3
3 13770.6 13770.6 85266.4
2 15100.3 30200.6 86853.3
0 14306.1 14306.1 85937.5
1 14936.8 29873.5 86425.4
0 16017.8 16017.8 87912.1
2 17193.2 68772.9 88939.9
1 15925.1 31850.2 88680.9
3 14758 14758 87061.6
2 18252.6 36505.2 90469.4
3 16830.1 16830.1 89770.9
28
1 1123.52 1123.52 66996.2
2 41.8641 83.7281 66748.9
1 2318.75 4637.51 69036.6
2 1745.05 3490.11 68865.2
0 2057.09 2057.09 68813.7
2 4117.05 8234.11 71183.4
3 1486.61 1486.61 68510.9
3 4265.12 4265.12 71586.3
0 4459.16 4459.16 72335
1 3416 3416 72625.5
2 5570.03 22280.1 74674.9
3 4322.11 4322.11 73577.6
1 5573.7 11147.4 75477.9
0 5243.37 5243.37 74582.9
3 6260.81 6260.81 75813.7
0 7382.88 7382.88 77438.5
2 8539.83 34159.3 78505.6
1 8643.35 8643.35 78853.9
3 8400.17 8400.17 78746.3
2 9756.58 19513.2 80041.6
2 11315 45260 81990.8
0 8718.1 8718.1 79853.9
3 10579.9 10579.9 82201.8
2 12322.8 49291 84074.1
1 8463.46 16926.9 80417
0 10150.4 10150.4 82095.4
1 9912.84 9912.84 81944.6
1 11426 11426 84532.8
32
1 849.189 849.189 66762.8
0 135.689 135.689 66130.9
2 1126.08 1126.08 67752.6
3 216.765 216.765 66896.4
1 2250.91 4501.82 69235.1
0 929.931 929.931 68201.3
2 3305.81 6611.62 70704.9
1 4038.06 8076.11 71174.8
3 812.205 812.205 68688
0 1318.75 1318.75 70528.3
2 4557.52 18230.1 73662.3
3 1189.55 1189.55 70445.1
3 3105.92 3105.92 72588
0 2771.1 2771.1 72566.3
1 4393.89 4393.89 74410.7
0 4493.09 4493.09 74905.9
3 4684.25 4684.25 75267.4
1 5834.33 5834.33 76482.8
2 6175.18 6175.18 76831.3
1 7741.83 15483.7 78638.7
2 7697.62 15395.2 78903.4
3 6607.62 6607.62 77946.9
0 6693.62 6693.62 78250.8
0 8007.64 8007.64 80356.1
1 8025.49 16051 79882.3
2 9966.13 19932.3 82309.8
3 10537.8 10537.8 85605.7
1 9242.97 9242.97 81851.6
1 11189.7 22379.4 83815.7
2 11412.9 22825.7 83855.9
0 10339.3 10339.3 83161.6
1 12602.2 25204.4 85318.7
38
1 2136.95 2136.95 67872.6
2 163.906 327.812 66296.8
2 1730.17 3460.35 68494.4
2 4829.59 19318.4 71476.1
0 793.929 793.929 67780.9
2 7432.75 29731 73996.6
3 2636.34 2636.34 69536.8
1 4833 9666 71917.5
0 2901.47 2901.47 69791.2
1 7670.13 15340.3 74672
2 8733.13 17466.3 76211.6
0 4965 4965 72442.5
1 10042.9 20085.8 77542.5
3 6537.37 6537.37 74124.9
2 10949.2 21898.4 79171.7
0 6165.83 6165.83 75123.5
0 7958.9 7958.9 76476.3
3 7585.04 7585.04 76183.4
1 11582.9 23165.8 80734.9
3 9362.78 9362.78 78544.8
2 12128.3 48513.2 81348.9
2 14511.8 29023.7 83422.8
0 9182.54 9182.54 78845.4
2 15468.5 61874 85224.2
2 17733.3 70933.1 88100.3
3 10504.2 10504.2 80813.5
0 10640.3 10640.3 80794.9
2 19289 77156.1 90176.7
1 11908.4 11908.4 83261.8
1 14929.2 29858.3 85922.7
3 12051 12051 83553.7
0 13347.4 13347.4 84351.4
3 16134.6 16134.6 87700.4
1 16554.6 33109.2 88144.5
0 16235.1 16235.1 88277.3
3 18938.9 18938.9 91565.8
0 18982.6 18982.6 91181.8
2 20246 80984.1 92768.8
41
1 2136.95 2136.95 67872.6
2 163.906 327.812 66296.8
2 1730.17 3460.35 68494.4
2 4829.59 19318.4 71476.1
0 793.929 793.929 67780.9
2 7432.75 29731 73996.6
3 2636.34 2636.34 69536.8
1 4833 9666 71917.5
0 2901.47 2901.47 69791.2
1 7670.13 15340.3 74672
2 8733.13 17466.3 76211.6
0 4965 4965 72442.5
1 10042.9 20085.8 77542.5
2 10577.8 21155.5 78925.9
1 12787.3 25574.7 80661.7
3 5854.33 5854.33 74421
0 6460.78 6460.78 75321.7
3 7524.39 7524.39 76685.7
0 8341.68 8341.68 77703.7
2 11402.1 45608.4 81175.8
2 14222.8 56891.2 84490.7
1 14184.1 28368.3 84188.5
2 17019.6 34039.1 87075.6
3 8536.21 8536.21 78918.6
1 15648.3 31296.5 86562.1
1 18330.2 36660.5 89161
2 18799.6 37599.1 89861
1 20646 41292.1 91908.4
0 8933.5 8933.5 80304.5
2 20188.8 40377.6 91394.5
0 10907.4 10907.4 82246.7
3 10706.3 10706.3 82263.4
3 12020.3 12020.3 84368.8
2 21302.2 42604.3 93159
1 21764.1 43528.3 94107.9
0 14837.6 14837.6 89905.5
3 14546 14546 87154.7
2 22497 44994 95123.1
1 23210.9 46421.8 95653.9
3 16633.6 16633.6 89455.8
2 23909.5 47819 96626
32
1 849.189 849.189 66762.8
0 135.689 135.689 66130.9
2 1126.08 1126.08 67752.6
3 216.765 216.765 66896.4
1 2250.91 4501.82 69235.1
0 929.931 929.931 68201.3
2 3305.81 6611.62 70704.9
1 4038.06 8076.11 71174.8
3 812.205 812.205 68688
0 1318.75 1318.75 70528.3
2 4557.52 18230.1 73662.3
3 1189.55 1189.55 70445.1
3 2546 2546 72208.8
2 7912.01 31648 77667.7
2 10176.8 40707 80543.8
0 3124.25 3124.25 73433.6
1 3709.4 3709.4 73864
2 11732.5 46930.1 82620.2
3 3322.53 3322.53 74676
1 4840.36 9680.72 75833.8
0 4671.04 4671.04 76173.7
2 15143.1 60572.6 86372.7
2 17673 70691.8 89351.1
3 5903.21 5903.21 77525.9
1 6364.71 6364.71 78157.6
0 8516.06 8516.06 80237.2
1 8336.94 16673.9 80114
2 19428 77712.1 91477
3 8037.64 8037.64 80145.4
2 21469.9 85879.5 94423.9
1 9133.88 9133.88 82119.5
1 13011.9 26023.9 86115.8
39
1 2136.95 2136.95 67872.6
2 163.906 327.812 66296.8
2 1730.17 3460.35 68494.4
2 4829.59 19318.4 71476.1
0 793.929 793.929 67780.9
2 7432.75 29731 73996.6
3 2636.34 2636.34 69536.8
1 4833 9666 71917.5
0 2901.47 2901.47 69791.2
1 7670.13 15340.3 74672
2 8733.13 17466.3 76211.6
0 4965 4965 72442.5
1 10042.9 20085.8 77542.5
2 10352.8 20705.6 78579.9
3 4849.91 4849.91 73532.9
2 11988 47951.9 80538.1
0 6038.83 6038.83 74696.8
3 8058.12 8058.12 76823.6
0 8100.94 8100.94 77276.3
3 9439.21 9439.21 78789.9
0 9937.19 9937.19 79419.3
1 9785.32 9785.32 79580.5
3 11378.3 11378.3 81395.1
1 11507.3 11507.3 81920.2
0 11515.5 11515.5 82098.6
2 11673.5 11673.5 82322
3 12776.8 12776.8 83433
2 13581 27162.1 84477.9
1 13861.2 27722.3 84890.4
0 13293.8 13293.8 84789.6
2 15024.9 30049.7 86777.8
3 14219.7 14219.7 85851.1
1 15109.1 30218.2 86597.8
0 15734.2 15734.2 87628.5
2 17117.8 68471.2 88864.4
1 16097.4 32194.9 88853.3
3 15635.9 15635.9 87939.5
2 18177.2 36354.4 90393.9
3 17707.9 17707.9 90648.8
34
1 1123.52 1123.52 66996.2
2 41.8641 83.7281 66748.9
1 2318.75 4637.51 69036.6
2 1745.05 3490.11 68865.2
0 2057.09 2057.09 68813.7
2 4117.05 8234.11 71183.4
3 1486.61 1486.61 68510.9
3 4265.12 4265.12 71586.3
0 4459.16 4459.16 72335
1 3416 3416 72625.5
2 5570.03 22280.1 74674.9
3 4322.11 4322.11 73577.6
1 5573.7 11147.4 75477.9
0 5243.37 5243.37 74582.9
3 6260.81 6260.81 75813.7
0 7382.88 7382.88 77438.5
2 8539.83 34159.3 78505.6
1 8643.35 8643.35 78853.9
3 8400.17 8400.17 78746.3
2 9756.58 19513.2 80041.6
2 11315 45260 81990.8
0 8718.1 8718.1 79853.9
1 9181.65 18363.3 80387.4
3 9409.33 9409.33 80748.6
1 10590.3 10590.3 82147.5
0 10868.5 10868.5 83217
2 11950.9 23901.8 83807.7
1 12861.7 25723.4 85205.4
3 13339.5 13339.5 88407.4
2 13168.4 13168.4 85777.1
2 15115.1 30230.2 87741.1
1 14308.4 28616.9 86751.5
0 13200.2 13200.2 86022.4
1 16082.9 32165.9 88799.4
43
1 2136.95 2136.95 67872.6
2 163.906 327.812 66296.8
2 1730.17 3460.35 68494.4
2 4829.59 19318.4 71476.1
0 793.929 793.929 67780.9
2 7432.75 29731 73996.6
3 2636.34 2636.34 69536.8
1 4833 9666 71917.5
0 2901.47 2901.47 69791.2
1 7670.13 15340.3 74672
2 8733.13 17466.3 76211.6
0 4965 4965 72442.5
1 10042.9 20085.8 77542.5
3 6537.37 6537.37 74124.9
2 10949.2 21898.4 79171.7
0 6165.83 6165.83 75123.5
0 7958.9 7958.9 76476.3
3 7585.04 7585.04 76183.4
1 11582.9 23165.8 80734.9
3 9362.78 9362.78 78544.8
2 12128.3 48513.2 81348.9
2 14511.8 29023.7 83422.8
1 13893.5 27787 83797.7
0 8837.81 8837.81 78177.3
0 10488.2 10488.2 80041
3 10698.5 10698.5 80754.1
2 15000.6 60002.3 84966.3
0 13206.5 13206.5 83417
3 12659.7 12659.7 83005.8
2 16217.3 32434.6 86502.3
2 17775.7 71102.9 88451.6
3 14114 14114 85249.8
2 19313.8 77255.4 90543.4
2 21843.7 87374.7 93521.8
0 14263.6 14263.6 85886.3
1 15023.2 15023.2 86816
3 16933.3 16933.3 88654.5
1 16995.4 33990.8 88772.5
2 23598.7 94394.9 95647.7
0 16398 16398 88505.8
2 25640.6 102562 98594.6
0 17753.4 17753.4 90739
1 18943.2 37886.4 92047.1
33
1 849.189 849.189 66762.8
0 135.689 135.689 66130.9
2 1126.08 1126.08 67752.6
3 216.765 216.765 66896.4
1 2250.91 4501.82 69235.1
0 929.931 929.931 68201.3
2 3305.81 6611.62 70704.9
1 4038.06 8076.11 71174.8
3 1381.24 1381.24 68968.8
2 4963.41 9926.82 73185.9
0 1200.63 1200.63 70158.3
0 2993.7 2993.7 71511.1
3 2428.92 2428.92 71027.2
1 5215.25 10430.5 74367.2
3 4206.65 4206.65 73388.7
2 6142.49 24570 75363.1
1 8194.06 16388.1 77105.1
2 7851.43 31405.7 77625.1
2 10672.1 42688.6 80940.1
1 10627.5 21255 80631.8
2 13468.9 26937.8 83524.9
0 3361.64 3361.64 73744
1 12091.6 24183.2 83005.5
1 14773.6 29547.2 85604.4
2 15248.9 30497.8 86310.4
1 17089.4 34178.8 88351.8
3 4359.76 4359.76 75730.8
0 3997.9 3997.9 75619.8
2 16973.7 67894.7 88725
1 19123.5 38247 91077.1
3 5605.9 5605.9 77550.9
0 7400.32 7400.32 79432.1
3 7156.2 7156.2 80263
33
1 849.189 849.189 66762.8
0 135.689 135.689 66130.9
2 1126.08 1126.08 67752.6
3 216.765 216.765 66896.4
1 2250.91 4501.82 69235.1
0 929.931 929.931 68201.3
2 3305.81 6611.62 70704.9
1 4038.06 8076.11 71174.8
3 812.205 812.205 68688
0 1318.75 1318.75 70528.3
2 4557.52 18230.1 73662.3
3 1189.55 1189.55 70445.1
2 7406.93 29627.7 76760.4
0 3470.46 3470.46 73288.6
3 2403.5 2403.5 72265.9
1 3479.46 6958.91 73948.1
3 4814.37 4814.37 75230.3
1 6850.82 13701.6 77288.4
2 9116.24 18232.5 79491.2
1 10082 20163.9 80775.9
0 4091.37 4091.37 75192.2
2 12105.2 24210.4 83311
0 6661.22 6661.22 78000.5
3 7018.02 7018.02 78575.2
3 8332.04 8332.04 80680.6
1 11886.7 23773.3 83743.5
2 14373.7 28747.4 86717.4
0 10591.4 10591.4 85659.3
3 10857.7 10857.7 83466.4
1 13081.5 26163 85707.6
1 15597.6 31195.1 88040.6
3 12945.3 12945.3 85767.5
2 16048.9 32097.8 88765.4
41
1 1129.47 1129.47 67040.9
2 499.072 998.144 66476.1
2 2597.91 10391.6 69049.7
2 5202.46 20809.9 71951.3
0 586.558 586.558 66768.9
3 218.237 218.237 66724
1 3187.32 6374.65 69395.2
3 2405.16 2405.16 68684.8
1 4626.93 9253.86 71140.6
0 1560 1560 68227.1
1 5818.73 11637.5 73191.9
0 2137.19 2137.19 70231.6
3 3209.01 3209.01 71192.3
3 4564.86 4564.86 72733.4
2 6015.37 12030.7 74432.3
2 7633.76 30535 76230.4
1 6422.44 12844.9 75718.4
0 3649.63 3649.63 72604.7
2 9559.09 38236.4 78508.4
2 11436.1 45744.4 81209.8
2 14256.8 57027.2 84524.7
1 8531.96 17063.9 78536.3
1 11617.5 23235 81673.5
0 5277.83 5277.83 75660.2
1 14547.6 29095.3 85461.5
2 16286.4 32572.8 87117.2
1 19168.1 38336.2 90229.5
2 18602.2 37204.4 89864.6
3 3603.66 3603.66 74974.7
1 20557.3 41114.6 91763.1
3 5577.6 5577.6 76916.9
0 7447.92 7447.92 79005.1
3 7774.48 7774.48 80123
2 20031.1 40062.2 91887.9
2 22519.6 45039.2 94863.3
0 11359 11359 86426.9
3 10300.2 10300.2 82908.8
1 21018.5 42037 93644.5
1 23534.6 47069.1 95977.6
3 12387.7 12387.7 85210
2 24194.8 48389.5 96911.2
29
1 849.189 849.189 66762.8
0 135.689 135.689 66130.9
2 1126.08 1126.08 67752.6
3 216.765 216.765 66896.4
1 2250.91 4501.82 69235.1
0 929.931 929.931 68201.3
2 3305.81 6611.62 70704.9
1 4038.06 8076.11 71174.8
2 4384.04 8768.08 72611.1
3 461.744 461.744 69144.8
2 6019.21 24076.8 74569.3
0 1540.81 1540.81 70198.7
3 3669.95 3669.95 72435.4
0 3602.92 3602.92 72778.3
3 5051.04 5051.04 74401.7
1 4263.29 4263.29 73745.4
0 6039.44 6039.44 75834.6
1 6913.27 6913.27 76930.1
2 7121.16 7121.16 77534
3 6694.07 6694.07 77277.2
0 8325.08 8325.08 78973.5
1 8311.85 8311.85 78968
1 9930.84 19861.7 80827.7
2 7787.86 7787.86 79409.7
2 10821.8 43287.1 82573.1
1 10975.6 21951.1 82929.1
3 7573.61 7573.61 79518.6
0 9454.47 9454.47 81486.3
3 9123.9 9123.9 82230.7
33
1 1129.47 1129.47 67040.9
2 499.072 998.144 66476.1
2 2597.91 10391.6 69049.7
2 5202.46 20809.9 71951.3
0 586.558 586.558 66768.9
3 218.237 218.237 66724
1 3187.32 6374.65 69395.2
3 2405.16 2405.16 68684.8
1 4626.93 9253.86 71140.6
0 1560 1560 68227.1
1 4819.71 9639.43 73046.8
0 1792.51 1792.51 70475.5
2 5814.74 23259 74364.8
3 2024.31 2024.31 70682.2
0 5000.71 5000.71 73766.2
3 4086.42 4086.42 73261.8
1 6126.59 6126.59 75477.3
2 6853.14 27412.5 76626.8
2 9673.85 38695.4 79941.8
1 8821.28 17642.6 78825.6
1 11906.8 23813.7 81962.9
3 5934.91 5934.91 76317.3
2 12349 24698 83262.9
1 13882.1 27764.2 84712.9
2 16969.5 33938.9 88030.9
1 16197.9 32395.8 87460.3
0 4636.43 4636.43 76007.5
3 6571.18 6571.18 78193
2 18694.2 74776.9 90445.5
1 18232 36464.1 90185.6
0 5882.57 5882.57 77827.6
0 7864.3 7864.3 79896.1
0 9377.45 9377.45 82484.3
34
1 1123.52 1123.52 66996.2
2 41.8641 83.7281 66748.9
1 2318.75 4637.51 69036.6
2 1745.05 3490.11 68865.2
0 2057.09 2057.09 68813.7
2 4117.05 8234.11 71183.4
3 1486.61 1486.61 68510.9
3 4265.12 4265.12 71586.3
1 4922.01 9844.02 73270.1
2 4857.79 9715.59 72732.2
0 4360.42 4360.42 72927.1
3 4745.44 4745.44 73606.4
0 6030.49 6030.49 75191.8
2 5298.7 5298.7 74660.7
3 6267.23 6267.23 75749.3
1 6243.12 6243.12 76038.3
2 7249.04 7249.04 77265.9
0 6958.58 6958.58 77371.4
3 7845.57 7845.57 78428.7
1 8528.75 8528.75 79177.2
2 8647.61 8647.61 79303.8
2 10266.6 20533.2 81163.4
1 10468.9 20937.8 81674.7
0 9500.44 9500.44 80839.7
3 9623.53 9623.53 81180.7
3 10937.5 10937.5 83286.1
2 10550.3 21100.5 82407.1
1 12737.4 25474.8 85081.1
0 13430.6 13430.6 88498.5
2 11767.7 11767.7 84376.4
2 13714.5 27428.9 86340.5
1 14184.2 28368.3 86627.2
3 13269.3 13269.3 86091.5
2 15127 30253.9 87843.4
37
1 1129.47 1129.47 67040.9
2 499.072 998.144 66476.1
2 2597.91 10391.6 69049.7
2 5202.46 20809.9 71951.3
0 586.558 586.558 66768.9
3 218.237 218.237 66724
1 3187.32 6374.65 69395.2
3 2405.16 2405.16 68684.8
1 4626.93 9253.86 71140.6
0 1560 1560 68227.1
1 5472.64 10945.3 73820.8
2 6616.03 13232.1 74490.4
0 2027.78 2027.78 70594.4
3 2125.17 2125.17 70986.1
0 3697.85 3697.85 72859.1
3 4006.07 4006.07 73368.1
2 7377.81 29511.2 76731.3
0 5801.33 5801.33 75619.4
3 5426.46 5426.46 75288.9
1 5473.78 10947.6 75942.4
1 7567.23 7567.23 77983.2
2 9098.19 18196.4 79535.8
1 9190.15 18380.3 79565.1
1 10999 21998 81692.9
3 6209.11 6209.11 77309.9
2 9863.52 19727 81069.3
0 7088.51 7088.51 78427.8
3 7825.59 7825.59 79382.7
3 9139.62 9139.62 81488.1
2 10976.9 21953.8 82833.7
1 12103.5 24207 84447.2
0 11018.7 11018.7 86086.6
3 11665.3 11665.3 84274
2 12171.8 24343.5 84797.8
1 13550.2 27100.5 85993.3
3 13752.9 13752.9 86575.1
2 13584.3 27168.5 86300.7
31
1 1123.52 1123.52 66996.2
2 41.8641 83.7281 66748.9
1 2318.75 4637.51 69036.6
2 1745.05 3490.11 68865.2
0 2057.09 2057.09 68813.7
2 4117.05 8234.11 71183.4
3 1486.61 1486.61 68510.9
3 4265.12 4265.12 71586.3
2 5322.59 10645.2 72695.8
0 4344.47 4344.47 72438.9
1 4877.11 4877.11 72860.4
3 4958.85 4958.85 73127.4
2 5784.65 11569.3 74201.5
2 7403.04 29612.1 75999.7
1 6090.96 12181.9 75386.9
0 5856.91 5856.91 74812
2 9328.37 37313.5 78277.7
3 6099.38 6099.38 75581.5
0 8073.14 8073.14 77868.3
1 7882.76 7882.76 77899.6
3 7755.67 7755.67 78168.5
1 10012.8 10012.8 80595.9
2 9992.79 9992.79 80641.3
0 10381.1 10381.1 81037.3
2 11900.3 23800.6 82797.1
3 8422.37 8422.37 80044.2
2 13134.1 52536.4 84885.4
1 11776 23552 83729.6
0 10464.3 10464.3 82409.3
3 11824.8 11824.8 83856.6
0 12014.6 12014.6 85121.4
37
1 2136.95 2136.95 67872.6
2 163.906 327.812 66296.8
2 1730.17 3460.35 68494.4
2 4829.59 19318.4 71476.1
0 793.929 793.929 67780.9
2 7432.75 29731 73996.6
3 2636.34 2636.34 69536.8
1 4833 9666 71917.5
0 2901.47 2901.47 69791.2
1 7670.13 15340.3 74672
2 8733.13 17466.3 76211.6
0 4965 4965 72442.5
1 10042.9 20085.8 77542.5
3 5953.12 5953.12 73828.9
0 6122.7 6122.7 75332.2
2 9938.23 39752.9 79043
3 6330.46 6330.46 75586
3 8246.83 8246.83 77728.9
0 7575.06 7575.06 77370.2
1 10761.6 10761.6 80778.4
0 9297.05 9297.05 79709.9
3 9825.16 9825.16 80408.3
2 11533.5 11533.5 82182
1 12160.1 12160.1 82816.3
2 13441 26882.1 84337.9
1 13682.6 27365.1 84888.3
3 11748.5 11748.5 83087.8
0 11497.6 11497.6 83054.7
0 12811.6 12811.6 85160.1
2 13724.7 27449.4 85581.5
1 15951.1 31902.2 88294.8
3 15678.7 15678.7 90746.6
2 14942.2 14942.2 87550.8
2 16888.9 33777.8 89514.9
1 17397.8 34795.6 89840.8
0 15143.3 15143.3 87965.5
2 18301.4 36602.8 91017.9
35
1 2276.12 2276.12 68302.8
2 160.277 320.555 65878.5
2 1762.7 3525.41 68093.5
0 1349.6 1349.6 67397.3
3 497.418 497.418 66812.7
2 4267.9 8535.81 70980.7
2 6899.82 27599.3 73218.3
2 10307.2 41229 76842.4
1 4703.77 9407.55 71254.4
3 1678.77 1678.77 68578.9
2 13918.4 55673.7 81063.7
0 2891.71 2891.71 69770.2
3 3466.06 3466.06 70681.4
1 6353.34 12706.7 74701.5
1 9366.25 18732.5 77240.6
0 3570.83 3570.83 72137.5
3 3824.56 3824.56 72685.5
0 5240.89 5240.89 74402.2
3 5705.45 5705.45 75067.4
2 14196.2 56784.7 83549.7
0 7344.37 7344.37 77162.5
3 7125.84 7125.84 76988.3
1 9631.53 19263.1 80100.1
0 9524.18 9524.18 79940.1
1 13002.9 26005.8 83440.5
2 15905.5 31810.9 86280.4
1 16234 32468 86927.9
3 7908.49 7908.49 79009.3
0 10520.1 10520.1 81524.1
3 10383.9 10383.9 81949.7
2 17853.6 35707.3 89443.6
3 12747.6 12747.6 84789.9
0 11145 11145 83771.9
0 12965.1 12965.1 85164.3
2 19157 76628.1 91679.8
35
1 1123.52 1123.52 66996.2
2 41.8641 83.7281 66748.9
1 2318.75 4637.51 69036.6
2 1745.05 3490.11 68865.2
0 2057.09 2057.09 68813.7
2 4117.05 8234.11 71183.4
3 1486.61 1486.61 68510.9
3 4265.12 4265.12 71586.3
1 4922.01 9844.02 73270.1
2 4857.79 9715.59 72732.2
0 4360.42 4360.42 72927.1
3 4745.44 4745.44 73606.4
0 6030.49 6030.49 75191.8
2 5298.7 5298.7 74660.7
2 7742.85 30971.4 77516.5
2 10563.6 42254.2 80831.5
1 6083.73 12167.5 76088.1
1 9169.29 18338.6 79225.3
3 6279.47 6279.47 76661.9
1 12099.4 24198.8 83013.3
2 12593.2 25186.3 83423.9
2 16364.2 32728.4 87425.7
1 15126.2 30252.4 86388.6
0 6842.93 6842.93 78214
1 17476.2 34952.5 88505.5
3 7918.25 7918.25 79414.1
2 17450.5 34901.1 89203.5
0 9522 9522 81153.4
1 18724.2 37448.4 90212.9
3 10358.7 10358.7 82253
2 19543.5 78174 91290.1
1 19712.5 39425 92468.4
0 10938.2 10938.2 83241.8
2 20602.9 41205.7 92819.6
3 12871.5 12871.5 85812.4
31
1 1123.52 1123.52 66996.2
2 41.8641 83.7281 66748.9
1 2318.75 4637.51 69036.6
2 1745.05 3490.11 68865.2
0 2057.09 2057.09 68813.7
2 4117.05 8234.11 71183.4
3 1486.61 1486.61 68510.9
3 4265.12 4265.12 71586.3
0 4459.16 4459.16 72335
1 3416 3416 72625.5
2 5570.03 22280.1 74674.9
3 4322.11 4322.11 73577.6
0 4995.82 4995.82 74477.9
1 4868.36 4868.36 74663.5
3 5936.63 5936.63 75953.5
1 6590.35 6590.35 77003.2
0 6574.16 6574.16 77157.3
2 7165.34 7165.34 77813.8
3 7335.2 7335.2 77991.4
2 9072.84 18145.7 79969.7
1 8944.19 17888.4 79973.5
0 8352.39 8352.39 79848.2
2 10516.7 21033.3 82269.6
3 8778.11 8778.11 80409.5
1 10192.1 20384.3 81680.8
3 10489.8 10489.8 82384.1
2 12609.6 50438.4 84356.2
1 11180.5 22360.9 83936.3
0 9339.83 9339.83 81643.4
2 13669 27338 85885.7
0 11411.8 11411.8 84352.7
31
1 1129.47 1129.47 67040.9
2 499.072 998.144 66476.1
2 2597.91 10391.6 69049.7
2 5202.46 20809.9 71951.3
0 586.558 586.558 66768.9
3 218.237 218.237 66724
1 3187.32 6374.65 69395.2
3 2405.16 2405.16 68684.8
1 4626.93 9253.86 71140.6
0 1560 1560 68227.1
0 2142.97 2142.97 70018.8
3 1802.25 1802.25 71011.8
2 5677.87 22711.5 74782.7
0 2520.31 2520.31 71775.8
2 8465.32 33861.3 78239
2 11286 45144.1 81554
1 4129.39 8258.79 74133.7
1 7214.95 14429.9 77271
3 2862.29 2862.29 73244.7
1 10145.1 20290.1 81058.9
1 12827 25654.1 83657.8
2 13312.8 26625.6 84374.3
1 15142.8 30285.6 86405.2
0 2568.08 2568.08 73939.1
3 3824.7 3824.7 74828.7
0 5340.29 5340.29 76906.1
2 14870.9 29741.8 86460.9
3 6712.35 6712.35 78754.6
0 8144.58 8144.58 80771.4
3 9459.86 9459.86 81659.1
2 16174.3 64697.2 88697.1
41
1 2136.95 2136.95 67872.6
2 163.906 327.812 66296.8
2 1730.17 3460.35 68494.4
2 4829.59 19318.4 71476.1
0 793.929 793.929 67780.9
2 7432.75 29731 73996.6
3 2636.34 2636.34 69536.8
1 4833 9666 71917.5
0 2901.47 2901.47 69791.2
1 7670.13 15340.3 74672
2 8733.13 17466.3 76211.6
0 4965 4965 72442.5
1 10042.9 20085.8 77542.5
2 10352.8 20705.6 78579.9
3 4849.91 4849.91 73532.9
2 11988 47951.9 80538.1
0 6038.83 6038.83 74696.8
3 8058.12 8058.12 76823.6
0 8100.94 8100.94 77276.3
3 9439.21 9439.21 78789.9
2 13073.3 52293.1 82426.8
0 10482.8 10482.8 80300.9
1 10532.1 10532.1 80394.6
1 12337.6 24675.3 82806.3
3 11785.7 11785.7 82201.7
2 14793.7 29587.3 85231.2
1 14422.3 28844.7 84797.3
1 16231.2 32462.4 86925.1
0 11103.7 11103.7 82204.5
2 15559 31118 86764.7
0 13673.5 13673.5 85012.8
3 13989.4 13989.4 85546.5
3 15303.4 15303.4 87651.9
2 16672.4 33344.7 88529.2
1 17335.7 34671.4 89679.4
0 17603.7 17603.7 92671.6
3 17829.1 17829.1 90437.8
2 17867.2 35734.4 90493.3
1 18782.4 37564.9 91225.5
3 19916.6 19916.6 92738.9
2 19279.7 38559.5 91996.2
42
1 2276.12 2276.12 68302.8
2 160.277 320.555 65878.5
2 1762.7 3525.41 68093.5
0 1349.6 1349.6 67397.3
3 497.418 497.418 66812.7
2 4267.9 8535.81 70980.7
2 6899.82 27599.3 73218.3
2 10307.2 41229 76842.4
1 4703.77 9407.55 71254.4
3 1678.77 1678.77 68578.9
2 13918.4 55673.7 81063.7
0 2891.71 2891.71 69770.2
3 3466.06 3466.06 70681.4
0 4255.05 4255.05 71842.6
1 6545.87 13091.7 74768.3
3 4406.58 4406.58 73364.2
0 6123.19 6123.19 74640.6
3 7653.48 7653.48 76251.8
1 8024.22 16048.4 77176.2
0 8468.06 8468.06 77650.1
2 14032.2 56128.7 83252.8
1 11003 22006.1 79914
3 9669.06 9669.06 79151.2
0 10623.1 10623.1 80418.3
1 11999.2 11999.2 82016
3 11325.3 11325.3 81738.2
0 12953.9 12953.9 83537
1 13439.6 13439.6 84088.1
2 14018.9 14018.9 84675.1
1 15347.1 30694.2 86243.9
2 15541.4 31082.7 86747.1
3 13867.2 13867.2 85206.5
0 14731.8 14731.8 86289
0 16045.9 16045.9 88394.4
1 15630.8 31261.5 87487.6
2 17809.9 35619.8 90153.6
3 17797.4 17797.4 92865.3
1 16848.2 16848.2 89456.9
1 18795 37589.9 91421
2 19256.6 38513.2 91699.6
0 18377.6 18377.6 91199.8
1 20207.5 40414.9 92923.9
27
1 849.189 849.189 66762.8
0 135.689 135.689 66130.9
2 1126.08 1126.08 67752.6
3 216.765 216.765 66896.4
1 2250.91 4501.82 69235.1
0 929.931 929.931 68201.3
2 3305.81 6611.62 70704.9
1 4038.06 8076.11 71174.8
3 812.205 812.205 68688
0 1318.75 1318.75 70528.3
2 4557.52 18230.1 73662.3
3 1189.55 1189.55 70445.1
3 2546 2546 72208.8
2 7912.01 31648 77667.7
2 10176.8 40707 80543.8
0 3124.25 3124.25 73433.6
1 3709.4 3709.4 73864
2 11732.5 46930.1 82620.2
3 3322.53 3322.53 74676
1 4840.36 9680.72 75833.8
0 4671.04 4671.04 76173.7
3 5645.42 5645.42 77267.3
2 14032.2 56128.9 85783.5
1 6433.57 12867.1 78387.1
0 7179.34 7179.34 79124.4
1 7882.95 7882.95 79914.8
3 8453.68 8453.68 81560.5
32
1 1123.52 1123.52 66996.2
2 41.8641 83.7281 66748.9
1 2318.75 4637.51 69036.6
2 1745.05 3490.11 68865.2
0 2057.09 2057.09 68813.7
2 4117.05 8234.11 71183.4
3 1486.61 1486.61 68510.9
3 4265.12 4265.12 71586.3
0 4459.16 4459.16 72335
1 3416 3416 72625.5
2 5570.03 22280.1 74674.9
3 4322.11 4322.11 73577.6
0 4995.82 4995.82 74477.9
1 4868.36 4868.36 74663.5
3 5936.63 5936.63 75953.5
1 6590.35 6590.35 77003.2
0 6574.16 6574.16 77157.3
2 7165.34 7165.34 77813.8
3 7335.2 7335.2 77991.4
2 9072.84 18145.7 79969.7
1 9617.2 19234.4 80823
0 8497.53 8497.53 79836.8
3 8281.77 8281.77 79838.9
3 9595.79 9595.79 81944.3
2 9356.5 18713 81213.3
2 11845 23690 84188.7
0 12427.7 12427.7 87495.6
1 10191.1 10191.1 82799.8
1 12137.8 24275.7 84763.9
2 13291.7 26583.5 85734.8
3 11927.5 11927.5 84749.7
1 13550.4 27100.7 86266.8
37
1 849.189 849.189 66762.8
0 135.689 135.689 66130.9
2 1126.08 1126.08 67752.6
3 216.765 216.765 66896.4
1 2250.91 4501.82 69235.1
0 929.931 929.931 68201.3
2 3305.81 6611.62 70704.9
1 4038.06 8076.11 71174.8
2 5383.06 10766.1 72756.2
3 806.43 806.43 68900.9
0 2725.51 2725.51 70708.8
3 3237.96 3237.96 71406.5
1 5833.52 11667 74250.4
2 5957.73 23830.9 74554.4
1 7480.94 14961.9 76776.9
0 3604.36 3604.36 72559.5
2 7883.06 31532.2 76832.4
2 9787.77 39151.1 79141.3
3 5042.67 5042.67 74860.8
0 4517.9 4517.9 74380.3
1 8429.89 16859.8 78898.5
0 6928.77 6928.77 77344.7
2 11508.2 23016.3 81945.7
1 10514.6 21029.2 80889.5
1 12323.5 24646.9 83017.4
3 5663.58 5663.58 76764.4
2 12845.2 25690.5 83874.5
3 7398.21 7398.21 78894
2 14421.5 28843 86174.5
0 9803.09 9803.09 81434.5
1 14596.5 29193.1 86085.2
3 9838.69 9838.69 81733
2 16514.4 66057.8 88261.1
1 15584.9 31169.7 88340.7
0 11219.3 11219.3 83522.9
2 17573.8 35147.6 89790.6
3 12351.5 12351.5 85292.3
37
1 1129.47 1129.47 67040.9
2 499.072 998.144 66476.1
2 2597.91 10391.6 69049.7
2 5202.46 20809.9 71951.3
0 586.558 586.558 66768.9
3 218.237 218.237 66724
1 3187.32 6374.65 69395.2
3 2405.16 2405.16 68684.8
1 4626.93 9253.86 71140.6
0 1560 1560 68227.1
1 5472.64 10945.3 73820.8
2 6616.03 13232.1 74490.4
0 2027.78 2027.78 70594.4
3 2125.17 2125.17 70986.1
0 3697.85 3697.85 72859.1
3 4006.07 4006.07 73368.1
1 6105.99 12212 76010.2
0 5220.63 5220.63 74560.1
3 6576.69 6576.69 76129.5
2 6633.34 6633.34 76688.9
2 9238.67 36954.7 79204.4
0 7725.6 7725.6 77936.1
1 8596.67 8596.67 78942.8
2 10455.4 20910.8 80740.4
2 12013.8 48055.3 82689.7
3 7685.37 7685.37 78821.2
1 9312.05 18624.1 80341.3
0 9779.1 9779.1 81274.9
1 10888.3 21776.6 82641.3
3 10623.1 10623.1 82254.5
1 12860 25719.9 84348.6
0 12219.6 12219.6 84113.9
2 12902.2 51608.7 84648.8
1 13848.3 27696.6 86604.2
3 12039.3 12039.3 84342.9
2 13961.6 27923.1 86178.3
3 14111.3 14111.3 87052.2
31
1 1129.47 1129.47 67040.9
2 499.072 998.144 66476.1
2 2597.91 10391.6 69049.7
2 5202.46 20809.9 71951.3
0 586.558 586.558 66768.9
3 218.237 218.237 66724
1 3187.32 6374.65 69395.2
3 2405.16 2405.16 68684.8
1 4626.93 9253.86 71140.6
0 1560 1560 68227.1
1 5472.64 10945.3 73820.8
2 6616.03 13232.1 74490.4
0 2027.78 2027.78 70594.4
3 2125.17 2125.17 70986.1
0 3697.85 3697.85 72859.1
3 4006.07 4006.07 73368.1
0 5565.36 5565.36 75228.2
2 6536.09 26144.3 76291.8
2 8800.84 35203.4 79167.9
3 5542.8 5542.8 75852.1
1 5615.77 5615.77 75770.3
2 10356.6 41426.4 81244.2
0 6341.89 6341.89 77695.3
1 6746.73 13493.5 77740.2
3 7089.59 7089.59 78592.3
0 8664.78 8664.78 80286.6
2 12656.3 50625.2 84407.6
1 8339.94 16679.9 80293.5
3 9597.89 9597.89 81542.9
1 9789.32 9789.32 81821.1
3 11148.2 11148.2 84255
37
1 1129.47 1129.47 67040.9
2 499.072 998.144 66476.1
2 2597.91 10391.6 69049.7
2 5202.46 20809.9 71951.3
0 586.558 586.558 66768.9
3 218.237 218.237 66724
1 3187.32 6374.65 69395.2
3 2405.16 2405.16 68684.8
1 4626.93 9253.86 71140.6
0 1560 1560 68227.1
1 5472.64 10945.3 73820.8
2 6616.03 13232.1 74490.4
0 2027.78 2027.78 70594.4
3 2125.17 2125.17 70986.1
0 3697.85 3697.85 72859.1
3 4006.07 4006.07 73368.1
0 5565.36 5565.36 75228.2
2 6536.09 26144.3 76291.8
2 8800.84 35203.4 79167.9
3 5542.8 5542.8 75852.1
1 5615.77 5615.77 75770.3
2 10356.6 41426.4 81244.2
0 6341.89 6341.89 77695.3
1 6746.73 13493.5 77740.2
3 7089.59 7089.59 78592.3
1 9031.91 18063.8 80237.7
0 9035.6 9035.6 80374.9
3 10380 10380 81937.1
1 10485.7 10485.7 82834.2
2 12355 24710.1 84211.9
1 12689.9 25379.9 85033.7
0 12965.7 12965.7 88033.7
3 11680.1 11680.1 84288.7
2 13549.9 27099.8 86175.9
1 14136.7 28273.4 86579.7
3 13767.6 13767.6 86589.9
2 14962.4 29924.8 87678.9
38
1 1129.47 1129.47 67040.9
2 499.072 998.144 66476.1
2 2597.91 10391.6 69049.7
2 5202.46 20809.9 71951.3
0 586.558 586.558 66768.9
3 218.237 218.237 66724
1 3187.32 6374.65 69395.2
3 2405.16 2405.16 68684.8
1 4626.93 9253.86 71140.6
0 1560 1560 68227.1
1 4819.71 9639.43 73046.8
0 1792.51 1792.51 70475.5
2 5814.74 23259 74364.8
3 2024.31 2024.31 70682.2
0 5000.71 5000.71 73766.2
3 4086.42 4086.42 73261.8
1 6126.59 6126.59 75477.3
2 6888.93 13777.9 76793.1
3 6170.22 6170.22 75509.7
0 6986.11 6986.11 76539
1 7906.02 7906.02 77961.6
2 9939.98 39759.9 79905.7
3 8675.18 8675.18 78885.7
0 9125.47 9125.47 79471.6
1 10174.4 20348.9 80459.4
2 11179.1 44716.5 81855
3 10534.1 10534.1 81669.9
1 11359 22717.9 82388.2
0 10889.5 10889.5 82385.3
2 12386.5 24772.9 84139.4
1 13175 13175 84806.4
2 14358.1 28716.2 85846.8
3 13201.2 13201.2 85095.5
2 16186.7 64747 87933.4
1 14906 29811.9 87661.8
0 11877 11877 84180.6
2 17246.1 34492.3 89462.9
0 13949 13949 86889.8
36
1 1129.47 1129.47 67040.9
2 499.072 998.144 66476.1
2 2597.91 10391.6 69049.7
2 5202.46 20809.9 71951.3
0 586.558 586.558 66768.9
3 218.237 218.237 66724
1 3187.32 6374.65 69395.2
3 2405.16 2405.16 68684.8
1 4626.93 9253.86 71140.6
0 1560 1560 68227.1
1 5472.64 10945.3 73820.8
2 6616.03 13232.1 74490.4
0 2027.78 2027.78 70594.4
3 2125.17 2125.17 70986.1
0 3697.85 3697.85 72859.1
3 4006.07 4006.07 73368.1
0 5565.36 5565.36 75228.2
2 6536.09 26144.3 76291.8
2 8800.84 35203.4 79167.9
3 5542.8 5542.8 75852.1
1 5615.77 5615.77 75770.3
2 10356.6 41426.4 81244.2
0 6341.89 6341.89 77695.3
1 6746.73 13493.5 77740.2
3 7089.59 7089.59 78592.3
2 13767.2 55068.9 84996.8
2 16297 65188.1 87975.1
1 8829.84 8829.84 80452.5
0 8920.81 8920.81 80713.7
3 10934.6 10934.6 82655.8
1 11216.5 22433 82993.6
2 18052.1 72208.4 90101.1
0 11591.4 11591.4 83699.1
2 20094 80375.8 93048
1 12013.4 12013.4 84999.1
1 15891.5 31783 88995.4
43
1 2136.95 2136.95 67872.6
2 163.906 327.812 66296.8
2 1730.17 3460.35 68494.4
2 4829.59 19318.4 71476.1
0 793.929 793.929 67780.9
2 7432.75 29731 73996.6
3 2636.34 2636.34 69536.8
1 4833 9666 71917.5
0 2901.47 2901.47 69791.2
1 7670.13 15340.3 74672
2 8733.13 17466.3 76211.6
0 4965 4965 72442.5
1 10042.9 20085.8 77542.5
2 11317.4 22634.8 78690.6
3 5834.88 5834.88 73929.3
0 7191.32 7191.32 75174.6
3 8266.41 8266.41 76435
2 11779.5 23558.9 80196.4
2 13397.9 53591.4 81994.5
1 11538.4 23076.8 80834.4
0 8070.17 8070.17 77025.3
2 15323.2 61292.7 84272.5
2 17227.9 68911.6 86581.4
3 10071.1 10071.1 79889.2
0 8983.71 8983.71 78846.1
1 12487.4 24974.7 82956
0 11394.6 11394.6 81810.5
1 15858.7 31717.5 86296.3
2 18937.2 37874.4 89312.2
1 19089.9 38179.7 89783.8
3 10692 10692 81792.8
2 21926.2 43852.3 93131.9
3 13261.9 13261.9 84601.2
0 13598.2 13598.2 85155.4
0 14912.3 14912.3 87260.8
1 20894.6 41789.1 92751.4
1 23383.1 46766.1 95726.8
3 17192 17192 92260
0 17438 17438 90046.6
2 22387.4 44774.8 95013.4
1 24829.8 49659.6 97272.8
0 19525.5 19525.5 92347.7
2 23799.9 47599.8 96516.4
38
1 849.189 849.189 66762.8
0 135.689 135.689 66130.9
2 1126.08 1126.08 67752.6
3 216.765 216.765 66896.4
1 2250.91 4501.82 69235.1
0 929.931 929.931 68201.3
2 3305.81 6611.62 70704.9
1 4038.06 8076.11 71174.8
2 5383.06 10766.1 72756.2
3 806.43 806.43 68900.9
0 2725.51 2725.51 70708.8
3 3237.96 3237.96 71406.5
1 5833.52 11667 74250.4
2 5957.73 23830.9 74554.4
1 7480.94 14961.9 76776.9
0 3604.36 3604.36 72559.5
2 7883.06 31532.2 76832.4
2 9760.06 39040.2 79533.7
2 12580.8 50323.1 82848.7
1 9590.46 19180.9 79594.8
1 12676 25352 82732
3 4605.5 4605.5 74987.9
2 15255.9 30511.9 86169.8
1 14651.3 29302.6 85482.1
1 18422.3 36844.7 89483.8
2 18282.7 36565.4 89545.1
0 3351.71 3351.71 74722.8
2 21022.4 84089.6 92251.9
2 23552.2 94208.9 95230.3
0 5812.37 5812.37 77435.1
3 6987.98 6987.98 78780.8
0 8560.53 8560.53 80281.7
1 20508.6 41017.1 92285.6
2 25307.3 101229 97356.2
3 9658.55 9658.55 81766.3
2 27349.1 109397 100303
0 10687.4 10687.4 83673
1 22456.4 44912.7 95560.3
35
1 1129.47 1129.47 67040.9
2 499.072 998.144 66476.1
2 2597.91 10391.6 69049.7
2 5202.46 20809.9 71951.3
0 586.558 586.558 66768.9
3 218.237 218.237 66724
1 3187.32 6374.65 69395.2
3 2405.16 2405.16 68684.8
1 4626.93 9253.86 71140.6
0 1560 1560 68227.1
1 5472.64 10945.3 73820.8
2 6616.03 13232.1 74490.4
0 2027.78 2027.78 70594.4
3 2125.17 2125.17 70986.1
0 3697.85 3697.85 72859.1
3 4006.07 4006.07 73368.1
0 5947.6 5947.6 75429.7
1 6793.75 6793.75 76588.9
3 5956.41 5956.41 75973.2
2 7574.74 7574.74 77987.6
0 7525.93 7525.93 78109
3 7396.84 7396.84 78045.3
1 9101.75 9101.75 79757.9
2 10644.3 21288.7 81541.2
2 12316.7 49266.8 83546.2
2 14846.5 59386.1 86524.6
3 9134.93 9134.93 80757.6
0 9334.52 9334.52 81127.4
1 10425 10425 82146.2
1 13213.1 26426.1 84990.1
2 16601.6 66406.4 88650.5
3 11269.4 11269.4 83377.1
2 18643.4 74573.8 91597.5
0 10878.5 10878.5 83864.1
1 15160.9 30321.7 88264.8
44
1 2136.95 2136.95 67872.6
2 163.906 327.812 66296.8
2 1730.17 3460.35 68494.4
2 4829.59 19318.4 71476.1
0 793.929 793.929 67780.9
2 7432.75 29731 73996.6
3 2636.34 2636.34 69536.8
1 4833 9666 71917.5
0 2901.47 2901.47 69791.2
1 7670.13 15340.3 74672
2 8733.13 17466.3 76211.6
0 4965 4965 72442.5
1 10042.9 20085.8 77542.5
3 6537.37 6537.37 74124.9
2 10949.2 21898.4 79171.7
0 6165.83 6165.83 75123.5
0 7958.9 7958.9 76476.3
3 7585.04 7585.04 76183.4
1 11582.9 23165.8 80734.9
3 9362.78 9362.78 78544.8
2 12128.3 48513.2 81348.9
2 14511.8 29023.7 83422.8
1 13893.5 27787 83797.7
0 8837.81 8837.81 78177.3
0 10488.2 10488.2 80041
3 10698.5 10698.5 80754.1
2 15000.6 60002.3 84966.3
0 13206.5 13206.5 83417
3 12659.7 12659.7 83005.8
2 16217.3 32434.6 86502.3
2 17775.7 71102.9 88451.6
3 14114 14114 85249.8
1 15691 31381.9 86896.7
0 14131.6 14131.6 85470.9
0 16320.1 16320.1 87877.3
3 16264.3 16264.3 88612.9
1 16804.3 33608.7 88661.2
2 19165.8 38331.6 91509.5
3 20119.7 20119.7 95187.6
0 17620.2 17620.2 90228.9
1 17999.2 35998.4 90625.2
1 20515.3 41030.5 92958.3
0 19707.8 19707.8 92530
2 20841 41681.9 93557.4
36
1 849.189 849.189 66762.8
0 135.689 135.689 66130.9
2 1126.08 1126.08 67752.6
3 216.765 216.765 66896.4
1 2250.91 4501.82 69235.1
0 929.931 929.931 68201.3
2 3305.81 6611.62 70704.9
1 4038.06 8076.11 71174.8
2 4384.04 8768.08 72611.1
3 461.744 461.744 69144.8
2 6019.21 24076.8 74569.3
0 1540.81 1540.81 70198.7
3 3669.95 3669.95 72435.4
0 3602.92 3602.92 72778.3
3 5051.04 5051.04 74401.7
1 4123.01 8246.01 74027.2
0 5686.72 5686.72 75026.2
1 6338.03 6338.03 75890.9
2 6499.32 6499.32 76554.9
2 9104.65 36418.6 79070.4
3 6192.65 6192.65 76403.2
0 7612.71 7612.71 77958.8
1 8706.43 17412.9 78991.4
2 10343.8 41375.2 81019.6
3 8051.58 8051.58 79187.4
2 11881.9 47527.7 83111.5
2 14411.7 57646.9 86089.8
0 8570.74 8570.74 80193.4
1 9465.26 9465.26 81258.1
3 10870.9 10870.9 82592.1
1 11437.5 22875 83214.5
2 16166.8 64667.2 88215.8
0 10705.2 10705.2 82812.9
2 18208.7 72834.6 91162.7
0 12060.5 12060.5 85046.1
1 13385.3 26770.6 86489.2
39
1 1129.47 1129.47 67040.9
2 499.072 998.144 66476.1
2 2597.91 10391.6 69049.7
2 5202.46 20809.9 71951.3
0 586.558 586.558 66768.9
3 218.237 218.237 66724
1 3187.32 6374.65 69395.2
3 2405.16 2405.16 68684.8
1 4626.93 9253.86 71140.6
0 1560 1560 68227.1
0 2712 2712 70299.5
1 5399.08 10798.2 73621.5
3 1684.13 1684.13 70641.8
3 3477.2 3477.2 71994.6
0 3759.68 3759.68 72358
2 5742.98 11486 74895
0 5537.41 5537.41 74719.5
2 8535.77 34143.1 77756.4
1 6784.47 13568.9 75695.5
2 10291.6 41166.4 79645.1
3 4936.8 4936.8 74754.9
0 7197.82 7197.82 77060.2
1 8086.37 16172.7 78555
3 7116.61 7116.61 77532.6
1 11457.7 22915.5 81895.3
2 12000.9 24001.8 82375.9
2 13809.8 27619.5 84503.7
0 7980.47 7980.47 79081.3
1 12794.8 25589.6 83824.1
3 8788.95 8788.95 80284.8
1 14371.1 28742.1 86124.1
0 10317.6 10317.6 81948.9
2 16082.8 32165.7 87571.5
3 11229.4 11229.4 83123.7
2 17911.5 71646 89658.1
1 15623.7 31247.4 88379.6
0 11733.7 11733.7 84037.3
2 18970.9 37941.7 91187.6
3 13742.2 13742.2 86683.1
37
1 1123.52 1123.52 66996.2
2 41.8641 83.7281 66748.9
1 2318.75 4637.51 69036.6
2 1745.05 3490.11 68865.2
0 2057.09 2057.09 68813.7
2 4117.05 8234.11 71183.4
3 1486.61 1486.61 68510.9
3 4265.12 4265.12 71586.3
2 5322.59 10645.2 72695.8
0 4344.47 4344.47 72438.9
1 4877.11 4877.11 72860.4
3 4958.85 4958.85 73127.4
2 5784.65 11569.3 74201.5
2 7403.04 29612.1 75999.7
1 6090.96 12181.9 75386.9
0 5856.91 5856.91 74812
2 9328.37 37313.5 78277.7
3 5722.3 5722.3 75385.1
2 11846.2 47384.8 81601.9
2 14111 56443.8 84478
0 6507.51 6507.51 76816.9
3 7180.11 7180.11 77334.7
2 15666.7 62666.9 86554.4
1 6500.62 6500.62 77854.1
1 9521.38 19042.8 80514.9
0 8054.3 8054.3 79557
1 11253.7 22507.5 82283
3 9491.56 9491.56 80987.4
1 12830 25660 84583
0 12015.4 12015.4 83646.7
1 14801.7 29603.3 86290.3
3 11932 11932 83826.4
2 18639.6 74558.5 90386.2
1 15790 31580 88545.8
0 13431.5 13431.5 85735.1
1 19430.2 38860.4 91646.9
3 14444.8 14444.8 87385.7
31
1 849.189 849.189 66762.8
0 135.689 135.689 66130.9
2 1126.08 1126.08 67752.6
3 216.765 216.765 66896.4
1 2250.91 4501.82 69235.1
0 929.931 929.931 68201.3
2 3305.81 6611.62 70704.9
1 4038.06 8076.11 71174.8
2 5036.97 10073.9 73385.1
1 6419.67 12839.3 74294.1
3 697.017 697.017 69263.7
0 1641.67 1641.67 70502.6
3 2367.08 2367.08 71528.4
0 3522.57 3522.57 72884.6
2 5861.29 23445.2 75635
2 8682 34728 78949.9
1 7816.47 15632.9 77820.8
1 10902 21804.1 80958
3 3378.9 3378.9 73761.3
2 11357.2 22714.3 82271
1 12877.3 25754.6 83708.1
2 15977.6 31955.2 87039.1
1 15193.1 30386.2 86455.5
0 4114.39 4114.39 75485.4
3 4341.3 4341.3 75345.3
0 6886.61 6886.61 78452.4
1 16926.7 33853.4 88516.7
3 7228.95 7228.95 79271.2
0 9690.89 9690.89 82317.7
3 9976.46 9976.46 82175.7
2 17289.3 69157 89812
33
1 1129.47 1129.47 67040.9
2 499.072 998.144 66476.1
2 2597.91 10391.6 69049.7
2 5202.46 20809.9 71951.3
0 586.558 586.558 66768.9
3 218.237 218.237 66724
1 3187.32 6374.65 69395.2
3 2405.16 2405.16 68684.8
1 4626.93 9253.86 71140.6
0 1560 1560 68227.1
1 5472.64 10945.3 73820.8
2 6616.03 13232.1 74490.4
0 2027.78 2027.78 70594.4
3 2125.17 2125.17 70986.1
0 3697.85 3697.85 72859.1
3 4006.07 4006.07 73368.1
2 7496.73 29986.9 77270.4
2 10317.4 41269.8 80585.4
1 6634.36 13268.7 76638.7
1 9719.92 19439.8 79775.9
0 4709.66 4709.66 75092.1
1 12650 25300.1 83563.9
2 12347 24694.1 83177.8
2 16118.1 32236.2 87179.5
1 15676.8 31353.6 86939.2
3 4597.89 4597.89 75968.9
0 5672.06 5672.06 76676.1
3 7370.11 7370.11 78935.9
1 17410.4 34820.9 89000.4
0 8559.72 8559.72 80602
3 10174.4 10174.4 82801.2
0 11307.2 11307.2 83506.4
2 17429.7 69718.9 89952.5
37
1 2136.95 2136.95 67872.6
2 163.906 327.812 66296.8
2 1730.17 3460.35 68494.4
2 4829.59 19318.4 71476.1
0 793.929 793.929 67780.9
2 7432.75 29731 73996.6
3 2636.34 2636.34 69536.8
1 4833 9666 71917.5
0 2901.47 2901.47 69791.2
1 7670.13 15340.3 74672
2 8733.13 17466.3 76211.6
0 4965 4965 72442.5
1 10042.9 20085.8 77542.5
3 5953.12 5953.12 73828.9
0 6122.7 6122.7 75332.2
2 9938.23 39752.9 79043
3 6330.46 6330.46 75586
3 7686.91 7686.91 77349.7
2 13292.7 53170.9 83048.4
2 15557.5 62229.9 85924.5
0 7928.2 7928.2 78237.5
3 9144.72 9144.72 79299.3
2 17113.2 68452.9 88000.9
1 8855.94 8855.94 80209.4
1 11876.7 23753.4 82870.2
0 9474.99 9474.99 80977.7
2 20523.8 82095.4 91753.4
2 23053.7 92214.6 94731.8
3 10644.7 10644.7 82267.4
0 12977.8 12977.8 84770.6
3 13392.9 13392.9 85114
1 13049.6 26099.1 84826.6
2 24808.7 99234.9 96857.7
1 14988.5 14988.5 87096.2
2 26850.6 107402 99804.6
0 14521.7 14521.7 87507.3
1 17988.7 35977.3 91092.5
35
1 1129.47 1129.47 67040.9
2 499.072 998.144 66476.1
2 2597.91 10391.6 69049.7
2 5202.46 20809.9 71951.3
0 586.558 586.558 66768.9
3 218.237 218.237 66724
1 3187.32 6374.65 69395.2
3 2405.16 2405.16 68684.8
1 4626.93 9253.86 71140.6
0 1560 1560 68227.1
0 2712 2712 70299.5
1 5399.08 10798.2 73621.5
3 1684.13 1684.13 70641.8
3 3477.2 3477.2 71994.6
0 3759.68 3759.68 72358
2 5742.98 11486 74895
0 5537.41 5537.41 74719.5
2 8535.77 34143.1 77756.4
1 6784.47 13568.9 75695.5
2 10244.7 40978.8 80018.4
2 13065.4 52261.7 83333.4
1 9217.9 18435.8 79222.2
1 12303.5 24606.9 82359.5
3 3845.14 3845.14 74227.5
1 15233.6 30467.1 86147.4
2 15095 30190 85925.8
2 18866.1 37732.1 89927.5
1 18260.4 36520.7 89522.8
0 5690.52 5690.52 77061.6
3 4481.4 4481.4 76103.3
2 20590.8 82363.4 92342.1
1 20294.5 40589 92248.1
0 6936.67 6936.67 78881.7
3 7883.82 7883.82 79915.6
0 8486.97 8486.97 81593.8
33
1 2276.12 2276.12 68302.8
2 160.277 320.555 65878.5
2 1762.7 3525.41 68093.5
0 1349.6 1349.6 67397.3
3 497.418 497.418 66812.7
2 4267.9 8535.81 70980.7
2 6899.82 27599.3 73218.3
2 10307.2 41229 76842.4
1 4703.77 9407.55 71254.4
3 1678.77 1678.77 68578.9
2 13918.4 55673.7 81063.7
0 2891.71 2891.71 69770.2
3 3466.06 3466.06 70681.4
0 3686.01 3686.01 71561.8
3 4248.73 4248.73 73458.3
2 15295.5 61181.9 84400.3
0 4063.36 4063.36 73318.9
1 3960.57 3960.57 73623.4
2 18650 74599.9 88405.7
2 20914.7 83658.9 91281.8
0 5014.37 5014.37 75323.7
1 5418.38 5418.38 75572.9
2 22470.5 89882 93358.1
3 4771.7 4771.7 76125.1
1 6549.34 13098.7 77542.8
0 6561.16 6561.16 78063.8
3 7220.56 7220.56 78224.6
1 8944 8944 80509.8
1 10845.7 21691.3 82435.6
0 9947.5 9947.5 81989.8
3 7845.42 7845.42 80472.3
3 9665.49 9665.49 81864.7
2 23427.5 93710 95950.3
42
1 2136.95 2136.95 67872.6
2 163.906 327.812 66296.8
2 1730.17 3460.35 68494.4
2 4829.59 19318.4 71476.1
0 793.929 793.929 67780.9
2 7432.75 29731 73996.6
3 2636.34 2636.34 69536.8
1 4833 9666 71917.5
0 2901.47 2901.47 69791.2
1 7670.13 15340.3 74672
2 8733.13 17466.3 76211.6
0 4965 4965 72442.5
1 10042.9 20085.8 77542.5
3 6537.37 6537.37 74124.9
2 10949.2 21898.4 79171.7
0 6165.83 6165.83 75123.5
0 7958.9 7958.9 76476.3
3 7585.04 7585.04 76183.4
1 11582.9 23165.8 80734.9
3 9362.78 9362.78 78544.8
2 12128.3 48513.2 81348.9
2 14511.8 29023.7 83422.8
0 9564.78 9564.78 79046.9
3 11517.8 11517.8 81313
0 12214.8 12214.8 82231.6
1 12909.1 12909.1 83321.9
3 13848.6 13848.6 84431.7
0 13655.2 13655.2 84303.7
2 14508.6 14508.6 85164.8
1 15978.7 31957.3 86875.5
2 16031.1 32062.2 87236.8
0 14906.6 14906.6 86245.9
3 15626.6 15626.6 87183.7
3 16940.6 16940.6 89289.1
1 16262.3 32524.6 88119.1
2 18299.6 36599.2 90643.3
0 18836.7 18836.7 93904.6
1 17479.8 17479.8 90088.5
1 19426.5 38853 92052.5
2 19746.3 39492.7 92189.4
3 19272.3 19272.3 92094.5
1 20839 41678 93555.5
33
1 1123.52 1123.52 66996.2
2 41.8641 83.7281 66748.9
1 2318.75 4637.51 69036.6
2 1745.05 3490.11 68865.2
0 2057.09 2057.09 68813.7
2 4117.05 8234.11 71183.4
3 1486.61 1486.61 68510.9
3 4265.12 4265.12 71586.3
0 4459.16 4459.16 72335
1 3416 3416 72625.5
2 5570.03 22280.1 74674.9
3 4322.11 4322.11 73577.6
2 8357.49 33430 78131.2
2 11178.2 44712.8 81446.1
1 4709.01 9418.02 74713.4
1 7794.57 15589.1 77850.6
0 5008.06 5008.06 75390.5
1 10724.7 21449.4 81638.5
2 13207.8 26415.6 84038.6
1 15345.1 30690.3 86406.6
2 15523.6 31047.2 86786
3 4369.87 4369.87 75740.9
2 18263.3 73053.1 89492.8
2 20793.1 83172.4 92471.2
3 6830.53 6830.53 78453.2
0 7390.54 7390.54 79183.4
3 9578.69 9578.69 81299.9
1 17431.4 34862.7 89208.4
2 22548.2 90192.6 94597.1
0 10061.1 10061.1 82168.9
2 24590 98360.1 97544
0 11416.5 11416.5 84402.1
1 19379.2 38758.3 92483.1
32
1 2136.95 2136.95 67872.6
2 163.906 327.812 66296.8
2 1730.17 3460.35 68494.4
2 4829.59 19318.4 71476.1
0 793.929 793.929 67780.9
2 7432.75 29731 73996.6
3 2636.34 2636.34 69536.8
1 4833 9666 71917.5
0 2901.47 2901.47 69791.2
1 7670.13 15340.3 74672
2 8733.13 17466.3 76211.6
0 4965 4965 72442.5
1 10042.9 20085.8 77542.5
3 5953.12 5953.12 73828.9
0 6122.7 6122.7 75332.2
2 9938.23 39752.9 79043
3 6330.46 6330.46 75586
3 7686.91 7686.91 77349.7
2 13292.7 53170.9 83048.4
2 15557.5 62229.9 85924.5
0 7928.2 7928.2 78237.5
3 9144.72 9144.72 79299.3
2 17113.2 68452.9 88000.9
1 8855.94 8855.94 80209.4
1 11876.7 23753.4 82870.2
0 9474.99 9474.99 80977.7
0 11231.5 11231.5 82853.4
2 19412.9 77651.7 91164.2
1 13469.9 26939.8 85423.5
3 9463.55 9463.55 81408.6
3 11445.3 11445.3 83477.1
3 12958.4 12958.4 86065.2
37
1 2276.12 2276.12 68302.8
2 160.277 320.555 65878.5
2 1762.7 3525.41 68093.5
0 1349.6 1349.6 67397.3
3 497.418 497.418 66812.7
2 4267.9 8535.81 70980.7
2 6899.82 27599.3 73218.3
2 10307.2 41229 76842.4
1 4703.77 9407.55 71254.4
3 1678.77 1678.77 68578.9
2 13918.4 55673.7 81063.7
0 2891.71 2891.71 69770.2
3 3466.06 3466.06 70681.4
0 3686.01 3686.01 71561.8
3 4248.73 4248.73 73458.3
2 15295.5 61181.9 84400.3
0 4063.36 4063.36 73318.9
1 3960.57 3960.57 73623.4
2 18650 74599.9 88405.7
2 20914.7 83658.9 91281.8
0 5014.37 5014.37 75323.7
1 5418.38 5418.38 75572.9
2 22470.5 89882 93358.1
3 4771.7 4771.7 76125.1
1 6549.34 13098.7 77542.8
0 6561.16 6561.16 78063.8
2 25881.1 103524 97110.6
2 28410.9 113644 100089
3 7352.38 7352.38 78975.1
1 8073.68 8073.68 79866.5
3 10100.5 10100.5 81821.7
1 10045.9 20091.8 81823
2 30166 120664 102215
0 7677.59 7677.59 79785.3
2 32207.8 128831 105162
0 9032.95 9032.95 82018.6
1 11993.7 23987.4 85097.6
31
1 849.189 849.189 66762.8
0 135.689 135.689 66130.9
2 1126.08 1126.08 67752.6
3 216.765 216.765 66896.4
1 2250.91 4501.82 69235.1
0 929.931 929.931 68201.3
2 3305.81 6611.62 70704.9
1 4038.06 8076.11 71174.8
3 812.205 812.205 68688
0 1318.75 1318.75 70528.3
2 4557.52 18230.1 73662.3
3 1189.55 1189.55 70445.1
3 3105.92 3105.92 72588
0 2771.1 2771.1 72566.3
1 4393.89 4393.89 74410.7
0 4493.09 4493.09 74905.9
3 4684.25 4684.25 75267.4
1 5834.33 5834.33 76482.8
2 6175.18 6175.18 76831.3
1 7741.83 15483.7 78638.7
2 7606.87 30427.5 78836.4
2 10136.7 40546.7 81814.8
3 6494.59 6494.59 78117.3
0 6906 6906 78698.9
3 9242.74 9242.74 80963.9
1 9140.86 18281.7 80917.9
2 11891.8 47567 83940.7
0 9576.58 9576.58 81684.3
2 13933.6 55734.4 86887.6
1 9937.8 9937.8 82923.4
1 13815.9 27631.7 86919.8
37
1 849.189 849.189 66762.8
0 135.689 135.689 66130.9
2 1126.08 1126.08 67752.6
3 216.765 216.765 66896.4
1 2250.91 4501.82 69235.1
0 929.931 929.931 68201.3
2 3305.81 6611.62 70704.9
1 4038.06 8076.11 71174.8
3 1381.24 1381.24 68968.8
2 4963.41 9926.82 73185.9
0 1200.63 1200.63 70158.3
0 2993.7 2993.7 71511.1
3 2428.92 2428.92 71027.2
1 5215.25 10430.5 74367.2
3 4206.65 4206.65 73388.7
2 6142.49 24570 75363.1
1 8194.06 16388.1 77105.1
0 4217.33 4217.33 73880.1
2 7902.09 31608.3 77657.8
2 10166.8 40667.4 80533.9
3 5348.06 5348.06 75657.4
0 5675.14 5675.14 75829.7
2 11722.6 46890.4 82610.2
3 6771.11 6771.11 78124.6
1 8374.64 16749.3 79368.1
0 7799.27 7799.27 79302
2 15133.2 60532.9 86362.8
2 17663 70652.1 89341.1
3 9351.79 9351.79 80974.5
1 9898.98 9898.98 81691.8
0 11644.3 11644.3 83365.5
1 11871.2 23742.4 83648.3
2 19418.1 77672.4 91467.1
3 11486.2 11486.2 83594
2 21460 85839.8 94414
1 12668.2 12668.2 85653.8
1 16546.2 33092.4 89650.1
31
1 1129.47 1129.47 67040.9
2 499.072 998.144 66476.1
2 2597.91 10391.6 69049.7
2 5202.46 20809.9 71951.3
0 586.558 586.558 66768.9
3 218.237 218.237 66724
1 3187.32 6374.65 69395.2
3 2405.16 2405.16 68684.8
1 4626.93 9253.86 71140.6
0 1560 1560 68227.1
1 5472.64 10945.3 73820.8
2 6616.03 13232.1 74490.4
0 2027.78 2027.78 70594.4
3 2125.17 2125.17 70986.1
0 3697.85 3697.85 72859.1
3 4006.07 4006.07 73368.1
0 5947.6 5947.6 75429.7
1 6793.75 6793.75 76588.9
3 5956.41 5956.41 75973.2
2 7574.74 7574.74 77987.6
0 7525.93 7525.93 78109
3 7396.84 7396.84 78045.3
1 9101.75 9101.75 79757.9
2 10644.3 21288.7 81541.2
0 9204.46 9204.46 80208.5
3 9446.48 9446.48 81012.3
1 9885.83 19771.7 81475.8
3 11810.1 11810.1 83852.4
0 9829.31 9829.31 82456.2
0 11649.4 11649.4 83848.6
2 11254.6 45018.5 83777.4
37
1 1129.47 1129.47 67040.9
2 499.072 998.144 66476.1
2 2597.91 10391.6 69049.7
2 5202.46 20809.9 71951.3
0 586.558 586.558 66768.9
3 218.237 218.237 66724
1 3187.32 6374.65 69395.2
3 2405.16 2405.16 68684.8
1 4626.93 9253.86 71140.6
0 1560 1560 68227.1
1 4819.71 9639.43 73046.8
0 1792.51 1792.51 70475.5
2 5814.74 23259 74364.8
3 2024.31 2024.31 70682.2
0 5000.71 5000.71 73766.2
3 4086.42 4086.42 73261.8
1 6126.59 6126.59 75477.3
3 5922.67 5922.67 75404.8
0 7568.5 7568.5 77363.6
2 6723.82 6723.82 76740.6
3 7578.96 7578.96 77991.8
1 7769.63 7769.63 78352.7
2 8164.25 8164.25 78812.7
0 9876.49 9876.49 80532.6
2 10071.7 20143.5 80968.6
1 10246 20492 81451.8
3 10120.8 10120.8 81460.1
0 10823.1 10823.1 82380.2
2 11186 11186 83534.5
1 11359.4 22718.8 83216.2
2 13390.2 26780.5 85733.9
3 14051 14051 89118.9
0 12123.2 12123.2 84731.8
1 12554.3 25108.5 85180.3
2 14837 29673.9 87280
0 14210.7 14210.7 87032.9
1 13966.8 27933.5 86683.2
27
1 849.189 849.189 66762.8
0 135.689 135.689 66130.9
2 1126.08 1126.08 67752.6
3 216.765 216.765 66896.4
1 2250.91 4501.82 69235.1
0 929.931 929.931 68201.3
2 3305.81 6611.62 70704.9
1 4038.06 8076.11 71174.8
3 812.205 812.205 68688
0 1318.75 1318.75 70528.3
2 4557.52 18230.1 73662.3
3 1189.55 1189.55 70445.1
3 3105.92 3105.92 72588
0 2771.1 2771.1 72566.3
1 4393.89 4393.89 74410.7
0 4493.09 4493.09 74905.9
3 4684.25 4684.25 75267.4
1 5834.33 5834.33 76482.8
2 6175.18 6175.18 76831.3
1 7741.83 15483.7 78638.7
0 5485.93 5485.93 76489.9
3 7181.22 7181.22 78747
2 6959.27 13918.5 78549.2
0 8373.58 8373.58 80415.9
2 9544.72 9544.72 82171.6
1 9542.33 9542.33 81741.5
2 12240.9 48963.7 84763.7
39
1 2276.12 2276.12 68302.8
2 160.277 320.555 65878.5
2 1762.7 3525.41 68093.5
0 1349.6 1349.6 67397.3
3 497.418 497.418 66812.7
2 4267.9 8535.81 70980.7
2 6899.82 27599.3 73218.3
2 10307.2 41229 76842.4
1 4703.77 9407.55 71254.4
3 1678.77 1678.77 68578.9
2 13918.4 55673.7 81063.7
0 2891.71 2891.71 69770.2
3 3466.06 3466.06 70681.4
1 6353.34 12706.7 74701.5
1 9366.25 18732.5 77240.6
0 3570.83 3570.83 72137.5
3 3824.56 3824.56 72685.5
0 5240.89 5240.89 74402.2
3 5705.45 5705.45 75067.4
2 14196.2 56784.7 83549.7
0 7344.37 7344.37 77162.5
3 7125.84 7125.84 76988.3
1 9631.53 19263.1 80100.1
0 9524.18 9524.18 79940.1
1 13002.9 26005.8 83440.5
2 15905.5 31810.9 86280.4
1 16234 32468 86927.9
3 7908.49 7908.49 79009.3
2 18221.4 36442.9 89250.7
3 9643.12 9643.12 81139
1 19222.9 38445.7 90975.9
3 12375.3 12375.3 84006.6
2 19469.4 38938.8 90958.1
0 12119.5 12119.5 84013.8
2 21298 85192.1 93044.7
1 20475.5 40951 93231.4
3 13791.4 13791.4 86095
2 22357.4 44714.8 94574.2
0 14632.3 14632.3 87573.1
33
1 1129.47 1129.47 67040.9
2 499.072 998.144 66476.1
2 2597.91 10391.6 69049.7
2 5202.46 20809.9 71951.3
0 586.558 586.558 66768.9
3 218.237 218.237 66724
1 3187.32 6374.65 69395.2
3 2405.16 2405.16 68684.8
1 4626.93 9253.86 71140.6
0 1560 1560 68227.1
1 5818.73 11637.5 73191.9
0 2137.19 2137.19 70231.6
3 3209.01 3209.01 71192.3
3 4564.86 4564.86 72733.4
2 6015.37 12030.7 74432.3
2 7633.76 30535 76230.4
1 6422.44 12844.9 75718.4
0 3649.63 3649.63 72604.7
2 9559.09 38236.4 78508.4
0 5265.59 5265.59 74747.7
3 6535.73 6535.73 76330.9
0 7915.58 7915.58 77932.4
1 8144.15 8144.15 78557
3 8866.51 8866.51 79449.6
0 9356.01 9356.01 80004.5
2 10307.7 10307.7 80963.8
1 11213.7 22427.5 82110.6
3 10419.1 10419.1 82040.9
2 11300.8 45203.2 83052.1
1 12258.5 24516.9 84212
0 9879.58 9879.58 81824.6
0 11861.3 11861.3 83893.1
3 13227.3 13227.3 86334.1
33
1 1123.52 1123.52 66996.2
2 41.8641 83.7281 66748.9
1 2318.75 4637.51 69036.6
2 1745.05 3490.11 68865.2
0 2057.09 2057.09 68813.7
2 4117.05 8234.11 71183.4
3 1486.61 1486.61 68510.9
3 4265.12 4265.12 71586.3
0 5043.66 5043.66 72631.2
2 4933.31 9866.62 73155.8
1 3118.2 3118.2 72075.8
1 4911.27 4911.27 73428.7
3 5046.48 5046.48 73644.8
2 6411.66 12823.3 75563.6
0 5645.18 5645.18 74827.3
2 9204.45 36817.8 78425.1
1 7618.24 15236.5 76529.2
3 6233.05 6233.05 75895.9
2 10964 43856.2 80719.7
2 13228.8 52915.2 83595.8
0 6786.59 6786.59 77095.9
3 7690.86 7690.86 77845.4
2 14784.6 59138.3 85672.2
1 7983.35 7983.35 79336.8
1 11004.1 22008.2 81997.6
0 8333.38 8333.38 79836.1
3 10397.9 10397.9 81401.9
0 12417 12417 83982.8
1 12629.5 25259 84219.5
3 13285.6 13285.6 85327.8
1 15215 15215 87841.8
2 14865.4 14865.4 87064.6
2 17134 68536 89656.8
41
1 2276.12 2276.12 68302.8
2 160.277 320.555 65878.5
2 1762.7 3525.41 68093.5
0 1349.6 1349.6 67397.3
3 497.418 497.418 66812.7
2 4267.9 8535.81 70980.7
2 6899.82 27599.3 73218.3
2 10307.2 41229 76842.4
1 4703.77 9407.55 71254.4
3 1678.77 1678.77 68578.9
2 13918.4 55673.7 81063.7
0 2891.71 2891.71 69770.2
3 3466.06 3466.06 70681.4
1 5961.59 11923.2 74188.7
0 3335.55 3335.55 72018.6
2 14604.7 58418.7 83154.7
3 4745.1 4745.1 73403
0 6543.76 6543.76 75309.2
3 6807.21 6807.21 75982.6
1 7268.47 7268.47 76619.2
0 7904.13 7904.13 77566.9
2 15693.7 62774.9 85449.4
2 17958.5 71833.9 88325.5
3 7678.11 7678.11 77987.4
1 8964.26 8964.26 79118.8
2 19514.2 78056.9 90401.9
0 8680.65 8680.65 80034.1
1 10095.2 20190.4 81088.7
3 9224.89 9224.89 80727.6
1 12380.4 24760.8 83586.2
0 11374.4 11374.4 82713.7
3 12515.3 12515.3 84072.4
0 13571.3 13571.3 85919.8
1 13493.8 26987.5 85350.6
1 15982.3 31964.5 88326
3 16426.4 16426.4 91494.3
0 16097 16097 88705.6
1 18462.7 36925.3 91088.7
2 20546 41091.9 92989
0 18184.5 18184.5 91006.7
1 19875.2 39750.3 92591.6
31
1 849.189 849.189 66762.8
0 135.689 135.689 66130.9
2 1126.08 1126.08 67752.6
3 216.765 216.765 66896.4
1 2250.91 4501.82 69235.1
0 929.931 929.931 68201.3
2 3305.81 6611.62 70704.9
1 4038.06 8076.11 71174.8
2 4384.04 8768.08 72611.1
3 461.744 461.744 69144.8
2 6019.21 24076.8 74569.3
0 1540.81 1540.81 70198.7
3 3669.95 3669.95 72435.4
0 3602.92 3602.92 72778.3
3 5051.04 5051.04 74401.7
2 7057.61 28230.4 76831.3
2 9878.31 39513.3 80146.2
1 3258.31 6516.63 73262.7
1 6343.87 12687.7 76399.9
0 5451.41 5451.41 75833.8
1 9273.98 18548 80187.9
2 11907.9 23815.8 82738.7
1 13894.4 27788.9 84955.9
2 14223.7 28447.4 85486.1
3 5631.57 5631.57 77002.6
0 6087.68 6087.68 77709.5
2 15639.4 62557.7 87390.7
1 14565.5 29130.9 86519
3 6877.72 6877.72 78822.7
3 8859.44 8859.44 80891.3
0 8895.94 8895.94 82002.7
34
1 1123.52 1123.52 66996.2
2 41.8641 83.7281 66748.9
1 2318.75 4637.51 69036.6
2 1745.05 3490.11 68865.2
0 2057.09 2057.09 68813.7
2 4117.05 8234.11 71183.4
3 1486.61 1486.61 68510.9
3 4265.12 4265.12 71586.3
0 5043.66 5043.66 72631.2
2 4933.31 9866.62 73155.8
1 3118.2 3118.2 72075.8
1 4911.27 4911.27 73428.7
3 5046.48 5046.48 73644.8
2 6411.66 12823.3 75563.6
0 5645.18 5645.18 74827.3
2 9204.45 36817.8 78425.1
1 7618.24 15236.5 76529.2
1 9487.35 18974.7 79391.5
3 6990.95 6990.95 76330.4
0 7268.91 7268.91 76821.8
3 9130.46 9130.46 79186.1
2 10543.4 42173.6 80509.1
0 9987.24 9987.24 80197.8
3 11091.7 11091.7 81437.8
2 11760.1 23520.3 82045.1
2 13318.6 53274.2 83994.4
1 10947.3 10947.3 82083.2
0 12723.8 12723.8 83727.8
3 12329 12329 83894.8
1 13017.6 26035.2 84607.5
3 14692.7 14692.7 86735
0 13348.6 13348.6 85975.5
0 15168.7 15168.7 87367.9
2 14232.1 56928.2 86754.8
29
1 1129.47 1129.47 67040.9
2 499.072 998.144 66476.1
2 2597.91 10391.6 69049.7
2 5202.46 20809.9 71951.3
0 586.558 586.558 66768.9
3 218.237 218.237 66724
1 3187.32 6374.65 69395.2
3 2405.16 2405.16 68684.8
1 4626.93 9253.86 71140.6
0 1560 1560 68227.1
0 2142.97 2142.97 70018.8
3 1802.25 1802.25 71011.8
2 5677.87 22711.5 74782.7
0 2520.31 2520.31 71775.8
1 3801.46 3801.46 73283.6
3 3254.6 3254.6 73049.8
0 4134.83 4134.83 74151.7
3 4976.59 4976.59 75389.4
1 5379.79 5379.79 75962.9
0 5575.27 5575.27 76223.7
2 7295.53 7295.53 77951.7
1 7863.41 15726.8 78760.3
3 5969.43 5969.43 76973.4
0 7624.91 7624.91 79190.7
2 8079.62 16159.2 79669.6
3 8857.08 8857.08 80899.4
1 9755.77 9755.77 82382.6
0 10454 10454 82653.3
2 9383.01 37532 81905.8
30
1 1123.52 1123.52 66996.2
2 41.8641 83.7281 66748.9
1 2318.75 4637.51 69036.6
2 1745.05 3490.11 68865.2
0 2057.09 2057.09 68813.7
2 4117.05 8234.11 71183.4
3 1486.61 1486.61 68510.9
3 4265.12 4265.12 71586.3
1 4922.01 9844.02 73270.1
2 4857.79 9715.59 72732.2
0 4360.42 4360.42 72927.1
3 4745.44 4745.44 73606.4
0 6030.49 6030.49 75191.8
2 5298.7 5298.7 74660.7
1 5446.96 5446.96 75109.8
2 6888.46 27553.9 76644.1
2 9153.22 36612.9 79520.2
3 5301.88 5301.88 75611.2
1 6904.77 6904.77 77059.3
2 10709 42835.9 81596.6
0 6505.23 6505.23 77858.7
1 8035.73 16071.5 79029.2
3 6848.67 6848.67 78351.4
3 8931.36 8931.36 79935.4
0 9772.54 9772.54 81338.3
1 9661.14 19322.3 81251.1
1 11611 11611 83653.3
3 9556.21 9556.21 82183.1
2 10789.8 10789.8 82989.1
2 13058.4 52233.7 85581.2
41
1 2136.95 2136.95 67872.6
2 163.906 327.812 66296.8
2 1730.17 3460.35 68494.4
2 4829.59 19318.4 71476.1
0 793.929 793.929 67780.9
2 7432.75 29731 73996.6
3 2636.34 2636.34 69536.8
1 4833 9666 71917.5
0 2901.47 2901.47 69791.2
1 7670.13 15340.3 74672
2 8733.13 17466.3 76211.6
0 4965 4965 72442.5
1 10042.9 20085.8 77542.5
3 6537.37 6537.37 74124.9
2 10949.2 21898.4 79171.7
0 6165.83 6165.83 75123.5
0 7958.9 7958.9 76476.3
3 7585.04 7585.04 76183.4
1 11582.9 23165.8 80734.9
3 9362.78 9362.78 78544.8
2 12128.3 48513.2 81348.9
2 14511.8 29023.7 83422.8
0 9564.78 9564.78 79046.9
3 11517.8 11517.8 81313
0 12214.8 12214.8 82231.6
1 12909.1 12909.1 83321.9
3 13848.6 13848.6 84431.7
0 13655.2 13655.2 84303.7
2 14508.6 14508.6 85164.8
1 15978.7 31957.3 86875.5
2 15534.1 31068.1 86563.4
3 15626.8 15626.8 87122.7
2 17110.3 34220.7 88863.3
0 15611.7 15611.7 87243.1
1 17094.2 34188.3 88582.8
0 17323.4 17323.4 89217.7
2 19203.3 76813.1 90949.9
1 18082.5 36165 90838.4
3 16614.3 16614.3 88917.9
2 20262.7 40525.3 92479.4
3 18686.3 18686.3 91627.1
37
1 2136.95 2136.95 67872.6
2 163.906 327.812 66296.8
2 1730.17 3460.35 68494.4
2 4829.59 19318.4 71476.1
0 793.929 793.929 67780.9
2 7432.75 29731 73996.6
3 2636.34 2636.34 69536.8
1 4833 9666 71917.5
0 2901.47 2901.47 69791.2
1 7670.13 15340.3 74672
2 8733.13 17466.3 76211.6
0 4965 4965 72442.5
1 10042.9 20085.8 77542.5
2 10352.8 20705.6 78579.9
3 4849.91 4849.91 73532.9
2 11988 47951.9 80538.1
0 6038.83 6038.83 74696.8
3 8058.12 8058.12 76823.6
0 8100.94 8100.94 77276.3
3 9439.21 9439.21 78789.9
2 13026.4 52105.5 82800.1
2 15847.1 63388.3 86115
1 9625.98 19252 79630.3
1 12711.5 25423.1 82767.6
0 9949.43 9949.43 80331.8
1 15641.6 31283.3 86555.5
2 17876.7 35753.4 88707.5
1 20262.1 40524.2 91323.5
2 20192.5 40384.9 91454.9
3 10019.7 10019.7 81390.8
0 10911.8 10911.8 81915.8
3 12792 12792 84357.7
1 21820.2 43640.4 93410.1
0 13799.5 13799.5 85841.8
3 15596.2 15596.2 88223.1
0 16547 16547 88746.2
2 21282.9 85131.6 93805.7
36
1 2276.12 2276.12 68302.8
2 160.277 320.555 65878.5
2 1762.7 3525.41 68093.5
0 1349.6 1349.6 67397.3
3 497.418 497.418 66812.7
2 4267.9 8535.81 70980.7
2 6899.82 27599.3 73218.3
2 10307.2 41229 76842.4
1 4703.77 9407.55 71254.4
3 1678.77 1678.77 68578.9
2 13918.4 55673.7 81063.7
0 2891.71 2891.71 69770.2
3 3466.06 3466.06 70681.4
0 4255.05 4255.05 71842.6
1 6545.87 13091.7 74768.3
3 4406.58 4406.58 73364.2
0 6123.19 6123.19 74640.6
3 7653.48 7653.48 76251.8
1 8024.22 16048.4 77176.2
0 8468.06 8468.06 77650.1
2 14032.2 56128.7 83252.8
1 11003 22006.1 79914
3 9669.06 9669.06 79151.2
0 10623.1 10623.1 80418.3
1 11999.2 11999.2 82016
3 11325.3 11325.3 81738.2
0 12953.9 12953.9 83537
1 13439.6 13439.6 84088.1
2 14018.9 14018.9 84675.1
1 15347.1 30694.2 86243.9
3 11992 11992 83613.9
2 15012 60048.2 86763.3
1 16391.8 32783.6 88345.4
0 13833.4 13833.4 85778.4
3 15394.5 15394.5 87426.3
0 15383.7 15383.7 88490.5
37
1 2136.95 2136.95 67872.6
2 163.906 327.812 66296.8
2 1730.17 3460.35 68494.4
2 4829.59 19318.4 71476.1
0 793.929 793.929 67780.9
2 7432.75 29731 73996.6
3 2636.34 2636.34 69536.8
1 4833 9666 71917.5
0 2901.47 2901.47 69791.2
1 7670.13 15340.3 74672
2 8733.13 17466.3 76211.6
0 4965 4965 72442.5
1 10042.9 20085.8 77542.5
3 5953.12 5953.12 73828.9
0 6122.7 6122.7 75332.2
2 9938.23 39752.9 79043
3 6330.46 6330.46 75586
3 7686.91 7686.91 77349.7
2 13292.7 53170.9 83048.4
2 15557.5 62229.9 85924.5
0 7928.2 7928.2 78237.5
3 9144.72 9144.72 79299.3
2 17113.2 68452.9 88000.9
1 8855.94 8855.94 80209.4
1 11876.7 23753.4 82870.2
0 9474.99 9474.99 80977.7
2 20523.8 82095.4 91753.4
2 23053.7 92214.6 94731.8
3 10644.7 10644.7 82267.4
0 12977.8 12977.8 84770.6
3 13392.9 13392.9 85114
1 13049.6 26099.1 84826.6
2 24808.7 99234.9 96857.7
1 14988.5 14988.5 87096.2
2 26850.6 107402 99804.6
0 14521.7 14521.7 87507.3
1 17988.7 35977.3 91092.5
