43
16 79.3661 158.732 65846
2 163.906 327.812 66296.8
13 218.657 437.314 66424.8
1 136.788 273.577 66901
14 1004.25 4016.99 67650.8
17 173.336 693.346 66737.2
10 902.9 1805.8 67987.4
7 403.391 403.391 67293.2
6 460.567 460.567 67119.8
8 1080.91 2161.82 68082.8
16 381.19 762.38 67859.7
11 1297.43 1297.43 68774.9
17 1198.03 2396.05 68697.6
3 183.29 183.29 67770.8
2 119.111 238.221 68341.6
1 475.609 475.609 69433.3
6 864.17 864.17 69381.6
0 571.952 571.952 69170.3
5 424.478 848.955 69576.5
13 275.663 275.663 69457.7
14 1291.61 5166.44 70512.2
4 415.709 831.419 69326.7
2 829.896 3319.59 70603.6
11 1072.86 4291.43 71340.8
7 174.303 348.607 70178.6
10 107.492 214.983 70163.5
8 342.419 342.419 70724.8
17 873.35 1746.7 71787.2
1 620.74 1241.48 71451.5
4 285.34 570.681 71346.8
5 485.957 971.914 71748.4
0 177.597 177.597 71548.6
6 406.148 406.148 72028
7 346.545 346.545 72176.4
14 849.187 3396.75 72600.5
10 500.062 1000.12 72737.7
13 290.482 580.964 72281.5
2 1791.53 7166.14 73823.3
12 316.549 316.549 72801.1
16 750.381 1500.76 73008.4
11 1371.84 5487.35 74373.6
3 284.371 284.371 73041.4
8 456.605 456.605 73405.6
38
17 107.492 214.983 65816.5
1 560.135 1120.27 66625.8
2 138.252 553.007 66380.3
7 532.873 1065.75 67370.6
10 267.027 534.054 67040.2
14 677.949 2711.8 67932.6
13 200.483 400.966 67349.9
16 387.22 387.22 68294.1
4 404.193 808.386 67777.4
0 264.774 264.774 68359.2
2 150.675 150.675 68134
3 215.186 215.186 68383.7
10 135.135 270.269 68552
11 338.613 1354.45 68935.3
1 447.642 895.284 69743.6
15 17.5808 17.5808 68972.7
17 948.76 3795.04 69898.1
14 217.783 435.566 70122
16 655.578 655.578 69995.1
0 800.872 800.872 70353.7
13 370.006 370.006 70425.6
2 154.032 616.13 70119.8
5 300.169 300.169 70510.7
12 381.717 381.717 70727.8
4 150.877 301.753 70435.9
11 694.829 2779.32 71370.7
15 393.129 393.129 71529
8 214.852 214.852 71267
10 510.086 1020.17 72038.4
2 548.937 2195.75 72114.7
7 211.256 211.256 71955.8
17 1202.17 2404.35 73006.3
3 171.199 171.199 71764.4
6 317.346 317.346 72361.9
14 91.5355 91.5355 72294.2
16 507.341 507.341 72981.4
0 671.565 671.565 73298.4
1 27.2769 54.5537 72571.8
40
7 672.336 1344.67 67073.5
1 220.598 441.196 66108.2
2 116.881 467.526 66622.6
17 97.3534 389.414 66377
13 182.899 182.899 66632.5
16 430.587 861.173 67446.3
17 532.589 2130.35 68465.3
10 106.823 213.645 67887.1
6 591.968 591.968 68191.4
1 661.261 1322.52 68940.3
7 766.434 1532.87 69007.4
14 167.288 334.575 68448.6
8 556.5 1113 69117.2
13 169.585 339.17 68422.8
12 121.85 121.85 68729.3
0 174.094 174.094 68593.6
2 1337.36 5349.43 70006.7
3 180.892 180.892 68651.3
15 1265.67 1265.67 69638.1
4 262.589 525.179 69084.4
16 386.697 386.697 70049.5
5 327.903 1311.61 70083.6
14 509.177 2036.71 70876.2
0 289.052 289.052 70598.4
1 735.321 735.321 70889.9
17 438.51 1754.04 71326.2
12 415.447 415.447 71768.9
4 571.002 1142 71564.5
15 182.127 182.127 71684.8
6 340.423 340.423 71962.3
7 279.407 279.407 72109.3
11 518.277 2073.11 72269.6
13 348.127 696.254 72585.8
16 290.482 580.964 72281.5
5 145.807 583.227 72177.6
3 429.398 429.398 72914
14 292.264 584.529 72550.3
2 1474.61 5898.45 74476.4
1 214.5 214.5 72971.6
8 367.682 367.682 73316.7
36
7 515.81 1031.62 66679.7
16 321.011 642.023 66945.8
17 368.643 1474.57 67333.1
14 330.891 330.891 67961
8 1108.7 2217.4 68379.6
13 39.193 78.386 67479.9
2 147.542 147.542 67735.1
10 168.496 336.992 68391
17 332.504 332.504 69290.2
14 796.442 796.442 69313.9
0 571.952 571.952 69170.3
11 236.961 473.923 69388.9
1 84.362 84.362 69266.4
2 256.523 1026.09 69477.1
4 415.709 831.419 69326.7
13 545.774 1091.55 70449.9
16 912.338 912.338 70251.8
15 987.791 987.791 70540.6
10 320.997 320.997 70376.6
5 493.315 1973.26 70459.1
3 174.109 174.109 70384.6
12 381.717 381.717 70727.8
4 577.721 1155.44 70862.7
2 1215.56 4862.25 71891.4
1 546.049 546.049 71681.9
6 272 272 71893.9
7 279.407 279.407 72109.3
11 209.971 839.885 71961.3
10 598.694 1197.39 72836.3
13 934.892 1869.78 72925.9
5 145.807 583.227 72177.6
0 188.848 188.848 72673.4
16 805.542 1611.08 73063.6
8 1474.61 5898.45 74476.4
3 284.371 284.371 73041.4
15 456.605 456.605 73405.6
35
7 672.336 1344.67 67073.5
1 220.598 441.196 66108.2
2 116.881 467.526 66622.6
17 97.3534 389.414 66377
13 182.899 182.899 66632.5
16 430.587 861.173 67446.3
3 183.29 183.29 67770.8
10 168.496 336.992 68391
17 475.609 475.609 69433.3
7 864.17 864.17 69381.6
0 571.952 571.952 69170.3
14 164.375 328.75 69316.4
1 275.663 275.663 69457.7
2 418.818 1675.27 69639.4
4 415.709 831.419 69326.7
13 386.697 386.697 70049.5
5 327.903 1311.61 70083.6
11 1045.73 4182.91 71412.8
10 348.826 348.826 70658.2
0 482.845 482.845 70637.4
17 621.996 2487.98 71509.6
16 415.447 415.447 71768.9
1 403.22 806.44 71396.7
7 158.546 158.546 71661.2
14 979.338 979.338 72475.2
4 29.6248 59.2496 71782.6
9 243.809 243.809 71875.2
2 665.72 665.72 72462.4
3 405.318 405.318 72299.6
5 154.676 618.706 71901.3
10 371.936 743.872 73127.8
15 584.774 584.774 72888.4
13 1029.21 2058.43 73246
8 382.709 382.709 72863
6 293.873 293.873 73324.1
34
17 107.492 214.983 65816.5
1 560.135 1120.27 66625.8
2 138.252 553.007 66380.3
7 532.873 1065.75 67370.6
10 267.027 534.054 67040.2
14 677.949 2711.8 67932.6
13 200.483 400.966 67349.9
16 387.22 387.22 68294.1
17 526.183 1052.37 68874.3
3 49.2669 49.2669 68343
2 24.7933 24.7933 68591.4
11 457.758 457.758 69186
0 146.092 146.092 69007
13 631.016 631.016 70113.1
7 341.125 341.125 70136.3
10 593.55 593.55 70610.4
16 290.2 290.2 70703
17 291.95 291.95 70875.1
1 266.351 266.351 70914.8
0 105.868 105.868 70762
2 373.714 747.429 71270.6
12 174.256 174.256 71390.3
13 702.352 702.352 71801.6
15 248.632 248.632 71590.8
8 349.34 349.34 71806.9
14 249.402 249.402 72211.3
7 893.355 893.355 72321.9
16 797.9 1595.8 72568.8
6 421.926 421.926 72272.3
17 1570.24 1570.24 73657.4
11 12.5531 25.1061 72441.4
10 217.818 435.636 72843.6
1 599.712 599.712 72867.9
8 1270.41 1270.41 73997.9
36
7 515.81 1031.62 66679.7
16 321.011 642.023 66945.8
17 368.643 1474.57 67333.1
14 330.891 330.891 67961
8 1108.7 2217.4 68379.6
13 39.193 78.386 67479.9
6 435.485 435.485 68200.1
5 264.96 1059.84 68113.2
1 78.1829 78.1829 67954
11 1818.88 7275.53 69789.8
15 595.465 595.465 69113.8
7 269.521 269.521 68548.9
16 403.967 403.967 69613.5
14 1053.71 1053.71 70158.5
2 82.2175 164.435 69691.7
17 245.346 490.692 70149.5
1 862.391 862.391 70201.9
13 816.215 816.215 70369.1
0 261.378 261.378 70317
5 581.292 2325.17 70547
10 151.931 151.931 70362.5
12 381.717 381.717 70727.8
4 415.709 831.419 70700.7
2 1430.12 5720.48 72105.9
15 807.278 807.278 71943.1
6 214.852 214.852 71267
10 1176.25 2352.5 72704.5
5 976.197 3904.79 72542
7 211.256 211.256 71955.8
8 606.374 1212.75 72410.5
3 178.866 178.866 71772.1
11 321.454 321.454 72366
1 19.9214 19.9214 72222.6
16 507.341 507.341 72981.4
14 527.276 527.276 73154.1
4 872.782 1745.56 73417.3
36
17 107.492 214.983 65816.5
1 560.135 1120.27 66625.8
2 138.252 553.007 66380.3
7 532.873 1065.75 67370.6
10 267.027 534.054 67040.2
14 677.949 2711.8 67932.6
13 200.483 400.966 67349.9
16 387.22 387.22 68294.1
17 526.183 1052.37 68874.3
3 49.2669 49.2669 68343
2 24.7933 24.7933 68591.4
11 457.758 457.758 69186
0 146.092 146.092 69007
5 305.098 1220.39 69734.5
12 290.199 290.199 69785.7
7 220.063 440.126 69988.5
1 167.911 335.822 69987.6
16 574.015 574.015 70645.7
4 110.598 110.598 70859.9
14 312.93 625.86 71275.3
2 348.95 1395.8 71689.1
17 278.529 1114.11 71347.1
10 311.974 623.948 71274.7
13 508.652 1017.3 71582.4
5 970.524 1941.05 71745.9
8 214.852 214.852 71267
11 942.977 1885.95 72471.3
14 2676.5 10706 74242.3
7 272.907 272.907 72017.5
8 1755.19 3510.39 73559.3
15 497.54 497.54 72090.7
6 317.346 317.346 72361.9
16 434.208 434.208 72636.9
7 1565.57 1565.57 74039.7
4 1909.8 1909.8 74536.7
1 27.2769 54.5537 72571.8
38
17 567.971 567.971 66481.6
12 71.4559 71.4559 66066.7
14 580.914 580.914 67207.4
2 71.4152 71.4152 66751
1 412.849 825.698 67397
0 584.385 584.385 67855.7
13 262.072 524.143 67661.2
17 622.364 1244.73 67759.1
3 183.29 183.29 67770.8
10 168.496 336.992 68391
1 396.364 396.364 69354
14 108.925 108.925 68626.3
12 923.389 923.389 69521.7
11 236.961 473.923 69388.9
16 275.663 275.663 69457.7
2 418.818 1675.27 69639.4
4 415.709 831.419 69326.7
17 809.312 3237.25 70583
5 377.796 1511.18 70645.7
7 174.303 348.607 70178.6
10 615.574 1231.15 70671.6
14 507.054 507.054 70889.5
8 683.747 1367.49 71597.6
1 541.495 1082.99 71372.3
4 285.34 570.681 71346.8
11 673.466 1346.93 71935.9
12 301.753 301.753 71672.8
2 414.974 1659.9 71644.5
5 1169.84 4679.37 72848
13 511.915 511.915 72134.6
0 393.807 393.807 72186.7
9 246.11 246.11 71967.3
16 579.195 1158.39 72356.2
17 1540.73 6162.91 73589.7
7 264.985 264.985 72372.7
2 1069.67 4278.67 74023.7
14 517.918 517.918 73503.5
4 52.1559 104.312 73156.1
34
7 672.336 1344.67 67073.5
1 220.598 441.196 66108.2
2 116.881 467.526 66622.6
17 97.3534 389.414 66377
13 182.899 182.899 66632.5
16 430.587 861.173 67446.3
17 743.776 1487.55 69091.9
3 49.2669 49.2669 68343
12 177.053 177.053 68743.7
14 163.252 163.252 68891.5
0 146.092 146.092 69007
5 305.098 1220.39 69734.5
1 368.453 368.453 69863.9
7 220.063 440.126 69988.5
13 559.202 1118.4 70378.9
3 887.984 887.984 70959.7
4 110.598 110.598 70859.9
17 319.88 639.76 71282.3
11 104.437 417.748 71444.6
2 542.22 2168.88 71610.8
10 136.098 272.196 71098.8
16 508.652 1017.3 71582.4
5 970.524 1941.05 71745.9
14 571.217 2284.87 71800.8
8 1655.42 6621.67 73333.5
0 511.915 511.915 72134.6
12 504.774 504.774 72297.6
9 246.11 246.11 71967.3
13 558.249 1116.5 72335.3
11 1521.56 6086.24 73570.5
7 264.985 264.985 72372.7
17 412.232 1648.93 73366.2
3 82.0943 82.0943 73067.7
10 52.1559 104.312 73156.1
43
17 567.971 567.971 66481.6
12 71.4559 71.4559 66066.7
14 580.914 580.914 67207.4
2 71.4152 71.4152 66751
1 412.849 825.698 67397
0 584.385 584.385 67855.7
13 262.072 524.143 67661.2
17 622.364 1244.73 67759.1
11 982.666 3930.66 68915.4
10 106.823 213.645 67887.1
7 121.033 121.033 67720.5
16 661.261 1322.52 68940.3
14 1018.39 2036.77 69259.3
2 277.573 555.146 68558.9
8 556.5 1113 69117.2
4 571.342 1142.68 68824.6
3 135.916 135.916 68743.4
15 184.627 184.627 68604.1
17 1113.79 4455.16 69783.1
5 470.811 470.811 68941.2
1 964.383 964.383 69336.8
13 750.964 1501.93 69572.7
2 1047.24 4188.96 70820.9
5 1232.36 4929.45 71500.3
7 174.303 348.607 70178.6
16 502.345 1004.69 70558.4
6 565.149 565.149 70947.6
14 719.109 1438.22 71633
11 139.85 279.701 70970.6
10 285.34 570.681 71346.8
1 969.883 1939.77 72232.3
13 402.472 402.472 71773.5
8 214.852 214.852 71267
4 581.118 1162.24 72109.4
17 2506.5 10026 74072.3
7 463.089 463.089 72207.7
11 1517.71 3035.42 73321.9
9 510.891 510.891 72104.1
6 1050.2 1050.2 73094.7
2 609.435 609.435 72812.1
8 815.122 815.122 73289.2
14 1589.82 1589.82 74216.7
16 27.2769 54.5537 72571.8
38
7 672.336 1344.67 67073.5
1 220.598 441.196 66108.2
2 116.881 467.526 66622.6
17 97.3534 389.414 66377
13 182.899 182.899 66632.5
16 430.587 861.173 67446.3
3 183.29 183.29 67770.8
10 168.496 336.992 68391
17 475.609 475.609 69433.3
7 864.17 864.17 69381.6
0 571.952 571.952 69170.3
14 164.375 328.75 69316.4
1 275.663 275.663 69457.7
2 418.818 1675.27 69639.4
4 415.709 831.419 69326.7
11 870.433 3481.73 70644.1
5 377.796 1511.18 70645.7
8 887.106 1774.21 70891.5
10 615.574 1231.15 70671.6
6 565.149 565.149 70947.6
7 1538.78 3077.56 72452.6
17 620.74 1241.48 71451.5
4 285.34 570.681 71346.8
14 746.05 1492.1 72008.5
0 177.597 177.597 71548.6
12 174.256 174.256 71390.3
13 1023.05 1023.05 72122.3
15 248.632 248.632 71590.8
8 1629.62 1629.62 73087.2
1 249.402 249.402 72211.3
11 688.696 688.696 72117.3
16 1521.8 3043.61 73292.7
6 1358.69 1358.69 73209
17 1356.89 1356.89 73444.1
2 321.112 642.224 72750
10 406.817 813.635 73032.6
5 914.314 914.314 73182.5
7 1916.15 1916.15 74643.6
38
17 567.971 567.971 66481.6
12 71.4559 71.4559 66066.7
14 580.914 580.914 67207.4
2 71.4152 71.4152 66751
1 412.849 825.698 67397
0 584.385 584.385 67855.7
13 262.072 524.143 67661.2
17 622.364 1244.73 67759.1
8 353.488 353.488 68118.1
5 264.96 1059.84 68113.2
15 310.359 310.359 68186.2
14 1484.49 5937.97 69455.4
12 426.526 426.526 68944.8
7 269.521 269.521 68548.9
16 403.967 403.967 69613.5
17 851.839 851.839 69956.7
10 221.606 443.213 69831.1
2 446.324 1785.3 70220
5 208.147 832.587 70476.1
7 174.303 348.607 70178.6
1 107.492 214.983 70163.5
6 565.149 565.149 70947.6
8 683.747 1367.49 71597.6
14 452.143 904.285 71282.9
4 284.409 568.817 71345.9
16 1043.94 2087.88 72306.4
0 419.269 419.269 71790.3
12 340.423 340.423 71962.3
17 279.407 279.407 72109.3
11 518.277 2073.11 72269.6
10 348.127 696.254 72585.8
1 290.482 580.964 72281.5
5 1151.73 4606.91 73183.5
15 327.233 327.233 72811.8
2 837.352 1674.7 73095.4
14 1639.99 6559.95 74641.8
13 370.975 370.975 73128
6 456.605 456.605 73405.6
37
17 567.971 567.971 66481.6
12 71.4559 71.4559 66066.7
14 580.914 580.914 67207.4
2 71.4152 71.4152 66751
1 412.849 825.698 67397
0 584.385 584.385 67855.7
13 262.072 524.143 67661.2
17 622.364 1244.73 67759.1
10 301.27 602.54 67674.4
12 392.436 392.436 68486.9
3 203.955 203.955 68187.3
4 412.854 412.854 68581.4
5 483.942 967.883 68900.8
2 162.888 651.553 68759.6
1 659.843 1319.69 69955.8
15 17.5808 17.5808 68972.7
17 352.464 1409.85 69301.8
13 386.697 386.697 70049.5
11 477.367 1909.47 70233
2 820.11 3280.44 71187.1
16 348.826 348.826 70658.2
0 372.463 372.463 70527
14 488.911 1955.64 71376.6
15 415.447 415.447 71768.9
4 708.039 1416.08 71701.5
17 226.777 226.777 71729.5
6 986.44 986.44 72482.3
10 29.6248 59.2496 71782.6
9 243.809 243.809 71875.2
13 690.163 690.163 72486.8
3 405.318 405.318 72299.6
5 154.676 618.706 71901.3
16 371.936 743.872 73127.8
11 928.241 928.241 73231.8
1 1029.21 2058.43 73246
8 382.709 382.709 72863
7 468.429 468.429 73498.6
45
17 107.492 214.983 65816.5
1 560.135 1120.27 66625.8
2 138.252 553.007 66380.3
7 532.873 1065.75 67370.6
10 267.027 534.054 67040.2
14 677.949 2711.8 67932.6
13 200.483 400.966 67349.9
16 387.22 387.22 68294.1
17 434.093 1736.37 68366.8
4 232.952 465.905 68013.3
6 591.968 591.968 68191.4
2 621.608 1243.22 68900.7
7 1063.56 2127.12 69304.5
11 300.875 601.75 68582.2
8 556.5 1113 69117.2
5 651.091 1302.18 68904.3
12 121.85 121.85 68729.3
0 174.094 174.094 68593.6
17 1721.45 6885.82 70390.8
10 145.437 145.437 68615.9
1 932.143 932.143 69304.6
13 439.654 879.309 69261.4
14 1337.46 5349.86 70766.9
15 382.669 382.669 69878.2
16 615.394 1230.79 70383.8
11 596.707 1193.41 70416.4
2 778.216 778.216 70849.9
3 116.737 116.737 70866.1
13 392.995 785.99 71355.4
5 348.95 1395.8 71689.1
11 1458.93 5835.72 72527.5
4 311.974 623.948 71274.7
10 645.489 1290.98 71719.2
1 1635.29 3270.58 72410.6
6 1091.45 1091.45 72587.3
14 791.8 1583.6 72544.8
9 243.809 243.809 71875.2
0 665.72 665.72 72462.4
12 703.912 703.912 72598.2
2 2219.78 8879.1 73966.4
13 993.189 1986.38 73749
15 503.947 503.947 72807.5
4 587.475 1174.95 72804.2
8 382.709 382.709 72863
7 468.429 468.429 73498.6
34
7 515.81 1031.62 66679.7
16 321.011 642.023 66945.8
17 368.643 1474.57 67333.1
14 330.891 330.891 67961
8 1108.7 2217.4 68379.6
13 39.193 78.386 67479.9
6 435.485 435.485 68200.1
5 264.96 1059.84 68113.2
1 78.1829 78.1829 67954
11 1818.88 7275.53 69789.8
15 595.465 595.465 69113.8
7 269.521 269.521 68548.9
16 403.967 403.967 69613.5
14 1053.71 1053.71 70158.5
2 82.2175 164.435 69691.7
13 631.016 631.016 70113.1
8 468.735 468.735 70263.9
0 494.121 494.121 70510.9
7 572.533 572.533 70985.4
17 462.674 462.674 71045.8
1 467.718 467.718 71116.2
12 297.558 297.558 70953.7
4 626.377 1252.75 71523.2
5 456.808 1827.23 71686.3
11 1058.82 4235.27 72736.9
2 511.915 511.915 72134.6
3 681.416 681.416 72474.3
10 114.297 114.297 71835.5
13 906.888 1813.78 72683.9
8 1810.66 7242.66 73859.6
15 264.985 264.985 72372.7
17 787.79 3151.16 73741.8
7 517.918 517.918 73503.5
4 667.118 1334.24 73771
35
7 515.81 1031.62 66679.7
16 321.011 642.023 66945.8
17 368.643 1474.57 67333.1
14 330.891 330.891 67961
8 1108.7 2217.4 68379.6
13 39.193 78.386 67479.9
6 435.485 435.485 68200.1
5 264.96 1059.84 68113.2
1 78.1829 78.1829 67954
11 1818.88 7275.53 69789.8
15 595.465 595.465 69113.8
7 269.521 269.521 68548.9
16 403.967 403.967 69613.5
14 1053.71 1053.71 70158.5
2 82.2175 164.435 69691.7
1 386.697 386.697 70049.5
5 477.367 1909.47 70233
17 262.277 1049.11 70629.3
0 233.224 233.224 70542.6
12 720.446 720.446 70875
8 488.911 1955.64 71376.6
13 415.447 415.447 71768.9
2 720.562 1441.12 71714
16 157.526 157.526 71660.2
15 1060.89 1060.89 72556.7
5 257.934 515.867 72010.9
10 135.005 135.005 71766.4
1 690.163 690.163 72486.8
9 211.376 211.376 72105.7
17 1999.18 7996.74 73745.8
4 837.012 1674.02 73592.9
3 904.783 904.783 73208.4
10 1475.23 2950.47 73692
6 382.709 382.709 72863
7 468.429 468.429 73498.6
34
7 515.81 1031.62 66679.7
16 321.011 642.023 66945.8
17 368.643 1474.57 67333.1
14 330.891 330.891 67961
8 1108.7 2217.4 68379.6
13 39.193 78.386 67479.9
2 147.542 147.542 67735.1
10 168.496 336.992 68391
17 332.504 332.504 69290.2
14 796.442 796.442 69313.9
0 571.952 571.952 69170.3
11 236.961 473.923 69388.9
1 84.362 84.362 69266.4
2 256.523 1026.09 69477.1
4 415.709 831.419 69326.7
13 631.016 631.016 70113.1
7 341.125 341.125 70136.3
12 649.329 649.329 70666.2
8 572.533 572.533 70985.4
10 653.305 653.305 71236.4
1 332.898 332.898 70981.4
16 105.868 105.868 70762
4 395.056 790.111 71291.9
2 337.541 1350.16 71567.1
14 1011.58 4046.31 72689.7
11 193.781 193.781 71816.5
0 258.429 258.429 72051.3
3 181.447 181.447 71902.6
13 906.888 1813.78 72683.9
5 645.02 2580.08 72694
7 264.985 264.985 72372.7
2 992.236 3968.94 73946.3
10 257.585 257.585 73243.2
16 459.77 919.54 73563.7
41
17 567.971 567.971 66481.6
12 71.4559 71.4559 66066.7
14 580.914 580.914 67207.4
2 71.4152 71.4152 66751
1 412.849 825.698 67397
0 584.385 584.385 67855.7
13 262.072 524.143 67661.2
17 622.364 1244.73 67759.1
11 982.666 3930.66 68915.4
10 106.823 213.645 67887.1
7 121.033 121.033 67720.5
16 661.261 1322.52 68940.3
14 1018.39 2036.77 69259.3
2 277.573 555.146 68558.9
8 556.5 1113 69117.2
4 571.342 1142.68 68824.6
3 135.916 135.916 68743.4
15 184.627 184.627 68604.1
17 1113.79 4455.16 69783.1
5 470.811 470.811 68941.2
1 964.383 964.383 69336.8
13 750.964 1501.93 69572.7
12 631.016 631.016 70113.1
7 341.125 341.125 70136.3
10 593.55 593.55 70610.4
11 682.175 682.175 71095
16 357.956 357.956 70941.1
0 266.351 266.351 70914.8
3 105.868 105.868 70762
4 373.714 747.429 71270.6
6 272 272 71893.9
14 279.407 279.407 72109.3
2 466.258 1865.03 72217.6
13 348.127 696.254 72585.8
10 785.103 1570.21 72776.1
5 145.807 583.227 72177.6
15 327.233 327.233 72811.8
16 357.117 714.234 72615.2
11 1474.61 5898.45 74476.4
3 370.975 370.975 73128
8 367.682 367.682 73316.7
36
7 515.81 1031.62 66679.7
16 321.011 642.023 66945.8
17 368.643 1474.57 67333.1
14 330.891 330.891 67961
8 1108.7 2217.4 68379.6
13 39.193 78.386 67479.9
2 147.542 147.542 67735.1
10 168.496 336.992 68391
17 332.504 332.504 69290.2
14 796.442 796.442 69313.9
0 571.952 571.952 69170.3
11 236.961 473.923 69388.9
1 84.362 84.362 69266.4
2 256.523 1026.09 69477.1
4 415.709 831.419 69326.7
5 1031.42 4125.67 70805.1
11 1686.87 6747.49 71954.8
7 174.303 348.607 70178.6
10 615.574 1231.15 70671.6
8 342.419 342.419 70724.8
17 1447.34 2894.67 72361.2
14 501.419 1002.84 71332.2
4 285.34 570.681 71346.8
13 1244.89 2489.78 72507.3
0 177.597 177.597 71548.6
6 580.566 580.566 71632.8
1 450.104 900.209 71978.4
2 697.949 2791.8 72263.7
7 463.089 463.089 72207.7
8 1271.91 2543.81 73076.1
3 178.866 178.866 71772.1
14 1434.85 1434.85 73479.4
5 593.612 593.612 72796.3
6 1180.84 1180.84 73654.9
16 1939.71 1939.71 74566.6
10 27.2769 54.5537 72571.8
36
7 515.81 1031.62 66679.7
16 321.011 642.023 66945.8
17 368.643 1474.57 67333.1
14 330.891 330.891 67961
8 1108.7 2217.4 68379.6
13 39.193 78.386 67479.9
2 147.542 147.542 67735.1
10 168.496 336.992 68391
17 332.504 332.504 69290.2
14 796.442 796.442 69313.9
0 571.952 571.952 69170.3
11 236.961 473.923 69388.9
1 84.362 84.362 69266.4
2 256.523 1026.09 69477.1
4 415.709 831.419 69326.7
13 545.774 1091.55 70449.9
16 912.338 912.338 70251.8
15 987.791 987.791 70540.6
10 320.997 320.997 70376.6
5 493.315 1973.26 70459.1
3 174.109 174.109 70384.6
12 381.717 381.717 70727.8
4 577.721 1155.44 70862.7
2 1215.56 4862.25 71891.4
1 546.049 546.049 71681.9
7 571.649 571.649 71623.8
11 1093.53 2187.07 72621.8
5 888.219 3552.88 72454
8 211.256 211.256 71955.8
17 626.976 1253.95 72431.1
3 369.835 369.835 71963
6 317.346 317.346 72361.9
16 43.539 43.539 72246.2
14 507.341 507.341 72981.4
13 743.22 743.22 73370.1
10 27.2769 54.5537 72571.8
32
7 515.81 1031.62 66679.7
16 321.011 642.023 66945.8
17 368.643 1474.57 67333.1
14 330.891 330.891 67961
8 1108.7 2217.4 68379.6
13 39.193 78.386 67479.9
1 560.142 1120.28 68908.3
3 49.2669 49.2669 68343
2 24.7933 24.7933 68591.4
16 455.223 455.223 69183.5
0 146.092 146.092 69007
17 438.328 1753.31 70212
11 208.147 832.587 70476.1
14 152.432 304.865 70156.8
1 470.298 940.595 70526.3
7 342.419 342.419 70724.8
8 471.347 942.693 71385.2
14 1153.55 2307.11 71984.3
10 154.774 309.548 71216.2
16 878.908 1757.82 72141.3
12 404.286 404.286 71775.3
6 580.566 580.566 71632.8
13 581.118 1162.24 72109.4
5 273.675 1094.7 71839.5
7 1009.26 1009.26 72753.8
17 1512.24 3024.48 73316.4
4 376.978 376.978 71970.2
11 1700.62 1700.62 73745.1
1 1245.19 1245.19 73447.9
8 933.295 933.295 73407.4
6 1589.6 1589.6 74216.5
2 689.939 1379.88 73234.5
40
7 515.81 1031.62 66679.7
16 321.011 642.023 66945.8
17 368.643 1474.57 67333.1
14 330.891 330.891 67961
8 1108.7 2217.4 68379.6
13 39.193 78.386 67479.9
2 958.417 3833.67 68891.1
10 106.823 213.645 67887.1
7 527.089 527.089 68126.5
1 454.561 909.122 68733.6
16 1657.17 3314.33 69898.1
11 300.875 601.75 68582.2
7 1552.89 3105.78 70113.6
4 571.342 1142.68 68824.6
12 121.85 121.85 68729.3
0 174.094 174.094 68593.6
14 1315.66 5262.65 69985
3 180.892 180.892 68651.3
17 900.522 900.522 69272.9
5 381.756 763.513 69203.5
13 386.697 386.697 70049.5
11 1121.2 4484.79 70876.9
2 1238.16 4952.63 71605.2
0 289.052 289.052 70598.4
1 529.698 529.698 70684.3
17 461.687 1846.75 71349.3
12 415.447 415.447 71768.9
4 571.002 1142 71564.5
8 727.947 727.947 72230.6
5 337.541 1350.16 71567.1
14 1062.7 4250.79 72740.8
15 535.589 535.589 72158.3
3 517.803 517.803 72310.7
9 246.11 246.11 71967.3
13 435.264 870.528 72212.3
11 1420.3 5681.19 73469.3
16 264.985 264.985 72372.7
5 992.236 3968.94 73946.3
17 596.947 596.947 73582.6
10 52.1559 104.312 73156.1
38
17 567.971 567.971 66481.6
12 71.4559 71.4559 66066.7
14 580.914 580.914 67207.4
2 71.4152 71.4152 66751
1 412.849 825.698 67397
0 584.385 584.385 67855.7
13 262.072 524.143 67661.2
17 622.364 1244.73 67759.1
8 353.488 353.488 68118.1
5 264.96 1059.84 68113.2
15 310.359 310.359 68186.2
14 1484.49 5937.97 69455.4
12 426.526 426.526 68944.8
7 269.521 269.521 68548.9
16 403.967 403.967 69613.5
17 851.839 851.839 69956.7
10 221.606 443.213 69831.1
11 623.235 623.235 70105.3
7 638.003 638.003 70433.2
3 750.135 750.135 70767
12 711.62 711.62 71124.5
0 462.674 462.674 71045.8
1 266.351 266.351 70914.8
15 105.868 105.868 70762
13 373.714 747.429 71270.6
2 380.055 380.055 71596.1
11 694.571 694.571 71793.8
10 343.289 343.289 71685.5
8 349.34 349.34 71806.9
1 1032.2 1032.2 72994.1
16 543.468 543.468 71972.1
14 333.652 667.304 72104.5
6 421.926 421.926 72272.3
7 358.462 358.462 72445.7
5 306.981 613.962 72735.9
4 974.258 1948.52 73600
0 409.918 409.918 72678.1
17 314.971 314.971 73042.5
42
17 107.492 214.983 65816.5
1 560.135 1120.27 66625.8
2 138.252 553.007 66380.3
7 532.873 1065.75 67370.6
10 267.027 534.054 67040.2
14 677.949 2711.8 67932.6
13 200.483 400.966 67349.9
16 387.22 387.22 68294.1
17 434.093 1736.37 68366.8
4 232.952 465.905 68013.3
6 591.968 591.968 68191.4
2 621.608 1243.22 68900.7
7 1063.56 2127.12 69304.5
11 300.875 601.75 68582.2
8 556.5 1113 69117.2
5 651.091 1302.18 68904.3
12 121.85 121.85 68729.3
0 174.094 174.094 68593.6
17 1721.45 6885.82 70390.8
10 145.437 145.437 68615.9
1 932.143 932.143 69304.6
13 439.654 879.309 69261.4
14 376.278 376.278 70039.1
11 1121.2 4484.79 70876.9
2 580.949 2323.79 70948
0 289.052 289.052 70598.4
4 758.714 758.714 70913.3
8 1237.99 4951.96 72125.6
12 415.447 415.447 71768.9
13 571.002 1142 71564.5
1 224.266 224.266 71727
6 340.423 340.423 71962.3
7 279.407 279.407 72109.3
5 466.258 1865.03 72217.6
14 567.886 1135.77 72805.5
2 1004.7 2009.4 72995.7
11 372.689 1490.76 72404.5
15 369.946 369.946 72854.5
16 1027.26 2054.52 73285.3
17 1474.61 5898.45 74476.4
4 237.569 237.569 72994.6
1 823.921 823.921 73772.9
37
17 107.492 214.983 65816.5
1 560.135 1120.27 66625.8
2 138.252 553.007 66380.3
7 532.873 1065.75 67370.6
10 267.027 534.054 67040.2
14 677.949 2711.8 67932.6
13 200.483 400.966 67349.9
16 387.22 387.22 68294.1
8 353.488 353.488 68118.1
5 264.96 1059.84 68113.2
0 114.359 114.359 67990.2
17 1646.07 6584.3 69616.9
1 540.195 540.195 69058.5
6 348.914 348.914 68628.2
13 420.207 420.207 69629.7
7 753.455 753.455 69858.3
10 82.2175 164.435 69691.7
14 376.278 376.278 70039.1
2 286.488 1145.95 70042.2
5 1045.73 4182.91 71412.8
0 348.826 348.826 70658.2
12 720.446 720.446 70875
17 902.589 3610.35 71790.2
15 583.197 583.197 71936.6
10 720.562 1441.12 71714
13 173.765 173.765 71676.5
1 1083.41 1083.41 72579.3
2 67.0544 134.109 71820
3 202.592 202.592 71834
14 679.743 679.743 72476.4
9 211.376 211.376 72105.7
11 569.002 2276.01 72315.6
4 837.012 1674.02 73592.9
0 1031.37 1031.37 73335
11 1628.38 3256.77 73845.1
8 382.709 382.709 72863
6 468.429 468.429 73498.6
45
16 79.3661 158.732 65846
2 163.906 327.812 66296.8
13 218.657 437.314 66424.8
1 136.788 273.577 66901
14 1004.25 4016.99 67650.8
17 173.336 693.346 66737.2
10 902.9 1805.8 67987.4
7 403.391 403.391 67293.2
6 460.567 460.567 67119.8
8 1080.91 2161.82 68082.8
16 381.19 762.38 67859.7
11 1297.43 1297.43 68774.9
17 1198.03 2396.05 68697.6
6 1448.11 1448.11 69212.7
5 264.96 1059.84 68113.2
0 114.359 114.359 67990.2
8 2005.67 8022.68 69976.5
13 426.526 426.526 68944.8
7 748.49 748.49 69027.8
1 409.637 409.637 69619.2
14 1164.55 1164.55 70269.4
2 82.2175 164.435 69691.7
5 677.392 2709.57 70106.8
12 290.199 290.199 69785.7
7 892.224 1784.45 70660.6
10 167.911 335.822 69987.6
17 399.308 399.308 70471
4 110.598 110.598 70859.9
16 312.93 625.86 71275.3
11 220.1 880.4 71560.3
2 718.935 2875.74 71787.5
5 993.589 1987.18 71956.3
10 921.328 1842.66 71995.1
1 1541.15 3082.3 72316.5
13 1091.45 1091.45 72587.3
4 1406.91 2813.83 73159.9
3 202.592 202.592 71834
0 665.72 665.72 72462.4
9 211.376 211.376 72105.7
5 1754.97 7019.86 73501.6
16 913.124 1826.25 73669
12 503.947 503.947 72807.5
11 2046.58 4093.17 74263.3
6 382.709 382.709 72863
7 468.429 468.429 73498.6
40
17 107.492 214.983 65816.5
1 560.135 1120.27 66625.8
2 138.252 553.007 66380.3
7 532.873 1065.75 67370.6
10 267.027 534.054 67040.2
14 677.949 2711.8 67932.6
13 200.483 400.966 67349.9
16 387.22 387.22 68294.1
8 353.488 353.488 68118.1
5 264.96 1059.84 68113.2
0 114.359 114.359 67990.2
17 1646.07 6584.3 69616.9
1 540.195 540.195 69058.5
6 348.914 348.914 68628.2
13 420.207 420.207 69629.7
7 753.455 753.455 69858.3
10 82.2175 164.435 69691.7
2 313.068 1252.27 69742.5
12 290.199 290.199 69785.7
16 615.394 1230.79 70383.8
14 167.911 335.822 69987.6
1 760.174 760.174 70831.9
4 110.598 110.598 70859.9
10 732.303 1464.61 71694.7
5 104.437 417.748 71444.6
11 912.522 3650.09 71981.1
2 629.265 1258.53 71592
14 921.328 1842.66 71995.1
13 1551.72 3103.44 72327.1
8 214.852 214.852 71267
4 1693.19 3386.39 73221.5
2 2021.18 8084.71 73587
6 211.256 211.256 71955.8
7 606.374 1212.75 72410.5
3 178.866 178.866 71772.1
17 321.454 321.454 72366
16 381.194 381.194 72583.9
8 815.122 815.122 73289.2
1 1066.48 1066.48 73693.3
10 859.211 1718.42 73403.7
45
17 107.492 214.983 65816.5
1 560.135 1120.27 66625.8
2 138.252 553.007 66380.3
7 532.873 1065.75 67370.6
10 267.027 534.054 67040.2
14 677.949 2711.8 67932.6
13 200.483 400.966 67349.9
16 387.22 387.22 68294.1
17 434.093 1736.37 68366.8
4 232.952 465.905 68013.3
6 591.968 591.968 68191.4
2 621.608 1243.22 68900.7
7 1063.56 2127.12 69304.5
11 300.875 601.75 68582.2
8 556.5 1113 69117.2
5 651.091 1302.18 68904.3
12 121.85 121.85 68729.3
0 174.094 174.094 68593.6
17 1721.45 6885.82 70390.8
10 145.437 145.437 68615.9
1 932.143 932.143 69304.6
13 439.654 879.309 69261.4
14 408.76 1635.04 70182.4
11 826.251 3305 71094.2
16 391.525 783.05 70395.9
2 462.692 925.384 70518.7
6 342.419 342.419 70724.8
7 764.283 1528.57 71678.1
1 492.334 984.667 71323.1
4 285.34 570.681 71346.8
13 1244.89 2489.78 72507.3
0 462.061 462.061 71833.1
10 247.36 247.36 71463.4
12 1023.05 1023.05 72122.3
15 248.632 248.632 71590.8
8 349.34 349.34 71806.9
5 601.721 601.721 72563.6
14 227.023 227.023 71655.6
17 485.632 971.264 72256.5
16 807.011 807.011 72657.3
6 630.195 630.195 72717.4
2 983.367 1966.73 73412.3
4 1177.28 2354.55 73803
14 1019.75 1019.75 73287.9
1 606.399 606.399 73333.9
43
16 79.3661 158.732 65846
2 163.906 327.812 66296.8
13 218.657 437.314 66424.8
1 136.788 273.577 66901
14 1004.25 4016.99 67650.8
17 173.336 693.346 66737.2
10 902.9 1805.8 67987.4
7 403.391 403.391 67293.2
6 460.567 460.567 67119.8
8 1080.91 2161.82 68082.8
16 381.19 762.38 67859.7
11 1297.43 1297.43 68774.9
17 1198.03 2396.05 68697.6
4 404.193 808.386 67777.4
0 264.774 264.774 68359.2
2 150.675 150.675 68134
3 215.186 215.186 68383.7
5 483.942 967.883 68900.8
2 1335.49 5341.97 69932.2
1 447.642 895.284 69743.6
15 17.5808 17.5808 68972.7
14 883.053 3532.21 69832.4
17 1625.31 6501.24 71399
11 1072.86 4291.43 71340.8
7 174.303 348.607 70178.6
10 107.492 214.983 70163.5
6 342.419 342.419 70724.8
8 471.347 942.693 71385.2
14 1019.85 2039.71 71850.6
4 285.34 570.681 71346.8
13 1244.89 2489.78 72507.3
12 404.286 404.286 71775.3
15 1237.86 1237.86 72733.7
5 29.6248 59.2496 71782.6
9 243.809 243.809 71875.2
2 646.282 646.282 72442.9
3 405.318 405.318 72299.6
5 2122.57 8490.29 73869.2
1 454.695 909.39 73210.5
11 832.394 832.394 73136
4 659.54 1319.08 72876.3
6 391.941 391.941 72872.3
7 468.429 468.429 73498.6
43
16 79.3661 158.732 65846
2 163.906 327.812 66296.8
13 218.657 437.314 66424.8
1 136.788 273.577 66901
14 1004.25 4016.99 67650.8
17 173.336 693.346 66737.2
10 902.9 1805.8 67987.4
7 403.391 403.391 67293.2
6 460.567 460.567 67119.8
8 1080.91 2161.82 68082.8
16 381.19 762.38 67859.7
11 1297.43 1297.43 68774.9
17 1198.03 2396.05 68697.6
4 404.193 808.386 67777.4
0 264.774 264.774 68359.2
2 150.675 150.675 68134
3 215.186 215.186 68383.7
5 483.942 967.883 68900.8
2 1335.49 5341.97 69932.2
1 447.642 895.284 69743.6
15 17.5808 17.5808 68972.7
14 883.053 3532.21 69832.4
16 157.837 315.674 70062
10 599.428 599.428 69938.9
0 800.872 800.872 70353.7
13 370.006 370.006 70425.6
5 478.57 1914.28 70444.3
3 323.329 323.329 70533.9
12 381.717 381.717 70727.8
4 150.877 301.753 70435.9
11 1014.44 4057.75 71690.3
15 393.129 393.129 71529
6 340.423 340.423 71962.3
7 279.407 279.407 72109.3
2 466.258 1865.03 72217.6
1 594.254 1188.51 72831.9
13 282.823 565.647 72273.8
5 145.807 583.227 72177.6
12 295.058 295.058 72779.6
16 995.306 1990.61 73253.4
8 1474.61 5898.45 74476.4
3 284.371 284.371 73041.4
0 456.605 456.605 73405.6
41
16 79.3661 158.732 65846
2 163.906 327.812 66296.8
13 218.657 437.314 66424.8
1 136.788 273.577 66901
14 1004.25 4016.99 67650.8
17 173.336 693.346 66737.2
10 902.9 1805.8 67987.4
7 403.391 403.391 67293.2
6 460.567 460.567 67119.8
8 1080.91 2161.82 68082.8
16 381.19 762.38 67859.7
11 1297.43 1297.43 68774.9
17 1198.03 2396.05 68697.6
2 639.737 1279.47 68987.9
3 49.2669 49.2669 68343
12 177.053 177.053 68743.7
13 455.223 455.223 69183.5
0 146.092 146.092 69007
5 305.098 1220.39 69734.5
15 382.669 382.669 69878.2
7 220.063 440.126 69988.5
1 167.911 335.822 69987.6
17 399.308 399.308 70471
4 110.598 110.598 70859.9
10 312.93 625.86 71275.3
11 220.1 880.4 71560.3
2 278.529 1114.11 71347.1
5 621.295 1242.59 71584
16 254.721 509.441 71328.5
14 1160.95 2321.89 71936.3
5 2096.23 8384.9 73325.8
8 1058.82 4235.27 72736.9
13 193.781 193.781 71816.5
0 504.774 504.774 72297.6
9 246.11 246.11 71967.3
1 496.955 993.91 72274
17 1428.72 5714.89 73477.7
6 264.985 264.985 72372.7
2 477.04 1908.16 73431.1
7 517.918 517.918 73503.5
4 459.77 919.54 73563.7
45
16 79.3661 158.732 65846
2 163.906 327.812 66296.8
13 218.657 437.314 66424.8
1 136.788 273.577 66901
14 1004.25 4016.99 67650.8
17 173.336 693.346 66737.2
10 902.9 1805.8 67987.4
7 403.391 403.391 67293.2
6 460.567 460.567 67119.8
8 1080.91 2161.82 68082.8
16 381.19 762.38 67859.7
11 1297.43 1297.43 68774.9
17 1198.03 2396.05 68697.6
4 404.193 808.386 67777.4
0 264.774 264.774 68359.2
2 150.675 150.675 68134
3 215.186 215.186 68383.7
5 483.942 967.883 68900.8
2 1335.49 5341.97 69932.2
1 447.642 895.284 69743.6
15 17.5808 17.5808 68972.7
14 883.053 3532.21 69832.4
5 1324.28 5297.12 70753.7
12 290.199 290.199 69785.7
7 220.063 440.126 69988.5
10 167.911 335.822 69987.6
17 399.308 399.308 70471
3 224.01 224.01 70973.3
16 312.93 625.86 71275.3
11 220.1 880.4 71560.3
2 959.411 3837.64 72028
4 311.974 623.948 71274.7
13 508.652 1017.3 71582.4
1 926.087 1852.17 71701.4
6 571.649 571.649 71623.8
10 943.858 1887.72 72472.1
5 1182.89 4731.57 72748.7
8 211.256 211.256 71955.8
7 606.374 1212.75 72410.5
9 510.891 510.891 72104.1
14 694.575 694.575 72739.1
17 259.713 259.713 72462.4
6 1171.92 1171.92 73646
8 1912.68 1912.68 74539.5
16 439.838 879.676 72984.4
38
16 79.3661 158.732 65846
2 163.906 327.812 66296.8
13 218.657 437.314 66424.8
1 136.788 273.577 66901
14 1004.25 4016.99 67650.8
17 173.336 693.346 66737.2
10 902.9 1805.8 67987.4
7 403.391 403.391 67293.2
6 460.567 460.567 67119.8
8 1080.91 2161.82 68082.8
16 381.19 762.38 67859.7
11 1297.43 1297.43 68774.9
17 1198.03 2396.05 68697.6
2 639.737 1279.47 68987.9
3 49.2669 49.2669 68343
12 177.053 177.053 68743.7
13 455.223 455.223 69183.5
0 146.092 146.092 69007
10 350.457 350.457 70013.3
5 327.903 1311.61 70083.6
2 668.15 2672.6 71035.2
3 348.826 348.826 70658.2
1 372.463 372.463 70527
17 250.179 1000.72 71137.8
0 415.447 415.447 71768.9
16 192.193 384.386 71185.7
6 727.947 727.947 72230.6
11 571.217 2284.87 71800.8
8 1058.82 4235.27 72736.9
13 193.781 193.781 71816.5
12 504.774 504.774 72297.6
4 217.397 217.397 71938.6
10 471.356 942.713 72248.4
14 318.691 1274.76 72367.6
7 264.985 264.985 72372.7
2 777.192 3108.77 73731.2
17 517.918 517.918 73503.5
5 52.1559 104.312 73156.1
38
17 107.492 214.983 65816.5
1 560.135 1120.27 66625.8
2 138.252 553.007 66380.3
7 532.873 1065.75 67370.6
10 267.027 534.054 67040.2
14 677.949 2711.8 67932.6
13 200.483 400.966 67349.9
16 387.22 387.22 68294.1
3 183.29 183.29 67770.8
2 130.646 261.292 68353.1
1 475.609 475.609 69433.3
17 913.55 913.55 69431
0 571.952 571.952 69170.3
11 236.961 473.923 69388.9
13 233.453 233.453 69415.5
5 467.178 1868.71 69687.8
10 150.877 301.753 69061.9
15 689.629 689.629 70171.7
7 341.125 341.125 70136.3
3 593.55 593.55 70610.4
16 290.2 290.2 70703
14 462.674 462.674 71045.8
2 467.718 467.718 71116.2
12 297.558 297.558 70953.7
10 395.056 790.111 71291.9
0 74.43 74.43 71290.4
11 510.178 510.178 71609.4
5 298.878 298.878 71641.1
8 349.34 349.34 71806.9
13 249.402 249.402 72211.3
1 719.943 719.943 72148.5
7 333.652 667.304 72104.5
6 421.926 421.926 72272.3
17 358.462 358.462 72445.7
4 471.669 943.338 72900.6
2 841.923 1683.85 73467.7
14 409.918 409.918 72678.1
16 314.971 314.971 73042.5
41
17 107.492 214.983 65816.5
1 560.135 1120.27 66625.8
2 138.252 553.007 66380.3
7 532.873 1065.75 67370.6
10 267.027 534.054 67040.2
14 677.949 2711.8 67932.6
13 200.483 400.966 67349.9
16 387.22 387.22 68294.1
17 434.093 1736.37 68366.8
4 232.952 465.905 68013.3
6 591.968 591.968 68191.4
2 621.608 1243.22 68900.7
7 1063.56 2127.12 69304.5
11 300.875 601.75 68582.2
8 556.5 1113 69117.2
5 651.091 1302.18 68904.3
12 121.85 121.85 68729.3
0 174.094 174.094 68593.6
17 1721.45 6885.82 70390.8
10 145.437 145.437 68615.9
1 932.143 932.143 69304.6
13 439.654 879.309 69261.4
15 689.629 689.629 70171.7
6 341.125 341.125 70136.3
4 593.55 593.55 70610.4
16 290.2 290.2 70703
2 318.303 318.303 70901.4
14 266.351 266.351 70914.8
13 81.5449 81.5449 70737.7
5 373.714 747.429 71270.6
15 805.572 805.572 72301.4
10 29.6248 59.2496 71782.6
3 202.592 202.592 71834
0 665.72 665.72 72462.4
9 211.376 211.376 72105.7
11 636.541 2546.16 72383.2
13 237.348 474.695 72993.2
12 503.947 503.947 72807.5
4 575.081 1150.16 72791.8
8 382.709 382.709 72863
6 468.429 468.429 73498.6
36
7 515.81 1031.62 66679.7
16 321.011 642.023 66945.8
17 368.643 1474.57 67333.1
14 330.891 330.891 67961
8 1108.7 2217.4 68379.6
13 39.193 78.386 67479.9
6 435.485 435.485 68200.1
5 264.96 1059.84 68113.2
1 78.1829 78.1829 67954
11 1818.88 7275.53 69789.8
15 595.465 595.465 69113.8
7 269.521 269.521 68548.9
16 403.967 403.967 69613.5
14 1053.71 1053.71 70158.5
2 82.2175 164.435 69691.7
17 245.346 490.692 70149.5
1 862.391 862.391 70201.9
13 816.215 816.215 70369.1
0 261.378 261.378 70317
5 581.292 2325.17 70547
10 151.931 151.931 70362.5
12 381.717 381.717 70727.8
4 415.709 831.419 70700.7
2 1430.12 5720.48 72105.9
15 807.278 807.278 71943.1
7 340.423 340.423 71962.3
8 279.407 279.407 72109.3
17 1107.98 4431.93 72859.3
1 827.507 1655.01 73065.1
13 1015.26 2030.52 73006.2
5 145.807 583.227 72177.6
12 295.058 295.058 72779.6
16 1027.26 2054.52 73285.3
11 1474.61 5898.45 74476.4
4 284.371 284.371 73041.4
6 367.682 367.682 73316.7
38
17 567.971 567.971 66481.6
12 71.4559 71.4559 66066.7
14 580.914 580.914 67207.4
2 71.4152 71.4152 66751
1 412.849 825.698 67397
0 584.385 584.385 67855.7
13 262.072 524.143 67661.2
17 622.364 1244.73 67759.1
8 353.488 353.488 68118.1
5 264.96 1059.84 68113.2
15 310.359 310.359 68186.2
14 1484.49 5937.97 69455.4
12 426.526 426.526 68944.8
7 269.521 269.521 68548.9
16 403.967 403.967 69613.5
17 851.839 851.839 69956.7
10 221.606 443.213 69831.1
11 623.235 623.235 70105.3
7 638.003 638.003 70433.2
3 750.135 750.135 70767
12 711.62 711.62 71124.5
0 462.674 462.674 71045.8
1 266.351 266.351 70914.8
15 105.868 105.868 70762
13 373.714 747.429 71270.6
2 380.055 380.055 71596.1
11 694.571 694.571 71793.8
10 343.289 343.289 71685.5
8 349.34 349.34 71806.9
1 1032.2 1032.2 72994.1
16 543.468 543.468 71972.1
14 333.652 667.304 72104.5
6 421.926 421.926 72272.3
7 358.462 358.462 72445.7
5 306.981 613.962 72735.9
4 974.258 1948.52 73600
0 409.918 409.918 72678.1
17 314.971 314.971 73042.5
42
16 79.3661 158.732 65846
2 163.906 327.812 66296.8
13 218.657 437.314 66424.8
1 136.788 273.577 66901
14 1004.25 4016.99 67650.8
17 173.336 693.346 66737.2
10 902.9 1805.8 67987.4
7 403.391 403.391 67293.2
6 460.567 460.567 67119.8
8 1080.91 2161.82 68082.8
16 381.19 762.38 67859.7
11 1297.43 1297.43 68774.9
17 1198.03 2396.05 68697.6
3 183.29 183.29 67770.8
2 119.111 238.221 68341.6
1 475.609 475.609 69433.3
6 864.17 864.17 69381.6
0 571.952 571.952 69170.3
5 424.478 848.955 69576.5
13 275.663 275.663 69457.7
14 1291.61 5166.44 70512.2
4 415.709 831.419 69326.7
10 350.457 350.457 70013.3
2 880.552 3522.21 70636.2
17 1044.66 4178.62 71411.7
12 366.247 366.247 70675.6
16 372.463 372.463 70527
8 488.911 1955.64 71376.6
11 501.615 501.615 71855.1
13 403.22 806.44 71396.7
1 122.11 122.11 71624.8
7 571.649 571.649 71623.8
4 510.086 1020.17 72038.4
5 954.658 3818.63 72520.4
6 450.056 450.056 72194.6
8 1923.64 3847.27 73727.8
3 171.199 171.199 71764.4
1 1727.45 1727.45 73772
17 1200.2 1200.2 73402.9
7 1171.92 1171.92 73646
14 1939.71 1939.71 74566.6
10 27.2769 54.5537 72571.8
41
16 79.3661 158.732 65846
2 163.906 327.812 66296.8
13 218.657 437.314 66424.8
1 136.788 273.577 66901
14 1004.25 4016.99 67650.8
17 173.336 693.346 66737.2
10 902.9 1805.8 67987.4
7 403.391 403.391 67293.2
6 460.567 460.567 67119.8
8 1080.91 2161.82 68082.8
16 381.19 762.38 67859.7
11 1297.43 1297.43 68774.9
17 1198.03 2396.05 68697.6
2 639.737 1279.47 68987.9
3 49.2669 49.2669 68343
12 177.053 177.053 68743.7
13 455.223 455.223 69183.5
0 146.092 146.092 69007
14 748.976 2995.9 70522.7
5 377.796 1511.18 70645.7
7 174.303 348.607 70178.6
1 107.492 214.983 70163.5
6 342.419 342.419 70724.8
8 471.347 942.693 71385.2
17 164.448 328.897 70995.2
4 284.409 568.817 71345.9
13 878.908 1757.82 72141.3
10 419.269 419.269 71790.3
15 330.368 330.368 71546.4
11 805.766 805.766 71905
0 299.002 299.002 71641.2
7 916.82 916.82 72374.4
16 249.402 249.402 72211.3
14 567.239 567.239 71995.8
17 1090.09 2180.17 72860.9
6 1135.96 1135.96 72986.3
8 1364.42 1364.42 73451.6
5 564.626 1129.25 72993.5
1 343.628 687.256 72969.4
2 784.791 784.791 73052.9
7 1837.89 1837.89 74565.4
37
17 567.971 567.971 66481.6
12 71.4559 71.4559 66066.7
14 580.914 580.914 67207.4
2 71.4152 71.4152 66751
1 412.849 825.698 67397
0 584.385 584.385 67855.7
13 262.072 524.143 67661.2
17 622.364 1244.73 67759.1
8 353.488 353.488 68118.1
5 264.96 1059.84 68113.2
15 310.359 310.359 68186.2
14 1484.49 5937.97 69455.4
12 426.526 426.526 68944.8
7 269.521 269.521 68548.9
16 403.967 403.967 69613.5
17 851.839 851.839 69956.7
10 221.606 443.213 69831.1
15 287.111 287.111 69949.9
5 477.367 1909.47 70233
2 614.281 2457.12 70981.3
13 348.826 348.826 70658.2
0 372.463 372.463 70527
14 741.008 2964.03 71628.7
1 687.322 687.322 72040.8
10 859.951 1719.9 71853.4
16 157.526 157.526 71660.2
11 456.808 1827.23 71686.3
17 1058.82 4235.27 72736.9
4 625.691 625.691 72248.4
15 499.638 499.638 72292.5
3 181.447 181.447 71902.6
13 837.54 1675.08 72614.6
5 939.194 3756.77 72988.1
12 264.985 264.985 72372.7
2 772.222 3088.89 73726.2
7 517.918 517.918 73503.5
11 830.242 1660.48 73934.1
46
16 79.3661 158.732 65846
2 163.906 327.812 66296.8
13 218.657 437.314 66424.8
1 136.788 273.577 66901
14 1004.25 4016.99 67650.8
17 173.336 693.346 66737.2
10 902.9 1805.8 67987.4
7 403.391 403.391 67293.2
6 460.567 460.567 67119.8
8 1080.91 2161.82 68082.8
16 381.19 762.38 67859.7
11 1297.43 1297.43 68774.9
17 1198.03 2396.05 68697.6
5 1146.32 4585.27 69079
4 232.952 465.905 68013.3
6 967.199 967.199 68566.6
13 609.57 1219.14 68888.6
7 986.084 1972.17 69227
2 529.596 1059.19 68810.9
8 1509.17 3018.34 70069.9
1 798.182 1596.36 69051.4
12 121.85 121.85 68729.3
0 174.094 174.094 68593.6
14 1647.74 6590.95 70317.1
3 180.892 180.892 68651.3
15 1265.67 1265.67 69638.1
4 1025.18 2050.36 69846.9
9 838.883 838.883 70321
6 655.776 655.776 70450.9
3 736.446 736.446 70753.3
17 464.423 464.423 70877.3
13 306.266 306.266 70889.4
10 266.351 266.351 70914.8
0 105.868 105.868 70762
1 373.714 747.429 71270.6
9 954.826 954.826 72450.7
4 482.296 964.592 72235.3
12 692.712 692.712 72324.1
11 657.413 657.413 72454.1
2 703.912 703.912 72598.2
5 2461.39 9845.57 74208
16 454.695 909.39 73210.5
0 540.069 540.069 72843.7
1 1123.4 2246.8 73340.2
8 382.709 382.709 72863
6 468.429 468.429 73498.6
38
7 515.81 1031.62 66679.7
16 321.011 642.023 66945.8
17 368.643 1474.57 67333.1
14 330.891 330.891 67961
8 1108.7 2217.4 68379.6
13 39.193 78.386 67479.9
6 435.485 435.485 68200.1
5 264.96 1059.84 68113.2
1 78.1829 78.1829 67954
11 1818.88 7275.53 69789.8
15 595.465 595.465 69113.8
7 269.521 269.521 68548.9
16 403.967 403.967 69613.5
14 1053.71 1053.71 70158.5
2 82.2175 164.435 69691.7
17 245.346 490.692 70149.5
1 862.391 862.391 70201.9
13 816.215 816.215 70369.1
0 261.378 261.378 70317
5 581.292 2325.17 70547
10 151.931 151.931 70362.5
12 381.717 381.717 70727.8
4 415.709 831.419 70700.7
2 1430.12 5720.48 72105.9
15 807.278 807.278 71943.1
3 405.093 405.093 71621.1
16 975.932 975.932 72075.2
9 659.211 659.211 72001.4
6 349.34 349.34 71806.9
0 434.378 434.378 72396.3
17 194.098 194.098 71622.7
7 333.652 667.304 72104.5
8 660.456 660.456 72510.8
11 358.462 358.462 72445.7
10 663.221 1326.44 73092.1
4 690.65 1381.3 73316.4
13 691.545 691.545 72959.7
1 314.971 314.971 73042.5
43
16 79.3661 158.732 65846
2 163.906 327.812 66296.8
13 218.657 437.314 66424.8
1 136.788 273.577 66901
14 1004.25 4016.99 67650.8
17 173.336 693.346 66737.2
10 902.9 1805.8 67987.4
7 403.391 403.391 67293.2
6 460.567 460.567 67119.8
8 1080.91 2161.82 68082.8
16 381.19 762.38 67859.7
11 1297.43 1297.43 68774.9
17 1198.03 2396.05 68697.6
3 183.29 183.29 67770.8
2 119.111 238.221 68341.6
1 475.609 475.609 69433.3
6 864.17 864.17 69381.6
0 571.952 571.952 69170.3
5 424.478 848.955 69576.5
13 275.663 275.663 69457.7
14 1291.61 5166.44 70512.2
4 415.709 831.419 69326.7
16 157.837 315.674 70062
10 599.428 599.428 69938.9
15 987.791 987.791 70540.6
2 285.494 285.494 70341.1
11 1546.61 6186.46 71512.4
3 323.329 323.329 70533.9
12 381.717 381.717 70727.8
4 577.721 1155.44 70862.7
5 1814.34 7257.35 72490.2
13 737.35 737.35 71873.2
14 1287.77 5151.06 72517.3
8 1058.82 4235.27 72736.9
9 655.819 655.819 72278.5
0 258.429 258.429 72051.3
3 767.893 767.893 72489.1
16 513.461 1026.92 72290.5
2 1247.05 4988.22 73296
6 264.985 264.985 72372.7
11 1403.07 5612.28 74357.1
15 456.089 456.089 73441.7
4 52.1559 104.312 73156.1
38
17 567.971 567.971 66481.6
12 71.4559 71.4559 66066.7
14 580.914 580.914 67207.4
2 71.4152 71.4152 66751
1 412.849 825.698 67397
0 584.385 584.385 67855.7
13 262.072 524.143 67661.2
17 622.364 1244.73 67759.1
3 183.29 183.29 67770.8
10 168.496 336.992 68391
1 396.364 396.364 69354
14 108.925 108.925 68626.3
12 923.389 923.389 69521.7
11 236.961 473.923 69388.9
16 275.663 275.663 69457.7
2 418.818 1675.27 69639.4
4 415.709 831.419 69326.7
17 809.312 3237.25 70583
5 377.796 1511.18 70645.7
7 174.303 348.607 70178.6
10 615.574 1231.15 70671.6
14 507.054 507.054 70889.5
8 683.747 1367.49 71597.6
1 541.495 1082.99 71372.3
4 285.34 570.681 71346.8
11 673.466 1346.93 71935.9
12 301.753 301.753 71672.8
6 272 272 71893.9
7 346.545 346.545 72176.4
2 466.258 1865.03 72217.6
13 348.127 696.254 72585.8
10 132.573 265.146 72123.6
5 1320.83 5283.31 73352.6
15 369.946 369.946 72854.5
17 474.576 949.153 72732.6
14 1474.61 5898.45 74476.4
3 284.371 284.371 73041.4
1 469.234 469.234 73418.2
42
17 567.971 567.971 66481.6
12 71.4559 71.4559 66066.7
14 580.914 580.914 67207.4
2 71.4152 71.4152 66751
1 412.849 825.698 67397
0 584.385 584.385 67855.7
13 262.072 524.143 67661.2
17 622.364 1244.73 67759.1
8 353.488 353.488 68118.1
5 264.96 1059.84 68113.2
15 310.359 310.359 68186.2
14 1484.49 5937.97 69455.4
12 426.526 426.526 68944.8
7 269.521 269.521 68548.9
16 403.967 403.967 69613.5
17 851.839 851.839 69956.7
10 221.606 443.213 69831.1
11 464.215 1856.86 69893.7
13 368.453 368.453 69863.9
7 413.256 826.512 70181.7
1 167.911 335.822 69987.6
12 646.505 646.505 70718.2
4 110.598 110.598 70859.9
2 460.333 920.666 71422.7
5 104.437 417.748 71444.6
11 1093.98 4375.93 72162.5
10 1190.83 2381.65 72153.6
13 790.184 1580.37 71863.9
1 1170.09 2340.17 71945.4
15 380.055 380.055 71596.1
16 975.932 975.932 72075.2
3 386.827 386.827 71729
8 349.34 349.34 71806.9
0 249.402 249.402 72211.3
12 762.768 762.768 72191.4
7 333.652 667.304 72104.5
6 421.926 421.926 72272.3
14 358.462 358.462 72445.7
4 641.943 1283.89 73070.8
2 1148.46 2296.93 73774.2
17 998.55 998.55 73266.7
8 1270.41 1270.41 73997.9
38
7 672.336 1344.67 67073.5
1 220.598 441.196 66108.2
2 116.881 467.526 66622.6
17 97.3534 389.414 66377
13 182.899 182.899 66632.5
16 430.587 861.173 67446.3
10 301.27 602.54 67674.4
0 264.774 264.774 68359.2
3 203.955 203.955 68187.3
12 305.101 305.101 68473.6
4 388.851 777.701 68805.7
2 162.888 651.553 68759.6
17 447.642 895.284 69743.6
15 17.5808 17.5808 68972.7
14 1046.82 4187.27 69996.1
11 870.433 3481.73 70644.1
5 377.796 1511.18 70645.7
7 174.303 348.607 70178.6
2 590.996 1181.99 70647
6 565.149 565.149 70947.6
8 683.747 1367.49 71597.6
7 1175.43 2350.85 72006.2
4 285.34 570.681 71346.8
1 1244.89 2489.78 72507.3
0 419.269 419.269 71790.3
3 247.36 247.36 71463.4
15 1023.05 1023.05 72122.3
12 253.776 253.776 71596
14 1519.04 1519.04 72976.6
17 243.486 243.486 72205.4
11 688.696 688.696 72117.3
13 1521.8 3043.61 73292.7
6 1358.69 1358.69 73209
8 1576.82 1576.82 73664
16 321.112 642.224 72750
2 384.219 768.438 73010
5 914.314 914.314 73182.5
7 1289.49 1289.49 74017
41
17 567.971 567.971 66481.6
12 71.4559 71.4559 66066.7
14 580.914 580.914 67207.4
2 71.4152 71.4152 66751
1 412.849 825.698 67397
0 584.385 584.385 67855.7
13 262.072 524.143 67661.2
17 622.364 1244.73 67759.1
11 982.666 3930.66 68915.4
10 106.823 213.645 67887.1
7 121.033 121.033 67720.5
16 661.261 1322.52 68940.3
14 1018.39 2036.77 69259.3
2 277.573 555.146 68558.9
8 556.5 1113 69117.2
4 571.342 1142.68 68824.6
3 135.916 135.916 68743.4
15 184.627 184.627 68604.1
17 1113.79 4455.16 69783.1
5 470.811 470.811 68941.2
1 964.383 964.383 69336.8
13 750.964 1501.93 69572.7
12 631.016 631.016 70113.1
7 341.125 341.125 70136.3
10 593.55 593.55 70610.4
11 682.175 682.175 71095
16 357.956 357.956 70941.1
0 266.351 266.351 70914.8
3 105.868 105.868 70762
4 373.714 747.429 71270.6
6 272 272 71893.9
14 279.407 279.407 72109.3
2 466.258 1865.03 72217.6
13 348.127 696.254 72585.8
10 785.103 1570.21 72776.1
5 145.807 583.227 72177.6
15 327.233 327.233 72811.8
16 357.117 714.234 72615.2
11 1474.61 5898.45 74476.4
3 370.975 370.975 73128
8 367.682 367.682 73316.7
41
7 672.336 1344.67 67073.5
1 220.598 441.196 66108.2
2 116.881 467.526 66622.6
17 97.3534 389.414 66377
13 182.899 182.899 66632.5
16 430.587 861.173 67446.3
17 532.589 2130.35 68465.3
10 106.823 213.645 67887.1
6 591.968 591.968 68191.4
1 661.261 1322.52 68940.3
7 766.434 1532.87 69007.4
14 167.288 334.575 68448.6
8 556.5 1113 69117.2
13 169.585 339.17 68422.8
12 121.85 121.85 68729.3
0 174.094 174.094 68593.6
2 1337.36 5349.43 70006.7
3 180.892 180.892 68651.3
15 1265.67 1265.67 69638.1
4 262.589 525.179 69084.4
11 870.433 3481.73 70644.1
5 377.796 1511.18 70645.7
7 543.705 1087.41 70548
1 502.345 1004.69 70558.4
6 342.419 342.419 70724.8
17 665.903 1331.81 71579.8
2 1003.45 2006.91 71834.2
10 285.34 570.681 71346.8
4 1244.89 2489.78 72507.3
0 462.061 462.061 71833.1
15 628.971 628.971 72250.8
8 497.627 497.627 72327.5
14 466.258 1865.03 72217.6
13 348.127 696.254 72585.8
1 174.006 348.012 72165
5 1320.83 5283.31 73352.6
12 327.233 327.233 72811.8
11 413.528 827.057 72671.6
2 2191.3 8765.19 75193.1
3 284.371 284.371 73041.4
6 456.605 456.605 73405.6
32
7 515.81 1031.62 66679.7
16 321.011 642.023 66945.8
17 368.643 1474.57 67333.1
14 330.891 330.891 67961
8 1108.7 2217.4 68379.6
13 39.193 78.386 67479.9
1 560.142 1120.28 68908.3
3 49.2669 49.2669 68343
2 24.7933 24.7933 68591.4
16 455.223 455.223 69183.5
0 146.092 146.092 69007
11 623.235 623.235 70105.3
14 228.808 228.808 70024
12 649.329 649.329 70666.2
7 572.533 572.533 70985.4
1 325.909 325.909 70909
17 266.351 266.351 70914.8
0 105.868 105.868 70762
13 373.714 747.429 71270.6
15 330.368 330.368 71546.4
11 694.571 694.571 71793.8
3 299.002 299.002 71641.2
6 439.922 439.922 71897.5
2 601.721 601.721 72563.6
8 850.398 850.398 72279
14 333.652 667.304 72104.5
7 1396.51 1396.51 73246.8
1 1604.2 1604.2 73691.4
16 12.5531 25.1061 72441.4
17 640.557 1281.11 73266.3
0 895.135 895.135 73163.3
6 1360.99 1360.99 74088.5
