38
1 2136.95 2136.95 67872.6
2 163.906 327.812 66296.8
2 1730.17 3460.35 68494.4
2 4829.59 19318.4 71476.1
0 793.929 793.929 67780.9
2 7432.75 29731 73996.6
3 2636.34 2636.34 69536.8
1 4833 9666 71917.5
0 2901.47 2901.47 69791.2
1 7670.13 15340.3 74672
1 10831.2 21662.4 78309.7
0 4965 4965 72442.5
1 12770.5 25541 80270.1
3 6537.37 6537.37 74124.9
1 15561.6 31123.2 83784.1
0 6165.83 6165.83 75123.5
0 7958.9 7958.9 76476.3
3 7585.04 7585.04 76183.4
1 19214.3 38428.5 88366.2
0 10303.8 10303.8 79485.8
2 7408.17 29632.7 76628.8
1 16947 33894 85858
2 9117.11 36468.4 78890.8
2 11937.8 47751.3 82205.8
2 16661.2 33322.4 86665.5
1 20895.1 41790.2 90951.1
3 9450.94 9450.94 79833.3
2 18125.3 36250.6 89039.2
1 22870.3 45740.7 93701.1
2 22745.8 45491.5 93807.2
1 25186.1 50372.3 96448.6
0 10456.9 10456.9 81827.9
0 13522.7 13522.7 85144.5
2 12359.1 49436.2 84110.4
2 23416.8 46833.6 95370.4
3 10839 10839 82784
3 15977 15977 88008.8
3 12389.3 12389.3 85496.1
39
1 2276.12 2276.12 68302.8
2 160.277 320.555 65878.5
2 1762.7 3525.41 68093.5
0 1349.6 1349.6 67397.3
3 497.418 497.418 66812.7
1 6562.25 13124.5 73275.1
2 4050.94 16203.7 70369.4
2 7458.35 29833.4 73993.5
1 8986.87 17973.7 75537.5
3 1678.77 1678.77 68578.9
2 11069.5 44278.1 78214.8
0 2891.71 2891.71 69770.2
3 3466.06 3466.06 70681.4
1 11243 22486 78616.2
0 3680.24 3680.24 71774.7
0 6298.91 6298.91 74282.2
3 4620.89 4620.89 72789.4
1 11705 23410.1 80121.9
2 11474.5 45897.9 80071.2
1 13352.5 26704.9 82648.4
0 7177.76 7177.76 76132.9
2 13399.8 53599.3 82349.1
1 14933.6 29867.3 84837.8
3 6231.69 6231.69 75571.2
0 8816.05 8816.05 78368.9
3 8371.2 8371.2 78426.8
2 15496 61984 85461.8
0 11534.4 11534.4 81744.9
0 13459 13459 83805.1
1 17653.3 35306.7 87938.3
2 16735.2 66940.6 87411
3 9706.43 9706.43 80842.3
3 11937.7 11937.7 82941.7
0 14696.3 14696.3 86262.1
1 18435 36870 90024.9
3 14825.3 14825.3 86867.6
0 17500.6 17500.6 90127.5
3 17572.8 17572.8 89772.1
2 17648.7 70594.7 90171.4
32
1 1129.47 1129.47 67040.9
2 499.072 998.144 66476.1
2 2597.91 10391.6 69049.7
2 5202.46 20809.9 71951.3
0 586.558 586.558 66768.9
3 218.237 218.237 66724
1 3187.32 6374.65 69395.2
3 2405.16 2405.16 68684.8
1 4626.93 9253.86 71140.6
0 1560 1560 68227.1
1 4819.71 9639.43 73046.8
0 1792.51 1792.51 70475.5
2 5814.74 23259 74364.8
3 2024.31 2024.31 70682.2
0 5000.71 5000.71 73766.2
0 6868.8 6868.8 76044.2
3 4785.99 4785.99 74136.7
0 8145.14 8145.14 77808
2 6903.79 27615.2 76659.5
2 9168.55 36674.2 79535.6
3 6311.44 6311.44 76620.8
0 9602.95 9602.95 79757.5
2 10724.3 42897.2 81612
1 9076.55 9076.55 80430
1 4075.67 8151.35 75069.2
3 7858.23 7858.23 79360.9
1 11399.4 11399.4 83021.3
2 13024 52096 84775.3
1 5668.88 11337.8 77622.4
0 11739.3 11739.3 83684.3
3 11141.5 11141.5 83173.3
0 8757.38 8757.38 81864.2
33
1 1123.52 1123.52 66996.2
2 41.8641 83.7281 66748.9
1 2318.75 4637.51 69036.6
2 1745.05 3490.11 68865.2
0 2057.09 2057.09 68813.7
1 5991.67 11983.3 73058
3 1486.61 1486.61 68510.9
0 5286.13 5286.13 72607.3
3 4025.93 4025.93 71613.4
1 6807.92 13615.8 75030.4
0 6473.93 6473.93 75431.6
3 5894.07 5894.07 74411.5
0 9720.83 9720.83 78319.2
1 8286.27 16572.5 77438.2
3 8238.94 8238.94 77421
2 1821.84 7287.34 71042.5
1 11265.1 22530.2 80176.1
2 10317.6 20635.2 80221.8
0 11665.3 11665.3 81004.8
3 9862.67 9862.67 79415.5
0 13804.8 13804.8 83860.4
2 3160.78 12643.1 73126.5
3 12581 12581 82791.5
3 16033.3 16033.3 86379.4
2 13037.3 26074.7 83322.3
2 4399.93 17599.7 75075.7
1 13387.6 13387.6 84523.5
1 15492.9 15492.9 87114.8
2 5407.69 21630.8 77159
1 9785.66 19571.3 81739.2
0 13735.5 13735.5 85680.5
3 12287.4 12287.4 84319.2
2 12803.7 12803.7 85910.5
39
1 1129.47 1129.47 67040.9
2 499.072 998.144 66476.1
2 2597.91 10391.6 69049.7
2 5202.46 20809.9 71951.3
0 586.558 586.558 66768.9
3 218.237 218.237 66724
1 3187.32 6374.65 69395.2
3 2405.16 2405.16 68684.8
1 4626.93 9253.86 71140.6
0 1560 1560 68227.1
0 2712 2712 70299.5
1 5399.08 10798.2 73621.5
3 1684.13 1684.13 70641.8
3 3477.2 3477.2 71994.6
0 3759.68 3759.68 72358
1 6877.43 13754.9 76029.4
0 5537.41 5537.41 74719.5
2 5362.8 21451.2 74583.4
1 9856.25 19712.5 78767.3
3 4700.83 4700.83 74363.6
2 7122.39 28489.6 76878.1
2 9387.14 37548.6 79754.2
0 6678.82 6678.82 76988.2
3 6158.64 6158.64 76313.2
2 10942.9 43771.6 81830.6
0 8101.88 8101.88 79455.3
1 10036.8 20073.6 81030.3
3 8282.77 8282.77 79785.5
1 11769.2 23538.4 82798.5
0 10650.4 10650.4 82146.3
1 13345.4 26690.9 85098.4
0 13382.6 13382.6 85014
1 15317.1 30634.2 86805.8
3 11964.8 11964.8 83859.1
2 13915.8 55663.2 85662.4
1 16305.4 32610.9 89061.3
0 14798.8 14798.8 87102.4
2 14975.2 29950.4 87191.9
3 14477.6 14477.6 87418.4
39
1 2276.12 2276.12 68302.8
2 160.277 320.555 65878.5
2 1762.7 3525.41 68093.5
0 1349.6 1349.6 67397.3
3 497.418 497.418 66812.7
1 6562.25 13124.5 73275.1
2 4050.94 16203.7 70369.4
2 7458.35 29833.4 73993.5
1 8986.87 17973.7 75537.5
3 1678.77 1678.77 68578.9
2 11069.5 44278.1 78214.8
0 2891.71 2891.71 69770.2
3 3466.06 3466.06 70681.4
1 10636.4 21272.9 78984.6
1 13649.3 27298.7 81523.7
0 3570.83 3570.83 72137.5
0 5340.41 5340.41 74201.4
3 4458.54 4458.54 73619.8
0 7221.31 7221.31 76583.3
3 6708.29 6708.29 76190.4
0 10292.7 10292.7 80087.9
3 9358.28 9358.28 79375.1
0 12014.7 12014.7 82427.6
3 11488.4 11488.4 82071.5
0 14918 14918 85566.5
3 13870.8 13870.8 84526.9
2 9570.13 19140.3 80467
2 11333.3 22666.5 82539
0 16169.4 16169.4 87508.7
1 18325.3 18325.3 89882.4
3 14744.3 14744.3 87092.8
1 11431.3 22862.7 83288.1
1 13919.8 27839.6 86263.5
2 17969.6 17969.6 93037.5
0 16891.2 16891.2 89499.8
2 11794.5 23588.9 84420.5
1 15366.6 30733.1 87809.6
3 17076 17076 89898.3
2 13207 26414 85923.5
29
1 1123.52 1123.52 66996.2
2 41.8641 83.7281 66748.9
1 2318.75 4637.51 69036.6
2 1745.05 3490.11 68865.2
0 2057.09 2057.09 68813.7
1 8950.1 17900.2 76016.5
3 1486.61 1486.61 68510.9
0 5286.13 5286.13 72607.3
0 6548.37 6548.37 74424.2
3 2134.47 2134.47 71344
2 2717.79 10871.2 71822.6
3 4756.32 4756.32 74011.8
1 2766.77 5533.54 72670.9
0 7332.58 7332.58 76672.1
3 6695.02 6695.02 76247.9
0 9472.09 9472.09 79527.7
2 5687.59 22750.4 75653.3
3 9413.35 9413.35 79623.9
0 11433.4 11433.4 81779.5
1 7267.46 14534.9 77552.5
2 6926.74 27707 77602.6
3 13331.4 13331.4 84467.3
1 11632 11632 82636
0 12670.7 12670.7 84236.4
1 8049.13 16098.3 79639.1
3 10009.5 10009.5 82051.8
2 10590.8 10590.8 83217.6
1 11829.2 11829.2 84028.5
2 7840.25 31361 80363
35
1 2276.12 2276.12 68302.8
2 160.277 320.555 65878.5
2 1762.7 3525.41 68093.5
0 1349.6 1349.6 67397.3
3 497.418 497.418 66812.7
1 6562.25 13124.5 73275.1
2 4050.94 16203.7 70369.4
2 7458.35 29833.4 73993.5
1 8986.87 17973.7 75537.5
3 1678.77 1678.77 68578.9
2 11069.5 44278.1 78214.8
0 2891.71 2891.71 69770.2
3 3466.06 3466.06 70681.4
1 10636.4 21272.9 78984.6
1 13649.3 27298.7 81523.7
0 3570.83 3570.83 72137.5
0 5340.41 5340.41 74201.4
3 4458.54 4458.54 73619.8
0 7221.31 7221.31 76583.3
2 11347.3 45389.1 80700.8
3 6562.02 6562.02 76380.1
0 8641.7 8641.7 78504.1
1 13914.6 27829.2 84383.2
3 8741.83 8741.83 79157.8
1 17286 34572 87723.6
2 14304.6 28609.2 84679.6
2 16113.5 32227 86807.4
0 9424.34 9424.34 80525.1
0 12076.2 12076.2 83080.2
3 11738.8 11738.8 83304.5
1 18220.2 36440.4 89810.1
0 14963.9 14963.9 87006.1
3 16388 16388 89014.8
3 14567.9 14567.9 86767.1
2 10165.8 40663 82688.5
38
1 849.189 849.189 66762.8
0 135.689 135.689 66130.9
2 1126.08 1126.08 67752.6
3 216.765 216.765 66896.4
1 2250.91 4501.82 69235.1
0 929.931 929.931 68201.3
2 3305.81 6611.62 70704.9
1 4038.06 8076.11 71174.8
3 1381.24 1381.24 68968.8
1 6466.35 12932.7 74688.8
0 1200.63 1200.63 70158.3
0 2993.7 2993.7 71511.1
3 2428.92 2428.92 71027.2
1 7944.7 15889.4 77096.7
0 8316.07 8316.07 77498.1
2 3661.56 14646.2 72882.2
1 10923.5 21847 79834.5
2 5370.5 21482 75144.2
2 8191.21 32764.8 78459.1
1 13356.9 26713.9 83361.3
1 16442.5 32885 86498.5
0 3361.64 3361.64 73744
1 19372.6 38745.2 90286.5
1 22054.6 44109.1 92885.3
2 21476.5 42953 92537.9
1 24370.4 48740.7 95632.8
3 1798.66 1798.66 73169.7
2 9936.42 39745.7 81166
2 12466.2 49864.9 84144.3
3 4259.32 4259.32 75882
0 8029 8029 79821.9
3 7007.48 7007.48 78728.7
2 23562.7 47125.4 95339.8
2 14221.3 56885.2 86270.3
0 10699.6 10699.6 82807.3
2 16263.2 65052.6 89217.2
3 9134.34 9134.34 82120
1 25469.3 50938.7 98573.2
36
1 1129.47 1129.47 67040.9
2 499.072 998.144 66476.1
2 2597.91 10391.6 69049.7
2 5202.46 20809.9 71951.3
0 586.558 586.558 66768.9
3 218.237 218.237 66724
1 3187.32 6374.65 69395.2
3 2405.16 2405.16 68684.8
1 4626.93 9253.86 71140.6
0 1560 1560 68227.1
1 5472.64 10945.3 73820.8
1 8485.55 16971.1 76359.9
0 2027.78 2027.78 70594.4
3 2125.17 2125.17 70986.1
0 3697.85 3697.85 72859.1
0 6901.73 6901.73 76263.7
2 4170.75 16683 73524.2
3 4192.53 4192.53 74010.7
0 8322.12 8322.12 78184.5
1 8750.82 17501.6 79219.4
3 6372.34 6372.34 76788.3
1 12122.2 24244.4 82559.7
1 15691.6 31383.1 86066.5
1 17500.4 35000.9 88194.3
0 9104.77 9104.77 80205.6
2 4764.63 19058.5 75994.2
2 7294.45 29177.8 78972.6
3 8524.47 8524.47 80147.2
0 11422.4 11422.4 83215.3
3 11272.6 11272.6 82993.8
2 14316.4 28632.9 86093.5
2 9049.52 36198.1 81098.5
0 14093 14093 86200.7
2 11091.4 44365.5 84045.4
3 13399.5 13399.5 86385.1
2 16264.2 32528.5 89368.1
