38
7 240.539 240.539 65976.2
2 163.906 327.812 66296.8
1 136.788 273.577 66901
5 1500.39 6001.55 68146.9
0 793.929 793.929 67780.9
2 1934.89 7739.54 68498.8
6 455.495 455.495 67356
4 935.83 1871.66 68020.3
3 2653.48 2653.48 69543.2
8 1629.12 3258.23 68631
4 2756.79 5513.59 70235.3
9 1656.91 1656.91 69134.4
7 1347.08 2694.16 68846.7
9 4263.65 4263.65 71851.2
1 1638.63 3277.25 69861.1
6 6375.47 6375.47 75333.1
0 616.286 616.286 69133.7
0 3422.96 3422.96 72021.3
7 2887.09 5774.18 72039.1
9 4865.18 4865.18 74047.2
5 1787.75 7150.99 71008.4
1 3024.01 6048.03 71935
8 2313.64 9254.56 72087.3
2 1286.22 5144.89 71554.2
5 3997.15 7994.29 74001.5
2 4083 8166 74139
3 1037.65 1037.65 71420.1
4 3109.38 6218.76 74023.2
5 4998.27 9996.54 75829
1 2672.47 5344.93 73733.9
7 2925.48 5850.96 74187.9
0 2792.71 2792.71 74163.7
6 672.022 672.022 72293.9
8 2972.21 11888.8 74723.5
1 3343.48 6686.96 75297.1
3 3094.97 3094.97 75040
9 4528.17 4528.17 76560
2 3811.83 3811.83 76918.6
39
6 241.292 241.292 66267.9
2 160.277 320.555 65878.5
1 238.384 476.769 66569.1
7 858.32 858.32 66906.1
0 96.1445 96.1445 66411.4
4 376.525 753.051 67089.3
5 1154.09 4616.37 67472.5
8 903.794 3615.18 67438.9
7 1828.64 3657.29 68379.2
3 470.872 470.872 67371
2 835.329 3341.32 67980.6
4 1595.81 1595.81 68474.3
0 1298.59 1298.59 68513.9
1 1674.92 3349.83 69048.1
0 2579.37 2579.37 70673.8
9 547.364 547.364 68530.7
3 1282.34 1282.34 69450.9
4 2104.02 4208.03 70520.9
5 1165.95 4663.8 69762.6
2 1648.76 3297.52 70944.7
3 2346.41 2346.41 71301.5
8 859.787 3439.15 69809.1
1 2006.19 4012.37 71910.4
7 740.714 740.714 70080.2
9 1750.62 1750.62 71303.5
3 3231.56 3231.56 73287.2
5 1880.96 7523.82 71846.7
0 3316.3 3316.3 73526.8
4 3771.03 3771.03 74117.1
4 1771.91 3543.82 72056.9
8 2572.15 10288.6 73248
7 1636.03 1636.03 72771.9
6 1104 1104 72108
8 3767.76 3767.76 75333.5
2 1576.62 3153.24 73166.6
1 3300.32 3300.32 75342.6
9 1531.22 1531.22 74158.1
6 1301.22 1301.22 73500.4
5 2096.89 8387.56 74619.7
32
7 862.999 862.999 66774.5
1 317.143 634.286 66294.2
2 129.403 517.611 66581.2
5 1080.63 4322.52 67829.4
0 586.558 586.558 66768.9
3 218.237 218.237 66724
4 674.053 1348.11 66882
9 1358.12 1358.12 67637.7
1 1525.86 3051.71 68039.5
2 1372.36 1372.36 68039.5
4 561.067 1122.13 68788.2
0 541.467 541.467 69224.5
2 1447.58 5790.32 69997.7
7 652.174 652.174 69310.1
3 591.356 591.356 69356.8
9 979.497 979.497 70154.9
1 1119.33 1119.33 70470
5 136.269 136.269 69799.1
2 2536.63 10146.5 72292.3
5 1479.36 5917.44 71846.4
4 483.653 483.653 70793
3 1285.47 1285.47 71440
8 1237.99 4951.96 72125.6
7 816.53 816.53 72170
4 1738.48 3476.95 72732
0 298.379 298.379 71801.1
6 272 272 71893.9
5 2731.28 10925.1 74482.6
1 489.209 978.418 72442.8
9 323.674 323.674 72268.7
3 1549.19 1549.19 73581
2 1773.65 1773.65 74880.5
33
7 862.711 862.711 66735.4
2 41.8641 83.7281 66748.9
8 1028.6 2057.21 67746.5
1 256.355 512.711 67376.5
6 630.235 630.235 67386.9
4 273.479 546.958 67339.8
0 1223.32 1223.32 68247.7
3 195.865 195.865 67517.1
5 472.967 472.967 68060.5
2 1007.36 2014.71 69229.8
3 1383.67 1383.67 70341.3
7 579.001 579.001 69096.4
4 800.005 800.005 69398.3
1 632.402 1264.8 69784.4
9 927.896 927.896 70110
5 581.948 2327.79 69802.6
4 2586.57 5173.13 71497.6
8 3533.85 7067.69 73438
0 609.142 609.142 69948.6
6 1324.45 1324.45 70877.3
3 3141.34 3141.34 73197
2 1348.15 5392.59 71313.9
9 2752.45 2752.45 72963
4 3211.69 3211.69 73557.8
1 2237.93 4475.87 72522.9
5 1540.99 6163.95 72216.8
7 894.742 894.742 72030.6
0 922.449 922.449 72544.3
2 1977.21 7908.85 73728.5
1 2132.51 4265.02 74086.1
6 1173.74 1173.74 73118.8
5 2315.23 2315.23 74347
9 2444.34 2444.34 75551.1
39
7 862.999 862.999 66774.5
1 317.143 634.286 66294.2
2 129.403 517.611 66581.2
5 1080.63 4322.52 67829.4
0 586.558 586.558 66768.9
3 218.237 218.237 66724
4 674.053 1348.11 66882
9 1358.12 1358.12 67637.7
1 1525.86 3051.71 68039.5
3 1515.1 1515.1 68182.2
0 1253.72 1253.72 68841.2
2 839.683 1679.37 69062.2
3 1540.97 1540.97 70498.6
7 539.943 539.943 69057.4
4 698.579 698.579 69296.9
1 1295.43 2590.85 70447.4
9 865.808 865.808 70047.9
5 1240.96 4963.85 70461.6
4 2485.14 4970.28 71396.1
7 1772.77 1772.77 71435.6
2 1601.12 6404.5 71356.8
5 2522.12 10088.5 72889.1
0 728.631 728.631 71038
9 1842.87 1842.87 71997.4
8 1237.99 4951.96 72125.6
3 1812.06 1812.06 73165.5
1 2250.55 4501.1 73244
0 2275.42 2275.42 73778.1
2 3801.57 7603.15 74830.9
6 986.44 986.44 72482.3
7 2423.05 4846.11 74176
9 3043.87 3043.87 74675.3
4 2059.98 4119.95 73548.6
7 4698.67 4698.67 76593
2 1155.43 4621.73 72902.1
1 2881.84 5763.67 75637.7
6 1973.88 1973.88 74277.5
4 3401.49 6802.98 75618.2
8 1388.48 1388.48 74329.3
39
6 241.292 241.292 66267.9
2 160.277 320.555 65878.5
1 238.384 476.769 66569.1
7 858.32 858.32 66906.1
0 96.1445 96.1445 66411.4
4 376.525 753.051 67089.3
5 1154.09 4616.37 67472.5
8 903.794 3615.18 67438.9
7 1828.64 3657.29 68379.2
3 470.872 470.872 67371
2 835.329 3341.32 67980.6
4 1595.81 1595.81 68474.3
0 1298.59 1298.59 68513.9
5 1153.45 2306.91 69501.6
1 1233.9 2467.8 69108.3
9 520.432 520.432 69087.1
3 573.926 573.926 69434.9
2 1558.08 1558.08 70719.4
4 1494.24 1494.24 70856.2
7 1598.28 1598.28 71080.4
8 341.125 341.125 70136.3
0 310.719 310.719 70327.5
6 1314.73 1314.73 71727.6
9 794.754 794.754 71377.9
5 568.057 568.057 71216.5
3 201.026 201.026 70857.2
1 395.056 790.111 71291.9
4 1626.25 3252.51 72832
0 496.837 496.837 71836.1
3 1147.59 1147.59 72704.7
1 1509.32 1509.32 73857.8
4 2739.63 5479.26 74596.4
7 936.09 1872.18 73279.8
8 1078.66 1078.66 76146.6
3 2585.73 2585.73 75194.4
5 888.673 1777.35 73514.7
2 1010.22 2020.44 73453.2
0 1527.01 1527.01 74349.2
5 2301.19 4602.37 75017.7
29
7 862.711 862.711 66735.4
2 41.8641 83.7281 66748.9
8 1028.6 2057.21 67746.5
1 256.355 512.711 67376.5
6 630.235 630.235 67386.9
4 273.479 546.958 67339.8
0 1223.32 1223.32 68247.7
3 195.865 195.865 67517.1
2 664.711 664.711 68540.5
1 446.833 446.833 69656.4
8 1129.28 4517.14 70234.1
5 503.82 503.82 69759.3
4 853.073 1706.15 70757.2
0 609.142 609.142 69948.6
2 1223.71 1223.71 70776.6
3 699.526 699.526 70755.1
5 1877.67 7510.67 71843.4
9 325.681 325.681 70536.2
9 2250.33 2250.33 72596.4
1 2665.9 5331.79 72950.9
5 3116.81 12467.3 73792.6
0 1504.46 1504.46 72640.3
6 195.93 195.93 71199.9
3 2156.31 2156.31 73722.1
4 1691.65 3383.29 73281.6
2 1874.52 1874.52 73916.8
7 527.276 527.276 73154.1
8 98.1922 98.1922 72297.4
8 2366.76 9467.05 74889.5
35
6 241.292 241.292 66267.9
2 160.277 320.555 65878.5
1 238.384 476.769 66569.1
7 858.32 858.32 66906.1
0 96.1445 96.1445 66411.4
4 376.525 753.051 67089.3
5 1154.09 4616.37 67472.5
8 903.794 3615.18 67438.9
7 1828.64 3657.29 68379.2
3 470.872 470.872 67371
2 835.329 3341.32 67980.6
4 1595.81 1595.81 68474.3
0 1298.59 1298.59 68513.9
5 1153.45 2306.91 69501.6
1 1233.9 2467.8 69108.3
9 520.432 520.432 69087.1
3 573.926 573.926 69434.9
4 1577.73 1577.73 70739
1 1674.81 1674.81 71036.8
2 1113.08 4452.32 70466.6
8 1059.06 1059.06 70877.2
0 917.001 917.001 70779.4
7 887.823 1775.65 71356.4
6 1426.21 1426.21 71842.2
5 1868.49 3736.98 72306.1
4 2355.12 4710.23 72730.1
7 2708.51 5417.03 73402.4
3 567.17 567.17 71668
6 2422.18 2422.18 73426.2
9 643.599 643.599 72209.4
2 1098.49 2196.98 72688.4
0 1139.36 1139.36 73181.6
8 1302.62 1302.62 73929.5
4 1923.29 1923.29 74122.5
2 2401.88 9607.53 74924.6
38
1 849.189 849.189 66762.8
0 135.689 135.689 66130.9
4 1040.52 1040.52 67667
2 71.4152 71.4152 66751
5 1034.42 2068.84 68018.6
0 929.931 929.931 68201.3
2 1330.17 2660.33 68729.3
7 829.663 1659.33 67966.4
3 183.29 183.29 67770.8
1 2054.31 4108.62 70276.8
0 1200.63 1200.63 70158.3
7 801.869 801.869 69319.3
3 1230.97 1230.97 69829.3
4 1707.43 3414.87 70859.4
9 1181.64 1181.64 70363.7
5 1430.11 5720.45 70650.7
1 3439.7 6879.4 72350.7
2 1217.61 4870.46 70991.3
5 2894.76 11579 73162.7
8 887.106 1774.21 70891.5
7 1612.27 3224.53 71668.3
6 565.149 565.149 70947.6
7 4542.38 9084.76 75456.2
8 5408.94 10817.9 76239.7
4 2618.26 5236.52 73679.7
5 6175.01 12350 77437.4
3 600.715 600.715 71971.8
2 2797 11188 74026.5
8 1969.17 7876.67 73647.3
6 2730.63 2730.63 74353.3
9 894.577 894.577 72687.4
9 3875.01 3875.01 75596.2
1 3375.47 6750.95 75152.5
5 3239.65 12958.6 75288.6
0 381.66 381.66 72489.4
2 3451.7 13806.8 76405.7
3 1722.86 1722.86 74708.5
4 2340.21 4680.41 75444.1
36
7 862.999 862.999 66774.5
1 317.143 634.286 66294.2
2 129.403 517.611 66581.2
5 1080.63 4322.52 67829.4
0 586.558 586.558 66768.9
3 218.237 218.237 66724
4 674.053 1348.11 66882
9 1358.12 1358.12 67637.7
1 1525.86 3051.71 68039.5
3 1515.1 1515.1 68182.2
2 913.241 1826.48 69261.4
4 1094.67 2189.33 68969
0 570.224 570.224 69136.9
9 1078.14 1078.14 69939.1
5 1100.82 1100.82 70262.1
1 1059.49 1059.49 70421.5
2 1480.87 5923.48 70834.4
6 931.894 931.894 70750
3 191.855 191.855 70054.3
7 4181.97 8363.94 74650.6
7 678.332 678.332 71094.3
4 348.603 697.205 70786.2
8 932.724 1865.45 71307.7
4 5006.11 10012.2 75700
0 678.936 678.936 71779.7
5 2067.83 8271.33 73297.4
2 2295.74 9182.94 73973.8
9 635.113 635.113 72257.8
3 452.751 452.751 72245.6
1 688.648 688.648 72409.8
4 1876.99 3753.98 73654
8 2728.97 10915.9 74777.9
6 2183.35 2183.35 74291.1
5 2722.53 10890.1 75676.5
0 1501.76 1501.76 74487.4
1 1565.31 3130.62 74669.2
32
1 849.189 849.189 66762.8
0 135.689 135.689 66130.9
4 1040.52 1040.52 67667
2 71.4152 71.4152 66751
5 1034.42 2068.84 68018.6
0 929.931 929.931 68201.3
2 1330.17 2660.33 68729.3
7 829.663 1659.33 67966.4
1 1470.03 2940.07 69697.1
3 1053.7 1053.7 69736.7
5 1882.06 7528.25 70432.1
7 952.379 952.379 69610.3
9 309.414 309.414 69074.9
4 1071.2 1071.2 70246.6
9 1690.5 1690.5 71041.2
2 1217.61 4870.46 70991.3
5 2676.16 10704.7 72944.1
8 887.106 1774.21 70891.5
4 2078.04 4156.08 72134.1
6 565.149 565.149 70947.6
7 1767.5 3535 72681.4
1 1815.6 3631.21 72646.4
2 3250.62 6501.24 74312.1
8 2376.47 4752.93 73638.9
0 256.775 256.775 71627.8
3 832.155 832.155 71836.2
0 3028.99 3028.99 74594.8
4 2765.97 5531.95 74355.9
9 1839.08 1839.08 73881.3
6 568.404 568.404 73195.3
3 1029.37 1029.37 73228.6
5 2772.11 11088.5 75294.9
41
7 862.999 862.999 66774.5
1 317.143 634.286 66294.2
2 129.403 517.611 66581.2
5 1080.63 4322.52 67829.4
0 586.558 586.558 66768.9
3 218.237 218.237 66724
4 674.053 1348.11 66882
9 1358.12 1358.12 67637.7
1 1525.86 3051.71 68039.5
3 1515.1 1515.1 68182.2
0 1253.72 1253.72 68841.2
2 839.683 1679.37 69062.2
3 1540.97 1540.97 70498.6
7 539.943 539.943 69057.4
4 698.579 698.579 69296.9
1 1295.43 2590.85 70447.4
9 865.808 865.808 70047.9
5 1240.96 4963.85 70461.6
4 2485.14 4970.28 71396.1
2 1550.47 6201.88 71324.1
5 2705.61 10822.4 72973.5
8 887.106 1774.21 70891.5
4 3573.33 7146.66 73629.3
6 565.149 565.149 70947.6
7 1214.55 2429.11 72128.4
8 1888.23 3776.46 72719
1 4355.08 8710.15 75416.5
1 1333.81 2667.63 72596.2
0 483.946 483.946 71855
5 4502.09 9004.17 75707.9
9 650.78 650.78 71990.1
0 2705 2705 74262.1
3 1513.15 1513.15 73861.7
4 3570.98 7141.97 75427.8
2 1698.88 3397.76 74042.6
6 1270.1 1270.1 76338
9 3871.36 3871.36 76480
2 4179.27 8358.55 76805.3
8 3121.3 6242.6 75564.3
9 1680.96 1680.96 74503.2
4 4214.27 8428.55 76930.7
28
1 849.189 849.189 66762.8
0 135.689 135.689 66130.9
4 1040.52 1040.52 67667
2 71.4152 71.4152 66751
5 1034.42 2068.84 68018.6
0 929.931 929.931 68201.3
2 1330.17 2660.33 68729.3
7 829.663 1659.33 67966.4
3 479.232 479.232 68355.1
9 1058.19 1058.19 70267.7
8 1392.39 5569.58 70497.2
3 856.576 856.576 70112.1
5 494.771 1979.09 70268.5
2 973.323 3893.29 71241.3
7 153.547 307.094 70157.9
1 1811.42 3622.84 71867.4
4 342.419 342.419 70724.8
8 1957.01 3914.02 72870.9
4 1721.6 3443.2 72552.4
5 2527.78 5055.55 73589.2
7 1642.91 3285.81 72905.3
0 256.775 256.775 71627.8
6 272 272 71893.9
2 1394.56 5578.25 73145.9
1 2467.16 4934.32 74420.7
3 323.674 323.674 72268.7
0 2108.74 2108.74 74140.6
3 1873.97 1873.97 74980.8
37
1 849.189 849.189 66762.8
0 135.689 135.689 66130.9
4 1040.52 1040.52 67667
2 71.4152 71.4152 66751
5 1034.42 2068.84 68018.6
0 929.931 929.931 68201.3
1 2316.02 4632.05 69715.2
7 829.663 1659.33 67966.4
2 1429.15 2858.3 68802.3
9 1286.33 1286.33 69380.8
3 203.955 203.955 68187.3
3 1559.81 1559.81 69728.4
1 3344.87 6689.75 71761.8
5 1726.99 6907.98 70323.7
7 4052.36 8104.71 73348.3
0 1619.27 1619.27 70574.4
8 2049.16 8196.64 70998.5
7 1127.6 1127.6 70790.4
5 2862.65 11450.6 72618.3
2 1311.4 5245.58 71678.4
9 1340.1 1340.1 71649.4
3 1657 1657 71811.6
2 2867.16 11468.6 73754.8
0 1496.08 1496.08 72849.5
1 3031.34 6062.67 74024.8
4 727.947 727.947 72230.6
5 3517.84 7035.68 74547.1
6 986.44 986.44 72482.3
8 4139.88 8279.75 75892.9
3 2858 2858 74489.4
7 4010.7 8021.39 75499.4
6 3451.13 3451.13 75345.4
8 2368.36 9473.44 74115
1 3662.63 7325.25 76418.5
9 1808.59 1808.59 74112.2
5 4399.96 8799.92 76616.7
4 1493.49 1493.49 74434.3
40
6 241.292 241.292 66267.9
2 160.277 320.555 65878.5
1 238.384 476.769 66569.1
7 858.32 858.32 66906.1
0 96.1445 96.1445 66411.4
4 376.525 753.051 67089.3
5 1154.09 4616.37 67472.5
8 903.794 3615.18 67438.9
7 1828.64 3657.29 68379.2
3 470.872 470.872 67371
2 835.329 3341.32 67980.6
1 1526.02 1526.02 68404.5
0 1298.59 1298.59 68513.9
4 768.429 1536.86 68995.5
1 1969.86 1969.86 70652.9
5 1146.76 4587.03 69696.8
3 947.07 947.07 69605
9 309.414 309.414 69074.9
9 2177.5 2177.5 71352.9
0 3859.21 3859.21 73209.9
2 1113.08 4452.32 70466.6
8 1059.06 1059.06 70877.2
0 917.001 917.001 70779.4
7 887.823 1775.65 71356.4
3 1229.83 1229.83 71645.8
2 2833.47 5666.94 73271
4 1587.25 3174.51 71962.2
5 1952.16 3904.32 72646.1
9 2273.14 2273.14 73373.9
1 1865.25 3730.5 72894.5
3 2902.17 2902.17 74398
7 2931.37 5862.74 74684.4
0 3585.3 3585.3 75216.7
1 3113.2 6226.4 74601.9
1 5124.51 5124.51 77018.8
8 1861.97 7447.88 73608.6
2 3290.53 6581.07 76046.4
9 2865.53 2865.53 75169.1
8 2921.35 5842.71 75138.1
4 1225.06 1225.06 74165.9
31
7 862.711 862.711 66735.4
2 41.8641 83.7281 66748.9
8 1028.6 2057.21 67746.5
1 256.355 512.711 67376.5
6 630.235 630.235 67386.9
4 273.479 546.958 67339.8
0 1223.32 1223.32 68247.7
3 195.865 195.865 67517.1
2 664.711 664.711 68540.5
1 446.833 446.833 69656.4
8 1129.28 4517.14 70234.1
5 503.82 503.82 69759.3
9 838.883 838.883 70321
6 341.125 341.125 70136.3
3 593.55 593.55 70610.4
0 302.378 302.378 70715.2
2 708.425 708.425 71291.5
4 756.233 756.233 71404.7
9 1855.24 1855.24 72511.4
1 1756.41 3512.81 72653.3
5 534.88 2139.52 71764.4
8 1311.82 5247.29 72989.9
3 1955.79 1955.79 73578.5
4 1935.56 1935.56 73728.4
9 3178.52 3178.52 74899.7
7 1209.17 2418.33 72986.2
5 2128.97 8515.89 74177.9
6 264.985 264.985 72372.7
2 1033.54 4134.17 73987.6
0 540.443 540.443 73526.1
1 1797.15 3594.3 74901
32
7 862.711 862.711 66735.4
2 41.8641 83.7281 66748.9
8 1028.6 2057.21 67746.5
1 256.355 512.711 67376.5
6 630.235 630.235 67386.9
4 273.479 546.958 67339.8
0 1223.32 1223.32 68247.7
3 195.865 195.865 67517.1
2 664.711 664.711 68540.5
1 446.833 446.833 69656.4
8 1129.28 4517.14 70234.1
5 503.82 503.82 69759.3
3 1153.21 1153.21 70816
2 1079.51 4318.02 70835.2
5 1819.88 7279.53 72186.9
4 478.62 478.62 70788
9 1253.21 1253.21 71407.8
8 1519.75 6078.99 72407.4
0 1754.82 1754.82 73108.3
4 1733.44 3466.89 72726.9
1 200.391 200.391 71703.1
2 1734.7 3469.39 72764
6 1091.45 1091.45 72587.3
7 3132.2 6264.39 74885.2
9 2454.21 2454.21 74085.6
5 4156.38 8312.75 75645.1
3 1866.68 1866.68 73761
2 3103.94 12415.8 74850.6
8 3620.63 7241.26 76376.5
6 2078.89 2078.89 74382.5
4 3027.87 6055.73 75244.6
1 965.936 965.936 73906.8
36
7 862.711 862.711 66735.4
2 41.8641 83.7281 66748.9
8 1028.6 2057.21 67746.5
1 256.355 512.711 67376.5
6 630.235 630.235 67386.9
4 273.479 546.958 67339.8
0 1223.32 1223.32 68247.7
3 195.865 195.865 67517.1
5 472.967 472.967 68060.5
2 1007.36 2014.71 69229.8
3 1383.67 1383.67 70341.3
7 579.001 579.001 69096.4
4 800.005 800.005 69398.3
1 632.402 1264.8 69784.4
9 927.896 927.896 70110
5 581.948 2327.79 69802.6
2 2392.74 4785.49 71303.7
0 1336.11 1336.11 70818.2
6 341.125 341.125 70136.3
4 1195.16 1195.16 71212
8 572.533 572.533 70985.4
7 853.525 853.525 71436.6
3 2056.42 2056.42 72704.9
9 1407.82 1407.82 72064
1 1562.25 3124.5 72459.1
5 578.104 2312.41 71807.6
8 2063.09 8252.36 73741.2
0 1244.9 1244.9 72867.6
4 1512.5 1512.5 73305.4
9 2731.11 2731.11 74452.3
7 1707.67 3415.35 73484.7
2 1847.17 7388.68 73896.1
6 264.985 264.985 72372.7
5 1232.8 4931.19 74186.8
6 1620.34 1620.34 74606
1 1602.99 3205.98 74706.9
29
1 849.189 849.189 66762.8
0 135.689 135.689 66130.9
4 1040.52 1040.52 67667
2 71.4152 71.4152 66751
5 1034.42 2068.84 68018.6
0 929.931 929.931 68201.3
2 1330.17 2660.33 68729.3
7 829.663 1659.33 67966.4
1 1470.03 2940.07 69697.1
3 1053.7 1053.7 69736.7
5 1882.06 7528.25 70432.1
7 952.379 952.379 69610.3
9 309.414 309.414 69074.9
4 1071.2 1071.2 70246.6
9 1690.5 1690.5 71041.2
0 1268.84 1268.84 70750.9
6 921.172 921.172 70716.3
1 2056.13 2056.13 72073
2 1281.16 1281.16 71694
7 1367.41 1367.41 71950.5
0 2586.8 2586.8 73235.3
9 2236.97 2236.97 72893.1
4 1209.46 2418.91 72106.3
8 672.022 672.022 72293.9
5 769.095 3076.38 72520.4
4 2254.17 4508.34 74207.7
5 2631.61 2631.61 74576.6
9 2929.82 2929.82 74961.6
1 1072.82 1072.82 74179.6
34
7 862.711 862.711 66735.4
2 41.8641 83.7281 66748.9
8 1028.6 2057.21 67746.5
1 256.355 512.711 67376.5
6 630.235 630.235 67386.9
4 273.479 546.958 67339.8
0 1223.32 1223.32 68247.7
3 195.865 195.865 67517.1
5 472.967 472.967 68060.5
2 1007.36 2014.71 69229.8
3 1383.67 1383.67 70341.3
7 579.001 579.001 69096.4
4 800.005 800.005 69398.3
1 632.402 1264.8 69784.4
9 927.896 927.896 70110
2 2186.44 8745.77 71407.1
4 2586.57 5173.13 71497.6
5 1066.81 4267.23 70840.5
2 3651.09 14604.4 73919
8 174.303 348.607 70178.6
1 2313.22 4626.44 72369.2
0 301.706 301.706 70684.1
7 1253.61 2507.22 72167.5
5 2027.97 4055.94 72858.7
4 2235.02 4470.04 73296.5
8 1663.66 3327.33 72926.1
3 1992.46 1992.46 73363.5
6 195.93 195.93 71199.9
9 1511.15 1511.15 73076.9
1 3001.16 6002.32 74591.1
4 3682.12 3682.12 75724.4
0 527.276 527.276 73154.1
6 393.147 393.147 72592.4
8 2754.09 11016.4 75276.9
34
7 862.711 862.711 66735.4
2 41.8641 83.7281 66748.9
8 1028.6 2057.21 67746.5
1 256.355 512.711 67376.5
6 630.235 630.235 67386.9
4 273.479 546.958 67339.8
0 1223.32 1223.32 68247.7
3 195.865 195.865 67517.1
5 472.967 472.967 68060.5
2 1007.36 2014.71 69229.8
3 1383.67 1383.67 70341.3
7 579.001 579.001 69096.4
4 800.005 800.005 69398.3
1 632.402 1264.8 69784.4
9 927.896 927.896 70110
5 581.948 2327.79 69802.6
4 2586.57 5173.13 71497.6
2 4271.99 8543.98 74176.2
0 609.142 609.142 69948.6
6 1324.45 1324.45 70877.3
3 3141.34 3141.34 73197
2 1348.15 5392.59 71313.9
9 2752.45 2752.45 72963
0 2851.8 2851.8 73197.9
1 2237.93 4475.87 72522.9
5 1540.99 6163.95 72216.8
7 894.742 894.742 72030.6
8 195.93 195.93 71199.9
5 2736.59 2736.59 74302.4
4 1994.23 3988.46 73584.2
1 2908.59 2908.59 74950.9
6 1145.08 1145.08 73771.9
7 1997.69 1997.69 74196.9
8 1269.28 5077.13 73792
31
7 862.711 862.711 66735.4
2 41.8641 83.7281 66748.9
8 1028.6 2057.21 67746.5
1 256.355 512.711 67376.5
6 630.235 630.235 67386.9
4 273.479 546.958 67339.8
0 1223.32 1223.32 68247.7
3 195.865 195.865 67517.1
2 1080.91 2161.83 69429.1
5 440.456 880.913 68314.8
9 520.432 520.432 69087.1
4 498.967 498.967 69359.9
1 479.951 479.951 69641.3
3 305.426 305.426 69667.4
5 1321.16 5284.63 71094.8
8 1986.82 7947.27 72254.8
7 174.303 348.607 70178.6
2 991.07 1982.14 71047.1
0 301.706 301.706 70684.1
7 1638.44 3276.89 72552.3
5 2282.32 4564.64 73113.1
4 632.145 1264.29 71693.6
1 1071.69 2143.39 72334.1
9 256.775 256.775 71627.8
6 195.93 195.93 71199.9
3 273.675 273.675 71839.5
2 1679.01 3358.01 73268.9
9 1996.08 1996.08 74038.4
0 527.276 527.276 73154.1
6 393.147 393.147 72592.4
8 2082.77 8331.07 74605.5
35
7 862.711 862.711 66735.4
2 41.8641 83.7281 66748.9
8 1028.6 2057.21 67746.5
1 256.355 512.711 67376.5
6 630.235 630.235 67386.9
4 273.479 546.958 67339.8
0 1223.32 1223.32 68247.7
3 195.865 195.865 67517.1
2 427.987 855.975 68655.1
7 738.747 738.747 69421.8
5 519.48 2077.92 69069.6
1 952.616 952.616 69610.5
9 309.414 309.414 69074.9
3 743.108 743.108 69918.5
4 317.494 317.494 69668.2
9 1669.78 1669.78 71332.6
2 1194.06 4776.24 70949.7
5 1130.09 4520.38 71497.1
9 3291.94 3291.94 73601.3
3 1805.15 1805.15 71959.7
8 488.911 1955.64 71376.6
7 735.213 735.213 72088.7
4 1244.94 2489.87 72238.4
1 154.578 154.578 71657.3
5 3302.83 13211.3 74532.4
8 2454.27 9817.08 74132.4
0 1737.34 1737.34 73360
9 4132.14 4132.14 75925
3 2888.17 2888.17 74609.3
7 2359.7 4719.41 74136.8
2 1493.16 5972.63 73542.1
6 264.985 264.985 72372.7
2 3535.01 14140.1 76489
1 904.888 904.888 73890.5
4 1820.8 3641.59 74924.7
32
1 849.189 849.189 66762.8
0 135.689 135.689 66130.9
4 1040.52 1040.52 67667
2 71.4152 71.4152 66751
5 1034.42 2068.84 68018.6
0 929.931 929.931 68201.3
2 1330.17 2660.33 68729.3
7 829.663 1659.33 67966.4
3 479.232 479.232 68355.1
9 1058.19 1058.19 70267.7
8 1392.39 5569.58 70497.2
5 1121.72 1121.72 70377.2
3 1015.9 1015.9 70498
4 172.644 172.644 69967.8
0 796.717 796.717 70813.5
7 476.732 476.732 70889.6
2 582.659 582.659 71165.8
9 2198.58 2198.58 72847
3 2032.25 2032.25 72688.4
5 1340.09 2680.18 72236.9
1 2993.35 5986.7 74199.1
3 3351.46 3351.46 74690.8
9 3697.05 3697.05 75254.2
0 1671.13 1671.13 74019.6
2 1566 3132 73422.8
4 1058.67 2117.34 73402.4
6 883.123 883.123 75951.1
5 3561.68 3561.68 76170.3
5 1574.97 3149.95 74201
7 1313.52 2627.03 73756.5
1 3207.35 3207.35 76029.6
2 2209.29 4418.58 74925.8
35
6 241.292 241.292 66267.9
2 160.277 320.555 65878.5
1 238.384 476.769 66569.1
7 858.32 858.32 66906.1
0 96.1445 96.1445 66411.4
4 376.525 753.051 67089.3
5 1154.09 4616.37 67472.5
8 903.794 3615.18 67438.9
7 1828.64 3657.29 68379.2
3 470.872 470.872 67371
2 835.329 3341.32 67980.6
1 1526.02 1526.02 68404.5
0 1298.59 1298.59 68513.9
4 768.429 1536.86 68995.5
1 1969.86 1969.86 70652.9
5 1146.76 4587.03 69696.8
3 947.07 947.07 69605
9 309.414 309.414 69074.9
2 860.946 860.946 70036.4
9 1690.5 1690.5 71041.2
4 1096.46 1096.46 70759.3
5 2235.81 8943.23 71991.5
8 1544.29 6177.14 71911.3
0 437.823 437.823 70747.2
0 2542.16 2542.16 72696.7
2 2099.53 8398.1 72987.2
1 2153.05 2153.05 73506.5
4 1704.76 3409.52 72698.2
3 149.032 149.032 71651.7
7 340.423 340.423 71962.3
5 2654.81 10619.2 74406.1
8 3240.59 6481.18 75194.2
9 1029.55 1029.55 72974.6
0 2805.88 2805.88 74837.7
4 2371.06 2371.06 75477.9
37
6 241.292 241.292 66267.9
2 160.277 320.555 65878.5
1 238.384 476.769 66569.1
7 858.32 858.32 66906.1
0 96.1445 96.1445 66411.4
4 376.525 753.051 67089.3
5 1154.09 4616.37 67472.5
8 903.794 3615.18 67438.9
7 1828.64 3657.29 68379.2
3 470.872 470.872 67371
2 835.329 3341.32 67980.6
1 1526.02 1526.02 68404.5
0 1298.59 1298.59 68513.9
9 781.305 781.305 68657.1
4 332.721 332.721 69542.3
8 821.76 3287.04 69926.6
3 358.906 358.906 69614.4
1 505.431 505.431 70168.2
2 327.903 1311.61 70083.6
5 696.72 2786.88 71063.7
9 352.615 352.615 70662
0 337.71 337.71 70492.3
8 1212.22 4848.9 72099.9
3 536.122 536.122 71889.6
2 3264.95 6529.9 74258.4
4 104.151 104.151 71606.8
1 3277.98 6555.96 74307.3
7 1091.45 1091.45 72587.3
1 1155.72 2311.43 72908.7
0 1538.71 1538.71 73170.1
2 747.413 1494.83 72236.1
9 1712.56 1712.56 73606.9
5 2433.63 9734.51 74180.3
8 3765.35 7530.71 76521.2
7 2078.89 2078.89 74382.5
5 3493.01 6986.02 75709.8
4 869.696 869.696 73810.5
37
7 240.539 240.539 65976.2
2 163.906 327.812 66296.8
1 136.788 273.577 66901
5 1500.39 6001.55 68146.9
0 793.929 793.929 67780.9
2 1934.89 7739.54 68498.8
6 455.495 455.495 67356
4 935.83 1871.66 68020.3
3 2653.48 2653.48 69543.2
8 1629.12 3258.23 68631
1 1637.54 3275.08 69116
9 1656.91 1656.91 69134.4
7 1347.08 2694.16 68846.7
4 2313.99 2313.99 70189.8
9 2814.61 2814.61 72024.1
5 1660.69 6642.76 70765.5
4 2691.33 2691.33 71946.9
2 718.271 2873.08 70071.8
0 1022.21 1022.21 70840.3
0 3459.57 3459.57 73322
2 1724.76 3449.53 72193.4
7 471.512 471.512 70887.5
1 1482.93 2965.86 71920.5
8 191.355 382.711 70566.3
5 2199.43 4398.86 72893.3
7 2798.73 2798.73 73899.5
4 2316.14 4632.27 73345.4
3 1091.45 1091.45 72587.3
1 1945.37 3890.75 73698.4
3 3823.58 3823.58 75455
2 3127.84 6255.67 74616.5
0 3844.63 3844.63 75738.9
8 2651.56 10606.3 74398.2
1 3198.01 6396.02 75953.9
7 3391.12 3391.12 75694.7
4 3198.26 6396.51 75415
6 1054.83 1054.83 73995.7
33
6 241.292 241.292 66267.9
2 160.277 320.555 65878.5
1 238.384 476.769 66569.1
7 858.32 858.32 66906.1
0 96.1445 96.1445 66411.4
4 376.525 753.051 67089.3
5 1154.09 4616.37 67472.5
8 903.794 3615.18 67438.9
7 1828.64 3657.29 68379.2
3 470.872 470.872 67371
2 835.329 3341.32 67980.6
1 1526.02 1526.02 68404.5
0 1298.59 1298.59 68513.9
9 781.305 781.305 68657.1
4 332.721 332.721 69542.3
8 821.76 3287.04 69926.6
3 358.906 358.906 69614.4
5 610.76 2443.04 69964.2
7 1321.41 1321.41 71139.5
1 362.927 362.927 70225.4
2 1142.6 2285.19 71611.2
5 2291.65 2291.65 72707.6
1 2098.65 4197.3 72536.2
8 1133.54 2267.08 71508.5
4 894.327 1788.65 71588.2
3 534.649 534.649 71635.4
6 1221.48 1221.48 72225.5
0 598.792 598.792 72164.6
7 1610.74 3221.48 73200.7
9 470.112 470.112 72512.4
8 1129.35 1129.35 73756.2
4 781.463 781.463 72980.7
2 913.974 3655.9 73436.7
42
6 241.292 241.292 66267.9
2 160.277 320.555 65878.5
1 238.384 476.769 66569.1
7 858.32 858.32 66906.1
0 96.1445 96.1445 66411.4
4 376.525 753.051 67089.3
5 1154.09 4616.37 67472.5
8 903.794 3615.18 67438.9
7 1828.64 3657.29 68379.2
3 470.872 470.872 67371
2 835.329 3341.32 67980.6
1 1526.02 1526.02 68404.5
0 1298.59 1298.59 68513.9
4 768.429 1536.86 68995.5
1 1969.86 1969.86 70652.9
5 1146.76 4587.03 69696.8
3 947.07 947.07 69605
9 309.414 309.414 69074.9
4 1720.94 1720.94 70896.4
9 1690.5 1690.5 71041.2
2 1062.76 4251.05 70836.4
5 1940.86 7763.44 72208.8
8 174.303 348.607 70178.6
4 2727.78 5455.55 72783.8
7 340.901 340.901 70723.3
7 2183.1 4366.2 73097
2 2023.93 4047.85 72854.7
5 3967.64 7935.29 75029.1
8 1663.66 3327.33 72926.1
0 223.156 223.156 71594.2
4 4075.48 8150.97 75281.3
9 2163.91 2163.91 73503.2
0 2444.21 2444.21 74001.4
0 3758.23 3758.23 76106.7
8 3092.58 6185.16 74949.4
1 1027.62 2055.23 73371.3
6 396.776 396.776 75464.7
9 2885.68 2885.68 75494.3
1 3508.01 7016.02 76134.1
2 3519.08 7038.16 75962.1
5 4037.32 4037.32 76859.6
8 3735.87 7471.74 76452.3
43
7 240.539 240.539 65976.2
2 163.906 327.812 66296.8
1 136.788 273.577 66901
5 1500.39 6001.55 68146.9
0 793.929 793.929 67780.9
2 1934.89 7739.54 68498.8
6 455.495 455.495 67356
4 935.83 1871.66 68020.3
3 2653.48 2653.48 69543.2
8 1629.12 3258.23 68631
4 2756.79 5513.59 70235.3
9 1656.91 1656.91 69134.4
7 1347.08 2694.16 68846.7
1 2006.83 4013.66 69380
4 4343.72 4343.72 72438.2
9 5440.6 5440.6 73423.9
9 3718.74 3718.74 71887.3
2 5230.9 10461.8 73647.8
5 1931.77 7727.07 70528.4
1 2610.54 5221.07 71906.5
3 6013.39 6013.39 74968.5
2 1622.91 6491.63 70572.2
8 2313.64 9254.56 72087.3
5 2772.48 11089.9 73040.4
8 4170.8 8341.59 74175.1
7 1139.66 2279.32 71195.7
0 342.419 342.419 70724.8
7 4069.77 8139.54 74983.6
4 4357.4 8714.81 75188.2
1 3630.45 7260.9 74691.9
8 5660.16 11320.3 76922.6
9 4294.17 4294.17 75665.2
5 4128.05 8256.1 75157.3
3 1091.45 1091.45 72587.3
2 5217.94 10435.9 76970.9
3 5829.38 5829.38 77460.8
1 5355.73 10711.5 76844.4
0 5297.51 5297.51 77191.8
2 3446.42 13785.7 75193.1
5 4656.99 9313.97 77412.8
0 1946.29 1946.29 74249.9
1 6697.24 13394.5 78914
6 1054.83 1054.83 73995.7
38
7 240.539 240.539 65976.2
2 163.906 327.812 66296.8
1 136.788 273.577 66901
5 1500.39 6001.55 68146.9
0 793.929 793.929 67780.9
2 1934.89 7739.54 68498.8
6 455.495 455.495 67356
4 935.83 1871.66 68020.3
3 2653.48 2653.48 69543.2
8 1629.12 3258.23 68631
4 2756.79 5513.59 70235.3
9 1656.91 1656.91 69134.4
7 1347.08 2694.16 68846.7
1 2006.83 4013.66 69380
4 4343.72 4343.72 72438.2
2 7201.11 7201.11 75184.4
5 8295.61 8295.61 76464.2
2 5230.9 10461.8 73647.8
5 1931.77 7727.07 70528.4
1 2610.54 5221.07 71906.5
1 5324.48 5324.48 74279.6
2 1622.91 6491.63 70572.2
7 1794.85 3589.71 71699
0 355.843 355.843 69695.3
9 1943.2 1943.2 71496.1
4 4591.78 4591.78 74647.4
8 2495.98 9983.93 72461.7
2 6846.96 6846.96 77057.5
0 6471.45 6471.45 76817.6
5 4638.07 9276.13 74923.1
5 2266.87 9067.48 72942.7
0 1251.16 1251.16 72387
3 340.423 340.423 71962.3
8 3125.05 12500.2 74876.4
1 4427.46 8854.92 76381
0 2820.33 2820.33 74765.3
8 5570.68 5570.68 77602.5
4 4320.2 4320.2 77427
39
7 240.539 240.539 65976.2
2 163.906 327.812 66296.8
1 136.788 273.577 66901
5 1500.39 6001.55 68146.9
0 793.929 793.929 67780.9
2 1934.89 7739.54 68498.8
6 455.495 455.495 67356
4 935.83 1871.66 68020.3
3 2653.48 2653.48 69543.2
8 1629.12 3258.23 68631
1 1637.54 3275.08 69116
9 1656.91 1656.91 69134.4
7 1347.08 2694.16 68846.7
2 2864.92 5729.84 71213.1
4 2685.07 5370.14 70559.4
5 2612.6 2612.6 71179.2
9 3152.69 3152.69 72013.6
0 1256.16 1256.16 70417.5
4 3125.98 3125.98 72488
8 2375.6 9502.4 71729.1
3 2503.18 2503.18 72321.3
9 3972.07 3972.07 73834.5
1 4311.39 8622.77 74780
7 471.512 471.512 70887.5
1 1482.93 2965.86 71920.5
7 4222.27 8444.54 74597.2
7 2321.4 4642.79 73015.3
0 1763.86 1763.86 72864.7
2 2453.45 9813.8 73683
5 2479.51 9918.06 74157.6
3 2747.99 2747.99 74370.7
9 4232.96 4232.96 76025.8
0 3990.12 3990.12 75711.3
4 3554.81 7109.62 75331.9
8 2577.79 10311.2 74626.7
6 1126.62 1126.62 73234.4
2 3108.14 12432.6 76062.2
6 2481.98 2481.98 75467.6
5 3994.2 7988.4 77098.1
38
7 240.539 240.539 65976.2
2 163.906 327.812 66296.8
1 136.788 273.577 66901
5 1500.39 6001.55 68146.9
0 793.929 793.929 67780.9
2 1934.89 7739.54 68498.8
6 455.495 455.495 67356
4 935.83 1871.66 68020.3
3 2653.48 2653.48 69543.2
8 1629.12 3258.23 68631
4 2756.79 5513.59 70235.3
9 1656.91 1656.91 69134.4
7 1347.08 2694.16 68846.7
1 2006.83 4013.66 69380
4 4343.72 4343.72 72438.2
0 5589.15 5589.15 73572.5
0 6945.01 6945.01 75113.6
5 4158.17 8316.34 72575.1
5 1931.77 7727.07 70528.4
1 2610.54 5221.07 71906.5
1 5324.48 5324.48 74279.6
2 1622.91 6491.63 70572.2
8 2375.6 9502.4 71729.1
0 1022.21 1022.21 70840.3
2 5813.2 5813.2 75675.6
7 1151.3 2302.61 71619.9
9 1496.09 1496.09 71912.1
2 3474.97 6949.95 73912.5
7 3236.01 6472.01 73611
8 3797.82 7595.63 74491.7
9 4489.12 4489.12 75589.9
3 195.93 195.93 71199.9
1 5170.79 5170.79 76736.6
4 3070.08 6140.17 74660
4 5019.96 5019.96 77062.2
3 820.782 820.782 73447.6
6 996.031 996.031 73195.2
5 2825.25 11301 75348
39
7 240.539 240.539 65976.2
2 163.906 327.812 66296.8
1 136.788 273.577 66901
5 1500.39 6001.55 68146.9
0 793.929 793.929 67780.9
2 1934.89 7739.54 68498.8
6 455.495 455.495 67356
4 935.83 1871.66 68020.3
3 2653.48 2653.48 69543.2
8 1629.12 3258.23 68631
1 1637.54 3275.08 69116
9 1656.91 1656.91 69134.4
7 1347.08 2694.16 68846.7
1 3482.17 6964.34 71830.3
4 2685.07 5370.14 70559.4
5 2612.6 2612.6 71179.2
9 3152.69 3152.69 72013.6
0 1256.16 1256.16 70417.5
9 5033.58 5033.58 74395.6
3 3006 3006 72668.8
2 1531.4 6125.61 71287.1
8 1764.31 7057.22 72131.3
7 4027.41 4027.41 74336.8
7 1956.54 1956.54 72111.1
5 3242.4 12969.6 74130
0 1730.9 1730.9 73084.3
4 1829.02 3658.04 72822.5
6 2315.72 2315.72 73818.4
8 3937.04 15748.2 75166.6
2 3018.32 12073.3 74696.4
0 4311.58 4311.58 75934.3
7 4867.61 4867.61 76660.5
3 3856.39 3856.39 75577.6
1 2009.68 4019.36 73786.7
2 4773.38 19093.5 76822.3
6 3432.15 3432.15 75539.9
8 4591.74 18366.9 77545.8
1 2806.61 2806.61 75792.2
4 2404.88 4809.77 75508.8
42
6 241.292 241.292 66267.9
2 160.277 320.555 65878.5
1 238.384 476.769 66569.1
7 858.32 858.32 66906.1
0 96.1445 96.1445 66411.4
4 376.525 753.051 67089.3
5 1154.09 4616.37 67472.5
8 903.794 3615.18 67438.9
7 1828.64 3657.29 68379.2
3 470.872 470.872 67371
2 835.329 3341.32 67980.6
4 1595.81 1595.81 68474.3
0 1298.59 1298.59 68513.9
9 525.122 525.122 68112.6
1 1306.71 2613.43 69529.2
3 729.697 729.697 69687.3
8 1061.52 1061.52 69578.9
0 1328.23 1328.23 69926.6
4 1730.18 3460.36 70882.2
5 651.927 651.927 69834
2 949.079 3796.32 70169.7
1 2692.1 5384.2 71603.1
9 1084.63 1084.63 70566.7
7 622.049 622.049 70417.2
0 1723.38 1723.38 71740.2
6 1314.73 1314.73 71727.6
3 1733.79 1733.79 72316.9
9 2402.58 2402.58 73051
4 2416.41 2416.41 73072.6
5 1093.03 2186.07 71989.9
2 1035.98 2071.97 72241.8
0 1909.5 1909.5 73248.8
9 3902.49 3902.49 75459.6
1 1851.16 1851.16 74199.7
2 2149.36 4298.72 74006.2
8 1296.83 2593.66 73640.5
7 1078.66 1078.66 76146.6
8 3819.82 3819.82 76428.5
4 2410.59 4821.19 75036.6
5 1879.88 3759.76 74322.9
0 2939.67 2939.67 75761.9
2 2792.65 5585.3 75509.1
39
6 241.292 241.292 66267.9
2 160.277 320.555 65878.5
1 238.384 476.769 66569.1
7 858.32 858.32 66906.1
0 96.1445 96.1445 66411.4
4 376.525 753.051 67089.3
5 1154.09 4616.37 67472.5
8 903.794 3615.18 67438.9
7 1828.64 3657.29 68379.2
3 470.872 470.872 67371
2 835.329 3341.32 67980.6
1 1526.02 1526.02 68404.5
0 1298.59 1298.59 68513.9
4 768.429 1536.86 68995.5
1 1969.86 1969.86 70652.9
5 1146.76 4587.03 69696.8
3 947.07 947.07 69605
9 309.414 309.414 69074.9
2 860.946 860.946 70036.4
9 1690.5 1690.5 71041.2
7 1501.73 1501.73 70983.8
8 341.125 341.125 70136.3
0 310.719 310.719 70327.5
6 1314.73 1314.73 71727.6
4 703.215 703.215 71286.3
2 1171.83 1171.83 71820.3
0 1709.29 1709.29 72365.4
5 659.677 1319.35 71556.5
1 1865.25 3730.5 72894.5
3 982.237 982.237 72478.1
2 2807.77 5615.54 74560.7
9 1416.59 1416.59 73048
7 1517.01 3034.03 73005.7
0 2888.08 2888.08 74782.4
5 1896.49 7585.95 73643.1
7 2505.34 5010.69 75261.2
4 1933.3 1933.3 74236.9
1 2747.37 5494.74 74964.1
8 506.098 506.098 73446.9
28
7 862.711 862.711 66735.4
2 41.8641 83.7281 66748.9
8 1028.6 2057.21 67746.5
1 256.355 512.711 67376.5
6 630.235 630.235 67386.9
4 273.479 546.958 67339.8
0 1223.32 1223.32 68247.7
3 195.865 195.865 67517.1
2 664.711 664.711 68540.5
1 446.833 446.833 69656.4
8 1129.28 4517.14 70234.1
5 503.82 503.82 69759.3
4 853.073 1706.15 70757.2
0 609.142 609.142 69948.6
2 1223.71 1223.71 70776.6
3 699.526 699.526 70755.1
5 1877.67 7510.67 71843.4
9 325.681 325.681 70536.2
9 2250.33 2250.33 72596.4
1 2665.9 5331.79 72950.9
5 3116.81 12467.3 73792.6
0 1504.46 1504.46 72640.3
6 340.423 340.423 71962.3
8 1646.15 6584.61 73397.5
1 2560.47 5120.94 74514
4 1053.68 1053.68 72998.7
3 1236.07 1236.07 73267.9
9 2201.72 2201.72 75308.5
32
1 849.189 849.189 66762.8
0 135.689 135.689 66130.9
4 1040.52 1040.52 67667
2 71.4152 71.4152 66751
5 1034.42 2068.84 68018.6
0 929.931 929.931 68201.3
2 1330.17 2660.33 68729.3
7 829.663 1659.33 67966.4
3 479.232 479.232 68355.1
9 1058.19 1058.19 70267.7
8 1392.39 5569.58 70497.2
5 1121.72 1121.72 70377.2
3 1015.9 1015.9 70498
4 172.644 172.644 69967.8
0 796.717 796.717 70813.5
7 476.732 476.732 70889.6
2 582.659 582.659 71165.8
9 2198.58 2198.58 72847
3 2032.25 2032.25 72688.4
5 1340.09 2680.18 72236.9
1 2993.35 5986.7 74199.1
3 3351.46 3351.46 74690.8
9 3697.05 3697.05 75254.2
0 1671.13 1671.13 74019.6
2 1566 3132 73422.8
4 1058.67 2117.34 73402.4
6 883.123 883.123 75951.1
5 3561.68 3561.68 76170.3
5 1574.97 3149.95 74201
7 1313.52 2627.03 73756.5
1 3207.35 3207.35 76029.6
2 2209.29 4418.58 74925.8
38
7 240.539 240.539 65976.2
2 163.906 327.812 66296.8
1 136.788 273.577 66901
5 1500.39 6001.55 68146.9
0 793.929 793.929 67780.9
2 1934.89 7739.54 68498.8
6 455.495 455.495 67356
4 935.83 1871.66 68020.3
3 2653.48 2653.48 69543.2
8 1629.12 3258.23 68631
4 2756.79 5513.59 70235.3
9 1656.91 1656.91 69134.4
7 1347.08 2694.16 68846.7
9 4263.65 4263.65 71851.2
1 1638.63 3277.25 69861.1
2 5153.69 5153.69 74111.3
0 616.286 616.286 69133.7
0 3422.96 3422.96 72021.3
7 2887.09 5774.18 72039.1
4 3463.36 3463.36 72645.4
5 1787.75 7150.99 71008.4
1 3024.01 6048.03 71935
9 4446.07 4446.07 74108.9
2 1531.4 6125.61 71287.1
8 1764.31 7057.22 72131.3
0 3937.6 3937.6 74246.9
4 4440.42 4440.42 74595
5 3071.53 12286.1 73959.2
7 5021.92 5021.92 76375.4
1 3204.59 6409.18 74198.1
3 727.947 727.947 72230.6
6 906.898 906.898 71910.9
9 5510.07 5510.07 77075.8
7 2510.29 5020.57 74100.2
4 4526.3 4526.3 76568.6
6 1531.75 1531.75 74158.6
3 1423.86 1423.86 73623.1
8 1434.09 5736.37 73956.9
41
7 240.539 240.539 65976.2
2 163.906 327.812 66296.8
1 136.788 273.577 66901
5 1500.39 6001.55 68146.9
0 793.929 793.929 67780.9
2 1934.89 7739.54 68498.8
6 455.495 455.495 67356
4 935.83 1871.66 68020.3
3 2653.48 2653.48 69543.2
8 1629.12 3258.23 68631
1 1637.54 3275.08 69116
9 1656.91 1656.91 69134.4
7 1347.08 2694.16 68846.7
2 2864.92 5729.84 71213.1
4 2685.07 5370.14 70559.4
5 2612.6 2612.6 71179.2
9 3152.69 3152.69 72013.6
0 1256.16 1256.16 70417.5
9 5033.58 5033.58 74395.6
8 2313.64 9254.56 72087.3
5 3423.26 13693.1 73691.2
7 930.16 1860.32 70934.5
4 2736.63 5473.27 72792.7
6 1025.96 1025.96 71408.4
1 1990.12 3980.25 72904
2 3132.3 6264.6 73963.1
8 4346.65 8693.29 75408.1
7 2419.52 4839.04 73681.9
9 5625.41 5625.41 76996.4
4 4084.34 8168.68 75290.1
0 4922.56 4922.56 76261.9
8 5610.99 5610.99 77168.1
4 5538.16 5538.16 77886.7
7 3848.44 7696.87 75705.3
2 4373.65 8747.29 76717.4
3 1078.66 1078.66 76146.6
6 3832.25 3832.25 76440.9
5 3827.88 7655.77 76453.9
1 4781.99 9563.98 77225
3 5282.57 5282.57 78104.8
7 4491.73 8983.45 77208.2
32
1 849.189 849.189 66762.8
0 135.689 135.689 66130.9
4 1040.52 1040.52 67667
2 71.4152 71.4152 66751
5 1034.42 2068.84 68018.6
0 929.931 929.931 68201.3
2 1330.17 2660.33 68729.3
7 829.663 1659.33 67966.4
3 479.232 479.232 68355.1
9 1058.19 1058.19 70267.7
8 1392.39 5569.58 70497.2
3 856.576 856.576 70112.1
5 213.384 213.384 69876.2
2 1268.27 5073.08 71023.9
2 3533.02 14132.1 73900.1
0 176.507 176.507 70485.8
3 1998.73 1998.73 72153.3
5 1769.29 7077.16 72656.9
9 1581.16 1581.16 72934.6
4 4653.54 9307.08 75647
1 727.947 727.947 72230.6
8 4730.32 18921.3 75959.9
8 1574.93 6299.73 73253
0 1575.47 1575.47 73198.2
9 4160.08 4160.08 75952.9
3 3081.75 3081.75 74802.9
4 1209.17 2418.33 72986.2
2 4857.79 19431.1 76906.7
7 264.985 264.985 72372.7
5 3180.92 12723.7 76134.9
6 971.687 971.687 73957.3
1 4794.56 9589.12 77898.5
39
7 240.539 240.539 65976.2
2 163.906 327.812 66296.8
1 136.788 273.577 66901
5 1500.39 6001.55 68146.9
0 793.929 793.929 67780.9
2 1934.89 7739.54 68498.8
6 455.495 455.495 67356
4 935.83 1871.66 68020.3
3 2653.48 2653.48 69543.2
8 1629.12 3258.23 68631
1 1637.54 3275.08 69116
9 1656.91 1656.91 69134.4
7 1347.08 2694.16 68846.7
4 2161.49 4322.98 70388.6
9 3102.18 3102.18 71785.2
5 2275.75 9103 70825.8
0 766.796 766.796 69424.7
2 2504.73 2504.73 71270.2
0 2828.9 2828.9 72004.3
1 2704.11 2704.11 72054.8
4 3049.43 3049.43 72531.5
8 720.154 720.154 70515.3
0 4363.31 4363.31 74380.1
7 613.479 613.479 71026.3
3 2078.88 2078.88 72662
3 5439.68 5439.68 76088.1
1 5105.44 5105.44 75761.6
5 1788.67 3577.34 72685.5
2 2169.7 4339.41 73199
6 1694.4 1694.4 73190.2
1 2586.31 5172.62 74339.3
6 4427.8 4427.8 76059.2
2 3417.66 6835.31 74906.3
0 5216.09 5216.09 77110.4
5 3025.48 12101.9 74772.1
8 2126.85 4253.7 74882.7
4 2023.14 2023.14 74326.7
5 4084.86 8169.72 76301.6
7 506.098 506.098 73446.9
34
7 862.711 862.711 66735.4
2 41.8641 83.7281 66748.9
8 1028.6 2057.21 67746.5
1 256.355 512.711 67376.5
6 630.235 630.235 67386.9
4 273.479 546.958 67339.8
0 1223.32 1223.32 68247.7
3 195.865 195.865 67517.1
2 664.711 664.711 68540.5
1 446.833 446.833 69656.4
8 1129.28 4517.14 70234.1
5 503.82 503.82 69759.3
4 853.073 1706.15 70757.2
0 609.142 609.142 69948.6
2 1223.71 1223.71 70776.6
3 699.526 699.526 70755.1
5 1877.67 7510.67 71843.4
9 325.681 325.681 70536.2
9 2250.33 2250.33 72596.4
1 2665.9 5331.79 72950.9
5 3116.81 12467.3 73792.6
0 1504.46 1504.46 72640.3
1 3278.67 6557.34 74484.4
2 2116.83 2116.83 73456.1
3 1605.15 1605.15 73162.3
9 2813.85 2813.85 75162.4
4 1157.48 2314.96 73014.3
7 1058.67 2117.34 73402.4
6 1078.66 1078.66 76146.6
2 2838.61 2838.61 75447.3
4 2352.34 4704.68 74978.4
8 1217.76 2435.52 73660.8
3 2298.29 2298.29 75120.5
7 2733.85 5467.7 75450.3
43
7 240.539 240.539 65976.2
2 163.906 327.812 66296.8
1 136.788 273.577 66901
5 1500.39 6001.55 68146.9
0 793.929 793.929 67780.9
2 1934.89 7739.54 68498.8
6 455.495 455.495 67356
4 935.83 1871.66 68020.3
3 2653.48 2653.48 69543.2
8 1629.12 3258.23 68631
4 2756.79 5513.59 70235.3
9 1656.91 1656.91 69134.4
7 1347.08 2694.16 68846.7
9 4263.65 4263.65 71851.2
1 1638.63 3277.25 69861.1
7 4994.67 4994.67 73952.3
0 616.286 616.286 69133.7
0 3422.96 3422.96 72021.3
2 2290.5 4581 71442.5
9 4865.18 4865.18 74047.2
5 1787.75 7150.99 71008.4
1 3024.01 6048.03 71935
7 1794.85 3589.71 71699
3 2687.71 2687.71 72027.2
3 4338.05 4338.05 73890.9
0 4150.31 4150.31 74205.9
8 2495.98 9983.93 72461.7
9 6689.75 6689.75 76900.3
4 4447.22 4447.22 74793.3
4 2448.1 4896.2 72733.1
5 2746.79 10987.2 73422.6
0 5485.53 5485.53 76621.4
2 2919.76 11679 74149.3
8 4192.96 16771.8 75871.1
8 6297.76 6297.76 77920.4
5 6773.73 6773.73 78566.6
1 6520.73 6520.73 78241.9
1 2959.79 5919.58 74736.8
5 3507.91 14031.6 75556.9
6 886.145 886.145 72993.9
2 3574.45 14297.8 76528.5
6 2241.5 2241.5 75227.1
4 3937.22 7874.44 77041.1
33
1 849.189 849.189 66762.8
0 135.689 135.689 66130.9
4 1040.52 1040.52 67667
2 71.4152 71.4152 66751
5 1034.42 2068.84 68018.6
0 929.931 929.931 68201.3
2 1330.17 2660.33 68729.3
7 829.663 1659.33 67966.4
3 183.29 183.29 67770.8
1 2054.31 4108.62 70276.8
0 1200.63 1200.63 70158.3
7 801.869 801.869 69319.3
3 1230.97 1230.97 69829.3
4 1707.43 3414.87 70859.4
9 1181.64 1181.64 70363.7
5 1430.11 5720.45 70650.7
1 3439.7 6879.4 72350.7
2 1217.61 4870.46 70991.3
5 2894.76 11579 73162.7
8 887.106 1774.21 70891.5
7 1612.27 3224.53 71668.3
6 565.149 565.149 70947.6
7 4542.38 9084.76 75456.2
5 4924.35 9848.7 75755.1
4 2618.26 5236.52 73679.7
8 2376.47 4752.93 73638.9
3 600.715 600.715 71971.8
0 1127.72 1127.72 72749.6
2 1876.19 7504.74 73627.5
1 1960.27 3920.54 73913.8
9 305.255 305.255 72250.3
9 2293.84 2293.84 74325.7
3 1644.56 1644.56 74751.4
33
1 849.189 849.189 66762.8
0 135.689 135.689 66130.9
4 1040.52 1040.52 67667
2 71.4152 71.4152 66751
5 1034.42 2068.84 68018.6
0 929.931 929.931 68201.3
2 1330.17 2660.33 68729.3
7 829.663 1659.33 67966.4
3 479.232 479.232 68355.1
9 1058.19 1058.19 70267.7
8 1392.39 5569.58 70497.2
3 856.576 856.576 70112.1
5 238.071 952.284 69591.6
6 931.894 931.894 70750
0 680.726 680.726 70543.2
2 672.38 1344.76 71141
7 464.16 464.16 70880.1
5 1958.46 3916.92 72396
1 191.355 382.711 70566.3
4 465.941 931.883 71159.9
3 1032.32 1032.32 72133.1
5 2723.79 5447.57 73929.6
0 1206.21 1206.21 72545.5
6 1265.71 1265.71 72822.9
9 2075.64 2075.64 74424.1
2 1541.24 3082.48 73398.1
1 1058.67 2117.34 73402.4
8 1078.66 1078.66 76146.6
0 1927.99 1927.99 74536.7
2 2736.1 5472.19 75362.1
7 1288.76 2577.51 73731.8
6 1958.85 1958.85 74781.1
1 2733.85 5467.7 75450.3
41
7 862.999 862.999 66774.5
1 317.143 634.286 66294.2
2 129.403 517.611 66581.2
5 1080.63 4322.52 67829.4
0 586.558 586.558 66768.9
3 218.237 218.237 66724
4 674.053 1348.11 66882
9 1358.12 1358.12 67637.7
1 1525.86 3051.71 68039.5
3 1515.1 1515.1 68182.2
2 1259.33 2518.67 68632.5
9 1746.17 1746.17 69840.6
0 862.496 862.496 68845.8
4 793.334 793.334 68961.9
1 1669.26 3338.53 70086.2
5 1537.84 6151.37 70134.5
4 2192.41 4384.82 71488.4
3 1047.36 1047.36 70002.5
8 1860.01 7440.04 70809.3
2 1638.83 6555.31 71412.5
5 2378.55 9514.2 72646.5
7 174.303 348.607 70178.6
4 3050.37 6100.74 73106.4
6 565.149 565.149 70947.6
8 2966.51 5933.03 73880.4
2 2599.99 5199.98 73430.8
1 823.599 1647.2 71885
7 1663.66 3327.33 72926.1
0 483.946 483.946 71855
1 2212.81 4425.63 73418.6
9 506.385 506.385 71845.7
3 594.87 594.87 72152
3 1908.89 1908.89 74257.4
5 2812.99 5625.98 74669.8
7 2781.78 5563.56 75125.5
6 1270.1 1270.1 76338
9 1228.16 1228.16 73836.8
1 2674.02 5348.04 75300.1
4 3227.98 6455.95 75671
0 1838.96 1838.96 74661.2
5 3456.28 6912.56 76172.8
29
1 849.189 849.189 66762.8
0 135.689 135.689 66130.9
4 1040.52 1040.52 67667
2 71.4152 71.4152 66751
5 1034.42 2068.84 68018.6
0 929.931 929.931 68201.3
2 1330.17 2660.33 68729.3
7 829.663 1659.33 67966.4
1 1470.03 2940.07 69697.1
3 1053.7 1053.7 69736.7
5 1882.06 7528.25 70432.1
7 952.379 952.379 69610.3
9 309.414 309.414 69074.9
4 1071.2 1071.2 70246.6
9 1690.5 1690.5 71041.2
0 1268.84 1268.84 70750.9
6 921.172 921.172 70716.3
1 2056.13 2056.13 72073
2 1281.16 1281.16 71694
7 1367.41 1367.41 71950.5
0 2586.8 2586.8 73235.3
9 2236.97 2236.97 72893.1
4 1209.46 2418.91 72106.3
8 672.022 672.022 72293.9
5 769.095 3076.38 72520.4
4 2254.17 4508.34 74207.7
5 2631.61 2631.61 74576.6
9 2929.82 2929.82 74961.6
1 1072.82 1072.82 74179.6
33
7 862.999 862.999 66774.5
1 317.143 634.286 66294.2
2 129.403 517.611 66581.2
5 1080.63 4322.52 67829.4
0 586.558 586.558 66768.9
3 218.237 218.237 66724
4 674.053 1348.11 66882
9 1358.12 1358.12 67637.7
1 1525.86 3051.71 68039.5
2 1372.36 1372.36 68039.5
4 561.067 1122.13 68788.2
0 541.467 541.467 69224.5
2 1447.58 5790.32 69997.7
7 652.174 652.174 69310.1
3 591.356 591.356 69356.8
9 979.497 979.497 70154.9
1 1119.33 1119.33 70470
5 305.619 1222.48 70079.3
2 2241.68 8966.72 72509.6
8 887.106 1774.21 70891.5
4 619.591 1239.18 70675.6
6 565.149 565.149 70947.6
7 1467.29 2934.59 72381.2
7 4149.25 8298.51 74980
1 1388.37 2776.73 72449.8
5 1509.74 3019.48 72772.2
3 483.946 483.946 71855
0 340.423 340.423 71962.3
8 2303.5 9213.99 74054.8
4 1275.33 2550.65 73228.9
9 323.674 323.674 72268.7
1 1945.62 1945.62 73977.4
3 1527.79 1527.79 74634.6
34
7 862.711 862.711 66735.4
2 41.8641 83.7281 66748.9
8 1028.6 2057.21 67746.5
1 256.355 512.711 67376.5
6 630.235 630.235 67386.9
4 273.479 546.958 67339.8
0 1223.32 1223.32 68247.7
3 195.865 195.865 67517.1
2 1080.91 2161.83 69429.1
5 440.456 880.913 68314.8
9 520.432 520.432 69087.1
4 498.967 498.967 69359.9
1 479.951 479.951 69641.3
3 305.426 305.426 69667.4
5 1286.82 1286.82 70768.9
6 341.125 341.125 70136.3
9 1446.07 1446.07 71462.9
0 302.378 302.378 70715.2
1 1398.35 1398.35 71981.5
4 495.396 495.396 71143.9
3 863.18 863.18 71519.3
2 688.087 1376.17 71584.9
5 2297.47 4594.94 73503.2
9 1632.18 1632.18 72971.5
3 1809.74 1809.74 73366.9
1 2995.99 2995.99 75344.5
2 971.749 1943.5 72828.6
7 1183.6 2367.19 73527.3
0 1078.66 1078.66 76146.6
9 2353.96 2353.96 74962.6
4 813.855 1627.71 73439.9
8 1217.76 2435.52 73660.8
3 2502.88 2502.88 75325.1
2 1615.04 3230.08 74331.5
37
7 862.999 862.999 66774.5
1 317.143 634.286 66294.2
2 129.403 517.611 66581.2
5 1080.63 4322.52 67829.4
0 586.558 586.558 66768.9
3 218.237 218.237 66724
4 674.053 1348.11 66882
9 1358.12 1358.12 67637.7
1 1525.86 3051.71 68039.5
3 1515.1 1515.1 68182.2
2 913.241 1826.48 69261.4
4 1094.67 2189.33 68969
0 570.224 570.224 69136.9
9 1078.14 1078.14 69939.1
5 1100.82 1100.82 70262.1
1 1059.49 1059.49 70421.5
2 1480.87 5923.48 70834.4
6 931.894 931.894 70750
3 191.855 191.855 70054.3
2 2487.36 4974.72 72956
7 678.332 678.332 71094.3
4 348.603 697.205 70786.2
8 932.724 1865.45 71307.7
5 1614.2 3228.4 72308.1
0 678.936 678.936 71779.7
4 1113.93 2227.86 72319.7
9 621.362 621.362 71960.7
1 118.623 118.623 71675.8
3 702.893 702.893 73051.4
1 1635.87 3271.74 73492.7
7 1504.87 3009.74 73848.6
5 2630.66 2630.66 77698.6
6 928.622 928.622 73537.3
4 1575.14 3150.27 74201.2
8 1451.76 2903.51 73894.8
9 1689.43 1689.43 74511.7
1 2279.16 4558.32 74995.6
31
7 862.711 862.711 66735.4
2 41.8641 83.7281 66748.9
8 1028.6 2057.21 67746.5
1 256.355 512.711 67376.5
6 630.235 630.235 67386.9
4 273.479 546.958 67339.8
0 1223.32 1223.32 68247.7
3 195.865 195.865 67517.1
5 500.302 1000.6 67873.5
2 658.936 658.936 68753.4
9 547.364 547.364 68530.7
3 889.6 889.6 69058.1
4 428.732 857.463 68845.6
5 1074.97 4299.89 69671.7
1 647.036 1294.07 69943
9 1426.21 1426.21 70381.3
8 1026.77 4107.08 69976.1
0 1336.11 1336.11 70818.2
6 341.125 341.125 70136.3
4 930.753 930.753 70947.6
7 572.533 572.533 70985.4
2 235.523 235.523 70818.6
3 756.233 756.233 71404.7
9 1147.47 1147.47 71803.6
5 634.5 1269 71531.3
6 390.137 390.137 72012
8 1204.72 4818.88 72956
1 555.759 1111.52 72509.3
0 913.407 913.407 72858.4
4 1056.74 1056.74 73088.5
3 1077.51 1077.51 74184.3
37
7 240.539 240.539 65976.2
2 163.906 327.812 66296.8
1 136.788 273.577 66901
5 1500.39 6001.55 68146.9
0 793.929 793.929 67780.9
2 1934.89 7739.54 68498.8
6 455.495 455.495 67356
4 935.83 1871.66 68020.3
3 2653.48 2653.48 69543.2
8 1629.12 3258.23 68631
1 1637.54 3275.08 69116
9 1656.91 1656.91 69134.4
7 1347.08 2694.16 68846.7
4 2313.99 2313.99 70189.8
2 1616.26 1616.26 70825.8
5 1660.69 6642.76 70765.5
9 2057.56 2057.56 71313.1
4 2850.66 2850.66 72332.8
0 134.269 134.269 69929.4
1 1611.88 1611.88 71628.7
8 572.533 572.533 70985.4
7 1136.26 1136.26 71719.4
9 2448.56 2448.56 73097
1 4386.05 4386.05 75042.2
1 2723.06 5446.12 73619.9
7 3612.65 7225.3 74818.4
9 3699.92 3699.92 75039.2
8 4176.49 4176.49 75733.6
5 3766.3 3766.3 76114.8
2 1226.03 2452.06 73082.8
5 1176.08 2352.17 73519.8
6 396.776 396.776 75464.7
4 3741.37 3741.37 76350
2 2420.89 4841.78 75046.9
8 1217.76 2435.52 73660.8
7 3826.65 3826.65 76648.9
4 1664.23 3328.46 74380.7
35
6 241.292 241.292 66267.9
2 160.277 320.555 65878.5
1 238.384 476.769 66569.1
7 858.32 858.32 66906.1
0 96.1445 96.1445 66411.4
4 376.525 753.051 67089.3
5 1154.09 4616.37 67472.5
8 903.794 3615.18 67438.9
7 1828.64 3657.29 68379.2
3 470.872 470.872 67371
2 835.329 3341.32 67980.6
4 1595.81 1595.81 68474.3
0 1298.59 1298.59 68513.9
5 1153.45 2306.91 69501.6
1 1233.9 2467.8 69108.3
9 520.432 520.432 69087.1
3 573.926 573.926 69434.9
4 1577.73 1577.73 70739
1 1674.81 1674.81 71036.8
2 1113.08 4452.32 70466.6
8 1059.06 1059.06 70877.2
0 917.001 917.001 70779.4
7 887.823 1775.65 71356.4
6 1426.21 1426.21 71842.2
5 1868.49 3736.98 72306.1
4 2355.12 4710.23 72730.1
7 2708.51 5417.03 73402.4
3 567.17 567.17 71668
6 2422.18 2422.18 73426.2
9 643.599 643.599 72209.4
2 1098.49 2196.98 72688.4
0 1139.36 1139.36 73181.6
8 1302.62 1302.62 73929.5
4 1923.29 1923.29 74122.5
2 2401.88 9607.53 74924.6
35
7 862.711 862.711 66735.4
2 41.8641 83.7281 66748.9
8 1028.6 2057.21 67746.5
1 256.355 512.711 67376.5
6 630.235 630.235 67386.9
4 273.479 546.958 67339.8
0 1223.32 1223.32 68247.7
3 195.865 195.865 67517.1
2 1080.91 2161.83 69429.1
5 440.456 880.913 68314.8
9 520.432 520.432 69087.1
4 498.967 498.967 69359.9
1 479.951 479.951 69641.3
3 305.426 305.426 69667.4
5 1321.16 5284.63 71094.8
8 1986.82 7947.27 72254.8
7 174.303 348.607 70178.6
2 991.07 1982.14 71047.1
0 301.706 301.706 70684.1
7 1638.44 3276.89 72552.3
8 4016.41 8032.82 74847.2
4 632.145 1264.29 71693.6
1 1071.69 2143.39 72334.1
9 256.775 256.775 71627.8
5 2307.2 4614.4 73336.5
6 1091.45 1091.45 72587.3
1 3564.13 7128.25 75317.1
3 226.871 226.871 71858.3
4 2357.42 4714.84 73846.1
3 1938.56 1938.56 73832.9
2 1824.82 7299.28 73571.4
5 2836.14 5672.27 75592
6 2078.89 2078.89 74382.5
2 2884.2 5768.4 75101
0 506.098 506.098 73446.9
31
7 862.711 862.711 66735.4
2 41.8641 83.7281 66748.9
8 1028.6 2057.21 67746.5
1 256.355 512.711 67376.5
6 630.235 630.235 67386.9
4 273.479 546.958 67339.8
0 1223.32 1223.32 68247.7
3 195.865 195.865 67517.1
2 664.711 664.711 68540.5
1 446.833 446.833 69656.4
8 1129.28 4517.14 70234.1
5 503.82 503.82 69759.3
9 838.883 838.883 70321
6 341.125 341.125 70136.3
3 593.55 593.55 70610.4
0 302.378 302.378 70715.2
2 708.425 708.425 71291.5
4 756.233 756.233 71404.7
9 1855.24 1855.24 72511.4
5 722.187 1444.37 71619
1 1061.78 2123.57 72091.1
6 1581.43 1581.43 73077.3
1 2638.04 5276.09 74391
3 1656.81 1656.81 73288.2
7 1616.63 3233.25 73105.3
9 3034.02 3034.02 74928.3
5 1959 7835.99 73705.6
4 1042.5 2085 73798.4
6 2568.88 2568.88 74872.5
7 2958.14 5916.28 75174.9
0 506.098 506.098 73446.9
31
7 862.999 862.999 66774.5
1 317.143 634.286 66294.2
2 129.403 517.611 66581.2
5 1080.63 4322.52 67829.4
0 586.558 586.558 66768.9
3 218.237 218.237 66724
4 674.053 1348.11 66882
9 1358.12 1358.12 67637.7
1 1525.86 3051.71 68039.5
2 1372.36 1372.36 68039.5
3 639.778 639.778 68515.6
0 442.753 442.753 69652.3
8 1392.39 5569.58 70497.2
4 358.906 358.906 69614.4
5 305.619 1222.48 70079.3
2 667.631 2670.52 70935.6
7 174.303 348.607 70178.6
1 530.623 1061.25 70586.6
6 565.149 565.149 70947.6
7 1638.44 3276.89 72552.3
8 1493.99 2987.99 72324.8
1 2310.61 4621.22 73372.1
4 1280.85 2561.69 72543.3
3 256.775 256.775 71627.8
0 747.712 747.712 71751.7
9 643.599 643.599 72209.4
5 1101.4 2202.8 72691.3
3 1996.08 1996.08 74038.4
6 568.404 568.404 73195.3
0 944.929 944.929 73144.1
2 803.124 3212.5 73325.9
41
7 240.539 240.539 65976.2
2 163.906 327.812 66296.8
1 136.788 273.577 66901
5 1500.39 6001.55 68146.9
0 793.929 793.929 67780.9
2 1934.89 7739.54 68498.8
6 455.495 455.495 67356
4 935.83 1871.66 68020.3
3 2653.48 2653.48 69543.2
8 1629.12 3258.23 68631
1 1637.54 3275.08 69116
9 1656.91 1656.91 69134.4
7 1347.08 2694.16 68846.7
4 2161.49 4322.98 70388.6
9 3102.18 3102.18 71785.2
5 2275.75 9103 70825.8
0 766.796 766.796 69424.7
1 3121.98 3121.98 71887.4
0 2828.9 2828.9 72004.3
5 3905.61 3905.61 73256.3
2 718.271 2873.08 70071.8
3 2503.18 2503.18 72321.3
0 3962.74 3962.74 73825.2
2 1724.76 3449.53 72193.4
7 471.512 471.512 70887.5
4 2261.88 4523.77 72699.4
8 191.355 382.711 70566.3
8 2000.23 4000.46 72694.1
7 2798.73 2798.73 73899.5
1 2215.21 4430.42 73421
1 4135.58 4135.58 75474.9
3 2837 2837 74394.2
0 4042.58 4042.58 76391.1
2 2593.62 5187.24 74450.4
8 3104.72 6209.44 75448.4
6 396.776 396.776 75464.7
2 3811.1 3811.1 76419.8
4 1954.88 3909.76 74580.9
7 3002.54 6005.09 75445.6
3 3530.14 3530.14 76352.4
5 2397.29 4794.59 75113.8
42
6 241.292 241.292 66267.9
2 160.277 320.555 65878.5
1 238.384 476.769 66569.1
7 858.32 858.32 66906.1
0 96.1445 96.1445 66411.4
4 376.525 753.051 67089.3
5 1154.09 4616.37 67472.5
8 903.794 3615.18 67438.9
7 1828.64 3657.29 68379.2
3 470.872 470.872 67371
2 835.329 3341.32 67980.6
4 1595.81 1595.81 68474.3
0 1298.59 1298.59 68513.9
9 525.122 525.122 68112.6
1 1306.71 2613.43 69529.2
3 729.697 729.697 69687.3
8 1061.52 1061.52 69578.9
0 1328.23 1328.23 69926.6
4 1730.18 3460.36 70882.2
5 651.927 651.927 69834
2 949.079 3796.32 70169.7
1 2692.1 5384.2 71603.1
9 1084.63 1084.63 70566.7
7 622.049 622.049 70417.2
0 1723.38 1723.38 71740.2
6 1314.73 1314.73 71727.6
3 1733.79 1733.79 72316.9
9 2402.58 2402.58 73051
4 2416.41 2416.41 73072.6
5 1093.03 2186.07 71989.9
2 1035.98 2071.97 72241.8
0 1909.5 1909.5 73248.8
9 3902.49 3902.49 75459.6
1 1851.16 1851.16 74199.7
2 2149.36 4298.72 74006.2
8 1296.83 2593.66 73640.5
7 1078.66 1078.66 76146.6
8 3819.82 3819.82 76428.5
4 2410.59 4821.19 75036.6
5 1879.88 3759.76 74322.9
0 2939.67 2939.67 75761.9
2 2792.65 5585.3 75509.1
27
1 849.189 849.189 66762.8
0 135.689 135.689 66130.9
4 1040.52 1040.52 67667
2 71.4152 71.4152 66751
5 1034.42 2068.84 68018.6
0 929.931 929.931 68201.3
2 1330.17 2660.33 68729.3
7 829.663 1659.33 67966.4
3 479.232 479.232 68355.1
9 1058.19 1058.19 70267.7
8 1392.39 5569.58 70497.2
3 856.576 856.576 70112.1
5 213.384 213.384 69876.2
2 1268.27 5073.08 71023.9
2 3533.02 14132.1 73900.1
0 176.507 176.507 70485.8
3 1998.73 1998.73 72153.3
5 1769.29 7077.16 72656.9
9 1581.16 1581.16 72934.6
7 3477.33 6954.65 74470.8
1 727.947 727.947 72230.6
6 272 272 71893.9
8 2439.05 9756.2 74190.4
4 2914.99 5829.98 74868.6
0 389.208 389.208 72334.2
3 2262.46 2262.46 74294.3
0 1939.51 1939.51 75046.3
32
7 862.711 862.711 66735.4
2 41.8641 83.7281 66748.9
8 1028.6 2057.21 67746.5
1 256.355 512.711 67376.5
6 630.235 630.235 67386.9
4 273.479 546.958 67339.8
0 1223.32 1223.32 68247.7
3 195.865 195.865 67517.1
2 664.711 664.711 68540.5
1 446.833 446.833 69656.4
8 1129.28 4517.14 70234.1
5 503.82 503.82 69759.3
9 838.883 838.883 70321
6 341.125 341.125 70136.3
3 593.55 593.55 70610.4
0 302.378 302.378 70715.2
2 708.425 708.425 71291.5
4 756.233 756.233 71404.7
1 1646.59 1646.59 72302.7
5 722.187 1444.37 71619
7 2455.1 4910.21 73660.9
4 2007.6 2007.6 73346.9
9 838.392 838.392 72395.5
3 1467.96 1467.96 73816.5
5 1005.85 2011.7 72862.7
8 1058.67 2117.34 73402.4
0 1078.66 1078.66 76146.6
9 2138.49 2138.49 74747.2
1 1640.78 3281.56 74266.8
2 1159.32 2318.63 73602.3
7 2669.1 2669.1 75491.3
5 1649.14 3298.28 74365.6
37
1 849.189 849.189 66762.8
0 135.689 135.689 66130.9
4 1040.52 1040.52 67667
2 71.4152 71.4152 66751
5 1034.42 2068.84 68018.6
0 929.931 929.931 68201.3
1 2316.02 4632.05 69715.2
7 829.663 1659.33 67966.4
2 1429.15 2858.3 68802.3
9 1286.33 1286.33 69380.8
3 203.955 203.955 68187.3
3 1559.81 1559.81 69728.4
1 3344.87 6689.75 71761.8
5 1726.99 6907.98 70323.7
5 3581.94 7163.88 72877.9
0 1619.27 1619.27 70574.4
8 2049.16 8196.64 70998.5
2 1689.72 6758.88 71043.2
6 931.894 931.894 70750
3 1629.02 1629.02 71491.4
1 4152.66 8305.33 74621.3
7 464.16 464.16 70880.1
2 4947.13 9894.26 75384.7
4 191.355 382.711 70566.3
4 2000.23 4000.46 72694.1
9 834.086 834.086 71934.9
5 3616.75 7233.5 74646
7 2136.5 2136.5 73632.3
7 4862.36 9724.72 76615.3
0 1361.14 1361.14 72992.5
8 2008.77 4017.53 73497.4
6 1694.66 1694.66 73589
2 1820.94 7283.76 73567.6
8 2997.1 5994.19 75752.9
3 1246.34 1246.34 73549.9
5 4498.87 8997.74 76715.6
9 1703.29 1703.29 74644.1
37
7 862.999 862.999 66774.5
1 317.143 634.286 66294.2
2 129.403 517.611 66581.2
5 1080.63 4322.52 67829.4
0 586.558 586.558 66768.9
3 218.237 218.237 66724
4 674.053 1348.11 66882
9 1358.12 1358.12 67637.7
1 1525.86 3051.71 68039.5
3 1515.1 1515.1 68182.2
2 913.241 1826.48 69261.4
4 1094.67 2189.33 68969
0 570.224 570.224 69136.9
9 1078.14 1078.14 69939.1
5 1100.82 1100.82 70262.1
3 1202.19 1202.19 70564.2
1 563.659 1127.32 70467.8
6 1755.91 1755.91 71095.4
7 1259.04 1259.04 70811.9
9 1869.12 1869.12 71924.7
2 1811.1 7244.4 71776.8
0 1276.31 1276.31 71486.9
4 683.157 683.157 71029.3
4 2818.18 5636.36 73103.2
5 3025.17 12100.7 73701
1 2023.66 2023.66 73159.5
4 4002.7 8005.39 75032
7 2007.02 2007.02 73502.9
5 4232.5 8465 75985.5
3 939.558 939.558 72570.9
2 3985.93 7971.86 75474.6
0 1594.83 1594.83 73489.1
2 1575.47 6301.88 73322.1
1 3269.34 6538.68 76025.2
6 1329.27 1329.27 73632.9
7 4000.89 8001.78 76217.6
8 1054.83 1054.83 73995.7
31
7 862.999 862.999 66774.5
1 317.143 634.286 66294.2
2 129.403 517.611 66581.2
5 1080.63 4322.52 67829.4
0 586.558 586.558 66768.9
3 218.237 218.237 66724
4 674.053 1348.11 66882
9 1358.12 1358.12 67637.7
1 1525.86 3051.71 68039.5
3 1515.1 1515.1 68182.2
2 913.241 1826.48 69261.4
4 1094.67 2189.33 68969
0 570.224 570.224 69136.9
9 1078.14 1078.14 69939.1
5 1100.82 1100.82 70262.1
1 1059.49 1059.49 70421.5
3 283.175 283.175 69946
2 2294 9176 72049.7
5 2609.15 10436.6 72976.2
0 832.345 832.345 71141.7
4 897.695 897.695 71052.3
8 1298.37 5193.48 72186
9 860.783 860.783 72214.2
7 1877.38 3754.75 72870.9
3 1681.82 1681.82 73184.5
6 272 272 71893.9
2 2713 10852 74464.3
1 461.161 922.321 72414.7
0 1016.79 1016.79 72961.8
4 1161.42 1161.42 73193.2
1 1896.08 1896.08 75002.9
37
7 862.999 862.999 66774.5
1 317.143 634.286 66294.2
2 129.403 517.611 66581.2
5 1080.63 4322.52 67829.4
0 586.558 586.558 66768.9
3 218.237 218.237 66724
4 674.053 1348.11 66882
9 1358.12 1358.12 67637.7
1 1525.86 3051.71 68039.5
3 1515.1 1515.1 68182.2
2 913.241 1826.48 69261.4
4 1094.67 2189.33 68969
0 570.224 570.224 69136.9
9 1078.14 1078.14 69939.1
5 1100.82 1100.82 70262.1
1 1059.49 1059.49 70421.5
3 283.175 283.175 69946
2 2294 9176 72049.7
5 2609.15 10436.6 72976.2
0 832.345 832.345 71141.7
4 897.695 897.695 71052.3
8 1298.37 5193.48 72186
9 860.783 860.783 72214.2
7 1877.38 3754.75 72870.9
6 1843.55 1843.55 73346.2
1 1191.5 2383 72397.3
3 563.398 563.398 71902.7
0 1991.7 1991.7 73548.9
0 3305.72 3305.72 75654.2
2 1957.29 3914.57 73814.1
4 2419.18 4838.36 74762.9
9 3326.44 3326.44 78394.4
3 1285.17 1285.17 73893.8
1 1652.71 3305.41 74278.7
8 2330.09 4660.18 74773.1
2 3293 3293 76115.2
7 2187.09 4374.17 74903.6
38
7 862.999 862.999 66774.5
1 317.143 634.286 66294.2
2 129.403 517.611 66581.2
5 1080.63 4322.52 67829.4
0 586.558 586.558 66768.9
3 218.237 218.237 66724
4 674.053 1348.11 66882
9 1358.12 1358.12 67637.7
1 1525.86 3051.71 68039.5
2 1372.36 1372.36 68039.5
4 561.067 1122.13 68788.2
0 541.467 541.467 69224.5
2 1447.58 5790.32 69997.7
7 652.174 652.174 69310.1
3 591.356 591.356 69356.8
4 1513.58 1513.58 70689
1 1119.33 1119.33 70470
5 115.125 230.249 70019.3
9 652.729 652.729 69992.2
0 1535.35 1535.35 71088.2
3 1499.75 1499.75 71555.4
2 2115.98 8463.92 72081.7
4 2828.45 2828.45 73039
3 3461.03 3461.03 73807.1
1 2165.4 4330.79 72450.4
5 2782.34 11129.4 73458.2
7 865.937 865.937 72001.8
1 3349.91 6699.82 74379.2
6 986.44 986.44 72482.3
4 3063.87 6127.74 74816.9
3 4593.89 4593.89 76225.3
7 3072.48 6144.95 74561.1
6 4000.37 4000.37 75894.7
2 1880.35 7521.39 73627
5 3557.74 7115.48 76313.6
0 1322.07 1322.07 73625.7
2 2939.73 5879.46 75156.5
9 506.098 506.098 73446.9
36
7 862.999 862.999 66774.5
1 317.143 634.286 66294.2
2 129.403 517.611 66581.2
5 1080.63 4322.52 67829.4
0 586.558 586.558 66768.9
3 218.237 218.237 66724
4 674.053 1348.11 66882
9 1358.12 1358.12 67637.7
1 1525.86 3051.71 68039.5
3 1515.1 1515.1 68182.2
2 913.241 1826.48 69261.4
4 1094.67 2189.33 68969
0 570.224 570.224 69136.9
9 1078.14 1078.14 69939.1
5 1100.82 1100.82 70262.1
1 1059.49 1059.49 70421.5
3 283.175 283.175 69946
2 2294 9176 72049.7
5 2609.15 10436.6 72976.2
0 832.345 832.345 71141.7
4 897.695 897.695 71052.3
8 1298.37 5193.48 72186
9 860.783 860.783 72214.2
7 1877.38 3754.75 72870.9
6 1843.55 1843.55 73346.2
8 4708.98 18835.9 75938.5
5 4019.16 16076.6 75697.3
0 2231.31 2231.31 73854
3 486.821 486.821 72279.7
4 1980.71 1980.71 73701.9
1 1488.32 2976.64 73265.4
2 2593.1 10372.4 74642.1
9 2376.07 2376.07 74483.8
2 4634.95 18539.8 77589
1 2285.25 2285.25 75270.9
7 2453.24 4906.48 75557.1
43
7 240.539 240.539 65976.2
2 163.906 327.812 66296.8
1 136.788 273.577 66901
5 1500.39 6001.55 68146.9
0 793.929 793.929 67780.9
2 1934.89 7739.54 68498.8
6 455.495 455.495 67356
4 935.83 1871.66 68020.3
3 2653.48 2653.48 69543.2
8 1629.12 3258.23 68631
4 2756.79 5513.59 70235.3
9 1656.91 1656.91 69134.4
7 1347.08 2694.16 68846.7
1 2006.83 4013.66 69380
4 4343.72 4343.72 72438.2
0 5589.15 5589.15 73572.5
5 5947.6 5947.6 74116.1
5 4158.17 8316.34 72575.1
5 1931.77 7727.07 70528.4
1 2610.54 5221.07 71906.5
0 6468 6468 75423.1
2 1622.91 6491.63 70572.2
8 2375.6 9502.4 71729.1
0 1022.21 1022.21 70840.3
6 7523.12 7523.12 77385.5
7 1151.3 2302.61 71619.9
9 1496.09 1496.09 71912.1
2 3474.97 6949.95 73912.5
7 3236.01 6472.01 73611
8 3797.82 7595.63 74491.7
9 4489.12 4489.12 75589.9
2 4240.3 8480.6 75446.1
0 6086.18 6086.18 77425.5
9 6105.61 6105.61 77662.8
3 2400.79 2400.79 74749.3
5 4023.75 8047.49 75880.6
1 2699.25 5398.49 75043
6 396.776 396.776 75464.7
3 4933.08 4933.08 77541.7
2 4701.51 9403.02 77327.6
4 2559.75 5119.5 75002.8
1 5094.76 5094.76 77917
4 4334.25 8668.51 77050.7
38
1 849.189 849.189 66762.8
0 135.689 135.689 66130.9
4 1040.52 1040.52 67667
2 71.4152 71.4152 66751
5 1034.42 2068.84 68018.6
0 929.931 929.931 68201.3
1 2316.02 4632.05 69715.2
7 829.663 1659.33 67966.4
2 1429.15 2858.3 68802.3
9 1286.33 1286.33 69380.8
3 203.955 203.955 68187.3
3 1559.81 1559.81 69728.4
1 3344.87 6689.75 71761.8
5 1726.99 6907.98 70323.7
1 4992.3 9984.6 74288.2
0 1619.27 1619.27 70574.4
8 2049.16 8196.64 70998.5
2 1808.65 7234.59 71582.3
5 2567.7 10270.8 72835.6
7 153.547 307.094 70157.9
7 5434.16 10868.3 75490.2
4 342.419 342.419 70724.8
4 2184.62 4369.24 73098.5
4 4866.58 9733.16 75697.4
1 6012.21 12024.4 77073.7
7 1642.91 3285.81 72905.3
9 375.682 375.682 71746.7
8 2804.19 11216.8 74033.7
2 2625.31 10501.2 74303.4
3 856.301 856.301 72479
3 3695.86 3695.86 75488.7
0 1241.52 1241.52 72962.7
2 5067.41 10134.8 76844.5
5 2912.59 11650.4 74961.5
6 530.887 530.887 72638.6
8 3458.88 13835.5 76412.9
9 1497.82 1497.82 74483.4
5 4798.12 9596.24 77902
35
7 862.999 862.999 66774.5
1 317.143 634.286 66294.2
2 129.403 517.611 66581.2
5 1080.63 4322.52 67829.4
0 586.558 586.558 66768.9
3 218.237 218.237 66724
4 674.053 1348.11 66882
9 1358.12 1358.12 67637.7
1 1525.86 3051.71 68039.5
3 1515.1 1515.1 68182.2
2 913.241 1826.48 69261.4
4 1094.67 2189.33 68969
0 570.224 570.224 69136.9
9 1078.14 1078.14 69939.1
5 1100.82 1100.82 70262.1
1 1059.49 1059.49 70421.5
3 843.089 843.089 70325.2
7 341.125 341.125 70136.3
4 1054.18 1054.18 71071
6 888.924 888.924 71301.8
2 679.008 679.008 71262.1
0 431.578 431.578 71080
9 705.237 705.237 71361.4
1 1776.8 3553.61 72673.6
5 2067.83 8271.33 73297.4
8 1940.54 7762.16 73618.7
3 751.879 751.879 72374.6
0 1610.9 1610.9 73403.8
4 1999.45 1999.45 73720.6
7 1318.29 2636.58 73095.3
2 2219.84 8879.38 74268.8
6 915.505 915.505 73023.2
5 2722.53 10890.1 75676.5
9 1337.25 1337.25 74322.9
1 1817.55 3635.09 74921.4
44
7 240.539 240.539 65976.2
2 163.906 327.812 66296.8
1 136.788 273.577 66901
5 1500.39 6001.55 68146.9
0 793.929 793.929 67780.9
2 1934.89 7739.54 68498.8
6 455.495 455.495 67356
4 935.83 1871.66 68020.3
3 2653.48 2653.48 69543.2
8 1629.12 3258.23 68631
4 2756.79 5513.59 70235.3
9 1656.91 1656.91 69134.4
7 1347.08 2694.16 68846.7
9 4263.65 4263.65 71851.2
1 1638.63 3277.25 69861.1
7 4994.67 4994.67 73952.3
0 616.286 616.286 69133.7
0 3422.96 3422.96 72021.3
2 2290.5 4581 71442.5
9 4865.18 4865.18 74047.2
5 1787.75 7150.99 71008.4
1 3024.01 6048.03 71935
7 1794.85 3589.71 71699
3 2687.71 2687.71 72027.2
3 4338.05 4338.05 73890.9
0 4150.31 4150.31 74205.9
8 2495.98 9983.93 72461.7
5 5213.53 5213.53 75424.1
9 5952.92 5952.92 76299
4 2448.1 4896.2 72733.1
5 2746.79 10987.2 73422.6
0 5485.53 5485.53 76621.4
8 2789.49 5578.98 73995.3
7 5799.22 5799.22 77138.5
2 5745.69 5745.69 77302.8
6 5221.58 5221.58 77570.1
2 1608.98 3217.96 73465.8
1 2997.76 5995.53 75341.5
6 396.776 396.776 75464.7
3 4782.74 4782.74 77391.4
2 2803.84 5607.68 75429.9
4 3040.3 6080.61 75483.3
5 4432.3 4432.3 77254.5
8 3197.96 6395.91 75914.4
36
1 849.189 849.189 66762.8
0 135.689 135.689 66130.9
4 1040.52 1040.52 67667
2 71.4152 71.4152 66751
5 1034.42 2068.84 68018.6
0 929.931 929.931 68201.3
2 1330.17 2660.33 68729.3
7 829.663 1659.33 67966.4
1 1470.03 2940.07 69697.1
3 1053.7 1053.7 69736.7
5 1882.06 7528.25 70432.1
7 952.379 952.379 69610.3
9 309.414 309.414 69074.9
4 1071.2 1071.2 70246.6
9 1690.5 1690.5 71041.2
1 2221.25 4442.49 72125.4
0 813.327 813.327 70152.8
7 1921.17 1921.17 71474
9 3469.92 3469.92 73525.5
2 847.621 3390.48 70813.4
9 6168.02 6168.02 76378.6
4 4034.65 4034.65 74380.8
4 2035.53 4071.06 72320.5
2 2086.77 8347.07 72762.6
3 1292.56 1292.56 72428.4
5 1207.67 4830.69 72437.2
8 1655.42 6621.67 73333.5
5 5277.41 5277.41 76900.1
7 4754.33 4754.33 76547.2
4 5047.89 5047.89 76769.1
7 1745.07 3490.15 73522.1
5 2801.77 11207.1 74850.7
0 377.732 377.732 72485.5
2 2797.95 11191.8 75752
1 1145.3 1145.3 74130.9
8 3170.1 6340.21 76274
39
7 862.999 862.999 66774.5
1 317.143 634.286 66294.2
2 129.403 517.611 66581.2
5 1080.63 4322.52 67829.4
0 586.558 586.558 66768.9
3 218.237 218.237 66724
4 674.053 1348.11 66882
9 1358.12 1358.12 67637.7
1 1525.86 3051.71 68039.5
3 1515.1 1515.1 68182.2
0 1253.72 1253.72 68841.2
2 839.683 1679.37 69062.2
3 1540.97 1540.97 70498.6
7 539.943 539.943 69057.4
4 698.579 698.579 69296.9
1 1295.43 2590.85 70447.4
9 865.808 865.808 70047.9
5 1240.96 4963.85 70461.6
4 2485.14 4970.28 71396.1
2 1597.36 6389.42 70950.8
6 931.894 931.894 70750
0 741.895 741.895 70604.3
5 2404.66 4809.33 72873.3
3 2123.44 2123.44 72539.4
4 2775.71 5551.41 73213.3
7 673.453 1346.91 71048.4
8 1243.86 2487.73 71937.8
1 1250.19 1250.19 72351
1 3438.62 6877.24 74467.9
6 1383.85 1383.85 72879.7
4 3238.15 6476.31 74991.1
0 1391.08 1391.08 73022.5
5 3807.74 7615.48 75296.4
9 1099.96 1099.96 72994.3
2 1728.58 6914.31 73475.2
2 3494.71 6989.42 76250.6
6 2371.3 2371.3 74674.9
1 4320.74 8641.48 76537.5
7 506.098 506.098 73446.9
37
7 862.711 862.711 66735.4
2 41.8641 83.7281 66748.9
8 1028.6 2057.21 67746.5
1 256.355 512.711 67376.5
6 630.235 630.235 67386.9
4 273.479 546.958 67339.8
0 1223.32 1223.32 68247.7
3 195.865 195.865 67517.1
5 500.302 1000.6 67873.5
2 658.936 658.936 68753.4
9 547.364 547.364 68530.7
3 889.6 889.6 69058.1
4 428.732 857.463 68845.6
5 1074.97 4299.89 69671.7
1 647.036 1294.07 69943
9 1426.21 1426.21 70381.3
8 1026.77 4107.08 69976.1
4 1440.53 1440.53 71103.3
2 1786 7143.98 71541.7
5 1732.2 6928.78 72099.2
1 1902.32 1902.32 72211.7
3 986.792 986.792 71141.4
8 1164.83 4659.31 72052.5
9 1303.02 1303.02 72656.5
4 2048.83 4097.66 73042.3
6 1128.03 1128.03 72630.7
1 2950.53 5901.05 73979.8
0 1091.45 1091.45 72587.3
2 3111.82 6223.64 74864.8
4 4350.41 4350.41 75981.8
7 1616.63 3233.25 73105.3
0 3662.05 3662.05 75556.4
2 1340.3 5361.22 73086.9
5 2423.25 4846.49 75179.1
3 1717.31 1717.31 74020.9
7 2958.14 5916.28 75174.9
8 1315.32 1315.32 74256.2
31
1 849.189 849.189 66762.8
0 135.689 135.689 66130.9
4 1040.52 1040.52 67667
2 71.4152 71.4152 66751
5 1034.42 2068.84 68018.6
0 929.931 929.931 68201.3
2 1330.17 2660.33 68729.3
7 829.663 1659.33 67966.4
5 2384.72 4769.44 70732.9
1 2007.64 4015.27 69882
3 170.988 170.988 68737.6
9 876.563 876.563 69737.5
4 1142.33 1142.33 70303.6
0 1733 1733 71095
2 1217.61 4870.46 70991.3
8 3048.96 12195.8 73316.9
7 153.547 307.094 70157.9
1 2059.2 4118.4 72115.2
6 565.149 565.149 70947.6
4 2460.81 4921.63 73374.7
2 2178.78 4357.56 73009.6
5 2456.83 4913.66 73518.3
7 1642.91 3285.81 72905.3
3 256.775 256.775 71627.8
6 1527.55 1527.55 72531.6
9 677.607 677.607 72243.4
1 2747.14 5494.27 74337.1
0 1892.86 1892.86 73935.1
6 2152.4 2152.4 74779.3
4 3190.46 3190.46 75389.7
2 3078.91 12315.6 75601.7
33
7 862.999 862.999 66774.5
1 317.143 634.286 66294.2
2 129.403 517.611 66581.2
5 1080.63 4322.52 67829.4
0 586.558 586.558 66768.9
3 218.237 218.237 66724
4 674.053 1348.11 66882
9 1358.12 1358.12 67637.7
1 1525.86 3051.71 68039.5
3 1515.1 1515.1 68182.2
2 913.241 1826.48 69261.4
4 1094.67 2189.33 68969
0 570.224 570.224 69136.9
9 1078.14 1078.14 69939.1
1 1142.98 1142.98 70304.3
3 1202.19 1202.19 70564.2
5 305.619 1222.48 70079.3
2 2048.82 8195.28 72316.8
7 174.303 348.607 70178.6
4 1454.23 2908.47 71510.3
6 565.149 565.149 70947.6
8 683.747 1367.49 71597.6
1 1491.76 2983.52 72322.5
5 2338.62 4677.25 73400.1
7 1663.66 3327.33 72926.1
0 256.775 256.775 71627.8
6 1527.55 1527.55 72531.6
9 830.286 830.286 72396.1
4 2142.17 4284.34 73732.1
3 1362.05 1362.05 73404.3
8 1554.46 1554.46 74181.3
1 1515.76 1515.76 73715
2 2144.77 8579.08 74667.5
37
7 240.539 240.539 65976.2
2 163.906 327.812 66296.8
1 136.788 273.577 66901
5 1500.39 6001.55 68146.9
0 793.929 793.929 67780.9
2 1934.89 7739.54 68498.8
6 455.495 455.495 67356
4 935.83 1871.66 68020.3
3 2653.48 2653.48 69543.2
8 1629.12 3258.23 68631
1 1637.54 3275.08 69116
9 1656.91 1656.91 69134.4
7 1347.08 2694.16 68846.7
4 2313.99 2313.99 70189.8
1 2233.51 2233.51 71443
5 1660.69 6642.76 70765.5
9 2057.56 2057.56 71313.1
9 3414.01 3414.01 73076.8
2 1531.4 6125.61 71287.1
8 1764.31 7057.22 72131.3
7 4027.41 4027.41 74336.8
7 1956.54 1956.54 72111.1
5 2051.15 8204.62 72938.8
3 2185.29 2185.29 73538.7
4 1218.67 2437.35 72212.2
0 727.947 727.947 72230.6
8 3937.04 15748.2 75166.6
2 3018.32 12073.3 74696.4
0 3966.8 3966.8 75589.5
1 4716.62 4716.62 76509.5
9 4264.39 4264.39 75985.6
1 1714.09 3428.17 73491.1
5 4360.09 17440.4 76409
6 1004.66 1004.66 73112.4
8 4591.74 18366.9 77545.8
6 2360.01 2360.01 75345.6
4 1794.54 3589.07 74898.4
35
7 862.999 862.999 66774.5
1 317.143 634.286 66294.2
2 129.403 517.611 66581.2
5 1080.63 4322.52 67829.4
0 586.558 586.558 66768.9
3 218.237 218.237 66724
4 674.053 1348.11 66882
9 1358.12 1358.12 67637.7
1 1525.86 3051.71 68039.5
3 1515.1 1515.1 68182.2
0 1253.72 1253.72 68841.2
2 839.683 1679.37 69062.2
3 1540.97 1540.97 70498.6
7 539.943 539.943 69057.4
4 698.579 698.579 69296.9
1 1295.43 2590.85 70447.4
9 865.808 865.808 70047.9
5 1240.96 4963.85 70461.6
4 2485.14 4970.28 71396.1
2 1550.47 6201.88 71324.1
5 2705.61 10822.4 72973.5
8 887.106 1774.21 70891.5
4 3573.33 7146.66 73629.3
6 565.149 565.149 70947.6
7 1214.55 2429.11 72128.4
8 1888.23 3776.46 72719
1 4355.08 8710.15 75416.5
1 1333.81 2667.63 72596.2
0 483.946 483.946 71855
6 1201.41 1201.41 72823.3
2 2209.04 8836.16 73960.3
5 3745.27 7490.54 75698.8
9 284.135 284.135 72229.1
9 2265.86 2265.86 74297.7
0 1527.79 1527.79 74634.6
33
6 241.292 241.292 66267.9
2 160.277 320.555 65878.5
1 238.384 476.769 66569.1
7 858.32 858.32 66906.1
0 96.1445 96.1445 66411.4
4 376.525 753.051 67089.3
5 1154.09 4616.37 67472.5
8 903.794 3615.18 67438.9
7 1828.64 3657.29 68379.2
3 470.872 470.872 67371
2 835.329 3341.32 67980.6
1 1526.02 1526.02 68404.5
0 1298.59 1298.59 68513.9
9 781.305 781.305 68657.1
4 332.721 332.721 69542.3
8 821.76 3287.04 69926.6
3 358.906 358.906 69614.4
1 505.431 505.431 70168.2
2 327.903 1311.61 70083.6
5 696.72 2786.88 71063.7
9 352.615 352.615 70662
0 337.71 337.71 70492.3
8 1212.22 4848.9 72099.9
3 536.122 536.122 71889.6
1 1113.73 2227.47 72107.2
4 104.151 104.151 71606.8
7 195.93 195.93 71199.9
2 512.747 512.747 72078.5
5 1998.15 3996.3 73588.1
0 423.589 423.589 72465.9
7 820.782 820.782 73447.6
4 800.063 800.063 72999.3
8 2169.22 8676.88 74692
42
7 240.539 240.539 65976.2
2 163.906 327.812 66296.8
1 136.788 273.577 66901
5 1500.39 6001.55 68146.9
0 793.929 793.929 67780.9
2 1934.89 7739.54 68498.8
6 455.495 455.495 67356
4 935.83 1871.66 68020.3
3 2653.48 2653.48 69543.2
8 1629.12 3258.23 68631
4 2756.79 5513.59 70235.3
9 1656.91 1656.91 69134.4
7 1347.08 2694.16 68846.7
9 4263.65 4263.65 71851.2
1 1638.63 3277.25 69861.1
0 2429.36 2429.36 71387
0 616.286 616.286 69133.7
7 3135.93 3135.93 71734.3
2 2290.5 4581 71442.5
4 3463.36 3463.36 72645.4
5 1787.75 7150.99 71008.4
1 3024.01 6048.03 71935
2 3646.58 3646.58 73128.7
8 720.154 720.154 70515.3
7 3531.09 3531.09 73547.9
3 1470.08 1470.08 71882.9
0 3144.1 3144.1 73727.2
9 3399.45 3399.45 74047.9
5 4877.84 4877.84 75534
5 1971.21 3942.42 72868.1
1 2262.79 4525.57 73468.6
4 3248.33 3248.33 74587.6
7 4397.1 4397.1 75954.3
8 5194.95 5194.95 77543.5
5 2254.87 4509.74 74111.7
8 1058.67 2117.34 73402.4
6 396.776 396.776 75464.7
4 3970.1 3970.1 76578.8
1 2723.99 5447.99 75350
8 2505.41 5010.82 74948.4
9 4031.88 4031.88 76854.1
2 2460.16 4920.32 75176.6
33
7 862.711 862.711 66735.4
2 41.8641 83.7281 66748.9
8 1028.6 2057.21 67746.5
1 256.355 512.711 67376.5
6 630.235 630.235 67386.9
4 273.479 546.958 67339.8
0 1223.32 1223.32 68247.7
3 195.865 195.865 67517.1
2 664.711 664.711 68540.5
1 446.833 446.833 69656.4
8 1129.28 4517.14 70234.1
5 503.82 503.82 69759.3
2 1028.85 4115.4 70802.5
5 2003.37 8013.48 72271.3
7 174.303 348.607 70178.6
4 839.854 1679.71 70895.9
0 301.706 301.706 70684.1
7 1638.44 3276.89 72552.3
4 2815.11 5630.22 73645.9
1 4108.07 8216.13 75169.5
1 1086.81 2173.61 72349.2
3 483.946 483.946 71855
2 2608.24 10433 73837.8
8 1311.82 5247.29 72989.9
9 655.819 655.819 72278.5
9 3495.37 3495.37 75288.2
3 3042.55 3042.55 74763.7
2 4339.97 8679.94 76117
5 2348.26 9393.03 74397.2
6 264.985 264.985 72372.7
8 2982.83 11931.3 75936.9
0 517.918 517.918 73503.5
1 3830.01 7660.03 76933.9
32
7 240.539 240.539 65976.2
2 163.906 327.812 66296.8
1 136.788 273.577 66901
5 1500.39 6001.55 68146.9
0 793.929 793.929 67780.9
2 1934.89 7739.54 68498.8
6 455.495 455.495 67356
4 935.83 1871.66 68020.3
3 2653.48 2653.48 69543.2
8 1629.12 3258.23 68631
1 1637.54 3275.08 69116
9 1656.91 1656.91 69134.4
7 1347.08 2694.16 68846.7
4 2313.99 2313.99 70189.8
1 2233.51 2233.51 71443
5 1660.69 6642.76 70765.5
9 2057.56 2057.56 71313.1
9 3414.01 3414.01 73076.8
2 1531.4 6125.61 71287.1
8 1764.31 7057.22 72131.3
4 4171.5 4171.5 74480.8
7 1956.54 1956.54 72111.1
5 2051.15 8204.62 72938.8
1 2756.48 2756.48 74109.9
4 1218.67 2437.35 72212.2
0 727.947 727.947 72230.6
3 340.423 340.423 71962.3
2 1950.41 7801.62 73701.7
7 2344.5 4688.99 74298.1
9 2951.94 2951.94 74896.9
8 3350.01 3350.01 75381.8
7 3779.41 3779.41 76886.2
37
6 241.292 241.292 66267.9
2 160.277 320.555 65878.5
1 238.384 476.769 66569.1
7 858.32 858.32 66906.1
0 96.1445 96.1445 66411.4
4 376.525 753.051 67089.3
5 1154.09 4616.37 67472.5
8 903.794 3615.18 67438.9
7 1828.64 3657.29 68379.2
3 470.872 470.872 67371
2 835.329 3341.32 67980.6
1 1526.02 1526.02 68404.5
0 1298.59 1298.59 68513.9
9 781.305 781.305 68657.1
4 332.721 332.721 69542.3
8 821.76 3287.04 69926.6
3 358.906 358.906 69614.4
1 505.431 505.431 70168.2
2 327.903 1311.61 70083.6
5 696.72 2786.88 71063.7
9 352.615 352.615 70662
0 337.71 337.71 70492.3
8 1212.22 4848.9 72099.9
3 536.122 536.122 71889.6
1 1113.73 2227.47 72107.2
4 104.151 104.151 71606.8
5 2869.46 11477.8 74099
2 1814.82 7259.27 73492.9
9 1751.58 1751.58 73374.3
3 3544.62 3544.62 75337.5
0 1420.73 1420.73 73141.9
7 1224.41 2448.83 73001.5
8 3521.16 14084.6 75570.1
6 886.145 886.145 72993.9
2 3485.83 13943.3 76439.8
4 854.462 854.462 73840.1
1 1689.59 3379.19 74793.5
31
1 849.189 849.189 66762.8
0 135.689 135.689 66130.9
4 1040.52 1040.52 67667
2 71.4152 71.4152 66751
5 1034.42 2068.84 68018.6
0 929.931 929.931 68201.3
2 1330.17 2660.33 68729.3
7 829.663 1659.33 67966.4
3 479.232 479.232 68355.1
9 1058.19 1058.19 70267.7
8 1392.39 5569.58 70497.2
5 1121.72 1121.72 70377.2
3 1015.9 1015.9 70498
4 172.644 172.644 69967.8
0 796.717 796.717 70813.5
7 476.732 476.732 70889.6
2 582.659 582.659 71165.8
9 2198.58 2198.58 72847
3 2032.25 2032.25 72688.4
1 3035.62 6071.25 73932.5
5 1152.78 4611.13 72382.3
2 2208.74 8834.96 73886.9
0 2158.96 2158.96 73781.6
9 3377.9 3377.9 75170.8
3 3355.54 3355.54 75076.7
4 1433.41 2866.82 73210.5
8 1918.51 7674.03 73967.5
6 453.065 453.065 72560.8
5 1807.48 7229.91 74761.5
7 517.918 517.918 73503.5
1 3076.37 6152.73 76180.3
37
1 849.189 849.189 66762.8
0 135.689 135.689 66130.9
4 1040.52 1040.52 67667
2 71.4152 71.4152 66751
5 1034.42 2068.84 68018.6
0 929.931 929.931 68201.3
2 1330.17 2660.33 68729.3
7 829.663 1659.33 67966.4
3 183.29 183.29 67770.8
1 2054.31 4108.62 70276.8
0 1200.63 1200.63 70158.3
7 801.869 801.869 69319.3
3 1230.97 1230.97 69829.3
4 1707.43 3414.87 70859.4
9 1181.64 1181.64 70363.7
5 1430.11 5720.45 70650.7
1 3439.7 6879.4 72350.7
7 2025.5 2025.5 71688.3
2 1268.27 5073.08 71023.9
8 2601.83 10407.3 72968.9
3 1745.61 1745.61 72054.9
9 2158.71 2158.71 72313.3
5 2713.9 10855.6 73601.5
3 3168.66 3168.66 74522.1
7 2633.8 5267.61 73627.3
0 702.302 702.302 72205
8 4774.57 19098.3 76004.1
2 2755.18 11020.7 74433.3
1 3197.27 3197.27 74820
9 2613.79 2613.79 74406.7
4 5490.86 5490.86 77212
4 1623.4 3246.8 73400.5
2 4510.25 18041 76559.2
6 453.065 453.065 72560.8
5 4125.53 16502.1 77079.5
0 1452.61 1452.61 74438.2
7 3209.67 6419.33 76313.6
31
7 862.999 862.999 66774.5
1 317.143 634.286 66294.2
2 129.403 517.611 66581.2
5 1080.63 4322.52 67829.4
0 586.558 586.558 66768.9
3 218.237 218.237 66724
4 674.053 1348.11 66882
9 1358.12 1358.12 67637.7
1 1525.86 3051.71 68039.5
3 1515.1 1515.1 68182.2
2 913.241 1826.48 69261.4
4 1094.67 2189.33 68969
0 570.224 570.224 69136.9
9 1078.14 1078.14 69939.1
5 1100.82 1100.82 70262.1
1 1059.49 1059.49 70421.5
3 843.089 843.089 70325.2
7 341.125 341.125 70136.3
4 1054.18 1054.18 71071
6 888.924 888.924 71301.8
2 679.008 679.008 71262.1
0 431.578 431.578 71080
3 1859.49 1859.49 72515.6
1 1776.8 3553.61 72673.6
7 716.274 716.274 71720.3
9 830.286 830.286 72396.1
5 1470.56 2941.13 73060.5
4 1002.32 1002.32 73044.6
8 838.738 838.738 73465.6
6 494.982 494.982 72694.2
2 564.868 2259.47 73087.6
37
7 862.999 862.999 66774.5
1 317.143 634.286 66294.2
2 129.403 517.611 66581.2
5 1080.63 4322.52 67829.4
0 586.558 586.558 66768.9
3 218.237 218.237 66724
4 674.053 1348.11 66882
9 1358.12 1358.12 67637.7
1 1525.86 3051.71 68039.5
2 1372.36 1372.36 68039.5
4 561.067 1122.13 68788.2
0 541.467 541.467 69224.5
2 1447.58 5790.32 69997.7
7 652.174 652.174 69310.1
3 591.356 591.356 69356.8
5 1076.45 1076.45 70251.9
1 1119.33 1119.33 70470
9 911.812 911.812 70393.9
6 921.172 921.172 70716.3
4 1147.16 1147.16 71164
0 991.286 991.286 71404.1
7 1067.21 1067.21 71650.3
3 905.097 905.097 71553.6
1 1665.79 1665.79 72321.9
2 960.498 1921 71857.3
5 1118.15 2236.29 72323.9
3 2156.46 2156.46 73495.8
9 925.141 925.141 72482.3
4 2021.58 2021.58 74370.1
2 1244.16 2488.32 73101
8 1655.83 3311.66 73999.5
6 1078.66 1078.66 76146.6
9 2225.24 2225.24 74833.9
5 1579.35 3158.7 74205.4
7 1518.1 3036.2 73961.1
2 2579.87 2579.87 75402.1
1 1108.41 2216.82 73824.9
27
1 849.189 849.189 66762.8
0 135.689 135.689 66130.9
4 1040.52 1040.52 67667
2 71.4152 71.4152 66751
5 1034.42 2068.84 68018.6
0 929.931 929.931 68201.3
2 1330.17 2660.33 68729.3
7 829.663 1659.33 67966.4
3 479.232 479.232 68355.1
9 1058.19 1058.19 70267.7
8 1392.39 5569.58 70497.2
5 1121.72 1121.72 70377.2
3 1015.9 1015.9 70498
4 172.644 172.644 69967.8
0 796.717 796.717 70813.5
7 476.732 476.732 70889.6
2 582.659 582.659 71165.8
9 2198.58 2198.58 72847
3 2032.25 2032.25 72688.4
5 1340.09 2680.18 72236.9
1 195.93 195.93 71199.9
0 1925.69 1925.69 73491.5
4 1953 3905.99 73542.9
2 2263.72 2263.72 74306
6 133.55 133.55 72760.4
7 98.1922 98.1922 72297.4
8 1236.34 4945.36 73759.1
39
6 241.292 241.292 66267.9
2 160.277 320.555 65878.5
1 238.384 476.769 66569.1
7 858.32 858.32 66906.1
0 96.1445 96.1445 66411.4
4 376.525 753.051 67089.3
5 1154.09 4616.37 67472.5
8 903.794 3615.18 67438.9
7 1828.64 3657.29 68379.2
3 470.872 470.872 67371
2 835.329 3341.32 67980.6
4 1595.81 1595.81 68474.3
0 1298.59 1298.59 68513.9
5 1153.45 2306.91 69501.6
1 1233.9 2467.8 69108.3
9 520.432 520.432 69087.1
3 573.926 573.926 69434.9
4 1577.73 1577.73 70739
1 1674.81 1674.81 71036.8
2 1113.08 4452.32 70466.6
8 1059.06 1059.06 70877.2
0 917.001 917.001 70779.4
7 887.823 1775.65 71356.4
6 1426.21 1426.21 71842.2
5 1868.49 3736.98 72306.1
4 2355.12 4710.23 72730.1
7 2708.51 5417.03 73402.4
3 567.17 567.17 71668
8 1964.82 3929.65 72994.1
9 1465.06 1465.06 72960.9
1 1568.3 3136.59 73321.3
1 4108.03 4108.03 75739.4
5 2969.88 5939.76 74458.6
3 2794.33 2794.33 74688.6
2 1244.3 4977.21 72990.9
8 2493.76 4987.52 75249.6
0 700.193 700.193 73003.8
2 2303.68 4607.37 74520.4
6 1105.03 1105.03 74045.9
33
7 862.999 862.999 66774.5
1 317.143 634.286 66294.2
2 129.403 517.611 66581.2
5 1080.63 4322.52 67829.4
0 586.558 586.558 66768.9
3 218.237 218.237 66724
4 674.053 1348.11 66882
9 1358.12 1358.12 67637.7
1 1525.86 3051.71 68039.5
3 1515.1 1515.1 68182.2
2 1259.33 2518.67 68632.5
9 1746.17 1746.17 69840.6
0 862.496 862.496 68845.8
4 793.334 793.334 68961.9
1 1669.26 3338.53 70086.2
5 1537.84 6151.37 70134.5
2 1863.04 3726.08 71159
3 1047.36 1047.36 70002.5
8 1860.01 7440.04 70809.3
0 1817.8 1817.8 71299.9
7 341.125 341.125 70136.3
1 2171.28 2171.28 72188.1
6 888.924 888.924 71301.8
4 1182.43 1182.43 71765.5
9 907.078 907.078 71555.5
3 768.616 768.616 71424.8
5 1097.37 2194.74 71994.2
7 390.137 390.137 72012
8 1694.22 6776.88 73445.5
2 1758.7 3517.4 73712.3
0 1398.41 1398.41 73343.4
3 1461.47 1461.47 73493.3
1 1187.98 1187.98 74294.8
33
7 862.711 862.711 66735.4
2 41.8641 83.7281 66748.9
8 1028.6 2057.21 67746.5
1 256.355 512.711 67376.5
6 630.235 630.235 67386.9
4 273.479 546.958 67339.8
0 1223.32 1223.32 68247.7
3 195.865 195.865 67517.1
5 472.967 472.967 68060.5
2 1007.36 2014.71 69229.8
3 1383.67 1383.67 70341.3
7 579.001 579.001 69096.4
4 800.005 800.005 69398.3
1 632.402 1264.8 69784.4
9 927.896 927.896 70110
5 581.948 2327.79 69802.6
4 2586.57 5173.13 71497.6
0 953.865 953.865 70616.7
2 1768.8 7075.19 71524.5
5 1863.11 7452.43 72230.1
9 2069.31 2069.31 72378.6
0 2411.67 2411.67 72566.2
8 488.911 1955.64 71376.6
3 1654.76 1654.76 73008.2
1 1587.76 3175.52 72581.2
7 421.469 421.469 71924.2
6 195.93 195.93 71199.9
2 1953.64 1953.64 73519.4
4 1994.23 3988.46 73584.2
0 2497.55 2497.55 74539.8
6 820.782 820.782 73447.6
7 1117.38 1117.38 73316.6
8 1445.91 5783.62 73968.7
41
6 241.292 241.292 66267.9
2 160.277 320.555 65878.5
1 238.384 476.769 66569.1
7 858.32 858.32 66906.1
0 96.1445 96.1445 66411.4
4 376.525 753.051 67089.3
5 1154.09 4616.37 67472.5
8 903.794 3615.18 67438.9
7 1828.64 3657.29 68379.2
3 470.872 470.872 67371
2 835.329 3341.32 67980.6
1 1526.02 1526.02 68404.5
0 1298.59 1298.59 68513.9
4 768.429 1536.86 68995.5
1 1969.86 1969.86 70652.9
5 1146.76 4587.03 69696.8
3 947.07 947.07 69605
9 309.414 309.414 69074.9
2 860.946 860.946 70036.4
9 1690.5 1690.5 71041.2
4 1096.46 1096.46 70759.3
5 2235.81 8943.23 71991.5
8 1544.29 6177.14 71911.3
0 437.823 437.823 70747.2
0 2542.16 2542.16 72696.7
2 2099.53 8398.1 72987.2
9 2423.82 2423.82 73777.3
7 3212.65 6425.3 74206.1
3 149.032 149.032 71651.7
4 2050.96 4101.93 73256.7
0 2866.01 2866.01 74205.3
1 3887.02 3887.02 75444.2
8 4468.64 4468.64 76817.2
5 1899.09 3798.19 73755.9
1 1027.62 2055.23 73371.3
6 396.776 396.776 75464.7
7 3820.06 3820.06 76428.7
4 2512.17 5024.34 75138.2
8 1779.1 3558.21 74222.1
0 3896.19 3896.19 76718.4
5 2542.38 5084.77 75258.9
31
1 849.189 849.189 66762.8
0 135.689 135.689 66130.9
4 1040.52 1040.52 67667
2 71.4152 71.4152 66751
5 1034.42 2068.84 68018.6
0 929.931 929.931 68201.3
2 1330.17 2660.33 68729.3
7 829.663 1659.33 67966.4
1 1470.03 2940.07 69697.1
3 1053.7 1053.7 69736.7
5 1882.06 7528.25 70432.1
7 952.379 952.379 69610.3
9 309.414 309.414 69074.9
4 1071.2 1071.2 70246.6
9 1690.5 1690.5 71041.2
2 1217.61 4870.46 70991.3
5 2676.16 10704.7 72944.1
8 887.106 1774.21 70891.5
4 2078.04 4156.08 72134.1
6 565.149 565.149 70947.6
7 1767.5 3535 72681.4
1 1815.6 3631.21 72646.4
4 3858.03 7716.05 74919.5
8 2376.47 4752.93 73638.9
0 256.775 256.775 71627.8
3 720.636 720.636 72342.5
2 1876.19 7504.74 73627.5
5 3715.83 7431.65 75669.4
9 1029.55 1029.55 72974.6
0 2108.74 2108.74 74140.6
9 2579.84 2579.84 75686.7
34
7 862.711 862.711 66735.4
2 41.8641 83.7281 66748.9
8 1028.6 2057.21 67746.5
1 256.355 512.711 67376.5
6 630.235 630.235 67386.9
4 273.479 546.958 67339.8
0 1223.32 1223.32 68247.7
3 195.865 195.865 67517.1
5 472.967 472.967 68060.5
2 1007.36 2014.71 69229.8
3 1383.67 1383.67 70341.3
7 579.001 579.001 69096.4
4 800.005 800.005 69398.3
1 632.402 1264.8 69784.4
9 927.896 927.896 70110
5 581.948 2327.79 69802.6
4 2586.57 5173.13 71497.6
2 4271.99 8543.98 74176.2
0 609.142 609.142 69948.6
6 1324.45 1324.45 70877.3
3 3141.34 3141.34 73197
2 1348.15 5392.59 71313.9
9 2752.45 2752.45 72963
0 2851.8 2851.8 73197.9
1 2237.93 4475.87 72522.9
5 1540.99 6163.95 72216.8
7 894.742 894.742 72030.6
8 195.93 195.93 71199.9
5 2736.59 2736.59 74302.4
4 1994.23 3988.46 73584.2
1 2908.59 2908.59 74950.9
6 1145.08 1145.08 73771.9
7 1997.69 1997.69 74196.9
8 1269.28 5077.13 73792
29
7 862.999 862.999 66774.5
1 317.143 634.286 66294.2
2 129.403 517.611 66581.2
5 1080.63 4322.52 67829.4
0 586.558 586.558 66768.9
3 218.237 218.237 66724
4 674.053 1348.11 66882
9 1358.12 1358.12 67637.7
1 1525.86 3051.71 68039.5
2 1372.36 1372.36 68039.5
3 639.778 639.778 68515.6
0 442.753 442.753 69652.3
8 1392.39 5569.58 70497.2
4 358.906 358.906 69614.4
2 700.348 700.348 70182.5
7 341.125 341.125 70136.3
9 658.604 658.604 70675.4
6 888.924 888.924 71301.8
3 708.425 708.425 71291.5
1 423.151 423.151 71071.6
5 143.486 143.486 70799.6
4 577.273 1154.55 71474.1
7 716.274 716.274 71720.3
2 1557.1 1557.1 73122.9
5 927.573 1855.15 72517.5
9 606.744 606.744 72649
0 527.276 527.276 73154.1
8 98.1922 98.1922 72297.4
5 2230.97 8923.86 74753.7
30
7 862.711 862.711 66735.4
2 41.8641 83.7281 66748.9
8 1028.6 2057.21 67746.5
1 256.355 512.711 67376.5
6 630.235 630.235 67386.9
4 273.479 546.958 67339.8
0 1223.32 1223.32 68247.7
3 195.865 195.865 67517.1
2 1080.91 2161.83 69429.1
5 440.456 880.913 68314.8
9 520.432 520.432 69087.1
4 498.967 498.967 69359.9
1 479.951 479.951 69641.3
3 305.426 305.426 69667.4
0 1083.26 1083.26 70746.1
5 360.513 1442.05 70116.2
2 1109.33 4437.31 71476.4
4 1055.41 1055.41 71364.7
9 973.698 973.698 71128.3
8 488.911 1955.64 71376.6
3 1050.03 1050.03 72403.5
1 1308.58 2617.15 72302.1
7 793.199 793.199 72295.9
6 195.93 195.93 71199.9
5 545.356 545.356 72111.1
4 1996.67 3993.33 73586.6
9 1059.58 1059.58 73101.8
6 820.782 820.782 73447.6
8 569.771 569.771 72769
2 779.113 3116.45 73301.9
41
7 240.539 240.539 65976.2
2 163.906 327.812 66296.8
1 136.788 273.577 66901
5 1500.39 6001.55 68146.9
0 793.929 793.929 67780.9
2 1934.89 7739.54 68498.8
6 455.495 455.495 67356
4 935.83 1871.66 68020.3
3 2653.48 2653.48 69543.2
8 1629.12 3258.23 68631
4 2756.79 5513.59 70235.3
9 1656.91 1656.91 69134.4
7 1347.08 2694.16 68846.7
9 4263.65 4263.65 71851.2
1 1638.63 3277.25 69861.1
0 2429.36 2429.36 71387
0 616.286 616.286 69133.7
7 3135.93 3135.93 71734.3
2 2290.5 4581 71442.5
4 3463.36 3463.36 72645.4
5 1787.75 7150.99 71008.4
1 3024.01 6048.03 71935
9 4823.16 4823.16 74305.3
8 720.154 720.154 70515.3
4 5141.28 5141.28 75158.1
3 1470.08 1470.08 71882.9
0 3144.1 3144.1 73727.2
1 5223 5223 75871.5
5 5638.98 5638.98 76295.1
7 2828.61 5657.23 73725.5
2 2530.12 5060.23 73559.4
6 1724.49 1724.49 73220.3
5 3119.85 6239.7 74872.8
9 5541.56 5541.56 77172.9
1 2598.85 5197.7 74087.5
6 4236.7 4236.7 76131
5 1348.33 5393.33 73095
7 3225.11 6450.23 75981
3 2685.63 2685.63 74989.2
2 3412.24 6824.47 75629
8 506.098 506.098 73446.9
37
7 240.539 240.539 65976.2
2 163.906 327.812 66296.8
1 136.788 273.577 66901
5 1500.39 6001.55 68146.9
0 793.929 793.929 67780.9
2 1934.89 7739.54 68498.8
6 455.495 455.495 67356
4 935.83 1871.66 68020.3
3 2653.48 2653.48 69543.2
8 1629.12 3258.23 68631
1 1637.54 3275.08 69116
9 1656.91 1656.91 69134.4
7 1347.08 2694.16 68846.7
4 2161.49 4322.98 70388.6
0 3213.75 3213.75 71896.8
5 2275.75 9103 70825.8
0 766.796 766.796 69424.7
9 3141.14 3141.14 71906.6
9 5009.23 5009.23 74184.6
5 5732.78 5732.78 75083.5
8 2313.64 9254.56 72087.3
2 1286.22 5144.89 71554.2
7 930.16 1860.32 70934.5
4 2220.01 4440.03 72276
6 1025.96 1025.96 71408.4
1 1990.12 3980.25 72904
8 3274.8 6549.61 74105.6
5 2055.71 4111.41 73117.2
7 2419.52 4839.04 73681.9
9 4976.89 4976.89 76347.9
3 195.93 195.93 71199.9
7 5056.58 5056.58 76622.4
4 2907.95 5815.9 74497.9
4 4857.83 4857.83 76900.1
3 820.782 820.782 73447.6
6 601.582 601.582 72800.8
2 1382.17 5528.69 73904.9
36
6 241.292 241.292 66267.9
2 160.277 320.555 65878.5
1 238.384 476.769 66569.1
7 858.32 858.32 66906.1
0 96.1445 96.1445 66411.4
4 376.525 753.051 67089.3
5 1154.09 4616.37 67472.5
8 903.794 3615.18 67438.9
7 1828.64 3657.29 68379.2
3 470.872 470.872 67371
2 835.329 3341.32 67980.6
4 1595.81 1595.81 68474.3
0 1298.59 1298.59 68513.9
9 525.122 525.122 68112.6
1 1306.71 2613.43 69529.2
3 729.697 729.697 69687.3
8 1061.52 1061.52 69578.9
0 1328.23 1328.23 69926.6
4 1730.18 3460.36 70882.2
5 651.927 651.927 69834
2 949.079 3796.32 70169.7
1 2692.1 5384.2 71603.1
9 1084.63 1084.63 70566.7
7 622.049 622.049 70417.2
0 1723.38 1723.38 71740.2
6 1314.73 1314.73 71727.6
3 1733.79 1733.79 72316.9
2 1305.17 1305.17 71953.6
9 2100.98 2100.98 72757.1
5 1093.03 2186.07 71989.9
8 575.101 575.101 72197
5 2326.84 9307.34 74078.1
1 1212.68 2425.35 73166.2
4 977.354 977.354 72922.4
0 1849.36 1849.36 73881.2
2 1636.53 1636.53 74743.3
37
7 240.539 240.539 65976.2
2 163.906 327.812 66296.8
1 136.788 273.577 66901
5 1500.39 6001.55 68146.9
0 793.929 793.929 67780.9
2 1934.89 7739.54 68498.8
6 455.495 455.495 67356
4 935.83 1871.66 68020.3
3 2653.48 2653.48 69543.2
8 1629.12 3258.23 68631
1 1637.54 3275.08 69116
9 1656.91 1656.91 69134.4
7 1347.08 2694.16 68846.7
4 2313.99 2313.99 70189.8
1 2233.51 2233.51 71443
5 1660.69 6642.76 70765.5
9 2057.56 2057.56 71313.1
9 3414.01 3414.01 73076.8
2 1531.4 6125.61 71287.1
8 1764.31 7057.22 72131.3
7 4027.41 4027.41 74336.8
7 1956.54 1956.54 72111.1
5 2051.15 8204.62 72938.8
3 2185.29 2185.29 73538.7
4 1218.67 2437.35 72212.2
0 727.947 727.947 72230.6
8 3937.04 15748.2 75166.6
2 3018.32 12073.3 74696.4
0 3966.8 3966.8 75589.5
1 4716.62 4716.62 76509.5
9 4264.39 4264.39 75985.6
1 1714.09 3428.17 73491.1
5 4360.09 17440.4 76409
6 1004.66 1004.66 73112.4
8 4591.74 18366.9 77545.8
6 2360.01 2360.01 75345.6
4 1794.54 3589.07 74898.4
