63
2 146.331 585.323 65716.5
3 184.024 184.024 66096.7
5 302.314 1209.26 66229.2
4 273.479 273.479 66226.8
0 606.3 606.3 66706.3
1 489.665 979.33 66423.2
2 1468.95 1468.95 67682.1
5 1947.43 7789.73 68200.5
4 1831.31 1831.31 68029.8
1 2144.42 4288.85 68534
3 2560.62 2560.62 69255.1
2 3280.21 13120.9 69676
4 3214.34 6428.68 69538.9
1 4009.05 8018.11 70487.7
2 6315.93 25263.7 72962.5
1 7630.54 15261.1 74027.8
4 5697.69 11395.4 72340.9
5 4681.64 18726.6 71656.6
0 2415.47 2415.47 69528.7
0 6025.21 6025.21 72933.4
2 8959.73 35838.9 75712.9
1 9797.82 19595.6 76937.4
4 7597.05 15194.1 74658.1
1 12330.5 24661 79489.8
5 8544.4 34177.6 75893
4 10042.7 20085.5 77183.3
3 4332.45 4332.45 71809.9
1 14619.7 29239.3 82194.7
0 7451.6 7451.6 74877.7
3 7085.05 7085.05 74991.3
4 11337.9 22675.9 78928.8
0 8816.31 8816.31 77208
4 13195 26390.1 81166.3
0 10725.1 10725.1 79120.2
1 15725.7 31451.5 84210.8
3 8476.74 8476.74 77240.8
0 12887 12887 81627.5
2 8505.73 34022.9 78279.9
5 10267.3 41069.2 79970
3 9313.26 9313.26 78625.7
4 13720.4 27440.8 83546.5
1 16221.3 32442.6 86067.8
4 15474 30947.9 85653.5
1 18334.5 36668.9 88186.6
3 11109.8 11109.8 81578.5
0 12982.5 12982.5 83375.5
3 13593.5 13593.5 84388.7
4 19122.3 38244.6 89638.7
5 16137 32274 86692.8
5 7267.91 29071.6 77876.7
2 9794.89 39179.5 80715.8
2 12950 51800.2 83487.3
5 11506.2 46024.9 82889.9
0 14050.3 14050.3 85881.2
2 15546.7 62186.9 87714.4
2 17783.3 35566.6 89734.2
5 12889.2 51556.9 84876.6
1 18050.3 36100.5 90133.7
0 15528.6 15528.6 87868
5 19990.1 39980.2 92463.7
3 16858.8 16858.8 89142.1
5 16078.7 64314.8 89050.6
4 18584.4 37168.9 91422.1
63
4 276.138 552.276 66153.7
5 284.315 568.629 66139.3
3 180.119 180.119 66180.4
2 296.525 1186.1 66213
1 354.503 354.503 66421.1
0 511.21 511.21 66146.5
5 2329.07 9316.28 68284.3
2 1964.45 7857.79 68162.3
0 5744.05 5744.05 71886.4
2 3917.42 15669.7 70206.6
4 1823.09 1823.09 68119.2
3 1957.24 1957.24 68167.6
0 2122.59 2122.59 68354.1
1 2434.51 4869.02 68727.9
1 5015.84 10031.7 71376.6
4 3542.56 3542.56 70121.9
3 3267.94 3267.94 70018.8
0 10076.9 10076.9 76720.2
3 5502.41 5502.41 72098.8
0 14196.9 14196.9 81043.9
5 3548.3 14193.2 70749.9
2 8526.13 34104.5 75784.5
1 9430.61 18861.2 77777.8
4 4488.99 8977.98 72529
1 5587.55 11175.1 74323.6
2 4808.65 19234.6 73054.7
5 4275.82 17103.3 72626.4
3 5524.01 5524.01 74087.6
3 7691.17 7691.17 76035.8
4 5969.09 11938.2 74656.3
3 9333.99 9333.99 78303.5
0 9803.73 9803.73 78909.4
3 11403.8 11403.8 80788
0 14148.1 14148.1 83608.3
4 8819.38 17638.8 77759
3 13476.3 13476.3 82785.6
4 9925.85 19851.7 79134.7
0 16610.9 16610.9 86331.3
5 4918.67 19674.7 75482.9
3 15948.4 15948.4 85928.3
2 8774.04 35096.2 78778.9
1 18621 18621 88782.3
1 9352.56 18705.1 79949
5 12089.2 24178.3 83153.4
1 10536.4 21072.8 82025.9
5 13467.8 13467.8 85002.5
5 17426.5 17426.5 88900.7
2 16007.3 16007.3 87400.9
3 16013.2 16013.2 87840.5
4 15756.9 15756.9 87184.1
4 11480.2 22960.5 83247.8
5 5873.74 23495 77814.6
2 9184.63 36738.5 81166.4
1 12658.7 25317.4 84375.3
5 8050.58 32202.3 80039.5
5 15196 15196 87070.2
1 14348.7 28697.5 86784.8
2 13542.5 27085 85837.7
2 10960.3 43841.2 83524.2
4 16942.8 16942.8 89934.8
0 15794.6 15794.6 88335
4 12619.5 25239 85265.2
2 16201.7 16201.7 88968.5
42
2 127.601 255.203 66199
4 110.598 110.598 66104.9
3 148.116 148.116 66048.6
5 342.119 684.239 66143.3
5 2182.95 8731.79 67984.6
0 638.506 638.506 66580.2
2 2400.23 9600.9 68651.5
1 628.121 1256.24 66812
5 3573.83 14295.3 69923.5
3 1749.4 1749.4 68114.2
4 2047.82 2047.82 68625.5
0 2101.37 2101.37 68624.5
1 2086.87 2086.87 68663.3
2 4223.62 16894.5 70585.8
1 6463.22 12926.4 75775.9
4 4172.07 8344.15 70545.1
2 5728.24 22913 72528
1 10735.8 21471.7 77871.8
3 2602.32 2602.32 70082
4 5958.64 11917.3 73501.1
0 2498.7 2498.7 70732.8
5 3561.57 7123.14 71851.1
3 2843.77 2843.77 71838.9
4 6577.67 13155.3 75587.6
0 5256.05 5256.05 74894.4
0 2606.63 2606.63 72190.4
3 5224.47 5224.47 74940.6
0 6944.35 6944.35 76834.1
5 3164.51 12658 73655.9
4 8697.93 17395.9 79484
2 10960.3 21920.6 84231.3
2 3123.66 12494.7 74507.3
3 9327.79 9327.79 81158.7
5 3480.4 13921.6 75648.1
5 5716.97 11433.9 77667.8
2 4506.67 18026.7 76494
1 7841.26 15682.5 79924.7
3 6673.51 6673.51 79012.9
5 8607.35 17214.7 81080.9
0 7867.13 7867.13 80150.4
2 5649.12 22596.5 78621
4 8513.64 17027.3 81351.3
46
2 290.258 1161.03 65998.3
4 185.853 185.853 66041.2
5 441.875 883.749 66096.4
1 656.849 1313.7 66620.2
4 1837.06 3674.12 67801.3
3 146.983 146.983 66224.8
0 582.402 582.402 66980.6
2 1727.81 6911.26 68229.1
5 3040.34 12161.4 69585.3
1 3048.07 6096.15 69376.1
1 6119.06 12238.1 72490.4
3 1554.36 1554.36 68245.2
4 3446.29 6892.57 69807.7
1 7691.84 15383.7 74293.3
2 6807.64 13615.3 73981.4
4 6349.39 12698.8 73124.7
5 5575.69 11151.4 72946.7
0 1905.15 1905.15 69053.7
2 3807.86 15231.4 71026.9
3 3096.95 3096.95 71003.2
1 8447.93 16895.9 76038.8
0 3403.12 3403.12 71794.8
4 7931.12 15862.2 75902.4
0 5311.88 5311.88 73707
1 9569.92 19139.8 78055
3 4488.64 4488.64 73252.7
0 7473.84 7473.84 76214.3
3 6176.56 6176.56 75485.9
4 8777.39 17554.8 77986.2
0 12376.4 12376.4 82096.7
5 7548.2 30192.8 78112.4
3 8648.65 8648.65 78628.6
5 5251.08 21004.3 75255.9
0 8825.07 8825.07 78986.4
1 9071.41 18142.8 79667.8
2 6007.53 24030.1 77391.2
3 8827.48 8827.48 80658.4
5 8923.49 35694 81091.2
4 9695.19 19390.4 81646.1
2 7390.53 29562.1 79377.9
1 9992.07 19984.1 82075.5
3 10305.7 10305.7 82645.1
2 12444.4 24888.8 84918
0 11638 11638 83921.3
2 8532.99 34131.9 81504.9
5 10120.9 20241.7 82958.5
53
2 127.601 255.203 66199
4 110.598 110.598 66104.9
3 148.116 148.116 66048.6
5 342.119 684.239 66143.3
5 2182.95 8731.79 67984.6
0 638.506 638.506 66580.2
2 2400.23 9600.9 68651.5
1 628.121 1256.24 66812
5 3573.83 14295.3 69923.5
3 1749.4 1749.4 68114.2
4 2047.82 2047.82 68625.5
0 2101.37 2101.37 68624.5
1 2086.87 2086.87 68663.3
2 4223.62 16894.5 70585.8
1 6463.22 12926.4 75775.9
4 4172.07 8344.15 70545.1
2 5728.24 22913 72528
1 10735.8 21471.7 77871.8
3 2602.32 2602.32 70082
0 3476.27 3476.27 71382.5
4 4699.76 9399.51 72290.6
0 5456.21 5456.21 73847.9
5 4682.29 9364.59 72653.6
3 3927.12 3927.12 72322.2
4 5821.74 11643.5 74306.8
0 7333.3 7333.3 76097.3
3 6089.08 6089.08 74829.6
3 7477.26 7477.26 77115.6
0 8706.01 8706.01 78289.8
0 11314.1 11314.1 81030.2
3 9165.56 9165.56 79055.3
2 3989.47 15957.9 74480.9
4 5688.89 11377.8 76474.9
4 8814.18 17628.4 82085.2
1 8731.24 17462.5 80008.7
0 13886.5 13886.5 85038.4
1 10765.7 21531.4 82096.7
1 12824 25647.9 84040
2 12993.7 25987.4 84109.9
3 11111.3 11111.3 82409.2
2 14960.6 29921.3 86523.8
4 12346.3 24692.6 83885
3 12594.7 12594.7 84262.1
5 6162.13 24648.5 77935.6
5 13883 27766.1 85841.7
5 4074.13 16296.5 75955.2
3 14095.9 14095.9 86061.6
5 15740.8 31481.6 87839.9
2 6066.2 24264.8 78023
4 14183.1 28366.2 86925.9
5 8790.04 35160.2 81730.6
2 7038.89 28155.6 80048.6
1 12957.9 25915.7 85869.8
59
4 276.138 552.276 66153.7
5 284.315 568.629 66139.3
3 180.119 180.119 66180.4
2 296.525 1186.1 66213
1 354.503 354.503 66421.1
0 511.21 511.21 66146.5
5 2329.07 9316.28 68284.3
2 1964.45 7857.79 68162.3
0 5744.05 5744.05 71886.4
2 3917.42 15669.7 70206.6
4 1823.09 1823.09 68119.2
3 1957.24 1957.24 68167.6
0 2122.59 2122.59 68354.1
1 2434.51 4869.02 68727.9
1 5015.84 10031.7 71376.6
4 3542.56 3542.56 70121.9
3 3267.94 3267.94 70018.8
0 10076.9 10076.9 76720.2
3 5502.41 5502.41 72098.8
0 12218.2 12218.2 79065.2
5 3548.3 14193.2 70749.9
2 6301.54 25206.1 73559.9
2 9393.09 37572.4 77589.5
4 5617.14 11234.3 73594.7
1 8402.96 16805.9 77377.5
3 5414.24 5414.24 74290.4
3 7059.78 7059.78 76052.2
1 4683.64 9367.28 73917.7
4 6237.52 12475 75656.3
3 8845.07 8845.07 78457.9
0 11655.8 11655.8 81313.7
1 10154.3 20308.6 79875.3
3 11378.3 11378.3 81378.6
5 2599.46 10397.9 72883.1
5 5208.49 20834 75699.8
4 7860.23 15720.5 78231.6
5 7807.11 31228.5 78778.1
0 12417.4 12417.4 83578.9
5 9776.33 39105.3 80979.9
0 14162.7 14162.7 85400.6
4 10295.6 20591.3 81533.7
3 12069.6 12069.6 83320.1
1 12623.5 25247 83865.6
1 10469.8 20939.5 81923.8
3 13696.9 13696.9 84901.8
3 15365.8 15365.8 86705.9
4 11992.2 23984.4 83502.1
2 15663.1 31326.2 87140.2
2 8458.92 33835.7 80009.4
2 11838.4 47353.6 83468.5
5 14217.4 56869.6 86036.8
4 13462.2 26924.5 85482.4
5 11933.5 47734.1 84069.4
3 16544.5 16544.5 88707.4
4 15311.3 30622.7 87502.3
1 15464.1 30928.2 87955.1
5 15479.8 15479.8 87998.2
1 12839.4 25678.8 85650.2
0 14338 14338 87205.5
57
2 290.258 1161.03 65998.3
4 185.853 185.853 66041.2
5 441.875 883.749 66096.4
1 656.849 1313.7 66620.2
4 1837.06 3674.12 67801.3
3 146.983 146.983 66224.8
0 582.402 582.402 66980.6
2 1727.81 6911.26 68229.1
5 3040.34 12161.4 69585.3
1 3048.07 6096.15 69376.1
1 6119.06 12238.1 72490.4
3 1554.36 1554.36 68245.2
4 3446.29 6892.57 69807.7
1 7691.84 15383.7 74293.3
4 5439.47 10878.9 72613.2
5 6802.15 13604.3 73577.4
1 9697.98 19396 77069
0 1905.15 1905.15 69053.7
2 3807.86 15231.4 71026.9
4 7418.08 14836.2 75013.3
1 12165.7 24331.3 79785.9
0 5221.89 5221.89 75150.6
5 8480.9 16961.8 76395.6
2 4454.59 17818.4 72909.2
3 1584.64 1584.64 70200.4
4 10112.9 20225.7 79205.3
0 9887.27 9887.27 78868
3 2992.26 2992.26 72054.2
3 6234.64 6234.64 75541.7
0 12057.4 12057.4 81366.7
1 13588.7 27177.3 82797.5
3 9646.26 9646.26 79366.6
2 5201.43 20805.7 75765.6
0 14529.5 14529.5 84509.4
5 8699.91 34799.6 78704.8
3 11977.4 11977.4 82138.7
4 10221.7 20443.5 80818.1
1 15558 31116 86622.2
4 11405.6 22811.2 82895.1
0 14823.8 14823.8 86358.6
3 13991.2 13991.2 85465.4
3 17163.4 17163.4 88557
1 16707.1 16707.1 88534.5
5 14532.3 14532.3 85959.5
4 13553.6 27107.1 85321.1
2 6156.5 24626 78097.4
2 9008.9 36035.6 80990.6
5 16076 32152.1 87792.6
2 11257 45028 83245.9
3 15119.6 15119.6 86993.8
5 11005.6 22011.2 83441.6
4 15008.8 30017.5 87304
5 8498.68 33994.7 81062.6
0 16319.4 16319.4 89311.4
2 16257.4 16257.4 88797.8
2 14059.4 28118.8 86705.1
4 16104.8 16104.8 88871.7
56
4 276.138 552.276 66153.7
5 284.315 568.629 66139.3
3 180.119 180.119 66180.4
2 296.525 1186.1 66213
1 354.503 354.503 66421.1
0 511.21 511.21 66146.5
5 2329.07 9316.28 68284.3
2 1964.45 7857.79 68162.3
0 5744.05 5744.05 71886.4
2 3917.42 15669.7 70206.6
4 1823.09 1823.09 68119.2
3 1957.24 1957.24 68167.6
0 2122.59 2122.59 68354.1
1 2434.51 4869.02 68727.9
1 5015.84 10031.7 71376.6
4 3542.56 3542.56 70121.9
3 3267.94 3267.94 70018.8
0 10076.9 10076.9 76720.2
3 5502.41 5502.41 72098.8
0 12218.2 12218.2 79065.2
5 3548.3 14193.2 70749.9
2 6301.54 25206.1 73559.9
2 9393.09 37572.4 77589.5
4 5617.14 11234.3 73594.7
1 8402.96 16805.9 77377.5
3 5414.24 5414.24 74290.4
3 7059.78 7059.78 76052.2
1 4683.64 9367.28 73917.7
5 4679.88 9359.77 74098.7
4 6746.62 13493.2 76215.5
1 10411.3 20822.5 79856.4
3 9666.12 9666.12 79538.7
4 9498.32 18996.6 79307.4
1 11383.6 22767.2 81412.8
5 6616.82 26467.3 77387.2
0 10349.8 10349.8 81840.5
4 9785.6 19571.2 80849.8
1 11842.9 23685.8 83332.4
0 13336.3 13336.3 84871
3 12829.2 12829.2 84303.4
0 15578.9 15578.9 86972.4
2 13736.9 13736.9 85564.3
3 15933 15933 87360.2
5 14685.9 29371.9 86453.5
2 7985.74 31942.9 79926.6
5 7792.9 31171.6 79774.6
5 12765.3 25530.5 84481.8
2 10162.6 40650.3 82151.5
3 13957.6 13957.6 85831.8
4 10823.3 21646.5 83259.3
4 13777 27554.1 86072.3
5 9568.56 38274.2 82132.5
2 15525.2 15525.2 88517.2
1 15331.6 15331.6 87872
1 13133.6 26267.1 85779.2
4 14873.1 14873.1 87639.9
56
5 173.904 695.617 66071.9
4 315.065 630.131 66470
3 197.944 197.944 66247.5
2 2585.24 10341 68981.5
1 2453.18 2453.18 68960.3
0 361.4 361.4 66744.4
5 1636.12 1636.12 68043
3 1290.31 1290.31 68001.3
5 3444.99 13780 70045.3
4 1943.89 3887.77 68398.3
0 2703.05 2703.05 69651.7
3 3154.47 3154.47 70081.6
4 3230.26 6460.52 70208.3
2 6010.49 24041.9 73262.4
2 8295.18 33180.7 75688.3
0 6569.54 6569.54 74475.8
1 5559.76 11119.5 73150.6
0 3599.6 3599.6 71991.3
1 7416.88 14833.8 75388.2
3 3446.81 3446.81 71841.9
4 3533.42 7066.84 72018.5
3 5327.32 5327.32 74091.4
0 8242.68 8242.68 76983.2
5 3299.83 13199.3 73074
5 5554.73 22218.9 75257.4
3 6163.84 6163.84 75476.3
4 4634 9267.99 74460.1
1 8429.39 16858.8 78275.9
4 6387.55 12775.1 76567.1
1 10542.5 21085.1 80394.7
0 10002.9 10002.9 80471.6
3 7325.35 7325.35 77718.4
0 12486.6 12486.6 83281.8
4 10035.9 20071.8 80552.3
1 11809.5 23619 82365.3
2 7063.23 28252.9 77672
5 6772.35 27089.4 77693.3
5 9927.51 39710.1 80464.8
1 13156.2 26312.4 84704.8
3 8757.81 8757.81 80142
3 10772.7 10772.7 82304
0 16669.8 16669.8 87882.7
3 13186.2 13186.2 84750.9
2 14314.4 14314.4 86033.3
4 15964.4 15964.4 87879.6
3 16948.3 16948.3 88908.2
4 13741.8 13741.8 85858.5
3 14686.1 14686.1 86887.4
2 7203.34 28813.3 79732.3
4 17299.9 17299.9 89408.1
5 14952.7 14952.7 87314.1
2 15639.5 15639.5 88137.9
2 9465.75 37863 82613.7
1 14747.7 29495.4 87610.7
4 9988.28 19976.6 82977.5
5 11346.9 22693.8 84503.7
51
2 127.601 255.203 66199
4 110.598 110.598 66104.9
3 148.116 148.116 66048.6
5 342.119 684.239 66143.3
5 2182.95 8731.79 67984.6
0 638.506 638.506 66580.2
2 2400.23 9600.9 68651.5
1 628.121 1256.24 66812
5 3573.83 14295.3 69923.5
3 1749.4 1749.4 68114.2
4 2047.82 2047.82 68625.5
0 2101.37 2101.37 68624.5
1 2086.87 2086.87 68663.3
2 6279.12 25116.5 72641.3
1 6463.22 12926.4 75775.9
4 4172.07 8344.15 70545.1
2 3907.27 15629.1 70707
1 10735.8 21471.7 77871.8
3 2602.32 2602.32 70082
5 4013.28 16053.1 72209.7
4 6157.55 12315.1 74135.1
1 11937.2 23874.4 80911.7
0 1781.46 1781.46 70657.6
3 3310.3 3310.3 72302.7
5 5254.89 10509.8 74488.9
4 6777.93 13555.9 76196.7
2 9250.83 18501.7 78719.8
4 10550.4 21100.8 79995.6
0 4506.27 4506.27 74378.8
1 13605.3 27210.6 83414.4
2 11817.4 23634.9 81846.6
2 3943.58 15774.3 74713.9
3 3019.66 3019.66 74510.4
5 9195.04 18390.1 80743.7
0 7879.21 7879.21 79263.4
0 9894.12 9894.12 81425.4
3 6418.36 6418.36 77631.2
3 8085.13 8085.13 79649.8
0 12115.1 12115.1 83834
3 9755.66 9755.66 81670.9
5 13775.3 13775.3 85735.3
5 11597.7 11597.7 83714.4
2 13718.8 13718.8 85920
2 4245.25 16981 76774.2
3 11091.1 11091.1 83199.4
4 12080.1 12080.1 84441.5
3 12490.7 12490.7 84989.2
5 4424.89 17699.6 77572.8
2 10920.5 21841 83783.5
4 9431.5 18863 82420.8
1 12178.5 24357.1 85335.3
55
5 173.904 695.617 66071.9
4 315.065 630.131 66470
3 197.944 197.944 66247.5
2 2585.24 10341 68981.5
1 2453.18 2453.18 68960.3
0 361.4 361.4 66744.4
5 1636.12 1636.12 68043
3 1290.31 1290.31 68001.3
5 3444.99 13780 70045.3
4 1943.89 3887.77 68398.3
0 2703.05 2703.05 69651.7
3 3154.47 3154.47 70081.6
4 3230.26 6460.52 70208.3
2 6010.49 24041.9 73262.4
2 8295.18 33180.7 75688.3
1 4522.9 9045.8 72065.4
0 4042.69 4042.69 72276.8
4 3467.76 6935.51 71757.3
3 2740.81 2740.81 71736
1 5141.93 10283.9 74151.8
5 3299.83 13199.3 73074
5 5554.73 22218.9 75257.4
0 5169.16 5169.16 74481.6
4 4846.84 9693.69 74672.9
1 7909.86 15819.7 77756.3
1 10528.3 21056.5 80707.8
4 7970.89 15941.8 77823.1
3 4220.01 4220.01 74688.7
0 6330.67 6330.67 76723.7
0 10134.1 10134.1 80929.3
1 14176.6 28353.2 84693
4 9237.84 18475.7 79793.6
5 6948.02 27792.1 77556.8
5 8946.21 35784.8 79867.1
2 8575.69 34302.8 79113
4 10811.7 21623.3 81875.9
1 15123.2 30246.4 86612.6
3 6863.44 6863.44 78398.2
0 14219.8 14219.8 85694.1
3 9106.05 9106.05 80499.6
3 10584.5 10584.5 82411.9
0 17363 17363 88790.2
4 12080 24159.9 83847.5
2 11019 44075.9 82959.9
2 13871.4 55485.5 85853.1
1 17245.4 34490.9 88962
5 10103.1 40412.4 82092
3 12605.4 12605.4 84479.6
4 14229.8 28459.6 86665.8
5 15494.7 30989.4 87789.9
5 12912.5 51649.9 85476.4
3 14238.3 14238.3 87230.3
4 17101.7 17101.7 89642.1
2 15654.3 31308.6 88300
0 14494.9 14494.9 87261.8
65
2 127.601 255.203 66199
4 110.598 110.598 66104.9
3 148.116 148.116 66048.6
5 342.119 684.239 66143.3
5 2182.95 8731.79 67984.6
0 638.506 638.506 66580.2
2 2400.23 9600.9 68651.5
1 628.121 1256.24 66812
5 3573.83 14295.3 69923.5
3 1749.4 1749.4 68114.2
4 2047.82 2047.82 68625.5
0 2101.37 2101.37 68624.5
1 2086.87 2086.87 68663.3
2 4223.62 16894.5 70585.8
1 6463.22 12926.4 75775.9
4 4172.07 8344.15 70545.1
2 5728.24 22913 72528
1 10735.8 21471.7 77871.8
3 2602.32 2602.32 70082
0 3476.27 3476.27 71382.5
4 4699.76 9399.51 72290.6
0 5456.21 5456.21 73847.9
4 6556.88 13113.8 74528.2
3 3927.12 3927.12 72322.2
4 9086.43 18172.9 77571.5
0 7333.3 7333.3 76097.3
3 6089.08 6089.08 74829.6
5 3178.05 12712.2 72952.3
5 5432.96 21731.8 75135.6
0 8169.82 8169.82 77482.3
1 11090.9 22181.7 80916.9
4 9582 19164 79428.5
1 12844.4 25688.8 83023.9
4 11695.1 23390.3 81547.3
3 7849.24 7849.24 78318
0 9331.33 9331.33 79724.4
0 13134.8 13134.8 83930
1 16492.8 32985.5 87009.2
4 12962.1 25924.2 83517.9
2 3902.9 15611.6 74511.7
2 5901.09 23604.4 76822
2 9056.25 36225 79593.5
5 6645.81 26583.2 77616.8
3 11120.5 11120.5 82281.9
5 10863.6 43454.3 82067.2
0 17463.5 17463.5 88701.3
1 17575.3 35150.5 88813.3
3 12856.4 12856.4 84106.9
5 13605 27210.1 84847.1
4 14591.6 29183.3 86045.7
0 19078.1 19078.1 90283
3 14571 14571 85911
2 16281.3 32562.6 87791.2
5 15209.5 30419 86686.5
5 8070.11 32280.4 79620.6
2 10099.6 40398.6 81729.7
2 13542.7 54170.6 85362
2 17751.4 35502.7 89771.5
5 17119.7 68478.7 89255.5
3 15749.6 15749.6 87912.5
4 15874.7 31749.3 88065.6
1 18136.4 36272.7 90627.4
5 18213.9 18213.9 90732.4
4 17137.5 34275 89948.3
3 16998 16998 89865.4
51
5 173.904 695.617 66071.9
4 315.065 630.131 66470
3 197.944 197.944 66247.5
2 2585.24 10341 68981.5
1 2453.18 2453.18 68960.3
0 361.4 361.4 66744.4
5 1636.12 1636.12 68043
3 1290.31 1290.31 68001.3
5 3444.99 13780 70045.3
4 1943.89 3887.77 68398.3
0 2703.05 2703.05 69651.7
3 3154.47 3154.47 70081.6
4 3230.26 6460.52 70208.3
2 6010.49 24041.9 73262.4
2 8295.18 33180.7 75688.3
1 3707.06 7414.12 71302.3
1 7045.15 14090.3 74665.4
0 5362.34 5362.34 75291
4 5111.71 10223.4 73026.4
5 3888.97 15555.9 72343.5
3 3532.12 3532.12 72147.9
1 8019.89 16039.8 77112.4
0 11296.2 11296.2 80276.9
3 4939.75 4939.75 74001.6
3 8182.13 8182.13 77489.2
5 5237.92 20951.7 75012.1
5 7492.83 29971.3 77195.5
0 7764.44 7764.44 77076.9
4 5580.43 11160.9 75406.5
1 9122.86 18245.7 78969.3
4 7333.99 14668 77513.5
1 11236 22472 81088.2
0 15981.7 15981.7 86450.4
3 11082.3 11082.3 81475.3
0 12291.9 12291.9 83087.1
4 10982.3 21964.7 81498.8
1 12503 25005.9 83058.7
2 7063.23 28252.9 77672
5 12962.6 51850.6 83883.6
5 9429.74 37719 79967
2 8684.65 34738.6 80068.3
3 12150.1 12150.1 83981
2 12194 48776 84361.7
1 13127.6 26255.2 85078.5
2 10067.7 40270.6 82055
4 11362.4 22724.8 83445.8
3 13628.4 13628.4 85967.8
5 14767.4 29534.8 87241
1 15086.4 15086.4 87369.7
2 13747.6 54990.4 86719.5
4 12519.7 25039.4 85357.4
54
5 173.904 695.617 66071.9
4 315.065 630.131 66470
3 197.944 197.944 66247.5
2 2585.24 10341 68981.5
1 2453.18 2453.18 68960.3
0 361.4 361.4 66744.4
5 1636.12 1636.12 68043
3 1290.31 1290.31 68001.3
5 3444.99 13780 70045.3
4 1943.89 3887.77 68398.3
0 2703.05 2703.05 69651.7
3 3154.47 3154.47 70081.6
4 3230.26 6460.52 70208.3
2 6010.49 24041.9 73262.4
2 8295.18 33180.7 75688.3
1 5609.64 11219.3 73956.9
1 8008.39 16016.8 76048.4
4 4316.97 8633.95 73053
5 4647.37 18589.5 72893.4
5 6880.66 27522.6 75231.2
0 3536.47 3536.47 72100
0 5703.63 5703.63 74048.3
4 7237.3 14474.6 75924.5
3 3131.56 3131.56 72101.1
0 6684.76 6684.76 75790.4
3 5201.33 5201.33 74585.6
0 8557.97 8557.97 78018.2
1 10768.3 21536.5 79707.9
3 6669.92 6669.92 76308.2
0 9892.01 9892.01 79475.8
3 9443.15 9443.15 79159.2
0 11796 11796 81685.8
5 7021.95 28087.8 77513.4
4 7306.55 14613.1 78092.6
1 10546.6 21093.2 83817.6
4 9384.4 18768.8 80661.8
3 12015.5 12015.5 83167.5
1 14468.8 28937.5 85799.8
4 11389.1 22778.1 82605.1
2 14928.9 29857.9 86045.1
0 13741.8 13741.8 85039.7
4 13001.2 26002.4 84564.4
1 16155.4 32310.7 87694
3 15152.4 15152.4 86819.9
2 5917.78 23671.1 77691.2
5 16519.9 33039.8 88478.6
5 7446.51 29786 79327.6
3 13001.2 13001.2 84967
4 14463.5 28927 86562.6
2 10797 43188 82753.8
2 16343.2 32686.4 89086
2 8545.7 34182.8 81486.2
5 10597 42388.1 83606.7
4 15621.9 31243.7 88533.8
53
4 276.138 552.276 66153.7
5 284.315 568.629 66139.3
3 180.119 180.119 66180.4
2 296.525 1186.1 66213
1 354.503 354.503 66421.1
0 511.21 511.21 66146.5
5 2329.07 9316.28 68284.3
2 1964.45 7857.79 68162.3
0 5744.05 5744.05 71886.4
2 3917.42 15669.7 70206.6
4 1823.09 1823.09 68119.2
3 1957.24 1957.24 68167.6
0 2122.59 2122.59 68354.1
1 2434.51 4869.02 68727.9
1 5015.84 10031.7 71376.6
4 3542.56 3542.56 70121.9
3 3267.94 3267.94 70018.8
0 10076.9 10076.9 76720.2
0 12070.6 12070.6 78667
3 5306.35 5306.35 72153.3
5 3548.3 14193.2 70749.9
2 6301.54 25206.1 73559.9
1 8081.47 16162.9 75623.9
3 6633.48 6633.48 74867.6
4 3759.94 7519.88 72049.4
3 8215.61 8215.61 77210.8
4 6637.35 13274.7 75647.2
1 4352.09 8704.18 73821
1 9257.46 18514.9 78702.6
0 13053.9 13053.9 82926.4
1 10413.7 20827.4 80222.8
4 9453.87 18907.7 79483
5 1855.52 7422.06 72625.9
3 7985.06 7985.06 79475.8
1 11068.2 22136.4 82345.6
0 16547.7 16547.7 87699.7
4 10134.2 20268.4 81465.3
5 11709.4 23418.9 82925.5
1 13063.9 26127.8 84180.1
3 11531.8 11531.8 82829.7
4 16062.9 32125.9 87626.1
4 11820.8 23641.6 83359.5
3 13015.1 13015.1 84682.6
2 5871.5 23486 77645
1 14668.2 29336.5 86626.9
5 3021.78 12087.1 74902.9
3 14516.4 14516.4 86482.1
2 15803.2 31606.5 87902.3
2 9066.59 36266.4 81023.4
5 13762.3 27524.6 86505.2
5 6012.27 24049.1 78952.8
2 10039.3 40157.1 83049
4 12754.9 25509.8 85666.8
54
2 290.258 1161.03 65998.3
4 185.853 185.853 66041.2
5 441.875 883.749 66096.4
1 656.849 1313.7 66620.2
4 1837.06 3674.12 67801.3
3 146.983 146.983 66224.8
0 582.402 582.402 66980.6
2 1727.81 6911.26 68229.1
5 3040.34 12161.4 69585.3
1 3048.07 6096.15 69376.1
1 6119.06 12238.1 72490.4
3 1554.36 1554.36 68245.2
4 3446.29 6892.57 69807.7
1 7691.84 15383.7 74293.3
4 5439.47 10878.9 72613.2
5 6802.15 13604.3 73577.4
1 9697.98 19396 77069
0 1905.15 1905.15 69053.7
2 3807.86 15231.4 71026.9
4 7418.08 14836.2 75013.3
1 12165.7 24331.3 79785.9
0 5221.89 5221.89 75150.6
5 8480.9 16961.8 76395.6
2 4454.59 17818.4 72909.2
3 1584.64 1584.64 70200.4
4 10112.9 20225.7 79205.3
0 9887.27 9887.27 78868
3 2992.26 2992.26 72054.2
3 6234.64 6234.64 75541.7
0 13153.3 13153.3 82766.1
3 9166.74 9166.74 78824.6
1 12138.8 24277.7 81859.8
3 11222.6 11222.6 81223
2 5125.98 20503.9 75409.6
5 8356.88 33427.5 78848.2
1 14326.4 28652.9 84697.8
4 9996.25 19992.5 81544.9
0 14312.5 14312.5 85696.7
3 11853.7 11853.7 83385
1 16605.8 16605.8 87818.7
4 12951 12951 84515.6
2 14821 14821 86539.9
3 13799.3 13799.3 85714.5
5 12329.1 12329.1 84289.1
0 15597.4 15597.4 87714
2 16475.2 16475.2 88676.4
2 5374.12 21496.5 77903.1
3 15134.8 15134.8 87243
5 15158.5 15158.5 87519.8
4 16322.7 16322.7 88821.2
2 7636.54 30546.1 80784.5
5 9405.25 18810.5 82268.2
2 10709.6 21419.2 83698.9
4 13481.5 26963 86638.3
55
2 290.258 1161.03 65998.3
4 185.853 185.853 66041.2
5 441.875 883.749 66096.4
1 656.849 1313.7 66620.2
4 1837.06 3674.12 67801.3
3 146.983 146.983 66224.8
0 582.402 582.402 66980.6
2 1727.81 6911.26 68229.1
5 3040.34 12161.4 69585.3
1 3048.07 6096.15 69376.1
1 6119.06 12238.1 72490.4
3 1554.36 1554.36 68245.2
4 3446.29 6892.57 69807.7
1 7691.84 15383.7 74293.3
4 5439.47 10878.9 72613.2
5 6802.15 13604.3 73577.4
1 9697.98 19396 77069
0 1905.15 1905.15 69053.7
2 3807.86 15231.4 71026.9
4 7418.08 14836.2 75013.3
1 12165.7 24331.3 79785.9
0 5221.89 5221.89 75150.6
4 9481 18962 77395.7
2 4454.59 17818.4 72909.2
3 1584.64 1584.64 70200.4
1 13140.4 26280.8 82232.9
0 9887.27 9887.27 78868
3 2992.26 2992.26 72054.2
3 6234.64 6234.64 75541.7
0 12480.1 12480.1 82118.4
3 8749.15 8749.15 78332.9
3 11357.2 11357.2 81073.3
0 14168.4 14168.4 84058.2
2 4699.87 18799.5 75191.3
4 9809.73 19619.5 80595.8
1 14572.2 29144.3 87843.2
5 12311.6 24623.2 83589
3 13929.6 13929.6 85081.6
4 11713 23426 83044
4 18112.3 36224.6 89328.3
2 15518.4 31036.7 86634.5
0 16114.1 16114.1 87412
5 16068.4 32136.9 87631.6
4 13399.6 26799.1 84938.2
3 15267 15267 86934.5
5 3784.33 15137.3 75557.8
4 15426.4 30852.8 87385.1
2 5124.43 20497.7 77005.6
3 16768.2 16768.2 88734
5 13488.1 26976.3 85587.2
2 8590.84 34363.3 80547.6
2 16932.6 33865.3 89675.5
5 6412.24 25649 79352.8
2 9563.53 38254.1 82573.2
5 16690.9 33381.8 89602.8
52
2 290.258 1161.03 65998.3
4 185.853 185.853 66041.2
5 441.875 883.749 66096.4
1 656.849 1313.7 66620.2
4 1837.06 3674.12 67801.3
3 146.983 146.983 66224.8
0 582.402 582.402 66980.6
2 1727.81 6911.26 68229.1
5 3040.34 12161.4 69585.3
1 3048.07 6096.15 69376.1
1 6119.06 12238.1 72490.4
3 1554.36 1554.36 68245.2
4 3446.29 6892.57 69807.7
1 7691.84 15383.7 74293.3
2 6807.64 13615.3 73981.4
4 6349.39 12698.8 73124.7
5 5575.69 11151.4 72946.7
0 1905.15 1905.15 69053.7
2 3807.86 15231.4 71026.9
3 3096.95 3096.95 71003.2
1 10190.4 20380.9 77781.3
0 3403.12 3403.12 71794.8
4 7931.12 15862.2 75902.4
0 5311.88 5311.88 73707
1 7618.46 15236.9 76103.6
3 4488.64 4488.64 73252.7
0 7473.84 7473.84 76214.3
3 5957.54 5957.54 75570.4
0 8320.6 8320.6 77978.5
4 9281.96 18563.9 79003
3 8490.77 8490.77 78491.1
5 8640.37 34561.5 78924
5 4908.05 19632.2 75399.4
1 9708.73 19417.5 80080.1
1 11702.3 23404.7 83251
0 9017.93 9017.93 80402.1
0 11032.8 11032.8 82564.1
3 9212.42 9212.42 80425.3
5 13568.2 13568.2 85132.9
2 13544.3 13544.3 85263.2
3 12166.5 12166.5 84081.8
3 10293.3 10293.3 82253.2
3 13983.7 13983.7 86100.4
4 12215.4 12215.4 84416.7
2 4454.92 17819.7 76983.8
5 11006.1 11006.1 83114.3
1 13889.1 13889.1 86250.4
0 12248.6 12248.6 84747.1
2 6717.33 26869.3 79865.3
2 10422.3 20844.7 83285.3
4 8438.91 16877.8 81428.2
5 7889.84 15779.7 81046.6
38
5 173.904 695.617 66071.9
4 315.065 630.131 66470
3 197.944 197.944 66247.5
2 2585.24 10341 68981.5
1 2453.18 2453.18 68960.3
0 361.4 361.4 66744.4
5 1636.12 1636.12 68043
3 1290.31 1290.31 68001.3
5 3444.99 13780 70045.3
4 1943.89 3887.77 68398.3
0 2703.05 2703.05 69651.7
3 3154.47 3154.47 70081.6
4 3230.26 6460.52 70208.3
2 6010.49 24041.9 73262.4
2 8295.18 33180.7 75688.3
1 5737.6 11475.2 73280.1
0 6912.15 6912.15 75146.3
4 3467.76 6935.51 71757.3
3 2740.81 2740.81 71736
1 1935.89 3871.79 70945.8
0 2356.56 2356.56 71969.4
3 3635.88 3635.88 73293.8
1 6659.61 13319.2 76380.6
0 7993.11 7993.11 77993.5
5 1894.91 7579.64 72178.5
5 4503.93 18015.7 74995.3
4 4223.87 8447.73 74595.3
2 6283.99 25136 77667.7
3 3968.58 3968.58 75799.5
5 6357.83 25431.3 78525.5
1 6386.91 12773.8 78337.8
2 7667 30668 79654.3
4 5943.23 11886.5 78026.7
3 7383.75 7383.75 79723.1
1 9277.29 18554.6 81750.9
3 5462.72 5462.72 77746
5 7911.45 31645.8 80883.4
4 7100.55 14201.1 79938.2
62
2 290.258 1161.03 65998.3
4 185.853 185.853 66041.2
5 441.875 883.749 66096.4
1 656.849 1313.7 66620.2
4 1837.06 3674.12 67801.3
3 146.983 146.983 66224.8
0 582.402 582.402 66980.6
2 1727.81 6911.26 68229.1
5 3040.34 12161.4 69585.3
1 3048.07 6096.15 69376.1
1 6119.06 12238.1 72490.4
3 1554.36 1554.36 68245.2
4 3446.29 6892.57 69807.7
1 7691.84 15383.7 74293.3
1 10074 20148 77247.8
4 6349.39 12698.8 73124.7
5 5575.69 11151.4 72946.7
0 1905.15 1905.15 69053.7
2 3807.86 15231.4 71026.9
3 3096.95 3096.95 71003.2
4 7279.31 14558.6 74870.2
0 3403.12 3403.12 71794.8
1 10807.1 21614.2 78778.4
0 5311.88 5311.88 73707
4 8401.3 16802.6 76886.4
3 4488.64 4488.64 73252.7
0 7473.84 7473.84 76214.3
2 3819.74 15279 73594
2 8283.95 33135.8 77986.6
3 5325.15 5325.15 74637.6
4 9501.87 19003.7 79327.9
1 11819.6 23639.2 81666.1
1 14438 28876 84617.5
4 12625.9 25251.8 82478.1
0 9234.01 9234.01 79702.7
3 6486.66 6486.66 76879.7
0 11717.7 11717.7 82512.9
1 18086.3 36172.7 88602.8
2 18546.2 37092.4 89102
2 5284.56 21138.2 75893.3
5 5165.69 20662.8 76086.6
2 10220.9 40883.4 80758.2
4 12956.3 25912.6 84020.5
4 14450.6 28901.2 85940.1
3 7356.43 7356.43 78891.2
3 9718.07 9718.07 81192.3
0 15731.8 15731.8 87125.4
3 11277.2 11277.2 83104.6
1 18704 18704 90131.2
2 15518.2 31036.4 87285.8
5 6477.5 25910 78418.4
2 12878 51512 84859.7
5 14660.4 29320.9 86377
5 8654.34 34617.4 80643.3
3 13298.1 13298.1 85172.3
5 16350.5 32700.9 88786.5
4 15958.4 31916.7 88253.6
5 11463.7 45854.9 84027.6
3 14930.9 14930.9 87922.9
0 18156.4 18156.4 90696.8
4 17626.5 35253 90272.2
0 15926.2 15926.2 88693.1
55
2 290.258 1161.03 65998.3
4 185.853 185.853 66041.2
5 441.875 883.749 66096.4
1 656.849 1313.7 66620.2
4 1837.06 3674.12 67801.3
3 146.983 146.983 66224.8
0 582.402 582.402 66980.6
2 1727.81 6911.26 68229.1
5 3040.34 12161.4 69585.3
1 3048.07 6096.15 69376.1
1 6119.06 12238.1 72490.4
3 1554.36 1554.36 68245.2
4 3446.29 6892.57 69807.7
1 7691.84 15383.7 74293.3
2 6807.64 13615.3 73981.4
4 6349.39 12698.8 73124.7
5 5575.69 11151.4 72946.7
0 1905.15 1905.15 69053.7
2 3807.86 15231.4 71026.9
3 3096.95 3096.95 71003.2
1 8447.93 16895.9 76038.8
0 3403.12 3403.12 71794.8
4 7931.12 15862.2 75902.4
0 5311.88 5311.88 73707
1 9569.92 19139.8 78055
3 4488.64 4488.64 73252.7
0 7473.84 7473.84 76214.3
3 6176.56 6176.56 75485.9
4 8777.39 17554.8 77986.2
0 12376.4 12376.4 82096.7
5 7548.2 30192.8 78112.4
3 8648.65 8648.65 78628.6
5 5251.08 21004.3 75255.9
0 8825.07 8825.07 78986.4
1 9071.41 18142.8 79667.8
4 10746.8 21493.5 81810.9
1 10255.3 20510.6 81744.8
3 8943.01 8943.01 80477.8
0 12453 12453 83927.2
3 11185.6 11185.6 82579.2
2 15375.5 15375.5 87202.8
2 13863.4 13863.4 85290.6
4 12015 24030.1 83782.6
2 5101.63 20406.5 77042.5
2 7954.03 31816.1 79935.8
5 11616 23232.1 83332.6
2 10202.1 40808.5 82191
0 13581.4 13581.4 85455.6
5 13306.1 26612.2 85742.1
1 11763 23526 84058.3
5 8419.32 33677.3 80983.2
3 12337.9 12337.9 85329.9
1 13521.6 13521.6 86062
4 13154.3 26308.6 85800
0 14256.5 14256.5 87023.3
61
2 290.258 1161.03 65998.3
4 185.853 185.853 66041.2
5 441.875 883.749 66096.4
1 656.849 1313.7 66620.2
4 1837.06 3674.12 67801.3
3 146.983 146.983 66224.8
0 582.402 582.402 66980.6
2 1727.81 6911.26 68229.1
5 3040.34 12161.4 69585.3
1 3048.07 6096.15 69376.1
1 6119.06 12238.1 72490.4
3 1554.36 1554.36 68245.2
4 3446.29 6892.57 69807.7
1 7691.84 15383.7 74293.3
4 8049.54 16099.1 75223.3
5 6802.15 13604.3 73577.4
4 5046.73 10093.5 72417.8
0 1905.15 1905.15 69053.7
2 3807.86 15231.4 71026.9
2 8112.6 32450.4 76309
1 9905.73 19811.5 77883.3
1 13154.1 26308.1 82128.6
3 1402.13 1402.13 70278.3
0 2434.15 2434.15 71426.6
4 8037.36 16074.7 77271.4
4 9885.54 19771.1 79304.3
2 3819.74 15279 73594
5 6121.41 24485.6 75824.1
3 2350.8 2350.8 71663.3
1 14249 28498.1 84075.1
4 13062.4 26124.8 82908.8
1 16002.6 32005.2 86182.1
4 15175.5 30351 85027.7
0 3780.66 3780.66 74249.4
3 3512.31 3512.31 73905.3
0 6264.36 6264.36 77059.6
1 19650.9 39301.9 90167.4
5 14768.9 29537.7 85324.6
2 7511.79 30047.1 78120.6
5 7339.03 29356.1 78260
2 10602.9 42411.5 81140.2
5 19982.7 39965.3 91046.8
4 15457.8 30915.7 86947.3
3 4382.08 4382.08 75916.8
0 10350.1 10350.1 81824.3
3 6624.69 6624.69 78018.3
0 11909.2 11909.2 83736.6
3 8119.46 8119.46 79546.7
1 20371.5 40742.9 92139.1
2 13046.2 52184.6 84987
5 9171.49 36686 81153.2
5 15957.4 31914.9 87674
2 15223 60892 87211.9
3 9200.87 9200.87 81075.1
4 16890.3 33780.6 89326.3
5 17209.2 34418.5 89504.5
5 10947.1 43788.6 83511.1
3 10833.8 10833.8 83825.7
0 13662.6 13662.6 86202.9
2 18025.4 36050.8 90671.1
3 13615.3 13615.3 86382.1
49
2 290.258 1161.03 65998.3
4 185.853 185.853 66041.2
5 441.875 883.749 66096.4
1 656.849 1313.7 66620.2
4 1837.06 3674.12 67801.3
3 146.983 146.983 66224.8
0 582.402 582.402 66980.6
2 1727.81 6911.26 68229.1
5 3040.34 12161.4 69585.3
1 3048.07 6096.15 69376.1
1 6119.06 12238.1 72490.4
3 1554.36 1554.36 68245.2
4 3446.29 6892.57 69807.7
1 7691.84 15383.7 74293.3
2 6807.64 13615.3 73981.4
4 6349.39 12698.8 73124.7
5 5575.69 11151.4 72946.7
0 1905.15 1905.15 69053.7
2 3807.86 15231.4 71026.9
1 9706.82 19413.6 77249.3
3 2119.38 2119.38 70353.5
1 12079.1 24158.2 80368.6
0 1931.51 1931.51 70926.7
4 7712.59 15425.2 76722.5
0 3273.47 3273.47 72911.8
3 2227.31 2227.31 71811.1
0 6046.71 6046.71 75762.8
3 4131.3 4131.3 74021.1
5 5764.53 23058.1 76256
4 9832.84 19665.7 80618.9
5 9134.98 18270 82406
1 11150.2 22300.4 82698.9
0 8498.44 8498.44 79882.6
3 5830.62 5830.62 77361.9
0 10603.9 10603.9 81816.8
3 8244.1 8244.1 79808.8
3 10067.7 10067.7 81786.6
0 11730.1 11730.1 83645.4
3 11847.5 11847.5 83807.5
4 10949.1 10949.1 83065.7
4 13001 13001 85202.2
2 7538.82 30155.3 80067.8
0 13065.6 13065.6 85173.8
1 13336.9 13336.9 85698.3
3 13098.9 13098.9 85597.3
2 3917.36 15669.5 77065.3
2 10110.6 20221.2 82973.6
2 12071.9 24143.9 85061.2
5 11170.1 22340.2 84326.9
55
5 173.904 695.617 66071.9
4 315.065 630.131 66470
3 197.944 197.944 66247.5
2 2585.24 10341 68981.5
1 2453.18 2453.18 68960.3
0 361.4 361.4 66744.4
5 1636.12 1636.12 68043
3 1290.31 1290.31 68001.3
5 3444.99 13780 70045.3
4 1943.89 3887.77 68398.3
0 2703.05 2703.05 69651.7
3 3154.47 3154.47 70081.6
4 3230.26 6460.52 70208.3
2 6010.49 24041.9 73262.4
2 8295.18 33180.7 75688.3
1 3707.06 7414.12 71302.3
1 7045.15 14090.3 74665.4
0 5362.34 5362.34 75291
4 5111.71 10223.4 73026.4
5 3888.97 15555.9 72343.5
3 3532.12 3532.12 72147.9
1 8019.89 16039.8 77112.4
0 10027.7 10027.7 79008.4
3 4939.75 4939.75 74001.6
3 8182.13 8182.13 77489.2
0 13293.7 13293.7 82906.6
3 11114.2 11114.2 80772.1
4 6405.92 12811.8 76126.9
0 15827 15827 85827.3
5 4560.36 18241.4 74844
5 7169.38 28677.5 77660.7
4 8593.53 17187.1 78964.9
2 9645.09 38580.4 80616.1
3 11875.8 11875.8 83037.3
2 6931.34 27725.3 78134.9
3 17597.1 17597.1 88835
1 8150.16 16300.3 79388.2
3 13611.8 13611.8 84862.3
4 11024.9 22049.9 82267
4 12861.4 25722.9 84315.5
2 16824.6 16824.6 88029.5
0 16429 16429 87769
1 9846.71 19693.4 81356.6
1 12098.6 24197.2 83575.6
5 9539.14 38156.6 81089.6
2 12534.4 50137.5 84164.5
5 13369.3 53477.3 85188.7
1 15856.9 31713.7 87877
5 11085.4 44341.8 83221.3
3 14700.8 14700.8 86863.7
4 14144.5 28289 86335.5
1 13389.5 26779 85880.5
4 15293.9 15293.9 87812.3
5 14177.5 28355 86988.4
5 16403.1 16403.1 89270.5
45
4 276.138 552.276 66153.7
5 284.315 568.629 66139.3
3 180.119 180.119 66180.4
2 296.525 1186.1 66213
1 354.503 354.503 66421.1
0 511.21 511.21 66146.5
5 2329.07 9316.28 68284.3
2 1964.45 7857.79 68162.3
0 5744.05 5744.05 71886.4
2 3917.42 15669.7 70206.6
4 1823.09 1823.09 68119.2
3 1957.24 1957.24 68167.6
0 2122.59 2122.59 68354.1
1 2434.51 4869.02 68727.9
1 5015.84 10031.7 71376.6
4 3542.56 3542.56 70121.9
3 3267.94 3267.94 70018.8
0 11815.1 11815.1 78458.5
0 9885.02 9885.02 76481.4
3 5306.35 5306.35 72153.3
5 3548.3 14193.2 70749.9
2 8397.32 33589.3 75655.7
1 8839.27 17678.5 76381.7
5 4624.04 4624.04 72858.2
4 3759.94 7519.88 72049.4
3 5501.35 5501.35 74496.5
1 5037.56 10075.1 74047.5
3 6843.31 6843.31 76481.6
0 11019 11019 80602.8
3 9616.54 9616.54 79332.6
0 12923 12923 82812.8
2 1668.05 6672.19 72159.5
4 3067.21 6134.43 73853.3
4 6192.51 12385 79463.5
5 6963.14 27852.6 78346.8
3 11703.5 11703.5 83534.4
5 3782.79 15131.2 75950.5
1 9698.55 19397.1 81649.4
2 7737.32 30949.3 79724.7
1 7729.69 15459.4 79813.2
4 11311.5 11311.5 83650.9
5 9529.89 19059.8 82003.5
1 11657.4 11657.4 83940.6
2 8879.77 35519.1 81851.7
4 8409.19 16818.4 81246.9
58
4 276.138 552.276 66153.7
5 284.315 568.629 66139.3
3 180.119 180.119 66180.4
2 296.525 1186.1 66213
1 354.503 354.503 66421.1
0 511.21 511.21 66146.5
5 2329.07 9316.28 68284.3
2 1964.45 7857.79 68162.3
0 5744.05 5744.05 71886.4
2 3917.42 15669.7 70206.6
4 1823.09 1823.09 68119.2
3 1957.24 1957.24 68167.6
0 2122.59 2122.59 68354.1
1 2434.51 4869.02 68727.9
1 5015.84 10031.7 71376.6
4 3542.56 3542.56 70121.9
3 3267.94 3267.94 70018.8
0 11488.5 11488.5 78131.9
3 5502.41 5502.41 72098.8
0 8436.72 8436.72 75283.7
5 3548.3 14193.2 70749.9
2 8203.33 32813.3 75461.7
1 10312.1 20624.1 77907.3
4 4324.77 8649.53 71945
3 8349.45 8349.45 78278.1
4 6318.92 12637.8 74233.6
2 4050.25 16201 72504.8
0 11471.4 11471.4 80087.1
1 5385.54 10771.1 74478
0 14823.8 14823.8 83804.5
3 11070 11070 80131.9
0 16495.6 16495.6 85802.6
3 12779.6 12779.6 82417.9
3 15372.8 15372.8 84956.6
0 17498.7 17498.7 87214.8
0 19392.7 19392.7 89282.5
5 2211.33 8845.31 72702.8
4 6647.64 13295.3 77433.7
1 8745.97 17491.9 82017
4 8725.49 17451 80002.9
3 16618.7 16618.7 87770.7
4 15041.3 30082.5 86372.3
1 12593 25186 83809
4 10721.2 21442.4 81837.4
5 15466.9 15466.9 86764.8
4 16853.5 33707 88416.7
5 12898.1 25796.1 84436.7
3 17956.1 17956.1 89623.6
2 7773.29 31093.2 79546.7
4 12325.5 24651.1 84284.2
5 2635.89 10543.6 74517
2 17407.9 17407.9 89373.7
2 15335.4 30670.8 87434.5
5 6102.29 24409.2 78059.1
1 14645.9 29291.7 87388.7
2 10401.2 41604.8 83341.7
5 7074.99 28299.9 80084.7
5 15682.7 31365.3 88594.6
65
2 146.331 585.323 65716.5
3 184.024 184.024 66096.7
5 302.314 1209.26 66229.2
4 273.479 273.479 66226.8
0 606.3 606.3 66706.3
1 489.665 979.33 66423.2
2 1468.95 1468.95 67682.1
5 1947.43 7789.73 68200.5
4 1831.31 1831.31 68029.8
1 2144.42 4288.85 68534
3 2560.62 2560.62 69255.1
2 3280.21 13120.9 69676
4 3214.34 6428.68 69538.9
1 4009.05 8018.11 70487.7
2 6315.93 25263.7 72962.5
1 7630.54 15261.1 74027.8
4 5697.69 11395.4 72340.9
5 4681.64 18726.6 71656.6
0 2415.47 2415.47 69528.7
0 6025.21 6025.21 72933.4
2 8959.73 35838.9 75712.9
1 9797.82 19595.6 76937.4
4 7597.05 15194.1 74658.1
1 12330.5 24661 79489.8
5 8544.4 34177.6 75893
4 10042.7 20085.5 77183.3
3 4332.45 4332.45 71809.9
1 14619.7 29239.3 82194.7
0 7451.6 7451.6 74877.7
4 13557.8 27115.7 81153
1 16364.9 32729.8 83985.2
3 7266.9 7266.9 77195.6
4 15620.8 31241.5 83535.4
2 9140.58 36562.3 77595.2
0 7787.45 7787.45 76403.2
1 17339.7 34679.3 86432.1
0 11139.9 11139.9 80120.6
0 15085.5 15085.5 84147.4
3 11376.1 11376.1 80683.1
1 19232.8 38465.6 88701.7
4 17168.9 34337.9 86614.1
0 18534.3 18534.3 88406.9
5 18067.5 36135.1 87876.6
2 19529.4 39058.8 89558.6
2 8625.5 34502 79395.8
3 12602.2 12602.2 84092.9
1 21008.1 42016.1 92285.5
3 16275.8 16275.8 87427.8
4 21295.4 42590.8 92626.4
4 17190.1 34380.3 88406.1
4 19062 38124.1 90178.2
0 21900.8 21900.8 93198.7
5 18272.8 36545.5 89836
2 19819.7 39639.4 91358.4
3 17613.2 17613.2 89280.6
5 6122.46 24489.8 77895.9
1 22344.2 44688.3 94302.8
2 9791.76 39167 81672.9
3 19114.4 19114.4 91080.2
4 22525.6 45051.1 94624.7
5 9317.55 37270.2 81274.3
5 20625.6 41251.1 93368.4
2 12782.3 51129 85722.8
5 10290.2 41161 83299.9
2 20753.8 41507.6 93665.7
59
4 276.138 552.276 66153.7
5 284.315 568.629 66139.3
3 180.119 180.119 66180.4
2 296.525 1186.1 66213
1 354.503 354.503 66421.1
0 511.21 511.21 66146.5
5 2329.07 9316.28 68284.3
2 1964.45 7857.79 68162.3
0 5744.05 5744.05 71886.4
2 3917.42 15669.7 70206.6
4 1823.09 1823.09 68119.2
3 1957.24 1957.24 68167.6
0 2122.59 2122.59 68354.1
1 2434.51 4869.02 68727.9
1 5015.84 10031.7 71376.6
4 3542.56 3542.56 70121.9
3 3267.94 3267.94 70018.8
0 10076.9 10076.9 76720.2
3 5502.41 5502.41 72098.8
0 12218.2 12218.2 79065.2
5 3548.3 14193.2 70749.9
2 8203.33 32813.3 75461.7
1 10312.1 20624.1 77907.3
4 4324.77 8649.53 71945
3 8349.45 8349.45 78278.1
5 5662.22 11324.4 73576.9
2 4050.25 16201 72504.8
0 13169 13169 81784.7
1 5385.54 10771.1 74478
3 13014.8 13014.8 81995.6
0 14576.6 14576.6 83638.5
0 17819 17819 87126
4 4745.67 9491.35 74214.6
4 7848.13 15696.3 77293.3
3 14095.3 14095.3 83967.8
4 9004.38 18008.8 78813.5
1 11713.9 23427.8 81743.1
2 7979.88 31919.5 78750.2
5 13268.1 13268.1 84758.9
5 10912.5 21825 81976.7
4 11187.3 22374.6 82676.7
1 19106.4 19106.4 90641.1
1 17317.7 17317.7 88792
2 15978.6 15978.6 87372.2
3 17015.9 17015.9 88843.3
4 17143.8 17143.8 88571
4 9017.56 18035.1 80785.1
5 4697.1 18788.4 76638
2 9155.96 36623.8 81137.7
1 11859.6 23719.3 83576.2
5 6873.94 27495.8 78862.9
4 15168.4 15168.4 87042.6
1 13549.7 27099.4 85985.8
2 13513.8 27027.6 85809
2 10931.6 43726.5 83495.5
5 15535.2 15535.2 88527.2
4 18034.3 18034.3 90574.7
4 12477.9 24955.8 85123.6
2 16173 16173 88939.9
65
4 276.138 552.276 66153.7
5 284.315 568.629 66139.3
3 180.119 180.119 66180.4
2 296.525 1186.1 66213
1 354.503 354.503 66421.1
0 511.21 511.21 66146.5
5 2329.07 9316.28 68284.3
2 1964.45 7857.79 68162.3
0 5744.05 5744.05 71886.4
2 3917.42 15669.7 70206.6
4 1823.09 1823.09 68119.2
3 1957.24 1957.24 68167.6
0 2122.59 2122.59 68354.1
1 2434.51 4869.02 68727.9
1 5015.84 10031.7 71376.6
4 3542.56 3542.56 70121.9
3 3267.94 3267.94 70018.8
0 11488.5 11488.5 78131.9
3 5502.41 5502.41 72098.8
0 8436.72 8436.72 75283.7
5 3548.3 14193.2 70749.9
2 6301.54 25206.1 73559.9
1 8839.27 17678.5 76381.7
3 6474.16 6474.16 74708.3
4 3759.94 7519.88 72049.4
3 8056.29 8056.29 77051.5
1 5037.56 10075.1 74047.5
5 4004.38 16017.5 73778.6
5 6259.29 25037.2 75962
3 9123.94 9123.94 78436.4
4 5139.03 10278.1 74965.1
4 8006.32 16012.6 77852.8
1 8309.22 16618.4 78488.8
1 12498.4 24996.9 82350.6
0 11008 11008 81476.7
0 15069.8 15069.8 85462.8
3 11846.8 11846.8 82642.1
4 9618.49 19237 80134.9
1 13765.4 27530.8 84321.2
2 6508.95 26035.8 77117.7
2 8507.14 34028.5 79428.1
5 8196.2 32784.8 78733.5
2 10938.2 43753 81909.2
0 16566.5 16566.5 87728
5 10807.7 43230.9 82011.3
3 16175.5 16175.5 87413.4
4 10701 21402 81939.1
1 19279.6 19279.6 90530
4 12501.1 25002.2 83743.2
4 14337.6 28675.2 85791.7
1 17500.3 17500.3 88705.1
0 19996.9 19996.9 91337
4 16347.6 32695.3 87857.6
5 14878 29756 86355
2 12362.5 49450.1 83913
5 17732.1 70928.4 89362.2
5 12595.6 50382.3 84414.9
1 14716.3 29432.6 86736.4
2 13908.8 55635.4 86044.7
3 18979.7 18979.7 91142.6
4 17686.5 35373 89877.5
2 17741.3 35482.5 90232.3
3 16628.4 16628.4 89146.8
2 15116.6 30233.1 87927.4
0 16665.4 16665.4 89532.9
76
2 146.331 585.323 65716.5
3 184.024 184.024 66096.7
5 302.314 1209.26 66229.2
4 273.479 273.479 66226.8
0 606.3 606.3 66706.3
1 489.665 979.33 66423.2
2 1468.95 1468.95 67682.1
5 1947.43 7789.73 68200.5
4 1831.31 1831.31 68029.8
1 2144.42 4288.85 68534
3 2560.62 2560.62 69255.1
2 3280.21 13120.9 69676
4 3214.34 6428.68 69538.9
1 4009.05 8018.11 70487.7
2 6315.93 25263.7 72962.5
1 7630.54 15261.1 74027.8
4 5697.69 11395.4 72340.9
5 4681.64 18726.6 71656.6
0 2415.47 2415.47 69528.7
0 6025.21 6025.21 72933.4
2 8959.73 35838.9 75712.9
1 9797.82 19595.6 76937.4
4 7597.05 15194.1 74658.1
1 12330.5 24661 79489.8
5 8544.4 34177.6 75893
4 10042.7 20085.5 77183.3
3 4332.45 4332.45 71809.9
1 14619.7 29239.3 82194.7
0 7451.6 7451.6 74877.7
4 11403.1 22806.2 79750.3
1 16209.4 32418.8 84249.4
4 13098.3 26196.6 81834.3
2 10165 40659.8 78411
5 12909 51636.1 81259.6
3 6176.47 6176.47 74740
0 8072.39 8072.39 76417.1
4 16018.6 32037.2 84705.8
3 8342.73 8342.73 77312.2
0 9053.52 9053.52 78159.1
0 11136.4 11136.4 80520.7
3 10628.5 10628.5 80088.8
1 18969.3 37938.6 87908.9
5 9147.54 36590.1 78921.8
2 10891.7 43566.6 80594.3
0 13043.6 13043.6 82356
1 21252.9 42505.8 91079
4 16716.3 33432.6 86562.8
4 19334.7 38669.4 89514.2
1 24377 48753.9 94229.1
3 12271.6 12271.6 82740.4
0 14205.1 14205.1 84598.1
0 18008.5 18008.5 88803.7
4 22983 45966.1 93499.5
1 25643.9 51287.8 96199.7
2 14720.8 58883.3 85329.6
2 12109.3 48437.1 83030.2
5 13741.9 54967.6 84279.2
2 26223 52446 97500.4
3 15596.6 15596.6 86748.6
1 27316.9 54633.8 98647.9
5 26053.9 52107.9 97269.9
4 24155.4 48310.7 95271.5
3 20956.9 20956.9 92254.8
5 29495.9 58991.7 101059
4 25604.2 51208.4 97142.9
3 16934 16934 88601.5
2 15969.2 63877 87742.7
2 27559.1 55118.2 99517.8
5 16371.5 65485.8 88252.6
3 18435.2 18435.2 90401
4 27474.3 54948.6 99573.4
2 19164.3 76657.4 91121.1
1 29437.6 58875.1 102180
2 20323.7 81294.6 93264.2
5 19522 78087.9 92531.6
5 26187.8 52375.7 99099.7
