38
1 2136.95 2136.95 67872.6
2 163.906 327.812 66296.8
4 629.542 1259.08 67393.8
5 1500.39 6001.55 68146.9
0 793.929 793.929 67780.9
2 1934.89 7739.54 68498.8
3 2636.34 2636.34 69536.8
4 2836.27 5672.55 69920.7
0 2901.47 2901.47 69791.2
1 2818.5 5637 69820.4
2 3235.27 6470.54 70713.8
5 2748.43 2748.43 70225.9
1 5191.27 10382.5 72690.9
0 7446.23 7446.23 75033.7
1 7982.38 15964.8 76204.8
3 4374.8 4374.8 73332.4
0 3413.82 3413.82 71931.2
0 8493.91 8493.91 77092.2
4 3712.47 7424.94 72864.4
3 7159.9 7159.9 76342
5 3866.73 15466.9 73087.4
1 9367.77 18735.5 78278.8
5 5575.67 22302.7 75349.3
2 3501.2 14004.8 73769.1
4 5415.26 10830.5 75419.6
2 8202.59 16405.2 78258.6
4 11518.9 11518.9 81901.3
4 6879.4 13758.8 77793.3
5 6536.83 13073.7 77367.6
2 9982.58 19965.2 81044
5 8852.63 17705.3 80115
3 7313 7313 78684
4 8402.61 8402.61 80024.5
2 3922.44 15689.8 75673.7
1 7888.34 15776.7 79841.9
0 7256.5 7256.5 79201.5
0 9238.22 9238.22 81270
3 8356.85 8356.85 81463.7
39
1 2276.12 2276.12 68302.8
2 160.277 320.555 65878.5
4 732.861 1465.72 67063.6
0 1349.6 1349.6 67397.3
3 497.418 497.418 66812.7
5 484.358 968.716 67197.2
2 1629.57 6518.29 67948
5 3711.56 14846.2 70246.7
4 2548.43 5096.85 69099
3 1678.77 1678.77 68578.9
2 3585.98 14343.9 70731.2
0 2891.71 2891.71 69770.2
3 3466.06 3466.06 70681.4
1 7005.75 14011.5 74378.9
0 3680.24 3680.24 71774.7
0 6298.91 6298.91 74282.2
3 4620.89 4620.89 72789.4
1 4449.69 8899.39 72866.6
5 5118.42 20473.7 73715.1
4 3094.93 6189.85 72390.9
0 7177.76 7177.76 76132.9
2 6572.45 26289.8 75521.8
4 4676.08 9352.16 74580.2
3 6231.69 6231.69 75571.2
0 8816.05 8816.05 78368.9
1 8395.55 8395.55 78451.2
2 2736.71 10946.9 72702.5
5 10005.8 10005.8 80216.4
3 8157.69 8157.69 78503.8
4 7395.8 14791.6 77680.8
5 5453.52 21814.1 76129.3
3 9611.92 9611.92 80747.8
0 9464.33 9464.33 80468.3
5 6649.12 6649.12 78214.9
1 4875.58 9751.16 76465.5
4 8066.45 8066.45 80108.7
2 9134.48 9134.48 81761.3
2 7314.4 7314.4 79513.6
2 4824.52 19298.1 77347.3
32
1 1129.47 1129.47 67040.9
4 421.611 843.222 66398.6
2 129.403 517.611 66581.2
5 1080.63 4322.52 67829.4
0 586.558 586.558 66768.9
3 218.237 218.237 66724
4 1622.55 3245.11 67830.5
2 2262.41 2262.41 68542
4 3062.16 6124.32 69575.8
3 1515.1 1515.1 68182.2
1 1748.16 3496.32 69975.3
0 757.846 757.846 69440.9
5 1692.91 6771.64 70243
3 1758.34 1758.34 70416.3
2 2547.98 2547.98 71313.4
4 2301.26 2301.26 71476.7
1 3055.04 3055.04 72405.7
0 2147.08 2147.08 71809.9
5 2781.96 11127.8 72537.6
2 3822.52 15290.1 74189.5
3 3012.25 3012.25 73321.6
4 3363.3 3363.3 73517.9
2 5378.28 21513.1 76265.9
0 2923.61 2923.61 74277.1
4 4494.26 8988.52 75487.7
0 4821.08 4821.08 76323.8
5 6249.91 6249.91 77871.8
5 3200.96 12803.8 74952.3
1 2391.11 4782.21 74344.7
3 3196.69 3196.69 75141.7
1 3840.49 3840.49 75872.3
3 4746.99 4746.99 77853.8
33
1 1123.52 1123.52 66996.2
2 41.8641 83.7281 66748.9
4 1974.93 3949.86 68692.8
5 787.968 1575.94 67908.1
0 2057.09 2057.09 68813.7
2 2000.73 4001.45 69067.1
3 1486.61 1486.61 68510.9
5 2633.76 2633.76 69955
1 2511.16 2511.16 70098.7
2 2816.98 5633.97 71039.5
3 1806.59 1806.59 70764.2
4 2315.37 2315.37 70832.8
5 3415.11 3415.11 72013.4
1 3454.96 6909.92 72606.9
0 3385.76 3385.76 72567.8
2 3996.07 15984.3 73216.7
1 6433.77 12867.5 75344.8
4 3780.97 7561.93 73685.1
3 3125.73 3125.73 72465.2
3 4776.07 4776.07 74328.9
0 4721.45 4721.45 74777.1
5 4171.71 16686.8 74137.5
5 7877.59 7877.59 78088.1
0 6682.73 6682.73 77028.8
1 6595.78 13191.6 76880.8
5 5410.86 21643.4 76086.7
4 5240.96 5240.96 76376.8
3 5298.37 5298.37 76920.2
2 3553.65 14214.6 75305
2 6076.68 12153.4 78030.2
0 6455.84 6455.84 78400.9
1 6376.6 6376.6 78408.4
4 6778.59 6778.59 79885.4
39
1 1129.47 1129.47 67040.9
4 421.611 843.222 66398.6
2 129.403 517.611 66581.2
5 1080.63 4322.52 67829.4
0 586.558 586.558 66768.9
3 218.237 218.237 66724
4 1622.55 3245.11 67830.5
2 2262.41 2262.41 68542
4 3062.16 6124.32 69575.8
3 1515.1 1515.1 68182.2
0 1253.72 1253.72 68841.2
1 2332.44 4664.87 70554.9
5 828.784 828.784 69786.4
3 1927.29 1927.29 70444.7
2 2092.14 2092.14 70690.5
4 2831.73 5663.46 71983.7
0 1855.24 1855.24 71037.3
2 3841.33 15365.3 73061.9
1 3717.82 7435.65 72628.8
5 2492.64 2492.64 72155.5
2 5600.92 22403.7 75356.6
5 3835.73 15342.9 74202.8
0 2996.65 2996.65 73306
3 2979.28 2979.28 73133.8
5 5391.5 21566 76279.1
4 3157.23 3157.23 74510.7
1 3898.4 7796.8 74891.9
0 4543.44 4543.44 76046.1
4 7303.08 14606.2 78332.4
3 5290.73 5290.73 76786.6
2 8456.25 16912.5 80209.2
1 9087.47 9087.47 80718.9
4 5445.12 10890.2 76933.8
0 8225.44 8225.44 80119.7
2 5155.23 20620.9 76901.9
1 4529.69 9059.38 77285.5
3 6278.17 6278.17 78581.8
2 6214.61 12429.2 78431.4
5 5541.99 5541.99 78482.8
39
1 2276.12 2276.12 68302.8
2 160.277 320.555 65878.5
4 732.861 1465.72 67063.6
0 1349.6 1349.6 67397.3
3 497.418 497.418 66812.7
5 484.358 968.716 67197.2
2 1629.57 6518.29 67948
5 3711.56 14846.2 70246.7
4 2548.43 5096.85 69099
3 1678.77 1678.77 68578.9
2 3585.98 14343.9 70731.2
0 2891.71 2891.71 69770.2
3 3466.06 3466.06 70681.4
4 4198 8395.99 72546.1
2 4785.16 9570.31 72659.5
0 3570.83 3570.83 72137.5
0 5340.41 5340.41 74201.4
1 3235.91 3235.91 72397.2
0 7221.31 7221.31 76583.3
5 10300.5 10300.5 79782.6
5 2335.86 2335.86 72131
3 2478.2 2478.2 72495
5 4057.84 4057.84 74470.7
3 4608.29 4608.29 75191.4
3 6906.49 6906.49 77555
5 6983.53 6983.53 77639.7
4 3805.17 7610.34 74702
1 4290.5 8581.01 75496.3
4 5365.07 5365.07 76704.4
0 6280.44 6280.44 77837.6
0 7594.47 7594.47 79943
2 2567.14 5134.28 74424
1 8102.21 16204.4 80445.9
3 9406.89 9406.89 84474.8
4 6086.85 6086.85 78695.5
2 3762 7524 76388
1 5803.47 11606.9 78246.5
2 7369.88 7369.88 80192.1
2 5174.51 10349 77891
29
1 1123.52 1123.52 66996.2
2 41.8641 83.7281 66748.9
4 1974.93 3949.86 68692.8
5 787.968 1575.94 67908.1
0 2057.09 2057.09 68813.7
2 2000.73 4001.45 69067.1
3 1486.61 1486.61 68510.9
5 2633.76 2633.76 69955
1 1898.14 1898.14 69774
3 2134.47 2134.47 71344
2 3453.7 13814.8 72558.5
1 2275.48 2275.48 71531
4 2422.95 4845.9 72327.1
0 1958.2 1958.2 71297.7
5 3174.89 3174.89 72727.7
1 3461.04 3461.04 73516.7
2 6423.5 25694 76389.2
0 4463.17 4463.17 74673.7
1 7728.58 7728.58 78074.7
1 5729.46 11458.9 76014.5
2 7662.65 30650.6 78338.5
3 2899.83 2899.83 74035.7
5 5648.69 5648.69 76652.7
0 5102.87 5102.87 76668.6
4 3261.52 6523.04 74851.5
4 5211.4 5211.4 77253.7
3 5822.85 5822.85 78449.7
3 4002.78 4002.78 76202
5 2030.51 8122.02 74553.3
35
1 2276.12 2276.12 68302.8
2 160.277 320.555 65878.5
4 732.861 1465.72 67063.6
0 1349.6 1349.6 67397.3
3 497.418 497.418 66812.7
5 484.358 968.716 67197.2
2 1629.57 6518.29 67948
5 3711.56 14846.2 70246.7
4 2548.43 5096.85 69099
3 1678.77 1678.77 68578.9
2 3585.98 14343.9 70731.2
0 2891.71 2891.71 69770.2
3 3466.06 3466.06 70681.4
1 7496.2 14992.4 75844.3
2 4785.16 9570.31 72659.5
0 3570.83 3570.83 72137.5
0 5340.41 5340.41 74201.4
1 3235.91 3235.91 72397.2
3 3938.89 3938.89 73300.9
5 3991.3 15965.2 73344.8
3 6585.78 6585.78 76403.9
0 6159.79 6159.79 76022.2
4 1403.63 2807.26 71872.2
5 6957.36 6957.36 77373.3
2 4039.09 8078.19 74476.7
4 5125.19 10250.4 75500.2
4 3224.32 6448.64 73918.2
3 7206.69 7206.69 78307.5
4 6080.15 6080.15 77084.1
0 6913.41 6913.41 78479.2
2 4973.31 9946.62 76563.2
1 6212.6 6212.6 78254.9
5 6994.18 6994.18 79621
4 6277.37 6277.37 78476.6
5 2809.77 11239.1 75332.5
38
1 849.189 849.189 66762.8
0 135.689 135.689 66130.9
4 1040.52 1040.52 67667
2 71.4152 71.4152 66751
5 1034.42 2068.84 68018.6
0 929.931 929.931 68201.3
2 1330.17 2660.33 68729.3
1 903.582 1807.16 68040.4
3 183.29 183.29 67770.8
5 2756.16 5512.32 70978.6
4 962.674 962.674 69920.3
1 875.787 875.787 69393.2
3 1230.97 1230.97 69829.3
2 1985.18 3970.36 71137.2
0 1429.34 1429.34 70611.4
2 4777.97 19111.9 73998.6
1 3582.76 7165.52 72493.8
5 3466.95 13867.8 73240.6
2 6242.61 24970.5 76510.5
4 2003.8 4007.59 72008.1
1 4670.95 9341.9 74727
3 3096.87 3096.87 73479.3
4 3467.94 6935.87 74381.8
1 6646.21 13292.4 77477
4 8088.39 16176.8 79149.8
2 9599.19 19198.4 80861.6
0 1582.45 1582.45 72953.5
5 5046.34 20185.3 76275.9
2 7034.66 28138.6 78712.8
0 4043.11 4043.11 75665.8
0 6882.67 6882.67 78675.5
3 5821.6 5821.6 77542.8
1 8532.15 17064.3 80309.2
5 6640.43 26561.7 78689.4
3 8874.23 8874.23 80982
5 8682.28 34729.1 81636.3
0 8426.63 8426.63 81412.3
4 7810.34 15620.7 80914.2
36
1 1129.47 1129.47 67040.9
4 421.611 843.222 66398.6
2 129.403 517.611 66581.2
5 1080.63 4322.52 67829.4
0 586.558 586.558 66768.9
3 218.237 218.237 66724
4 1622.55 3245.11 67830.5
2 2262.41 2262.41 68542
4 3062.16 6124.32 69575.8
3 1515.1 1515.1 68182.2
1 2139.91 4279.83 70488.1
5 2494.2 4988.39 70368.6
0 276.193 276.193 68842.8
3 1385.2 1385.2 70246.2
2 1813.42 1813.42 70974.7
0 1862.77 1862.77 71224.8
5 3255.97 13023.9 72609.5
4 2782.25 2782.25 72600.4
3 2204.58 2204.58 72067
1 2141.05 4282.11 72609.7
2 2599.55 2599.55 73015.5
1 5512.42 11024.8 75950
4 4853.12 9706.24 75228.1
4 6661.99 13324 77355.9
0 2345.96 2345.96 73446.8
5 3849.85 15399.4 75079.4
2 4093.23 16372.9 75771.3
3 2678.93 2678.93 74301.6
0 7136.71 7136.71 78929.6
0 4572.22 4572.22 76293.4
5 7729.62 15459.2 79506.7
2 5848.3 23393.2 77897.3
3 4813.36 4813.36 76921.1
5 4504.55 18018.2 77458.6
3 6168.71 6168.71 79154.3
1 4610.48 9220.96 77714.4
