43
1 279.796 559.592 66046.4
2 163.906 327.812 66296.8
4 505.065 1010.13 66711.2
5 757.756 1515.51 67522
8 1642.05 6568.19 68288.6
2 1934.89 7739.54 68498.8
1 1473.18 2946.37 68557.7
7 403.391 403.391 67293.2
6 460.567 460.567 67119.8
7 2239.04 4478.09 69240.9
1 3294.15 6588.29 70772.6
9 1518.7 1518.7 68996.2
4 1491.6 2983.21 68991.2
3 183.29 183.29 67770.8
5 2259.59 4519.19 70482.1
0 893.861 893.861 69851.5
6 864.17 864.17 69381.6
3 1230.97 1230.97 69829.3
7 3836.72 7673.45 72988.7
9 2662.96 2662.96 71845
2 1910.31 7641.25 71130.9
4 3180.76 6361.51 72091.8
8 1308.86 5235.44 71082.5
5 2726.09 10904.4 72994
1 3586.22 7172.43 73590.6
4 4268.95 8537.89 74325
6 1232.11 1232.11 71614.5
8 3239.73 6479.45 74153.6
2 3249.41 6498.81 74080.2
7 4747.55 9495.1 75809
1 5075.58 10151.2 76338
3 600.715 600.715 71971.8
0 829.328 829.328 72451.2
6 1782.41 1782.41 73612.3
2 5492.23 21968.9 77243.5
4 4547.05 9094.1 76784.7
5 6144.76 12289.5 78135.7
5 3669.06 14676.2 75700.9
9 1725.58 1725.58 74210.1
4 6200.74 12401.5 78458.8
8 5251.31 21005.2 78253.1
3 1518.6 1518.6 74275.7
0 1548.15 1548.15 74497.2
38
1 530.623 1061.25 66239.6
2 841.95 1683.9 66907.6
5 482.237 1928.95 66724.3
7 532.873 1065.75 67370.6
4 373.574 747.148 67146.7
5 1665.45 6661.8 68920.1
1 1415.56 2831.11 68565
0 763.056 763.056 68669.9
4 1285.91 2571.82 68659.1
3 664.839 664.839 68759.3
9 547.364 547.364 68530.7
2 1244.71 1244.71 69413.2
4 1747.97 3495.94 70164.9
2 2614.75 10459 71211.4
1 1823.23 3646.46 71119.2
9 1426.21 1426.21 70381.3
8 1608.58 6434.32 70557.9
7 1609.28 3218.56 71513.4
0 1031.41 1031.41 70370.9
6 1495.63 1495.63 71048.5
9 2311.36 2311.36 72367
5 1469.79 5879.17 71435.5
3 1401.76 1401.76 71612.3
0 2957.41 2957.41 73303.5
4 1415.86 2831.73 71700.9
5 2708.94 10835.8 73384.8
1 2398.78 2398.78 73534.6
6 2793.1 2793.1 73845.3
2 2044.69 4089.39 73573
8 2471.77 9887.09 74037.5
3 4137.88 4137.88 75882.5
7 2813.68 5627.36 74617.8
5 3758.28 3758.28 75351.5
9 3951.86 3951.86 75996.4
1 3323.13 3323.13 75525.8
6 3393.37 3393.37 75867.4
4 3203.64 3203.64 75830.5
2 2737.49 5474.97 75282
40
7 672.336 1344.67 67073.5
1 220.598 441.196 66108.2
2 116.881 467.526 66622.6
5 1283.46 5133.84 67563.1
0 207.918 207.918 66657.6
4 660.635 1321.27 67676.3
2 968.827 3875.31 68901.5
1 921.516 1843.03 68701.8
6 591.968 591.968 68191.4
5 1680.14 3360.28 69959.2
7 766.434 1532.87 69007.4
4 1201.65 2403.3 69483
8 556.5 1113 69117.2
1 2499 4998 70752.3
3 135.916 135.916 68743.4
0 561.124 561.124 68980.6
8 3414.83 13659.3 72084.1
9 523.147 523.147 68993.6
6 1917.94 1917.94 70290.4
4 2572.76 5145.52 71394.5
3 844.335 844.335 70507.2
2 2470.06 9880.24 72225.7
2 4734.81 18939.3 75101.8
9 880.968 880.968 71190.3
0 867.227 867.227 71021.8
5 1852.3 7409.2 72739.9
7 1001.82 1001.82 72355.3
1 1781.12 3562.23 72774.6
9 2427.76 2427.76 73930.4
6 1259.82 1259.82 72881.7
3 2204.61 2204.61 74034.5
5 4151.99 16608 75903.3
7 2900.89 5801.79 75138.5
1 2235.58 4471.17 74226.6
8 3864.7 15458.8 75896.5
0 824.832 824.832 73309.4
4 1432.43 2864.87 73690.5
2 4669.64 18678.6 77671.4
0 2856.24 2856.24 75613.3
6 1978.64 1978.64 74927.6
36
7 515.81 1031.62 66679.7
1 392.543 785.086 67017.3
2 753.322 3013.29 67717.8
4 785.496 785.496 68415.6
8 1108.7 2217.4 68379.6
5 502.71 1005.42 67943.4
3 183.29 183.29 67770.8
1 1275.81 2551.62 69498.3
2 717.183 717.183 69674.8
7 864.17 864.17 69381.6
0 571.952 571.952 69170.3
1 2754.16 5508.32 71906.1
3 784.814 784.814 69966.9
5 900.016 3600.06 70120.6
4 2605.17 5210.34 71516.2
8 2109.75 4219.49 72013.9
6 1462.67 1462.67 70802.2
9 1446.52 1446.52 70999.4
3 2120.5 2120.5 72176.1
5 2238.96 8955.84 72204.7
0 1508.57 1508.57 71719.1
6 3388.66 3388.66 73734.8
7 2197.14 4394.28 72482.1
2 2437.88 9751.52 73113.7
9 2555.2 2555.2 73691
0 4076.73 4076.73 75698.6
3 3873.57 3873.57 75703.5
5 2868.02 11472.1 74619.3
4 2059.48 4118.96 74297.1
1 2451.87 4903.75 74442.9
2 3014.3 12057.2 75046.1
6 3302.01 3302.01 75786.6
7 3047.18 6094.36 75305.2
8 1581.71 6326.86 74583.5
9 3860.28 3860.28 76617.3
4 4183.55 4183.55 77132.6
35
7 672.336 1344.67 67073.5
1 220.598 441.196 66108.2
2 116.881 467.526 66622.6
5 1283.46 5133.84 67563.1
0 207.918 207.918 66657.6
4 660.635 1321.27 67676.3
3 183.29 183.29 67770.8
2 881.068 1762.14 69103.5
0 351.389 351.389 69309
1 354.731 354.731 68872.2
3 1230.97 1230.97 69829.3
4 932.183 1864.37 70084.2
9 787.838 787.838 69969.9
5 974.607 3898.43 70195.2
7 2455.93 4911.85 71366.9
1 1578.37 1578.37 71241.2
2 1642.51 6570.04 71398.2
5 2255.77 9023.06 72622.8
3 1745.61 1745.61 72054.9
9 1764.9 1764.9 71919.5
8 1237.99 4951.96 72125.6
0 627.231 627.231 71980.7
4 1886.48 3772.97 72880
6 1157.43 1157.43 72660.1
1 2833.95 2833.95 74329.8
7 1391.82 2783.64 73144.8
9 2965.9 2965.9 74597.3
0 2507.33 2507.33 74304
3 3105.55 3105.55 74999.9
2 1196.82 4787.27 72943.4
4 2517.77 5035.55 75273.6
5 2856.66 2856.66 75160.3
2 2256.2 4512.4 74473
8 1641.49 1641.49 74121.8
6 1822.47 1822.47 74852.7
34
1 530.623 1061.25 66239.6
2 841.95 1683.9 66907.6
5 482.237 1928.95 66724.3
7 532.873 1065.75 67370.6
4 373.574 747.148 67146.7
5 1665.45 6661.8 68920.1
1 1415.56 2831.11 68565
0 763.056 763.056 68669.9
2 1273.76 2547.51 69621.9
3 49.2669 49.2669 68343
4 406.179 406.179 68972.8
9 691.248 691.248 69419.5
3 1545.96 1545.96 70406.9
1 1225.81 1225.81 70707.9
7 341.125 341.125 70136.3
4 1331.81 1331.81 71348.6
0 436.72 436.72 70849.6
5 337.701 337.701 70920.8
9 1255.37 1255.37 71903.8
6 2128.73 2128.73 72784.9
2 880.928 1761.86 71777.8
3 1174.9 1174.9 72390.9
7 1679.64 1679.64 72778.9
1 1978.55 1978.55 73320.8
8 349.34 349.34 71806.9
9 2021.22 2021.22 73983.1
0 1606.64 1606.64 73035.2
8 2662.99 5325.98 74433.9
2 3863.55 3863.55 75713.9
4 3522.29 3522.29 75609.5
5 1483.55 2967.09 73912.4
1 3093.6 6187.19 75719.3
3 2364.68 2364.68 74632.8
0 3108.04 3108.04 75835.5
36
7 515.81 1031.62 66679.7
1 392.543 785.086 67017.3
2 753.322 3013.29 67717.8
4 785.496 785.496 68415.6
8 1108.7 2217.4 68379.6
5 502.71 1005.42 67943.4
6 435.485 435.485 68200.1
5 2503.57 10014.3 70351.8
0 114.359 114.359 67990.2
8 2302.46 9209.83 70273.3
1 763.772 763.772 69282.1
7 269.521 269.521 68548.9
3 891.059 891.059 70100.6
2 1444.43 1444.43 70549.3
4 2303.64 4607.28 71913.1
1 2230.24 4460.48 72134.4
0 898.567 898.567 70238.1
9 1446.52 1446.52 70999.4
7 2111.6 2111.6 72167.2
5 2357.24 9428.94 72323
6 2807.29 2807.29 73017.8
3 2687.1 2687.1 73033.2
4 3702.04 7404.09 73987
5 3596.38 14385.5 74272.2
9 2555.2 2555.2 73691
7 4651.4 4651.4 75703.6
2 2990.19 5980.38 74518.5
8 2854.3 11417.2 74420.1
9 4755.92 4755.92 76500.5
1 3434.64 6869.28 75238.8
0 1795.03 1795.03 73388.2
3 4775.24 4775.24 76819.8
0 4710.17 4710.17 76912.9
1 4786.88 4786.88 77261
6 4520.6 4520.6 77147.4
2 3682.98 7365.96 76227.5
36
1 530.623 1061.25 66239.6
2 841.95 1683.9 66907.6
5 482.237 1928.95 66724.3
7 532.873 1065.75 67370.6
4 373.574 747.148 67146.7
5 1665.45 6661.8 68920.1
1 1415.56 2831.11 68565
0 763.056 763.056 68669.9
2 1273.76 2547.51 69621.9
3 49.2669 49.2669 68343
4 406.179 406.179 68972.8
9 691.248 691.248 69419.5
3 1545.96 1545.96 70406.9
5 2324.97 9299.86 71754.4
4 1334.31 1334.31 70829.8
7 220.063 440.126 69988.5
1 579.448 1158.9 70399.1
0 371.605 371.605 70443.3
9 1519.2 1519.2 72268.5
7 2578.64 5157.28 73541
2 1304.05 5216.2 72644.2
8 2692.34 10769.3 73760.9
4 2189.54 4379.08 73152.3
1 3299.11 6598.21 74372.9
1 1581.62 3163.25 72357
6 580.566 580.566 71632.8
4 3966.07 7932.13 75494.3
5 2183.58 8734.32 73749.4
0 1508.17 1508.17 73252.8
2 4223.31 8446.62 76027.5
3 932.584 932.584 72525.8
0 3663.28 3663.28 75707.8
6 2145.83 2145.83 74348.5
9 3608.82 3608.82 76082.9
6 3969.38 3969.38 76596.2
7 2705.55 5411.09 75250.1
38
1 849.189 849.189 66762.8
0 135.689 135.689 66130.9
4 1040.52 1040.52 67667
2 71.4152 71.4152 66751
5 1034.42 2068.84 68018.6
0 929.931 929.931 68201.3
2 1330.17 2660.33 68729.3
7 829.663 1659.33 67966.4
3 183.29 183.29 67770.8
1 2054.31 4108.62 70276.8
0 1200.63 1200.63 70158.3
7 801.869 801.869 69319.3
3 1230.97 1230.97 69829.3
4 1707.43 3414.87 70859.4
9 787.838 787.838 69969.9
5 1430.11 5720.45 70650.7
8 3205.87 6411.73 72116.9
2 1217.61 4870.46 70991.3
5 2894.76 11579 73162.7
1 3265.56 6531.11 73269.9
7 1612.27 3224.53 71668.3
6 565.149 565.149 70947.6
4 3266.63 6533.27 74180.5
7 3587.52 7175.05 74418.3
1 6210.18 12420.4 77271.6
8 5595.66 11191.3 76858.1
3 600.715 600.715 71971.8
5 4639.97 18559.9 75869.5
2 2034.28 8137.1 73712.4
9 1083.7 1083.7 72706.4
3 2502.61 2502.61 74295.5
0 1841.81 1841.81 73563
7 5473.47 10946.9 77250.5
8 2660.29 10641.2 74709.2
6 561.292 561.292 72669
2 3705.29 14821.2 76659.3
6 1916.65 1916.65 74902.3
5 5013.41 10026.8 78117.3
34
7 672.336 1344.67 67073.5
1 220.598 441.196 66108.2
2 116.881 467.526 66622.6
5 1283.46 5133.84 67563.1
0 207.918 207.918 66657.6
4 660.635 1321.27 67676.3
1 927.684 1855.37 69275.8
3 49.2669 49.2669 68343
9 520.432 520.432 69087.1
0 607.649 607.649 69335.9
4 879.253 879.253 69740.2
5 969.709 3878.83 70399.2
3 704.496 704.496 70200
2 201.739 403.478 69970.1
1 1083.49 2166.99 70903.2
7 1072.43 1072.43 71144.1
9 668.399 668.399 71417.7
8 2652.94 5305.89 73615.3
2 2609.76 10439 73949.9
5 1599.48 6397.91 72668
4 1099.95 2199.89 72062.7
7 2780.75 5561.5 73854.5
1 2085.67 4171.34 72861
8 4855.72 19422.9 76085.3
5 4129.4 16517.6 75807.5
0 421.343 421.343 72044
9 1816.2 1816.2 73609.1
3 867.127 867.127 72588.3
4 3087.46 6174.93 74864.5
2 4026.88 16107.5 76075.8
6 453.065 453.065 72560.8
8 5510.42 22041.7 78464.4
0 1766.06 1766.06 74751.7
1 2145.16 4290.32 75249.1
43
1 849.189 849.189 66762.8
0 135.689 135.689 66130.9
4 1040.52 1040.52 67667
2 71.4152 71.4152 66751
5 1034.42 2068.84 68018.6
0 929.931 929.931 68201.3
7 2114.59 4229.17 69513.7
8 1564.18 3128.35 68701
2 1097.26 4389.04 69030
1 2286.33 4572.67 70066.7
6 591.968 591.968 68191.4
5 2135.65 4271.3 70414.7
7 4225.08 8450.15 72466
4 2096.26 4192.52 70377.6
8 4151.29 8302.59 72712
4 3774.86 7549.72 72028.1
3 135.916 135.916 68743.4
9 590.614 590.614 69010.1
8 2055.6 8222.41 70724.9
0 2239.12 2239.12 70709.5
6 1917.94 1917.94 70290.4
1 3078.56 6157.12 71900.3
5 2890.9 11563.6 72664.6
2 2077 8308.02 72344.9
7 4002.35 8004.69 74006.7
1 3731.75 7463.5 73787.8
3 1417.75 1417.75 71800.2
8 4407.88 8815.77 75321.8
5 3852.07 7704.14 74682.8
4 3257.99 6515.99 74319.4
7 5491.71 10983.4 76754.1
9 891.542 891.542 72262.6
6 2034.98 2034.98 73087.2
1 4744.04 9488.08 76272.3
2 3719.59 14878.3 75285.4
3 2084.6 2084.6 73829.2
5 5229.93 10459.9 77034.1
9 3233.11 3233.11 74826.3
0 2978.89 2978.89 75023.4
6 3600.25 3600.25 75802.9
0 4571.49 4571.49 77045.6
3 3786.03 3786.03 76412.9
4 4087.5 8175.01 76632
38
7 672.336 1344.67 67073.5
1 220.598 441.196 66108.2
2 116.881 467.526 66622.6
5 1283.46 5133.84 67563.1
0 207.918 207.918 66657.6
4 660.635 1321.27 67676.3
3 183.29 183.29 67770.8
2 881.068 1762.14 69103.5
0 351.389 351.389 69309
1 354.731 354.731 68872.2
3 1230.97 1230.97 69829.3
4 932.183 1864.37 70084.2
9 787.838 787.838 69969.9
5 974.607 3898.43 70195.2
7 2455.93 4911.85 71366.9
2 1591.85 6367.42 71365.5
5 2439.25 9757.01 72707.2
8 887.106 1774.21 70891.5
1 1165.13 2330.26 71221.1
6 565.149 565.149 70947.6
8 2351.25 4702.49 73265.1
4 1845.82 3691.64 72676.6
7 2104.38 4208.76 73165.8
2 2795.98 5591.95 74058.4
9 940.946 940.946 72312
3 733.262 733.262 71949.3
0 901.941 901.941 72001.2
3 2461.46 2461.46 73803.7
4 3414.77 3414.77 74872.3
9 2429.37 2429.37 74391.3
6 1704.63 1704.63 73133.2
1 2180.16 4360.32 73951
8 3417.45 3417.45 75267.8
0 3180.82 3180.82 75268
5 2626.08 5252.16 75055
7 2996.31 5992.63 75622.1
9 3755.44 3755.44 76023.6
6 3206.03 3206.03 75933.5
38
1 849.189 849.189 66762.8
0 135.689 135.689 66130.9
4 1040.52 1040.52 67667
2 71.4152 71.4152 66751
5 1034.42 2068.84 68018.6
0 929.931 929.931 68201.3
7 2114.59 4229.17 69513.7
1 903.582 1807.16 68040.4
8 353.488 353.488 68118.1
2 1311.2 5244.81 69159.4
3 479.232 479.232 68355.1
8 2741.65 10966.6 70712.5
9 1038.29 1038.29 69556.6
6 348.914 348.914 68628.2
4 1290.56 1290.56 70500.1
1 1133.06 1133.06 70237.9
5 1334.93 2669.85 70944.4
2 2241.57 8966.29 72015.3
5 3188.43 12753.7 73456.4
1 1774.22 3548.45 71778.6
4 2793.06 5586.12 72849.1
6 342.419 342.419 70724.8
7 3922.77 7845.53 74836.6
7 1632.19 3264.38 72463
4 4573.05 9146.1 75634.5
1 3263.58 6527.17 74526
0 256.775 256.775 71627.8
3 350.264 350.264 71972.1
9 514.725 514.725 72344.6
2 2900.14 11600.6 74651.4
1 4969.39 9938.78 77207
8 4968.78 9937.55 76959.8
8 2493.08 9972.31 74524.9
0 1508.37 1508.37 73992.9
2 4821.66 9643.31 77079.7
5 3487.41 13949.7 76489.2
6 2318.81 2318.81 75075.9
3 1069.09 1069.09 74018.1
37
1 849.189 849.189 66762.8
0 135.689 135.689 66130.9
4 1040.52 1040.52 67667
2 71.4152 71.4152 66751
5 1034.42 2068.84 68018.6
0 929.931 929.931 68201.3
7 2114.59 4229.17 69513.7
1 903.582 1807.16 68040.4
2 1429.15 2858.3 68802.3
3 664.839 664.839 68759.3
9 547.364 547.364 68530.7
9 1903.22 1903.22 70071.8
2 1891.21 3782.42 70308.1
5 1726.99 6907.98 70323.7
4 1662.94 3325.88 70958.9
0 1619.27 1619.27 70574.4
8 1608.58 6434.32 70557.9
1 747.544 747.544 70410.4
2 2353.78 9415.11 72109.5
5 2384.22 9536.86 72751.2
3 718.617 718.617 71028
7 1400.35 1400.35 71554.9
8 1746.64 6986.55 72634.3
0 1496.08 1496.08 72849.5
4 1904.37 3808.74 72897.9
6 1157.43 1157.43 72660.1
9 1914.73 1914.73 73410.6
1 1397.83 2795.66 73150.8
3 2335.99 2335.99 73967.4
5 3277.9 3277.9 75074.6
1 3673.45 3673.45 75567.8
2 1908.09 7632.35 73654.7
7 1613.85 3227.7 74369.7
9 2902.17 2902.17 75205.8
2 2967.47 5934.94 75184.2
8 2150.14 2150.14 74630.5
6 1822.47 1822.47 74852.7
45
1 530.623 1061.25 66239.6
2 841.95 1683.9 66907.6
5 482.237 1928.95 66724.3
7 532.873 1065.75 67370.6
4 373.574 747.148 67146.7
5 1665.45 6661.8 68920.1
1 1415.56 2831.11 68565
0 763.056 763.056 68669.9
2 1063.24 4252.94 68996
1 3063.95 6127.89 70844.3
6 591.968 591.968 68191.4
4 1277.2 2554.41 69556.3
8 1117.14 2234.28 69358.1
7 2439.34 4878.68 70720.7
8 2784.44 5568.88 71345.2
4 3453.41 6906.81 71706.7
3 135.916 135.916 68743.4
9 590.614 590.614 69010.1
2 2350.6 9402.39 71019.9
3 2341.15 2341.15 70811.6
0 1606.35 1606.35 69978.8
7 3810.45 7620.9 72632.2
5 2324.97 9299.86 71754.4
9 1371.58 1371.58 70867.1
2 2884.32 5768.63 72652.7
1 3228.79 6457.58 73048.5
6 1072.43 1072.43 71144.1
3 2050.31 2050.31 72799.6
1 4178.85 8357.71 75141.2
8 4740.44 18961.7 76080.6
5 2954.73 11818.9 74023.3
7 3991.95 7983.91 74954.7
4 4670.77 9341.54 75744.5
4 2953.29 5906.57 73728.6
0 1173.91 1173.91 72669.7
7 4979.59 9959.18 76732.6
9 1653.83 1653.83 73285.2
9 4239.72 4239.72 76036.4
6 2675.37 2675.37 74569.7
2 4737.97 18951.9 76484.6
1 4779.05 9558.09 77534.9
6 4354.48 4354.48 76658.1
5 4323.81 8647.62 76540.6
0 3454.58 3454.58 75934.9
3 3611.77 3611.77 76642
34
7 515.81 1031.62 66679.7
1 392.543 785.086 67017.3
2 753.322 3013.29 67717.8
4 785.496 785.496 68415.6
8 1108.7 2217.4 68379.6
5 502.71 1005.42 67943.4
6 435.485 435.485 68200.1
5 2503.57 10014.3 70351.8
0 114.359 114.359 67990.2
8 2302.46 9209.83 70273.3
1 763.772 763.772 69282.1
7 269.521 269.521 68548.9
3 891.059 891.059 70100.6
2 1444.43 1444.43 70549.3
4 2303.64 4607.28 71913.1
0 680.199 680.199 70162.3
7 638.003 638.003 70433.2
9 1103.62 1103.62 71120.4
6 894.189 894.189 71307
1 1039.17 1039.17 71622.3
3 1815.69 1815.69 72464.2
0 1696.55 1696.55 72352.7
4 2875.97 5751.93 73772.8
5 1214.06 4856.26 72443.6
8 1351.05 5404.18 73029.2
9 2465.86 2465.86 74088.5
3 2995.02 2995.02 74787.9
0 3019.84 3019.84 74741
7 1488.32 2976.64 73265.4
2 1970.54 7882.18 74019.5
6 920.769 920.769 73028.5
5 1868.76 7475.03 74822.8
6 2276.13 2276.13 75261.7
1 1793.03 3586.05 74896.9
35
7 515.81 1031.62 66679.7
1 392.543 785.086 67017.3
2 753.322 3013.29 67717.8
4 785.496 785.496 68415.6
8 1108.7 2217.4 68379.6
5 502.71 1005.42 67943.4
6 435.485 435.485 68200.1
5 2503.57 10014.3 70351.8
0 114.359 114.359 67990.2
8 2302.46 9209.83 70273.3
1 763.772 763.772 69282.1
7 269.521 269.521 68548.9
3 891.059 891.059 70100.6
2 1444.43 1444.43 70549.3
4 2303.64 4607.28 71913.1
0 188.356 188.356 69851.2
8 4523 18092 74278.7
5 3023.65 12094.6 73390.7
9 879.621 879.621 71189
0 1646.16 1646.16 71800.7
5 4579.42 18317.7 75467.1
1 600.003 600.003 71953.4
7 2616.83 5233.66 73610.3
6 727.947 727.947 72230.6
9 2781.73 2781.73 74277.6
4 2460.1 4920.21 74213.1
3 1902.51 1902.51 73533.9
0 3039.22 3039.22 74835.9
3 3614.2 3614.2 75508.5
2 2634.5 10538 74381.1
7 3248.12 6496.24 76004
6 2978.17 2978.17 75281.8
1 2837.79 5675.58 75054.5
5 4982.92 4982.92 77463.3
9 4548.12 4548.12 77578.3
34
7 515.81 1031.62 66679.7
1 392.543 785.086 67017.3
2 753.322 3013.29 67717.8
4 785.496 785.496 68415.6
8 1108.7 2217.4 68379.6
5 502.71 1005.42 67943.4
3 183.29 183.29 67770.8
1 1275.81 2551.62 69498.3
2 717.183 717.183 69674.8
7 864.17 864.17 69381.6
0 571.952 571.952 69170.3
1 2754.16 5508.32 71906.1
3 784.814 784.814 69966.9
5 900.016 3600.06 70120.6
4 2605.17 5210.34 71516.2
9 838.883 838.883 70321
8 468.735 468.735 70263.9
0 967.105 967.105 70983.9
6 888.924 888.924 71301.8
7 1138.69 1138.69 71721.8
3 1033.35 1033.35 71681.8
9 1855.24 1855.24 72511.4
2 1575.35 3150.7 72472.2
5 896.171 3584.69 72125.7
8 1341.6 5366.4 73019.7
0 2329.35 2329.35 73952
4 1990 1990 73782.9
3 2869.38 2869.38 74590.6
7 1992.84 3985.69 73769.9
5 2490.26 9961.06 74539.2
6 915.505 915.505 73023.2
2 1897.35 7589.41 74851.4
6 2270.86 2270.86 75256.5
1 1742.71 3485.42 74846.6
41
1 849.189 849.189 66762.8
0 135.689 135.689 66130.9
4 1040.52 1040.52 67667
2 71.4152 71.4152 66751
5 1034.42 2068.84 68018.6
0 929.931 929.931 68201.3
7 2114.59 4229.17 69513.7
8 1564.18 3128.35 68701
2 1097.26 4389.04 69030
1 2286.33 4572.67 70066.7
6 591.968 591.968 68191.4
5 2135.65 4271.3 70414.7
7 4225.08 8450.15 72466
4 2096.26 4192.52 70377.6
2 3212.25 6424.5 71773
4 3774.86 7549.72 72028.1
3 135.916 135.916 68743.4
9 590.614 590.614 69010.1
8 2055.6 8222.41 70724.9
0 2239.12 2239.12 70709.5
6 1917.94 1917.94 70290.4
1 3078.56 6157.12 71900.3
9 1670.93 1670.93 71153
3 2004.52 2004.52 71799.7
0 2794.67 2794.67 72811.5
6 2057.16 2057.16 72470
9 3249.26 3249.26 73832.4
4 3163.59 3163.59 73812.1
0 4193.24 4193.24 74849.4
1 2863.17 5726.33 73760
6 2723.86 2723.86 74345.7
6 4513.62 4513.62 76343.5
5 1185.96 4743.84 72937.3
5 3380.66 6761.33 75618.3
4 3273.03 6546.07 75264
8 2505.47 10021.9 74537.3
3 3058.79 3058.79 75543.3
7 2671.65 5343.3 74929.7
2 2870.69 11482.8 75872.5
1 2943.07 2943.07 75700.1
9 3718.8 3718.8 76667.8
36
7 515.81 1031.62 66679.7
1 392.543 785.086 67017.3
2 753.322 3013.29 67717.8
4 785.496 785.496 68415.6
8 1108.7 2217.4 68379.6
5 502.71 1005.42 67943.4
3 183.29 183.29 67770.8
1 1275.81 2551.62 69498.3
2 717.183 717.183 69674.8
7 864.17 864.17 69381.6
0 571.952 571.952 69170.3
1 2754.16 5508.32 71906.1
3 784.814 784.814 69966.9
5 900.016 3600.06 70120.6
4 2605.17 5210.34 71516.2
8 2062.22 8248.89 71835.9
5 2364.66 9458.64 72632.6
1 4456.95 8913.9 74461.3
7 1674.57 3349.13 71730.6
6 565.149 565.149 70947.6
8 3993.09 7986.17 74907
4 4172.75 8345.5 75003.5
2 1934.16 3868.31 72995.6
5 3519.01 7038.01 74781.4
0 309.827 309.827 71680.9
6 1904.38 1904.38 72956.6
2 6220.3 12440.6 77748.6
2 3424.77 13699.1 74990.5
3 1769.51 1769.51 73514.1
7 3758.24 7516.48 75562.4
9 510.891 510.891 72104.1
0 3265.75 3265.75 75310.3
9 3426.02 3426.02 75628.7
3 3062.18 3062.18 75536.3
6 2913.41 2913.41 75540.3
5 4957.28 9914.56 77501.8
36
7 515.81 1031.62 66679.7
1 392.543 785.086 67017.3
2 753.322 3013.29 67717.8
4 785.496 785.496 68415.6
8 1108.7 2217.4 68379.6
5 502.71 1005.42 67943.4
3 183.29 183.29 67770.8
1 1275.81 2551.62 69498.3
2 717.183 717.183 69674.8
7 864.17 864.17 69381.6
0 571.952 571.952 69170.3
1 2754.16 5508.32 71906.1
3 784.814 784.814 69966.9
5 900.016 3600.06 70120.6
4 2605.17 5210.34 71516.2
8 2109.75 4219.49 72013.9
6 1462.67 1462.67 70802.2
9 1446.52 1446.52 70999.4
3 2120.5 2120.5 72176.1
5 2238.96 8955.84 72204.7
0 1508.57 1508.57 71719.1
6 3388.66 3388.66 73734.8
7 2197.14 4394.28 72482.1
2 2437.88 9751.52 73113.7
0 3367.51 3367.51 74503.3
9 2743.99 2743.99 73796.2
4 2329.96 4659.91 73858.2
5 2633.86 10535.5 74199.6
3 3978.74 3978.74 75723.3
8 3314.14 6628.29 75118.3
2 3487.22 3487.22 75080.4
9 4206.7 4206.7 76251.2
7 3804.09 3804.09 76006.8
8 4666.38 4666.38 77140.5
6 4730.28 4730.28 77357.1
1 2082 4163.99 74626.5
32
7 515.81 1031.62 66679.7
1 392.543 785.086 67017.3
2 753.322 3013.29 67717.8
4 785.496 785.496 68415.6
8 1108.7 2217.4 68379.6
5 502.71 1005.42 67943.4
1 1349.37 2698.73 69697.5
3 49.2669 49.2669 68343
0 276.193 276.193 68842.8
9 691.248 691.248 69419.5
5 1146.35 1146.35 70007.3
2 299.224 1196.9 70072.9
8 1978.55 7914.21 72246.5
7 174.303 348.607 70178.6
4 1170.57 2341.14 71226.6
6 565.149 565.149 70947.6
7 1638.44 3276.89 72552.3
1 1616.74 3233.49 72447.5
4 2950.56 5901.12 74012
2 1503.35 3006.69 72765.8
0 1050.35 1050.35 72421.4
3 1043.84 1043.84 72096
5 3694.03 7388.06 75222.3
5 898.498 3593.99 72464.3
9 950.463 950.463 72695
1 2994.61 5989.21 74798.8
6 3216.23 3216.23 74809.4
7 2962.84 2962.84 75007.4
3 2609.11 2609.11 74811.8
9 2243.13 2243.13 74717.2
2 3146.81 3146.81 75773.7
8 2422.35 4844.7 74966.9
40
7 515.81 1031.62 66679.7
1 392.543 785.086 67017.3
2 753.322 3013.29 67717.8
4 785.496 785.496 68415.6
8 1108.7 2217.4 68379.6
5 502.71 1005.42 67943.4
2 1873.45 7493.79 69806.2
1 1516.32 3032.64 69296.6
6 591.968 591.968 68191.4
5 2043.37 4086.74 70322.4
7 372.588 745.177 68613.5
4 2844.85 5689.71 71126.2
7 2039.89 4079.78 70600.6
1 3093.81 6187.61 71347.1
3 135.916 135.916 68743.4
0 174.094 174.094 68593.6
2 3160.81 12643.2 71830.1
9 523.147 523.147 68993.6
6 1917.94 1917.94 70290.4
4 4215.97 8431.93 73037.7
0 694.495 694.495 70357.3
8 2629.25 10517 72384.9
8 4894.01 19576 75261
3 438.892 438.892 70748.2
9 922.22 922.22 71076.8
5 2215.53 8862.11 73103.2
6 1603.81 1603.81 72957.2
1 2375.92 4751.84 73369.4
3 1985.68 1985.68 73488.4
2 4353.09 17412.4 75582.6
8 6304.02 25216.1 77982.1
9 2422.2 2422.2 74044.9
1 3900.27 3900.27 75693.1
0 1544.88 1544.88 73266.1
7 2413.48 4826.96 74190.5
5 4524.46 18097.8 76573.4
3 3102.11 3102.11 75209.9
2 5007.79 20031.2 77961.8
6 1977.13 1977.13 74962.7
4 2181.62 4363.25 75285.5
38
1 849.189 849.189 66762.8
0 135.689 135.689 66130.9
4 1040.52 1040.52 67667
2 71.4152 71.4152 66751
5 1034.42 2068.84 68018.6
0 929.931 929.931 68201.3
7 2114.59 4229.17 69513.7
1 903.582 1807.16 68040.4
8 353.488 353.488 68118.1
2 1311.2 5244.81 69159.4
3 479.232 479.232 68355.1
8 2741.65 10966.6 70712.5
9 1038.29 1038.29 69556.6
6 348.914 348.914 68628.2
4 1290.56 1290.56 70500.1
1 1133.06 1133.06 70237.9
5 1334.93 2669.85 70944.4
3 1015.9 1015.9 70498
6 717.396 717.396 70512.5
0 796.717 796.717 70813.5
9 1323.38 1323.38 71736.2
7 1221.41 1221.41 71804.5
2 913.748 913.748 71562.2
3 2032.25 2032.25 72688.4
5 1907.25 3814.5 72804.1
0 1717.5 1717.5 72933.5
1 1781.24 1781.24 72880.5
4 2029.4 2029.4 73371.6
9 2474.39 2474.39 73932
3 3161.26 3161.26 75123.2
6 1269.63 1269.63 72698.2
7 2024.01 4048.02 73794.9
6 3889.9 3889.9 75740.2
7 3700.24 3700.24 75787.4
8 1861.34 3722.68 74290.2
2 1287.95 2575.91 73913.7
5 2777.87 2777.87 75046
9 3395.46 3395.46 76123
42
1 530.623 1061.25 66239.6
2 841.95 1683.9 66907.6
5 482.237 1928.95 66724.3
7 532.873 1065.75 67370.6
4 373.574 747.148 67146.7
5 1665.45 6661.8 68920.1
1 1415.56 2831.11 68565
0 763.056 763.056 68669.9
2 1063.24 4252.94 68996
1 3063.95 6127.89 70844.3
6 591.968 591.968 68191.4
4 1277.2 2554.41 69556.3
8 1117.14 2234.28 69358.1
7 2439.34 4878.68 70720.7
8 2784.44 5568.88 71345.2
4 3453.41 6906.81 71706.7
3 135.916 135.916 68743.4
9 590.614 590.614 69010.1
2 2350.6 9402.39 71019.9
3 2341.15 2341.15 70811.6
0 1606.35 1606.35 69978.8
7 3810.45 7620.9 72632.2
9 1111.01 1111.01 70773.8
5 1952.69 7810.77 71708.4
2 4153.22 16612.9 74520.2
6 1931.35 1931.35 72240.7
0 2513.34 2513.34 72667.9
8 3401.16 13604.7 74288.8
0 4275.61 4275.61 75629
1 2113.84 4227.69 73107.3
6 3478.14 3478.14 74980.8
3 3169.19 3169.19 74791.1
9 2471.29 2471.29 74301.2
5 2371.7 9486.79 74123
7 2634.81 5269.61 74872.4
1 2568.31 5136.62 74559.3
5 4798.04 19192.1 76829.8
1 4439.85 4439.85 76924.4
4 1744.57 3489.14 74002.6
2 4088.04 16352.2 77089.8
4 4171.88 4171.88 76928.9
9 3330.19 3330.19 76279.2
37
1 530.623 1061.25 66239.6
2 841.95 1683.9 66907.6
5 482.237 1928.95 66724.3
7 532.873 1065.75 67370.6
4 373.574 747.148 67146.7
5 1665.45 6661.8 68920.1
1 1415.56 2831.11 68565
0 763.056 763.056 68669.9
8 353.488 353.488 68118.1
2 1977.32 7909.27 69825.5
3 479.232 479.232 68355.1
8 2741.65 10966.6 70712.5
9 1038.29 1038.29 69556.6
6 348.914 348.914 68628.2
4 723.696 723.696 69933.2
7 753.455 753.455 69858.3
1 1420.45 2840.89 71029.9
3 455.984 455.984 70118.8
5 1952.69 7810.77 71708.4
2 2497.4 9989.62 72864.4
0 1265.9 1265.9 71575.2
3 1913.79 1913.79 72068.4
8 1998.17 7992.67 72885.8
9 870.026 870.026 72223.5
4 1600.55 3201.1 72594
6 727.947 727.947 72230.6
7 1114.65 1114.65 72610.5
1 1576.91 3153.82 73329.9
0 2883.27 2883.27 74514.7
9 2750.13 2750.13 74546.8
3 2872.56 2872.56 74766.9
5 1507 6028.01 73253.6
4 2231.84 4463.68 74987.7
7 2102.09 2102.09 74405.7
5 2566.38 5132.77 74783.1
6 1746.5 1746.5 74226.8
8 2048.16 2048.16 75078.4
45
1 279.796 559.592 66046.4
2 163.906 327.812 66296.8
4 505.065 1010.13 66711.2
5 757.756 1515.51 67522
8 1642.05 6568.19 68288.6
2 1934.89 7739.54 68498.8
1 1473.18 2946.37 68557.7
7 403.391 403.391 67293.2
6 460.567 460.567 67119.8
7 2239.04 4478.09 69240.9
2 3235.27 6470.54 70713.8
9 1518.7 1518.7 68996.2
4 1491.6 2983.21 68991.2
6 1448.11 1448.11 69212.7
5 2591.72 10366.9 70439.9
0 114.359 114.359 67990.2
8 2887.27 11549.1 70858.1
3 961.838 961.838 69480.1
7 2696.27 2696.27 70975.6
9 2676.4 2676.4 71885.9
0 1842.76 1842.76 70947.6
1 1874 3748 71483.5
5 3004.15 12016.6 72433.6
3 2786.08 2786.08 72281.6
8 2722.54 5445.08 72490.9
4 1507.7 3015.4 71327.4
6 2456.12 2456.12 72527.8
3 3862.9 3862.9 74612.2
7 3565.77 7131.54 74528.2
2 2395.92 9583.67 73736.1
5 3633.92 14535.7 74702.5
1 2843.22 5686.44 73806
4 4227.36 8454.72 75301.1
4 2509.88 5019.75 73285.2
6 3722.93 3722.93 75218.8
1 3830.86 7661.71 75583.8
0 3405.94 3405.94 75037.3
3 5184.34 5184.34 76981
9 3417.2 3417.2 75311.5
8 4576.2 18304.8 76322.8
7 4165.96 8331.93 76921.8
6 4710.37 4710.37 77014
2 4222.4 8444.81 76439.2
5 5747.82 5747.82 78228.2
4 5960.94 5960.94 78991.1
40
1 530.623 1061.25 66239.6
2 841.95 1683.9 66907.6
5 482.237 1928.95 66724.3
7 532.873 1065.75 67370.6
4 373.574 747.148 67146.7
5 1665.45 6661.8 68920.1
1 1415.56 2831.11 68565
0 763.056 763.056 68669.9
8 353.488 353.488 68118.1
2 1977.32 7909.27 69825.5
3 479.232 479.232 68355.1
8 2741.65 10966.6 70712.5
9 1038.29 1038.29 69556.6
6 348.914 348.914 68628.2
4 723.696 723.696 69933.2
7 753.455 753.455 69858.3
1 1420.45 2840.89 71029.9
5 2324.97 9299.86 71754.4
3 716.546 716.546 70212
7 1722.68 3445.36 71491.1
4 2449.72 4899.44 72269.4
0 371.605 371.605 70443.3
3 1793.37 1793.37 72542.7
2 3560.81 7121.62 74523.2
5 2886.57 11546.3 74226.7
2 1361.87 5447.49 72430.4
1 2389.67 4779.33 73352.4
1 4513.04 9026.08 75586.8
4 3451.9 6903.79 74227.3
6 571.649 571.649 71623.8
7 3932.02 7864.03 75460.3
8 3293.5 13174 74859.3
9 623.221 623.221 72367.8
5 5805.83 11611.7 77610
0 2000.26 2000.26 73593.5
9 2778.33 2778.33 74822.9
6 2136.91 2136.91 74339.6
3 3882.99 3882.99 76357.1
6 3960.47 3960.47 76587.3
4 3626.5 7253 76171
45
1 530.623 1061.25 66239.6
2 841.95 1683.9 66907.6
5 482.237 1928.95 66724.3
7 532.873 1065.75 67370.6
4 373.574 747.148 67146.7
5 1665.45 6661.8 68920.1
1 1415.56 2831.11 68565
0 763.056 763.056 68669.9
2 1063.24 4252.94 68996
1 3063.95 6127.89 70844.3
6 591.968 591.968 68191.4
4 1277.2 2554.41 69556.3
8 1117.14 2234.28 69358.1
7 2439.34 4878.68 70720.7
8 2784.44 5568.88 71345.2
4 3453.41 6906.81 71706.7
3 135.916 135.916 68743.4
9 590.614 590.614 69010.1
2 2350.6 9402.39 71019.9
3 2341.15 2341.15 70811.6
0 1606.35 1606.35 69978.8
7 3810.45 7620.9 72632.2
2 4702.55 18810.2 74476.2
5 1707.51 6830.05 71975.4
8 3618.08 7236.17 73622.4
4 3538.08 7076.17 73594.1
6 342.419 342.419 70724.8
1 4346.99 8693.98 75260.9
5 3737.11 7474.21 74567.9
4 5318.07 10636.1 76379.5
7 4298.63 8597.26 75561
9 891.542 891.542 72262.6
3 1420.15 1420.15 72636.1
9 3874.86 3874.86 74974.1
0 1508.09 1508.09 72850.3
3 5064.89 5064.89 76522.5
6 2302.54 2302.54 74264.5
6 4309.04 4309.04 75737.6
5 4662.74 9325.49 76433.6
0 4936.07 4936.07 76786.4
1 5240.07 5240.07 77327.3
2 5038.97 10077.9 77467.9
8 4871.91 9743.82 77497.7
6 5101.77 5101.77 77369.9
9 5512.03 5512.03 78239.5
43
1 279.796 559.592 66046.4
2 163.906 327.812 66296.8
4 505.065 1010.13 66711.2
5 757.756 1515.51 67522
8 1642.05 6568.19 68288.6
2 1934.89 7739.54 68498.8
1 1473.18 2946.37 68557.7
7 403.391 403.391 67293.2
6 460.567 460.567 67119.8
7 2239.04 4478.09 69240.9
2 3235.27 6470.54 70713.8
9 1518.7 1518.7 68996.2
4 1491.6 2983.21 68991.2
5 2627.8 5255.59 70001
0 264.774 264.774 68359.2
3 203.955 203.955 68187.3
3 1559.81 1559.81 69728.4
1 2621.76 5243.53 71038.7
8 2073.43 8293.72 70670.1
4 2987.12 5974.24 72283.1
0 1777.22 1777.22 70732.3
2 3837.89 15351.6 72787.2
5 3007.29 12029.2 72781
8 2914.14 11656.6 73182.1
1 4561.07 9122.14 74565.4
7 2322.15 4644.3 72378.2
6 342.419 342.419 70724.8
2 4944.39 9888.78 75858.3
4 4202.3 8404.61 75033.1
7 4102.14 8204.27 75163.6
1 6050.43 12100.9 77312.8
3 598.606 598.606 71969.6
9 620.107 620.107 72115.9
8 4412.09 8824.18 76165.1
0 1519.08 1519.08 73150.5
0 4104.97 4104.97 75901.6
6 2904.14 2904.14 74798.4
5 4150.85 16603.4 75897.5
7 5183.09 10366.2 77938.9
6 4583.24 4583.24 76886.8
5 5210.24 10420.5 77427
9 2900.78 2900.78 75381.1
3 2629.48 2629.48 75659.7
43
1 279.796 559.592 66046.4
2 163.906 327.812 66296.8
4 505.065 1010.13 66711.2
5 757.756 1515.51 67522
8 1642.05 6568.19 68288.6
2 1934.89 7739.54 68498.8
1 1473.18 2946.37 68557.7
7 403.391 403.391 67293.2
6 460.567 460.567 67119.8
7 2239.04 4478.09 69240.9
2 3235.27 6470.54 70713.8
9 1518.7 1518.7 68996.2
4 1491.6 2983.21 68991.2
5 2627.8 5255.59 70001
0 264.774 264.774 68359.2
3 203.955 203.955 68187.3
3 1559.81 1559.81 69728.4
1 2621.76 5243.53 71038.7
8 2073.43 8293.72 70670.1
4 2987.12 5974.24 72283.1
0 1777.22 1777.22 70732.3
2 3837.89 15351.6 72787.2
7 2971.09 5942.18 72875.3
6 1034.44 1034.44 70373.9
9 1804.99 1804.99 71357.8
3 1871.28 1871.28 71926.9
5 1578.71 6314.83 71544.4
0 2871.78 2871.78 73082.3
6 2960.43 2960.43 73306.5
1 2289.66 4579.32 72574.7
8 2408.53 9634.13 73084.4
9 2913.67 2913.67 74049.5
2 3756.66 3756.66 75378.5
3 3624.35 3624.35 75454.2
5 2207.77 8831.09 73959.1
4 2505.15 5010.3 74742.8
7 2931.99 5863.97 74923
5 4634.11 18536.4 76665.9
0 2793.37 2793.37 75277.9
1 3139.7 6279.4 75397.8
8 3219.13 12876.5 76220.9
6 2489.6 2489.6 75246.7
9 3935.94 3935.94 76884.9
41
1 279.796 559.592 66046.4
2 163.906 327.812 66296.8
4 505.065 1010.13 66711.2
5 757.756 1515.51 67522
8 1642.05 6568.19 68288.6
2 1934.89 7739.54 68498.8
1 1473.18 2946.37 68557.7
7 403.391 403.391 67293.2
6 460.567 460.567 67119.8
7 2239.04 4478.09 69240.9
5 2258.51 4517.01 69737
9 1518.7 1518.7 68996.2
4 1491.6 2983.21 68991.2
2 2864.92 5729.84 71213.1
3 49.2669 49.2669 68343
0 276.193 276.193 68842.8
6 1681.31 1681.31 70409.6
3 1545.96 1545.96 70406.9
8 1700.98 6803.9 71130.4
0 1204.32 1204.32 70699.8
7 1105.33 2210.67 70873.7
1 365.328 730.657 70185
4 692.886 692.886 70764.6
9 1095.88 1095.88 71845.2
1 3249.12 6498.25 74211.5
5 1419.15 5676.61 72759.3
8 2330.74 9322.97 73399.3
4 3150 6300 74112.7
7 3290.33 6580.66 74364.1
1 1367.5 2735.01 72142.9
5 4236.6 16946.4 75466.1
2 2674.43 10697.7 74352.5
6 836.264 836.264 72458.9
9 2243.68 2243.68 74036.5
3 1074.05 1074.05 72795.2
1 4390.89 8781.78 76167.9
8 4248 16992 76297
0 1712.54 1712.54 73820.3
2 4345.45 17381.8 77299.5
6 2180.98 2180.98 75166.6
4 2773.25 5546.5 75877.1
45
1 279.796 559.592 66046.4
2 163.906 327.812 66296.8
4 505.065 1010.13 66711.2
5 757.756 1515.51 67522
8 1642.05 6568.19 68288.6
2 1934.89 7739.54 68498.8
1 1473.18 2946.37 68557.7
7 403.391 403.391 67293.2
6 460.567 460.567 67119.8
7 2239.04 4478.09 69240.9
2 3235.27 6470.54 70713.8
9 1518.7 1518.7 68996.2
4 1491.6 2983.21 68991.2
5 2627.8 5255.59 70001
0 264.774 264.774 68359.2
3 203.955 203.955 68187.3
3 1559.81 1559.81 69728.4
1 2621.76 5243.53 71038.7
8 2073.43 8293.72 70670.1
4 2987.12 5974.24 72283.1
0 1777.22 1777.22 70732.3
2 3837.89 15351.6 72787.2
5 2424.42 9697.67 71853.9
6 2029.47 2029.47 71525
8 3885.8 7771.61 73654.2
7 2542.29 5084.59 72362
9 1322.7 1322.7 71394.4
0 2313.66 2313.66 73063
7 5426.09 10852.2 76388.5
2 4816.97 19267.9 76157.1
5 3054.18 12216.7 74122.7
4 4147.22 8294.44 75110
8 6070.8 12141.6 77144.5
7 3544.47 7088.94 74319.8
3 2959.64 2959.64 74011.8
4 5923.75 11847.5 77452
5 5523.91 22095.6 77089.7
9 2459.27 2459.27 74203.9
1 3714.85 7429.7 75519
3 7050.82 7050.82 78644
6 3267 3267 75311.5
0 3843.73 3843.73 76046.4
6 4859.6 4859.6 77333.7
9 4160.7 4160.7 76787.5
7 5553 11106 78097.5
38
1 279.796 559.592 66046.4
2 163.906 327.812 66296.8
4 505.065 1010.13 66711.2
5 757.756 1515.51 67522
8 1642.05 6568.19 68288.6
2 1934.89 7739.54 68498.8
1 1473.18 2946.37 68557.7
7 403.391 403.391 67293.2
6 460.567 460.567 67119.8
7 2239.04 4478.09 69240.9
5 2258.51 4517.01 69737
9 1518.7 1518.7 68996.2
4 1491.6 2983.21 68991.2
2 2864.92 5729.84 71213.1
3 49.2669 49.2669 68343
0 276.193 276.193 68842.8
6 1681.31 1681.31 70409.6
3 1545.96 1545.96 70406.9
1 734.472 734.472 70397.3
8 1356.98 5427.93 71112.7
2 2893.33 11573.3 73260.4
9 1511.25 1511.25 71820.6
0 729.458 729.458 70884
5 1630.09 6520.35 72517.7
4 330.907 330.907 71684.3
1 1342.77 2685.55 72336.3
7 1058.58 1058.58 72561.3
5 5040.7 20162.8 76270.2
8 2843.9 11375.6 74522
6 836.264 836.264 72458.9
0 1184.54 1184.54 72977.4
3 1074.05 1074.05 72795.2
4 1955.4 3910.79 73732.4
2 4218.09 16872.4 76267
7 2175.01 2175.01 74282.8
8 4514.91 18059.6 77468.9
9 1571.69 1571.69 74557.3
1 1918.64 3837.27 75022.5
38
1 530.623 1061.25 66239.6
2 841.95 1683.9 66907.6
5 482.237 1928.95 66724.3
7 532.873 1065.75 67370.6
4 373.574 747.148 67146.7
5 1665.45 6661.8 68920.1
1 1415.56 2831.11 68565
0 763.056 763.056 68669.9
3 183.29 183.29 67770.8
4 896.632 1793.26 69119.1
2 126.483 126.483 69084.1
7 993.217 993.217 69510.6
3 1230.97 1230.97 69829.3
1 1820.85 3641.7 70972.8
9 787.838 787.838 69969.9
5 2331.6 9326.41 71552.2
4 2282.02 4564.04 71193
6 1646.27 1646.27 71128.4
0 912.749 912.749 70707.9
3 1626.12 1626.12 71642.9
2 850.924 850.924 71263.8
9 1387.54 1387.54 71970.6
8 2427.6 2427.6 73076.1
4 2278.84 2278.84 72935
7 1411.16 2822.32 72308
1 2516.51 2516.51 73732.5
2 2807.13 2807.13 73906.4
6 2399.01 2399.01 73741.2
9 3493.54 3493.54 74951.1
0 2285.61 2285.61 74247.5
5 4557.62 4557.62 75986.2
7 3505.78 7011.56 75276.6
3 4302.29 4302.29 76152.6
8 4510.98 4510.98 76598.2
4 2717 5433.99 75145.9
5 1325.06 2650.13 73950.8
1 3706.28 3706.28 75974.4
0 4320.35 4320.35 77047.9
41
1 530.623 1061.25 66239.6
2 841.95 1683.9 66907.6
5 482.237 1928.95 66724.3
7 532.873 1065.75 67370.6
4 373.574 747.148 67146.7
5 1665.45 6661.8 68920.1
1 1415.56 2831.11 68565
0 763.056 763.056 68669.9
2 1063.24 4252.94 68996
1 3063.95 6127.89 70844.3
6 591.968 591.968 68191.4
4 1277.2 2554.41 69556.3
8 1117.14 2234.28 69358.1
7 2439.34 4878.68 70720.7
8 2784.44 5568.88 71345.2
5 2817.21 5634.41 71070.5
3 135.916 135.916 68743.4
9 590.614 590.614 69010.1
2 2350.6 9402.39 71019.9
3 2341.15 2341.15 70811.6
0 1606.35 1606.35 69978.8
4 3187.66 6375.32 72009.4
9 1670.93 1670.93 71153
6 341.125 341.125 70136.3
3 2896.7 2896.7 72913.5
0 1745.57 1745.57 72158.4
6 2671.91 2671.91 73255
1 2392.55 2392.55 73041
9 2687.28 2687.28 73343.4
7 1683.53 3367.07 72580.4
2 2276.29 2276.29 73772.1
4 2556.4 5112.81 74309.4
5 3510.65 3510.65 75142
8 3241.56 3241.56 75038.2
3 3717.73 3717.73 75612
5 1410.43 5641.7 73157.1
1 2678.82 5357.64 75434.7
0 2905.94 2905.94 75209.5
7 2433.22 4866.43 74650
6 3560.64 3560.64 76041
2 4042.67 4042.67 77072.9
36
7 515.81 1031.62 66679.7
1 392.543 785.086 67017.3
2 753.322 3013.29 67717.8
4 785.496 785.496 68415.6
8 1108.7 2217.4 68379.6
5 502.71 1005.42 67943.4
6 435.485 435.485 68200.1
5 2503.57 10014.3 70351.8
0 114.359 114.359 67990.2
8 2302.46 9209.83 70273.3
1 763.772 763.772 69282.1
7 269.521 269.521 68548.9
3 891.059 891.059 70100.6
2 1444.43 1444.43 70549.3
4 2303.64 4607.28 71913.1
1 2230.24 4460.48 72134.4
0 898.567 898.567 70238.1
9 1446.52 1446.52 70999.4
7 2111.6 2111.6 72167.2
5 2357.24 9428.94 72323
6 2807.29 2807.29 73017.8
3 2687.1 2687.1 73033.2
4 3702.04 7404.09 73987
5 3596.38 14385.5 74272.2
0 1793.88 1793.88 72929.7
9 1968.83 1968.83 73590.7
9 3758.59 3758.59 75588.5
8 1685.38 6741.51 73436.7
2 1804.15 3608.29 74041.8
7 1628.2 3256.39 73619.2
8 4111.72 16446.9 76143.5
3 2600.44 2600.44 75085
1 1550.47 3100.94 73808.5
2 3609.58 14438.3 76611.4
6 2100.2 2100.2 74857.3
0 2816.15 2816.15 75765.2
38
1 849.189 849.189 66762.8
0 135.689 135.689 66130.9
4 1040.52 1040.52 67667
2 71.4152 71.4152 66751
5 1034.42 2068.84 68018.6
0 929.931 929.931 68201.3
7 2114.59 4229.17 69513.7
1 903.582 1807.16 68040.4
8 353.488 353.488 68118.1
2 1311.2 5244.81 69159.4
3 479.232 479.232 68355.1
8 2741.65 10966.6 70712.5
9 1038.29 1038.29 69556.6
6 348.914 348.914 68628.2
4 1290.56 1290.56 70500.1
1 1133.06 1133.06 70237.9
5 1334.93 2669.85 70944.4
3 1015.9 1015.9 70498
6 717.396 717.396 70512.5
0 796.717 796.717 70813.5
9 1323.38 1323.38 71736.2
7 1221.41 1221.41 71804.5
2 913.748 913.748 71562.2
3 2032.25 2032.25 72688.4
5 1907.25 3814.5 72804.1
0 1717.5 1717.5 72933.5
1 1781.24 1781.24 72880.5
4 2029.4 2029.4 73371.6
9 2474.39 2474.39 73932
3 3161.26 3161.26 75123.2
6 1269.63 1269.63 72698.2
7 2024.01 4048.02 73794.9
6 3889.9 3889.9 75740.2
7 3700.24 3700.24 75787.4
8 1861.34 3722.68 74290.2
2 1287.95 2575.91 73913.7
5 2777.87 2777.87 75046
9 3395.46 3395.46 76123
42
1 279.796 559.592 66046.4
2 163.906 327.812 66296.8
4 505.065 1010.13 66711.2
5 757.756 1515.51 67522
8 1642.05 6568.19 68288.6
2 1934.89 7739.54 68498.8
1 1473.18 2946.37 68557.7
7 403.391 403.391 67293.2
6 460.567 460.567 67119.8
7 2239.04 4478.09 69240.9
1 3294.15 6588.29 70772.6
9 1518.7 1518.7 68996.2
4 1491.6 2983.21 68991.2
3 183.29 183.29 67770.8
5 2259.59 4519.19 70482.1
0 893.861 893.861 69851.5
6 864.17 864.17 69381.6
3 1230.97 1230.97 69829.3
7 3836.72 7673.45 72988.7
9 2662.96 2662.96 71845
2 1910.31 7641.25 71130.9
4 3180.76 6361.51 72091.8
6 2087.8 2087.8 71750.6
8 1356.98 5427.93 71112.7
2 3191.47 12765.9 73558.5
3 1745.61 1745.61 72054.9
0 2386.07 2386.07 72540.6
5 2545.23 10180.9 73432.9
0 4148.34 4148.34 75501.8
4 3361.33 6722.67 74354.8
3 3292.39 3292.39 74795.1
6 4234.8 4234.8 75287
8 4337.36 8674.71 75865.6
8 1541.83 6167.3 73107.6
9 3647.65 3647.65 75392.2
1 2800.29 5600.58 74604.4
2 5115.48 5115.48 76708.7
5 3535.52 3535.52 75580
3 4553.79 4553.79 76756.5
6 4835.07 4835.07 77309.2
1 4561.29 4561.29 77188.1
7 3164.56 6329.12 75709.1
41
1 279.796 559.592 66046.4
2 163.906 327.812 66296.8
4 505.065 1010.13 66711.2
5 757.756 1515.51 67522
8 1642.05 6568.19 68288.6
2 1934.89 7739.54 68498.8
1 1473.18 2946.37 68557.7
7 403.391 403.391 67293.2
6 460.567 460.567 67119.8
7 2239.04 4478.09 69240.9
5 2258.51 4517.01 69737
9 1518.7 1518.7 68996.2
4 1491.6 2983.21 68991.2
2 2864.92 5729.84 71213.1
3 49.2669 49.2669 68343
0 276.193 276.193 68842.8
6 1681.31 1681.31 70409.6
3 1545.96 1545.96 70406.9
8 1308.86 5235.44 71082.5
5 2524.44 10097.8 72792.4
7 777.277 1554.55 70781.6
1 140.627 281.253 70196.6
4 841.722 841.722 71224.1
7 2241.42 4482.83 73155.3
1 2115.88 4231.77 72946.7
2 2937.03 5874.06 73998.5
8 2512.98 5025.97 73775.4
0 1050.35 1050.35 72421.4
3 1174.9 1174.9 72390.9
9 525.741 525.741 71625
6 1680.22 1680.22 73022.4
9 3514.67 3514.67 74972.2
3 2863.77 2863.77 74825.7
0 3028.2 3028.2 74456.8
1 3041.52 6083.05 74812.4
7 3307.62 3307.62 75157.9
6 4666.3 4666.3 76753.5
5 2711.27 5422.54 75140.2
4 2473.61 4947.21 75099.3
0 3820.93 3820.93 76089.1
1 4095.67 4095.67 76823.2
37
1 849.189 849.189 66762.8
0 135.689 135.689 66130.9
4 1040.52 1040.52 67667
2 71.4152 71.4152 66751
5 1034.42 2068.84 68018.6
0 929.931 929.931 68201.3
7 2114.59 4229.17 69513.7
1 903.582 1807.16 68040.4
8 353.488 353.488 68118.1
2 1311.2 5244.81 69159.4
3 479.232 479.232 68355.1
8 2741.65 10966.6 70712.5
9 1038.29 1038.29 69556.6
6 348.914 348.914 68628.2
4 1290.56 1290.56 70500.1
1 1133.06 1133.06 70237.9
5 1334.93 2669.85 70944.4
0 378.088 378.088 70040.9
5 3483.38 13933.5 73239.1
2 1831.29 7325.16 72198.3
3 442.323 442.323 70751.7
7 1400.35 1400.35 71554.9
2 3387.06 13548.2 74274.7
9 870.026 870.026 72223.5
4 2167.41 4334.82 73160.9
6 727.947 727.947 72230.6
8 3235.49 12942 74465
5 4970.3 19881.2 76648.4
0 1130.53 1130.53 72753.2
7 1855.43 1855.43 73648.3
3 1939.23 1939.23 73660.4
1 1293.05 2586.09 73070.1
8 4829.59 19318.3 76878.5
6 1844.38 1844.38 73952.1
2 4798.68 19194.7 77752.7
9 1243.35 1243.35 74229
4 2743.27 5486.55 75847.2
46
1 279.796 559.592 66046.4
2 163.906 327.812 66296.8
4 505.065 1010.13 66711.2
5 757.756 1515.51 67522
8 1642.05 6568.19 68288.6
2 1934.89 7739.54 68498.8
1 1473.18 2946.37 68557.7
7 403.391 403.391 67293.2
6 460.567 460.567 67119.8
7 2239.04 4478.09 69240.9
2 3235.27 6470.54 70713.8
9 1518.7 1518.7 68996.2
4 1491.6 2983.21 68991.2
5 1677.63 6710.54 69610.4
1 3564.66 7129.32 71345
6 967.199 967.199 68566.6
4 3836 7671.99 72115.1
7 2933.86 5867.72 71174.8
5 4039.58 8079.16 72320.9
8 4381.23 8762.46 72942
2 4610.9 9221.79 72864.1
3 135.916 135.916 68743.4
0 174.094 174.094 68593.6
8 2285.54 9142.15 70954.9
0 2191.31 2191.31 70661.7
6 2293.17 2293.17 70665.6
1 4356.89 8713.78 73178.6
9 1200.3 1200.3 70682.4
3 2004.52 2004.52 71799.7
0 2746.86 2746.86 72763.7
6 2432.39 2432.39 72845.2
9 2778.63 2778.63 73361.7
7 3665.27 3665.27 74313.7
0 4145.44 4145.44 74801.6
2 3826.99 7653.99 74723.8
6 4101.6 4101.6 75597.4
1 3725.63 7451.26 75478.6
3 4258.03 4258.03 75889.4
9 3888.39 3888.39 75685
2 5246.47 5246.47 77140.8
5 2660.9 10643.6 74407.5
4 1752.87 3505.73 74508.7
8 4432.18 4432.18 76735.8
5 3720.28 7440.56 75937
4 4814.35 4814.35 77294.7
7 4973.57 4973.57 78003.8
38
7 515.81 1031.62 66679.7
1 392.543 785.086 67017.3
2 753.322 3013.29 67717.8
4 785.496 785.496 68415.6
8 1108.7 2217.4 68379.6
5 502.71 1005.42 67943.4
6 435.485 435.485 68200.1
5 2503.57 10014.3 70351.8
0 114.359 114.359 67990.2
8 2302.46 9209.83 70273.3
1 763.772 763.772 69282.1
7 269.521 269.521 68548.9
3 891.059 891.059 70100.6
2 1444.43 1444.43 70549.3
4 2303.64 4607.28 71913.1
1 2230.24 4460.48 72134.4
0 898.567 898.567 70238.1
9 1446.52 1446.52 70999.4
7 2111.6 2111.6 72167.2
5 2357.24 9428.94 72323
6 2807.29 2807.29 73017.8
3 2687.1 2687.1 73033.2
4 3702.04 7404.09 73987
5 3596.38 14385.5 74272.2
8 2534.52 2534.52 73670.4
0 2002.36 2002.36 73218.4
2 2092.62 2092.62 73191.9
9 2528.69 2528.69 73870.9
1 4862.95 4862.95 76320.5
3 3506.07 3506.07 75468
9 4704.71 4704.71 76133.3
1 2353.91 4707.83 74124.8
0 5304.14 5304.14 77154.5
8 4365.54 4365.54 76452.8
7 2471.94 4943.88 74900.8
2 3771.46 7542.93 76397.2
4 4496.39 4496.39 76764.5
6 4561.94 4561.94 77289.4
43
1 279.796 559.592 66046.4
2 163.906 327.812 66296.8
4 505.065 1010.13 66711.2
5 757.756 1515.51 67522
8 1642.05 6568.19 68288.6
2 1934.89 7739.54 68498.8
1 1473.18 2946.37 68557.7
7 403.391 403.391 67293.2
6 460.567 460.567 67119.8
7 2239.04 4478.09 69240.9
1 3294.15 6588.29 70772.6
9 1518.7 1518.7 68996.2
4 1491.6 2983.21 68991.2
3 183.29 183.29 67770.8
5 2259.59 4519.19 70482.1
0 893.861 893.861 69851.5
6 864.17 864.17 69381.6
3 1230.97 1230.97 69829.3
4 3031.61 6063.23 72183.6
9 2662.96 2662.96 71845
2 1910.31 7641.25 71130.9
8 2115.43 4230.86 71026.4
7 2971.09 5942.18 72875.3
6 1743.08 1743.08 71082.6
0 2162.36 2162.36 71715.2
1 2926.25 2926.25 72981.9
5 2600.39 10401.5 72566.1
3 2167.59 2167.59 72378.1
6 3669.08 3669.08 74015.2
4 4636.43 9272.85 74921.4
8 2299.84 9199.38 72975.7
9 3124.64 3124.64 74260.5
5 3078.31 12313.2 74307.8
2 2431.21 9724.84 74109.3
0 2942.46 2942.46 74565.1
3 2851.95 2851.95 74644.8
6 4682.32 4682.32 76403.5
7 3146.31 6292.62 74923.4
8 3060.96 12243.9 75109.9
9 4422.32 4422.32 76530.1
5 3733 14932 76687
2 3831.35 3831.35 76817
1 2564.24 5128.47 75668.1
38
1 849.189 849.189 66762.8
0 135.689 135.689 66130.9
4 1040.52 1040.52 67667
2 71.4152 71.4152 66751
5 1034.42 2068.84 68018.6
0 929.931 929.931 68201.3
2 1330.17 2660.33 68729.3
7 829.663 1659.33 67966.4
3 183.29 183.29 67770.8
1 2054.31 4108.62 70276.8
0 1200.63 1200.63 70158.3
7 801.869 801.869 69319.3
3 1230.97 1230.97 69829.3
4 1707.43 3414.87 70859.4
9 787.838 787.838 69969.9
5 1430.11 5720.45 70650.7
8 3205.87 6411.73 72116.9
2 1217.61 4870.46 70991.3
5 2894.76 11579 73162.7
1 3265.56 6531.11 73269.9
7 1612.27 3224.53 71668.3
6 565.149 565.149 70947.6
4 3266.63 6533.27 74180.5
7 3587.52 7175.05 74418.3
2 5386.34 10772.7 76447.8
1 4754.92 9509.83 76017.3
3 600.715 600.715 71971.8
0 1127.72 1127.72 72749.6
6 1115.45 1115.45 72945.3
2 1876.19 7504.74 73627.5
8 5631.01 11262 77868.6
7 5261.28 10522.6 77252.3
5 3837.73 15350.9 75869.5
9 1197.97 1197.97 73682.5
4 5132.94 10265.9 77391
8 2083.57 8334.29 75085.4
3 1518.6 1518.6 74275.7
0 1846.55 1846.55 74795.6
42
1 849.189 849.189 66762.8
0 135.689 135.689 66130.9
4 1040.52 1040.52 67667
2 71.4152 71.4152 66751
5 1034.42 2068.84 68018.6
0 929.931 929.931 68201.3
7 2114.59 4229.17 69513.7
1 903.582 1807.16 68040.4
8 353.488 353.488 68118.1
2 1311.2 5244.81 69159.4
3 479.232 479.232 68355.1
8 2741.65 10966.6 70712.5
9 1038.29 1038.29 69556.6
6 348.914 348.914 68628.2
4 1290.56 1290.56 70500.1
1 1133.06 1133.06 70237.9
2 1888.43 3776.87 71497.9
5 1423.48 5693.9 70852.9
3 716.546 716.546 70212
1 2102.28 4204.56 71870.7
7 1528.2 3056.4 71347.9
0 720.301 720.301 70792
3 1793.37 1793.37 72542.7
7 2478.26 4956.52 73440.7
2 2621.84 10487.4 73962
5 2053.24 8212.97 73121.8
8 3770.75 7541.5 74733.5
5 4055.54 8111.08 75129.3
4 2422.07 4844.14 73197.4
9 1449.75 1449.75 72665.8
6 1202.18 1202.18 72301.4
0 2321.29 2321.29 73663.5
6 4191.11 4191.11 75648.7
2 5027.41 5027.41 76989.3
0 4497.32 4497.32 75925.9
7 4399.67 8799.34 76170.5
3 4628.49 4628.49 76478.8
9 4309.63 4309.63 76396.8
1 3019.5 6038.99 75448.4
4 2517.81 5035.61 75143.5
5 4814.18 4814.18 77082.3
6 5112.17 5112.17 77839.7
38
7 672.336 1344.67 67073.5
1 220.598 441.196 66108.2
2 116.881 467.526 66622.6
5 1283.46 5133.84 67563.1
0 207.918 207.918 66657.6
4 660.635 1321.27 67676.3
1 786.338 1572.68 68159.5
2 532.647 532.647 68627.1
3 203.955 203.955 68187.3
9 559.437 559.437 68728
1 1248.4 2496.8 69665.3
5 1271.49 5085.95 69868.2
4 934.563 1869.13 70230.5
0 1036.93 1036.93 69992
8 1608.58 6434.32 70557.9
5 2356.49 9425.95 72130.2
2 1414.53 5658.11 71682.5
7 174.303 348.607 70178.6
4 1792.52 3585.04 71848.5
6 565.149 565.149 70947.6
8 2715.08 5430.17 73628.9
1 2321.86 4643.72 73152.6
2 3441.31 6882.62 74502.8
7 1663.66 3327.33 72926.1
9 677.526 677.526 72048.6
0 760.042 760.042 71976
3 692.667 692.667 71791.9
0 2488.24 2488.24 73830.4
3 3681.59 3681.59 75139.2
9 2165.95 2165.95 74127.9
6 1704.63 1704.63 73133.2
5 2349.67 4699.34 74120.5
1 3563.78 3563.78 75414.1
8 3608.16 3608.16 75695.4
4 2153.26 4306.53 74582.2
7 3505.69 7011.37 76131.4
9 3492.02 3492.02 75760.2
6 3206.03 3206.03 75933.5
41
1 849.189 849.189 66762.8
0 135.689 135.689 66130.9
4 1040.52 1040.52 67667
2 71.4152 71.4152 66751
5 1034.42 2068.84 68018.6
0 929.931 929.931 68201.3
7 2114.59 4229.17 69513.7
8 1564.18 3128.35 68701
2 1097.26 4389.04 69030
1 2286.33 4572.67 70066.7
6 591.968 591.968 68191.4
5 2135.65 4271.3 70414.7
7 4225.08 8450.15 72466
4 2096.26 4192.52 70377.6
2 3212.25 6424.5 71773
4 3774.86 7549.72 72028.1
3 135.916 135.916 68743.4
9 590.614 590.614 69010.1
8 2055.6 8222.41 70724.9
0 2239.12 2239.12 70709.5
6 1917.94 1917.94 70290.4
1 3078.56 6157.12 71900.3
9 1670.93 1670.93 71153
3 2004.52 2004.52 71799.7
0 2794.67 2794.67 72811.5
6 2057.16 2057.16 72470
9 3249.26 3249.26 73832.4
4 3163.59 3163.59 73812.1
0 4193.24 4193.24 74849.4
1 2863.17 5726.33 73760
6 2723.86 2723.86 74345.7
6 4513.62 4513.62 76343.5
5 1185.96 4743.84 72937.3
5 3380.66 6761.33 75618.3
4 3273.03 6546.07 75264
8 2505.47 10021.9 74537.3
3 3058.79 3058.79 75543.3
7 2671.65 5343.3 74929.7
2 2870.69 11482.8 75872.5
1 2943.07 2943.07 75700.1
9 3718.8 3718.8 76667.8
41
7 672.336 1344.67 67073.5
1 220.598 441.196 66108.2
2 116.881 467.526 66622.6
5 1283.46 5133.84 67563.1
0 207.918 207.918 66657.6
4 660.635 1321.27 67676.3
2 968.827 3875.31 68901.5
1 921.516 1843.03 68701.8
6 591.968 591.968 68191.4
5 1680.14 3360.28 69959.2
7 766.434 1532.87 69007.4
4 1201.65 2403.3 69483
8 556.5 1113 69117.2
1 2499 4998 70752.3
3 135.916 135.916 68743.4
0 561.124 561.124 68980.6
2 2256.19 9024.75 70925.5
9 523.147 523.147 68993.6
6 1917.94 1917.94 70290.4
4 2572.76 5145.52 71394.5
8 3568.37 14273.5 73342.1
5 2746.65 10986.6 73014.6
1 3741.03 7482.06 73745.4
7 2088.58 4177.15 72144.6
3 1417.75 1417.75 71800.2
4 4380.58 8761.16 75294.4
7 4063.83 8127.67 74894.6
2 5475.32 10950.6 76536.8
1 5230.39 10460.8 76492.8
0 256.775 256.775 71627.8
6 1259.82 1259.82 72881.7
9 1431.16 1431.16 73261.1
5 3167.89 12671.6 74919.2
7 6149.51 12299 78387.1
5 5464.93 10929.9 77455.9
2 2706.06 10824.2 74737.9
0 1508.37 1508.37 73992.9
8 5327.71 10655.4 77585.8
8 2909.85 11639.4 75911.6
3 2714.74 2714.74 75471.8
6 1978.64 1978.64 74927.6
32
7 515.81 1031.62 66679.7
1 392.543 785.086 67017.3
2 753.322 3013.29 67717.8
4 785.496 785.496 68415.6
8 1108.7 2217.4 68379.6
5 502.71 1005.42 67943.4
1 1349.37 2698.73 69697.5
3 49.2669 49.2669 68343
0 276.193 276.193 68842.8
9 691.248 691.248 69419.5
5 1146.35 1146.35 70007.3
3 1003.85 1003.85 70486
7 341.125 341.125 70136.3
0 1201.83 1201.83 71218.6
4 292.817 292.817 70705.7
2 917.534 917.534 71500.6
8 906.352 906.352 71554.8
9 953.765 953.765 71609.9
1 956.538 1913.08 71853.4
5 775.298 775.298 71991.3
6 1180.72 1180.72 72280
3 1756.59 1756.59 73098.8
2 3023.53 3023.53 74481.1
0 1941 1941 73902.9
7 893.355 893.355 72321.9
4 800.518 1601.04 72571.4
4 2982.52 2982.52 74832.9
7 3017.13 3017.13 75104.3
1 1635.39 3270.79 74064.3
8 1280.56 2561.12 73906.3
5 1965.07 1965.07 74233.2
9 2620.28 2620.28 75347.8
