63
2 146.331 585.323 65716.5
3 184.024 184.024 66096.7
5 302.314 1209.26 66229.2
4 273.479 273.479 66226.8
0 606.3 606.3 66706.3
1 489.665 979.33 66423.2
3 1931.79 1931.79 68144.9
2 5604.23 22416.9 71857.3
0 2481.73 2481.73 68680.2
4 1948.03 3896.05 68337.6
7 1464.7 1464.7 68159.2
5 7393.26 29573 73789.1
1 3409.03 6818.06 69733.6
1 1745.85 3491.7 68224.5
2 2356.44 9425.76 69003
7 3861.39 7722.78 70258.7
4 4514.91 9029.83 71158.2
5 2793.33 11173.3 69768.3
6 1789.44 1789.44 68902.6
0 3727.22 3727.22 70635.4
2 7070.85 28283.4 73824
1 5396.82 10793.6 72536.4
7 9481.82 18963.6 76542.8
1 7929.49 15859 75088.8
5 8551.26 34205 75899.9
7 6941.16 13882.3 74081.7
3 3611.72 3611.72 71089.2
4 6853.42 13706.8 74428.4
6 4776.88 4776.88 72203
0 5487.15 5487.15 73393.4
1 9689.76 19379.5 77280.6
3 5856.93 5856.93 74248.6
4 8694.63 17389.3 76665.9
3 7765.69 7765.69 76160.8
7 10596.8 21193.6 79081.9
0 8949.3 8949.3 77713.3
0 7160.3 7160.3 75900.8
5 9154.39 36617.6 78928.6
2 11337.2 45348.6 81039.8
3 8683.67 8683.67 77996.1
4 9219.99 18440 79046
4 12087.3 24174.6 81933.7
1 10052.6 20105.1 80232.1
7 11348.6 22697.2 81200.8
6 9799.03 9799.03 80267.7
0 9562.36 9562.36 79955.4
6 6109.27 6109.27 76904.5
7 12489.2 24978.4 83005.6
1 13077.6 26155.2 83633.4
5 10619.2 42476.9 81228
2 12554.8 50219.1 83475.7
2 6846.65 27386.6 77384
5 12240.6 48962.6 83624.3
3 8670.95 8670.95 80501.8
5 13763.3 55053.2 85931
7 13011.9 26023.9 84962.8
2 14409.1 57636.3 86396.4
1 13957.6 27915.3 86041.1
0 10020 10020 82359.4
4 12873.3 25746.5 85346.8
3 10165.1 10165.1 82448.4
5 15316.9 61267.7 88288.8
7 13992.5 27985 86830.1
63
4 276.138 552.276 66153.7
5 284.315 568.629 66139.3
3 180.119 180.119 66180.4
2 296.525 1186.1 66213
1 354.503 354.503 66421.1
0 511.21 511.21 66146.5
2 2402.86 9611.44 68358.1
2 4574.53 18298.1 70772.4
7 469.886 469.886 66612.3
2 6527.51 26110 72816.7
0 2503.76 2503.76 68799.9
3 1957.24 1957.24 68167.6
6 1970.99 1970.99 68202.5
4 1685.05 3370.1 67978.4
1 2230.19 4460.39 68591
3 3559.72 3559.72 70139.1
6 4181.38 4181.38 70932.3
0 4143.28 4143.28 70786.7
7 4610.86 4610.86 71207.2
3 5636.99 5636.99 72484
5 6596.53 26386.1 73798.1
5 2377.09 9508.35 69635.5
4 2198.24 4396.47 70545.5
1 3425.59 6851.17 71465.6
1 5422.4 10844.8 74158.4
2 7418.74 29674.9 75664.8
5 7324.05 29296.2 75674.6
6 4817.06 4817.06 73380.6
0 4390.25 4390.25 72734.9
1 8342.73 16685.5 77029.9
0 6033.07 6033.07 75002.6
6 6464.1 6464.1 75569.7
3 6281.1 6281.1 75665.4
0 8318.87 8318.87 77779.1
4 4533.54 9067.08 73473.2
7 7943.17 7943.17 77252.5
7 5544.94 11089.9 74753.8
6 7929.42 7929.42 77649.8
5 7966.9 31867.6 78531.1
3 8246.5 8246.5 78226.4
2 7601.3 30405.2 77606.2
7 8831.77 8831.77 78993.1
1 8046.34 16092.7 78642.7
4 6233.69 12467.4 77297.9
4 7728.01 15456 79217.5
3 8540.87 8540.87 80075.6
6 8006.04 8006.04 79480.3
0 9110.84 9110.84 80504.4
0 10589.3 10589.3 82416.7
6 9581.48 9581.48 81008.7
1 9301.2 18602.4 81068.8
5 8921.97 35687.9 80862.8
2 8011.89 32047.6 79993.6
4 9850.28 19700.6 81566.8
2 10260 41040 82248.9
3 10269.1 10269.1 82143.3
1 11451 22902.1 83887.1
7 10039 20078 82334.2
5 11169.8 44679.1 83733.7
6 10767.4 10767.4 83759.4
3 11606.7 11606.7 84147
4 10939.7 21879.5 83585.4
7 11135.1 11135.1 83901.9
42
2 127.601 255.203 66199
4 110.598 110.598 66104.9
3 148.116 148.116 66048.6
5 342.119 684.239 66143.3
5 2182.95 8731.79 67984.6
0 638.506 638.506 66580.2
2 2400.23 9600.9 68651.5
1 628.121 1256.24 66812
5 3573.83 14295.3 69923.5
3 1749.4 1749.4 68114.2
0 2157.92 2157.92 68735.6
7 2469.15 2469.15 68992.3
6 2425.92 2425.92 69002.3
2 4223.62 16894.5 70585.8
4 6511.73 13023.5 75824.4
4 1809.88 3619.77 68182.9
5 5179.28 20717.1 71979
1 1683.57 3367.13 68819.5
3 2602.32 2602.32 70082
1 4104.41 8208.82 71646.9
0 2609.81 2609.81 70843.9
2 3845.28 7690.57 72134.8
0 4191.95 4191.95 73187.1
7 3429.18 6858.35 72439.1
0 5533.91 5533.91 75172.2
6 5311.4 5311.4 74895.2
6 2387.85 2387.85 72103.9
3 2968.35 2968.35 72858.1
5 3440.5 13762 73931.9
7 5549.43 11098.9 76335.5
1 2954.33 5908.66 76225.3
5 4519.21 18076.8 75902.9
3 4558.15 4558.15 76389
2 1959.23 7836.92 74126.9
1 6231.63 12463.3 78182.5
2 4537.93 18151.7 76525.3
2 6494.73 12989.5 78578.2
0 5760.13 5760.13 78099.5
4 7007.49 14015 79481.1
6 5405.46 5405.46 77688.7
5 5057.98 20231.9 78029.9
7 5365.14 10730.3 78202.8
46
2 290.258 1161.03 65998.3
4 185.853 185.853 66041.2
5 441.875 883.749 66096.4
1 656.849 1313.7 66620.2
7 1625.77 3251.54 67590
3 146.983 146.983 66224.8
0 582.402 582.402 66980.6
5 1825.92 7303.67 68327.2
2 2942.24 11769 69487.2
4 1953.54 3907.08 68281.6
4 5024.53 10049.1 71395.8
3 1554.36 1554.36 68245.2
1 2989.6 5979.2 69351
7 3776.12 7552.24 70377.6
1 4982.78 9965.56 72156.6
7 5416.88 10833.8 72192.2
2 5477.59 10955.2 72848.6
0 1905.15 1905.15 69053.7
5 3905.96 15623.9 71125
6 2484.38 2484.38 70390.7
4 5550.48 11101 73141.4
3 2594.61 2594.61 70986.3
1 5715.84 11431.7 73687.1
0 3030.36 3030.36 71425.4
7 5517.33 11034.7 74002.4
3 4471.7 4471.7 73235.7
6 4157.52 4157.52 72898
3 6159.62 6159.62 75468.9
1 6562.11 13124.2 75771
0 4224.99 4224.99 73945.4
5 3247.81 12991.2 73812
0 5537.29 5537.29 75517.2
2 5152.97 20611.9 75157.8
6 5508.76 5508.76 75670.1
4 4157.76 8315.52 74754.2
5 5348.25 21393 76731.9
0 5716.12 5716.12 77547
5 6870.9 27483.6 79038.6
4 7047.28 14094.6 78998.1
2 5568.83 22275.3 77556.2
4 5078.42 10156.8 77161.9
3 6547.2 6547.2 78886.6
7 4941.93 9883.87 77415.5
6 6703.06 6703.06 78986.3
2 6711.28 26845.1 79683.2
1 6521.18 13042.4 79358.8
53
2 127.601 255.203 66199
4 110.598 110.598 66104.9
3 148.116 148.116 66048.6
5 342.119 684.239 66143.3
5 2182.95 8731.79 67984.6
0 638.506 638.506 66580.2
2 2400.23 9600.9 68651.5
1 628.121 1256.24 66812
5 3573.83 14295.3 69923.5
3 1749.4 1749.4 68114.2
0 2157.92 2157.92 68735.6
7 2469.15 2469.15 68992.3
6 2425.92 2425.92 69002.3
2 4223.62 16894.5 70585.8
4 6511.73 13023.5 75824.4
4 1809.88 3619.77 68182.9
5 5179.28 20717.1 71979
1 1683.57 3367.13 68819.5
0 3223.73 3223.73 70703.4
3 2965.97 2965.97 70872.2
7 3308.98 6617.96 70899.9
6 2950.22 2950.22 71341.9
1 3578.29 7156.59 71549.6
7 4265.04 4265.04 72660.1
2 3910.95 7821.89 72396
0 3751.92 3751.92 72516
3 4639.12 4639.12 73379.6
2 4742.84 4742.84 74381.2
6 4296.77 4296.77 73880.6
0 5901.49 5901.49 75617.6
6 6200.76 6200.76 76090.5
5 3440.5 13762 73931.9
7 4542.36 9084.73 75328.4
1 2857.04 5714.08 76128
7 6620.21 13240.4 77897.6
3 4063.57 4063.57 75215.5
7 8654.69 17309.4 79985.7
1 8953.02 17906 80169
1 6783.93 13567.9 77900.1
3 5771.43 5771.43 77069.3
7 10466.9 20933.8 82030.1
1 10430.2 20860.3 81968.8
3 7254.77 7254.77 78922.2
5 4138.83 16555.3 75912.3
4 11509.3 23018.6 83468
2 5284.99 21140 77166.1
6 7422.72 7422.72 79388.5
7 11929.2 23858.4 84028.3
5 7333.92 29335.7 79290.7
4 6614.01 13228 79356.8
2 8275.49 33101.9 81216
5 8306.61 33226.5 81316.3
1 11364.3 22728.6 84276.2
59
4 276.138 552.276 66153.7
5 284.315 568.629 66139.3
3 180.119 180.119 66180.4
2 296.525 1186.1 66213
1 354.503 354.503 66421.1
0 511.21 511.21 66146.5
2 2402.86 9611.44 68358.1
2 4574.53 18298.1 70772.4
7 469.886 469.886 66612.3
2 6527.51 26110 72816.7
0 2503.76 2503.76 68799.9
3 1957.24 1957.24 68167.6
6 1970.99 1970.99 68202.5
4 1685.05 3370.1 67978.4
1 2230.19 4460.39 68591
4 3370.58 3370.58 69949.9
0 4126.19 4126.19 70877.1
3 3501.32 3501.32 70144.7
6 4127.39 4127.39 70723.7
7 3162.56 3162.56 70009.6
5 6596.53 26386.1 73798.1
5 2377.09 9508.35 69635.5
2 6906.42 27625.7 75102.8
1 3353.88 6707.75 71331.5
4 4015.29 8030.59 72989.8
0 3761.27 3761.27 72637.5
3 3525.15 3525.15 72517.6
7 3316.55 6633.1 72550.6
7 5164.72 10329.4 74583.5
6 3450.52 3450.52 73063.4
3 4962.98 4962.98 74620.9
1 5432.31 10864.6 75153.3
0 5035.46 5035.46 75035.8
2 7319.65 29278.6 77603.3
5 6123.49 24494 76614.8
4 4824.15 9648.3 75195.5
2 8580.44 34321.7 79551.4
6 4673.33 4673.33 75834.8
5 11286.7 45146.8 82490.3
3 5685.22 5685.22 76923.1
4 7259.56 14519.1 78497.6
6 6409.27 6409.27 77659.8
7 7318.03 14636.1 78560.1
1 5747.75 11495.5 77201.8
0 5799.62 5799.62 77004.4
3 7387.15 7387.15 78727.2
4 8956.11 17912.2 80466
1 7943.79 15887.6 79420.8
5 8493.25 33973 80043.7
2 11469.7 45878.9 83099.8
2 14912.7 59650.9 86732.1
7 8536.42 17072.8 80556.6
5 13443.9 53775.6 85579.8
0 6843.02 6843.02 79005.9
1 9666.52 19333 81857.5
4 9962.34 19924.7 82453.4
6 6874.75 6874.75 79393.2
7 9628.41 19256.8 82439.3
3 7664.65 7664.65 80532.1
57
2 290.258 1161.03 65998.3
4 185.853 185.853 66041.2
5 441.875 883.749 66096.4
1 656.849 1313.7 66620.2
7 1625.77 3251.54 67590
3 146.983 146.983 66224.8
0 582.402 582.402 66980.6
5 1825.92 7303.67 68327.2
2 2942.24 11769 69487.2
4 1953.54 3907.08 68281.6
4 5024.53 10049.1 71395.8
3 1554.36 1554.36 68245.2
1 2989.6 5979.2 69351
7 3776.12 7552.24 70377.6
1 4982.78 9965.56 72156.6
7 5416.88 10833.8 72192.2
2 5477.59 10955.2 72848.6
0 1905.15 1905.15 69053.7
5 3905.96 15623.9 71125
1 6961.39 13922.8 74556.6
7 6553.98 13108 74174.2
6 970.404 970.404 70899.1
4 6299.3 12598.6 74214
5 4552.69 18210.8 73007.3
3 6927.61 6927.61 75543.3
7 7528.73 15057.5 76621.2
3 2749.91 2749.91 71730.6
0 7356.73 7356.73 76418.6
0 3084.73 3084.73 72391.8
6 4361.84 4361.84 73671.1
1 6723.43 13446.9 75932.3
6 7061.12 7061.12 76781.5
5 5299.54 21198.1 75863.7
3 7135.26 7135.26 77115.2
2 5152.97 20611.9 75157.8
1 8269.66 8269.66 78431
4 8912.54 17825.1 79508.9
7 7639.26 15278.5 78703.5
7 9133.58 18267.2 80623
6 7095.96 7095.96 78630.7
0 6774.86 6774.86 78249.1
3 7284.75 7284.75 78678.3
3 8763.22 8763.22 80590.6
0 8350.3 8350.3 79777.5
1 10110.9 20221.8 81878.5
5 6254.6 25018.4 78195.5
2 5563.57 22254.3 77545.3
4 10141.7 20283.5 81858.3
2 7811.67 31246.7 79800.6
6 8824.19 8824.19 80698.4
4 4901.75 9803.49 77337.8
7 10641.3 21282.6 82936.6
5 8502.4 34009.6 81066.3
0 9536.19 9536.19 82528.2
6 10161.7 10161.7 82702.1
2 10614 21228.1 83259.7
3 9930.61 9930.61 82697.5
56
4 276.138 552.276 66153.7
5 284.315 568.629 66139.3
3 180.119 180.119 66180.4
2 296.525 1186.1 66213
1 354.503 354.503 66421.1
0 511.21 511.21 66146.5
2 2402.86 9611.44 68358.1
2 4574.53 18298.1 70772.4
7 469.886 469.886 66612.3
2 6527.51 26110 72816.7
0 2503.76 2503.76 68799.9
3 1957.24 1957.24 68167.6
6 1970.99 1970.99 68202.5
4 1685.05 3370.1 67978.4
1 2230.19 4460.39 68591
4 3370.58 3370.58 69949.9
0 4126.19 4126.19 70877.1
3 3501.32 3501.32 70144.7
6 4127.39 4127.39 70723.7
7 3162.56 3162.56 70009.6
5 6596.53 26386.1 73798.1
5 2377.09 9508.35 69635.5
2 6906.42 27625.7 75102.8
1 3353.88 6707.75 71331.5
4 4015.29 8030.59 72989.8
0 3761.27 3761.27 72637.5
3 3525.15 3525.15 72517.6
7 3316.55 6633.1 72550.6
7 5164.72 10329.4 74583.5
7 7735.4 15470.8 77204.3
1 5685.13 11370.3 75130.3
6 5110.62 5110.62 74983.2
4 5683.44 11366.9 75492.5
1 6657.47 13314.9 76686.6
5 4903.74 19615 75674.1
3 3234.52 3234.52 74725.3
4 5970.71 11941.4 77034.9
1 7116.76 14233.5 78606.2
0 5253.03 5253.03 76787.8
0 3464.35 3464.35 74938.6
3 6465.3 6465.3 77858.9
3 7943.77 7943.77 79771.1
0 7428.27 7428.27 78855.5
4 7239 14478 79006.6
5 6070.32 24281.3 78011.2
2 5508.57 22034.3 77490.3
7 8869.4 17738.8 80586
2 7756.67 31026.7 79745.6
6 7688.98 7688.98 79563.2
4 9388.83 18777.7 81824.9
1 8624.51 17249 80919.7
5 8318.12 33272.5 80882
0 8614.16 8614.16 81606.1
6 9026.53 9026.53 81566.9
7 9958.86 19917.7 82604.5
3 9111.17 9111.17 81878
56
5 173.904 695.617 66071.9
4 315.065 630.131 66470
3 197.944 197.944 66247.5
2 2585.24 10341 68981.5
6 264.453 264.453 66771.6
1 271.729 271.729 66654.7
0 561.977 561.977 66968.9
3 1290.31 1290.31 68001.3
5 1446.16 5784.63 68046.5
4 1943.89 3887.77 68398.3
0 1960.96 1960.96 68909.6
7 2175.53 2175.53 69102.7
1 2475.25 4950.5 69453.2
5 2899.95 11599.8 70151.9
5 5184.64 20738.6 72577.8
3 2456.55 2456.55 70362.8
7 3189.6 6379.19 70780.5
0 2857.51 2857.51 71249.2
4 3204.7 6409.41 71176
6 2382.62 2382.62 70777.7
1 2778.41 5556.82 71263.5
3 3848.24 3848.24 72612.3
6 4544.58 4544.58 73285.1
2 4203.84 16815.3 73978.1
2 6458.74 25835 76161.4
0 3772.06 3772.06 73084.5
7 5988.93 11977.9 75815
1 3273.98 6547.95 73120.4
1 5892.38 11784.8 76071.9
7 3047.16 6094.32 72899.3
0 5568.57 5568.57 76037.3
6 4640.06 4640.06 75033.1
3 6022.7 6022.7 76817.9
4 3968.8 7937.6 74485.2
4 5900.01 11800 76455.8
2 7852.03 31408.1 78460.8
5 8998.06 35992.2 79919
5 5465.16 21860.6 76002.5
4 7246.69 14493.4 78795.4
6 6072.53 6072.53 77456.7
6 9720.9 9720.9 81252.2
6 8177.99 8177.99 79390.9
0 8583.75 8583.75 80148.4
3 9930.44 9930.44 81649.4
4 9698.98 9698.98 81614.3
0 10209.3 10209.3 82169.3
1 10440.9 10440.9 82557.6
2 11313.2 11313.2 83514.4
2 7992.13 31968.5 80521.1
4 11034.5 11034.5 83142.7
7 10982 10982 83343.4
6 10936.7 10936.7 83435.2
5 9652.48 38609.9 82800.4
7 6372.05 12744.1 79235
7 8333.39 16666.8 81322.6
1 6954.01 13908 80110.8
51
2 127.601 255.203 66199
4 110.598 110.598 66104.9
3 148.116 148.116 66048.6
5 342.119 684.239 66143.3
5 2182.95 8731.79 67984.6
0 638.506 638.506 66580.2
2 2400.23 9600.9 68651.5
1 628.121 1256.24 66812
5 3573.83 14295.3 69923.5
3 1749.4 1749.4 68114.2
0 2157.92 2157.92 68735.6
7 2469.15 2469.15 68992.3
6 2425.92 2425.92 69002.3
2 4223.62 16894.5 70585.8
4 6511.73 13023.5 75824.4
4 1809.88 3619.77 68182.9
5 5179.28 20717.1 71979
1 1683.57 3367.13 68819.5
3 2602.32 2602.32 70082
2 4171.79 16687.2 72368.2
1 4314.77 8629.54 72292.4
7 3057.68 6115.37 72032.2
3 3397.48 3397.48 72273.7
0 2116.08 2116.08 71108.5
7 4754.59 9509.17 73988.6
1 4935.15 9870.3 74353.9
2 5168.86 10337.7 74637.8
7 7622.17 15244.3 77067.3
6 2850.95 2850.95 72723.5
4 7949.25 15898.5 77758.3
1 8160.58 16321.2 78189.7
5 3084.69 12338.8 73855
0 5405.78 5405.78 76896.5
5 6831.97 13663.9 78380.6
0 2654.89 2654.89 74039
6 5997.4 5997.4 77528.7
3 5441.83 5441.83 76654.7
3 3155.84 3155.84 74720.5
3 6924.42 6924.42 78643.3
6 7942.93 7942.93 79858.2
0 8295.93 8295.93 80255.9
2 9064.16 9064.16 81180.8
3 8578.6 8578.6 80779.9
5 3386.37 13545.5 75915.3
6 9278.42 9278.42 81386.6
5 9018.71 9018.71 81380.1
4 9301.4 9301.4 81799.9
2 4573.73 18294.9 77721.7
4 6832.24 13664.5 79695.2
7 6503.28 13006.6 79492.5
1 6953.88 13907.8 80110.6
55
5 173.904 695.617 66071.9
4 315.065 630.131 66470
3 197.944 197.944 66247.5
2 2585.24 10341 68981.5
6 264.453 264.453 66771.6
1 271.729 271.729 66654.7
0 561.977 561.977 66968.9
3 1290.31 1290.31 68001.3
5 1446.16 5784.63 68046.5
4 1943.89 3887.77 68398.3
0 1960.96 1960.96 68909.6
7 2175.53 2175.53 69102.7
1 2475.25 4950.5 69453.2
5 2899.95 11599.8 70151.9
5 5184.64 20738.6 72577.8
4 3811.78 7623.56 71354.2
3 2392.29 2392.29 70626.4
1 2712.75 5425.49 71002.2
0 1568.77 1568.77 70563.9
7 3151.64 6303.27 72161.5
2 4203.84 16815.3 73978.1
2 6458.74 25835 76161.4
6 2110.79 2110.79 71423.3
4 3908.3 7816.61 73734.4
1 2897.24 5794.49 72743.7
7 4283.05 8566.11 74462.6
1 5010.39 10020.8 74862.6
0 3047.97 3047.97 73516.7
6 3272.3 3272.3 73665.3
3 3375.11 3375.11 74170.3
1 6151.02 12302 76667.5
4 5931.81 11863.6 76487.6
2 7852.03 31408.1 78460.8
5 8998.06 35992.2 79919
5 5465.16 21860.6 76002.5
1 7145.65 14291.3 78209.8
1 8639.97 17279.9 80129.4
6 6280.9 6280.9 77815.6
6 4492.22 4492.22 75966.5
0 5965.53 5965.53 77359.1
0 7444 7444 79271.4
3 7323.12 7323.12 78750.3
4 7146.06 14292.1 78913.7
5 10309.9 41239.5 82250.7
2 8866.54 35466.2 80848.3
7 6817.32 13634.6 78533.9
2 11114.6 44458.5 83103.5
6 8009.14 8009.14 79883.3
7 8507.36 17014.7 80943.4
4 8601.26 17202.5 80896.5
5 12557.7 50230.7 85121.6
3 8509.02 8509.02 81501
0 9197.32 9197.32 81737.7
1 9930.62 19861.2 82576.3
6 8684.18 8684.18 81451
65
2 127.601 255.203 66199
4 110.598 110.598 66104.9
3 148.116 148.116 66048.6
5 342.119 684.239 66143.3
5 2182.95 8731.79 67984.6
0 638.506 638.506 66580.2
2 2400.23 9600.9 68651.5
1 628.121 1256.24 66812
5 3573.83 14295.3 69923.5
3 1749.4 1749.4 68114.2
0 2157.92 2157.92 68735.6
7 2469.15 2469.15 68992.3
6 2425.92 2425.92 69002.3
2 4223.62 16894.5 70585.8
4 6511.73 13023.5 75824.4
4 1809.88 3619.77 68182.9
5 5179.28 20717.1 71979
1 1683.57 3367.13 68819.5
0 3223.73 3223.73 70703.4
3 2965.97 2965.97 70872.2
7 3308.98 6617.96 70899.9
6 2950.22 2950.22 71341.9
1 3578.29 7156.59 71549.6
3 4389.34 4389.34 72784.4
1 6107.85 12215.7 74592.9
3 6269.85 6269.85 75033.9
6 5108.76 5108.76 73849.3
5 5233.56 20934.2 75007.8
5 7488.47 29953.9 77191.2
6 6322.67 6322.67 75635.2
7 3515.35 7030.69 73341.4
1 6603.42 13206.8 76449.9
4 8985.9 17971.8 79165.4
7 6639.39 13278.8 76491.6
3 7517.91 7517.91 77986.6
6 7484.18 7484.18 77877.2
0 4609.68 4609.68 75404.9
7 7780.02 15560 78296.5
1 7707.67 15415.3 78263.5
5 8881.75 35527 79490.5
2 7141.3 28565.2 78062.2
2 3608.4 14433.6 74145.7
2 9572.4 38289.6 80543.4
0 8972.56 8972.56 80134
2 11541.6 46166.5 82745.2
6 8941.55 8941.55 80179.4
1 9301.22 18602.4 80539.3
0 10708.5 10708.5 81959
7 11044.6 22089.3 82286.7
7 8890.9 17781.8 80345
6 10556.2 10556.2 81761.1
3 10623.1 10623.1 81963.2
1 10997.8 21995.5 82507.7
4 11360 22720 82837.1
2 14142.2 56568.7 85692.6
5 10867.6 43470.3 82497.7
2 15840.6 63362.6 87660
7 12263 24526.1 84283.2
5 14595.2 58381 86731.1
6 11599.6 11599.6 83762.5
1 12336.7 24673.3 84527.6
4 12650.9 25301.8 85142
0 11174 11174 83692.4
7 13355 26710 86165.9
3 10900.6 10900.6 83768.1
51
5 173.904 695.617 66071.9
4 315.065 630.131 66470
3 197.944 197.944 66247.5
2 2585.24 10341 68981.5
6 264.453 264.453 66771.6
1 271.729 271.729 66654.7
0 561.977 561.977 66968.9
3 1290.31 1290.31 68001.3
5 1446.16 5784.63 68046.5
4 1943.89 3887.77 68398.3
0 1960.96 1960.96 68909.6
7 2175.53 2175.53 69102.7
1 2475.25 4950.5 69453.2
5 2899.95 11599.8 70151.9
5 5184.64 20738.6 72577.8
4 4772.8 9545.59 72368
1 3815.06 7630.12 71435.3
6 1268.15 1268.15 71196.8
7 3476.61 6953.21 71391.3
2 5063.27 20253.1 73517.8
6 4106.58 4106.58 72722.3
1 4789.81 9579.61 73882.3
3 2220.58 2220.58 71201.3
6 5514.21 5514.21 74576.1
0 2552.87 2552.87 71859.9
5 5832.32 23329.3 75606.5
5 8087.23 32348.9 77789.9
3 4994.64 4994.64 74307.1
4 5711.99 11424 75538.1
7 6436.43 12872.9 76282.9
1 6654.23 13308.5 76833.8
7 4689.24 9378.49 74541.4
6 7595.78 7595.78 78064.5
0 5453.02 5453.02 75846
3 7717.54 7717.54 78512.8
7 8048.6 16097.2 78565
1 9679.25 19358.5 80235
5 9480.52 37922.1 80089.3
5 11478.7 45914.8 82399.6
2 6000.15 24000.6 76537.4
2 9218.2 36872.8 80601.9
0 6520.85 6520.85 78351.7
2 10740.9 42963.4 82908.5
7 8571.34 17142.7 80522.2
2 13319.6 53278.2 85306.9
4 10239.1 20478.3 82322.6
6 9797.46 9797.46 82136.8
4 5747.75 11495.5 78221.3
0 8014.99 8014.99 80298.3
5 12298.6 49194.3 85270.5
1 9264.7 18529.4 82102.4
54
5 173.904 695.617 66071.9
4 315.065 630.131 66470
3 197.944 197.944 66247.5
2 2585.24 10341 68981.5
6 264.453 264.453 66771.6
1 271.729 271.729 66654.7
0 561.977 561.977 66968.9
3 1290.31 1290.31 68001.3
5 1446.16 5784.63 68046.5
4 1943.89 3887.77 68398.3
0 1960.96 1960.96 68909.6
7 2175.53 2175.53 69102.7
1 2475.25 4950.5 69453.2
5 2899.95 11599.8 70151.9
5 5184.64 20738.6 72577.8
4 2618.08 5236.15 70965.3
7 3117.47 6234.95 71157.5
1 3561.96 7123.93 72298
2 7029.33 28117.3 75275.4
2 4683.17 18732.7 73033.8
3 1886.07 1886.07 70449.6
0 2645.54 2645.54 70990.2
7 4597.58 9195.15 73284.8
6 2313.07 2313.07 71282.6
6 4809.1 4809.1 73914.7
0 3947.99 3947.99 73332.3
0 6648.56 6648.56 76108.8
4 4953.38 9906.76 73893
3 7565.3 7565.3 77203.6
6 6523.4 6523.4 76107.2
3 4237.13 4237.13 73953.2
6 8427.39 8427.39 78317.2
5 4039.27 16157.1 74530.7
7 4666.83 9333.65 75452.9
1 3605.44 7210.88 76876.4
7 6744.67 13489.3 78022.1
0 7770.93 7770.93 78922.9
7 8779.15 17558.3 80110.2
4 9253.31 18506.6 80469.3
1 7532.32 15064.6 78648.5
3 8737.69 8737.69 80035.6
1 9499.24 18998.5 81062.4
2 10403.2 20806.3 81941.9
0 9108.34 9108.34 80775.8
2 6436.3 25745.2 78209.7
7 10168.9 20337.7 82127.5
2 8260.92 33043.7 80142
6 9649.35 9649.35 81615.1
4 10377.3 20754.6 82476.4
5 8836.54 35346.1 80793.3
4 3753.84 7507.68 76496.7
5 9995.85 39983.4 82936.4
5 5800.1 23200.4 78809.8
1 10121.7 20243.4 83033.6
53
4 276.138 552.276 66153.7
5 284.315 568.629 66139.3
3 180.119 180.119 66180.4
2 296.525 1186.1 66213
1 354.503 354.503 66421.1
0 511.21 511.21 66146.5
2 2402.86 9611.44 68358.1
2 4574.53 18298.1 70772.4
7 469.886 469.886 66612.3
2 6527.51 26110 72816.7
0 2503.76 2503.76 68799.9
3 1957.24 1957.24 68167.6
6 1970.99 1970.99 68202.5
4 1685.05 3370.1 67978.4
1 2230.19 4460.39 68591
4 3370.58 3370.58 69949.9
0 4126.19 4126.19 70877.1
3 3501.32 3501.32 70144.7
6 4127.39 4127.39 70723.7
7 5062.1 5062.1 71909.1
5 6596.53 26386.1 73798.1
5 2377.09 9508.35 69635.5
7 2174.84 4349.69 69717.3
6 5099.14 5099.14 73333.3
1 3013.41 6026.81 71302.9
0 3536.26 3536.26 72531.4
4 4386.79 8773.57 73396.7
1 4631.73 9263.45 74100.6
7 5177.03 10354.1 74622.2
3 4369.44 4369.44 74242
7 6333.28 12666.6 76142.4
1 7198.33 14396.7 77227.5
5 4903.74 19615 75674.1
0 6131.73 6131.73 77622.5
4 6355.5 12711 77632.9
0 3688.37 3688.37 74840.3
1 7878.68 15757.4 79209.7
4 8360.15 16720.3 79576.2
7 6798.24 13596.5 77914.4
6 4866.4 4866.4 76164.3
7 8765.16 17530.3 80328.4
1 9565.26 19130.5 81103.9
6 6349.75 6349.75 78017.2
5 6313.75 25255 78087.2
4 9636.06 19272.1 81594.7
5 8138.38 32553.5 80019.5
3 7014.37 7014.37 78980.1
5 9927.46 19854.9 82026.6
2 4238.3 16953.2 76195.1
2 10967.6 21935.2 83710.4
2 5397.62 21590.5 78338.1
2 7354.04 29416.2 80363.7
7 9387.61 18775.2 82299.5
54
2 290.258 1161.03 65998.3
4 185.853 185.853 66041.2
5 441.875 883.749 66096.4
1 656.849 1313.7 66620.2
7 1625.77 3251.54 67590
3 146.983 146.983 66224.8
0 582.402 582.402 66980.6
5 1825.92 7303.67 68327.2
2 2942.24 11769 69487.2
4 1953.54 3907.08 68281.6
4 5024.53 10049.1 71395.8
3 1554.36 1554.36 68245.2
1 2989.6 5979.2 69351
7 3776.12 7552.24 70377.6
1 4982.78 9965.56 72156.6
7 5416.88 10833.8 72192.2
2 5477.59 10955.2 72848.6
0 1905.15 1905.15 69053.7
5 3905.96 15623.9 71125
1 6961.39 13922.8 74556.6
7 6553.98 13108 74174.2
6 970.404 970.404 70899.1
4 6299.3 12598.6 74214
5 4552.69 18210.8 73007.3
6 3808.83 3808.83 72424.6
7 7528.73 15057.5 76621.2
3 2749.91 2749.91 71730.6
6 5216.46 5216.46 74278.4
0 3084.73 3084.73 72391.8
3 6015.93 6015.93 75628.8
0 6016.83 6016.83 75674.7
4 7593.5 15187 77314.5
6 6247.52 6247.52 76247.9
5 5224.08 20896.3 75507.7
2 4809.94 19239.8 75301.3
1 6760.5 13521 77131.9
7 7412.12 14824.2 78960.8
0 6714.16 6714.16 78098.3
6 6878.61 6878.61 78409.9
0 8819.63 8819.63 80032.5
3 7034.83 7034.83 78599.5
3 8858.43 8858.43 80577.4
6 8824.14 8824.14 80739.4
2 9784.56 9784.56 81744.5
7 9814.83 9814.83 81931.5
0 9844.64 9844.64 82045.9
5 5472.23 21888.9 78001.2
6 10159.6 10159.6 82267.8
1 11066.6 11066.6 83427.9
4 10052.8 10052.8 82551.3
2 5237.22 20948.9 78385.2
1 7688.95 15377.9 80551.9
4 6750.45 13500.9 79739.7
5 7679.26 15358.5 80836
55
2 290.258 1161.03 65998.3
4 185.853 185.853 66041.2
5 441.875 883.749 66096.4
1 656.849 1313.7 66620.2
7 1625.77 3251.54 67590
3 146.983 146.983 66224.8
0 582.402 582.402 66980.6
5 1825.92 7303.67 68327.2
2 2942.24 11769 69487.2
4 1953.54 3907.08 68281.6
4 5024.53 10049.1 71395.8
3 1554.36 1554.36 68245.2
1 2989.6 5979.2 69351
7 3776.12 7552.24 70377.6
1 4982.78 9965.56 72156.6
7 5416.88 10833.8 72192.2
2 5477.59 10955.2 72848.6
0 1905.15 1905.15 69053.7
5 3905.96 15623.9 71125
1 6961.39 13922.8 74556.6
7 6553.98 13108 74174.2
6 970.404 970.404 70899.1
4 6299.3 12598.6 74214
5 4552.69 18210.8 73007.3
3 6927.61 6927.61 75543.3
7 7528.73 15057.5 76621.2
3 2749.91 2749.91 71730.6
6 7201.93 7201.93 76263.8
0 3084.73 3084.73 72391.8
0 6003.86 6003.86 75642.2
6 3849 3849 73432.8
0 8777.09 8777.09 78493.2
3 8429.69 8429.69 78319.5
5 4797.97 19191.9 75289.4
7 8003.27 16006.5 78789.3
1 5395.28 10790.6 78666.3
4 8101.24 16202.5 79378.7
6 6947.79 6947.79 78099.7
1 9317.47 18634.9 80648.5
7 9842.24 19684.5 81058.3
4 5693.27 11386.5 76809.4
6 8655.64 8655.64 79953.5
4 9859.87 19719.7 81423.1
1 11004 22008.1 82542.7
3 10012.2 10012.2 81679.6
2 4503.53 18014.1 76277
7 11118.1 22236.3 83076.8
5 10923.7 43695 82804.9
6 9787.3 9787.3 81753.1
4 11322.2 22644.3 83421.3
5 6874.7 27498.8 78831.5
2 12741.6 25483.2 85484.4
2 9940.25 39761 82880.8
2 7352.66 29410.6 80362.3
5 11722.8 23445.5 84634.7
52
2 290.258 1161.03 65998.3
4 185.853 185.853 66041.2
5 441.875 883.749 66096.4
1 656.849 1313.7 66620.2
7 1625.77 3251.54 67590
3 146.983 146.983 66224.8
0 582.402 582.402 66980.6
5 1825.92 7303.67 68327.2
2 2942.24 11769 69487.2
4 1953.54 3907.08 68281.6
4 5024.53 10049.1 71395.8
3 1554.36 1554.36 68245.2
1 2989.6 5979.2 69351
7 3776.12 7552.24 70377.6
1 4982.78 9965.56 72156.6
7 5416.88 10833.8 72192.2
2 5477.59 10955.2 72848.6
0 1905.15 1905.15 69053.7
5 3905.96 15623.9 71125
6 2484.38 2484.38 70390.7
4 5550.48 11101 73141.4
3 2594.61 2594.61 70986.3
1 5715.84 11431.7 73687.1
0 3030.36 3030.36 71425.4
7 5517.33 11034.7 74002.4
3 4471.7 4471.7 73235.7
6 4157.52 4157.52 72898
6 5624.8 5624.8 75237.7
3 5135.63 5135.63 74793.5
4 5494.28 10988.6 75215.3
0 4345.81 4345.81 74346.2
2 6089.62 24358.5 76373.2
5 3409.89 13639.5 73901.2
1 5240.53 10481.1 75611.9
7 4793.33 9586.66 76342
3 5832.96 5832.96 77217.1
0 6610.37 6610.37 78141.7
0 5067.47 5067.47 76280.3
6 6643.69 6643.69 78208.4
4 7411.12 7411.12 79130
3 7322.96 7322.96 79238.2
5 7761.96 7761.96 79721.9
4 9030.72 9030.72 81147.4
6 8143.63 8143.63 80344.9
5 4374.71 17498.9 76903.6
3 8658.45 8658.45 80766.7
0 8590.73 8590.73 80952.1
1 8650.31 8650.31 81148.8
2 5957.04 23828.2 79105
4 4289.2 8578.4 77152.2
7 6044.34 12088.7 79033.6
1 5809.06 11618.1 78965.8
38
5 173.904 695.617 66071.9
4 315.065 630.131 66470
3 197.944 197.944 66247.5
2 2585.24 10341 68981.5
6 264.453 264.453 66771.6
1 271.729 271.729 66654.7
0 561.977 561.977 66968.9
3 1290.31 1290.31 68001.3
5 1446.16 5784.63 68046.5
4 1943.89 3887.77 68398.3
0 1960.96 1960.96 68909.6
7 2175.53 2175.53 69102.7
1 2475.25 4950.5 69453.2
5 2899.95 11599.8 70151.9
5 5184.64 20738.6 72577.8
4 3811.78 7623.56 71354.2
3 2392.29 2392.29 70626.4
1 2712.75 5425.49 71002.2
6 2212.25 2212.25 71207.4
4 4430.81 8861.62 73440.7
0 1614.48 1614.48 71227.3
6 3107.31 3107.31 72765.2
7 1455.63 2911.26 71176.6
3 3473.25 3473.25 73473.6
2 3655.65 14622.6 73939.3
5 4903.21 19612.8 75394.5
1 3468.86 6937.71 73840.3
2 4534.93 18139.7 75918.6
0 2406.26 2406.26 74237.2
2 6057.58 24230.3 78225.3
4 5149.66 10299.3 77100.5
5 6820.08 27280.3 78807.4
1 5188.22 10376.4 77271.7
6 2829.85 2829.85 75169.2
7 2621.81 5243.63 75095.4
3 3136.85 3136.85 75420.1
2 7611.21 30444.8 80583.1
7 5845.64 11691.3 78683.3
62
2 290.258 1161.03 65998.3
4 185.853 185.853 66041.2
5 441.875 883.749 66096.4
1 656.849 1313.7 66620.2
7 1625.77 3251.54 67590
3 146.983 146.983 66224.8
0 582.402 582.402 66980.6
5 1825.92 7303.67 68327.2
2 2942.24 11769 69487.2
4 1953.54 3907.08 68281.6
4 5024.53 10049.1 71395.8
3 1554.36 1554.36 68245.2
1 2989.6 5979.2 69351
7 3776.12 7552.24 70377.6
1 4982.78 9965.56 72156.6
7 5416.88 10833.8 72192.2
4 6800.52 13601 74171.6
0 1905.15 1905.15 69053.7
5 3905.96 15623.9 71125
6 2484.38 2484.38 70390.7
7 6346.8 12693.6 73937.7
3 2594.61 2594.61 70986.3
4 7730.85 15461.7 75702.1
0 3030.36 3030.36 71425.4
1 6714.82 13429.6 75199.9
3 4471.7 4471.7 73235.7
6 4157.52 4157.52 72898
2 6093.33 24373.3 75867.6
2 3440.43 13761.7 73143.1
6 5371.43 5371.43 74683.9
1 7815.4 15630.8 77641.5
7 10647.2 21294.4 80493.7
7 6709.61 13419.2 76889.1
4 9000.12 18000.2 78852.3
3 5719.76 5719.76 76188.5
6 6532.94 6532.94 76926
0 4784.55 4784.55 75579.8
4 10140.7 20281.5 80657.2
1 9838.9 19677.8 80394.7
2 7558.15 30232.6 78166.9
5 7680.54 30722.2 78601.5
5 4147.64 16590.6 74684.9
4 11135.4 22270.8 82199.6
4 12629.7 25259.4 84119.2
6 9541.54 9541.54 81076.3
6 7752.86 7752.86 79227.1
3 8637.32 8637.32 80030.9
3 10115.8 10115.8 81943.2
0 8732.57 8732.57 80159.8
1 11053.2 22106.3 82820.7
5 8992.35 35969.4 80933.2
2 8572.66 34290.7 80554.4
7 11126.5 22252.9 82843
2 10820.8 43283.1 82809.7
6 11269.8 11269.8 83144
7 12816.5 25633 85252.6
1 12508.4 25016.7 84803.6
5 11240.2 44960.6 83804.1
0 9918.46 9918.46 82910.4
3 11869.1 11869.1 84409.5
5 13605.3 27210.5 86250.9
6 11944.8 11944.8 84711.7
55
2 290.258 1161.03 65998.3
4 185.853 185.853 66041.2
5 441.875 883.749 66096.4
1 656.849 1313.7 66620.2
7 1625.77 3251.54 67590
3 146.983 146.983 66224.8
0 582.402 582.402 66980.6
5 1825.92 7303.67 68327.2
2 2942.24 11769 69487.2
4 1953.54 3907.08 68281.6
4 5024.53 10049.1 71395.8
3 1554.36 1554.36 68245.2
1 2989.6 5979.2 69351
7 3776.12 7552.24 70377.6
1 4982.78 9965.56 72156.6
7 5416.88 10833.8 72192.2
2 5477.59 10955.2 72848.6
0 1905.15 1905.15 69053.7
5 3905.96 15623.9 71125
6 2484.38 2484.38 70390.7
4 5550.48 11101 73141.4
3 2594.61 2594.61 70986.3
1 5715.84 11431.7 73687.1
0 3030.36 3030.36 71425.4
7 5517.33 11034.7 74002.4
3 4471.7 4471.7 73235.7
6 4157.52 4157.52 72898
3 6159.62 6159.62 75468.9
1 6562.11 13124.2 75771
0 4224.99 4224.99 73945.4
5 3247.81 12991.2 73812
0 5537.29 5537.29 75517.2
2 5152.97 20611.9 75157.8
6 5508.76 5508.76 75670.1
7 5018.82 10037.6 75615.2
4 4159.4 8318.8 75223.6
4 5653.72 11307.4 77143.2
0 7662.13 7662.13 79196.9
0 5873.44 5873.44 77347.7
3 7208.95 7208.95 78602.5
3 8687.43 8687.43 80514.8
6 7342.39 7342.39 78769.6
7 6273.69 12547.4 78041.3
2 5554.06 22216.2 77494.9
5 4723.53 18894.1 76705.3
4 7775.99 15552 79492.6
5 6971.63 27886.5 78960.5
0 9390.36 9390.36 81264.6
4 9466.03 18932.1 81902.1
1 7493.54 14987.1 79788.8
2 7801.86 31207.4 80365.8
6 8528.28 8528.28 81520.3
1 9252.11 9252.11 81792.5
7 7412.96 14825.9 80058.6
7 9239.7 9239.7 82006.5
61
2 290.258 1161.03 65998.3
4 185.853 185.853 66041.2
5 441.875 883.749 66096.4
1 656.849 1313.7 66620.2
7 1625.77 3251.54 67590
3 146.983 146.983 66224.8
0 582.402 582.402 66980.6
5 1825.92 7303.67 68327.2
2 2942.24 11769 69487.2
4 1953.54 3907.08 68281.6
4 5024.53 10049.1 71395.8
3 1554.36 1554.36 68245.2
1 2989.6 5979.2 69351
7 3776.12 7552.24 70377.6
1 4982.78 9965.56 72156.6
7 5416.88 10833.8 72192.2
4 6800.52 13601 74171.6
0 1905.15 1905.15 69053.7
5 3905.96 15623.9 71125
5 4711.04 18844.1 72907.4
1 6224.81 12449.6 74202.4
4 8656.83 17313.7 77631.4
6 1825.15 1825.15 70701.3
3 1625.64 1625.64 70618.1
4 10353.7 20707.5 79587.8
7 6261.24 12522.5 75680
5 5801.83 23207.3 75576
2 3440.43 13761.7 73143.1
6 2773.82 2773.82 72086.3
7 11900 23800.1 81726.1
7 9438.08 18876.2 79284.5
1 11372.7 22745.4 81552.2
1 8212.08 16424.2 78064.3
3 2972.15 2972.15 73440.9
6 3935.33 3935.33 74328.4
0 2667.31 2667.31 73462.5
4 12380.6 24761.2 82897
5 13878.5 27757 84434.3
5 7266.65 29066.6 77875.4
2 8910.24 35641 79831.2
2 5377.34 21509.3 75914.6
4 13375.2 26750.5 84439.4
4 14869.6 29739.1 86359
6 6943.93 6943.93 78478.7
6 5155.25 5155.25 76629.5
3 5889.71 5889.71 77283.3
3 7368.18 7368.18 79195.5
0 6615.32 6615.32 78042.5
7 13406 26812 85173.6
2 10222 40888.2 82162.9
5 8281.16 33124.6 80262.9
1 13907 27813.9 85623.5
2 12398.9 49595.6 84387.8
6 8672.16 8672.16 80546.4
2 15075.6 30151.2 87511.7
5 14452.6 28905.2 86747.8
5 10056.8 40227.3 82620.7
0 7801.21 7801.21 80793.2
3 9121.5 9121.5 81661.9
7 14545.3 29090.5 87190.9
6 9347.21 9347.21 82114
49
2 290.258 1161.03 65998.3
4 185.853 185.853 66041.2
5 441.875 883.749 66096.4
1 656.849 1313.7 66620.2
7 1625.77 3251.54 67590
3 146.983 146.983 66224.8
0 582.402 582.402 66980.6
5 1825.92 7303.67 68327.2
2 2942.24 11769 69487.2
4 1953.54 3907.08 68281.6
4 5024.53 10049.1 71395.8
3 1554.36 1554.36 68245.2
1 2989.6 5979.2 69351
7 3776.12 7552.24 70377.6
1 4982.78 9965.56 72156.6
7 5416.88 10833.8 72192.2
2 5477.59 10955.2 72848.6
0 1905.15 1905.15 69053.7
5 3905.96 15623.9 71125
1 6417.01 12834 73959.5
3 2119.38 2119.38 70353.5
4 4655.34 9310.69 72944.8
6 2209.55 2209.55 71204.7
5 5712.94 11425.9 74722.8
0 1981.21 1981.21 71619.5
6 3813.39 3813.39 73397.2
3 3377.81 3377.81 73093.9
0 3669.51 3669.51 73559.3
2 5666.43 22665.7 76157.9
4 3962.62 7925.24 74748.7
7 5071.17 10142.3 78342.2
4 5539.57 11079.1 77088.2
6 4935.96 4935.96 76320.1
6 6950.87 6950.87 78482.2
0 5467.24 5467.24 76680.1
3 5640.37 5640.37 77205
0 6949.84 6949.84 78668.8
7 8255.45 8255.45 80170.7
0 8729.65 8729.65 80689.6
6 8812.35 8812.35 80929
2 9145.62 9145.62 81346.9
2 5824.57 23298.3 78353.5
5 9415.25 9415.25 81523.5
3 7719.65 7719.65 80081
7 9462.12 9462.12 81960.6
5 5275.97 21103.9 78423.9
1 4516.53 9033.05 77379.5
1 6477.86 12955.7 79467.1
4 6766.34 13532.7 79923.1
55
5 173.904 695.617 66071.9
4 315.065 630.131 66470
3 197.944 197.944 66247.5
2 2585.24 10341 68981.5
6 264.453 264.453 66771.6
1 271.729 271.729 66654.7
0 561.977 561.977 66968.9
3 1290.31 1290.31 68001.3
5 1446.16 5784.63 68046.5
4 1943.89 3887.77 68398.3
0 1960.96 1960.96 68909.6
7 2175.53 2175.53 69102.7
1 2475.25 4950.5 69453.2
5 2899.95 11599.8 70151.9
5 5184.64 20738.6 72577.8
4 4772.8 9545.59 72368
1 3815.06 7630.12 71435.3
6 1268.15 1268.15 71196.8
7 3476.61 6953.21 71391.3
2 5063.27 20253.1 73517.8
6 4106.58 4106.58 72722.3
1 4789.81 9579.61 73882.3
3 2220.58 2220.58 71201.3
6 5514.21 5514.21 74576.1
0 2552.87 2552.87 71859.9
3 5486.6 5486.6 75099.5
6 6682.38 6682.38 76340.3
7 4770.81 9541.62 74491.8
0 5928.51 5928.51 75928.9
2 5734.65 22938.6 76018.3
5 4903.21 19612.8 75394.5
4 4571.91 9143.82 74943.3
2 6995.44 27981.8 77966.4
0 6695.45 6695.45 77856.9
5 10066.4 40265.7 81270
3 6664.33 6664.33 77902.2
7 5057.88 10115.8 76295.9
6 7378.54 7378.54 78629
7 6858.01 13716 78100.1
1 4956.05 9912.1 76410.1
3 8279.01 8279.01 79483.8
0 8320.97 8320.97 79661
4 6885.73 13771.5 78395.7
1 7152.08 14304.2 78629.1
5 7272.96 29091.9 78823.4
2 9884.72 39538.9 81514.8
2 13327.7 53310.9 85147.1
7 8076.41 16152.8 80096.5
5 12223.6 48894.5 84359.5
6 8467.6 8467.6 80630.5
4 8224.62 16449.2 80415.6
1 8442.99 16886 80934
3 8698.83 8698.83 81217.3
7 9168.39 18336.8 81979.2
0 8598.47 8598.47 81465.9
45
4 276.138 552.276 66153.7
5 284.315 568.629 66139.3
3 180.119 180.119 66180.4
2 296.525 1186.1 66213
1 354.503 354.503 66421.1
0 511.21 511.21 66146.5
2 2402.86 9611.44 68358.1
2 4574.53 18298.1 70772.4
7 469.886 469.886 66612.3
2 6527.51 26110 72816.7
0 2503.76 2503.76 68799.9
3 1957.24 1957.24 68167.6
6 1970.99 1970.99 68202.5
4 1685.05 3370.1 67978.4
1 2230.19 4460.39 68591
4 3370.58 3370.58 69949.9
0 4126.19 4126.19 70877.1
3 3501.32 3501.32 70144.7
6 4127.39 4127.39 70723.7
7 5062.1 5062.1 71909.1
5 6596.53 26386.1 73798.1
5 2377.09 9508.35 69635.5
7 2174.84 4349.69 69717.3
3 4018.89 4018.89 72253
1 3013.41 6026.81 71302.9
6 3485.5 3485.5 72480.7
4 4386.79 8773.57 73396.7
6 4827.46 4827.46 74465.8
4 6604.13 6604.13 76187.9
0 4262.63 4262.63 73978.7
3 4573.21 4573.21 74463
2 4278.13 17112.5 74769.6
1 2320.68 4641.36 73106.7
7 4002.99 8005.98 77274
5 4393.75 17575 75777.4
6 5644.71 5644.71 77475.6
5 5916.4 23665.6 78084.1
1 5399.84 10799.7 77350.7
2 4751.74 19006.9 76739.1
1 3430.99 6861.97 75514.4
3 5541.27 5541.27 77880.7
4 6516.58 13033.2 78990.2
0 5683.91 5683.91 77967.2
2 5894.19 23576.8 78866.1
7 6219.67 12439.3 79057.3
58
4 276.138 552.276 66153.7
5 284.315 568.629 66139.3
3 180.119 180.119 66180.4
2 296.525 1186.1 66213
1 354.503 354.503 66421.1
0 511.21 511.21 66146.5
2 2402.86 9611.44 68358.1
2 4574.53 18298.1 70772.4
7 469.886 469.886 66612.3
2 6527.51 26110 72816.7
0 2503.76 2503.76 68799.9
3 1957.24 1957.24 68167.6
6 1970.99 1970.99 68202.5
4 1685.05 3370.1 67978.4
1 2230.19 4460.39 68591
3 3559.72 3559.72 70139.1
6 4181.38 4181.38 70932.3
0 4143.28 4143.28 70786.7
7 4610.86 4610.86 71207.2
3 5636.99 5636.99 72484
5 6596.53 26386.1 73798.1
5 2377.09 9508.35 69635.5
1 5784.83 11569.7 73380
4 2340.23 4680.47 69960.5
6 6642.92 6642.92 76571.6
1 3065.34 6130.68 70980
2 6660.33 26641.3 75114.9
3 6587.79 6587.79 75203.5
4 3314.98 6629.96 72407.5
0 5291.37 5291.37 74272.1
3 7995.42 7995.42 77057.3
0 10351.3 10351.3 79658.3
3 9705.01 9705.01 79343.3
0 7479.55 7479.55 77063.4
0 11354.4 11354.4 81070.5
6 9457.96 9457.96 79347.7
5 5259.56 21038.2 75751
4 3789.52 7579.05 74575.6
7 4086.21 8172.42 77357.2
4 5867.37 11734.7 77144.8
3 11004.4 11004.4 82156.4
1 6190.78 12381.6 77521.8
1 8249.03 16498.1 79465
7 8013.09 16026.2 79129.3
6 11403.7 11403.7 82701.6
1 9861.18 19722.4 81424.4
1 11779.9 23559.8 83318.6
3 12341.9 12341.9 84009.3
2 10431.4 41725.5 82204.8
7 9617.43 19234.9 81576.1
2 12256 49024 84137.1
6 12535.4 12535.4 84501.1
7 11475.2 22950.4 83574.3
2 6163.01 24652.1 78119.8
4 7934.41 15868.8 80677.2
5 9607.98 38431.9 82548.5
5 7020.38 28081.5 80030.1
4 11774.4 23548.9 84686.3
65
2 146.331 585.323 65716.5
3 184.024 184.024 66096.7
5 302.314 1209.26 66229.2
4 273.479 273.479 66226.8
0 606.3 606.3 66706.3
1 489.665 979.33 66423.2
3 1931.79 1931.79 68144.9
2 5604.23 22416.9 71857.3
0 2481.73 2481.73 68680.2
4 1948.03 3896.05 68337.6
7 1464.7 1464.7 68159.2
5 7393.26 29573 73789.1
1 3409.03 6818.06 69733.6
1 1745.85 3491.7 68224.5
2 2356.44 9425.76 69003
7 3861.39 7722.78 70258.7
4 4514.91 9029.83 71158.2
5 2793.33 11173.3 69768.3
6 1789.44 1789.44 68902.6
0 3727.22 3727.22 70635.4
2 7070.85 28283.4 73824
1 5396.82 10793.6 72536.4
7 9481.82 18963.6 76542.8
1 7929.49 15859 75088.8
5 8551.26 34205 75899.9
7 6941.16 13882.3 74081.7
3 3611.72 3611.72 71089.2
4 6853.42 13706.8 74428.4
6 4776.88 4776.88 72203
4 10262.4 20524.9 77857.6
1 9814.56 19629.1 77434.8
3 6546.17 6546.17 76474.9
7 10570.8 21141.7 78485.5
2 7251.7 29006.8 75706.3
0 9317.82 9317.82 77933.6
1 10789.3 21578.6 79881.8
0 5140.12 5140.12 74120.8
3 9266.76 9266.76 78328.7
6 6383.48 6383.48 75690.5
1 12682.5 25364.9 82151.4
7 12119 24238 81564.2
0 12320.4 12320.4 82193
4 11854.7 23709.4 81663.8
7 13091.4 26182.7 83120.5
5 7005.53 28022.1 77775.9
3 9620.06 9620.06 81110.8
4 12509.2 25018.3 83786.6
6 8546.79 8546.79 79698.7
7 13771.7 27543.4 85102.8
1 14231.5 28463.1 85447.6
5 12777.2 25554.3 83893.3
6 10254.6 10254.6 81552.5
4 14267.8 28535.6 85831
7 15458.3 30916.6 86997
6 11738 11738 83405.4
5 8415.53 33662.1 80189
5 14381.5 28763 86340.2
5 10240.2 40960.6 82121.3
3 12443 12443 84408.8
1 15355.5 30711.1 87454.6
2 6754.38 27017.5 78711.2
4 16620.6 33241.2 89363.4
2 7913.7 31654.8 80854.2
2 9870.12 39480.5 82879.8
2 14742.3 29484.6 87654.2
59
4 276.138 552.276 66153.7
5 284.315 568.629 66139.3
3 180.119 180.119 66180.4
2 296.525 1186.1 66213
1 354.503 354.503 66421.1
0 511.21 511.21 66146.5
2 2402.86 9611.44 68358.1
2 4574.53 18298.1 70772.4
7 469.886 469.886 66612.3
2 6527.51 26110 72816.7
0 2503.76 2503.76 68799.9
3 1957.24 1957.24 68167.6
6 1970.99 1970.99 68202.5
4 1685.05 3370.1 67978.4
1 2230.19 4460.39 68591
3 3559.72 3559.72 70139.1
6 4181.38 4181.38 70932.3
0 4143.28 4143.28 70786.7
7 4610.86 4610.86 71207.2
3 5636.99 5636.99 72484
5 6596.53 26386.1 73798.1
5 2377.09 9508.35 69635.5
1 5784.83 11569.7 73380
4 2340.23 4680.47 69960.5
6 6642.92 6642.92 76571.6
1 3065.34 6130.68 70980
2 6660.33 26641.3 75114.9
3 6587.79 6587.79 75203.5
4 3314.98 6629.96 72407.5
0 5291.37 5291.37 74272.1
3 7995.42 7995.42 77057.3
1 6071.09 6071.09 75378.1
7 4536.03 9072.06 74005
4 5013.59 10027.2 74458.8
0 6371.79 6371.79 76244.4
4 6169.84 12339.7 75978.9
7 7102.63 14205.3 77131.8
5 4903.74 19615 75674.1
6 7863.02 7863.02 79353.8
4 6457.12 12914.2 77521.3
7 7561.93 15123.9 79051.4
0 9186.59 9186.59 80721.3
3 7413.55 7413.55 78887.8
3 9057.35 9057.35 80450.9
6 10939.2 10939.2 82766.6
3 10552.1 10552.1 81979.3
4 7725.41 15450.8 79493
5 6070.32 24281.3 78011.2
2 5520.64 22082.6 77502.4
7 9684.19 19368.4 81400.8
2 7768.74 31075 79757.7
0 10914.8 10914.8 82789
1 6850.95 13701.9 79287
4 9180.61 18361.2 81475.8
5 8318.12 33272.5 80882
5 10842.9 10842.9 83834.9
2 10706.2 10706.2 83246.6
1 9612.05 19224.1 82257.7
7 10201.6 10201.6 82968.4
65
4 276.138 552.276 66153.7
5 284.315 568.629 66139.3
3 180.119 180.119 66180.4
2 296.525 1186.1 66213
1 354.503 354.503 66421.1
0 511.21 511.21 66146.5
2 2402.86 9611.44 68358.1
2 4574.53 18298.1 70772.4
7 469.886 469.886 66612.3
2 6527.51 26110 72816.7
0 2503.76 2503.76 68799.9
3 1957.24 1957.24 68167.6
6 1970.99 1970.99 68202.5
4 1685.05 3370.1 67978.4
1 2230.19 4460.39 68591
4 3370.58 3370.58 69949.9
0 4126.19 4126.19 70877.1
3 3501.32 3501.32 70144.7
6 4127.39 4127.39 70723.7
7 5062.1 5062.1 71909.1
5 6596.53 26386.1 73798.1
5 2377.09 9508.35 69635.5
7 2174.84 4349.69 69717.3
3 4018.89 4018.89 72253
1 3013.41 6026.81 71302.9
6 3485.5 3485.5 72480.7
4 4386.79 8773.57 73396.7
2 6071.19 24284.8 75845.4
2 8326.1 33304.4 78028.8
6 4553.15 4553.15 73865.6
1 4392.49 8784.98 74218.6
7 6554.53 13109.1 76401
7 9172.93 18345.9 79352.5
7 4807.35 9614.69 74659.5
6 6349.66 6349.66 76818.4
3 4765.55 4765.55 75158.6
0 4287.51 4287.51 75082.7
4 6865.49 13731 77381.9
1 6416 12832 76971.8
2 9719.38 38877.5 80328.2
5 10218.3 40873.4 81139.3
5 6685.45 26741.8 77222.7
5 12649.5 50597.8 83620.4
3 6262.28 6262.28 77423.7
5 14618.7 58474.7 85822.3
3 8007.6 8007.6 79245.5
1 8009.55 16019.1 79247.6
0 8581.76 8581.76 79832.2
1 9809.67 19619.3 81051.7
4 7976.37 15952.7 79430.4
6 9478.54 9478.54 80683.4
3 9709.52 9709.52 81049.6
1 11510.2 23020.4 83020.1
4 10172.4 20344.8 81649.5
2 15862.2 63448.8 87412.6
2 11705.2 46820.8 83335.3
2 17560.7 70242.6 89380
7 11407.9 22815.8 83428
5 16775.9 67103.5 88911.7
0 9670.82 9670.82 81833.7
4 11895.1 23790.3 84086.1
1 12516.5 25032.9 85007.5
6 9898.36 9898.36 82416.8
7 12499.9 24999.8 85310.8
3 9987.03 9987.03 82854.5
76
2 146.331 585.323 65716.5
3 184.024 184.024 66096.7
5 302.314 1209.26 66229.2
4 273.479 273.479 66226.8
0 606.3 606.3 66706.3
1 489.665 979.33 66423.2
3 1931.79 1931.79 68144.9
2 5604.23 22416.9 71857.3
0 2481.73 2481.73 68680.2
4 1948.03 3896.05 68337.6
7 1464.7 1464.7 68159.2
5 7393.26 29573 73789.1
1 3409.03 6818.06 69733.6
1 1745.85 3491.7 68224.5
2 2356.44 9425.76 69003
7 3861.39 7722.78 70258.7
4 4514.91 9029.83 71158.2
5 2793.33 11173.3 69768.3
6 1789.44 1789.44 68902.6
0 3727.22 3727.22 70635.4
2 7070.85 28283.4 73824
1 5396.82 10793.6 72536.4
7 9481.82 18963.6 76542.8
1 7929.49 15859 75088.8
5 8551.26 34205 75899.9
7 6941.16 13882.3 74081.7
3 3611.72 3611.72 71089.2
4 6853.42 13706.8 74428.4
6 4776.88 4776.88 72203
4 8749.78 17499.6 77097
1 9140.37 18280.7 77180.4
7 9890.81 19781.6 78626.8
2 8276.08 33104.3 76522.1
5 9425.83 37703.3 77776.4
3 5455.75 5455.75 74019.3
0 4239 4239 72583.7
1 10620.5 21240.9 79307.7
0 5881.81 5881.81 74851.3
0 8377.84 8377.84 77483.5
3 7393.06 7393.06 76777.3
3 10093.6 10093.6 79553.9
4 11085.1 22170.2 80024.7
5 10670.8 42683.2 80445
5 12925.7 51702.8 82628.4
0 9555.95 9555.95 78868.4
7 11180.9 22361.8 81007
1 13321.5 26643.1 83168
1 15939.9 31879.9 86119.5
1 11574.3 23148.7 81426.5
6 9799.03 9799.03 80267.7
0 10717.5 10717.5 81110.5
6 6109.27 6109.27 76904.5
4 13493.5 26987.1 84010
4 15424.7 30849.5 85980.5
5 14319 57275.9 84927.8
2 12289.2 49156.9 83210.2
2 8756.32 35025.3 79293.6
7 13313.3 26626.6 84590.7
3 11216 11216 82368
7 15347.8 30695.5 86678.8
4 17033.4 34066.9 88249.5
7 17397.1 34794.2 88513.2
0 12140.6 12140.6 83438.5
4 18645.6 37291.2 90208.8
7 18845.9 37691.9 90384.6
3 12553.4 12553.4 84220.9
2 14371.1 57484.4 86144.6
1 18271.9 36543.8 90230.6
5 20024.9 80099.6 91906
6 12274.7 12274.7 84240.5
4 20107.9 40215.8 92207
5 15975.9 63903.5 87932.7
7 20682.7 41365.5 93425.6
2 16999 67996.1 89939.5
2 18955.4 75821.8 91965.1
1 19289.9 38579.7 92201.8
