38
7 240.539 240.539 65976.2
2 163.906 327.812 66296.8
1 136.788 273.577 66901
5 1500.39 6001.55 68146.9
0 793.929 793.929 67780.9
2 1934.89 7739.54 68498.8
6 455.495 455.495 67356
4 935.83 1871.66 68020.3
3 1965.27 1965.27 68855
1 2653.71 5307.42 69655.6
2 3235.27 6470.54 70713.8
6 3187.49 3187.49 70665
7 1347.08 2694.16 68846.7
0 3295.85 3295.85 70883.4
4 2757.88 5515.76 70980.3
0 4749.97 4749.97 73707.6
6 4416.89 4416.89 72934.3
3 3933.78 3933.78 72532.1
4 4236.23 8472.47 73388.2
3 5711.51 5711.51 74893.6
5 1787.75 7150.99 71008.4
7 3036.23 6072.47 71947.2
2 3189.95 12759.8 72963.6
5 3252.39 13009.6 73520.3
1 5606.41 11212.8 75610.8
1 2736.81 5473.62 72792.8
6 4784.83 4784.83 75167.2
2 5120.82 10241.6 76034.7
4 5149.87 10299.7 75980.6
7 7062.95 14125.9 78124.4
7 4041.69 8083.39 75304.1
0 5358.76 5358.76 76729.8
6 5421.1 5421.1 77043
5 3673.63 14694.5 75424.9
5 6196.67 12393.3 78150.2
0 6604.91 6604.91 78549.9
3 5374.51 5374.51 77406.3
1 6797.15 6797.15 79904
39
6 241.292 241.292 66267.9
2 160.277 320.555 65878.5
1 238.384 476.769 66569.1
7 858.32 858.32 66906.1
0 96.1445 96.1445 66411.4
4 376.525 753.051 67089.3
5 1154.09 4616.37 67472.5
2 2922.67 11690.7 69457.8
7 1828.64 3657.29 68379.2
3 470.872 470.872 67371
5 3110.5 12442 70255.8
4 1595.81 1595.81 68474.3
0 1298.59 1298.59 68513.9
1 1674.92 3349.83 69048.1
0 2579.37 2579.37 70673.8
3 1464.61 1464.61 69447.9
3 2820.47 2820.47 70989
4 2104.02 4208.03 70520.9
5 3515.45 14061.8 72112.1
1 2278.62 4557.25 71574.6
6 2735.77 2735.77 71690.9
5 5440.79 21763.1 74390.1
7 1327.4 2654.79 71231.6
0 3285.86 3285.86 72625.4
7 3542.42 3542.42 73095.3
3 3131.94 3131.94 73187.5
2 3322.79 13291.2 73288.5
4 3719.46 3719.46 73930
6 3396.99 3396.99 73743.1
4 1771.91 3543.82 72056.9
2 4561.94 18247.7 75237.8
0 4181.18 4181.18 75317
7 4190.7 4190.7 75194.7
4 4359.16 4359.16 75924.9
1 2206.49 4412.97 73796.4
6 4103.02 4103.02 76145.3
3 4110.07 4110.07 76736.9
7 4387.92 4387.92 76587.1
5 3692.86 14771.5 76215.6
32
7 862.999 862.999 66774.5
1 317.143 634.286 66294.2
2 129.403 517.611 66581.2
5 1080.63 4322.52 67829.4
0 586.558 586.558 66768.9
3 218.237 218.237 66724
4 674.053 1348.11 66882
6 2119.5 2119.5 68399.1
1 1525.86 3051.71 68039.5
2 1372.36 1372.36 68039.5
4 561.067 1122.13 68788.2
0 402.957 402.957 69086
2 1447.58 5790.32 69997.7
7 170.526 170.526 68828.5
3 775.093 775.093 69540.6
5 1012.46 1012.46 70187.9
1 1119.33 1119.33 70470
6 575.934 575.934 70238.8
2 2536.63 10146.5 72292.3
2 4801.38 19205.5 75168.4
4 483.653 483.653 70793
7 1363.02 1363.02 71517.6
5 2251.04 9004.17 73138.7
0 661.468 661.468 72014.9
4 1738.48 3476.95 72732
3 1604.92 1604.92 73107.6
6 1933.51 1933.51 73555.4
5 4550.73 18202.9 76302
1 541.506 1083.01 72495.1
7 1681.85 1681.85 73626.9
1 1990.89 1990.89 74022.7
4 2404.77 2404.77 75511.6
33
7 862.711 862.711 66735.4
2 41.8641 83.7281 66748.9
1 1709.01 3418.03 68426.9
4 659.22 1318.44 67779.4
6 630.235 630.235 67386.9
5 305.738 611.477 67372.1
0 1223.32 1223.32 68247.7
3 195.865 195.865 67517.1
3 1460.57 1460.57 69048.1
2 1007.36 2014.71 69229.8
7 510.188 510.188 69467.8
6 1009.46 1009.46 69526.9
3 2508.25 2508.25 71106.6
5 728.381 1456.76 69880.4
0 2075.1 2075.1 71257.2
2 2186.44 8745.77 71407.1
4 942.303 1884.61 69853.3
1 2157.03 4314.07 72061.2
7 1829.32 1829.32 71168.8
6 1837.74 1837.74 71390.6
3 3235.6 3235.6 73291.2
5 2652.05 10608.2 72617.8
0 3899.66 3899.66 74110.2
4 3103.43 3103.43 73449.5
4 1104.31 2208.63 71389.3
2 3145.48 12581.9 73821.3
7 2724.64 2724.64 73860.5
6 2360.05 2360.05 73981.9
5 3281.11 13124.4 75032.4
1 3241.23 6482.47 75194.8
3 3166.32 3166.32 75111.3
4 3486.25 3486.25 75518.1
0 3591.55 3591.55 76698.4
39
7 862.999 862.999 66774.5
1 317.143 634.286 66294.2
2 129.403 517.611 66581.2
5 1080.63 4322.52 67829.4
0 586.558 586.558 66768.9
3 218.237 218.237 66724
4 674.053 1348.11 66882
6 2119.5 2119.5 68399.1
1 1525.86 3051.71 68039.5
3 1515.1 1515.1 68182.2
0 1253.72 1253.72 68841.2
2 839.683 1679.37 69062.2
7 510.188 510.188 69467.8
4 976.814 976.814 69494.2
3 1749.46 1749.46 70347.8
1 1295.43 2590.85 70447.4
6 1627.19 1627.19 70809.3
5 1240.96 4963.85 70461.6
7 3657.38 7314.77 72568.4
0 1436.14 1436.14 71099
2 1601.12 6404.5 71356.8
2 3865.88 15463.5 74232.9
3 2264.1 2264.1 72573.4
6 2604.25 2604.25 72758.8
5 2524.75 10099 73412.4
6 4366.52 4366.52 75720
4 1161.56 2323.13 72155
3 3810.88 3810.88 75313.6
4 2893.92 5787.84 73923.2
0 2691.73 2691.73 74187.6
1 1677.42 3354.85 73430.4
0 5423.86 5423.86 77055.3
7 3232.22 6464.44 74720.9
7 5243.53 5243.53 77137.8
5 5497.64 21990.6 77244.3
4 3422.86 6845.71 76178.7
2 4466.77 4466.77 76770.4
1 3283.24 6566.49 75500
3 4576.43 4576.43 77517.3
39
6 241.292 241.292 66267.9
2 160.277 320.555 65878.5
1 238.384 476.769 66569.1
7 858.32 858.32 66906.1
0 96.1445 96.1445 66411.4
4 376.525 753.051 67089.3
5 1154.09 4616.37 67472.5
2 2922.67 11690.7 69457.8
7 1828.64 3657.29 68379.2
3 470.872 470.872 67371
5 3110.5 12442 70255.8
3 1877.46 1877.46 68755.9
0 1298.59 1298.59 68513.9
4 1421.36 2842.71 69769.5
1 1233.9 2467.8 69108.3
1 2367.72 2367.72 70934.4
3 1958.89 1958.89 70819.8
7 1854.53 1854.53 71015.8
0 1771.41 1771.41 71133.4
6 2281.31 2281.31 71763.4
2 1546.96 1546.96 71342.1
4 2265.35 2265.35 72282.2
7 2782.62 2782.62 73195.5
3 2527.53 2527.53 73110.6
0 2874.28 2874.28 73522.7
6 3297.66 3297.66 73953.8
5 1611.1 3222.21 72507.9
1 1800.64 3601.28 73006.4
0 4125.65 4125.65 75464.9
5 4042 4042 75599.2
3 4125.17 4125.17 76473.7
5 1894.77 3789.53 73751.6
2 1752.68 3505.37 74096.4
7 3518.01 3518.01 78585.9
4 3697.58 3697.58 76306.2
4 1710.87 3421.75 74336.9
2 3199.42 6398.84 75642.4
6 3432.7 3432.7 76254.9
1 2209.1 4418.21 74925.6
29
7 862.711 862.711 66735.4
2 41.8641 83.7281 66748.9
1 1709.01 3418.03 68426.9
4 659.22 1318.44 67779.4
6 630.235 630.235 67386.9
5 305.738 611.477 67372.1
0 1223.32 1223.32 68247.7
3 195.865 195.865 67517.1
2 664.711 664.711 68540.5
7 773.07 773.07 69982.6
5 1758.72 7034.87 70863.5
4 280.906 280.906 69536.4
2 1064.65 2129.29 70968.8
0 609.142 609.142 69948.6
6 1097.79 1097.79 70650.6
3 509.994 509.994 70565.6
2 4115.69 16462.8 74081.4
1 2514.91 2514.91 72725.4
3 2471.27 2471.27 72817.4
4 1325.35 2650.7 71610.4
5 4297.95 17191.8 74973.8
7 1538.43 1538.43 72674.3
7 3769.69 3769.69 74773.7
0 1862.5 1862.5 73428.3
4 2107.01 4214.02 73697
6 1748.61 1748.61 73790.9
3 3812.89 3812.89 76439.7
7 3966.9 3966.9 76166.1
2 4331.63 17326.5 76854.4
35
6 241.292 241.292 66267.9
2 160.277 320.555 65878.5
1 238.384 476.769 66569.1
7 858.32 858.32 66906.1
0 96.1445 96.1445 66411.4
4 376.525 753.051 67089.3
5 1154.09 4616.37 67472.5
2 2922.67 11690.7 69457.8
7 1828.64 3657.29 68379.2
3 470.872 470.872 67371
5 3110.5 12442 70255.8
3 1877.46 1877.46 68755.9
0 1298.59 1298.59 68513.9
4 1421.36 2842.71 69769.5
1 1233.9 2467.8 69108.3
1 2367.72 2367.72 70934.4
3 1958.89 1958.89 70819.8
7 1854.53 1854.53 71015.8
0 1771.41 1771.41 71133.4
2 3202.41 12809.6 72555.9
6 1647.31 1647.31 71465.4
3 2778.27 2778.27 72640.7
5 2810.37 5620.74 73279
6 3827.12 3827.12 74243.1
1 2807.65 5615.3 73245.2
4 2125.31 4250.61 72500.3
7 2367.9 4735.8 73061.8
0 2254.61 2254.61 73355.4
4 3080.26 3080.26 74084.3
3 3531.89 3531.89 75097.7
1 3741.86 7483.73 75331.8
5 4376.94 4376.94 76419.2
7 2682.67 2682.67 75309.5
4 3277.48 3277.48 75476.7
2 2020.88 8083.52 74543.6
38
1 849.189 849.189 66762.8
0 135.689 135.689 66130.9
4 1040.52 1040.52 67667
2 71.4152 71.4152 66751
5 1034.42 2068.84 68018.6
0 929.931 929.931 68201.3
2 1330.17 2660.33 68729.3
7 829.663 1659.33 67966.4
3 183.29 183.29 67770.8
1 2054.31 4108.62 70276.8
0 1200.63 1200.63 70158.3
7 801.869 801.869 69319.3
3 1230.97 1230.97 69829.3
4 1707.43 3414.87 70859.4
6 2254.24 2254.24 71436.3
5 1430.11 5720.45 70650.7
1 3439.7 6879.4 72350.7
2 1217.61 4870.46 70991.3
5 2894.76 11579 73162.7
4 3410.23 6820.46 73414.6
7 1612.27 3224.53 71668.3
0 2008.79 2008.79 72391.2
7 4542.38 9084.76 75456.2
4 4411.35 8822.7 75242.1
1 7411.85 14823.7 78473.3
4 6727.14 13454.3 77989.6
3 600.715 600.715 71971.8
2 2797 11188 74026.5
5 3686.81 14747.2 75364.9
3 3061.37 3061.37 74684.1
0 4391.26 4391.26 76184.1
6 2623.88 2623.88 74345.1
1 3375.47 6750.95 75152.5
2 4391.1 17564.4 76440.1
3 5195.8 5195.8 77303.5
5 5357.82 21431.3 78311.8
6 4750.75 4750.75 77736.4
2 6276.63 12553.3 79380.5
36
7 862.999 862.999 66774.5
1 317.143 634.286 66294.2
2 129.403 517.611 66581.2
5 1080.63 4322.52 67829.4
0 586.558 586.558 66768.9
3 218.237 218.237 66724
4 674.053 1348.11 66882
6 2119.5 2119.5 68399.1
1 1525.86 3051.71 68039.5
3 1515.1 1515.1 68182.2
2 913.241 1826.48 69261.4
4 1094.67 2189.33 68969
0 592.38 592.38 69159
1 1242.5 1242.5 70103.4
7 647.912 647.912 69809.2
5 1361.16 1361.16 70723.1
2 1480.87 5923.48 70834.4
3 1388.65 1388.65 71206.8
6 877.453 877.453 70739.9
4 1359.94 2719.88 71828.6
0 1707.46 1707.46 72123.4
4 4731.31 9462.62 75168.9
7 1425.3 2850.6 71800.3
1 2358.78 4717.55 73052.7
6 1660.1 1660.1 72760.9
2 2074.75 8299 73304.3
5 2105.66 8422.63 73783.8
0 3859.58 3859.58 75482.3
3 2423.64 2423.64 74216.5
6 3886.36 3886.36 75607.5
7 2855.42 5710.84 74632.5
2 3668.84 14675.4 75717.8
1 2666.43 2666.43 74774.2
5 3776.67 15106.7 76730.7
7 3652.36 3652.36 76638
4 3829.37 7658.74 76933.3
32
1 849.189 849.189 66762.8
0 135.689 135.689 66130.9
4 1040.52 1040.52 67667
2 71.4152 71.4152 66751
5 1034.42 2068.84 68018.6
0 929.931 929.931 68201.3
2 1330.17 2660.33 68729.3
7 829.663 1659.33 67966.4
1 1470.03 2940.07 69697.1
3 1053.7 1053.7 69736.7
5 1882.06 7528.25 70432.1
6 1382.35 1382.35 70040.3
4 2192.21 2192.21 70957.7
7 1370.62 1370.62 70546
0 1789.35 1789.35 71140.1
2 1217.61 4870.46 70991.3
5 2676.16 10704.7 72944.1
1 2685.91 5371.82 72690.3
7 2377.46 4754.91 72433.5
3 1587.24 1587.24 71969.6
2 3148.48 6296.96 74062.3
4 3614.24 7228.48 74445
7 4157.44 8314.89 75218.9
4 5930.03 11860.1 77192.4
6 1691.43 1691.43 73062.5
3 2549.64 2549.64 73553.6
6 4463.64 4463.64 76029.4
1 4263.47 8526.94 75853.4
3 5437.3 5437.3 77479.6
2 4019.19 4019.19 76646
0 2403.4 2403.4 74602.6
5 2772.11 11088.5 75294.9
41
7 862.999 862.999 66774.5
1 317.143 634.286 66294.2
2 129.403 517.611 66581.2
5 1080.63 4322.52 67829.4
0 586.558 586.558 66768.9
3 218.237 218.237 66724
4 674.053 1348.11 66882
6 2119.5 2119.5 68399.1
1 1525.86 3051.71 68039.5
3 1515.1 1515.1 68182.2
0 1253.72 1253.72 68841.2
2 839.683 1679.37 69062.2
7 510.188 510.188 69467.8
4 976.814 976.814 69494.2
3 1749.46 1749.46 70347.8
1 1295.43 2590.85 70447.4
6 1627.19 1627.19 70809.3
5 1240.96 4963.85 70461.6
7 3657.38 7314.77 72568.4
2 1550.47 6201.88 71324.1
5 2705.61 10822.4 72973.5
1 2998.22 5996.44 73002.6
4 1787.21 3574.42 71843.2
0 2045.67 2045.67 72428.1
2 3481.33 6962.67 74395.2
4 3762.47 7524.94 74593.2
7 3305.84 6611.67 74367.3
1 4487.58 8975.16 75750
3 3983.97 3983.97 75355
5 4502.09 9004.17 75707.9
0 4557.09 4557.09 75896.4
3 1196.98 1196.98 72754.1
1 5996.5 5996.5 78345
5 5615.46 11230.9 77472.3
7 6973.22 13946.4 79316.9
6 2661.2 2661.2 77729.1
0 5278.86 5278.86 77887.5
4 5650.75 11301.5 78276.8
7 4674.48 9348.96 77117.5
3 5338.98 5338.98 78161.2
2 5529.63 11059.3 78246.1
28
1 849.189 849.189 66762.8
0 135.689 135.689 66130.9
4 1040.52 1040.52 67667
2 71.4152 71.4152 66751
5 1034.42 2068.84 68018.6
0 929.931 929.931 68201.3
2 1330.17 2660.33 68729.3
7 829.663 1659.33 67966.4
3 479.232 479.232 68355.1
1 773.07 773.07 69982.6
5 1745.18 6980.73 70850
3 856.576 856.576 70112.1
2 1217.61 4870.46 70991.3
2 4038.32 16153.3 74306.3
4 713.451 1426.9 70717.8
7 926.184 1852.37 70982.2
6 565.149 565.149 70947.6
7 3856.3 7712.59 74770.2
4 5226.88 10453.8 76057.7
1 2241.93 4483.85 73303.4
4 2202.81 4405.62 73465.2
0 616.067 616.067 71987.1
6 1201.41 1201.41 72823.3
5 2262.05 9048.21 74013.4
1 2912.94 5825.88 74866.5
3 78.8961 78.8961 72023.9
3 2060.62 2060.62 74092.4
0 1659.91 1659.91 74766.7
37
1 849.189 849.189 66762.8
0 135.689 135.689 66130.9
4 1040.52 1040.52 67667
2 71.4152 71.4152 66751
5 1034.42 2068.84 68018.6
0 929.931 929.931 68201.3
7 2114.59 4229.17 69513.7
1 903.582 1807.16 68040.4
2 1429.15 2858.3 68802.3
3 664.839 664.839 68759.3
6 2701.21 2701.21 70684.5
0 2538.36 2538.36 70706.9
2 1891.21 3782.42 70308.1
5 1726.99 6907.98 70323.7
4 1662.94 3325.88 70958.9
1 1909.37 1909.37 70864.5
5 3652.33 14609.3 72601.6
3 936.094 936.094 70598.9
5 6170.16 24680.6 75925.8
2 6929.1 27716.4 77296.1
3 2558.25 2558.25 72867.6
7 1400.35 1400.35 71554.9
2 2908.15 11632.6 73795.8
0 5219.23 5219.23 76572.7
1 1893.35 3786.7 72886.8
6 2695.47 2695.47 74198.2
7 2587.75 5175.5 73617
0 2549.87 2549.87 74045.7
4 1946.35 3892.7 73699.3
3 4175.62 4175.62 75807
1 3549.23 7098.46 75037.9
1 5560.54 5560.54 77454.8
5 5724.47 22897.9 77471.1
4 3198.99 6397.98 75954.8
6 4945.69 4945.69 77249.3
7 3469.87 6939.74 75686.6
4 5609.14 5609.14 78550
40
6 241.292 241.292 66267.9
2 160.277 320.555 65878.5
1 238.384 476.769 66569.1
7 858.32 858.32 66906.1
0 96.1445 96.1445 66411.4
4 376.525 753.051 67089.3
5 1154.09 4616.37 67472.5
2 2922.67 11690.7 69457.8
7 1828.64 3657.29 68379.2
3 470.872 470.872 67371
5 3110.5 12442 70255.8
1 1526.02 1526.02 68404.5
0 1298.59 1298.59 68513.9
4 768.429 1536.86 68995.5
1 1969.86 1969.86 70652.9
5 3796.75 15187 72346.8
3 947.07 947.07 69605
0 2234.41 2234.41 70999.9
7 1783.4 1783.4 70958.8
4 2075.31 2075.31 71426
2 3202.41 12809.6 72555.9
6 1647.31 1647.31 71465.4
3 2594.63 2594.63 72457.1
7 2901.9 5803.79 73370.5
6 3827.12 3827.12 74243.1
4 2984.44 5968.87 73422
1 2268.97 4537.94 72643.9
1 4077.85 8155.69 74771.8
3 3377.28 3377.28 74478.1
2 3294.77 6589.54 74324
0 2842.83 2842.83 74338.7
5 4458.31 8916.62 76211.3
0 5574.97 5574.97 77206.4
4 4085.83 8171.65 75574.5
3 5422.71 5422.71 77317
5 2686.79 10747.2 74433.4
7 3480.37 6960.73 76236.2
6 4990.61 4990.61 77294.2
2 4176.89 8353.78 76393.6
1 4034.61 4034.61 76975.5
31
7 862.711 862.711 66735.4
2 41.8641 83.7281 66748.9
1 1709.01 3418.03 68426.9
4 659.22 1318.44 67779.4
6 630.235 630.235 67386.9
5 305.738 611.477 67372.1
0 1223.32 1223.32 68247.7
3 195.865 195.865 67517.1
2 664.711 664.711 68540.5
7 773.07 773.07 69982.6
5 1758.72 7034.87 70863.5
4 280.906 280.906 69536.4
3 1023.85 1023.85 70505.9
6 341.125 341.125 70136.3
2 899.531 899.531 70916.4
0 356.975 356.975 70769.8
4 1244.12 1244.12 71827.2
1 1682.76 1682.76 72331.2
3 2040.2 2040.2 72696.3
7 1883.12 3766.24 72780
5 3386.51 13546 74616
2 4573.92 18295.7 76252
3 3308.27 3308.27 74931
0 2769.89 2769.89 74562.7
6 2478.6 2478.6 74199.8
4 2098.27 4196.54 73875.3
2 2000.85 8003.41 74049.8
7 3792.69 3792.69 75900.4
5 4041.2 16164.8 76995.2
4 2895.2 2895.2 75880.8
1 1913.6 3827.21 75017.5
32
7 862.711 862.711 66735.4
2 41.8641 83.7281 66748.9
1 1709.01 3418.03 68426.9
4 659.22 1318.44 67779.4
6 630.235 630.235 67386.9
5 305.738 611.477 67372.1
0 1223.32 1223.32 68247.7
3 195.865 195.865 67517.1
2 664.711 664.711 68540.5
7 773.07 773.07 69982.6
5 1758.72 7034.87 70863.5
4 280.906 280.906 69536.4
3 755.68 755.68 70418.5
2 1079.51 4318.02 70835.2
2 3344.26 13377 73711.3
0 1130.43 1130.43 71439.8
4 1423.06 1423.06 71577.6
2 4900.03 19600.1 75787.7
6 1415.48 1415.48 72768.9
7 1649.93 3299.85 72643.4
1 727.947 727.947 72230.6
4 2610.46 5220.92 73639.7
3 2011.27 2011.27 73507.1
7 3630.88 7261.76 75383.9
0 2747.8 2747.8 74379.2
1 3809.8 7619.59 75298.5
6 4300.18 4300.18 76194.5
5 2948.79 11795.2 74695.4
5 4714.93 9429.85 77470.8
0 4163.99 4163.99 76467.6
4 3492.58 6985.16 75709.3
3 3275.52 3275.52 76216.4
36
7 862.711 862.711 66735.4
2 41.8641 83.7281 66748.9
1 1709.01 3418.03 68426.9
4 659.22 1318.44 67779.4
6 630.235 630.235 67386.9
5 305.738 611.477 67372.1
0 1223.32 1223.32 68247.7
3 195.865 195.865 67517.1
3 1460.57 1460.57 69048.1
2 1007.36 2014.71 69229.8
7 510.188 510.188 69467.8
6 1009.46 1009.46 69526.9
3 2508.25 2508.25 71106.6
5 728.381 1456.76 69880.4
0 2075.1 2075.1 71257.2
2 2186.44 8745.77 71407.1
4 942.303 1884.61 69853.3
1 1965.24 1965.24 71447.3
7 1710.66 1710.66 71505.8
4 1938.44 1938.44 71955.3
7 3432.65 3432.65 73845.5
0 2674.8 2674.8 73257.9
3 2530.19 2530.19 73178.7
6 1326.17 1326.17 71982.3
4 3049.61 6099.23 73946.5
5 1357.64 5430.54 72587.2
2 2707.34 10829.4 74385.5
0 4485.14 4485.14 76107.8
1 5213.87 5213.87 77006.7
3 4366.23 4366.23 76087.4
1 2211.33 4422.66 73988.4
5 2951.73 11806.9 75000.7
6 2995.04 2995.04 75102.8
2 4378.35 17513.4 77332.4
7 3093.1 3093.1 76078.7
4 3090.36 6180.71 76194.3
29
1 849.189 849.189 66762.8
0 135.689 135.689 66130.9
4 1040.52 1040.52 67667
2 71.4152 71.4152 66751
5 1034.42 2068.84 68018.6
0 929.931 929.931 68201.3
2 1330.17 2660.33 68729.3
7 829.663 1659.33 67966.4
1 1470.03 2940.07 69697.1
3 1053.7 1053.7 69736.7
5 1882.06 7528.25 70432.1
6 1382.35 1382.35 70040.3
4 2192.21 2192.21 70957.7
7 1370.62 1370.62 70546
0 1789.35 1789.35 71140.1
2 1390.14 1390.14 70872.2
3 1979.55 1979.55 71774.7
1 2056.13 2056.13 72073
6 1807.08 1807.08 72219.9
2 2968.47 2968.47 73551.6
4 2505.95 2505.95 73154.4
0 2335.82 2335.82 72992
7 1508.87 3017.75 72405.7
3 2028.56 2028.56 73650.4
5 769.095 3076.38 72520.4
1 2306.34 4612.69 74259.9
5 2615.6 2615.6 74560.6
7 2442.43 2442.43 74474.2
0 2597.25 2597.25 75704.1
34
7 862.711 862.711 66735.4
2 41.8641 83.7281 66748.9
1 1709.01 3418.03 68426.9
4 659.22 1318.44 67779.4
6 630.235 630.235 67386.9
5 305.738 611.477 67372.1
0 1223.32 1223.32 68247.7
3 195.865 195.865 67517.1
3 1460.57 1460.57 69048.1
2 1007.36 2014.71 69229.8
7 510.188 510.188 69467.8
6 1009.46 1009.46 69526.9
3 2508.25 2508.25 71106.6
5 728.381 1456.76 69880.4
0 2075.1 2075.1 71257.2
2 2186.44 8745.77 71407.1
4 942.303 1884.61 69853.3
5 2900.62 11602.5 72674.3
2 3651.09 14604.4 73919
1 174.303 348.607 70178.6
7 1760.81 3521.62 71816.8
6 1377.4 1377.4 71759.8
4 3356.03 6712.06 74269.9
7 3736.07 7472.13 74566.8
1 4684.93 9369.85 75746.4
1 1663.66 3327.33 72926.1
0 2228.21 2228.21 73599.2
7 5146.84 5146.84 76150.8
3 2218.73 2218.73 73784.5
2 4390.24 8780.48 75980.2
6 3643.46 3643.46 75685.7
4 4226.74 4226.74 76853.6
0 4304.48 4304.48 76503.7
5 1977.06 7908.25 74499.8
34
7 862.711 862.711 66735.4
2 41.8641 83.7281 66748.9
1 1709.01 3418.03 68426.9
4 659.22 1318.44 67779.4
6 630.235 630.235 67386.9
5 305.738 611.477 67372.1
0 1223.32 1223.32 68247.7
3 195.865 195.865 67517.1
3 1460.57 1460.57 69048.1
2 1007.36 2014.71 69229.8
7 510.188 510.188 69467.8
6 1009.46 1009.46 69526.9
3 2508.25 2508.25 71106.6
5 728.381 1456.76 69880.4
0 2075.1 2075.1 71257.2
2 2186.44 8745.77 71407.1
4 942.303 1884.61 69853.3
1 2157.03 4314.07 72061.2
7 1829.32 1829.32 71168.8
6 1837.74 1837.74 71390.6
3 3235.6 3235.6 73291.2
5 2652.05 10608.2 72617.8
0 3899.66 3899.66 74110.2
4 3103.43 3103.43 73449.5
4 1104.31 2208.63 71389.3
2 3145.48 12581.9 73821.3
6 2946.43 2946.43 74082.3
1 3156.63 3156.63 74160.6
4 4340.73 4340.73 75906.5
7 2103.21 4206.43 73693.2
3 3659.48 3659.48 75701.8
1 3781.48 3781.48 76408.3
6 4049.38 4049.38 76248.6
5 2867.98 11471.9 75390.7
31
7 862.711 862.711 66735.4
2 41.8641 83.7281 66748.9
1 1709.01 3418.03 68426.9
4 659.22 1318.44 67779.4
6 630.235 630.235 67386.9
5 305.738 611.477 67372.1
0 1223.32 1223.32 68247.7
3 195.865 195.865 67517.1
2 1080.91 2161.83 69429.1
5 1046.48 2092.96 68920.9
3 776.499 776.499 69343.1
4 982.336 982.336 69843.3
7 647.912 647.912 69809.2
0 2290.24 2290.24 71652.2
2 1905.24 7620.97 71678.9
5 1211.99 4847.95 71479.9
1 174.303 348.607 70178.6
4 1674.72 3349.43 71730.7
6 342.419 342.419 70724.8
1 1638.44 3276.89 72552.3
2 2866.41 5732.81 73697.2
7 2068.54 4137.08 73130
4 3566.16 7132.31 74828.6
3 394.093 394.093 71765.1
6 1304.82 1304.82 72308.8
0 2172 2172 73737.8
7 3626.64 7253.28 75216.6
3 2133.4 2133.4 74175.7
6 1929.67 1929.67 74556.5
1 2368.09 2368.09 74567.3
5 1307.94 5231.75 73830.7
35
7 862.711 862.711 66735.4
2 41.8641 83.7281 66748.9
1 1709.01 3418.03 68426.9
4 659.22 1318.44 67779.4
6 630.235 630.235 67386.9
5 305.738 611.477 67372.1
0 1223.32 1223.32 68247.7
3 195.865 195.865 67517.1
2 427.987 855.975 68655.1
7 591.634 591.634 69274.7
5 567.84 2271.36 69117.9
6 1126.49 1126.49 69784.4
3 550.519 550.519 69316
0 1651.83 1651.83 70827.2
4 859.167 859.167 70209.9
1 1889.63 1889.63 71552.4
2 1194.06 4776.24 70949.7
5 1178.46 4713.82 71545.5
7 1870.63 1870.63 72180
3 1244.63 1244.63 71399.2
5 2734.22 10936.9 73621.9
6 1097.86 1097.86 72451.3
4 1786.61 3573.22 72780.1
0 2296.85 2296.85 73799.5
2 5836.37 23345.5 77065.9
2 2680.97 10723.9 74359.1
3 2744.62 2744.62 74367.3
6 3676.79 3676.79 75469.6
4 3967.66 3967.66 75688.8
1 1731.82 3463.65 73508.9
5 5043.16 20172.6 77092.1
0 3413.28 3413.28 75521
2 6491.06 25964.2 79445.1
1 2528.76 2528.76 75514.4
7 1762.34 3524.69 74866.2
32
1 849.189 849.189 66762.8
0 135.689 135.689 66130.9
4 1040.52 1040.52 67667
2 71.4152 71.4152 66751
5 1034.42 2068.84 68018.6
0 929.931 929.931 68201.3
2 1330.17 2660.33 68729.3
7 829.663 1659.33 67966.4
3 479.232 479.232 68355.1
1 773.07 773.07 69982.6
5 1745.18 6980.73 70850
4 1114.72 1114.72 70370.2
3 1015.9 1015.9 70498
7 539.945 539.945 70335.1
0 1043.66 1043.66 71060.5
6 888.924 888.924 71301.8
2 511.316 511.316 71094.4
3 2333.86 2333.86 72982.3
0 2442.24 2442.24 73098.4
4 1333.09 2666.18 72229.9
1 1875.89 3751.79 73081.7
7 2464.11 2464.11 73803.4
5 2637.69 2637.69 74194.8
6 2859.11 2859.11 75207.6
2 1494.66 2989.31 73351.5
2 3983.15 7966.3 76326.9
3 4834.26 4834.26 79902.2
7 3185.89 3185.89 75794.6
4 1567.97 3135.95 74194
1 3388.86 6777.72 75831.9
0 2577.28 2577.28 75399.5
4 2980.49 5960.97 75697
35
6 241.292 241.292 66267.9
2 160.277 320.555 65878.5
1 238.384 476.769 66569.1
7 858.32 858.32 66906.1
0 96.1445 96.1445 66411.4
4 376.525 753.051 67089.3
5 1154.09 4616.37 67472.5
2 2922.67 11690.7 69457.8
7 1828.64 3657.29 68379.2
3 470.872 470.872 67371
5 3110.5 12442 70255.8
1 1526.02 1526.02 68404.5
0 1298.59 1298.59 68513.9
4 768.429 1536.86 68995.5
1 1969.86 1969.86 70652.9
5 3796.75 15187 72346.8
3 947.07 947.07 69605
0 2234.41 2234.41 70999.9
7 1783.4 1783.4 70958.8
4 2075.31 2075.31 71426
3 2311.21 2311.21 71974
2 3707.48 14829.9 73463.2
2 5972.23 23888.9 76339.3
6 2680.63 2680.63 72990
0 2928.52 2928.52 73083.1
5 4410 17640 75297.6
1 1966.33 1966.33 73319.8
7 1987.67 3975.35 72981.2
3 3211.48 3211.48 74714.2
4 3560.96 3560.96 75182.8
5 6709.69 26838.7 78461
7 3580.88 7161.76 75534.4
6 2865.07 2865.07 74810.1
0 3192.24 3192.24 75224.1
1 3721.57 3721.57 76828.4
37
6 241.292 241.292 66267.9
2 160.277 320.555 65878.5
1 238.384 476.769 66569.1
7 858.32 858.32 66906.1
0 96.1445 96.1445 66411.4
4 376.525 753.051 67089.3
5 1154.09 4616.37 67472.5
2 2922.67 11690.7 69457.8
7 1828.64 3657.29 68379.2
3 470.872 470.872 67371
5 3110.5 12442 70255.8
1 1526.02 1526.02 68404.5
0 1298.59 1298.59 68513.9
4 1005.15 1005.15 68881
3 441.287 441.287 69650.8
2 2840.63 11362.5 71945.5
1 906.023 906.023 70161.5
4 981.904 981.904 70644.7
2 6195.12 24780.5 75950.8
5 2927.65 11710.6 73294.7
0 512.101 512.101 70821.4
7 1345.9 1345.9 71500.5
2 8550.86 34203.4 79438.5
3 964.258 964.258 72317.7
1 1190.41 2380.82 72183.9
6 1474.26 1474.26 72977
7 2533.31 5066.61 73562.6
0 2414.21 2414.21 73910.1
4 1632.19 3264.38 73385.2
3 4119.62 4119.62 75751
1 2846.29 5692.59 74335
0 4854.7 4854.7 76749
5 4664.56 18658.2 76411.2
7 3062.24 6124.48 75818.1
6 3724.48 3724.48 76028.1
4 3238.01 6476.02 75454.8
1 4703.42 4703.42 77644.3
37
7 240.539 240.539 65976.2
2 163.906 327.812 66296.8
1 136.788 273.577 66901
5 1500.39 6001.55 68146.9
0 793.929 793.929 67780.9
2 1934.89 7739.54 68498.8
6 455.495 455.495 67356
4 935.83 1871.66 68020.3
3 1965.27 1965.27 68855
1 2653.71 5307.42 69655.6
4 2756.79 5513.59 70235.3
0 2858.24 2858.24 70335.7
7 1347.08 2694.16 68846.7
7 3748.65 3748.65 71624.5
6 2503.95 2503.95 71713.5
5 1660.69 6642.76 70765.5
3 2913 2913 72168.5
2 718.271 2873.08 70071.8
1 2615.54 2615.54 72433.7
0 2954.97 2954.97 72817.4
4 1888.29 3776.58 72356.9
6 3338.31 3338.31 73754.3
2 2438.66 4877.32 72876.2
4 3972.99 7945.98 74347.9
5 2199.43 4398.86 72893.3
3 3088.74 3088.74 74189.5
1 3521.29 7042.59 74550.6
5 4149.72 4149.72 75645.6
7 2171.45 4342.9 73924.4
0 3604.15 3604.15 75235.5
7 4143.1 8286.21 75631.8
3 5134.18 5134.18 77028.5
2 2674.85 10699.4 74421.5
1 4050.23 8100.46 76806.1
6 4501.8 4501.8 76805.4
2 3734.23 7468.46 75951
4 3610.8 3610.8 76551.6
33
6 241.292 241.292 66267.9
2 160.277 320.555 65878.5
1 238.384 476.769 66569.1
7 858.32 858.32 66906.1
0 96.1445 96.1445 66411.4
4 376.525 753.051 67089.3
5 1154.09 4616.37 67472.5
2 2922.67 11690.7 69457.8
7 1828.64 3657.29 68379.2
3 470.872 470.872 67371
5 3110.5 12442 70255.8
1 1526.02 1526.02 68404.5
0 1298.59 1298.59 68513.9
4 1005.15 1005.15 68881
3 441.287 441.287 69650.8
5 4487.57 17950.3 73592.4
1 906.023 906.023 70161.5
2 3202.41 12809.6 72555.9
7 1321.41 1321.41 71139.5
0 917.001 917.001 70779.4
4 824.057 1648.11 71292.7
3 1275.64 1275.64 71691.6
7 3540.15 7080.3 73977.7
1 2753.27 5506.55 73128.2
4 2644.75 5289.5 73338.7
0 1699.65 1699.65 72800.4
6 906.898 906.898 71910.9
0 4175.08 4175.08 75740.9
7 4474.37 8948.73 76064.3
3 3575.27 3575.27 75617.5
6 1531.75 1531.75 74158.6
1 2321.45 2321.45 74520.7
2 2020.88 8083.52 74543.6
42
6 241.292 241.292 66267.9
2 160.277 320.555 65878.5
1 238.384 476.769 66569.1
7 858.32 858.32 66906.1
0 96.1445 96.1445 66411.4
4 376.525 753.051 67089.3
5 1154.09 4616.37 67472.5
2 2922.67 11690.7 69457.8
7 1828.64 3657.29 68379.2
3 470.872 470.872 67371
5 3110.5 12442 70255.8
1 1526.02 1526.02 68404.5
0 1298.59 1298.59 68513.9
4 768.429 1536.86 68995.5
1 1969.86 1969.86 70652.9
5 3796.75 15187 72346.8
3 947.07 947.07 69605
0 2234.41 2234.41 70999.9
7 1783.4 1783.4 70958.8
4 2075.31 2075.31 71426
2 3140.45 12561.8 72914.1
5 4590.85 18363.4 74858.8
7 3947.59 7895.18 73951.9
2 5207.1 10414.2 75263.1
6 1023.28 1023.28 71405.7
1 2810.07 5620.14 73723.9
4 3935.78 7871.57 74766.6
5 6617.64 13235.3 77679.1
7 5436.95 10873.9 76699.4
3 1256.15 1256.15 72627.2
2 6554.81 13109.6 77760.6
0 1714.47 1714.47 73053.8
6 3193.36 3193.36 74750.5
3 3388.29 3388.29 75736.8
1 5605.91 11211.8 77462.7
7 6555.07 13110.1 78898.8
0 5644.62 5644.62 80712.6
6 4493.46 4493.46 77102.1
4 5824.06 11648.1 78450.1
1 7352.73 14705.5 79795.8
3 5720 5720 78542.2
5 6881.78 13763.6 79598.3
43
7 240.539 240.539 65976.2
2 163.906 327.812 66296.8
1 136.788 273.577 66901
5 1500.39 6001.55 68146.9
0 793.929 793.929 67780.9
2 1934.89 7739.54 68498.8
6 455.495 455.495 67356
4 935.83 1871.66 68020.3
3 1965.27 1965.27 68855
1 2653.71 5307.42 69655.6
2 3235.27 6470.54 70713.8
6 3187.49 3187.49 70665
7 1347.08 2694.16 68846.7
4 3126.09 6252.17 70499.3
3 4385.77 4385.77 72480.2
0 2902.82 2902.82 70886.1
0 4258.68 4258.68 72427.2
7 3505.37 7010.73 71922.3
5 1931.77 7727.07 70528.4
4 3729.79 7459.59 73025.7
6 4091.09 4091.09 73046.2
2 3837.89 15351.6 72787.2
5 3016.77 12067.1 72790.4
2 5834.24 23336.9 76102.2
7 5444.67 10889.3 75449
1 2736.81 5473.62 72792.8
3 5031.6 5031.6 75414
1 5666.92 11333.8 76580.8
4 4944.97 9889.95 75775.8
2 7861.02 15722 78922.5
1 8693.72 17387.4 79956.1
6 3838.44 3838.44 75209.5
5 6806.47 13612.9 77835.7
0 4270.18 4270.18 75766
7 7743.95 15487.9 79496.9
6 6517.51 6517.51 78148.9
5 8054.42 16108.8 79543.1
0 6710.66 6710.66 78605
5 4160.33 16641.3 75907
2 8941.97 17883.9 81697.8
3 6161.53 6161.53 78465.1
4 7371.41 14742.8 79588.2
3 8233.55 8233.55 81174.4
38
7 240.539 240.539 65976.2
2 163.906 327.812 66296.8
1 136.788 273.577 66901
5 1500.39 6001.55 68146.9
0 793.929 793.929 67780.9
2 1934.89 7739.54 68498.8
6 455.495 455.495 67356
4 935.83 1871.66 68020.3
3 1965.27 1965.27 68855
1 2653.71 5307.42 69655.6
2 3235.27 6470.54 70713.8
6 3187.49 3187.49 70665
7 1347.08 2694.16 68846.7
4 3126.09 6252.17 70499.3
3 4385.77 4385.77 72480.2
0 2902.82 2902.82 70886.1
0 4258.68 4258.68 72427.2
7 3505.37 7010.73 71922.3
5 1931.77 7727.07 70528.4
4 3729.79 7459.59 73025.7
6 4091.09 4091.09 73046.2
2 3837.89 15351.6 72787.2
1 3385.76 6771.51 73289.9
3 5092.27 5092.27 74431.8
2 5098.06 5098.06 74650.9
0 4570.15 4570.15 74625.8
5 2646.77 10587.1 72612.5
6 5185.65 5185.65 75396.2
4 4931.4 4931.4 75277.5
7 3173.26 6346.52 73458.3
5 3885.92 15543.7 74561.7
1 4845.76 4845.76 75981.6
3 5401.21 5401.21 77023.1
5 4893.68 19574.7 76645
7 3067.83 6135.67 75021.4
0 4500.87 4500.87 76445.9
7 4517.21 4517.21 76549
6 4877.54 4877.54 77984.4
39
7 240.539 240.539 65976.2
2 163.906 327.812 66296.8
1 136.788 273.577 66901
5 1500.39 6001.55 68146.9
0 793.929 793.929 67780.9
2 1934.89 7739.54 68498.8
6 455.495 455.495 67356
4 935.83 1871.66 68020.3
3 1965.27 1965.27 68855
1 2653.71 5307.42 69655.6
4 2756.79 5513.59 70235.3
0 2858.24 2858.24 70335.7
7 1347.08 2694.16 68846.7
2 2864.92 5729.84 71213.1
5 2984.91 5969.81 70859.3
6 3673.48 3673.48 72240.1
7 2959.32 2959.32 71820.3
3 3017.21 3017.21 72178.5
0 3846.76 3846.76 73208.7
2 3432.55 13730.2 72786
3 5120.69 5120.69 74938.8
4 4940.41 4940.41 74802.8
1 2743.27 5486.54 73211.9
6 4788.56 4788.56 75204.5
4 2602.18 5204.37 73039.7
7 4412 8824 74787
1 4563.96 9127.92 75257.9
0 4329.95 4329.95 75430.7
2 4026.43 16105.7 75256
5 2590.52 10362.1 74268.6
3 5365.49 5365.49 76988.2
0 6647.61 6647.61 78440.5
5 7520.01 7520.01 79241.2
4 5305.03 10610.1 77082.1
5 4345.59 17382.3 76394.5
6 4818.26 4818.26 76926
2 4681.12 18724.5 77635.1
1 4505.5 4505.5 77491.1
7 5679.41 11358.8 78783.3
38
7 240.539 240.539 65976.2
2 163.906 327.812 66296.8
1 136.788 273.577 66901
5 1500.39 6001.55 68146.9
0 793.929 793.929 67780.9
2 1934.89 7739.54 68498.8
6 455.495 455.495 67356
4 935.83 1871.66 68020.3
3 1965.27 1965.27 68855
1 2653.71 5307.42 69655.6
2 3235.27 6470.54 70713.8
6 3187.49 3187.49 70665
7 1347.08 2694.16 68846.7
4 3126.09 6252.17 70499.3
3 4385.77 4385.77 72480.2
0 2902.82 2902.82 70886.1
0 4258.68 4258.68 72427.2
7 3505.37 7010.73 71922.3
5 1931.77 7727.07 70528.4
4 3729.79 7459.59 73025.7
6 4091.09 4091.09 73046.2
2 3837.89 15351.6 72787.2
5 5726.7 22906.8 75080.2
7 5558.42 5558.42 75376.5
0 4327.88 4327.88 74190.3
1 2743.27 5486.54 73211.9
3 4807.61 4807.61 75223.6
5 2401.74 4803.49 72839.3
2 4403.29 8806.58 74778.2
1 4563.96 9127.92 75257.9
6 3966.42 3966.42 75067.2
2 5358.25 5358.25 76362.2
0 5081.5 5081.5 76647.3
4 3657.65 7315.31 75247.6
4 5607.53 5607.53 77649.8
3 4844.43 4844.43 77471.3
1 4451.1 4451.1 76650.3
5 4545.18 18180.7 77067.9
39
7 240.539 240.539 65976.2
2 163.906 327.812 66296.8
1 136.788 273.577 66901
5 1500.39 6001.55 68146.9
0 793.929 793.929 67780.9
2 1934.89 7739.54 68498.8
6 455.495 455.495 67356
4 935.83 1871.66 68020.3
3 1965.27 1965.27 68855
1 2653.71 5307.42 69655.6
4 2756.79 5513.59 70235.3
0 2858.24 2858.24 70335.7
7 1347.08 2694.16 68846.7
7 3945.67 7891.34 72293.8
5 2984.91 5969.81 70859.3
6 3673.48 3673.48 72240.1
4 3675.69 3675.69 72536.6
3 3017.21 3017.21 72178.5
0 3846.76 3846.76 73208.7
6 4341.04 4341.04 74003.9
2 1531.4 6125.61 71287.1
2 3796.16 15184.6 74163.2
4 4232.13 4232.13 74541.5
3 4713.07 4713.07 74867.6
5 3459.34 13837.3 74347
0 4591.36 4591.36 75944.8
1 2107.92 4215.83 73101.4
7 4794.26 4794.26 76297
2 5968.89 23875.6 77198.4
5 8341.34 33365.4 80019.5
4 5631.09 5631.09 77253.8
3 5168.15 5168.15 76961
6 5191.43 5191.43 76912.6
7 2473.18 4946.37 74250.2
5 5768.27 23073.1 77817.2
7 5910.7 5910.7 78018.4
2 6623.59 26494.3 79577.6
0 4964.69 4964.69 77950.3
1 2683.78 5367.56 75787.7
42
6 241.292 241.292 66267.9
2 160.277 320.555 65878.5
1 238.384 476.769 66569.1
7 858.32 858.32 66906.1
0 96.1445 96.1445 66411.4
4 376.525 753.051 67089.3
5 1154.09 4616.37 67472.5
2 2922.67 11690.7 69457.8
7 1828.64 3657.29 68379.2
3 470.872 470.872 67371
5 3110.5 12442 70255.8
4 1595.81 1595.81 68474.3
0 1298.59 1298.59 68513.9
3 1855.83 1855.83 69443.3
1 1306.71 2613.43 69529.2
7 1674.87 1674.87 70632.5
6 1594.8 1594.8 70112.2
0 1328.23 1328.23 69926.6
4 1730.18 3460.36 70882.2
3 2457.35 2457.35 71639.4
5 3224.25 12897 72444.9
1 2692.1 5384.2 71603.1
4 3086.26 3086.26 72568.4
6 2355.05 2355.05 72150.2
7 3851.58 3851.58 73868.4
3 4065.2 4065.2 74478
0 2039.83 2039.83 72622.9
0 4338.03 4338.03 74986.5
6 4663.04 4663.04 75319.2
2 2114.56 4229.12 73011.4
1 1930.87 3861.75 73136.6
0 5589.39 5589.39 76928.7
2 5265.9 5265.9 76823.1
7 4725.99 4725.99 77074.5
5 1831.69 3663.38 73688.5
4 2424.07 4848.14 74767.8
3 4800.59 4800.59 79868.5
6 4679.85 4679.85 77288.5
2 2349.44 4698.89 74975.5
1 3443.84 6887.68 75886.9
5 4670.35 4670.35 77492.6
5 2474.98 4949.96 75191.5
39
6 241.292 241.292 66267.9
2 160.277 320.555 65878.5
1 238.384 476.769 66569.1
7 858.32 858.32 66906.1
0 96.1445 96.1445 66411.4
4 376.525 753.051 67089.3
5 1154.09 4616.37 67472.5
2 2922.67 11690.7 69457.8
7 1828.64 3657.29 68379.2
3 470.872 470.872 67371
5 3110.5 12442 70255.8
1 1526.02 1526.02 68404.5
0 1298.59 1298.59 68513.9
4 768.429 1536.86 68995.5
1 1969.86 1969.86 70652.9
5 3796.75 15187 72346.8
3 947.07 947.07 69605
0 2234.41 2234.41 70999.9
7 1783.4 1783.4 70958.8
4 2075.31 2075.31 71426
6 2281.31 2281.31 71763.4
2 1546.96 1546.96 71342.1
3 2824.06 2824.06 72840.9
1 2419.68 2419.68 72832.5
0 3220.42 3220.42 73803.5
6 3599.26 3599.26 74247.7
3 4222.63 4222.63 74878.8
7 1921.66 3843.31 72818.5
4 2400.56 4801.12 73429.8
0 4998.65 4998.65 76494.5
7 3365.48 6730.96 75118.5
5 4787.02 4787.02 76418.4
4 3648.51 7297.03 75137.2
2 5262.5 5262.5 77156.8
5 2686.79 10747.2 74433.4
1 3687.5 7374.99 76443.3
3 4633.68 4633.68 76937.3
2 2937.76 5875.53 75154.5
6 4565.03 4565.03 77505.9
28
7 862.711 862.711 66735.4
2 41.8641 83.7281 66748.9
1 1709.01 3418.03 68426.9
4 659.22 1318.44 67779.4
6 630.235 630.235 67386.9
5 305.738 611.477 67372.1
0 1223.32 1223.32 68247.7
3 195.865 195.865 67517.1
2 664.711 664.711 68540.5
7 773.07 773.07 69982.6
5 1758.72 7034.87 70863.5
4 280.906 280.906 69536.4
2 1064.65 2129.29 70968.8
0 609.142 609.142 69948.6
6 1097.79 1097.79 70650.6
3 509.994 509.994 70565.6
2 4115.69 16462.8 74081.4
1 2514.91 2514.91 72725.4
3 2471.27 2471.27 72817.4
4 1325.35 2650.7 71610.4
5 4297.95 17191.8 74973.8
0 1504.46 1504.46 72640.3
7 1044.49 1044.49 72666.4
2 4744.76 18979 76496.1
4 1219.92 2439.85 73173.5
6 950.011 950.011 72895
1 2221.26 2221.26 74253.1
3 2422.66 2422.66 75529.5
32
1 849.189 849.189 66762.8
0 135.689 135.689 66130.9
4 1040.52 1040.52 67667
2 71.4152 71.4152 66751
5 1034.42 2068.84 68018.6
0 929.931 929.931 68201.3
2 1330.17 2660.33 68729.3
7 829.663 1659.33 67966.4
3 479.232 479.232 68355.1
1 773.07 773.07 69982.6
5 1745.18 6980.73 70850
4 1114.72 1114.72 70370.2
3 1015.9 1015.9 70498
7 539.945 539.945 70335.1
0 1043.66 1043.66 71060.5
6 888.924 888.924 71301.8
2 511.316 511.316 71094.4
3 2333.86 2333.86 72982.3
0 2442.24 2442.24 73098.4
4 1333.09 2666.18 72229.9
1 1875.89 3751.79 73081.7
7 2464.11 2464.11 73803.4
5 2637.69 2637.69 74194.8
6 2859.11 2859.11 75207.6
2 1494.66 2989.31 73351.5
2 3983.15 7966.3 76326.9
3 4834.26 4834.26 79902.2
7 3185.89 3185.89 75794.6
4 1567.97 3135.95 74194
1 3388.86 6777.72 75831.9
0 2577.28 2577.28 75399.5
4 2980.49 5960.97 75697
38
7 240.539 240.539 65976.2
2 163.906 327.812 66296.8
1 136.788 273.577 66901
5 1500.39 6001.55 68146.9
0 793.929 793.929 67780.9
2 1934.89 7739.54 68498.8
6 455.495 455.495 67356
4 935.83 1871.66 68020.3
3 1965.27 1965.27 68855
1 2653.71 5307.42 69655.6
2 3235.27 6470.54 70713.8
6 3187.49 3187.49 70665
7 1347.08 2694.16 68846.7
0 3295.85 3295.85 70883.4
4 2757.88 5515.76 70980.3
1 3737.18 3737.18 72694.8
6 4416.89 4416.89 72934.3
3 3933.78 3933.78 72532.1
4 4236.23 8472.47 73388.2
0 3897.37 3897.37 73079.4
5 1787.75 7150.99 71008.4
7 3036.23 6072.47 71947.2
3 5120.35 5120.35 74783.2
5 3547.34 14189.4 73303
5 5812.09 23248.4 76179.1
0 5038.78 5038.78 75348.1
6 5468.88 5468.88 75623.4
2 2606.85 10427.4 73494.5
7 5324.01 5324.01 76677.5
7 3216.81 6433.62 74210.3
0 6585.57 6585.57 78088.3
3 6606.37 6606.37 77610.4
4 4762.86 4762.86 76328.6
1 3629.23 7258.46 75219.2
6 5554.76 5554.76 77597
1 6214.68 6214.68 78841.5
2 6053.73 6053.73 78252.9
2 3563.85 14255.4 76086.6
41
7 240.539 240.539 65976.2
2 163.906 327.812 66296.8
1 136.788 273.577 66901
5 1500.39 6001.55 68146.9
0 793.929 793.929 67780.9
2 1934.89 7739.54 68498.8
6 455.495 455.495 67356
4 935.83 1871.66 68020.3
3 1965.27 1965.27 68855
1 2653.71 5307.42 69655.6
4 2756.79 5513.59 70235.3
0 2858.24 2858.24 70335.7
7 1347.08 2694.16 68846.7
2 2864.92 5729.84 71213.1
5 2984.91 5969.81 70859.3
6 3673.48 3673.48 72240.1
7 2959.32 2959.32 71820.3
3 3017.21 3017.21 72178.5
0 3846.76 3846.76 73208.7
2 3689.25 14757 73462.9
5 3150.41 12601.7 73418.3
7 4809.05 9618.1 74813.4
1 2736.81 5473.62 72792.8
3 4029.02 4029.02 74411.4
2 5620.11 11240.2 76534
1 4712.07 9424.14 75542.8
4 1959.26 3918.51 73020.7
5 4304.76 8609.52 75567.2
0 4438.58 4438.58 75809.6
5 7095.72 14191.4 78301.5
0 6412.52 6412.52 77751.8
3 6199.11 6199.11 77756.3
3 7513.13 7513.13 79861.6
7 5924.19 11848.4 77781
4 4083.45 8166.9 76427.2
6 4286.25 4286.25 79354.2
0 7134.29 7134.29 79743
4 6563.84 13127.7 79189.9
2 7373.99 14748 79817
7 7259.9 7259.9 80082.1
1 5908.6 11817.2 78625.1
32
1 849.189 849.189 66762.8
0 135.689 135.689 66130.9
4 1040.52 1040.52 67667
2 71.4152 71.4152 66751
5 1034.42 2068.84 68018.6
0 929.931 929.931 68201.3
2 1330.17 2660.33 68729.3
7 829.663 1659.33 67966.4
3 479.232 479.232 68355.1
1 773.07 773.07 69982.6
5 1745.18 6980.73 70850
3 856.576 856.576 70112.1
0 378.088 378.088 70040.9
2 1268.27 5073.08 71023.9
2 3533.02 14132.1 73900.1
4 1130.43 1130.43 71439.8
7 1345.9 1345.9 71500.5
2 5088.79 20355.2 75976.4
3 1033.79 1033.79 72387.2
1 1649.93 3299.85 72643.4
6 1157.43 1157.43 72660.1
5 3372.97 13491.9 74602.5
5 5902.79 23611.2 77580.9
0 1130.53 1130.53 72753.2
3 3612.72 3612.72 75405.6
7 2428.92 2428.92 74150.1
4 1619.14 3238.28 73396.2
2 7397.72 29590.9 79446.7
6 2273.86 2273.86 74381.6
5 7573.8 30295.2 80527.8
4 2416.08 2416.08 75401.7
1 2225.79 4451.57 75329.7
39
7 240.539 240.539 65976.2
2 163.906 327.812 66296.8
1 136.788 273.577 66901
5 1500.39 6001.55 68146.9
0 793.929 793.929 67780.9
2 1934.89 7739.54 68498.8
6 455.495 455.495 67356
4 935.83 1871.66 68020.3
3 1965.27 1965.27 68855
1 2653.71 5307.42 69655.6
4 2756.79 5513.59 70235.3
0 2858.24 2858.24 70335.7
7 1347.08 2694.16 68846.7
2 2639.97 5279.93 70867.1
3 3400.23 3400.23 72083.3
5 2275.75 9103 70825.8
1 3395.2 3395.2 72053.1
6 3319.65 3319.65 72085.1
0 3206.29 3206.29 72381.7
7 2950.43 2950.43 72301.1
4 3302.85 3302.85 72785
2 4128.18 4128.18 73923.3
6 4170.24 4170.24 74187.1
3 3850.05 3850.05 74262.9
0 4089.39 4089.39 74672.5
6 5610.68 5610.68 76259.1
4 5572.96 5572.96 76229.1
7 3656.47 7312.93 74553.3
1 3265.5 6531 74294.8
3 5519.27 5519.27 77015.1
5 2937.31 5874.62 74690.3
5 5477.05 5477.05 77108.4
4 3318.14 6636.27 74806.8
2 6102.64 6102.64 77996.9
5 1165.79 4663.17 72912.4
7 4052.97 8105.93 76808.8
0 4906.35 4906.35 77210
1 4147.62 8295.24 76364.4
7 6463.12 6463.12 79404
34
7 862.711 862.711 66735.4
2 41.8641 83.7281 66748.9
1 1709.01 3418.03 68426.9
4 659.22 1318.44 67779.4
6 630.235 630.235 67386.9
5 305.738 611.477 67372.1
0 1223.32 1223.32 68247.7
3 195.865 195.865 67517.1
2 664.711 664.711 68540.5
7 773.07 773.07 69982.6
5 1758.72 7034.87 70863.5
4 280.906 280.906 69536.4
2 1064.65 2129.29 70968.8
0 609.142 609.142 69948.6
6 1097.79 1097.79 70650.6
3 509.994 509.994 70565.6
2 4115.69 16462.8 74081.4
1 2514.91 2514.91 72725.4
3 2471.27 2471.27 72817.4
4 1325.35 2650.7 71610.4
5 4297.95 17191.8 74973.8
0 1504.46 1504.46 72640.3
7 1875.89 3751.79 73081.7
6 1990.92 1990.92 73330.2
3 3107.79 3107.79 74664.9
6 4187.8 4187.8 76536.3
7 2989.27 5978.54 74846.1
4 2673.1 5346.2 75016.8
0 3752.5 3752.5 78820.4
3 4407.89 4407.89 77016.6
2 3336.87 6673.75 75962.9
1 3032.65 6065.3 75475.7
5 4109.75 4109.75 76932
7 3632.56 7265.12 76349
43
7 240.539 240.539 65976.2
2 163.906 327.812 66296.8
1 136.788 273.577 66901
5 1500.39 6001.55 68146.9
0 793.929 793.929 67780.9
2 1934.89 7739.54 68498.8
6 455.495 455.495 67356
4 935.83 1871.66 68020.3
3 1965.27 1965.27 68855
1 2653.71 5307.42 69655.6
2 3235.27 6470.54 70713.8
6 3187.49 3187.49 70665
7 1347.08 2694.16 68846.7
0 3295.85 3295.85 70883.4
4 2757.88 5515.76 70980.3
0 4749.97 4749.97 73707.6
6 4416.89 4416.89 72934.3
3 3933.78 3933.78 72532.1
4 4236.23 8472.47 73388.2
3 5711.51 5711.51 74893.6
5 1787.75 7150.99 71008.4
7 3036.23 6072.47 71947.2
1 3385.76 6771.51 73289.9
6 5295.8 5295.8 74635.3
0 6018.48 6018.48 75571.3
7 5626.18 5626.18 75681.8
5 3126.69 12506.8 73092.4
3 7536.07 7536.07 77746.6
6 7221.8 7221.8 77567.9
7 3198.24 6396.49 73483.2
5 4365.84 17463.4 75041.7
1 6893.86 6893.86 78029.7
2 5330.53 21322.1 76560.1
2 2175.14 8700.56 73853.3
0 6798.57 6798.57 78421.3
6 7966.37 7966.37 79759.2
7 6869.36 6869.36 78590.5
1 3560.98 7121.95 75338
5 5126.96 20507.8 77175.9
4 7341.4 7341.4 79449.1
2 5985.23 23940.9 78939.2
5 6897.94 6897.94 79883.6
4 3224.78 6449.57 76328.7
33
1 849.189 849.189 66762.8
0 135.689 135.689 66130.9
4 1040.52 1040.52 67667
2 71.4152 71.4152 66751
5 1034.42 2068.84 68018.6
0 929.931 929.931 68201.3
2 1330.17 2660.33 68729.3
7 829.663 1659.33 67966.4
3 183.29 183.29 67770.8
1 2054.31 4108.62 70276.8
0 1200.63 1200.63 70158.3
7 801.869 801.869 69319.3
3 1230.97 1230.97 69829.3
4 1707.43 3414.87 70859.4
6 2254.24 2254.24 71436.3
5 1430.11 5720.45 70650.7
1 3439.7 6879.4 72350.7
2 1217.61 4870.46 70991.3
5 2894.76 11579 73162.7
4 3410.23 6820.46 73414.6
7 1612.27 3224.53 71668.3
0 2008.79 2008.79 72391.2
7 4542.38 9084.76 75456.2
4 4411.35 8822.7 75242.1
1 3088.15 6176.3 74149.6
5 4049.1 8098.21 75311.5
3 600.715 600.715 71971.8
0 2645.05 2645.05 74266.9
2 1876.19 7504.74 73627.5
1 3759.17 7518.33 75712.7
3 1846.86 1846.86 73791.9
6 1917.24 1917.24 73949.1
3 3397.16 3397.16 76504
33
1 849.189 849.189 66762.8
0 135.689 135.689 66130.9
4 1040.52 1040.52 67667
2 71.4152 71.4152 66751
5 1034.42 2068.84 68018.6
0 929.931 929.931 68201.3
2 1330.17 2660.33 68729.3
7 829.663 1659.33 67966.4
3 479.232 479.232 68355.1
1 773.07 773.07 69982.6
5 1745.18 6980.73 70850
3 856.576 856.576 70112.1
2 1264.5 5058 70618
6 931.894 931.894 70750
0 877.178 877.178 70739.6
4 764.572 1529.14 71233.2
7 131.987 131.987 70548
1 2885.35 5770.7 73322.9
5 2056.96 4113.92 72431.9
7 1981.87 3963.74 72675.8
3 1032.32 1032.32 72133.1
2 1909.68 3819.36 73115.4
0 1402.67 1402.67 72742
6 1265.71 1265.71 72822.9
3 2379.62 2379.62 74728.1
4 1633.43 3266.86 73490.2
5 2842.49 5684.98 75186.2
6 5176.8 5176.8 80244.7
0 2124.44 2124.44 74733.1
2 2370.89 4741.77 74996.9
7 2819.87 5639.73 75262.9
1 2331.14 2331.14 75153.4
4 2276.72 4553.44 74993.2
41
7 862.999 862.999 66774.5
1 317.143 634.286 66294.2
2 129.403 517.611 66581.2
5 1080.63 4322.52 67829.4
0 586.558 586.558 66768.9
3 218.237 218.237 66724
4 674.053 1348.11 66882
6 2119.5 2119.5 68399.1
1 1525.86 3051.71 68039.5
3 1515.1 1515.1 68182.2
2 1259.33 2518.67 68632.5
7 1539.63 1539.63 69634.1
0 862.496 862.496 68845.8
4 793.334 793.334 68961.9
1 1669.26 3338.53 70086.2
5 1537.84 6151.37 70134.5
4 2192.41 4384.82 71488.4
3 1047.36 1047.36 70002.5
2 2502.5 10010 71451.8
5 2622.84 10491.4 72396.5
2 4498.84 17995.4 74766.8
1 3608.57 7217.14 73612.9
5 4689.5 9378.99 74745.5
6 1377.4 1377.4 71759.8
7 2508.17 5016.34 73422
4 3407.59 6815.19 74238.4
5 6469.48 12939 77530.9
7 5534.96 11069.9 76797.4
0 483.946 483.946 71855
1 6226.93 12453.9 77432.7
3 665.53 665.53 72004.8
0 2705 2705 74262.1
3 2862.41 2862.41 75210.9
2 4933.28 9866.56 76790.1
7 6653.08 13306.2 78996.8
0 6616.08 6616.08 81684
6 5127.71 5127.71 77736.4
4 5295.87 10591.7 77921.9
2 6680.1 13360.2 79123.1
6 2937.31 2937.31 75759.5
1 6635.4 13270.8 79351.9
29
1 849.189 849.189 66762.8
0 135.689 135.689 66130.9
4 1040.52 1040.52 67667
2 71.4152 71.4152 66751
5 1034.42 2068.84 68018.6
0 929.931 929.931 68201.3
2 1330.17 2660.33 68729.3
7 829.663 1659.33 67966.4
1 1470.03 2940.07 69697.1
3 1053.7 1053.7 69736.7
5 1882.06 7528.25 70432.1
6 1382.35 1382.35 70040.3
4 2192.21 2192.21 70957.7
7 1370.62 1370.62 70546
0 1789.35 1789.35 71140.1
2 1390.14 1390.14 70872.2
3 1979.55 1979.55 71774.7
1 2056.13 2056.13 72073
6 1807.08 1807.08 72219.9
2 2968.47 2968.47 73551.6
4 2505.95 2505.95 73154.4
0 2335.82 2335.82 72992
7 1508.87 3017.75 72405.7
3 2028.56 2028.56 73650.4
5 769.095 3076.38 72520.4
1 2306.34 4612.69 74259.9
5 2615.6 2615.6 74560.6
7 2442.43 2442.43 74474.2
0 2597.25 2597.25 75704.1
33
7 862.999 862.999 66774.5
1 317.143 634.286 66294.2
2 129.403 517.611 66581.2
5 1080.63 4322.52 67829.4
0 586.558 586.558 66768.9
3 218.237 218.237 66724
4 674.053 1348.11 66882
6 2119.5 2119.5 68399.1
1 1525.86 3051.71 68039.5
2 1372.36 1372.36 68039.5
4 561.067 1122.13 68788.2
0 402.957 402.957 69086
2 1447.58 5790.32 69997.7
7 170.526 170.526 68828.5
3 775.093 775.093 69540.6
4 1513.58 1513.58 70689
1 1119.33 1119.33 70470
5 305.619 1222.48 70079.3
2 2241.68 8966.72 72509.6
4 3677.77 7355.53 73682.1
7 1121.43 2242.87 71177.5
0 936.497 936.497 71318.9
5 2236.48 4472.97 73150.4
1 2979.8 5959.6 73810.6
7 6034.14 12068.3 77095.6
7 3012.87 6025.75 74275.3
3 483.946 483.946 71855
0 1572.76 1572.76 73194.6
2 2662.92 10651.7 74414.2
2 5185.95 10371.9 77139.5
6 575.504 575.504 72520.5
3 2335.91 2335.91 74367.7
6 2125.8 2125.8 75232.6
34
7 862.711 862.711 66735.4
2 41.8641 83.7281 66748.9
1 1709.01 3418.03 68426.9
4 659.22 1318.44 67779.4
6 630.235 630.235 67386.9
5 305.738 611.477 67372.1
0 1223.32 1223.32 68247.7
3 195.865 195.865 67517.1
2 1080.91 2161.83 69429.1
5 1046.48 2092.96 68920.9
3 776.499 776.499 69343.1
4 982.336 982.336 69843.3
7 647.912 647.912 69809.2
5 1487.38 1487.38 70849.4
0 1336.11 1336.11 70818.2
6 341.125 341.125 70136.3
3 1702.13 1702.13 71719
1 572.533 572.533 70985.4
4 1550.98 1550.98 72134.1
6 2626.76 2626.76 73275.2
7 1608.49 1608.49 72264.6
2 688.087 1376.17 71584.9
5 1619.4 3238.8 72825.2
3 1888.25 1888.25 73227.5
0 1333.91 1333.91 72891.1
0 2647.93 2647.93 74996.4
2 971.749 1943.5 72828.6
1 1395.94 2791.89 73739.7
2 4874.7 4874.7 79942.6
6 2889.15 2889.15 75497.8
7 1602.68 3205.36 74228.7
4 2001.87 4003.74 74444.9
3 2918.42 2918.42 75740.7
5 2027.87 4055.73 74744.3
