63
2 146.331 585.323 65716.5
3 184.024 184.024 66096.7
2 5892.43 23569.7 71819.3
0 565.46 565.46 66518.8
1 651.75 651.75 66751.7
1 7987.39 15974.8 73921
0 6477.91 6477.91 72691
2 13180.3 52721.1 79433.4
3 6376.67 6376.67 72575.1
1 13913.8 27827.6 80303.4
3 2560.62 2560.62 69255.1
2 15031.5 60126.1 81427.3
1 25359.4 50718.8 91684
1 19323.6 38647.2 85802.2
2 2356.44 9425.76 69003
1 3714.2 7428.4 70111.5
1 10079.8 20159.5 76723
2 8383.44 33533.8 75358.4
3 8236.76 8236.76 75350
0 7771.22 7771.22 74679.4
2 16252.5 65010.1 83005.7
1 21465.4 42930.8 88605
1 15960.1 31920.2 83021.1
1 26862 53724 94021.3
2 17767.9 71071.6 85116.5
1 29406 58812 96546.6
0 2311.51 2311.51 69789
1 30725.3 61450.7 98300.3
3 11224.2 11224.2 78650.3
0 9531.15 9531.15 77437.4
1 35657.9 71315.8 103249
0 11511.1 11511.1 79902.8
1 32566.6 65133.1 100538
0 16255.2 16255.2 84650.3
1 36779.9 73559.7 105265
0 18135.7 18135.7 86899.8
0 13669.6 13669.6 82410.1
2 18371 73484.1 88145.3
2 20625.9 82503.7 90328.6
3 17916.4 17916.4 87228.8
2 41159.9 82319.8 110986
1 43973.3 87946.6 113820
1 38036.9 76073.8 108216
1 42226.1 84452.2 112078
0 19383.8 19383.8 89852.5
3 19077.9 19077.9 89470.9
3 12556.6 12556.6 83351.8
2 43778.8 87557.6 114295
1 45077.5 90155.1 115633
2 28707.3 114829 99316.1
2 26095.8 104383 97016.7
2 22562.8 90251.4 93100.1
2 30328.7 121315 101712
3 20145.7 20145.7 91976.6
2 31851.4 127405 104019
1 47926.4 95852.9 119877
2 34430.1 137720 106417
1 45957.6 91915.2 118041
0 21585.5 21585.5 93924.9
2 45740.4 91480.8 118214
3 21639.8 21639.8 93923.1
2 35572.5 142290 108544
1 48907 97813.9 121745
63
2 323.329 646.657 66200.9
1 599.336 1198.67 66454.3
3 180.119 180.119 66180.4
2 7760.91 31043.6 73677.4
0 415.675 415.675 66482.3
3 2924.79 2924.79 68560.1
2 9867.25 39469 75822.5
2 12038.9 48155.7 78236.7
0 4080.81 4080.81 70223.2
2 13991.9 55967.6 80281
3 4917.35 4917.35 71213.5
0 8790.31 8790.31 75000.6
3 7353.57 7353.57 73585.1
1 5631.41 11262.8 71924.8
1 2742.23 5484.47 69103
3 9932.45 9932.45 76511.8
0 13662 13662 80412.9
3 13792.3 13792.3 80435.7
3 11862.2 11862.2 78458.5
0 10753.8 10753.8 77600.8
2 15192.6 60770.4 82394.2
2 2438.7 9754.81 69697.1
1 11451.9 22903.9 79799.2
1 13850.7 27701.4 81890.7
1 22690.3 45380.5 91426.3
2 16996.2 67984.9 85242.3
2 19229.5 76918.1 87580.1
0 14297.7 14297.7 82861.2
3 14039.3 14039.3 82383.9
1 20359.9 40719.8 89047.1
0 16463.9 16463.9 85433.4
0 18959.9 18959.9 88065.6
3 18963.5 18963.5 88347.8
0 20833.2 20833.2 90293.4
1 6620.2 13240.4 75559.8
3 15846.7 15846.7 85156
1 16236.3 32472.6 85445.2
3 21147.3 21147.3 90867.7
2 19872.4 79489.5 90436.6
3 22459.6 22459.6 92439.5
2 22373.1 89492.4 92378
0 22427.7 22427.7 92589
1 25821.8 51643.6 96418.2
1 23476 46951.9 94540.1
1 29246.4 58492.8 100736
3 24584.4 24584.4 96119.2
3 22795.8 22795.8 94270
0 24329 24329 95722.6
3 26672.5 26672.5 98499.9
0 25823.8 25823.8 97251
1 27076.7 54153.3 98844.3
2 25161.7 100647 97102.5
2 22783.7 91134.8 94765.4
1 31368.7 62737.3 103085
2 30239.7 120959 102229
3 28693.4 28693.4 100568
2 32916.4 65832.9 105353
1 32620.5 65240.9 104916
2 27409.5 109638 99973.4
0 27009.7 27009.7 100002
3 30031 30031 102571
1 34288.6 68577.1 106934
0 29791.2 29791.2 102558
42
2 127.601 255.203 66199
3 116.737 116.737 66111.1
0 566.787 566.787 66467.2
1 632.472 1264.94 66433.7
2 2712.58 10850.3 68514.2
0 2514.95 2514.95 68456.7
2 4254.47 17017.9 70505.8
1 9887.97 19775.9 76071.8
2 6191.45 24765.8 72541.1
3 2160.49 2160.49 68525.3
3 4103.02 4103.02 70680.7
3 6201.88 6201.88 72725
0 4130.95 4130.95 70707.3
2 8113.24 32453 74475.4
1 4762.45 9524.91 74075.1
1 15765 31530 82138.1
2 9617.87 38471.5 76417.6
1 17009.6 34019.2 84145.6
0 5531.74 5531.74 73011.4
1 11485.4 22970.7 79027.8
3 6599.22 6599.22 74833.4
2 20971.2 41942.4 89260.7
3 8181.35 8181.35 77176.5
1 18582.4 37164.9 87592.3
0 10265.3 10265.3 79903.7
3 9785.19 9785.19 79369
0 6937.18 6937.18 76653.3
3 11689.2 11689.2 81579
2 7879.1 31516.4 78370.5
2 20278.5 40556.9 91064.5
2 23403.8 46807.5 96674.8
2 8957.8 35831.2 80341.5
0 11082.6 11082.6 82913.5
2 10480.5 41921.8 82648.2
2 26681.1 53362.1 98631.9
2 13059.2 52236.6 85046.5
1 19610.1 39220.2 91693.6
3 12657.2 12657.2 84996.6
1 22876.7 45753.3 95350.3
0 12576.7 12576.7 84860
2 14201.6 56806.4 87173.5
1 26100.5 52201 98938.1
46
2 290.258 1161.03 65998.3
3 284.287 284.287 66139.7
1 506.68 1013.36 66161.2
1 6408.04 12816.1 72371.4
1 8778.77 17557.5 74743
0 561.65 561.65 66639.5
3 2145.94 2145.94 68544.1
2 6632.19 26528.8 73133.5
2 2942.24 11769 69487.2
1 2610.05 5220.1 68938.1
1 17060.2 34120.4 83431.5
0 1969.03 1969.03 68659.9
1 13955.9 27911.8 80317.3
1 10929.1 21858.2 77530.6
1 19212.3 38424.5 86386
1 22927.7 45855.4 89703
2 24665.7 49331.4 92036.7
3 3468.69 3468.69 70617.2
2 8712.23 34848.9 75931.3
0 3511.61 3511.61 71417.9
2 27156.8 54313.5 94747.6
3 4966.65 4966.65 73358.3
1 24509.5 49018.9 92480.7
3 6875.41 6875.41 75270.5
1 27039 54078 95524.1
3 8755.92 8755.92 77520
0 5184.76 5184.76 73925.2
0 7387.99 7387.99 76697.3
2 28550.4 57100.8 97759.2
3 9879.66 9879.66 79600
2 8054.08 32216.3 78618.3
0 9860.08 9860.08 79840
2 10554.8 42219.3 80559.7
3 12210.8 12210.8 82372.1
1 26540.5 53081 97136.9
2 11572.3 46289.3 82956
0 10038.9 10038.9 81869.8
2 13095 52379.9 85262.7
1 29430 58860 101381
2 15673.7 62694.7 87661
1 27461.2 54922.3 99544.6
3 13450.4 13450.4 85789.7
2 32286.6 64573.2 104760
0 11533.1 11533.1 83816.3
2 16816.1 67264.5 89788.1
2 28509.5 57018.9 101347
53
2 127.601 255.203 66199
3 116.737 116.737 66111.1
0 566.787 566.787 66467.2
1 632.472 1264.94 66433.7
2 2712.58 10850.3 68514.2
0 2514.95 2514.95 68456.7
2 4254.47 17017.9 70505.8
1 9887.97 19775.9 76071.8
2 6191.45 24765.8 72541.1
3 2160.49 2160.49 68525.3
3 4103.02 4103.02 70680.7
3 6201.88 6201.88 72725
0 4130.95 4130.95 70707.3
2 8113.24 32453 74475.4
1 4762.45 9524.91 74075.1
1 11238.9 22477.8 77612
2 9617.87 38471.5 76417.6
1 12483.5 24967 79619.5
0 5531.74 5531.74 73011.4
0 7447.2 7447.2 75353.5
1 17469.6 34939.1 85060.4
3 7074.45 7074.45 75466.1
1 14378.2 28756.5 82349.5
3 8983.21 8983.21 77378.3
1 18591.5 37183.1 87076.6
3 10863.7 10863.7 79627.8
0 9120.34 9120.34 77860.8
3 14885.8 14885.8 84524.2
3 12236.4 12236.4 81820.2
0 11786.6 11786.6 81502.7
3 16574.1 16574.1 86463.9
2 7879.1 31516.4 78370.5
1 23704.7 47409.3 94490.7
1 19415.9 38831.8 92686.9
1 25782.5 51565 97060
0 14358.9 14358.9 85510.9
2 31681.8 63363.7 103013
1 33349 66698.1 104565
2 33731.2 67462.3 104847
0 16066.8 16066.8 87364.7
1 34961.2 69922.4 106524
1 36879.9 73759.8 108419
0 17550.1 17550.1 89217.6
2 14224.2 56896.7 85997.6
2 35335.5 70671 107294
2 22940.1 91760.3 94821.2
3 17796.1 17796.1 89761.9
2 37193.3 74386.6 109292
2 9955.82 39823.3 81912.6
1 27849.6 55699.1 100592
2 25930.6 103722 98871.1
2 17073.3 68293.2 90083
1 37814 75628.1 110726
59
2 323.329 646.657 66200.9
1 599.336 1198.67 66454.3
3 180.119 180.119 66180.4
2 7760.91 31043.6 73677.4
0 415.675 415.675 66482.3
3 2924.79 2924.79 68560.1
2 9867.25 39469 75822.5
2 12038.9 48155.7 78236.7
0 4080.81 4080.81 70223.2
2 13991.9 55967.6 80281
3 4917.35 4917.35 71213.5
0 8790.31 8790.31 75000.6
3 7353.57 7353.57 73585.1
1 5631.41 11262.8 71924.8
1 2742.23 5484.47 69103
3 9932.45 9932.45 76511.8
0 13662 13662 80412.9
3 13792.3 13792.3 80435.7
3 11862.2 11862.2 78458.5
0 10753.8 10753.8 77600.8
2 15192.6 60770.4 82394.2
2 2438.7 9754.81 69697.1
2 16483.9 65935.7 84680.3
1 7537.21 15074.4 75514.8
1 10785.5 21571.1 79760.1
0 13297.1 13297.1 82173.2
3 13816.1 13816.1 82808.5
1 19905.7 39811.4 89139.7
1 13097.3 26194.5 82516.1
0 14878.1 14878.1 84491
0 16936.4 16936.4 86594.3
1 16616.9 33233.8 86337.9
3 15728.9 15728.9 85729.3
2 16897.1 67588.6 87180.8
2 19506.2 78024.7 89997.5
1 25062.4 50124.9 95433.8
2 22104.8 88419.2 93075.8
3 16495.8 16495.8 87657.3
2 31944.5 127778 103148
0 17658.6 17658.6 88896.5
1 27497.8 54995.7 98735.9
3 18231.8 18231.8 89482.3
1 29298 58595.9 100540
1 21239.1 42478.3 92693.2
3 19859.1 19859.1 91063.9
0 19360.5 19360.5 90700.6
1 30998.5 61997 102508
1 33250.4 66500.8 104727
2 29151.1 116604 100702
2 24994.1 99976.3 96624.2
2 36385.6 145542 108205
1 35122.6 70245.2 107143
2 34101.7 136407 106238
0 20539.2 20539.2 92702
1 36971.7 73943.4 109163
2 38018.8 76037.6 110510
3 20278.9 20278.9 92797.3
1 38234.5 76469 111045
0 21787.5 21787.5 94655
57
2 290.258 1161.03 65998.3
3 284.287 284.287 66139.7
1 506.68 1013.36 66161.2
1 6408.04 12816.1 72371.4
1 8778.77 17557.5 74743
0 561.65 561.65 66639.5
3 2145.94 2145.94 68544.1
2 6632.19 26528.8 73133.5
2 2942.24 11769 69487.2
1 2610.05 5220.1 68938.1
1 12705.9 25411.8 79077.2
3 3994.97 3994.97 70685.8
1 15502.5 31005.1 81863.9
1 10929.1 21858.2 77530.6
1 17495.7 34991.4 84669.5
1 21211.2 42422.4 87986.5
2 27701.1 55402.3 95072.2
3 5610.34 5610.34 72758.9
2 8712.23 34848.9 75931.3
1 24361 48722 91956.2
1 27699.1 55398.2 95319.3
0 2890.21 2890.21 72818.9
2 28750.8 57501.6 96665.5
2 9358.96 37435.8 77813.5
0 5728.63 5728.63 74344.4
2 31050.6 62101.2 100143
3 7263.6 7263.6 76244.3
3 11209.3 11209.3 80271.2
0 8524.84 8524.84 77831.9
3 13733.9 13733.9 83043.2
1 29122.1 58244.2 98330.9
0 11936.5 11936.5 81656.8
2 10105.8 40423.2 80670
3 16206 16206 86185.9
2 12606.5 50426.2 82611.4
0 14267.6 14267.6 84428.9
2 31159.5 62319 101756
1 31091.4 62182.9 102156
2 32343.4 64686.7 103833
3 16500.4 16500.4 88035.1
0 16281.4 16281.4 87755.6
0 17925.2 17925.2 89318.8
0 19403.7 19403.7 91231
3 18675.6 18675.6 90102.8
1 32359.7 64719.5 104127
2 15395.1 61580.4 87336
2 13017.1 52068.5 84998.9
2 34465.6 68931.2 106182
2 20473.2 81892.7 92462.1
0 21424.5 21424.5 93298.7
1 34509.6 69019.1 106946
2 35717.4 71434.8 108013
2 17642.9 70571.6 90206.8
3 19861.5 19861.5 92853.5
0 22762.1 22762.1 95302.5
1 37270.7 74541.3 109916
3 22643 22643 95409.9
56
2 323.329 646.657 66200.9
1 599.336 1198.67 66454.3
3 180.119 180.119 66180.4
2 7760.91 31043.6 73677.4
0 415.675 415.675 66482.3
3 2924.79 2924.79 68560.1
2 9867.25 39469 75822.5
2 12038.9 48155.7 78236.7
0 4080.81 4080.81 70223.2
2 13991.9 55967.6 80281
3 4917.35 4917.35 71213.5
0 8790.31 8790.31 75000.6
3 7353.57 7353.57 73585.1
1 5631.41 11262.8 71924.8
1 2742.23 5484.47 69103
3 9932.45 9932.45 76511.8
0 13662 13662 80412.9
3 13792.3 13792.3 80435.7
3 11862.2 11862.2 78458.5
0 10753.8 10753.8 77600.8
2 15192.6 60770.4 82394.2
2 2438.7 9754.81 69697.1
2 16483.9 65935.7 84680.3
1 7537.21 15074.4 75514.8
1 10785.5 21571.1 79760.1
3 16135.4 16135.4 85011.6
3 13816.1 13816.1 82808.5
1 19882.7 39765.3 89116.7
1 13097.3 26194.5 82516.1
1 21481.6 42963.3 90950.6
1 16869.7 33739.4 86314.9
0 14261.5 14261.5 84134.1
1 24233.3 48466.7 94042.4
1 25569.6 51139.2 95598.8
2 15710.7 62842.7 86481
3 18604.1 18604.1 90094.9
1 26077 52153.9 97141.1
1 27571.3 55142.5 99060.7
0 19061 19061 90595.7
3 15838.5 15838.5 87312.7
0 17353 17353 88746.5
3 21680.3 21680.3 93507.7
0 21236.2 21236.2 92663.4
2 28011.6 56023.3 99779.2
2 19264.7 77058.9 91205.6
2 16886.8 67547 88868.5
1 29693.5 59387.1 101410
2 24342.8 97371.3 96331.7
3 23701.2 23701.2 95575.4
2 30161.5 60322.9 102598
1 30945.3 61890.7 103241
2 21512.5 86050.1 94076.4
0 22422.1 22422.1 95414.1
3 25038.7 25038.7 97579.1
1 32613.5 65226.9 105259
0 25203.7 25203.7 97970.5
56
2 281.903 1127.61 66179.9
1 739.232 1478.46 66894.1
3 197.944 197.944 66247.5
2 3869.74 15479 70266
0 2619.93 2619.93 69127.1
3 2059.31 2059.31 68442.3
3 4844.78 4844.78 71251.7
3 6294.47 6294.47 73005.5
2 8499.34 33997.4 75099.6
1 2368.05 4736.1 68822.4
0 7087.27 7087.27 74035.9
3 8158.63 8158.63 75085.8
1 3654.43 7308.85 70632.4
2 9953.14 39812.6 77205.1
2 12237.8 48951.3 79631
0 8491.17 8491.17 76397.4
1 4787.05 9574.11 72377.9
3 9033.71 9033.71 77425.4
1 6644.18 13288.4 74615.5
3 10942.5 10942.5 79337.6
1 9173.73 18347.5 77658.8
0 11953.3 11953.3 80717.4
0 10164.3 10164.3 78904.8
2 12885.5 51542 82659.7
2 15140.4 60561.7 84843.1
3 11860.4 11860.4 81172.9
1 17561.7 35123.5 87387.8
1 20429 40858.1 90275.5
1 10430.8 20861.5 80610.3
1 14620 29239.9 84472.2
3 13657 13657 84125.7
3 17718.8 17718.8 88111.8
0 14127.8 14127.8 84923
1 22041.2 44082.4 92557.6
1 23972.4 47944.8 94528.2
2 23221.8 92887.1 93830.5
2 20610.2 82440.9 91531.2
2 17077.3 68309.3 87614.6
1 25319.1 50638.2 96867.8
0 18423.4 18423.4 89807.5
3 21189.4 21189.4 92720.7
0 20528.8 20528.8 91741.7
3 18994 18994 90558.6
3 23410.4 23410.4 95129.3
3 25235.2 25235.2 97150.4
0 25874.9 25874.9 97834.9
3 27052.3 27052.3 99169
0 27647 27647 99848.3
2 23361.9 93447.5 95890.8
3 28979.8 28979.8 101088
0 22611.1 22611.1 94972.5
0 29454.5 29454.5 101953
2 25624.3 102497 98772.2
1 26910.6 53821.3 99773.6
2 28697.4 57394.7 101687
1 28739.5 57479 101896
51
2 127.601 255.203 66199
3 116.737 116.737 66111.1
0 566.787 566.787 66467.2
1 632.472 1264.94 66433.7
2 2712.58 10850.3 68514.2
0 2514.95 2514.95 68456.7
2 4254.47 17017.9 70505.8
1 9887.97 19775.9 76071.8
2 6191.45 24765.8 72541.1
3 2160.49 2160.49 68525.3
3 4103.02 4103.02 70680.7
3 6201.88 6201.88 72725
0 4130.95 4130.95 70707.3
2 8113.24 32453 74475.4
1 4762.45 9524.91 74075.1
1 17107.7 34215.4 83480.8
2 9617.87 38471.5 76417.6
1 18352.3 36704.7 85488.3
0 5531.74 5531.74 73011.4
2 10507.4 42029.5 78703.8
1 11684.3 23368.6 79661.9
1 19553.7 39107.3 88528.2
0 6326.9 6326.9 75203.1
0 7972.44 7972.44 76964.9
2 22092.7 44185.3 91326.7
1 21865.4 43730.8 91284.2
2 27747.4 55494.8 97216.3
2 19079.7 38159.4 88524.9
3 6949.77 6949.77 76822.3
2 24609.5 49219 94418.6
1 25090.8 50181.6 95120
2 9734.14 38936.6 80504.5
0 11262.1 11262.1 82752.9
1 25901.6 51803.2 97450.3
0 8511.25 8511.25 79895.4
3 16034.3 16034.3 87565.6
3 10210.4 10210.4 81423.3
0 14647.4 14647.4 86212
0 16471 16471 88189.9
3 17979.8 17979.8 89895.1
0 18250.8 18250.8 90210.7
3 19797 19797 91913.7
0 20022.9 20022.9 92224.1
2 10035.8 40143.3 82564.8
3 21724.4 21724.4 93832.6
3 12292.6 12292.6 84654
0 21830.3 21830.3 94328.8
2 12298.2 49192.9 85446.2
1 27493.1 54986.2 100356
1 29454.4 58908.9 102444
2 27413.4 54826.9 100570
55
2 281.903 1127.61 66179.9
1 739.232 1478.46 66894.1
3 197.944 197.944 66247.5
2 3869.74 15479 70266
0 2619.93 2619.93 69127.1
3 2059.31 2059.31 68442.3
3 4844.78 4844.78 71251.7
3 6294.47 6294.47 73005.5
2 8499.34 33997.4 75099.6
1 2368.05 4736.1 68822.4
0 7087.27 7087.27 74035.9
3 8158.63 8158.63 75085.8
1 8137.11 16274.2 75115.1
2 9953.14 39812.6 77205.1
2 12237.8 48951.3 79631
1 4235.95 8471.89 71778.4
0 8426.91 8426.91 76661
1 14251.5 28503.1 82541
0 10009 10009 79004.2
1 9703.02 19406 78712.9
2 12885.5 51542 82659.7
2 15140.4 60561.7 84843.1
3 13856 13856 83168.5
1 22980.5 45960.9 92806.5
1 25847.7 51695.5 95694.2
1 15849.5 31699 86029
1 20038.7 40077.4 89890.9
0 11488.2 11488.2 81957
3 15017.5 15017.5 85410.5
3 8496.22 8496.22 79291.4
1 27459.9 54919.9 97976.4
1 29391.1 58782.3 99946.9
2 23221.8 92887.1 93830.5
2 20610.2 82440.9 91531.2
2 17077.3 68309.3 87614.6
1 30965 61929.9 102029
1 32459.3 64918.6 103949
0 16271.1 16271.1 87805.9
0 14482.5 14482.5 85956.7
3 16118.4 16118.4 87512
0 18359.2 18359.2 90186.6
3 17613.2 17613.2 89040.4
1 34607.2 69214.4 106375
2 26614.2 106457 98555.1
2 24236.3 96945.1 96218
2 35346.3 70692.6 107063
2 31692.3 126769 103681
0 20380.1 20380.1 92254.3
1 36757 73514.1 109193
2 36598.1 73196.2 108893
2 28862 115448 101426
3 18799.1 18799.1 91791
0 21717.7 21717.7 94258
2 38266.2 76532.5 110912
3 21580.6 21580.6 94347.4
65
2 127.601 255.203 66199
3 116.737 116.737 66111.1
0 566.787 566.787 66467.2
1 632.472 1264.94 66433.7
2 2712.58 10850.3 68514.2
0 2514.95 2514.95 68456.7
2 4254.47 17017.9 70505.8
1 9887.97 19775.9 76071.8
2 6191.45 24765.8 72541.1
3 2160.49 2160.49 68525.3
3 4103.02 4103.02 70680.7
3 6201.88 6201.88 72725
0 4130.95 4130.95 70707.3
2 8113.24 32453 74475.4
1 4762.45 9524.91 74075.1
1 11238.9 22477.8 77612
2 9617.87 38471.5 76417.6
1 12483.5 24967 79619.5
0 5531.74 5531.74 73011.4
0 7447.2 7447.2 75353.5
1 13936.1 27872.3 81527
3 7074.45 7074.45 75466.1
1 15793.3 31586.5 83764.6
3 8983.21 8983.21 77378.3
1 18322.8 36645.6 86807.9
3 10863.7 10863.7 79627.8
0 9120.34 9120.34 77860.8
2 9672.15 38688.6 79446.4
2 11927.1 47708.2 81629.7
3 16373.8 16373.8 85686.3
1 23103.4 46206.8 92929.4
1 27974.6 55949.2 97821.1
1 19579.8 39159.7 89759.4
1 26227.4 52454.8 96079.6
3 12111.8 12111.8 82580.5
0 16926 16926 87319.1
0 11767.1 11767.1 82562.3
1 29586.8 59173.6 100103
1 31518 63036 102074
2 20008.4 80033.6 90617.2
2 17396.9 69587.5 88317.8
2 13864 55455.9 84401.3
2 26450.4 105802 97421.3
3 16790 16790 87951.5
2 28419.6 113678 99623.2
0 18383.4 18383.4 89621.3
1 35305.3 70610.5 106543
3 18526 18526 89776.5
1 37105.4 74210.8 108347
1 33147.5 66295 104602
3 20153.3 20153.3 91358.1
0 20085.3 20085.3 91425.4
1 38805.9 77611.9 110316
2 37848.9 75697.8 109326
2 31020.2 124081 102571
2 21994.2 87976.9 93624.3
2 32718.6 130874 104538
2 39721.1 79442.2 111741
2 34971.1 139884 107107
3 21196.7 21196.7 93359.6
1 40144.8 80289.7 112336
2 41237.5 82475.1 113729
0 20640.4 20640.4 93158.8
1 41407.7 82815.3 114219
0 22244.3 22244.3 95111.7
51
2 281.903 1127.61 66179.9
1 739.232 1478.46 66894.1
3 197.944 197.944 66247.5
2 3869.74 15479 70266
0 2619.93 2619.93 69127.1
3 8238.7 8238.7 74621.7
0 7494.6 7494.6 73901.5
0 8944.29 8944.29 75655.3
2 8499.34 33997.4 75099.6
1 8150.9 16301.8 74605.3
3 10580.4 10580.4 77529
0 10808.5 10808.5 77735.6
1 13782.1 27564.2 80760.1
2 9953.14 39812.6 77205.1
2 12237.8 48951.3 79631
1 3181.89 6363.78 70777.1
1 15121.9 30243.8 82742.2
3 2498.21 2498.21 72426.9
1 9508.73 19017.5 77423.4
2 13474.7 53898.6 81929.2
0 15882.9 15882.9 84498.7
1 16096.7 32193.3 85189.1
3 11748.3 11748.3 80729
3 15694 15694 84755.9
0 11378.9 11378.9 80685.9
2 14823.6 59294.4 84597.8
2 17078.5 68314.1 86781.2
3 17229.3 17229.3 86541.8
1 25092.1 50184.1 94918.1
1 27959.4 55918.7 97805.8
1 17961.1 35922.2 88140.6
1 22150.3 44300.6 92002.5
3 19025.8 19025.8 89494.5
3 23087.6 23087.6 93480.6
0 18404.9 18404.9 89200.2
1 29571.5 59143.1 100088
1 31502.7 63005.5 102059
2 25159.9 100639 95768.6
2 22548.3 90193.3 93469.3
2 19015.4 76061.7 89552.7
2 26781.3 107125 98164.9
0 22335.5 22335.5 94166.4
2 28303.9 113216 100472
1 37180.6 74361.2 109131
2 30882.6 123531 102870
2 35321.3 70642.5 107405
3 23545.3 23545.3 95884.6
1 32998 65996.1 105472
0 23829.6 23829.6 96112.9
2 32025.1 128100 104997
2 36478.6 72957.2 109316
54
2 281.903 1127.61 66179.9
1 739.232 1478.46 66894.1
3 197.944 197.944 66247.5
2 3869.74 15479 70266
0 2619.93 2619.93 69127.1
3 2059.31 2059.31 68442.3
3 4844.78 4844.78 71251.7
3 6294.47 6294.47 73005.5
2 8499.34 33997.4 75099.6
1 2368.05 4736.1 68822.4
0 7087.27 7087.27 74035.9
3 8158.63 8158.63 75085.8
1 3654.43 7308.85 70632.4
2 9953.14 39812.6 77205.1
2 12237.8 48951.3 79631
1 4852.24 9704.47 73199.5
1 7251 14502 75291
1 13692.5 27385 82428.5
2 14233.1 56932.2 82479.1
2 16466.3 65865.4 84816.9
0 7920.69 7920.69 76484.2
3 8821.74 8821.74 77166.4
1 16612.8 33225.6 85300
3 10464.6 10464.6 79434.1
3 12960.6 12960.6 82066.2
0 14572.8 14572.8 83957
3 14833.8 14833.8 84294
1 10010.9 20021.7 78950.5
0 16041.4 16041.4 85679.7
0 18634.6 18634.6 88218.4
0 10271.7 10271.7 79987.8
3 16614.2 16614.2 86504
2 16607.6 66430.5 87099.1
1 21928 43856.1 92714.1
1 17639.3 35278.5 90910.3
1 24005.9 48011.8 95283.3
3 18686.9 18686.9 89838.8
1 31626.5 63253 102958
1 33684.8 67369.5 104901
1 35556.7 71113.3 106673
0 19751.5 19751.5 91049.4
1 37523.6 75047.1 109087
1 39442.3 78884.6 110981
3 20024.3 20024.3 91691.7
2 22952.7 91810.8 94726.2
2 39752.1 79504.2 111711
2 31668.6 126674 103550
0 20883.1 20883.1 92848.9
1 41312.4 82624.8 113412
2 18684.4 74737.4 90641.1
1 26072.9 52145.9 98815.8
2 34659.1 138636 107600
2 25801.8 103207 98811.5
2 40770 81540.1 113682
53
2 323.329 646.657 66200.9
1 599.336 1198.67 66454.3
3 180.119 180.119 66180.4
2 7760.91 31043.6 73677.4
0 415.675 415.675 66482.3
3 2924.79 2924.79 68560.1
2 9867.25 39469 75822.5
2 12038.9 48155.7 78236.7
0 4080.81 4080.81 70223.2
2 13991.9 55967.6 80281
3 4917.35 4917.35 71213.5
0 8790.31 8790.31 75000.6
3 7353.57 7353.57 73585.1
1 5631.41 11262.8 71924.8
1 2742.23 5484.47 69103
3 9932.45 9932.45 76511.8
0 14024.9 14024.9 80775.8
0 10334.4 10334.4 76977.8
0 12328.2 12328.2 78924.5
3 12009.7 12009.7 78856.7
2 15192.6 60770.4 82394.2
2 2438.7 9754.81 69697.1
1 7338.3 14676.6 74880.8
3 13336.9 13336.9 81571
1 9710.6 19421.2 78000.1
0 13435 13435 82430.1
1 12588 25176 81597.9
1 14749.8 29499.6 84218.7
1 17852.2 35704.5 87297.4
3 15000.7 15000.7 84873.3
1 19008.5 38017 88817.6
1 20344.7 40689.5 90373.9
2 18290.7 73163 89061.1
0 16030.4 16030.4 87521.2
1 21219.3 42438.6 92496.7
0 13587.1 13587.1 84739
1 28839.9 57679.8 100171
1 30898.1 61796.3 102114
1 32770 65540.1 103886
3 18367.2 18367.2 89665.1
1 34737 69473.9 106300
2 35683.7 71367.3 107222
0 19213.9 19213.9 90881.3
2 25880.7 103523 97654.2
1 36358.8 72717.7 108318
2 33541.4 134166 105423
3 19498.9 19498.9 91464.6
2 37553.8 75107.5 109653
2 13815.8 55263.2 85772.6
1 23286.3 46572.6 96029.2
2 28508.6 114035 101449
2 19797.6 79190.6 92807.3
1 37376.8 74753.5 110289
54
2 290.258 1161.03 65998.3
3 284.287 284.287 66139.7
1 506.68 1013.36 66161.2
1 6408.04 12816.1 72371.4
1 8778.77 17557.5 74743
0 561.65 561.65 66639.5
3 2145.94 2145.94 68544.1
2 6632.19 26528.8 73133.5
2 2942.24 11769 69487.2
1 2610.05 5220.1 68938.1
1 12705.9 25411.8 79077.2
3 3994.97 3994.97 70685.8
1 15502.5 31005.1 81863.9
1 10929.1 21858.2 77530.6
2 24646.3 49292.7 91820.1
1 18405.6 36811.3 85180.9
1 25141 50282 92512.1
3 5610.34 5610.34 72758.9
2 8712.23 34848.9 75931.3
1 21555.5 43110.9 89150.7
2 26916.8 53833.5 94537
0 2890.21 2890.21 72818.9
2 28910.9 57821.8 96825.6
2 9358.96 37435.8 77813.5
0 5728.63 5728.63 74344.4
1 26897.2 53794.3 95989.7
3 7263.6 7263.6 76244.3
3 11209.3 11209.3 80271.2
0 8524.84 8524.84 77831.9
0 12117.2 12117.2 81730.1
3 12377.4 12377.4 82035.3
1 28342.6 56685.2 98063.6
3 14433.3 14433.3 84433.7
2 10030.3 40121.4 80314
2 12639.4 50557.5 83130.7
1 30530.2 61060.4 100902
2 28447.8 56895.5 99996.4
0 13276.4 13276.4 84660.6
0 15291.3 15291.3 86822.6
3 15155 15155 86367.9
0 17704.8 17704.8 89269.5
0 19528.4 19528.4 91247.3
3 20546.2 20546.2 92461.5
0 21308.2 21308.2 93268.2
3 22363.3 22363.3 94480
0 23080.3 23080.3 95281.6
2 13604.2 54416.8 86133.1
3 24290.8 24290.8 96399
3 17237.3 17237.3 89598.6
0 24887.7 24887.7 97386.2
2 15866.6 63466.5 89014.6
2 30039.3 60078.6 102902
2 32000.6 64001.2 104990
1 31098.7 62197.4 104255
55
2 290.258 1161.03 65998.3
3 284.287 284.287 66139.7
1 506.68 1013.36 66161.2
1 6408.04 12816.1 72371.4
1 8778.77 17557.5 74743
0 561.65 561.65 66639.5
3 2145.94 2145.94 68544.1
2 6632.19 26528.8 73133.5
2 2942.24 11769 69487.2
1 2610.05 5220.1 68938.1
1 12705.9 25411.8 79077.2
3 3994.97 3994.97 70685.8
1 15502.5 31005.1 81863.9
1 10929.1 21858.2 77530.6
1 25572.5 51145 92746.3
1 18405.6 36811.3 85180.9
1 27985.3 55970.6 95356.3
3 5610.34 5610.34 72758.9
2 8712.23 34848.9 75931.3
1 21555.5 43110.9 89150.7
1 30453 60906 98073.2
0 2890.21 2890.21 72818.9
1 32447.1 64894.3 100362
2 9358.96 37435.8 77813.5
0 5728.63 5728.63 74344.4
1 34746.9 69493.8 103839
3 7263.6 7263.6 76244.3
3 11209.3 11209.3 80271.2
0 8524.84 8524.84 77831.9
0 11444 11444 81082.3
0 14037.2 14037.2 83621
3 14196.9 14196.9 83913
0 15941.2 15941.2 85830.9
2 9604.24 38417 80095.7
2 33706.6 67413.2 104493
1 36178.6 72357.3 109450
2 35784.4 71568.9 107062
3 16769.3 16769.3 87921.2
1 42338.9 84677.8 113670
2 43351 86701.9 114567
1 40105.5 80211 111222
0 17886.9 17886.9 89184.8
1 44151.1 88302.3 115714
2 44828.1 89656.2 116367
3 18106.7 18106.7 89774.1
2 15949.3 63797.3 87722.8
1 45773 91546 117732
2 24665.2 98660.9 96546.3
0 19018.6 19018.6 90984.3
2 46698.2 93396.4 118797
2 11681 46723.9 83637.8
2 37851.5 75703 110594
2 27655.7 110623 100596
2 18798.4 75193.8 91808.1
1 46790.9 93581.9 119703
52
2 290.258 1161.03 65998.3
3 284.287 284.287 66139.7
1 506.68 1013.36 66161.2
1 6408.04 12816.1 72371.4
1 8778.77 17557.5 74743
0 561.65 561.65 66639.5
3 2145.94 2145.94 68544.1
2 6632.19 26528.8 73133.5
2 2942.24 11769 69487.2
1 2610.05 5220.1 68938.1
1 17228 34456 83599.3
0 1969.03 1969.03 68659.9
1 20024.6 40049.2 86386
1 10929.1 21858.2 77530.6
1 13311.3 26622.6 80485.1
1 22927.7 45855.4 89703
2 22846 45692.1 90217.1
3 3468.69 3468.69 70617.2
2 8712.23 34848.9 75931.3
0 3511.61 3511.61 71417.9
1 23857.6 47715.3 91448.5
3 4966.65 4966.65 73358.3
1 25714.8 51429.5 93686.1
3 6875.41 6875.41 75270.5
2 24775.3 49550.7 93260.4
0 6973.75 6973.75 75737.8
0 5184.76 5184.76 73925.2
3 8063.36 8063.36 77676.2
3 10121.6 10121.6 79779.5
2 25613.3 51226.7 95334.4
0 8135.79 8135.79 78136.1
2 11948.5 47793.9 82232.1
2 8216.16 32864.6 78707.5
2 27801 55601.9 98172.4
1 25308.2 50616.5 96856.9
0 10643.2 10643.2 82027.3
0 12658.1 12658.1 84189.4
0 8857.44 8857.44 80070.3
3 10661.7 10661.7 82226.3
0 14879.1 14879.1 86598
3 16049.9 16049.9 87965.1
0 16658.9 16658.9 88618.8
3 17867 17867 89983.7
0 18431 18431 90632.2
2 12196.6 48786.5 84725.6
3 19794.5 19794.5 91902.7
3 12741 12741 85102.3
0 20238.4 20238.4 92736.9
2 14459 57836.2 87607
1 26899.8 53799.5 99762.8
1 28861.1 57722.2 101850
2 28369.5 56739 101526
38
2 281.903 1127.61 66179.9
1 739.232 1478.46 66894.1
3 197.944 197.944 66247.5
2 3869.74 15479 70266
0 2619.93 2619.93 69127.1
3 2059.31 2059.31 68442.3
3 4844.78 4844.78 71251.7
3 6294.47 6294.47 73005.5
2 8499.34 33997.4 75099.6
1 2368.05 4736.1 68822.4
0 7087.27 7087.27 74035.9
3 8158.63 8158.63 75085.8
1 8137.11 16274.2 75115.1
2 9953.14 39812.6 77205.1
2 12237.8 48951.3 79631
1 4235.95 8471.89 71778.4
0 8426.91 8426.91 76661
1 14251.5 28503.1 82541
0 10009 10009 79004.2
1 9703.02 19406 78712.9
3 7790.68 7790.68 77403.5
0 10904.1 10904.1 80562
1 14356.1 28712.1 84077.1
3 10323.9 10323.9 80324.2
2 15688.7 62754.9 85972.3
2 11956.4 47825.6 82447.7
1 16543.7 33087.3 86915.1
2 16568 66272 87951.7
3 10639.1 10639.1 82470
2 18090.6 72362.6 90258.3
1 20231.9 40463.8 92182.8
2 20669.3 82677.4 92656.7
1 18263 36526.1 90346.5
0 10626.6 10626.6 82966
1 23122.3 46244.6 95595.9
3 12133.3 12133.3 84416.5
2 21811.8 87247.2 94783.7
2 23813.4 47626.8 96651
62
2 290.258 1161.03 65998.3
3 284.287 284.287 66139.7
1 506.68 1013.36 66161.2
1 6408.04 12816.1 72371.4
1 8778.77 17557.5 74743
0 561.65 561.65 66639.5
3 2145.94 2145.94 68544.1
2 6632.19 26528.8 73133.5
2 2942.24 11769 69487.2
1 2610.05 5220.1 68938.1
1 17060.2 34120.4 83431.5
0 1969.03 1969.03 68659.9
1 13955.9 27911.8 80317.3
1 10929.1 21858.2 77530.6
1 19212.3 38424.5 86386
1 22927.7 45855.4 89703
1 25107.7 50215.4 92478.7
3 3468.69 3468.69 70617.2
2 8712.23 34848.9 75931.3
0 3511.61 3511.61 71417.9
1 27598.8 55197.5 95189.6
3 4966.65 4966.65 73358.3
1 29455.9 58911.7 97427.2
3 6875.41 6875.41 75270.5
1 31985.4 63970.9 100471
3 8755.92 8755.92 77520
0 5184.76 5184.76 73925.2
2 13956.3 55825.3 83730.5
2 16211.2 64844.9 85913.9
0 13191.3 13191.3 82503.8
1 33086 66172 102912
2 35925.3 71850.6 105772
2 38543.7 77087.4 108723
2 34178.1 68356.2 104030
3 10004 10004 80472.7
3 14065.8 14065.8 84458.8
0 7831.52 7831.52 78626.7
1 35704.9 71409.8 106221
1 37636.1 75272.2 108192
2 17604.5 70418.1 88213.3
2 19602.7 78410.8 90523.6
2 8953.91 35815.6 79491.2
1 39209.9 78419.8 110274
1 40704.2 81408.5 112194
3 14935.6 14935.6 86470.3
0 13330.7 13330.7 84804.9
0 14974.5 14974.5 86368
3 17023.7 17023.7 88851
0 16469.2 16469.2 87896.4
1 42852.2 85704.3 114620
2 23813.1 95252.5 95754
2 21435.2 85740.6 93416.9
2 41078 82155.9 112795
2 28891.2 115565 100880
3 19044.5 19044.5 90918.7
2 42768 85536 115204
1 44307.4 88614.7 116603
2 26060.9 104244 98624.9
0 17655.1 17655.1 90647.1
3 20382.1 20382.1 92922.4
2 45529.1 91058.2 118175
0 20436.7 20436.7 93203.5
55
2 290.258 1161.03 65998.3
3 284.287 284.287 66139.7
1 506.68 1013.36 66161.2
1 6408.04 12816.1 72371.4
1 8778.77 17557.5 74743
0 561.65 561.65 66639.5
3 2145.94 2145.94 68544.1
2 6632.19 26528.8 73133.5
2 2942.24 11769 69487.2
1 2610.05 5220.1 68938.1
1 17060.2 34120.4 83431.5
0 1969.03 1969.03 68659.9
1 13955.9 27911.8 80317.3
1 10929.1 21858.2 77530.6
1 19212.3 38424.5 86386
1 22927.7 45855.4 89703
1 25107.7 50215.4 92478.7
3 3468.69 3468.69 70617.2
2 8712.23 34848.9 75931.3
0 3511.61 3511.61 71417.9
2 25530.4 51060.8 93121.3
3 4966.65 4966.65 73358.3
1 26038 52076 94009.3
3 6875.41 6875.41 75270.5
2 26652.4 53304.8 95137.5
3 8755.92 8755.92 77520
0 5184.76 5184.76 73925.2
0 7387.99 7387.99 76697.3
1 26884.3 53768.6 96093.1
3 9879.66 9879.66 79600
2 8054.08 32216.3 78618.3
0 9860.08 9860.08 79840
2 10554.8 42219.3 80559.7
3 12210.8 12210.8 82372.1
2 28501.4 57002.7 99097.8
2 26155.5 52311 97219.7
1 30594.6 61189.1 102084
0 11984.9 11984.9 83519.7
0 10196.2 10196.2 81670.5
3 14112.1 14112.1 85505.7
3 15590.6 15590.6 87418
0 14160.1 14160.1 85587.4
2 29756.2 59512.5 101524
2 13343.4 53373.5 85284.2
2 10965.4 43861.6 82947.1
1 28447.9 56895.7 100164
2 18421.5 73685.8 90410.4
3 17611.4 17611.4 89485.7
2 31906.1 63812.1 104342
1 32102.3 64204.6 104398
2 15591.2 62364.7 88155.1
0 15346 15346 88338
0 18773.9 18773.9 91314.3
1 33770.4 67540.9 106416
3 18286.5 18286.5 91053.3
61
2 290.258 1161.03 65998.3
3 284.287 284.287 66139.7
1 506.68 1013.36 66161.2
1 6408.04 12816.1 72371.4
1 8778.77 17557.5 74743
0 561.65 561.65 66639.5
3 2145.94 2145.94 68544.1
2 6632.19 26528.8 73133.5
2 2942.24 11769 69487.2
1 2610.05 5220.1 68938.1
1 12705.9 25411.8 79077.2
0 1969.03 1969.03 68659.9
1 15502.5 31005.1 81863.9
1 10929.1 21858.2 77530.6
1 20961.6 41923.3 88135.4
1 18405.6 36811.3 85180.9
1 23374.4 46748.9 90745.5
3 3468.69 3468.69 70617.2
2 8712.23 34848.9 75931.3
2 9517.31 38069.2 77713.7
1 29008.6 58017.3 96986.2
1 25230.8 50461.5 94205.3
0 4359.61 4359.61 73235.8
0 2040.31 2040.31 71032.7
2 34217.9 68435.8 103452
1 34917.2 69834.3 104336
2 10608.1 42432.4 80382.3
2 12863 51452 82565.7
3 9590.61 9590.61 78903.1
1 41410.8 82821.6 111237
2 36493.2 72986.3 106340
2 39111.6 78223.1 109291
1 30995.9 61991.8 100848
0 5719.82 5719.82 76188.5
0 9781.63 9781.63 80174.7
3 4230.84 4230.84 75026.1
1 37804.8 75609.5 108321
2 42136.6 84273.2 112692
2 20944.4 83777.4 91553.1
2 18332.8 73331.3 89253.8
2 14799.9 59199.7 85337.2
1 43286.5 86573.1 114351
1 44780.8 89561.7 116270
3 11518.7 11518.7 83053.4
3 9729.99 9729.99 81204.2
0 10882.5 10882.5 82276.1
3 13606.8 13606.8 85434.1
0 12377.3 12377.3 83804.5
2 43350.8 86701.7 115118
2 24336.8 97347.3 96277.7
2 21958.9 87835.5 93940.6
1 46903.1 93806.2 118620
2 29414.9 117660 101404
3 15627.6 15627.6 87501.8
2 45500.7 91001.3 117937
1 48154.9 96309.8 120450
2 26584.6 106339 99148.6
0 13563.2 13563.2 86555.2
3 16965.2 16965.2 89505.5
2 48261.8 96523.5 120907
0 16344.7 16344.7 89111.6
49
2 290.258 1161.03 65998.3
3 284.287 284.287 66139.7
1 506.68 1013.36 66161.2
1 6408.04 12816.1 72371.4
1 8778.77 17557.5 74743
0 561.65 561.65 66639.5
3 2145.94 2145.94 68544.1
2 6632.19 26528.8 73133.5
2 2942.24 11769 69487.2
1 2610.05 5220.1 68938.1
1 17060.2 34120.4 83431.5
0 1969.03 1969.03 68659.9
1 13955.9 27911.8 80317.3
1 10929.1 21858.2 77530.6
2 18545.3 37090.6 85719.1
2 22260.8 44521.5 89036
1 21626.6 43253.1 88997.6
3 3468.69 3468.69 70617.2
2 8712.23 34848.9 75931.3
1 18845.1 37690.1 86387.5
0 2534.05 2534.05 70768.2
2 22295.5 44591.1 90585
0 4116.18 4116.18 73111.3
1 22074.2 44148.3 91084
3 3544.75 3544.75 73183.1
0 5720.02 5720.02 75303.8
3 6317.98 6317.98 76034.1
0 7624.01 7624.01 77513.8
2 7244.74 28979 77736.2
2 21602.8 43205.6 92388.9
1 21922.7 43845.5 95193.7
2 23179.8 46359.5 94728.4
3 8769.71 8769.71 80153.9
3 10784.6 10784.6 82315.9
0 9421.74 9421.74 80634.6
3 13198.1 13198.1 84762.8
0 14987.5 14987.5 86706.4
3 14868.6 14868.6 86783.9
3 16651.9 16651.9 88611.8
3 18513.7 18513.7 90630.4
0 16641.7 16641.7 88842.9
2 11124.1 44496.5 83653.1
0 18653.7 18653.7 90761.9
0 11504 11504 83865.4
0 20053.3 20053.3 92551.8
2 7502.66 30010.6 80650.6
1 24267.7 48535.3 97130.7
2 24430.8 48861.6 97420
1 26096.5 52193 99253.3
55
2 281.903 1127.61 66179.9
1 739.232 1478.46 66894.1
3 197.944 197.944 66247.5
2 3869.74 15479 70266
0 2619.93 2619.93 69127.1
3 8238.7 8238.7 74621.7
0 7494.6 7494.6 73901.5
0 8944.29 8944.29 75655.3
2 8499.34 33997.4 75099.6
1 8150.9 16301.8 74605.3
3 10580.4 10580.4 77529
0 10808.5 10808.5 77735.6
1 13782.1 27564.2 80760.1
2 9953.14 39812.6 77205.1
2 12237.8 48951.3 79631
1 3181.89 6363.78 70777.1
1 15121.9 30243.8 82742.2
3 2498.21 2498.21 72426.9
1 9508.73 19017.5 77423.4
2 13474.7 53898.6 81929.2
0 15882.9 15882.9 84498.7
1 16096.7 32193.3 85189.1
3 11748.3 11748.3 80729
3 15694 15694 84755.9
0 11378.9 11378.9 80685.9
0 17225.4 17225.4 86838.3
3 16862.1 16862.1 86520
1 17542.1 35084.1 87263.1
3 18918 18918 88918.4
2 14146 56584.2 84429.7
2 16755.1 67020.3 87246.4
1 19729.7 39459.4 90101.1
2 19353.7 77414.8 90324.7
0 18448.2 18448.2 89609.7
2 29193.4 116774 100397
0 20193.6 20193.6 91431.4
1 26911.4 53822.7 98149.4
3 21461.5 21461.5 92712
1 28711.5 57423 99953.5
1 22200.5 44401 93654.6
3 19682.2 19682.2 90887
0 21895.5 21895.5 93235.6
1 30412 60824.1 101922
1 24396.5 48793.1 95873.6
2 26400 105600 97950.4
2 22243 88971.9 93873.1
2 33634.5 134538 105454
1 31882.1 63764.2 103902
2 31350.6 125403 103486
3 22550.6 22550.6 94713.4
1 33731.2 67462.4 105922
2 35267.7 70535.4 107759
0 22450.6 22450.6 94969
1 34994 69988 107805
3 23798.9 23798.9 96666.4
45
2 323.329 646.657 66200.9
1 599.336 1198.67 66454.3
3 180.119 180.119 66180.4
2 7760.91 31043.6 73677.4
0 415.675 415.675 66482.3
3 2924.79 2924.79 68560.1
2 9867.25 39469 75822.5
2 12038.9 48155.7 78236.7
0 4080.81 4080.81 70223.2
2 13991.9 55967.6 80281
3 4917.35 4917.35 71213.5
0 8790.31 8790.31 75000.6
3 7353.57 7353.57 73585.1
1 5631.41 11262.8 71924.8
1 2742.23 5484.47 69103
3 9932.45 9932.45 76511.8
0 14024.9 14024.9 80775.8
0 10334.4 10334.4 76977.8
0 12328.2 12328.2 78924.5
3 12009.7 12009.7 78856.7
2 15192.6 60770.4 82394.2
2 2438.7 9754.81 69697.1
1 7338.3 14676.6 74880.8
3 13336.9 13336.9 81571
1 9710.6 19421.2 78000.1
0 13435 13435 82430.1
1 12588 25176 81597.9
3 14636.6 14636.6 84274.9
3 17229.8 17229.8 86813.6
0 15815.7 15815.7 85531.7
0 17709.7 17709.7 87599.5
2 13855.6 55422.5 84347.1
1 22736.7 45473.5 93522.8
1 12436.6 24873.2 85707.6
2 14934.3 59737.3 86318
3 17982.4 17982.4 89813.3
2 16457 65828 88624.7
1 23591.7 47183.3 95542.5
2 19035.7 76142.8 91023
2 23474.3 46948.7 95557.8
0 18677.8 18677.8 91017.1
1 17152.8 34305.5 89626.4
3 19476.6 19476.6 91759.8
2 20178.1 80712.6 93150.1
1 24572.2 49144.4 97409.8
58
2 323.329 646.657 66200.9
1 599.336 1198.67 66454.3
3 180.119 180.119 66180.4
2 7760.91 31043.6 73677.4
0 415.675 415.675 66482.3
3 2924.79 2924.79 68560.1
2 9867.25 39469 75822.5
2 12038.9 48155.7 78236.7
0 4080.81 4080.81 70223.2
2 13991.9 55967.6 80281
3 4917.35 4917.35 71213.5
3 6990.31 6990.31 73200.6
0 11206.3 11206.3 77437.9
1 8141.58 16283.2 74434.9
1 10722.9 21445.8 77083.7
0 8486.92 8486.92 75066.3
3 14480.4 14480.4 81231.3
0 13721.8 13721.8 80365.1
3 16714.9 16714.9 83311.2
0 15863.1 15863.1 82710.1
2 15192.6 60770.4 82394.2
2 2438.7 9754.81 69697.1
1 2828.81 5657.62 70424
1 11683.4 23366.8 79303.7
3 9451.32 9451.32 79380
1 13677.6 27355.1 81592.2
2 16237.8 64951.3 84692.4
3 16221 16221 84836.7
1 15977.3 31954.6 85069.8
3 19573.4 19573.4 88554.1
0 16479.2 16479.2 85541.1
0 19721.6 19721.6 89028.6
3 22166.2 22166.2 91804.5
0 22236.1 22236.1 91819.9
0 24844.2 24844.2 94560.3
3 23854.5 23854.5 93744.3
2 16483.1 65932.4 86974.6
1 21697.8 43395.7 92483.9
1 17409.1 34818.1 90680.1
1 23775.7 47551.4 95053.1
3 25927.1 25927.1 97079.1
1 31396.3 62792.6 102727
1 33454.6 66909.1 104671
1 35326.5 70652.9 106443
0 27289.2 27289.2 98587.1
1 37293.4 74586.7 108857
1 39212.1 78424.2 110751
3 27264.5 27264.5 98932
2 22828.2 91312.8 94601.6
2 39627.6 79255.1 111586
2 31544.1 126176 103425
0 28420.9 28420.9 100387
1 41082.2 82164.4 113181
2 18559.8 74239.3 90516.6
1 25842.7 51685.5 98585.6
2 34534.6 138138 107475
2 25677.3 102709 98687
2 40645.5 81291 113557
65
2 146.331 585.323 65716.5
3 184.024 184.024 66096.7
2 5892.43 23569.7 71819.3
0 565.46 565.46 66518.8
1 651.75 651.75 66751.7
1 7987.39 15974.8 73921
3 6483.88 6483.88 72697
2 13180.3 52721.1 79433.4
3 8472.49 8472.49 74671
1 15737.5 31475 82127.1
3 2560.62 2560.62 69255.1
2 15031.5 60126.1 81427.3
1 27812.4 55624.8 94137
1 21776.6 43553.2 88255.2
2 2356.44 9425.76 69003
1 3714.2 7428.4 70111.5
1 18304.4 36608.8 84947.6
2 8383.44 33533.8 75358.4
0 8359.84 8359.84 75473
0 11969.6 11969.6 78877.8
2 16252.5 65010.1 83005.7
1 23918.4 47836.9 91058
1 29537.1 59074.1 96598.1
1 34301.3 68602.7 101461
2 17767.9 71071.6 85116.5
1 31982.7 63965.5 99123.3
3 10463.6 10463.6 77941.1
1 36590.5 73181 104166
3 13302.5 13302.5 80728.6
1 10295.5 20591 77890.7
1 41550.7 83101.4 109171
0 2769.52 2769.52 72698.2
1 38539.4 77078.8 106454
2 18960.2 75840.7 87414.7
0 17560.2 17560.2 86175.9
1 42525.5 85050.9 111618
0 13382.5 13382.5 82363.2
0 18967.8 18967.8 88029.7
3 14909.1 14909.1 84216.1
2 43398.4 86796.8 112867
1 44224.1 88448.1 113669
0 22416.6 22416.6 92289.2
1 45380.3 90760.6 115189
2 45965 91930 115994
2 22937.8 91751.2 93708.1
3 19515.7 19515.7 91006.5
1 46034.8 92069.6 117312
3 17072.4 17072.4 88224.3
1 48069.2 96138.5 119400
1 50127.5 100255 121344
2 51749 103498 122865
3 23062.5 23062.5 94360.4
1 51739.6 103479 123303
1 53658.4 107317 125197
3 24545.8 24545.8 96213.3
2 30527.8 122111 102301
2 53353.3 106707 125312
2 38188.5 152754 110070
0 25061.5 25061.5 97027.3
2 55211.1 110422 127310
2 18462.9 73851.4 90419.7
2 46831 93662.1 119574
2 33155.7 132623 106096
2 24444.7 97778.8 97454.4
1 54592.5 109185 127504
59
2 323.329 646.657 66200.9
1 599.336 1198.67 66454.3
3 180.119 180.119 66180.4
2 7760.91 31043.6 73677.4
0 415.675 415.675 66482.3
3 2924.79 2924.79 68560.1
2 9867.25 39469 75822.5
2 12038.9 48155.7 78236.7
0 4080.81 4080.81 70223.2
2 13991.9 55967.6 80281
3 4917.35 4917.35 71213.5
3 6990.31 6990.31 73200.6
0 11206.3 11206.3 77437.9
1 8141.58 16283.2 74434.9
1 10722.9 21445.8 77083.7
0 8486.92 8486.92 75066.3
3 14480.4 14480.4 81231.3
0 13721.8 13721.8 80365.1
3 16714.9 16714.9 83311.2
0 15863.1 15863.1 82710.1
2 15192.6 60770.4 82394.2
2 2438.7 9754.81 69697.1
1 2828.81 5657.62 70424
1 11683.4 23366.8 79303.7
3 9451.32 9451.32 79380
1 13677.6 27355.1 81592.2
2 16237.8 64951.3 84692.4
3 16221 16221 84836.7
1 15977.3 31954.6 85069.8
3 19573.4 19573.4 88554.1
0 16479.2 16479.2 85541.1
1 20079.8 20079.8 89386.9
1 17870.5 35740.9 87339.4
1 23740.6 47481.1 93185.7
0 19928 19928 89800.6
1 24896.8 49793.6 94705.9
1 26233.1 52466.1 96262.2
2 15722.7 62891 86493.1
3 23845.2 23845.2 95336
1 26740.4 53480.8 97804.6
2 27937.2 55874.5 99426.7
0 22742.8 22742.8 94277.5
3 21079.6 21079.6 92553.8
0 24985.4 24985.4 96379
3 26921.5 26921.5 98748.8
0 26480.2 26480.2 97907.4
1 28008.7 56017.4 99776.3
2 19276.8 77107.2 91217.7
2 16898.8 67595.3 88880.6
2 30059.5 60119 101776
2 24354.9 97419.5 96343.8
3 28942.3 28942.3 100817
1 30158.5 60317.1 102595
2 31311.3 62622.6 103607
2 21524.6 86098.4 94088.5
0 27666.1 27666.1 100658
3 30279.9 30279.9 102820
1 32919.6 65839.3 105565
0 30447.6 30447.6 103214
65
2 323.329 646.657 66200.9
1 599.336 1198.67 66454.3
3 180.119 180.119 66180.4
2 7760.91 31043.6 73677.4
0 415.675 415.675 66482.3
3 2924.79 2924.79 68560.1
2 9867.25 39469 75822.5
2 12038.9 48155.7 78236.7
0 4080.81 4080.81 70223.2
2 13991.9 55967.6 80281
3 4917.35 4917.35 71213.5
0 8790.31 8790.31 75000.6
3 7353.57 7353.57 73585.1
1 5631.41 11262.8 71924.8
1 2742.23 5484.47 69103
3 9932.45 9932.45 76511.8
0 14024.9 14024.9 80775.8
0 10334.4 10334.4 76977.8
0 12328.2 12328.2 78924.5
3 12009.7 12009.7 78856.7
2 15192.6 60770.4 82394.2
2 2438.7 9754.81 69697.1
1 7338.3 14676.6 74880.8
3 13336.9 13336.9 81571
1 9710.6 19421.2 78000.1
0 13435 13435 82430.1
1 12588 25176 81597.9
2 15648.7 62594.7 85422.9
2 17903.6 71614.4 87606.3
3 14463.3 14463.3 83775.8
1 25167.7 50335.4 94993.8
1 22705.8 45411.5 92552.2
1 18768.2 37536.4 88947.7
1 15607.6 31215.1 85459.8
3 16259.8 16259.8 86728.5
3 20321.6 20321.6 90714.7
0 15840.5 15840.5 86635.8
1 27786.6 55573.2 98303
1 29717.8 59435.6 100274
2 25984.9 103940 96593.7
2 23373.4 93493.6 94294.3
2 19840.5 79362 90377.8
2 32426.9 129708 103398
0 20203.4 20203.4 91364.9
2 34396.1 137585 105600
3 21779 21779 93016.9
1 36058.2 72116.4 107296
0 21939.4 21939.4 93189.8
1 37858.3 75716.6 109100
1 31347.3 62694.6 102801
0 23566.7 23566.7 94771.5
3 23480.9 23480.9 94821
1 39558.9 79117.7 111069
1 33543.4 67086.7 105020
2 36996.7 147987 108547
2 27970.8 111883 99600.9
2 38695.1 154781 110515
1 41028.9 82057.8 113049
2 40947.6 163790 113083
0 24610.1 24610.1 96773
1 42878 85756 115069
2 42579.8 85159.6 115071
3 24036 24036 96554.4
2 44044.6 88089.3 116855
3 25639.9 25639.9 98507.3
76
2 146.331 585.323 65716.5
3 184.024 184.024 66096.7
2 5892.43 23569.7 71819.3
0 565.46 565.46 66518.8
1 651.75 651.75 66751.7
1 7987.39 15974.8 73921
0 6477.91 6477.91 72691
2 13180.3 52721.1 79433.4
3 6376.67 6376.67 72575.1
1 13913.8 27827.6 80303.4
3 2560.62 2560.62 69255.1
2 15031.5 60126.1 81427.3
1 25359.4 50718.8 91684
1 19323.6 38647.2 85802.2
2 2356.44 9425.76 69003
1 3714.2 7428.4 70111.5
1 10079.8 20159.5 76723
2 8383.44 33533.8 75358.4
3 8236.76 8236.76 75350
0 7771.22 7771.22 74679.4
2 16252.5 65010.1 83005.7
1 21465.4 42930.8 88605
1 15960.1 31920.2 83021.1
1 26862 53724 94021.3
2 17767.9 71071.6 85116.5
1 29406 58812 96546.6
0 2311.51 2311.51 69789
1 34243.4 68486.9 101818
0 9197.61 9197.61 76623.7
1 30766.4 61532.7 99113.6
1 35833.2 71666.4 103873
1 44777.8 89555.6 113514
2 19718.6 78874.3 87964.6
2 21951.9 87807.4 90302.4
0 10049 10049 78612.5
3 10116.4 10116.4 78461
1 42447.4 84894.8 111135
3 11759.2 11759.2 80728.7
3 14255.2 14255.2 83360.8
3 16338.1 16338.1 85722.4
0 18062.7 18062.7 87523
1 38593 77186.1 107533
2 23196.8 92787.3 92971
2 25451.7 101807 95154.4
3 18245.2 18245.2 87557.7
1 56371.9 112744 126198
1 53910 107820 123756
1 49972.4 99944.8 120152
1 46811.8 93623.6 116664
0 19705.8 19705.8 90174.6
3 19406.7 19406.7 89799.8
0 12226.1 12226.1 83021.4
2 57574 115148 128090
2 59505.2 119010 130061
2 33533.1 134132 104142
2 30921.5 123686 101842
2 27388.6 109555 97925.9
1 58504.3 117009 129782
3 20956.7 20956.7 92108.7
1 60538.8 121078 131870
2 61114 122228 132330
2 62985.9 125972 134102
3 22664.6 22664.6 93962.5
2 64952.8 129906 136516
2 66871.5 133743 138410
0 22542.1 22542.1 94209.6
2 39458.3 157833 111232
1 67554.7 135109 139513
2 48174.2 192697 120055
3 23796.2 23796.2 95762
2 68741.6 137483 140841
2 35190 140760 107147
1 62659.4 125319 135402
2 51164.7 204659 124105
2 42307.4 169230 115317
1 68572.7 137145 141485
