38
1 2136.95 2136.95 67872.6
4 378.353 756.707 66511.3
0 173.86 347.721 66938.1
5 1500.39 6001.55 68146.9
2 922.048 922.048 67909
5 5149.45 20597.8 71713.3
3 2636.34 2636.34 69536.8
4 2559.26 5118.52 69643.7
0 4154.14 4154.14 71043.9
2 6095.24 12190.5 73097.1
1 4307.65 8615.29 71786.1
4 6442.87 6442.87 73920.4
1 7443.97 14887.9 74943.6
3 6622.45 6622.45 74210
5 6972.67 13945.3 75195.1
0 6846.35 6846.35 75804
3 8777.58 8777.58 77295
4 8747.29 8747.29 77345.6
2 8767.88 17535.8 77919.9
5 9254.74 9254.74 78436.8
2 11684.9 46739.7 80905.6
1 9133.37 18266.7 78044.4
5 12922 51688.2 82695.7
2 13763.9 55055.5 84031.8
0 10583.2 21166.4 80587.5
4 10751 21502 80807
1 11280.1 11280.1 81662.5
3 12509.1 25018.2 83423
4 14596.2 29192.4 85427
0 13711.3 27422.6 84772.8
1 15528.8 31057.6 86791.2
5 15650.1 15650.1 87021.1
0 17256.3 17256.3 88878.2
2 15934.6 63738.3 87685.9
3 16134 32268 88087.6
4 17695.8 17695.8 89640.8
1 17630.9 17630.9 89662.7
3 17927.6 17927.6 91034.4
39
1 2276.12 2276.12 68302.8
4 390.805 781.609 66109
0 251.28 502.561 66582
2 1553.3 1553.3 67601
3 497.418 497.418 66812.7
5 484.358 968.716 67197.2
5 4125.19 16500.7 70443.6
2 6252.55 25010.2 72787.7
4 2715.95 5431.9 69266.5
0 2055.02 2055.02 68955.1
5 6390.67 25562.7 73535.9
3 2484.15 2484.15 69362.6
0 4028.67 4028.67 71244
3 4195.17 8390.34 71568.3
4 5208.28 5208.28 73302.7
1 4928.14 4928.14 72911.5
0 5317.24 5317.24 73485.8
3 4877.47 9754.95 73294.4
5 7060.91 28243.6 75657.6
1 6352.24 12704.5 75648.2
3 6399.95 6399.95 75355.1
2 8980.68 35922.7 77930
0 6468.35 12936.7 76372.5
4 7963.62 7963.62 77303.1
3 9321.25 9321.25 78874.1
1 8186.23 8186.23 78241.8
5 8280.83 33123.3 78246.6
0 9675.78 9675.78 79886.3
5 10821.8 10821.8 81167.9
4 10410.9 20821.7 80695.9
2 10781.2 43125 81457.1
1 10265.1 10265.1 81400.9
0 12523.8 12523.8 83527.8
3 10804.3 10804.3 82370.1
4 11451.4 22902.8 83041.3
5 12704.2 12704.2 84746.5
2 13488.1 13488.1 86115
1 13791.4 13791.4 85990.6
5 16415.2 65660.8 88938
32
1 1129.47 1129.47 67040.9
4 421.611 843.222 66398.6
2 129.403 517.611 66581.2
5 1080.63 4322.52 67829.4
0 586.558 586.558 66768.9
3 218.237 218.237 66724
4 2795.23 5590.45 69003.1
2 3191.94 3191.94 69471.6
0 2377.55 4755.1 68891.2
3 2632.95 2632.95 69300.1
1 1755.02 3510.05 69982.1
5 3380.33 3380.33 72063.4
2 3696.44 14785.8 72246.5
0 3241.17 3241.17 71899.1
4 2586.1 2586.1 71351.6
3 3063.05 3063.05 72238.5
1 3127.29 3127.29 72478
4 4397.18 4397.18 74060
2 4837.32 19349.3 74593
5 6535.14 26140.6 76902.2
3 4926.83 4926.83 75236.2
1 4832.35 4832.35 74986.9
2 7228.8 28915.2 78116.4
0 4619.23 4619.23 75972.7
4 6727.12 13454.2 77720.6
1 7296.5 7296.5 78799.2
3 8784.48 8784.48 80406.3
5 9114.28 36457.1 80865.6
0 7205.65 14411.3 79159.2
4 8894.53 8894.53 80839.5
0 9125.04 9125.04 81156.9
2 9907.8 9907.8 83014.6
33
1 1123.52 1123.52 66996.2
4 314.863 629.726 67021.9
0 1868.12 3736.24 68586
2 373.678 747.355 67493.8
5 2228.79 2228.79 68985.4
3 158.879 317.758 67225.2
3 3259.41 3259.41 70283.7
4 2061.39 2061.39 69382.6
2 1978.7 1978.7 69566.2
1 2308.25 4616.49 70530.7
2 3468.52 3468.52 72426.2
4 4046.71 4046.71 72564.1
0 4005.51 4005.51 72603.8
1 4083.39 8166.77 73235.4
5 4632.89 4632.89 73815
2 6555.46 26221.8 75776.1
3 4630.85 9261.7 73541.9
0 5840.92 11681.8 75745.1
3 7273.59 7273.59 76613.1
4 7444.96 7444.96 76997.8
1 6112.77 6112.77 76168.4
5 6991.1 27964.4 76956.8
2 7984.72 7984.72 78195.3
1 8390.16 8390.16 78736.3
0 8585.98 17172 78871
5 8640 34560 79315.8
2 9879.58 9879.58 81015.4
3 10690 10690 82311.9
5 10023.6 40094.5 81774.9
4 8391.6 16783.2 80345.2
1 8638.61 8638.61 80583.6
0 8836.81 8836.81 80868.6
4 10484.8 10484.8 83591.6
39
1 1129.47 1129.47 67040.9
4 421.611 843.222 66398.6
2 129.403 517.611 66581.2
5 1080.63 4322.52 67829.4
0 586.558 586.558 66768.9
3 218.237 218.237 66724
4 2795.23 5590.45 69003.1
2 3191.94 3191.94 69471.6
0 2377.55 4755.1 68891.2
3 2632.95 2632.95 69300.1
1 2558.4 2558.4 70145.9
5 3088.76 6177.52 71311.2
0 2961.08 2961.08 71918.7
4 3948.65 3948.65 72466.1
3 3577.11 3577.11 72175.4
1 3786.06 7572.11 72938
2 3513.98 3513.98 72696.1
5 4970.33 19881.3 74191
3 5733.98 11468 74645
0 5713.96 5713.96 75376.8
2 5738.81 22955.3 75494.5
5 7694.18 30776.7 78061.2
1 5559.48 5559.48 75868.8
4 6305.41 6305.41 76460
2 8130.3 32521.2 79017.9
3 6356.96 6356.96 77710.4
0 7166.15 14332.3 78159.6
1 8246.05 8246.05 79748.7
4 8466.65 16933.3 79495.9
0 10731.9 10731.9 82227.7
3 9582.03 19164.1 81335
5 9952.56 9952.56 81583.9
4 10722.7 21445.4 82211.4
2 11421.3 11421.3 83315.6
5 11875.9 47503.5 83622.5
1 11428 22856 84183.9
3 12075.9 12075.9 84379.5
4 12335.4 24670.8 84552.2
0 14192.8 14192.8 87133.7
39
1 2276.12 2276.12 68302.8
4 390.805 781.609 66109
0 251.28 502.561 66582
2 1553.3 1553.3 67601
3 497.418 497.418 66812.7
5 484.358 968.716 67197.2
5 4125.19 16500.7 70443.6
2 6252.55 25010.2 72787.7
4 2715.95 5431.9 69266.5
0 2055.02 2055.02 68955.1
5 6390.67 25562.7 73535.9
3 2484.15 2484.15 69362.6
0 4028.67 4028.67 71244
3 4426.31 8852.62 72774.4
4 4729.23 9458.46 72603.6
1 4639.56 4639.56 73206.2
0 4662.67 4662.67 73523.6
4 6584.51 6584.51 75745.8
1 6295.17 6295.17 75657.2
5 6499.2 6499.2 75981.3
3 7808.65 7808.65 77603.8
0 5914.73 5914.73 75931.6
2 8194.65 8194.65 78607.5
1 8129.37 8129.37 78712.5
0 7759.59 7759.59 78408.1
5 8323.24 8323.24 78979.4
4 8614.23 17228.5 79511.1
0 9700.04 19400.1 80905.8
5 10843.7 10843.7 82183
3 10056.4 10056.4 81613.6
1 10216 10216 82564.5
4 10094.3 20188.7 81951.2
2 11990 23980 84333.7
0 13598 13598 88666
3 11555.4 11555.4 84164
4 12092.6 24185.2 84718.6
5 13488.4 26976.8 85931.4
1 12887.9 12887.9 85710.2
3 14068.1 28136.1 86784.5
29
1 1123.52 1123.52 66996.2
4 314.863 629.726 67021.9
0 1868.12 3736.24 68586
2 373.678 747.355 67493.8
5 2228.79 2228.79 68985.4
3 158.879 317.758 67225.2
3 3259.41 3259.41 70283.7
4 2061.39 2061.39 69382.6
2 2010.78 2010.78 69886.6
1 1497.61 1497.61 70707.1
2 4850.18 19400.7 73955
4 2362.44 2362.44 71618
0 3461.03 6922.06 73365.2
5 4889.6 4889.6 74229.1
3 5279.51 5279.51 74832.4
1 3816.26 3816.26 73871.9
5 7820.89 31283.5 77786.6
4 3834.64 3834.64 74045.2
4 6371.12 6371.12 76717.2
1 6116.59 12233.2 76401.6
2 7521.4 30085.6 78197.2
0 6264.05 6264.05 77399.9
3 9090.96 9090.96 80095
1 7447.34 7447.34 79013.1
4 7754.12 15508.2 79344.1
5 9052.01 9052.01 81094.3
2 10228.3 10228.3 82855.1
0 10091.6 10091.6 82290.9
5 12763 51052 85285.8
35
1 2276.12 2276.12 68302.8
4 390.805 781.609 66109
0 251.28 502.561 66582
2 1553.3 1553.3 67601
3 497.418 497.418 66812.7
5 484.358 968.716 67197.2
5 4125.19 16500.7 70443.6
2 6252.55 25010.2 72787.7
4 2715.95 5431.9 69266.5
0 2055.02 2055.02 68955.1
5 6390.67 25562.7 73535.9
3 2484.15 2484.15 69362.6
0 4028.67 4028.67 71244
3 4426.31 8852.62 72774.4
4 4729.23 9458.46 72603.6
1 4639.56 4639.56 73206.2
0 4662.67 4662.67 73523.6
4 6584.51 6584.51 75745.8
1 6295.17 6295.17 75657.2
5 6938.84 27755.4 76292.3
3 7545.52 7545.52 77363.6
0 5839.66 5839.66 75702.1
2 7500.7 15001.4 77969.3
0 9038.33 9038.33 79454.3
1 7921.64 15843.3 78359.2
4 10468.9 20937.8 80843.9
5 10401.7 20803.4 81095.6
3 9942.84 9942.84 81043.6
1 10913.4 10913.4 81917.4
2 9976.12 9976.12 81541.9
0 12050.9 24101.9 83640.9
2 12449 12449 84491.3
3 13778.2 13778.2 86405
4 14493.2 14493.2 86692.4
5 13799.3 55197.2 86322.1
38
1 849.189 849.189 66762.8
0 135.689 135.689 66130.9
4 1040.52 1040.52 67667
2 71.4152 71.4152 66751
3 869.888 1739.78 67854
5 1196.29 1196.29 68467.6
0 765.681 1531.36 68164.8
2 2967.69 5935.38 70104.5
1 2280.27 2280.27 69867.8
0 2568.79 5137.59 70791.3
3 2989.69 2989.69 71947.3
4 3607.04 3607.04 72124.5
5 3656.37 3656.37 72254.7
1 3507.93 7015.86 72659.9
0 4011.92 4011.92 73194
2 4233.76 16935.1 73454.4
5 6371.95 12743.9 75283
2 7037.92 28151.7 76811.6
5 7728.8 30915.2 77996.7
3 7203.24 14406.5 77207.6
1 5563.49 11127 75619.5
4 6866.93 6866.93 77249.3
0 7350.94 14701.9 78264.8
1 8652.31 17304.6 79483.1
2 9124.82 18249.6 80186.3
5 10979.8 21959.5 82242.2
4 10636.7 10636.7 82007.7
2 10734.5 42937.9 81964
2 14269.3 57077.3 85947.4
3 10367.2 10367.2 81989.9
0 11402.6 11402.6 83195.4
1 11974.2 11974.2 83695.4
4 14277 28554.1 86054.1
5 13554.2 54216.6 85603.1
3 14780.7 14780.7 86888.5
5 16803 67212.1 89757.1
0 14320.3 14320.3 87306
1 13192.3 26384.7 86296.2
36
1 1129.47 1129.47 67040.9
4 421.611 843.222 66398.6
2 129.403 517.611 66581.2
5 1080.63 4322.52 67829.4
0 586.558 586.558 66768.9
3 218.237 218.237 66724
4 2795.23 5590.45 69003.1
2 3191.94 3191.94 69471.6
0 2377.55 4755.1 68891.2
3 2632.95 2632.95 69300.1
1 2461.74 4923.49 70809.9
5 3046.7 6093.41 70921.1
0 2791.41 2791.41 71358
4 3062.53 3062.53 71923.5
3 3661.03 3661.03 72822.3
2 3038.26 3038.26 72400.2
5 4588.88 18355.5 73942.4
1 4914.79 4914.79 74732.9
0 3674.08 3674.08 73536.5
4 5082.57 10165.1 75551.2
2 6019.45 6019.45 76435.4
0 5569.62 11139.2 76007.2
3 7702.16 15404.3 78077.1
5 8051.73 16103.5 78745.7
1 6882.8 6882.8 77983.6
2 9270.62 37082.5 80500.2
5 12626 50504.1 84304.1
0 7141.57 7141.57 78764.3
4 7903.85 7903.85 79696.7
1 9511.86 9511.86 81233
0 10783.8 21567.6 82560.8
2 11612.7 46450.7 83661.6
3 12024.9 12024.9 84132.6
2 14795.3 59181.1 87749.3
4 11368.1 11368.1 84353.7
1 10730 21459.9 83833.9
32
1 849.189 849.189 66762.8
0 135.689 135.689 66130.9
4 1040.52 1040.52 67667
2 71.4152 71.4152 66751
3 869.888 1739.78 67854
5 1196.29 1196.29 68467.6
0 765.681 1531.36 68164.8
2 2967.69 5935.38 70104.5
1 1476.9 2953.8 69704
0 2482.64 2482.64 71165.7
5 3292.93 13171.7 71843
3 3210.91 3210.91 71868.8
4 2244.49 2244.49 71010
1 2843.31 2843.31 72018.7
4 3877.34 3877.34 73228
2 4718.57 18874.3 74492.3
5 4559.73 18238.9 74827.7
1 5481.1 10962.2 75485.4
0 4496.58 8993.16 74552.6
4 6563.53 6563.53 76945.9
3 7082.93 14165.9 77996.8
0 7827.92 15655.8 78658.7
5 6644.37 13288.7 77705.8
2 8191.29 16382.6 79453.7
1 8125.04 8125.04 79496.1
5 10688 10688 81692
4 9536.96 9536.96 81102.7
1 10466 20932 82056
2 11074.9 11074.9 83117.1
0 12200.5 12200.5 84827.3
3 12623.9 12623.9 84823.1
5 14395.6 57582.6 86918.4
41
1 1129.47 1129.47 67040.9
4 421.611 843.222 66398.6
2 129.403 517.611 66581.2
5 1080.63 4322.52 67829.4
0 586.558 586.558 66768.9
3 218.237 218.237 66724
4 2795.23 5590.45 69003.1
2 3191.94 3191.94 69471.6
0 2377.55 4755.1 68891.2
3 2632.95 2632.95 69300.1
1 2558.4 2558.4 70145.9
5 3088.76 6177.52 71311.2
0 2961.08 2961.08 71918.7
4 3948.65 3948.65 72466.1
3 3577.11 3577.11 72175.4
1 3786.06 7572.11 72938
2 3513.98 3513.98 72696.1
5 4970.33 19881.3 74191
3 5733.98 11468 74645
2 6731.55 26926.2 76505.2
5 6907.68 27630.7 77175.6
0 6697.93 13395.9 76702.3
1 5841.61 11683.2 75897.6
4 7208.54 7208.54 77590.9
3 8368.96 16737.9 79282.8
1 8930.43 17860.9 79761.2
2 8818.45 17636.9 79879.9
5 10158.6 20317.3 81421
0 9465.01 9465.01 80836
4 10419 20837.9 81624.7
2 10622.3 10622.3 81961.6
0 11949.6 11949.6 83506.8
1 11995.9 11995.9 84344.4
4 11926.6 23853.3 83783.4
3 13462.8 26925.6 85806.5
5 15015.3 15015.3 90083.3
2 12053.5 12053.5 84662.1
0 13171.5 26343 85797.5
4 14540.1 29080.1 86983.1
2 14217.2 14217.2 87039.4
1 14323.5 28647 87040
28
1 849.189 849.189 66762.8
0 135.689 135.689 66130.9
4 1040.52 1040.52 67667
2 71.4152 71.4152 66751
3 869.888 1739.78 67854
5 1196.29 1196.29 68467.6
0 765.681 1531.36 68164.8
2 2967.69 5935.38 70104.5
1 1712.66 1712.66 69588.5
0 1955.92 1955.92 71165.4
5 4155.88 16623.5 73260.7
3 1750.6 1750.6 71006.1
2 4718.57 18874.3 74492.3
5 7565.28 30261.1 77833.2
4 2751.15 5502.3 72755.5
1 1709.78 3419.56 71765.8
3 4899.32 4899.32 75281.7
1 5670.1 11340.2 76584
0 5068.66 10137.3 75899.4
4 5732.69 11465.4 76794.1
2 8191.29 16382.6 79453.7
4 8259.88 8259.88 79630.9
3 10043.9 10043.9 81665.7
5 9405.81 37623.2 81157.1
0 7878.38 15756.8 79831.9
1 9002.8 9002.8 80947.8
0 9797.77 9797.77 81829.6
2 10165.7 10165.7 83272.5
37
1 849.189 849.189 66762.8
0 135.689 135.689 66130.9
4 1040.52 1040.52 67667
2 71.4152 71.4152 66751
3 869.888 1739.78 67854
5 1196.29 1196.29 68467.6
0 765.681 1531.36 68164.8
2 2967.69 5935.38 70104.5
1 2468.87 4937.73 69842
0 2443.57 2443.57 70538
3 2586.03 2586.03 70569.3
4 2890.92 2890.92 71059.5
5 3164.4 6328.79 71581.3
2 4911.95 19647.8 73508.6
1 3282.82 6565.65 72578.8
3 3674.94 3674.94 72630.1
5 5996.82 23987.3 74946.1
0 3705.36 3705.36 73368.2
2 6099.44 24397.8 75855.1
2 8399.22 33596.9 78766.3
4 3494.96 3494.96 73804.3
1 5036.94 5036.94 75191.5
5 9270.5 37082 80158.1
3 4802.56 4802.56 76156
0 5157.54 10315.1 76151
4 6987.26 6987.26 78490
1 6387.06 12774.1 77416.3
0 8723.27 8723.27 80219.1
1 7978.87 15957.7 79731.9
3 8002.27 8002.27 79633.7
1 10391.9 20783.8 81880.6
3 9959.41 9959.41 81853.7
2 10136.8 40547.2 81883.4
4 10858.7 21717.5 83614.6
0 11506.9 11506.9 83810.5
2 11196.2 22392.5 83413
1 12723.6 12723.6 85664.4
40
1 2276.12 2276.12 68302.8
4 390.805 781.609 66109
0 251.28 502.561 66582
2 1553.3 1553.3 67601
3 497.418 497.418 66812.7
5 484.358 968.716 67197.2
5 4125.19 16500.7 70443.6
2 6252.55 25010.2 72787.7
4 2715.95 5431.9 69266.5
0 2055.02 2055.02 68955.1
5 6390.67 25562.7 73535.9
3 2484.15 2484.15 69362.6
0 4028.67 4028.67 71244
3 3659.47 7318.95 71886.6
4 5048.56 5048.56 73731.6
5 7272.57 29090.3 75822.6
1 4854.11 4854.11 73512
0 5025.43 5025.43 73790.9
3 5649.53 5649.53 74824.9
0 6900.19 6900.19 76250.9
2 7995.78 31983.1 77349.3
1 8188.03 8188.03 78006.1
4 7323.14 7323.14 77185.6
3 8000.78 16001.6 78469.4
5 9714.01 9714.01 80130
0 8532.41 17064.8 78970
4 10914.2 21828.3 81289.1
2 11171.9 22343.8 81865.8
1 10156 10156 81256.8
0 9957.81 19915.6 80987.1
3 11974.7 11974.7 83470.5
0 11626.1 23252.2 83379.1
1 12905.6 12905.6 84537
5 13130.2 26260.4 84618.9
4 13469 13469 85363.3
2 13951.5 55806.1 85698.2
0 13626.7 27253.5 86382.6
3 14769.3 14769.3 87072.9
1 14751.2 29502.4 86968
5 16149.2 16149.2 89090
31
1 1123.52 1123.52 66996.2
4 314.863 629.726 67021.9
0 1868.12 3736.24 68586
2 373.678 747.355 67493.8
5 2228.79 2228.79 68985.4
3 158.879 317.758 67225.2
3 3259.41 3259.41 70283.7
4 2061.39 2061.39 69382.6
2 2010.78 2010.78 69886.6
1 1497.61 1497.61 70707.1
2 4850.18 19400.7 73955
4 2362.44 2362.44 71618
0 3711.57 3711.57 73193.7
5 5180.24 5180.24 74975.4
3 4195.56 4195.56 74212.4
1 4747.22 4747.22 75160.1
4 4553.11 4553.11 75136.2
0 5709.9 5709.9 76358.4
3 6283.22 6283.22 76939.4
2 7288.08 14576.2 78184.9
5 8149.27 32597.1 79378.8
2 10490.2 41961 82168.4
4 7372.95 7372.95 78995.6
0 7351.52 7351.52 79144.4
1 7651.19 7651.19 79372.4
3 8724.15 17448.3 80501.2
5 10361.8 41447 82410.7
0 11324.9 11324.9 83432.6
2 13302 53208 86256
1 10155.2 10155.2 83140.9
4 9023.15 18046.3 82127
32
1 1123.52 1123.52 66996.2
4 314.863 629.726 67021.9
0 1868.12 3736.24 68586
2 373.678 747.355 67493.8
5 2228.79 2228.79 68985.4
3 158.879 317.758 67225.2
3 3259.41 3259.41 70283.7
4 2061.39 2061.39 69382.6
2 2010.78 2010.78 69886.6
1 1497.61 1497.61 70707.1
2 4850.18 19400.7 73955
4 2362.44 2362.44 71618
0 3127.17 3127.17 72790
5 3370.12 13480.5 73125.8
5 6358.15 25432.6 76725.2
3 4001.7 4001.7 74311
1 3736.39 3736.39 73891
2 8877.82 35511.3 79765.5
4 3688.43 3688.43 75041.9
0 4579.36 9158.72 75572.8
1 6200.54 6200.54 77703.2
3 6462.51 12925 77491.8
0 8145.09 8145.09 79640.9
4 7008.36 14016.7 78761.3
3 8308.48 8308.48 79939.9
5 9106.11 18212.2 80594.8
4 9300.95 9300.95 81195.3
5 11422.5 45689.9 83169.1
1 9382.51 18765 82138.4
3 10437.3 10437.3 82740.9
0 10370 20740.1 82586.8
4 12171.1 12171.1 85112
36
1 1123.52 1123.52 66996.2
4 314.863 629.726 67021.9
0 1868.12 3736.24 68586
2 373.678 747.355 67493.8
5 2228.79 2228.79 68985.4
3 158.879 317.758 67225.2
3 3259.41 3259.41 70283.7
4 2061.39 2061.39 69382.6
2 1978.7 1978.7 69566.2
1 2308.25 4616.49 70530.7
2 3468.52 3468.52 72426.2
4 4046.71 4046.71 72564.1
0 4005.51 4005.51 72603.8
1 4083.39 8166.77 73235.4
5 4632.89 4632.89 73815
2 6555.46 26221.8 75776.1
3 4630.85 9261.7 73541.9
0 6091.46 6091.46 75573.6
3 7614.59 7614.59 77409.7
4 6590.51 6590.51 76607.3
1 7043.73 7043.73 77456.6
5 7516.68 7516.68 78099.8
2 7900.63 7900.63 78549.1
0 7735.17 7735.17 78391.3
4 8889.69 17779.4 79786.5
2 10090.6 40362.2 81320.1
5 11360.9 45443.4 83039
0 9685.59 9685.59 81308.3
1 9710.07 9710.07 81502.9
3 9821.06 9821.06 81542.2
4 11510.5 23020.9 83287.5
2 12432.6 49730.4 84481.6
3 13531.8 13531.8 85639.5
5 14238.9 56955.6 87192.9
1 12389.6 12389.6 85375.2
0 11326.9 22653.7 84430.8
29
1 849.189 849.189 66762.8
0 135.689 135.689 66130.9
4 1040.52 1040.52 67667
2 71.4152 71.4152 66751
3 869.888 1739.78 67854
5 1196.29 1196.29 68467.6
0 765.681 1531.36 68164.8
2 2967.69 5935.38 70104.5
1 1476.9 2953.8 69704
0 2482.64 2482.64 71165.7
5 3292.93 13171.7 71843
3 3210.91 3210.91 71868.8
4 2244.49 2244.49 71010
1 2843.31 2843.31 72018.7
4 3877.34 3877.34 73228
2 4679.19 4679.19 74161.3
1 5742.62 5742.62 75537.8
0 4543.41 4543.41 74560.2
5 5666.34 5666.34 76079.2
4 5750.73 5750.73 76333.8
3 5235.11 5235.11 75883.6
0 6033.65 6033.65 76689.8
2 6415.01 12830 77311.9
3 9431.89 9431.89 81053.7
2 8548.29 34193.2 80299.6
0 6936.14 13872.3 78889.7
1 7185.26 7185.26 79130.3
4 7644.52 7644.52 79676.3
5 8322.51 8322.51 81429.3
34
1 1123.52 1123.52 66996.2
4 314.863 629.726 67021.9
0 1868.12 3736.24 68586
2 373.678 747.355 67493.8
5 2228.79 2228.79 68985.4
3 158.879 317.758 67225.2
3 3259.41 3259.41 70283.7
4 2061.39 2061.39 69382.6
2 1978.7 1978.7 69566.2
1 2308.25 4616.49 70530.7
2 3468.52 3468.52 72426.2
4 4046.71 4046.71 72564.1
0 4005.51 4005.51 72603.8
1 4083.39 8166.77 73235.4
5 4632.89 4632.89 73815
2 6555.46 26221.8 75776.1
3 4630.85 9261.7 73541.9
5 8300.2 33200.8 78073.9
2 8634.39 34537.6 78902.3
0 6491.03 12982.1 76495.4
3 6061.51 12123 76117.5
4 7306.6 7306.6 77689
1 7479.03 14958.1 78392.9
3 9988.32 19976.6 80819.1
0 9619.15 19238.3 80680.6
5 11696.4 23392.9 82958.8
4 11076.4 11076.4 82447.4
2 12671.6 12671.6 83675.6
0 11603.5 11603.5 83169.3
1 11436.4 22872.8 83026.3
3 13743 13743 85785.3
1 14496.5 14496.5 87123.4
4 15001.8 15001.8 87201.1
5 14403.7 57614.8 86926.5
34
1 1123.52 1123.52 66996.2
4 314.863 629.726 67021.9
0 1868.12 3736.24 68586
2 373.678 747.355 67493.8
5 2228.79 2228.79 68985.4
3 158.879 317.758 67225.2
3 3259.41 3259.41 70283.7
4 2061.39 2061.39 69382.6
2 1978.7 1978.7 69566.2
1 2308.25 4616.49 70530.7
2 3468.52 3468.52 72426.2
4 4046.71 4046.71 72564.1
0 4005.51 4005.51 72603.8
1 4083.39 8166.77 73235.4
5 4632.89 4632.89 73815
2 6555.46 26221.8 75776.1
3 4630.85 9261.7 73541.9
0 5840.92 11681.8 75745.1
3 7273.59 7273.59 76613.1
4 7444.96 7444.96 76997.8
1 6112.77 6112.77 76168.4
5 6991.1 27964.4 76956.8
2 7984.72 7984.72 78195.3
1 8390.16 8390.16 78736.3
0 8585.98 17172 78871
5 8640 34560 79315.8
2 9879.58 9879.58 81015.4
3 10871.7 10871.7 81875.7
4 8943.1 8943.1 80508.9
1 9263.28 18526.6 80853.2
0 9272.23 9272.23 81314.5
5 10930.6 10930.6 83557.5
4 12105.5 12105.5 84304.7
2 12873.5 51493.9 85396.2
31
1 1123.52 1123.52 66996.2
4 314.863 629.726 67021.9
0 1868.12 3736.24 68586
2 373.678 747.355 67493.8
5 2228.79 2228.79 68985.4
3 158.879 317.758 67225.2
3 3259.41 3259.41 70283.7
4 2061.39 2061.39 69382.6
2 2301.89 4603.79 70650
1 2247.35 4494.7 70121.7
4 3275.27 3275.27 71841.9
1 3461.9 3461.9 72322.9
0 4231.71 4231.71 73393
5 3799.88 3799.88 73161.9
2 4685.53 18742.1 74459.2
5 5342.82 21371.3 75610.8
3 5539.65 11079.3 75544
4 4838.86 9677.71 74894.9
1 5471.07 5471.07 75853.5
0 8177.84 16355.7 79091.7
2 8723.45 17446.9 79554.2
4 6777.18 13554.4 77838.6
5 8593.78 17187.6 79856.2
1 8493.07 8493.07 79864.1
3 10487.8 10487.8 81491.8
4 8508.03 8508.03 80073.8
4 10698.3 21396.5 82288.2
1 10777.8 10777.8 82820.1
5 12335.8 12335.8 84962.6
2 13315.9 13315.9 85515.1
5 17666.3 70665.2 90189.1
35
1 1123.52 1123.52 66996.2
4 314.863 629.726 67021.9
0 1868.12 3736.24 68586
2 373.678 747.355 67493.8
5 2228.79 2228.79 68985.4
3 158.879 317.758 67225.2
3 3259.41 3259.41 70283.7
4 2061.39 2061.39 69382.6
2 1588.1 3176.21 69815.2
1 2018.44 2018.44 70701.5
2 3588.13 14352.5 72138.2
4 3867.86 3867.86 72525.8
0 4005.41 4005.41 72770.9
5 4352.61 4352.61 73528
1 4860.62 4860.62 74211.3
3 4676.52 4676.52 74339.3
2 4729.01 18916 74484.7
5 7031.25 28125 77398.3
0 4676.2 4676.2 74985.5
4 6365.14 6365.14 76519.7
2 7120.49 28482 78008.1
1 5947.4 5947.4 77300.8
3 6921.75 13843.5 77915.2
0 7598.05 7598.05 79100.7
5 9952.85 39811.4 81182.4
2 12059.2 48236.6 83737.3
4 8170.36 8170.36 79793.1
1 8823.2 8823.2 80616.1
3 9112.71 9112.71 80833.9
4 11941.7 23883.5 83718.8
5 12165.3 48661.4 84214.3
3 12823.4 12823.4 84931.2
2 14870.9 59483.7 87824.9
0 11599.5 11599.5 84585.1
1 10216.8 20433.6 83320.7
32
1 849.189 849.189 66762.8
0 135.689 135.689 66130.9
4 1040.52 1040.52 67667
2 71.4152 71.4152 66751
3 869.888 1739.78 67854
5 1196.29 1196.29 68467.6
0 765.681 1531.36 68164.8
2 2967.69 5935.38 70104.5
1 1712.66 1712.66 69588.5
0 1955.92 1955.92 71165.4
5 4155.88 16623.5 73260.7
3 1750.6 1750.6 71006.1
4 2046.17 2046.17 71528.3
1 3312.37 3312.37 73107.5
3 3888.35 3888.35 73905.2
2 4796.28 4796.28 75209.1
0 4580.9 4580.9 75164
4 4283.11 4283.11 74931.6
3 5976.02 5976.02 76632.2
1 5876.37 11752.7 76773.2
5 6240.31 12480.6 77446.1
4 7102.63 7102.63 78441.9
0 6905.49 6905.49 78462.6
1 7262.79 7262.79 79611.3
3 7276.97 14553.9 79133.8
2 8591.66 17183.3 80935.4
5 10440.5 10440.5 85508.4
0 8239.11 8239.11 80847.8
4 8991.8 17983.6 81617.8
3 10077 20154 82520
1 9934.67 9934.67 82756.9
0 10385.7 20771.4 83102.2
35
1 2276.12 2276.12 68302.8
4 390.805 781.609 66109
0 251.28 502.561 66582
2 1553.3 1553.3 67601
3 497.418 497.418 66812.7
5 484.358 968.716 67197.2
5 4125.19 16500.7 70443.6
2 6252.55 25010.2 72787.7
4 2715.95 5431.9 69266.5
0 2055.02 2055.02 68955.1
5 6390.67 25562.7 73535.9
3 2484.15 2484.15 69362.6
0 4028.67 4028.67 71244
3 3659.47 7318.95 71886.6
4 5048.56 5048.56 73731.6
5 7272.57 29090.3 75822.6
1 4854.11 4854.11 73512
0 5025.43 5025.43 73790.9
3 5649.53 5649.53 74824.9
0 6900.19 6900.19 76250.9
1 7033.5 7033.5 76696.3
2 7124.2 28496.8 76879.9
5 9325.88 37303.5 79692.9
4 7442.95 7442.95 77752.3
3 7577.25 7577.25 77731.8
2 9515.69 38062.7 80403.3
0 8232.78 8232.78 79586.2
1 8383.82 16767.6 79377.3
3 10714.2 10714.2 82216.9
4 11193.6 11193.6 82815.5
5 11905 47620.1 83656.3
1 9992.58 19985.2 81946.2
0 10813.1 10813.1 82758.1
1 12091 12091 84122.8
2 12194.7 12194.7 85301.5
