38
0 240.539 240.539 65976.2
3 465.193 930.386 66598.1
1 419.398 838.797 67183.7
8 1642.05 6568.19 68288.6
1 623.32 623.32 67610.3
5 10936.7 43746.7 77500.6
6 455.495 455.495 67356
4 935.83 1871.66 68020.3
0 1738.29 1738.29 68628.1
7 922.095 1844.19 67924
4 2756.79 5513.59 70235.3
9 1518.7 1518.7 68996.2
2 1644.45 3288.9 69144.1
0 183.29 183.29 67770.8
5 347.998 695.996 68570.5
1 905.901 905.901 69863.5
6 1726.34 1726.34 70243.8
7 3002.72 3002.72 71601.1
8 1594.57 3189.14 70746.5
3 784.814 784.814 69966.9
5 6453.42 25813.7 75674
4 5440.13 10880.3 74351.1
5 1058.78 4235.14 70832.5
8 7097.92 28391.7 77365.9
2 1227.53 2455.06 71231.9
4 1797.3 3594.61 71853.3
0 1754.53 1754.53 72136.9
2 2691.67 5383.34 73605.5
1 1051.03 2102.06 71881.8
2 7312.12 14624.2 78373.6
8 1632.96 3265.92 72895.4
0 256.775 256.775 71627.8
3 2155.17 2155.17 73777
8 3048.68 12194.7 74800
1 3770.65 7541.3 75724.2
6 323.674 323.674 72268.7
5 1900.14 1900.14 73932
7 600.92 600.92 73707.7
39
0 241.292 241.292 66267.9
3 479.873 959.746 66198.1
1 509.23 1018.46 66840
7 858.32 858.32 66906.1
0 96.1445 96.1445 66411.4
1 376.525 753.051 67089.3
8 3168.19 12672.7 69486.6
5 8937.91 35751.6 75473.1
1 1151.23 2302.46 67701.8
3 470.872 470.872 67371
8 10122.6 40490.5 77267.9
9 808.492 808.492 67687
6 3336.58 3336.58 70551.9
5 337.271 674.542 67710.4
0 321.44 321.44 68415.9
7 2028.02 2028.02 70011.3
2 1177.07 1177.07 69345.6
4 719.05 1438.1 69135.9
5 911.943 3647.77 69508.6
1 1697.73 3395.45 70993.7
0 257.621 257.621 69212.7
5 4345.91 17383.6 73295.2
1 3278.88 6557.76 73183
9 1008.6 1008.6 70348.1
0 857.538 857.538 70410.4
3 1142.77 1142.77 71198.4
2 2796.43 11185.7 72762.2
2 1008.15 1008.15 71218.7
8 1118.99 1118.99 71465.1
4 386.945 773.889 70672
2 4035.58 16142.3 74711.4
5 616.757 616.757 71752.6
9 1443.52 1443.52 72447.5
7 440.496 440.496 72006.3
4 1168.61 2337.21 72758.5
0 1508.35 1508.35 73550.6
6 2135.54 2135.54 74762.4
3 1903.61 1903.61 74102.8
8 1178.54 4714.18 73701.3
32
7 862.999 862.999 66774.5
3 510.594 1021.19 66487.6
0 129.403 517.611 66581.2
8 3145.91 12583.7 69894.7
1 413.461 413.461 66595.8
1 218.237 218.237 66724
4 674.053 1348.11 66882
0 710.982 710.982 66990.6
5 1719.31 3438.61 68233
9 704.34 704.34 67371.5
0 136.422 272.844 68363.5
2 617.584 617.584 69300.6
5 1641.07 6564.28 70191.1
0 1033.19 1033.19 69691.1
3 591.356 591.356 69356.8
4 526.64 526.64 69702.1
7 621.485 621.485 69972.2
9 412.776 412.776 70075.6
5 2730.12 10920.5 72485.8
8 1574.99 6299.94 71942
0 176.495 176.495 70485.8
6 2553.54 2553.54 72708.1
2 489.349 1957.4 71377
3 579.294 579.294 71932.7
4 730.916 1461.83 71724.4
0 235.15 235.15 71737.8
9 2155.17 2155.17 73777
8 2826.9 11307.6 74578.2
1 356.744 713.487 72310.3
1 323.674 323.674 72268.7
4 2205.33 2205.33 74237.1
2 2563.39 2563.39 75670.2
33
7 862.711 862.711 66735.4
3 437.259 874.518 67144.3
8 1028.6 2057.21 67746.5
1 373.678 747.355 67493.8
6 630.235 630.235 67386.9
0 273.479 546.958 67339.8
1 1075.33 1075.33 68099.7
0 195.865 195.865 67517.1
0 382.751 382.751 67970.3
7 2026.87 4053.75 70249.3
5 772.546 772.546 69730.2
9 1720.96 1720.96 70238.4
4 800.005 800.005 69398.3
2 749.724 1499.45 69901.7
6 1958.91 1958.91 71141
8 4089.78 16359.1 73310.4
8 2657.3 5314.61 71568.3
1 1047.83 2095.66 70952
3 1008.6 1008.6 70348.1
0 919.974 919.974 70472.8
2 2648.69 2648.69 72704.3
2 5254.02 21016.1 75219.8
7 2388.8 2388.8 72599.3
4 1030.71 1030.71 71376.8
1 3767.55 7535.09 74052.6
8 5048.82 20195.3 75724.6
5 1286.02 1286.02 72421.9
9 1207.83 1207.83 72829.7
5 3306.74 13227 75058
4 1524.68 3049.36 73478.2
3 323.674 323.674 72268.7
0 2450.71 2450.71 74482.5
6 813.788 813.788 73920.6
39
7 862.999 862.999 66774.5
3 510.594 1021.19 66487.6
0 129.403 517.611 66581.2
8 3145.91 12583.7 69894.7
1 413.461 413.461 66595.8
1 218.237 218.237 66724
4 674.053 1348.11 66882
0 710.982 710.982 66990.6
5 1719.31 3438.61 68233
9 704.34 704.34 67371.5
6 2692.98 2692.98 70280.5
2 839.683 1679.37 69062.2
0 772.546 772.546 69730.2
7 864.17 864.17 69381.6
1 698.579 698.579 69296.9
4 637.996 1275.99 69790
0 84.362 84.362 69266.4
2 7447.21 29788.8 76667.8
5 1395.91 2791.83 70306.9
9 412.776 412.776 70075.6
5 6200.06 24800.2 75955.7
8 1574.99 6299.94 71942
2 757.639 757.639 71067
3 1061.43 1061.43 71216
8 3130.75 12523 74018.4
1 579.294 579.294 71932.7
7 1877.38 3754.75 72870.9
0 274.222 274.222 71776.9
4 877.612 1755.22 71906.9
6 2123.46 2123.46 73619.3
5 331.807 663.615 72084.8
9 1383.62 1383.62 73015
4 2125.57 4251.13 73614.2
3 2020.19 2020.19 73914.5
8 6103.65 24414.6 77850.3
2 704.781 1409.56 73460.6
1 2166.6 2166.6 74470.2
5 1937.63 3875.26 74154.4
0 1039.77 1039.77 73980.6
39
0 241.292 241.292 66267.9
3 479.873 959.746 66198.1
1 509.23 1018.46 66840
7 858.32 858.32 66906.1
0 96.1445 96.1445 66411.4
1 376.525 753.051 67089.3
8 3168.19 12672.7 69486.6
8 11409.1 45636.2 77944.2
1 1151.23 2302.46 67701.8
3 470.872 470.872 67371
5 3930.39 15721.5 71075.7
9 808.492 808.492 67687
5 1077.1 1077.1 68292.4
2 1206.12 2412.24 69554.3
7 2150.9 4301.79 70025.3
0 365.636 365.636 68932.3
0 244.034 244.034 69105
6 583.49 583.49 69744.8
3 601.3 601.3 69963.3
9 864.134 864.134 70346.2
1 341.125 341.125 70136.3
4 1463.99 1463.99 71480.8
6 1511.58 1511.58 71924.4
0 639.957 639.957 71223.1
8 910.228 910.228 71558.7
2 852.11 852.11 71508.3
1 2793.02 5586.04 73689.9
7 353.041 706.081 71558.8
3 996.159 996.159 72335.5
9 861.936 861.936 72419.1
5 832.522 832.522 73181
2 895.075 1790.15 72751.9
5 3036.74 6073.48 75380.4
6 2246.97 2246.97 77314.9
0 1498.82 1498.82 74107.5
4 909.51 1819.02 73535.6
2 2641.9 5283.79 75084.9
8 1542.66 1542.66 74364.9
7 761.507 1523.01 73478
29
7 862.711 862.711 66735.4
3 437.259 874.518 67144.3
8 1028.6 2057.21 67746.5
1 373.678 747.355 67493.8
6 630.235 630.235 67386.9
0 273.479 546.958 67339.8
1 1075.33 1075.33 68099.7
0 195.865 195.865 67517.1
0 114.359 114.359 67990.2
5 442.753 442.753 69652.3
2 1346.42 5385.67 70451.2
3 358.906 358.906 69614.4
0 518.884 1037.77 70423.1
7 1008.6 1008.6 70348.1
0 919.974 919.974 70472.8
0 208.448 208.448 70264.1
8 490.265 1961.06 70456
9 325.681 325.681 70536.2
6 2076.77 2076.77 72422.9
2 3988.08 7976.16 74273.1
8 1729.41 6917.65 72405.2
3 722.561 722.561 71858.4
5 747.712 747.712 71751.7
7 2261.96 2261.96 73827.7
4 1357.46 2714.91 72947.4
1 632.33 632.33 72674.6
0 2135.54 2135.54 74762.4
9 2041.82 2041.82 74241
5 1821.06 7284.25 74343.8
35
0 241.292 241.292 66267.9
3 479.873 959.746 66198.1
1 509.23 1018.46 66840
7 858.32 858.32 66906.1
0 96.1445 96.1445 66411.4
1 376.525 753.051 67089.3
8 3168.19 12672.7 69486.6
5 8972.24 35889 75507.4
1 1151.23 2302.46 67701.8
3 470.872 470.872 67371
8 6927.2 27708.8 74072.5
9 808.492 808.492 67687
5 1077.1 1077.1 68292.4
2 1206.12 2412.24 69554.3
7 2150.9 4301.79 70025.3
0 365.636 365.636 68932.3
0 244.034 244.034 69105
6 583.49 583.49 69744.8
3 601.3 601.3 69963.3
5 882.494 3529.98 70236
1 1059.06 1059.06 70877.2
0 170.653 170.653 70033.1
4 1048.07 2096.14 71516.7
0 1480.71 1480.71 71896.7
8 1532.82 3065.64 71970.4
1 3129.93 6259.87 73504.9
7 2818.84 5637.68 73512.8
2 817.291 817.291 71918.1
6 840.218 840.218 71844.2
3 483.062 483.062 72048.8
5 867.904 1735.81 72457.8
9 470.112 470.112 72512.4
6 1465.07 1465.07 74091.9
4 1483.81 1483.81 73683
2 1746.1 6984.39 74268.9
38
1 849.189 849.189 66762.8
2 292.801 292.801 66288
0 1014.7 1014.7 67641.2
0 71.4152 71.4152 66751
4 910.814 1821.63 67895
5 1196.29 1196.29 68467.6
7 2114.59 4229.17 69513.7
8 1564.18 3128.35 68701
9 525.122 525.122 68112.6
2 1009.5 2019 69232
1 772.546 772.546 69730.2
3 1199.38 1199.38 69716.8
6 2770.27 2770.27 71368.6
4 1686.7 3373.39 70838.7
0 1468.66 1468.66 70650.7
8 10451.9 41807.8 79672.6
7 2676.64 5353.27 71587.6
5 943.826 3775.3 70717.5
2 8222.42 32889.7 78490.4
8 784.433 1568.87 70788.8
2 1063.39 2126.79 71119.4
9 1754.53 1754.53 72136.9
8 2248.57 4497.15 73162.4
1 917.677 1835.35 71748.5
8 6869.03 13738.1 77930.5
4 3774.46 7548.91 75036.9
3 1367.94 1367.94 72739
2 9967.63 39870.5 81197.2
2 4246.37 16985.5 75924.5
4 1265.36 1265.36 72888
0 1181.59 1181.59 72974.5
6 2297.05 2297.05 74018.2
5 4042.26 8084.51 75819.3
5 6777.04 27108.2 78826
5 879.349 879.349 72987.1
2 249.374 997.495 73203.4
1 996.072 996.072 73981.7
7 248.143 496.285 73352
36
7 862.999 862.999 66774.5
3 510.594 1021.19 66487.6
0 129.403 517.611 66581.2
8 3145.91 12583.7 69894.7
1 413.461 413.461 66595.8
1 218.237 218.237 66724
4 674.053 1348.11 66882
0 710.982 710.982 66990.6
5 1719.31 3438.61 68233
9 704.34 704.34 67371.5
1 927.788 1855.58 69275.9
2 793.913 1587.83 68668.3
3 365.636 365.636 68932.3
0 244.034 244.034 69105
4 583.49 583.49 69744.8
7 601.3 601.3 69963.3
5 768.199 3072.8 70121.7
6 931.894 931.894 70750
0 170.653 170.653 70033.1
1 928.929 1857.86 71397.5
2 1757.97 1757.97 72173.9
8 2261.61 4523.22 72699.2
7 2961.19 5922.37 73336.1
4 1096.87 2193.73 71790.8
0 678.936 678.936 71779.7
5 1362.08 5448.32 72591.6
2 3251.65 13006.6 74929.8
3 735.538 735.538 72358.2
9 431.549 431.549 72224.4
0 2905.19 2905.19 74626.4
4 2845.95 5691.9 74623
5 5203.97 20815.9 77252.9
6 1261.75 1261.75 73369.5
8 2589.89 10359.5 75543.9
1 417.43 417.43 73403
5 1735.51 3471.03 74839.4
32
1 849.189 849.189 66762.8
2 292.801 292.801 66288
0 1014.7 1014.7 67641.2
0 71.4152 71.4152 66751
4 910.814 1821.63 67895
5 1196.29 1196.29 68467.6
7 2114.59 4229.17 69513.7
8 1564.18 3128.35 68701
2 430.132 860.264 68657.2
1 617.584 617.584 69300.6
8 3136.29 12545.1 71686.4
3 1033.19 1033.19 69691.1
9 309.414 309.414 69074.9
6 1819.93 1819.93 70995.3
0 621.485 621.485 69972.2
5 943.826 3775.3 70717.5
8 5648.27 22593.1 75916.2
4 1858.69 3717.39 71863
2 488.656 977.312 70544.7
9 2273.87 2273.87 72656.3
1 1457.79 2915.59 72371.7
7 1632.19 3264.38 72463
1 6078.25 12156.5 77139.7
4 3348.05 6696.11 74610.5
2 1515.71 1515.71 72886.7
3 786.55 786.55 71790.5
0 491.959 491.959 72057.7
8 1814.3 3628.61 73404.2
5 1815.46 1815.46 73857.7
3 1411.4 1411.4 74038.3
6 1899 1899 74098.2
2 2351.73 9406.92 74874.5
41
7 862.999 862.999 66774.5
3 510.594 1021.19 66487.6
0 129.403 517.611 66581.2
8 3145.91 12583.7 69894.7
1 413.461 413.461 66595.8
1 218.237 218.237 66724
4 674.053 1348.11 66882
0 710.982 710.982 66990.6
5 1719.31 3438.61 68233
9 704.34 704.34 67371.5
6 2692.98 2692.98 70280.5
2 839.683 1679.37 69062.2
0 772.546 772.546 69730.2
7 864.17 864.17 69381.6
1 698.579 698.579 69296.9
4 637.996 1275.99 69790
0 84.362 84.362 69266.4
8 4913.64 19654.5 74134.3
1 2485.14 4970.28 71396.1
5 721.313 2885.25 70495
8 6378.28 25513.1 76646.2
5 2578.47 5156.94 72582.8
2 893.577 1787.15 70949.6
9 1754.53 1754.53 72136.9
7 2859.65 5719.3 73773.5
7 569.077 1138.15 71399.9
4 5243.71 10487.4 76305.2
4 676.384 1352.77 71938.8
0 256.775 256.775 71627.8
8 1186.4 2372.81 72392.2
0 538.611 538.611 71877.9
6 594.87 594.87 72152
0 2735.5 2735.5 75084
2 891.228 1782.46 72748
5 2993.38 5986.77 75337.1
9 2459.49 2459.49 77527.4
3 1241.74 1241.74 73850.4
1 2482.05 4964.1 75108.1
4 1041.83 2083.65 73484.9
1 404.38 404.38 73226.6
2 1534.52 3069.04 74251
28
1 849.189 849.189 66762.8
2 292.801 292.801 66288
0 1014.7 1014.7 67641.2
0 71.4152 71.4152 66751
4 910.814 1821.63 67895
5 1196.29 1196.29 68467.6
7 2114.59 4229.17 69513.7
8 1564.18 3128.35 68701
0 78.1829 78.1829 67954
1 442.753 442.753 69652.3
2 1349.72 5398.9 70454.5
0 358.906 358.906 69614.4
5 943.826 3775.3 70717.5
8 5894.37 23577.5 76162.3
4 1858.69 3717.39 71863
8 993.932 1987.86 71049.9
6 565.149 565.149 70947.6
2 1914.34 3828.68 72828.2
7 1632.19 3264.38 72463
4 4803.31 9606.63 75864.8
1 1082.73 2165.45 72345.1
0 256.775 256.775 71627.8
0 2155.17 2155.17 73777
2 4984.41 19937.6 76735.7
8 1649.67 3299.34 73603.2
9 844.184 844.184 72789.2
5 1785.19 1785.19 73817
6 546.88 546.88 73653.7
37
1 849.189 849.189 66762.8
2 292.801 292.801 66288
0 1014.7 1014.7 67641.2
0 71.4152 71.4152 66751
4 910.814 1821.63 67895
5 1196.29 1196.29 68467.6
7 2114.59 4229.17 69513.7
8 1564.18 3128.35 68701
2 1429.15 2858.3 68802.3
0 225.645 225.645 68320.1
9 547.364 547.364 68530.7
1 485.244 485.244 68653.8
1 1742.67 3485.35 70159.6
2 5865.65 23462.6 74462.3
4 1156.92 2313.83 70452.9
6 2205.93 2205.93 71161
8 1294.28 5177.11 70243.6
0 412.776 412.776 70075.6
2 848.001 3392 70603.7
5 147.91 591.641 70514.9
0 176.495 176.495 70485.8
9 598.575 598.575 70753.1
5 1703.68 6814.7 72591.3
7 435.411 435.411 71788.9
4 1398.34 2796.69 72391.8
0 1313.04 1313.04 72815.7
1 2306.71 4613.42 73336
8 1438.73 1438.73 72934.6
1 184.45 368.9 71937.4
3 1793.87 1793.87 73425.3
4 3054.23 6108.45 74542.9
2 711.66 711.66 72606
8 3919.35 15677.4 75666
7 1898.71 3797.41 74654.6
9 738.176 738.176 73041.8
5 4186.97 8373.94 76403.7
6 1844.29 1844.29 74785.1
40
0 241.292 241.292 66267.9
3 479.873 959.746 66198.1
1 509.23 1018.46 66840
7 858.32 858.32 66906.1
0 96.1445 96.1445 66411.4
1 376.525 753.051 67089.3
8 3168.19 12672.7 69486.6
2 8730.15 34920.6 75265.3
1 1151.23 2302.46 67701.8
3 470.872 470.872 67371
8 10387.8 41551 77533
9 808.492 808.492 67687
5 1077.1 1077.1 68292.4
2 981.167 1962.33 69208.3
0 617.584 617.584 69300.6
8 3160.85 12643.4 71710.9
7 976.876 976.876 69634.8
4 591.356 591.356 69356.8
3 526.64 526.64 69702.1
6 621.485 621.485 69972.2
5 882.494 3529.98 70236
1 1059.06 1059.06 70877.2
0 170.653 170.653 70033.1
2 1151.35 2302.7 71620
0 925.436 925.436 71341.4
4 736.377 1472.75 71173.9
2 3236.05 6472.1 73611
7 986.885 1973.77 71680.8
3 622.272 622.272 71723.1
5 974.856 1949.71 72004.1
6 1462.04 1462.04 72957.9
4 1198.82 2397.65 72951.8
9 819.836 819.836 72451.2
5 2222.81 4445.62 73711.5
7 3860.12 3860.12 75754.4
5 4051.45 16205.8 75798.1
8 1210.58 2421.16 73966.4
1 368.787 368.787 72672.4
1 3158.71 6317.41 75375.5
0 604.253 604.253 73545.1
31
7 862.711 862.711 66735.4
3 437.259 874.518 67144.3
8 1028.6 2057.21 67746.5
1 373.678 747.355 67493.8
6 630.235 630.235 67386.9
0 273.479 546.958 67339.8
1 1075.33 1075.33 68099.7
0 195.865 195.865 67517.1
0 114.359 114.359 67990.2
5 442.753 442.753 69652.3
2 1346.42 5385.67 70451.2
3 358.906 358.906 69614.4
9 838.883 838.883 70321
6 341.125 341.125 70136.3
0 658.604 658.604 70675.4
1 1431.41 1431.41 71844.3
4 708.425 708.425 71291.5
7 423.151 423.151 71071.6
0 143.486 143.486 70799.6
5 1552.8 3105.61 72449.6
8 1575.17 6300.68 72804.7
2 4326.44 17305.8 76004.6
3 735.538 735.538 72358.2
6 2136.35 2136.35 73929.2
9 1446.45 1446.45 73167.6
2 1506.41 3012.81 73283.5
8 3169.26 12677.1 75218.2
0 2274.88 2274.88 74382.6
5 1874.81 7499.22 74828.8
7 1475.08 1475.08 74460.7
0 300.145 600.291 73404
32
7 862.711 862.711 66735.4
3 437.259 874.518 67144.3
8 1028.6 2057.21 67746.5
1 373.678 747.355 67493.8
6 630.235 630.235 67386.9
0 273.479 546.958 67339.8
1 1075.33 1075.33 68099.7
0 195.865 195.865 67517.1
0 114.359 114.359 67990.2
5 442.753 442.753 69652.3
2 1346.42 5385.67 70451.2
3 358.906 358.906 69614.4
0 412.776 412.776 70075.6
8 608.369 2433.48 70364
2 5579.61 22318.4 75946.6
0 176.495 176.495 70485.8
4 598.575 598.575 70753.1
5 841.023 3364.09 71728.7
7 579.294 579.294 71932.7
1 1431.32 2862.64 72424.8
6 727.947 727.947 72230.6
4 1785.98 3571.95 72815.3
3 1465.06 1465.06 72960.9
8 388.936 777.871 72141.9
0 243.809 243.809 71875.2
2 2030.4 4060.79 73519.1
0 680.388 680.388 72574.7
5 6017.62 24070.5 77764.2
7 2042.59 4085.18 74798.4
9 1660 1660 73963.6
8 1994.76 3989.51 74211.5
5 991.517 991.517 73932.4
36
7 862.711 862.711 66735.4
3 437.259 874.518 67144.3
8 1028.6 2057.21 67746.5
1 373.678 747.355 67493.8
6 630.235 630.235 67386.9
0 273.479 546.958 67339.8
1 1075.33 1075.33 68099.7
0 195.865 195.865 67517.1
0 382.751 382.751 67970.3
7 2026.87 4053.75 70249.3
5 772.546 772.546 69730.2
9 1720.96 1720.96 70238.4
4 800.005 800.005 69398.3
2 749.724 1499.45 69901.7
6 1958.91 1958.91 71141
2 7053.79 28215.2 76274.4
8 2657.3 5314.61 71568.3
0 864.134 864.134 70346.2
1 341.125 341.125 70136.3
3 658.604 658.604 70675.4
5 1496.99 1496.99 71909.8
1 2671.91 2671.91 73255
4 821.945 821.945 71470.4
2 1435.95 1435.95 72092.1
5 4566.57 9133.15 75463.4
2 2867.63 11470.5 74097.2
8 6754.86 27019.4 78433
9 1465.62 1465.62 73088.3
7 647.81 647.81 72440.7
0 1471.7 1471.7 73192.9
4 1649.78 3299.57 73426.8
5 5827.97 23311.9 77876.9
3 2274.88 2274.88 74382.6
8 2757.86 11031.5 75711.9
6 1475.08 1475.08 74460.7
8 228.809 457.619 73332.7
29
1 849.189 849.189 66762.8
2 292.801 292.801 66288
0 1014.7 1014.7 67641.2
0 71.4152 71.4152 66751
4 910.814 1821.63 67895
5 1196.29 1196.29 68467.6
7 2114.59 4229.17 69513.7
8 1564.18 3128.35 68701
2 430.132 860.264 68657.2
1 617.584 617.584 69300.6
2 4707.29 18829.1 73257.4
3 1033.19 1033.19 69691.1
9 309.414 309.414 69074.9
6 1819.93 1819.93 70995.3
0 621.485 621.485 69972.2
4 864.134 864.134 70346.2
5 1440.61 1440.61 71235.8
2 1016.23 1016.23 71033.1
8 467.752 467.752 70880.6
9 1295.43 1295.43 71878.5
1 1015.71 1015.71 71664.2
7 279.865 279.865 70936
4 2124.05 4248.09 73020.9
3 2155.17 2155.17 73777
5 2647.8 10591.2 74399.1
7 1083.88 2167.76 73037.5
0 673.027 673.027 72618
8 2661.14 2661.14 74693
6 546.88 546.88 73653.7
34
7 862.711 862.711 66735.4
3 437.259 874.518 67144.3
8 1028.6 2057.21 67746.5
1 373.678 747.355 67493.8
6 630.235 630.235 67386.9
0 273.479 546.958 67339.8
1 1075.33 1075.33 68099.7
0 195.865 195.865 67517.1
0 382.751 382.751 67970.3
7 2026.87 4053.75 70249.3
5 772.546 772.546 69730.2
9 1720.96 1720.96 70238.4
4 800.005 800.005 69398.3
2 749.724 1499.45 69901.7
6 1958.91 1958.91 71141
8 4089.78 16359.1 73310.4
8 2657.3 5314.61 71568.3
8 5798.71 23194.8 75572.4
2 4348.46 17393.8 74616.4
0 174.303 348.607 70178.6
4 1291.49 2582.99 71347.5
0 1754.53 1754.53 72136.9
5 3289.42 6578.83 74203.3
1 1175.43 2350.85 72006.2
7 3197.1 6394.21 74258.5
2 788.112 1576.22 72050.5
0 256.775 256.775 71627.8
5 825.621 825.621 71829.6
6 2542.16 2542.16 74107.9
7 377.281 754.562 71967.2
9 1336.34 1336.34 73378.6
3 2550.34 2550.34 75177.2
4 2052.75 2052.75 74252
5 5036.27 20145.1 77559
34
7 862.711 862.711 66735.4
3 437.259 874.518 67144.3
8 1028.6 2057.21 67746.5
1 373.678 747.355 67493.8
6 630.235 630.235 67386.9
0 273.479 546.958 67339.8
1 1075.33 1075.33 68099.7
0 195.865 195.865 67517.1
0 382.751 382.751 67970.3
7 2026.87 4053.75 70249.3
5 772.546 772.546 69730.2
9 1720.96 1720.96 70238.4
4 800.005 800.005 69398.3
2 749.724 1499.45 69901.7
6 1958.91 1958.91 71141
8 4089.78 16359.1 73310.4
8 2657.3 5314.61 71568.3
1 1047.83 2095.66 70952
3 1008.6 1008.6 70348.1
0 919.974 919.974 70472.8
9 3038.41 3038.41 73094
8 5428.72 21714.9 75394.5
6 3783.46 3783.46 73994
4 1030.71 1030.71 71376.8
4 3165.73 6331.46 73450.7
5 7511.73 30046.9 78187.6
2 1377.57 1377.57 72513.4
5 825.621 825.621 71829.6
0 2386.7 2386.7 73952.5
7 377.281 754.562 71967.2
3 1446.05 1446.05 73488.3
5 1450.47 1450.47 74077.3
1 919.12 919.12 73118.3
2 1816.16 7264.63 74338.9
31
7 862.711 862.711 66735.4
3 437.259 874.518 67144.3
8 1028.6 2057.21 67746.5
1 373.678 747.355 67493.8
6 630.235 630.235 67386.9
0 273.479 546.958 67339.8
1 1075.33 1075.33 68099.7
0 195.865 195.865 67517.1
7 1834.35 3668.7 70182.5
5 1356.98 2713.96 69231.4
0 276.193 276.193 68842.8
9 876.563 876.563 69737.5
4 978.955 978.955 70140.3
2 601.3 601.3 69963.3
8 1507.18 6028.73 71280.9
2 1777.59 7110.35 72045.5
0 174.303 348.607 70178.6
5 1408.54 2817.09 71464.6
0 1754.53 1754.53 72136.9
1 1638.44 3276.89 72552.3
4 1327.74 2655.48 72158.5
4 5098.79 10197.6 76160.2
2 2931.93 5863.87 74194.3
0 256.775 256.775 71627.8
6 1841.07 1841.07 72845.1
9 643.599 643.599 72209.4
7 814.407 1628.81 72404.3
5 1832.83 1832.83 73875.1
3 2550.34 2550.34 75177.2
8 1247.98 1247.98 73447.2
8 3516.55 14066.2 76039.3
35
7 862.711 862.711 66735.4
3 437.259 874.518 67144.3
8 1028.6 2057.21 67746.5
1 373.678 747.355 67493.8
6 630.235 630.235 67386.9
0 273.479 546.958 67339.8
1 1075.33 1075.33 68099.7
0 195.865 195.865 67517.1
7 1442.6 2885.19 69669.7
0 757.846 757.846 69440.9
5 552.36 2209.44 69102.4
9 1534.13 1534.13 70192.1
4 373.304 373.304 69138.8
2 526.64 526.64 69702.1
3 621.485 621.485 69972.2
1 412.776 412.776 70075.6
8 2507.1 10028.4 72262.8
2 6015.46 24061.8 76382.5
0 176.495 176.495 70485.8
5 989.067 989.067 71143.6
5 5017.38 20069.5 75905
4 579.294 579.294 71932.7
7 698.557 1397.11 71692
0 1272.63 1272.63 72775.3
2 477.589 1910.36 71707.1
8 6150.49 24602 77828.6
3 625.691 625.691 72248.4
1 606.453 606.453 72399.3
9 1875.6 1875.6 73596.8
5 2051.59 4103.18 73828.6
5 7326.32 29305.3 79375.3
6 1897.09 1897.09 74004.8
8 2153.49 8613.98 75107.5
7 1443.15 1443.15 74428.8
2 851.023 1702.05 73954.9
32
1 849.189 849.189 66762.8
2 292.801 292.801 66288
0 1014.7 1014.7 67641.2
0 71.4152 71.4152 66751
4 910.814 1821.63 67895
5 1196.29 1196.29 68467.6
7 2114.59 4229.17 69513.7
8 1564.18 3128.35 68701
0 78.1829 78.1829 67954
1 442.753 442.753 69652.3
2 1349.72 5398.9 70454.5
0 358.906 358.906 69614.4
9 838.883 838.883 70321
6 921.172 921.172 70716.3
3 658.604 658.604 70675.4
4 1431.41 1431.41 71844.3
5 708.425 708.425 71291.5
8 1682.76 1682.76 72331.2
7 279.865 279.865 70936
1 1552.8 3105.61 72449.6
1 3315.93 6631.87 74521.7
0 538.611 538.611 71877.9
9 594.87 594.87 72152
2 2011.89 2011.89 74360.4
7 322.829 645.659 72179.6
4 2254.82 4509.64 74598.5
6 1078.66 1078.66 76146.6
0 206.487 206.487 72815.2
8 2001.22 4002.44 74627.3
5 1159.32 2318.63 73602.3
0 1568.79 1568.79 74391
7 966.12 1932.24 73682.6
35
0 241.292 241.292 66267.9
3 479.873 959.746 66198.1
1 509.23 1018.46 66840
7 858.32 858.32 66906.1
0 96.1445 96.1445 66411.4
1 376.525 753.051 67089.3
8 3168.19 12672.7 69486.6
5 8647.07 34588.3 75182.2
1 1151.23 2302.46 67701.8
3 470.872 470.872 67371
8 11322.2 45288.9 78467.5
9 808.492 808.492 67687
5 1077.1 1077.1 68292.4
2 981.167 1962.33 69208.3
0 617.584 617.584 69300.6
5 1966.64 7866.56 70516.7
7 976.876 976.876 69634.8
4 591.356 591.356 69356.8
3 526.64 526.64 69702.1
6 621.485 621.485 69972.2
9 412.776 412.776 70075.6
2 6388.76 25555 76144.4
8 1802.78 7211.1 72169.8
1 1931.35 1931.35 72240.7
2 1094.9 1094.9 71249.5
8 3358.54 13434.2 74246.2
0 579.294 579.294 71932.7
0 430.907 861.814 71424.4
7 178.838 178.838 71681.5
3 2155.17 2155.17 73777
5 853.675 3414.7 72605
4 2024.11 4048.22 73977.7
9 323.674 323.674 72268.7
6 369.657 369.657 72401.5
2 249.329 249.329 73356.1
