38
6 384.016 384.016 66119.7
2 163.906 327.812 66296.8
1 136.788 273.577 66901
11 1305.52 5222.08 67952.1
0 793.929 793.929 67780.9
5 1104.56 4418.22 67668.5
7 314.971 314.971 67215.5
10 902.9 1805.8 67987.4
8 1153.71 1153.71 68043.5
4 2015.68 4031.36 69017.6
6 2278.86 4557.72 69757.4
9 1518.7 1518.7 68996.2
2 1598.89 3197.77 69098.5
3 183.29 183.29 67770.8
1 1638.63 3277.25 69861.1
7 772.546 772.546 69730.2
5 1095.18 1095.18 69612.6
3 1230.97 1230.97 69829.3
0 1821.27 3642.54 70973.2
11 1618.83 1618.83 70800.9
10 1398.9 5595.62 70619.5
8 2954.31 5908.63 71865.3
9 2016.46 8065.83 71790.1
4 2616.32 10465.3 72884.3
2 1181.96 2363.93 71186.3
5 1905.58 3811.16 71961.6
7 1580.71 1580.71 71963.1
6 2631.45 5262.89 73545.3
3 2481.56 4963.13 73312.3
1 1090.97 2181.95 72152.4
10 2285.94 4571.88 73548.4
11 1771.94 1771.94 73143
0 2270.89 2270.89 73892.7
2 2598.36 10393.4 74349.7
9 2970.17 5940.34 74923.7
8 1830.31 1830.31 73775.3
5 2442.52 2442.52 74474.3
7 3149.51 3149.51 76256.3
39
7 429.314 429.314 66456
2 160.277 320.555 65878.5
1 238.384 476.769 66569.1
6 1333.67 1333.67 67381.4
3 497.418 497.418 66812.7
10 290.821 581.642 67003.6
5 1154.09 4616.37 67472.5
8 903.794 3615.18 67438.9
11 1374.5 2749 67925.1
4 532.183 532.183 67432.3
2 835.329 3341.32 67980.6
0 329.14 329.14 67207.6
9 1308.32 1308.32 68523.6
7 3652.58 7305.16 71025.8
1 677.574 677.574 68772
3 906.305 906.305 68889.6
10 914.991 914.991 69083.5
0 837.342 1674.68 69254.2
6 1566.03 6264.12 70162.7
4 690.547 1381.09 69986.5
8 257.621 257.621 69212.7
5 1134.24 4536.94 70083.6
11 873.254 1746.51 70777.4
2 1419.66 1419.66 70759.2
9 1682.77 1682.77 71235.6
1 925.624 925.624 70981.2
3 467.36 1869.44 70433.1
10 746.072 746.072 70956.6
8 918.837 918.837 71264.9
0 505.237 1010.47 70790.2
4 2232.35 8929.39 72908.2
5 1639.38 1639.38 72775.2
6 2155.66 2155.66 73159.7
3 862.265 862.265 72428
2 1693.55 3387.11 73283.5
11 1875.38 1875.38 73917.7
0 2135.54 2135.54 74762.4
10 2395.56 2395.56 74594.8
7 1275.95 5103.78 73798.7
32
7 862.999 862.999 66774.5
1 317.143 634.286 66294.2
2 129.403 517.611 66581.2
5 1080.63 4322.52 67829.4
11 529.741 529.741 66712
0 222.037 222.037 66727.8
4 674.053 1348.11 66882
3 1115.54 1115.54 67395.2
10 418.552 837.105 66932.2
9 704.34 704.34 67371.5
1 136.422 272.844 68363.5
0 617.584 617.584 69300.6
2 158.714 634.856 68708.8
4 1033.19 1033.19 69691.1
7 591.356 591.356 69356.8
3 526.64 526.64 69702.1
9 621.485 621.485 69972.2
5 412.776 412.776 70075.6
11 608.369 2433.48 70364
8 2282.53 9130.14 72649.6
10 176.495 176.495 70485.8
1 598.575 598.575 70753.1
2 1498.89 5995.56 72386.5
0 579.294 579.294 71932.7
7 430.907 861.814 71424.4
6 1157.43 1157.43 72660.1
3 2155.17 2155.17 73777
5 699.885 2799.54 72451.2
4 506.68 1013.36 72460.2
10 323.674 323.674 72268.7
11 487.702 487.702 72519.5
1 546.88 546.88 73653.7
33
7 862.711 862.711 66735.4
2 41.8641 83.7281 66748.9
8 1028.6 2057.21 67746.5
1 256.355 512.711 67376.5
6 630.235 630.235 67386.9
10 146.251 292.501 67212.6
0 1223.32 1223.32 68247.7
4 392.961 392.961 67714.2
5 472.967 472.967 68060.5
11 443.86 887.72 68666.3
2 772.546 772.546 69730.2
7 864.17 864.17 69381.6
10 698.579 698.579 69296.9
1 632.402 1264.8 69784.4
3 539.823 539.823 69721.9
4 235.62 942.482 69456.2
8 2657.3 5314.61 71568.3
5 1018.58 2037.16 70922.8
6 1008.6 1008.6 70348.1
9 1446.52 1446.52 70999.4
0 208.448 208.448 70264.1
11 784.652 3138.61 70750.4
10 1635.2 1635.2 71845.7
7 1968.1 1968.1 72314.2
4 1245.16 2490.32 71530.2
3 1967.75 7871.02 72643.6
2 1286.02 1286.02 72421.9
1 2155.17 2155.17 73777
0 1035.3 4141.22 72786.6
11 359.961 719.922 72313.5
6 323.674 323.674 72268.7
5 1990.43 1990.43 74022.2
9 546.88 546.88 73653.7
39
7 862.999 862.999 66774.5
1 317.143 634.286 66294.2
2 129.403 517.611 66581.2
5 1080.63 4322.52 67829.4
11 529.741 529.741 66712
0 222.037 222.037 66727.8
4 674.053 1348.11 66882
3 1115.54 1115.54 67395.2
10 418.552 837.105 66932.2
9 704.34 704.34 67371.5
6 2692.98 2692.98 70280.5
1 442.394 884.787 68664.9
0 772.546 772.546 69730.2
7 864.17 864.17 69381.6
2 698.579 698.579 69296.9
4 637.996 1275.99 69790
10 84.362 84.362 69266.4
11 271.872 1087.49 69492.5
8 3205.87 6411.73 72116.9
3 412.776 412.776 70075.6
5 608.369 2433.48 70364
1 725.401 2901.6 71092.4
9 176.495 176.495 70485.8
10 1061.43 1061.43 71216
2 1914.39 7657.55 72802
7 579.294 579.294 71932.7
11 521.354 1042.71 71514.8
0 274.222 274.222 71776.9
4 877.612 1755.22 71906.9
3 1668.36 1668.36 73164.2
6 305.381 610.762 72058.4
5 717.643 717.643 72349
9 1148.23 2296.46 72636.9
1 2623.69 2623.69 74518
10 1610.01 6440.04 73356.6
11 1152.64 2305.29 73908.5
0 2524.44 2524.44 74828
4 1759.73 3519.46 73976.5
7 1587.03 1587.03 74527.9
39
7 429.314 429.314 66456
2 160.277 320.555 65878.5
1 238.384 476.769 66569.1
6 1333.67 1333.67 67381.4
3 497.418 497.418 66812.7
10 290.821 581.642 67003.6
5 1154.09 4616.37 67472.5
8 903.794 3615.18 67438.9
11 1374.5 2749 67925.1
4 532.183 532.183 67432.3
2 835.329 3341.32 67980.6
0 329.14 329.14 67207.6
9 1308.32 1308.32 68523.6
7 3096.87 6193.73 71445
1 1233.9 2467.8 69108.3
3 613.301 613.301 69179.9
0 244.034 244.034 69105
10 583.49 583.49 69744.8
4 601.3 601.3 69963.3
2 623.235 623.235 70105.3
8 341.125 341.125 70136.3
5 658.604 658.604 70675.4
6 1431.41 1431.41 71844.3
9 708.425 708.425 71291.5
0 423.151 423.151 71071.6
1 143.486 143.486 70799.6
11 153.033 306.067 71049.9
10 2455.1 4910.21 73660.9
3 538.611 538.611 71877.9
2 594.87 594.87 72152
8 2011.46 2011.46 74360
4 559.044 1118.09 72415.9
5 2042.35 4084.69 74386.1
1 2845.76 2845.76 77913.7
11 410.542 410.542 73019.2
0 741.611 1483.22 73367.7
9 1159.32 2318.63 73602.3
7 1428.97 1428.97 74251.2
6 2210 4420 74926.5
29
7 862.711 862.711 66735.4
2 41.8641 83.7281 66748.9
8 1028.6 2057.21 67746.5
1 256.355 512.711 67376.5
6 630.235 630.235 67386.9
10 146.251 292.501 67212.6
0 1223.32 1223.32 68247.7
4 392.961 392.961 67714.2
3 479.232 479.232 68355.1
2 442.753 442.753 69652.3
11 1471.51 5886.03 70576.3
1 358.906 358.906 69614.4
4 518.884 1037.77 70423.1
6 1008.6 1008.6 70348.1
8 919.974 919.974 70472.8
10 208.448 208.448 70264.1
5 493.315 1973.26 70459.1
9 325.681 325.681 70536.2
3 261.179 261.179 70607.3
7 2455.93 4911.85 72740.9
1 1352.85 5411.4 72028.7
0 532.633 532.633 71668.5
2 747.712 747.712 71751.7
10 1665.24 1665.24 73231
6 1282.49 2564.99 72872.4
4 1521.01 1521.01 73563.3
8 527.276 527.276 73154.1
3 2041.82 2041.82 74241
5 939.161 3756.65 73461.9
35
7 429.314 429.314 66456
2 160.277 320.555 65878.5
1 238.384 476.769 66569.1
6 1333.67 1333.67 67381.4
3 497.418 497.418 66812.7
10 290.821 581.642 67003.6
5 1154.09 4616.37 67472.5
8 903.794 3615.18 67438.9
11 1374.5 2749 67925.1
4 532.183 532.183 67432.3
2 835.329 3341.32 67980.6
0 329.14 329.14 67207.6
9 1308.32 1308.32 68523.6
7 3096.87 6193.73 71445
1 1233.9 2467.8 69108.3
3 613.301 613.301 69179.9
0 244.034 244.034 69105
10 583.49 583.49 69744.8
4 601.3 601.3 69963.3
5 560.149 2240.6 69913.6
8 1059.06 1059.06 70877.2
11 170.653 170.653 70033.1
2 1000.33 2000.66 71468.9
6 1316.29 1316.29 71732.3
0 978.282 1956.56 71415.8
1 2240.09 4480.17 72615
3 1435.26 2870.52 72129.2
9 678.936 678.936 71779.7
10 840.218 840.218 71844.2
5 643.599 643.599 72209.4
11 420.342 840.685 72010.3
4 999.48 999.48 73041.7
8 2135.54 2135.54 74762.4
0 2854.79 2854.79 75054
7 909.99 3639.96 73432.7
38
1 849.189 849.189 66762.8
2 147.601 147.601 66142.8
11 896.586 896.586 67523.1
3 216.765 216.765 66896.4
4 910.814 1821.63 67895
0 584.385 584.385 67855.7
10 543.675 1087.35 67942.8
7 829.663 1659.33 67966.4
5 472.967 472.967 68060.5
2 442.394 884.787 68664.9
1 772.546 772.546 69730.2
3 1199.38 1199.38 69716.8
9 1272.24 1272.24 69870.6
8 2642.04 5284.09 71794
6 2254.24 2254.24 71436.3
11 271.872 1087.49 69492.5
0 1442.54 2885.08 70353.5
4 371.165 1484.66 70144.8
5 667.631 2670.52 70935.6
7 174.303 348.607 70178.6
10 530.623 1061.25 70586.6
2 1754.53 1754.53 72136.9
11 2478.55 4957.09 73392.4
3 904.284 1808.57 71735.1
1 1989.52 3979.04 73051
9 2274.3 4548.6 73536.7
4 1795.99 1795.99 73167
7 2701.62 10806.5 73931.2
0 2084.78 8339.12 73762.9
10 1676.26 1676.26 73298.9
5 2152.43 2152.43 73945.3
6 2623.88 2623.88 74345.1
3 2790.23 5580.46 74567.3
8 1870.97 7483.9 73919.9
2 1750.68 1750.68 73858.4
1 2941.68 11766.7 75895.7
4 2918.13 2918.13 75903.7
10 3135.52 6271.04 76239.4
36
7 862.999 862.999 66774.5
1 317.143 634.286 66294.2
2 129.403 517.611 66581.2
5 1080.63 4322.52 67829.4
11 529.741 529.741 66712
0 222.037 222.037 66727.8
4 674.053 1348.11 66882
3 1115.54 1115.54 67395.2
10 418.552 837.105 66932.2
9 704.34 704.34 67371.5
1 560.142 1120.28 68908.3
8 3204.71 6409.41 71079.1
0 365.636 365.636 68932.3
4 244.034 244.034 69105
2 583.49 583.49 69744.8
3 601.3 601.3 69963.3
5 560.149 2240.6 69913.6
6 931.894 931.894 70750
10 170.653 170.653 70033.1
11 553.818 1107.64 71022.4
7 678.332 678.332 71094.3
1 616.698 1233.4 71054.3
4 1696.71 3393.43 72071.7
2 1096.87 2193.73 71790.8
0 678.936 678.936 71779.7
5 1154.03 4616.12 72383.6
10 1333.36 5333.43 73011.5
3 438.543 438.543 72061.2
9 301.678 301.678 72094.5
6 1875.48 1875.48 73596.7
11 1293.49 2586.97 73070.5
1 1597.68 6390.71 73646.6
8 2618.2 2618.2 74725.9
7 1618.29 6473.14 74572.3
0 1501.76 1501.76 74487.4
2 2683.23 5366.47 75787.1
32
1 849.189 849.189 66762.8
2 147.601 147.601 66142.8
11 896.586 896.586 67523.1
3 216.765 216.765 66896.4
4 910.814 1821.63 67895
0 584.385 584.385 67855.7
10 543.675 1087.35 67942.8
7 829.663 1659.33 67966.4
2 136.422 272.844 68363.5
1 617.584 617.584 69300.6
5 519.48 2077.92 69069.6
3 1033.19 1033.19 69691.1
9 309.414 309.414 69074.9
11 526.64 526.64 69702.1
6 2672.25 2672.25 72022.9
8 2256.2 9024.8 72029.9
2 667.631 2670.52 70935.6
7 174.303 348.607 70178.6
4 530.623 1061.25 70586.6
0 1754.53 1754.53 72136.9
10 2232.71 4465.41 73146.6
1 315.826 631.652 71146.6
5 606.629 1213.26 71668.1
3 1121.56 2243.13 72384
9 256.775 256.775 71627.8
11 1695 1695 72699
7 2759.62 2759.62 74325.4
4 1218.56 2437.12 72808.5
2 2109.5 2109.5 74151.8
1 767.456 767.456 73394.3
9 2333.05 2333.05 74532.3
5 1918.27 7673.08 74441
41
7 862.999 862.999 66774.5
1 317.143 634.286 66294.2
2 129.403 517.611 66581.2
5 1080.63 4322.52 67829.4
11 529.741 529.741 66712
0 222.037 222.037 66727.8
4 674.053 1348.11 66882
3 1115.54 1115.54 67395.2
10 418.552 837.105 66932.2
9 704.34 704.34 67371.5
6 2692.98 2692.98 70280.5
1 442.394 884.787 68664.9
0 772.546 772.546 69730.2
7 864.17 864.17 69381.6
2 698.579 698.579 69296.9
4 637.996 1275.99 69790
10 84.362 84.362 69266.4
11 271.872 1087.49 69492.5
8 3205.87 6411.73 72116.9
5 305.619 1222.48 70079.3
1 908.887 3635.55 71176.8
10 2080.01 4160.03 72084.4
2 1190.07 2380.14 71246.1
3 1754.53 1754.53 72136.9
7 1538.78 3077.56 72452.6
11 1610.96 3221.93 72441.7
0 1989.52 3979.04 73051
4 676.384 1352.77 71938.8
9 256.775 256.775 71627.8
5 1972.59 3945.19 73178.4
6 995.099 995.099 72334.4
1 1692.52 1692.52 73249.7
2 2007.19 2007.19 74355.7
9 1569.45 3138.89 73426.3
4 1794.5 3589.01 74138.2
10 2406.91 2406.91 77474.8
8 1485.04 1485.04 74093.7
3 3194.44 6388.88 75820.5
6 2972.77 5945.54 75415.8
11 3619.25 3619.25 76441.5
7 3587.07 7174.15 76303.5
28
1 849.189 849.189 66762.8
2 147.601 147.601 66142.8
11 896.586 896.586 67523.1
3 216.765 216.765 66896.4
4 910.814 1821.63 67895
0 584.385 584.385 67855.7
10 543.675 1087.35 67942.8
7 829.663 1659.33 67966.4
5 674.956 674.956 68550.8
1 442.753 442.753 69652.3
2 1349.72 5398.9 70454.5
3 358.906 358.906 69614.4
11 505.115 2020.46 70278.8
8 2704.66 10818.7 72972.6
4 1858.69 3717.39 71863
5 530.623 1061.25 70586.6
6 565.149 565.149 70947.6
7 2232.71 4465.41 73146.6
10 1669.2 3338.41 72500
3 844.31 1688.62 71905.8
1 1082.73 2165.45 72345.1
9 936.487 936.487 72307.5
0 2155.17 2155.17 73777
11 1163.69 4654.75 72915
2 506.68 1013.36 72460.2
5 323.674 323.674 72268.7
6 2728.1 2728.1 74759.9
4 3049.43 3049.43 76156.2
37
1 849.189 849.189 66762.8
2 147.601 147.601 66142.8
11 896.586 896.586 67523.1
3 216.765 216.765 66896.4
4 910.814 1821.63 67895
0 584.385 584.385 67855.7
10 543.675 1087.35 67942.8
7 829.663 1659.33 67966.4
5 500.302 1000.6 67873.5
9 928.292 928.292 69022.7
2 486.216 486.216 68469.5
1 485.244 485.244 68653.8
8 3191.87 6383.75 71608.8
11 1707.71 6830.84 70304.4
0 1117.67 2235.33 70413.6
6 2205.93 2205.93 71161
5 1743.46 6973.86 70692.8
3 412.776 412.776 70075.6
2 515.211 2060.84 70270.9
1 1162.86 4651.44 71529.9
10 176.495 176.495 70485.8
4 598.575 598.575 70753.1
3 1968.68 7874.73 72856.3
9 579.294 579.294 71932.7
7 1877.38 3754.75 72870.9
2 2281.84 2281.84 73784.5
11 673.673 1347.35 71703
0 2006.38 2006.38 73502.2
10 1473.3 2946.61 73226.3
5 2494.71 2494.71 74126.1
4 1732.45 3464.91 73221.1
6 1683.68 1683.68 73578
1 2899.77 11599.1 74646.4
8 1628.27 3256.54 74384.1
11 1457.85 1457.85 73761.5
9 2817.08 5634.16 75033.8
3 2119.18 2119.18 75060
40
7 429.314 429.314 66456
2 160.277 320.555 65878.5
1 238.384 476.769 66569.1
6 1333.67 1333.67 67381.4
3 497.418 497.418 66812.7
10 290.821 581.642 67003.6
5 1154.09 4616.37 67472.5
8 903.794 3615.18 67438.9
11 1374.5 2749 67925.1
4 532.183 532.183 67432.3
2 835.329 3341.32 67980.6
0 329.14 329.14 67207.6
9 1308.32 1308.32 68523.6
1 136.422 272.844 68363.5
3 617.584 617.584 69300.6
10 411.702 1646.81 68961.8
0 1033.19 1033.19 69691.1
7 591.356 591.356 69356.8
4 526.64 526.64 69702.1
5 621.485 621.485 69972.2
11 560.149 2240.6 69913.6
8 1059.06 1059.06 70877.2
2 374.448 374.448 70236.9
1 553.818 1107.64 71022.4
6 1316.29 1316.29 71732.3
10 835.073 1670.15 71272.6
3 916.695 1833.39 71291.7
7 2150.39 4300.77 72844.3
9 678.936 678.936 71779.7
4 312.598 625.196 71341.9
0 1465.06 1465.06 72960.9
11 327.853 655.705 72080.8
5 406.474 406.474 72037.9
2 455.548 911.095 71944.2
8 1821.83 1821.83 73716.1
1 2392.32 9569.26 74138.9
10 1292.14 2584.28 74048
3 2039.18 2039.18 74342.8
4 1194.72 2389.44 73411.5
6 995.103 995.103 73936
31
7 862.711 862.711 66735.4
2 41.8641 83.7281 66748.9
8 1028.6 2057.21 67746.5
1 256.355 512.711 67376.5
6 630.235 630.235 67386.9
10 146.251 292.501 67212.6
0 1223.32 1223.32 68247.7
4 392.961 392.961 67714.2
3 479.232 479.232 68355.1
2 442.753 442.753 69652.3
11 1471.51 5886.03 70576.3
1 358.906 358.906 69614.4
5 814.11 814.11 70296.2
7 341.125 341.125 70136.3
0 658.604 658.604 70675.4
3 1431.41 1431.41 71844.3
4 708.425 708.425 71291.5
6 423.151 423.151 71071.6
10 143.486 143.486 70799.6
8 153.033 306.067 71049.9
2 1457.99 5831.97 72687.5
7 1213.99 4855.96 72892.1
9 655.819 655.819 72278.5
1 301.678 301.678 72094.5
5 1421.68 1421.68 73142.9
11 1631.5 3262.99 73408.5
0 1759.92 7039.7 73808.9
10 1812.36 1812.36 73920.1
8 475.035 1900.14 73429.1
6 1475.08 1475.08 74460.7
4 300.145 600.291 73404
32
7 862.711 862.711 66735.4
2 41.8641 83.7281 66748.9
8 1028.6 2057.21 67746.5
1 256.355 512.711 67376.5
6 630.235 630.235 67386.9
10 146.251 292.501 67212.6
0 1223.32 1223.32 68247.7
4 392.961 392.961 67714.2
3 479.232 479.232 68355.1
2 442.753 442.753 69652.3
11 1471.51 5886.03 70576.3
1 358.906 358.906 69614.4
4 412.776 412.776 70075.6
5 327.903 1311.61 70083.6
8 600.689 2402.76 70967.7
3 176.495 176.495 70485.8
0 598.575 598.575 70753.1
1 1677.6 6710.39 72565.2
6 579.294 579.294 71932.7
10 430.907 861.814 71424.4
7 727.947 727.947 72230.6
2 312.598 625.196 71341.9
9 1527.82 1527.82 73023.7
4 1063.06 2126.12 72816
5 437.177 437.177 72068.6
3 1148.23 2296.46 72636.9
11 2755.64 2755.64 74649.9
0 1147.16 4588.63 72893.8
8 1077.57 2155.14 73833.4
2 1096.78 1096.78 73400.4
10 1724.92 3449.84 73941.7
6 1587.03 1587.03 74527.9
36
7 862.711 862.711 66735.4
2 41.8641 83.7281 66748.9
8 1028.6 2057.21 67746.5
1 256.355 512.711 67376.5
6 630.235 630.235 67386.9
10 146.251 292.501 67212.6
0 1223.32 1223.32 68247.7
4 392.961 392.961 67714.2
5 472.967 472.967 68060.5
11 443.86 887.72 68666.3
2 772.546 772.546 69730.2
7 864.17 864.17 69381.6
10 698.579 698.579 69296.9
1 632.402 1264.8 69784.4
3 539.823 539.823 69721.9
4 235.62 942.482 69456.2
8 2657.3 5314.61 71568.3
9 838.883 838.883 70321
0 341.125 341.125 70136.3
5 658.604 658.604 70675.4
6 1431.41 1431.41 71844.3
11 708.425 708.425 71291.5
10 720.519 720.519 71369
7 1180.88 1180.88 71837
4 419.083 838.166 71315.9
3 962.287 3849.15 72191.8
2 1495.42 5981.68 73173.5
1 735.538 735.538 72358.2
0 2136.35 2136.35 73929.2
9 1446.45 1446.45 73167.6
5 1583.39 3166.78 73360.4
11 2249.26 8997.04 74298.2
4 2328.65 2328.65 74436.4
10 498.945 1995.78 73453
8 2085.02 2085.02 75070.6
7 980.919 1961.84 74084.8
29
1 849.189 849.189 66762.8
2 147.601 147.601 66142.8
11 896.586 896.586 67523.1
3 216.765 216.765 66896.4
4 910.814 1821.63 67895
0 584.385 584.385 67855.7
10 543.675 1087.35 67942.8
7 829.663 1659.33 67966.4
2 136.422 272.844 68363.5
1 617.584 617.584 69300.6
5 519.48 2077.92 69069.6
3 1033.19 1033.19 69691.1
9 309.414 309.414 69074.9
11 526.64 526.64 69702.1
6 2672.25 2672.25 72022.9
0 864.134 864.134 70346.2
7 341.125 341.125 70136.3
2 658.604 658.604 70675.4
8 1314.73 1314.73 71727.6
4 708.425 708.425 71291.5
5 423.151 423.151 71071.6
10 143.486 143.486 70799.6
1 2025.38 4050.76 72922.2
3 340.423 340.423 71962.3
11 699.885 2799.54 72451.2
7 2463.04 4926.08 74416.6
0 323.674 323.674 72268.7
9 487.702 487.702 72519.5
2 546.88 546.88 73653.7
34
7 862.711 862.711 66735.4
2 41.8641 83.7281 66748.9
8 1028.6 2057.21 67746.5
1 256.355 512.711 67376.5
6 630.235 630.235 67386.9
10 146.251 292.501 67212.6
0 1223.32 1223.32 68247.7
4 392.961 392.961 67714.2
5 472.967 472.967 68060.5
11 443.86 887.72 68666.3
2 772.546 772.546 69730.2
7 864.17 864.17 69381.6
10 698.579 698.579 69296.9
1 632.402 1264.8 69784.4
3 539.823 539.823 69721.9
4 235.62 942.482 69456.2
8 2657.3 5314.61 71568.3
5 1066.81 4267.23 70840.5
11 910.354 3641.41 71178.3
10 2841.07 5682.14 72845.4
7 1674.57 3349.13 71730.6
0 342.419 342.419 70724.8
4 2442.3 4884.59 73356.2
3 1641.14 3282.27 72471.9
2 1989.52 3979.04 73051
1 670.79 1341.58 71933.2
9 936.487 936.487 72307.5
6 1841.07 1841.07 72845.1
0 3305.79 3305.79 74871.6
5 1774.89 3549.78 73364.8
11 2352.22 2352.22 74394.5
8 3071.08 3071.08 75697.9
7 2435.82 2435.82 74635
1 1761.22 7044.87 74284
34
7 862.711 862.711 66735.4
2 41.8641 83.7281 66748.9
8 1028.6 2057.21 67746.5
1 256.355 512.711 67376.5
6 630.235 630.235 67386.9
10 146.251 292.501 67212.6
0 1223.32 1223.32 68247.7
4 392.961 392.961 67714.2
5 472.967 472.967 68060.5
11 443.86 887.72 68666.3
2 772.546 772.546 69730.2
7 864.17 864.17 69381.6
10 698.579 698.579 69296.9
1 632.402 1264.8 69784.4
3 539.823 539.823 69721.9
4 235.62 942.482 69456.2
8 2657.3 5314.61 71568.3
5 1018.58 2037.16 70922.8
6 1008.6 1008.6 70348.1
9 1446.52 1446.52 70999.4
0 208.448 208.448 70264.1
11 784.652 3138.61 70750.4
10 1635.2 1635.2 71845.7
7 1968.1 1968.1 72314.2
4 1245.16 2490.32 71530.2
3 1967.75 7871.02 72643.6
2 1286.02 1286.02 72421.9
1 1335.44 1335.44 72339.4
0 1665.24 1665.24 73231
6 1282.49 2564.99 72872.4
11 1136.04 1136.04 73178.3
5 1150.5 1150.5 73777.3
9 966.495 966.495 73165.7
4 1780.36 7121.44 74303.1
31
7 862.711 862.711 66735.4
2 41.8641 83.7281 66748.9
8 1028.6 2057.21 67746.5
1 256.355 512.711 67376.5
6 630.235 630.235 67386.9
10 146.251 292.501 67212.6
0 1223.32 1223.32 68247.7
4 392.961 392.961 67714.2
11 1060.08 2120.16 69408.2
5 440.456 880.913 68314.8
2 365.636 365.636 68932.3
3 567.114 567.114 69428.1
10 583.49 583.49 69744.8
1 601.3 601.3 69963.3
8 505.115 2020.46 70278.8
5 667.631 2670.52 70935.6
7 174.303 348.607 70178.6
4 530.623 1061.25 70586.6
0 1754.53 1754.53 72136.9
2 2232.71 4465.41 73146.6
11 1327.46 2654.92 72158.2
10 2004.12 4008.23 73065.6
1 1707.33 3414.67 72969.7
6 256.775 256.775 71627.8
3 1841.07 1841.07 72845.1
9 296.378 296.378 71862.2
7 1751.86 3503.72 73341.8
8 1376.75 1376.75 73419
4 2135.54 2135.54 74762.4
5 1400.01 1400.01 73599.2
6 1092.8 4371.18 73615.6
35
7 862.711 862.711 66735.4
2 41.8641 83.7281 66748.9
8 1028.6 2057.21 67746.5
1 256.355 512.711 67376.5
6 630.235 630.235 67386.9
10 146.251 292.501 67212.6
0 1223.32 1223.32 68247.7
4 392.961 392.961 67714.2
11 472.417 944.833 68699.5
2 617.584 617.584 69300.6
5 519.48 2077.92 69069.6
7 976.876 976.876 69634.8
9 309.414 309.414 69074.9
1 526.64 526.64 69702.1
10 621.485 621.485 69972.2
4 412.776 412.776 70075.6
8 608.369 2433.48 70364
11 760.055 3040.22 71127.1
3 621.273 621.273 70930.6
0 598.575 598.575 70753.1
5 1498.89 5995.56 72386.5
2 579.294 579.294 71932.7
7 1302.13 2604.27 72295.6
6 727.947 727.947 72230.6
1 477.589 1910.36 71707.1
4 1536.97 6147.87 73215.1
10 438.543 438.543 72061.2
9 301.678 301.678 72094.5
8 598.073 598.073 72319.3
0 1661.1 3322.2 73438.2
3 1779.32 7117.26 73828.3
11 1288.92 1288.92 73396.7
1 1132.28 4529.13 74086.3
2 952.618 952.618 73938.2
10 1897.8 3795.6 75001.7
32
1 849.189 849.189 66762.8
2 147.601 147.601 66142.8
11 896.586 896.586 67523.1
3 216.765 216.765 66896.4
4 910.814 1821.63 67895
0 584.385 584.385 67855.7
10 543.675 1087.35 67942.8
7 829.663 1659.33 67966.4
5 674.956 674.956 68550.8
1 442.753 442.753 69652.3
2 1349.72 5398.9 70454.5
3 358.906 358.906 69614.4
9 838.883 838.883 70321
6 921.172 921.172 70716.3
0 658.604 658.604 70675.4
8 1314.73 1314.73 71727.6
4 708.425 708.425 71291.5
5 423.151 423.151 71071.6
7 143.486 143.486 70799.6
10 153.033 306.067 71049.9
11 480.98 961.96 71686.7
3 538.611 538.611 71877.9
9 594.87 594.87 72152
1 2011.46 2011.46 74360
2 246.276 492.551 72103.1
0 2042.35 4084.69 74386.1
6 3039.87 3039.87 78107.8
7 206.487 206.487 72815.2
10 387.919 775.837 73014
5 1193.2 2386.41 73636.2
4 610.416 610.416 73432.6
11 889.447 1778.89 73605.9
35
7 429.314 429.314 66456
2 160.277 320.555 65878.5
1 238.384 476.769 66569.1
6 1333.67 1333.67 67381.4
3 497.418 497.418 66812.7
10 290.821 581.642 67003.6
5 1154.09 4616.37 67472.5
8 903.794 3615.18 67438.9
11 1374.5 2749 67925.1
4 532.183 532.183 67432.3
2 835.329 3341.32 67980.6
0 329.14 329.14 67207.6
9 1308.32 1308.32 68523.6
1 136.422 272.844 68363.5
3 617.584 617.584 69300.6
10 411.702 1646.81 68961.8
0 1033.19 1033.19 69691.1
7 591.356 591.356 69356.8
4 526.64 526.64 69702.1
5 621.485 621.485 69972.2
6 412.776 412.776 70075.6
2 477.367 1909.47 70233
11 600.689 2402.76 70967.7
9 176.495 176.495 70485.8
1 598.575 598.575 70753.1
8 488.911 1955.64 71376.6
7 579.294 579.294 71932.7
10 430.907 861.814 71424.4
3 727.947 727.947 72230.6
0 2155.17 2155.17 73777
5 518.277 2073.11 72269.6
2 506.68 1013.36 72460.2
4 323.674 323.674 72268.7
6 487.702 487.702 72519.5
1 546.88 546.88 73653.7
37
7 429.314 429.314 66456
2 160.277 320.555 65878.5
1 238.384 476.769 66569.1
6 1333.67 1333.67 67381.4
3 497.418 497.418 66812.7
10 290.821 581.642 67003.6
5 1154.09 4616.37 67472.5
8 903.794 3615.18 67438.9
11 1374.5 2749 67925.1
4 532.183 532.183 67432.3
2 835.329 3341.32 67980.6
0 329.14 329.14 67207.6
9 1308.32 1308.32 68523.6
7 2872.24 2872.24 70748.1
1 442.753 442.753 69652.3
6 474.106 1896.42 69578.9
0 358.906 358.906 69614.4
3 412.776 412.776 70075.6
2 477.367 1909.47 70233
5 600.689 2402.76 70967.7
9 176.495 176.495 70485.8
4 598.575 598.575 70753.1
8 488.911 1955.64 71376.6
10 579.294 579.294 71932.7
11 430.907 861.814 71424.4
6 729.621 729.621 72232.3
1 1672.88 3345.75 72702.2
0 1465.06 1465.06 72960.9
3 1063.06 2126.12 72816
2 586.641 586.641 72218
9 1148.23 2296.46 72636.9
7 1270.7 1270.7 73165
4 1147.16 4588.63 72893.8
5 1077.57 2155.14 73833.4
8 2124.08 2124.08 74427.7
11 1724.92 3449.84 73941.7
10 1587.03 1587.03 74527.9
37
6 384.016 384.016 66119.7
2 163.906 327.812 66296.8
1 136.788 273.577 66901
11 1305.52 5222.08 67952.1
0 793.929 793.929 67780.9
5 1104.56 4418.22 67668.5
7 314.971 314.971 67215.5
10 902.9 1805.8 67987.4
8 1153.71 1153.71 68043.5
4 2015.68 4031.36 69017.6
6 2278.86 4557.72 69757.4
9 1518.7 1518.7 68996.2
2 1598.89 3197.77 69098.5
3 479.232 479.232 68355.1
1 442.753 442.753 69652.3
5 1395.05 5580.21 70499.9
7 358.906 358.906 69614.4
11 560.149 2240.6 69913.6
8 1059.06 1059.06 70877.2
0 170.653 170.653 70033.1
10 553.818 1107.64 71022.4
3 1316.29 1316.29 71732.3
9 1396.82 2793.64 71834.4
4 224.525 449.05 70599.5
2 450.564 901.128 71144.5
7 534.649 534.649 71635.4
1 312.598 625.196 71341.9
6 1465.06 1465.06 72960.9
11 327.853 655.705 72080.8
0 819.836 819.836 72451.2
5 2079.03 4158.06 73567.7
4 2778.8 2778.8 74673.1
8 1861.97 7447.88 73608.6
10 1132.29 2264.58 73888.1
2 1892.01 1892.01 74195.6
1 1194.72 2389.44 73411.5
7 1403.85 1403.85 74344.7
33
7 429.314 429.314 66456
2 160.277 320.555 65878.5
1 238.384 476.769 66569.1
6 1333.67 1333.67 67381.4
3 497.418 497.418 66812.7
10 290.821 581.642 67003.6
5 1154.09 4616.37 67472.5
8 903.794 3615.18 67438.9
11 1374.5 2749 67925.1
4 532.183 532.183 67432.3
2 835.329 3341.32 67980.6
0 329.14 329.14 67207.6
9 1308.32 1308.32 68523.6
7 2872.24 2872.24 70748.1
1 442.753 442.753 69652.3
6 474.106 1896.42 69578.9
0 358.906 358.906 69614.4
5 560.149 2240.6 69913.6
8 1059.06 1059.06 70877.2
4 170.653 170.653 70033.1
10 553.818 1107.64 71022.4
3 1316.29 1316.29 71732.3
2 482.534 965.069 70920.1
11 1807.16 3614.33 72182.1
6 1012.85 2025.69 71706.8
9 678.936 678.936 71779.7
0 1607.38 1607.38 72611.4
1 643.599 643.599 72209.4
4 420.342 840.685 72010.3
5 470.112 470.112 72512.4
7 2135.54 2135.54 74762.4
8 2041.82 2041.82 74241
2 939.161 3756.65 73461.9
42
7 429.314 429.314 66456
2 160.277 320.555 65878.5
1 238.384 476.769 66569.1
6 1333.67 1333.67 67381.4
3 497.418 497.418 66812.7
10 290.821 581.642 67003.6
5 1154.09 4616.37 67472.5
8 903.794 3615.18 67438.9
11 1374.5 2749 67925.1
4 532.183 532.183 67432.3
2 835.329 3341.32 67980.6
0 329.14 329.14 67207.6
9 1308.32 1308.32 68523.6
1 136.422 272.844 68363.5
3 617.584 617.584 69300.6
10 411.702 1646.81 68961.8
0 1033.19 1033.19 69691.1
7 591.356 591.356 69356.8
4 526.64 526.64 69702.1
5 621.485 621.485 69972.2
8 1507.18 6028.73 71280.9
2 208.147 832.587 70476.1
11 174.303 348.607 70178.6
1 530.623 1061.25 70586.6
6 1754.53 1754.53 72136.9
10 2232.71 4465.41 73146.6
7 2013.39 4026.78 72844.2
0 1950.45 3900.89 73011.9
4 1368.47 2736.94 72630.9
3 2022.51 2022.51 73393.5
5 742.213 1484.43 71948
9 538.611 538.611 71877.9
11 594.87 594.87 72152
2 722.591 722.591 73071.1
1 246.276 492.551 72103.1
8 1655.59 3311.19 73999.3
9 4468.76 4468.76 79536.7
5 1316.15 1316.15 73924.8
1 1441.13 2882.27 74067.2
6 2281.01 4562.03 74724
11 1288.01 1288.01 74110.2
4 1962.35 3924.71 74678.8
43
6 384.016 384.016 66119.7
2 163.906 327.812 66296.8
1 136.788 273.577 66901
11 1305.52 5222.08 67952.1
0 793.929 793.929 67780.9
5 1104.56 4418.22 67668.5
7 314.971 314.971 67215.5
10 902.9 1805.8 67987.4
8 1153.71 1153.71 68043.5
4 2015.68 4031.36 69017.6
6 2278.86 4557.72 69757.4
9 1518.7 1518.7 68996.2
2 1598.89 3197.77 69098.5
1 2006.83 4013.66 69380
3 664.839 664.839 68759.3
7 3826.81 3826.81 71810.1
5 2005.54 2005.54 70174.1
0 2439.54 4879.08 70856.4
11 1736.9 6947.61 70333.6
10 1249.31 2498.63 70545.3
8 2586.41 2586.41 71541.5
3 1883.4 7533.61 70832.7
9 2016.46 8065.83 71790.1
4 2616.32 10465.3 72884.3
2 1181.96 2363.93 71186.3
1 1557.18 3114.37 71613.2
6 2308.74 2308.74 72691.1
5 3676.8 7353.61 74590.7
11 2452.06 4904.11 73282.8
10 2269.23 4538.45 73330.7
3 2263.16 4526.33 73525.6
0 1726.68 1726.68 73097.7
2 3127.31 6254.62 74156.6
8 2959.46 2959.46 74455.3
1 2600.67 5201.35 74353.7
9 3592.06 3592.06 75223.4
7 2473.96 4947.92 73962.6
6 4870.46 4870.46 76764.8
4 3869.04 15476.2 75615.7
0 2735.52 5471.05 75491.4
11 4030.36 4030.36 76334
10 2643.43 5286.85 74860.2
3 3293.98 3293.98 76234.8
38
6 384.016 384.016 66119.7
2 163.906 327.812 66296.8
1 136.788 273.577 66901
11 1305.52 5222.08 67952.1
0 793.929 793.929 67780.9
5 1104.56 4418.22 67668.5
7 314.971 314.971 67215.5
10 902.9 1805.8 67987.4
8 1153.71 1153.71 68043.5
4 2015.68 4031.36 69017.6
6 2278.86 4557.72 69757.4
9 1518.7 1518.7 68996.2
2 1598.89 3197.77 69098.5
1 2006.83 4013.66 69380
3 664.839 664.839 68759.3
7 3826.81 3826.81 71810.1
5 2005.54 2005.54 70174.1
0 2439.54 4879.08 70856.4
11 1736.9 6947.61 70333.6
10 1249.31 2498.63 70545.3
8 2586.41 2586.41 71541.5
3 1883.4 7533.61 70832.7
9 2154.82 4309.64 72059
4 2162.04 2162.04 71501.5
2 1409.34 1409.34 70962.2
1 1522.93 1522.93 71578.5
6 2307.07 9228.29 72272.8
5 1836.62 1836.62 72047.2
11 2039.69 2039.69 72385.8
10 2758.07 5516.14 73043.1
3 3595.77 14383.1 74271.6
0 2504.82 2504.82 73640.7
2 1931.65 1931.65 73553.5
4 2386.42 9545.66 74137.7
8 1689.4 3378.79 73643
1 1453.65 1453.65 73398.7
7 1305.94 1305.94 73337.8
5 1528.51 1528.51 74635.3
39
6 384.016 384.016 66119.7
2 163.906 327.812 66296.8
1 136.788 273.577 66901
11 1305.52 5222.08 67952.1
0 793.929 793.929 67780.9
5 1104.56 4418.22 67668.5
7 314.971 314.971 67215.5
10 902.9 1805.8 67987.4
8 1153.71 1153.71 68043.5
4 2015.68 4031.36 69017.6
6 2278.86 4557.72 69757.4
9 1518.7 1518.7 68996.2
2 1598.89 3197.77 69098.5
1 1267.19 2534.37 69615.3
7 3939.39 7878.77 71813.8
3 170.988 170.988 68737.6
5 1108.85 1108.85 69969.8
0 1256.16 1256.16 70417.5
11 1463.09 1463.09 70825.1
10 206.863 827.451 69560.4
8 1519.31 1519.31 71337.4
3 696.048 696.048 70558.5
9 1540.88 3081.75 72009.5
4 1155.54 1155.54 71571.5
2 2001.24 4002.48 72438.8
10 1916.16 3832.33 72291.1
1 1684.05 3368.1 72378
6 1020.39 1020.39 72121.2
5 745.342 2981.37 71974.9
0 1460.44 5841.78 73138.6
3 1170.4 1170.4 72793.1
11 1668.38 1668.38 73461.2
8 2462.89 2462.89 74184.1
4 2626.67 5253.34 74403.7
7 2357.18 9428.73 74406.1
5 2987.6 2987.6 75095.3
9 1751.51 7006.04 74705.5
6 1843.21 1843.21 74828.8
10 3183.57 6367.14 76287.5
38
6 384.016 384.016 66119.7
2 163.906 327.812 66296.8
1 136.788 273.577 66901
11 1305.52 5222.08 67952.1
0 793.929 793.929 67780.9
5 1104.56 4418.22 67668.5
7 314.971 314.971 67215.5
10 902.9 1805.8 67987.4
8 1153.71 1153.71 68043.5
4 2015.68 4031.36 69017.6
6 2278.86 4557.72 69757.4
9 1518.7 1518.7 68996.2
2 1598.89 3197.77 69098.5
1 2006.83 4013.66 69380
3 664.839 664.839 68759.3
7 3826.81 3826.81 71810.1
5 2005.54 2005.54 70174.1
0 2439.54 4879.08 70856.4
11 1736.9 6947.61 70333.6
10 1249.31 2498.63 70545.3
8 2586.41 2586.41 71541.5
3 1883.4 7533.61 70832.7
9 2214.42 8857.7 71567.9
4 1977.51 1977.51 71795.6
2 2088.11 2088.11 71950.5
1 1770.9 3541.8 72239.5
6 2084.75 2084.75 72500.7
5 1553.64 3107.28 71991.2
11 2925.31 5850.62 73300.3
10 2613.98 5227.96 73307.9
3 2179.12 2179.12 73279.9
0 3382.41 3382.41 74386.4
8 2432.72 2432.72 73998.5
9 2199.83 4399.67 73789.8
4 2969.56 2969.56 75011.8
7 3312.9 3312.9 75939.7
2 2854.2 2854.2 75053.4
5 2241.4 8965.59 74764.2
39
6 384.016 384.016 66119.7
2 163.906 327.812 66296.8
1 136.788 273.577 66901
11 1305.52 5222.08 67952.1
0 793.929 793.929 67780.9
5 1104.56 4418.22 67668.5
7 314.971 314.971 67215.5
10 902.9 1805.8 67987.4
8 1153.71 1153.71 68043.5
4 2015.68 4031.36 69017.6
6 2278.86 4557.72 69757.4
9 1518.7 1518.7 68996.2
2 1598.89 3197.77 69098.5
1 1267.19 2534.37 69615.3
7 3939.39 7878.77 71813.8
3 170.988 170.988 68737.6
5 1108.85 1108.85 69969.8
0 1256.16 1256.16 70417.5
11 1463.09 1463.09 70825.1
10 412.776 412.776 70075.6
8 2507.1 10028.4 72262.8
3 798.161 3192.64 71165.2
9 1511.25 1511.25 71820.6
4 2342.01 2342.01 72496.6
2 1498.89 5995.56 72386.5
1 729.037 729.037 72082.5
6 702.837 1405.67 71696.3
5 1439.42 1439.42 72942.1
10 1315.98 5263.93 72545.5
0 1460.44 5841.78 73138.6
11 1269.65 1269.65 72892.3
3 2390.67 2390.67 74183.5
6 2883.89 2883.89 74605.1
7 2838.53 5677.07 74615.6
9 2669.29 10677.2 74718.2
1 2244.32 2244.32 74352.1
8 2153.49 8613.98 75107.5
2 1634.15 1634.15 74619.8
4 1780.71 3561.42 74884.6
42
7 429.314 429.314 66456
2 160.277 320.555 65878.5
1 238.384 476.769 66569.1
6 1333.67 1333.67 67381.4
3 497.418 497.418 66812.7
10 290.821 581.642 67003.6
5 1154.09 4616.37 67472.5
8 903.794 3615.18 67438.9
11 1374.5 2749 67925.1
4 532.183 532.183 67432.3
2 835.329 3341.32 67980.6
0 329.14 329.14 67207.6
9 1308.32 1308.32 68523.6
7 3456.49 3456.49 71044
1 1306.71 2613.43 69529.2
0 772.546 772.546 69730.2
3 1199.38 1199.38 69716.8
10 698.579 698.579 69296.9
6 1421.82 2843.64 70573.8
4 286.392 286.392 69468.5
5 271.872 1087.49 69492.5
8 481.123 962.246 69392.1
2 623.235 623.235 70105.3
11 1739.21 1739.21 71534.4
9 320.451 320.451 70337.3
10 2433.74 2433.74 72846.6
8 1612.68 1612.68 72195.8
4 534.928 534.928 71183.4
5 258.637 258.637 70914.8
1 492.025 984.049 71388.9
2 1633.88 3267.77 72839.7
3 538.611 538.611 71877.9
0 2120.59 2120.59 73677.7
9 702.893 702.893 73051.4
5 301.602 603.204 72158.4
7 2106.75 4213.51 74450.5
6 3039.87 3039.87 78107.8
4 797.319 797.319 73406
1 726.91 1453.82 73353
11 1678.44 3356.88 74121.5
3 1568.79 1568.79 74391
5 944.892 1889.78 73661.4
39
7 429.314 429.314 66456
2 160.277 320.555 65878.5
1 238.384 476.769 66569.1
6 1333.67 1333.67 67381.4
3 497.418 497.418 66812.7
10 290.821 581.642 67003.6
5 1154.09 4616.37 67472.5
8 903.794 3615.18 67438.9
11 1374.5 2749 67925.1
4 532.183 532.183 67432.3
2 835.329 3341.32 67980.6
0 329.14 329.14 67207.6
9 1308.32 1308.32 68523.6
1 136.422 272.844 68363.5
3 617.584 617.584 69300.6
10 411.702 1646.81 68961.8
0 1033.19 1033.19 69691.1
7 591.356 591.356 69356.8
4 526.64 526.64 69702.1
5 621.485 621.485 69972.2
2 623.235 623.235 70105.3
8 341.125 341.125 70136.3
1 658.604 658.604 70675.4
6 1431.41 1431.41 71844.3
9 708.425 708.425 71291.5
10 423.151 423.151 71071.6
3 1859.9 1859.9 72516
7 153.033 306.067 71049.9
4 312.598 625.196 71341.9
0 1091.45 1091.45 72587.3
11 327.853 655.705 72080.8
5 406.474 406.474 72037.9
2 638.52 1277.04 72127.2
8 680.388 680.388 72574.7
1 1069.45 4277.79 72816.1
7 549.533 1099.07 73305.4
10 1230.76 1230.76 73534.4
9 2175.87 4351.74 74392.6
4 1710.33 1710.33 74651.2
28
7 862.711 862.711 66735.4
2 41.8641 83.7281 66748.9
8 1028.6 2057.21 67746.5
1 256.355 512.711 67376.5
6 630.235 630.235 67386.9
10 146.251 292.501 67212.6
0 1223.32 1223.32 68247.7
4 392.961 392.961 67714.2
3 479.232 479.232 68355.1
2 442.753 442.753 69652.3
11 1471.51 5886.03 70576.3
1 358.906 358.906 69614.4
4 518.884 1037.77 70423.1
6 1008.6 1008.6 70348.1
8 919.974 919.974 70472.8
10 208.448 208.448 70264.1
5 493.315 1973.26 70459.1
9 325.681 325.681 70536.2
3 261.179 261.179 70607.3
7 2455.93 4911.85 72740.9
1 1352.85 5411.4 72028.7
0 532.633 532.633 71668.5
2 2155.17 2155.17 73777
10 1035.3 4141.22 72786.6
5 506.68 1013.36 72460.2
3 323.674 323.674 72268.7
6 487.702 487.702 72519.5
8 546.88 546.88 73653.7
32
1 849.189 849.189 66762.8
2 147.601 147.601 66142.8
11 896.586 896.586 67523.1
3 216.765 216.765 66896.4
4 910.814 1821.63 67895
0 584.385 584.385 67855.7
10 543.675 1087.35 67942.8
7 829.663 1659.33 67966.4
5 674.956 674.956 68550.8
1 442.753 442.753 69652.3
2 1349.72 5398.9 70454.5
3 358.906 358.906 69614.4
9 838.883 838.883 70321
6 921.172 921.172 70716.3
0 658.604 658.604 70675.4
8 1314.73 1314.73 71727.6
4 708.425 708.425 71291.5
5 423.151 423.151 71071.6
7 143.486 143.486 70799.6
10 153.033 306.067 71049.9
11 480.98 961.96 71686.7
3 538.611 538.611 71877.9
9 594.87 594.87 72152
1 2011.46 2011.46 74360
2 246.276 492.551 72103.1
0 2042.35 4084.69 74386.1
6 3039.87 3039.87 78107.8
7 206.487 206.487 72815.2
10 387.919 775.837 73014
5 1193.2 2386.41 73636.2
4 610.416 610.416 73432.6
11 889.447 1778.89 73605.9
38
6 384.016 384.016 66119.7
2 163.906 327.812 66296.8
1 136.788 273.577 66901
11 1305.52 5222.08 67952.1
0 793.929 793.929 67780.9
5 1104.56 4418.22 67668.5
7 314.971 314.971 67215.5
10 902.9 1805.8 67987.4
8 1153.71 1153.71 68043.5
4 2015.68 4031.36 69017.6
6 2278.86 4557.72 69757.4
9 1518.7 1518.7 68996.2
2 1598.89 3197.77 69098.5
3 183.29 183.29 67770.8
1 1638.63 3277.25 69861.1
7 772.546 772.546 69730.2
5 1095.18 1095.18 69612.6
3 1230.97 1230.97 69829.3
0 1821.27 3642.54 70973.2
11 1618.83 1618.83 70800.9
10 1398.9 5595.62 70619.5
8 2954.31 5908.63 71865.3
9 1744.13 1744.13 71406.9
4 3267.24 13069 73022.9
2 1445.52 5782.06 71812.5
5 2208.57 2208.57 72517.9
7 2264.76 2264.76 72419.3
6 1650.44 6601.77 72538.1
3 1437 1437 72790.4
1 889.957 1779.91 71883.4
10 2089.14 2089.14 73591.8
11 2624.1 2624.1 73628.1
0 2347.89 2347.89 73913.7
9 2038.86 4077.72 73628.8
2 2910.5 2910.5 74952.8
8 3368.09 3368.09 75994.9
1 2588.68 2588.68 74787.9
7 2605 10420 75127.8
41
6 384.016 384.016 66119.7
2 163.906 327.812 66296.8
1 136.788 273.577 66901
11 1305.52 5222.08 67952.1
0 793.929 793.929 67780.9
5 1104.56 4418.22 67668.5
7 314.971 314.971 67215.5
10 902.9 1805.8 67987.4
8 1153.71 1153.71 68043.5
4 2015.68 4031.36 69017.6
6 2278.86 4557.72 69757.4
9 1518.7 1518.7 68996.2
2 1598.89 3197.77 69098.5
1 1267.19 2534.37 69615.3
7 3939.39 7878.77 71813.8
3 170.988 170.988 68737.6
5 1108.85 1108.85 69969.8
0 1256.16 1256.16 70417.5
11 1463.09 1463.09 70825.1
10 463.563 1854.25 70237.2
8 667.631 2670.52 70935.6
3 1726.4 3452.8 71730.7
9 1525.04 3050.07 71581.1
4 511.972 511.972 70894.4
2 1255.67 2511.35 72169.5
1 1534.56 3069.13 72365.3
6 1481.32 2962.64 72542.8
5 1636.22 3272.44 72898.6
10 1888.39 1888.39 73259.4
0 2310.76 4621.51 73516.5
11 1947.78 1947.78 73287.1
4 2682.06 2682.06 74239.2
8 1182.07 1182.07 73530.6
9 1522.69 3045.37 73379.5
3 2141.32 4282.63 74485
7 4388.97 4388.97 79456.9
2 3975.9 3975.9 76584.6
1 3422.84 6845.69 76048.9
6 2849.97 5699.94 75293
5 2881.83 2881.83 75704.1
10 2575.65 5151.29 75292.1
32
1 849.189 849.189 66762.8
2 147.601 147.601 66142.8
11 896.586 896.586 67523.1
3 216.765 216.765 66896.4
4 910.814 1821.63 67895
0 584.385 584.385 67855.7
10 543.675 1087.35 67942.8
7 829.663 1659.33 67966.4
5 674.956 674.956 68550.8
1 442.753 442.753 69652.3
2 1349.72 5398.9 70454.5
3 358.906 358.906 69614.4
0 412.776 412.776 70075.6
11 608.369 2433.48 70364
8 2282.53 9130.14 72649.6
5 176.495 176.495 70485.8
4 598.575 598.575 70753.1
3 1677.6 6710.39 72565.2
7 579.294 579.294 71932.7
10 430.907 861.814 71424.4
6 1157.43 1157.43 72660.1
1 1457.99 5831.97 72687.5
0 1536.97 6147.87 73215.1
9 655.819 655.819 72278.5
11 837.87 837.87 72630.7
2 2796.87 2796.87 74518.1
5 665.209 1330.42 72442.3
4 1837.63 7350.54 73886.6
10 2302.11 2302.11 74409.8
7 1674.75 6699 74628.8
9 2000.54 2000.54 74986.2
5 2613.01 5226.02 75716.9
39
6 384.016 384.016 66119.7
2 163.906 327.812 66296.8
1 136.788 273.577 66901
11 1305.52 5222.08 67952.1
0 793.929 793.929 67780.9
5 1104.56 4418.22 67668.5
7 314.971 314.971 67215.5
10 902.9 1805.8 67987.4
8 1153.71 1153.71 68043.5
4 2015.68 4031.36 69017.6
6 2278.86 4557.72 69757.4
9 1518.7 1518.7 68996.2
2 1598.89 3197.77 69098.5
1 1042.23 2084.47 69269.3
3 1053.7 1053.7 69736.7
7 3143.74 12575 71693.8
5 1007.99 1007.99 69665.9
0 2306.04 2306.04 71071.5
11 822.619 822.619 69998
10 1575.46 1575.46 70926.2
8 1581.84 1581.84 71063.9
9 2013.35 2013.35 71808.5
4 3017.53 3017.53 73034.4
2 865.283 865.283 71278.1
1 977.02 977.02 71560.1
5 1381.02 1381.02 72029.5
3 1536.01 1536.01 72192.2
6 1016.39 2032.77 71913.2
11 367.312 734.623 71396.6
10 2416.01 2416.01 73911.8
8 2293.96 4587.92 74046.9
0 1425.1 1425.1 73056.5
2 2857.28 5714.56 74346
11 1919.23 1919.23 73813.5
1 2930 11720 74676.6
7 1193.47 2386.95 73949.3
9 2556.02 2556.02 74859.6
6 1766.07 3532.14 73982.8
5 2346.79 2346.79 75287.6
34
7 862.711 862.711 66735.4
2 41.8641 83.7281 66748.9
8 1028.6 2057.21 67746.5
1 256.355 512.711 67376.5
6 630.235 630.235 67386.9
10 146.251 292.501 67212.6
0 1223.32 1223.32 68247.7
4 392.961 392.961 67714.2
3 479.232 479.232 68355.1
2 442.753 442.753 69652.3
11 1471.51 5886.03 70576.3
1 358.906 358.906 69614.4
4 518.884 1037.77 70423.1
6 1008.6 1008.6 70348.1
8 919.974 919.974 70472.8
10 208.448 208.448 70264.1
5 493.315 1973.26 70459.1
9 325.681 325.681 70536.2
3 261.179 261.179 70607.3
7 2455.93 4911.85 72740.9
1 1352.85 5411.4 72028.7
0 532.633 532.633 71668.5
2 480.98 961.96 71686.7
10 866.96 866.96 72206.3
6 1542.95 1542.95 73100.1
4 702.893 702.893 73051.4
5 246.276 492.551 72103.1
8 1058.67 2117.34 73402.4
3 3039.87 3039.87 78107.8
9 206.487 206.487 72815.2
11 161.333 322.665 72787.4
0 1536.25 3072.51 73979.3
2 694.982 694.982 73517.2
1 1169.66 2339.32 73886.1
43
6 384.016 384.016 66119.7
2 163.906 327.812 66296.8
1 136.788 273.577 66901
11 1305.52 5222.08 67952.1
0 793.929 793.929 67780.9
5 1104.56 4418.22 67668.5
7 314.971 314.971 67215.5
10 902.9 1805.8 67987.4
8 1153.71 1153.71 68043.5
4 2015.68 4031.36 69017.6
6 2278.86 4557.72 69757.4
9 1518.7 1518.7 68996.2
2 1598.89 3197.77 69098.5
3 183.29 183.29 67770.8
1 1638.63 3277.25 69861.1
7 772.546 772.546 69730.2
5 1095.18 1095.18 69612.6
3 1230.97 1230.97 69829.3
0 1821.27 3642.54 70973.2
11 1618.83 1618.83 70800.9
10 1398.9 5595.62 70619.5
8 2954.31 5908.63 71865.3
9 2154.82 4309.64 72059
4 2162.04 2162.04 71501.5
2 1409.34 1409.34 70962.2
5 2412.63 2412.63 72468.2
7 2877.07 11508.3 72842.8
6 2399.84 2399.84 72610.4
3 1461.67 1461.67 71807.8
1 1650.01 3300.03 71935
10 2357.95 9431.78 73033.8
11 2080.52 2080.52 73216.3
2 2767.91 11071.6 73997.4
0 1497.36 5989.43 73175.5
4 2728.76 2728.76 74351.4
3 2206.24 2206.24 73999.1
8 2099.34 2099.34 73820.5
1 2959.79 5919.58 74736.8
9 3016.72 12066.9 75065.7
5 3345.95 3345.95 75453.7
6 2501.09 10004.4 75455.1
7 3359.52 3359.52 76345.1
10 2189.25 4378.51 75293.2
33
1 849.189 849.189 66762.8
2 147.601 147.601 66142.8
11 896.586 896.586 67523.1
3 216.765 216.765 66896.4
4 910.814 1821.63 67895
0 584.385 584.385 67855.7
10 543.675 1087.35 67942.8
7 829.663 1659.33 67966.4
5 472.967 472.967 68060.5
2 442.394 884.787 68664.9
1 772.546 772.546 69730.2
3 1199.38 1199.38 69716.8
9 1272.24 1272.24 69870.6
8 2642.04 5284.09 71794
6 2254.24 2254.24 71436.3
11 271.872 1087.49 69492.5
0 1442.54 2885.08 70353.5
4 371.165 1484.66 70144.8
5 667.631 2670.52 70935.6
7 174.303 348.607 70178.6
10 530.623 1061.25 70586.6
2 1754.53 1754.53 72136.9
11 2478.55 4957.09 73392.4
3 904.284 1808.57 71735.1
1 1989.52 3979.04 73051
9 2274.3 4548.6 73536.7
4 1795.99 1795.99 73167
7 432.51 432.51 72054.4
0 1016.87 4067.48 72768.2
10 1186.36 2372.72 73139.9
5 1030.76 1030.76 72975.8
6 1917.24 1917.24 73949.1
3 2921.46 2921.46 76028.3
33
1 849.189 849.189 66762.8
2 147.601 147.601 66142.8
11 896.586 896.586 67523.1
3 216.765 216.765 66896.4
4 910.814 1821.63 67895
0 584.385 584.385 67855.7
10 543.675 1087.35 67942.8
7 829.663 1659.33 67966.4
5 674.956 674.956 68550.8
1 442.753 442.753 69652.3
2 1349.72 5398.9 70454.5
3 358.906 358.906 69614.4
11 560.149 2240.6 69913.6
6 931.894 931.894 70750
4 170.653 170.653 70033.1
7 553.818 1107.64 71022.4
0 1316.29 1316.29 71732.3
5 616.698 1233.4 71054.3
8 932.724 1865.45 71307.7
10 1519.09 3038.18 72213
9 898.908 898.908 71999.7
1 2455.1 4910.21 73660.9
3 538.611 538.611 71877.9
4 594.87 594.87 72152
11 702.893 702.893 73051.4
2 246.276 492.551 72103.1
6 605.721 1211.44 72949.4
7 2134.65 2134.65 77202.6
5 422.424 422.424 73031.1
8 2365.18 4730.36 74991.2
0 1876.33 3752.66 74319.4
3 1568.79 1568.79 74391
9 1331.17 2662.34 74047.6
41
7 862.999 862.999 66774.5
1 317.143 634.286 66294.2
2 129.403 517.611 66581.2
5 1080.63 4322.52 67829.4
11 529.741 529.741 66712
0 222.037 222.037 66727.8
4 674.053 1348.11 66882
3 1115.54 1115.54 67395.2
10 418.552 837.105 66932.2
9 704.34 704.34 67371.5
8 3194.61 6389.22 70567.8
6 2263.73 2263.73 70358.2
1 486.216 486.216 68469.5
0 485.244 485.244 68653.8
2 472.436 944.871 68889.3
11 204.495 817.978 68801.2
4 532.641 1065.28 69828.6
9 257.621 257.621 69212.7
5 953.555 3814.22 69902.9
1 1475.86 5903.43 71249.5
0 944.916 3779.66 71212.8
7 174.303 348.607 70178.6
10 530.623 1061.25 70586.6
3 1754.53 1754.53 72136.9
2 2232.71 4465.41 73146.6
11 1669.2 3338.41 72500
4 1552.55 3105.1 72614
5 1333.32 2666.63 72595.7
9 256.775 256.775 71627.8
7 2792.66 5585.32 73998.4
6 961.066 961.066 72300.4
8 770.677 770.677 72327.8
10 1347.75 1347.75 73696.3
0 1379.35 2758.71 73236.2
1 1624.27 3248.53 73968
9 3479.75 3479.75 78547.7
3 3174.99 3174.99 75783.7
6 1729.06 3458.12 74355.1
8 2295.96 4591.93 74739
11 3677.49 3677.49 76499.7
5 1927.2 3854.4 74643.7
29
1 849.189 849.189 66762.8
2 147.601 147.601 66142.8
11 896.586 896.586 67523.1
3 216.765 216.765 66896.4
4 910.814 1821.63 67895
0 584.385 584.385 67855.7
10 543.675 1087.35 67942.8
7 829.663 1659.33 67966.4
2 136.422 272.844 68363.5
1 617.584 617.584 69300.6
5 519.48 2077.92 69069.6
3 1033.19 1033.19 69691.1
9 309.414 309.414 69074.9
11 526.64 526.64 69702.1
6 2672.25 2672.25 72022.9
0 864.134 864.134 70346.2
7 341.125 341.125 70136.3
2 658.604 658.604 70675.4
8 1314.73 1314.73 71727.6
4 708.425 708.425 71291.5
5 423.151 423.151 71071.6
10 143.486 143.486 70799.6
1 2025.38 4050.76 72922.2
3 340.423 340.423 71962.3
11 699.885 2799.54 72451.2
7 2463.04 4926.08 74416.6
0 323.674 323.674 72268.7
9 487.702 487.702 72519.5
2 546.88 546.88 73653.7
33
7 862.999 862.999 66774.5
1 317.143 634.286 66294.2
2 129.403 517.611 66581.2
5 1080.63 4322.52 67829.4
11 529.741 529.741 66712
0 222.037 222.037 66727.8
4 674.053 1348.11 66882
3 1115.54 1115.54 67395.2
10 418.552 837.105 66932.2
9 704.34 704.34 67371.5
1 136.422 272.844 68363.5
0 617.584 617.584 69300.6
2 158.714 634.856 68708.8
4 1033.19 1033.19 69691.1
7 591.356 591.356 69356.8
3 526.64 526.64 69702.1
9 621.485 621.485 69972.2
11 505.115 2020.46 70278.8
5 667.631 2670.52 70935.6
8 887.106 1774.21 70891.5
1 530.623 1061.25 70586.6
6 565.149 565.149 70947.6
2 2232.71 4465.41 73146.6
10 1669.2 3338.41 72500
7 606.629 1213.26 71668.1
4 1121.56 2243.13 72384
0 2022.51 2022.51 73393.5
3 2155.17 2155.17 73777
11 1163.69 4654.75 72915
1 1186.36 2372.72 73139.9
9 612.454 612.454 72557.5
8 2672 2672 74703.8
5 546.88 546.88 73653.7
34
7 862.711 862.711 66735.4
2 41.8641 83.7281 66748.9
8 1028.6 2057.21 67746.5
1 256.355 512.711 67376.5
6 630.235 630.235 67386.9
10 146.251 292.501 67212.6
0 1223.32 1223.32 68247.7
4 392.961 392.961 67714.2
11 1060.08 2120.16 69408.2
5 440.456 880.913 68314.8
2 365.636 365.636 68932.3
3 567.114 567.114 69428.1
10 583.49 583.49 69744.8
1 601.3 601.3 69963.3
9 838.883 838.883 70321
7 341.125 341.125 70136.3
0 658.604 658.604 70675.4
4 1431.41 1431.41 71844.3
5 708.425 708.425 71291.5
2 423.151 423.151 71071.6
6 143.486 143.486 70799.6
8 153.033 306.067 71049.9
11 480.98 961.96 71686.7
3 538.611 538.611 71877.9
7 594.87 594.87 72152
9 702.893 702.893 73051.4
1 559.044 1118.09 72415.9
10 1058.67 2117.34 73402.4
0 3039.87 3039.87 78107.8
6 206.487 206.487 72815.2
8 387.919 775.837 73014
2 1193.2 2386.41 73636.2
5 610.416 610.416 73432.6
11 889.447 1778.89 73605.9
37
7 862.999 862.999 66774.5
1 317.143 634.286 66294.2
2 129.403 517.611 66581.2
5 1080.63 4322.52 67829.4
11 529.741 529.741 66712
0 222.037 222.037 66727.8
4 674.053 1348.11 66882
3 1115.54 1115.54 67395.2
10 418.552 837.105 66932.2
9 704.34 704.34 67371.5
1 560.142 1120.28 68908.3
8 3204.71 6409.41 71079.1
0 365.636 365.636 68932.3
4 244.034 244.034 69105
2 583.49 583.49 69744.8
3 601.3 601.3 69963.3
5 560.149 2240.6 69913.6
6 931.894 931.894 70750
10 170.653 170.653 70033.1
11 553.818 1107.64 71022.4
7 678.332 678.332 71094.3
1 616.698 1233.4 71054.3
4 1696.71 3393.43 72071.7
2 1096.87 2193.73 71790.8
0 678.936 678.936 71779.7
5 1205.33 2410.66 72411.1
9 538.611 538.611 71877.9
10 594.87 594.87 72152
3 223.091 223.091 72571.6
6 916.517 1833.03 72773.3
11 1397.17 2794.33 73740.9
1 3629.46 3629.46 78697.4
8 447.251 447.251 73055.9
7 2151.8 4303.6 74777.8
0 882.756 1765.51 73325.8
2 2968.29 2968.29 75790.5
9 1413.16 2826.31 74129.6
31
7 862.711 862.711 66735.4
2 41.8641 83.7281 66748.9
8 1028.6 2057.21 67746.5
1 256.355 512.711 67376.5
6 630.235 630.235 67386.9
10 146.251 292.501 67212.6
0 1223.32 1223.32 68247.7
4 392.961 392.961 67714.2
5 500.302 1000.6 67873.5
3 664.839 664.839 68759.3
9 547.364 547.364 68530.7
2 485.244 485.244 68653.8
11 566.842 1133.68 68983.7
10 414.115 1656.46 69010.8
1 532.641 1065.28 69828.6
7 1990.33 1990.33 70945.4
4 1584.15 6336.59 70533.5
5 864.134 864.134 70346.2
8 341.125 341.125 70136.3
0 658.604 658.604 70675.4
6 1431.41 1431.41 71844.3
2 708.425 708.425 71291.5
3 423.151 423.151 71071.6
9 143.486 143.486 70799.6
10 153.033 306.067 71049.9
1 2155.17 2155.17 73777
11 699.885 2799.54 72451.2
4 506.68 1013.36 72460.2
5 323.674 323.674 72268.7
8 2450.71 2450.71 74482.5
0 546.88 546.88 73653.7
37
6 384.016 384.016 66119.7
2 163.906 327.812 66296.8
1 136.788 273.577 66901
11 1305.52 5222.08 67952.1
0 793.929 793.929 67780.9
5 1104.56 4418.22 67668.5
7 314.971 314.971 67215.5
10 902.9 1805.8 67987.4
8 1153.71 1153.71 68043.5
4 2015.68 4031.36 69017.6
6 2278.86 4557.72 69757.4
9 1518.7 1518.7 68996.2
2 1598.89 3197.77 69098.5
3 479.232 479.232 68355.1
1 442.753 442.753 69652.3
5 1395.05 5580.21 70499.9
7 358.906 358.906 69614.4
0 864.134 864.134 70346.2
8 341.125 341.125 70136.3
3 658.604 658.604 70675.4
10 1431.41 1431.41 71844.3
11 708.425 708.425 71291.5
2 423.151 423.151 71071.6
4 1859.9 1859.9 72516
7 577.273 1154.55 71474.1
1 2455.1 4910.21 73660.9
6 538.611 538.611 71877.9
9 594.87 594.87 72152
0 702.893 702.893 73051.4
5 246.276 492.551 72103.1
8 1058.67 2117.34 73402.4
3 3039.87 3039.87 78107.8
2 685.543 685.543 73294.2
11 1597.96 3195.93 74224
7 1364.12 2728.24 73807.2
10 3021.76 3021.76 75844
6 1413.16 2826.31 74129.6
35
7 429.314 429.314 66456
2 160.277 320.555 65878.5
1 238.384 476.769 66569.1
6 1333.67 1333.67 67381.4
3 497.418 497.418 66812.7
10 290.821 581.642 67003.6
5 1154.09 4616.37 67472.5
8 903.794 3615.18 67438.9
11 1374.5 2749 67925.1
4 532.183 532.183 67432.3
2 835.329 3341.32 67980.6
0 329.14 329.14 67207.6
9 1308.32 1308.32 68523.6
7 3096.87 6193.73 71445
1 1233.9 2467.8 69108.3
3 613.301 613.301 69179.9
0 244.034 244.034 69105
10 583.49 583.49 69744.8
4 601.3 601.3 69963.3
5 560.149 2240.6 69913.6
8 1059.06 1059.06 70877.2
11 170.653 170.653 70033.1
2 1000.33 2000.66 71468.9
6 1316.29 1316.29 71732.3
0 978.282 1956.56 71415.8
1 2240.09 4480.17 72615
3 1435.26 2870.52 72129.2
9 678.936 678.936 71779.7
10 840.218 840.218 71844.2
5 643.599 643.599 72209.4
11 420.342 840.685 72010.3
4 999.48 999.48 73041.7
8 2135.54 2135.54 74762.4
0 2854.79 2854.79 75054
7 909.99 3639.96 73432.7
35
7 862.711 862.711 66735.4
2 41.8641 83.7281 66748.9
8 1028.6 2057.21 67746.5
1 256.355 512.711 67376.5
6 630.235 630.235 67386.9
10 146.251 292.501 67212.6
0 1223.32 1223.32 68247.7
4 392.961 392.961 67714.2
11 1060.08 2120.16 69408.2
5 440.456 880.913 68314.8
2 365.636 365.636 68932.3
3 567.114 567.114 69428.1
10 583.49 583.49 69744.8
1 601.3 601.3 69963.3
8 505.115 2020.46 70278.8
5 667.631 2670.52 70935.6
7 174.303 348.607 70178.6
4 530.623 1061.25 70586.6
0 1754.53 1754.53 72136.9
2 2232.71 4465.41 73146.6
11 1327.46 2654.92 72158.2
10 2004.12 4008.23 73065.6
1 1707.33 3414.67 72969.7
6 256.775 256.775 71627.8
7 2119.65 4239.3 73148.9
3 1465.06 1465.06 72960.9
8 1853.72 3707.45 73606.7
9 243.809 243.809 71875.2
4 1249.04 2498.07 72737.7
5 1880.21 1880.21 73774.5
6 2405.54 9622.17 74152.2
9 1974.77 3949.53 74730.6
0 2884.46 2884.46 75188.1
11 3753.89 7507.78 75970.6
4 3106.16 3106.16 76047
31
7 862.711 862.711 66735.4
2 41.8641 83.7281 66748.9
8 1028.6 2057.21 67746.5
1 256.355 512.711 67376.5
6 630.235 630.235 67386.9
10 146.251 292.501 67212.6
0 1223.32 1223.32 68247.7
4 392.961 392.961 67714.2
3 479.232 479.232 68355.1
2 442.753 442.753 69652.3
11 1471.51 5886.03 70576.3
1 358.906 358.906 69614.4
5 814.11 814.11 70296.2
7 341.125 341.125 70136.3
0 658.604 658.604 70675.4
3 1431.41 1431.41 71844.3
4 708.425 708.425 71291.5
6 423.151 423.151 71071.6
10 143.486 143.486 70799.6
8 153.033 306.067 71049.9
1 312.598 625.196 71341.9
2 1091.45 1091.45 72587.3
7 2431.21 4862.42 74184.2
9 243.809 243.809 71875.2
5 829.395 1658.79 72318.1
11 2755.64 2755.64 74649.9
0 1069.45 4277.79 72816.1
10 299.288 598.577 73055.1
8 804.778 804.778 73108.4
6 1372.14 2744.28 73588.9
4 945.824 945.824 73886.7
31
7 862.999 862.999 66774.5
1 317.143 634.286 66294.2
2 129.403 517.611 66581.2
5 1080.63 4322.52 67829.4
11 529.741 529.741 66712
0 222.037 222.037 66727.8
4 674.053 1348.11 66882
3 1115.54 1115.54 67395.2
10 418.552 837.105 66932.2
9 704.34 704.34 67371.5
6 2325.12 2325.12 70200.9
0 442.753 442.753 69652.3
2 1349.72 5398.9 70454.5
1 358.906 358.906 69614.4
11 505.115 2020.46 70278.8
5 667.631 2670.52 70935.6
7 174.303 348.607 70178.6
4 530.623 1061.25 70586.6
8 1023.28 1023.28 71405.7
10 2232.71 4465.41 73146.6
1 1732.9 3465.8 72563.7
0 1911.61 3823.22 72973.1
7 1663.66 3327.33 72926.1
3 256.775 256.775 71627.8
9 1841.07 1841.07 72845.1
6 1092.14 1092.14 72657.9
11 1213.2 2426.4 72803.1
2 2338.2 2338.2 74380.5
4 2135.54 2135.54 74762.4
5 1400.01 1400.01 73599.2
8 1475.03 5900.13 73997.8
41
6 384.016 384.016 66119.7
2 163.906 327.812 66296.8
1 136.788 273.577 66901
11 1305.52 5222.08 67952.1
0 793.929 793.929 67780.9
5 1104.56 4418.22 67668.5
7 314.971 314.971 67215.5
10 902.9 1805.8 67987.4
8 1153.71 1153.71 68043.5
4 2015.68 4031.36 69017.6
6 2278.86 4557.72 69757.4
9 1518.7 1518.7 68996.2
2 1598.89 3197.77 69098.5
1 1042.23 2084.47 69269.3
3 1053.7 1053.7 69736.7
7 3143.74 12575 71693.8
5 1007.99 1007.99 69665.9
0 2306.04 2306.04 71071.5
11 822.619 822.619 69998
10 1575.46 1575.46 70926.2
8 1788.07 7152.27 71141.6
9 1424.31 1424.31 71242.4
4 2706.54 2706.54 72569
2 1403.11 2806.21 71871.7
1 1817.77 1817.77 72233.7
5 2568.67 5137.35 73006.2
3 1352.81 2705.63 71727.8
6 1826.08 3652.16 72520
11 918.251 918.251 72019
10 1696.18 3392.37 72902
0 1786.11 1786.11 73125.4
8 1991.57 1991.57 73548.7
9 1488.94 1488.94 73837.5
7 1080.64 2161.27 72937.5
3 2138.34 4276.68 74482
2 2983.94 2983.94 78051.9
11 2196.23 2196.23 74804.9
1 3291.24 6582.48 75917.3
6 2664.07 5328.15 75107.1
4 2047.86 2047.86 74870.1
10 2104.65 4209.3 74821.1
42
7 429.314 429.314 66456
2 160.277 320.555 65878.5
1 238.384 476.769 66569.1
6 1333.67 1333.67 67381.4
3 497.418 497.418 66812.7
10 290.821 581.642 67003.6
5 1154.09 4616.37 67472.5
8 903.794 3615.18 67438.9
11 1374.5 2749 67925.1
4 532.183 532.183 67432.3
2 835.329 3341.32 67980.6
0 329.14 329.14 67207.6
9 1308.32 1308.32 68523.6
7 3456.49 3456.49 71044
1 1306.71 2613.43 69529.2
0 772.546 772.546 69730.2
3 1199.38 1199.38 69716.8
10 698.579 698.579 69296.9
6 1421.82 2843.64 70573.8
4 286.392 286.392 69468.5
5 271.872 1087.49 69492.5
8 481.123 962.246 69392.1
2 623.235 623.235 70105.3
11 1739.21 1739.21 71534.4
9 320.451 320.451 70337.3
10 2433.74 2433.74 72846.6
8 1612.68 1612.68 72195.8
4 534.928 534.928 71183.4
5 258.637 258.637 70914.8
1 492.025 984.049 71388.9
2 1633.88 3267.77 72839.7
3 538.611 538.611 71877.9
0 2120.59 2120.59 73677.7
9 702.893 702.893 73051.4
5 301.602 603.204 72158.4
7 2106.75 4213.51 74450.5
6 3039.87 3039.87 78107.8
4 797.319 797.319 73406
1 726.91 1453.82 73353
11 1678.44 3356.88 74121.5
3 1568.79 1568.79 74391
5 944.892 1889.78 73661.4
27
1 849.189 849.189 66762.8
2 147.601 147.601 66142.8
11 896.586 896.586 67523.1
3 216.765 216.765 66896.4
4 910.814 1821.63 67895
0 584.385 584.385 67855.7
10 543.675 1087.35 67942.8
7 829.663 1659.33 67966.4
5 674.956 674.956 68550.8
1 442.753 442.753 69652.3
2 1349.72 5398.9 70454.5
3 358.906 358.906 69614.4
0 412.776 412.776 70075.6
11 608.369 2433.48 70364
8 2282.53 9130.14 72649.6
5 176.495 176.495 70485.8
4 598.575 598.575 70753.1
3 1677.6 6710.39 72565.2
7 579.294 579.294 71932.7
10 430.907 861.814 71424.4
6 1157.43 1157.43 72660.1
0 2155.17 2155.17 73777
11 1027.37 4109.49 72778.7
1 506.68 1013.36 72460.2
5 323.674 323.674 72268.7
9 512.351 512.351 72544.2
4 546.88 546.88 73653.7
32
7 862.711 862.711 66735.4
2 41.8641 83.7281 66748.9
8 1028.6 2057.21 67746.5
1 256.355 512.711 67376.5
6 630.235 630.235 67386.9
10 146.251 292.501 67212.6
0 1223.32 1223.32 68247.7
4 392.961 392.961 67714.2
3 479.232 479.232 68355.1
2 442.753 442.753 69652.3
11 1471.51 5886.03 70576.3
1 358.906 358.906 69614.4
5 814.11 814.11 70296.2
7 341.125 341.125 70136.3
0 658.604 658.604 70675.4
3 1431.41 1431.41 71844.3
4 708.425 708.425 71291.5
6 423.151 423.151 71071.6
10 143.486 143.486 70799.6
8 153.033 306.067 71049.9
1 480.98 961.96 71686.7
9 1198.67 1198.67 72538
5 594.87 594.87 72152
7 702.893 702.893 73051.4
11 246.276 492.551 72103.1
2 1058.67 2117.34 73402.4
0 3039.87 3039.87 78107.8
10 206.487 206.487 72815.2
8 387.919 775.837 73014
6 1193.2 2386.41 73636.2
4 610.416 610.416 73432.6
1 889.447 1778.89 73605.9
37
1 849.189 849.189 66762.8
2 147.601 147.601 66142.8
11 896.586 896.586 67523.1
3 216.765 216.765 66896.4
4 910.814 1821.63 67895
0 584.385 584.385 67855.7
10 543.675 1087.35 67942.8
7 829.663 1659.33 67966.4
5 500.302 1000.6 67873.5
9 928.292 928.292 69022.7
2 486.216 486.216 68469.5
1 485.244 485.244 68653.8
8 3191.87 6383.75 71608.8
11 1707.71 6830.84 70304.4
0 1117.67 2235.33 70413.6
6 2205.93 2205.93 71161
5 1743.46 6973.86 70692.8
2 1356.93 5427.72 70710.4
7 1059.06 1059.06 70877.2
3 170.653 170.653 70033.1
4 553.818 1107.64 71022.4
10 1316.29 1316.29 71732.3
1 616.698 1233.4 71054.3
9 1378.54 2757.09 71753.5
3 2288.41 4576.81 72982.3
11 1224.61 1224.61 72325.4
0 1152.48 2304.96 72181.8
5 1887.92 1887.92 73383.8
2 1697.89 3395.78 73450.9
7 2113.48 2113.48 73744.9
4 1956.89 3913.78 73445.6
1 1162.24 1162.24 73056.5
6 1501 6004.02 73247.6
8 1628.27 3256.54 74384.1
10 2479.78 2479.78 74783.4
9 3349.15 6698.31 75565.9
0 2550.21 2550.21 75491.1
37
7 862.999 862.999 66774.5
1 317.143 634.286 66294.2
2 129.403 517.611 66581.2
5 1080.63 4322.52 67829.4
11 529.741 529.741 66712
0 222.037 222.037 66727.8
4 674.053 1348.11 66882
3 1115.54 1115.54 67395.2
10 418.552 837.105 66932.2
9 704.34 704.34 67371.5
1 560.142 1120.28 68908.3
8 3204.71 6409.41 71079.1
0 365.636 365.636 68932.3
4 244.034 244.034 69105
2 583.49 583.49 69744.8
3 601.3 601.3 69963.3
5 518.884 1037.77 70423.1
9 1008.6 1008.6 70348.1
10 919.974 919.974 70472.8
7 1915.28 1915.28 71970.9
11 490.265 1961.06 70456
6 2699.44 2699.44 72910
1 813.949 813.949 71160.1
0 721.189 1442.38 71006.2
4 843.408 3373.63 71519.2
2 1300.62 1300.62 72436.4
3 937.839 1875.68 71967.1
9 1543.22 1543.22 73039.1
5 1997.98 3995.96 73751
11 809.6 809.6 72441
10 1407.29 2814.57 72896
0 1114.17 1114.17 73008.5
8 877.713 3510.85 72624.3
1 659.708 1319.42 73415.6
4 1304.03 1304.03 73607.6
3 1819.96 3639.92 74036.7
7 2288.19 2288.19 75229
31
7 862.999 862.999 66774.5
1 317.143 634.286 66294.2
2 129.403 517.611 66581.2
5 1080.63 4322.52 67829.4
11 529.741 529.741 66712
0 222.037 222.037 66727.8
4 674.053 1348.11 66882
3 1115.54 1115.54 67395.2
10 418.552 837.105 66932.2
9 704.34 704.34 67371.5
1 560.142 1120.28 68908.3
8 3204.71 6409.41 71079.1
0 365.636 365.636 68932.3
4 244.034 244.034 69105
2 583.49 583.49 69744.8
3 601.3 601.3 69963.3
5 412.776 412.776 70075.6
11 608.369 2433.48 70364
1 588.554 2354.22 70955.6
10 176.495 176.495 70485.8
9 598.575 598.575 70753.1
2 933.53 3734.12 71821.2
0 579.294 579.294 71932.7
4 430.907 861.814 71424.4
7 727.947 727.947 72230.6
5 2155.17 2155.17 73777
11 1027.37 4109.49 72778.7
10 506.68 1013.36 72460.2
3 612.454 612.454 72557.5
6 2687.03 2687.03 74718.8
8 546.88 546.88 73653.7
37
7 862.999 862.999 66774.5
1 317.143 634.286 66294.2
2 129.403 517.611 66581.2
5 1080.63 4322.52 67829.4
11 529.741 529.741 66712
0 222.037 222.037 66727.8
4 674.053 1348.11 66882
3 1115.54 1115.54 67395.2
10 418.552 837.105 66932.2
9 704.34 704.34 67371.5
1 560.142 1120.28 68908.3
8 3204.71 6409.41 71079.1
0 365.636 365.636 68932.3
4 244.034 244.034 69105
2 583.49 583.49 69744.8
3 601.3 601.3 69963.3
5 412.776 412.776 70075.6
11 608.369 2433.48 70364
1 588.554 2354.22 70955.6
10 176.495 176.495 70485.8
9 598.575 598.575 70753.1
2 933.53 3734.12 71821.2
0 579.294 579.294 71932.7
4 430.907 861.814 71424.4
7 727.947 727.947 72230.6
3 733.316 1466.63 71939.1
6 2512.66 2512.66 73852
5 594.87 594.87 72152
11 702.893 702.893 73051.4
10 246.276 492.551 72103.1
9 2120.06 4240.12 74463.8
1 2067.8 2067.8 77135.7
8 447.251 447.251 73055.9
4 1094.39 2188.78 73720.4
2 1965.25 3930.5 74408.3
0 2437.25 2437.25 75259.5
3 1141.78 2283.56 73858.3
38
7 862.999 862.999 66774.5
1 317.143 634.286 66294.2
2 129.403 517.611 66581.2
5 1080.63 4322.52 67829.4
11 529.741 529.741 66712
0 222.037 222.037 66727.8
4 674.053 1348.11 66882
3 1115.54 1115.54 67395.2
10 418.552 837.105 66932.2
9 704.34 704.34 67371.5
1 136.422 272.844 68363.5
0 617.584 617.584 69300.6
2 158.714 634.856 68708.8
4 1033.19 1033.19 69691.1
7 591.356 591.356 69356.8
3 526.64 526.64 69702.1
9 621.485 621.485 69972.2
5 518.884 1037.77 70423.1
10 1008.6 1008.6 70348.1
11 919.974 919.974 70472.8
6 2249.18 2249.18 72304.8
8 3210.75 12843 73176.5
1 636.089 636.089 70846.6
2 261.179 261.179 70607.3
0 2116.16 4232.31 72401.2
7 630.223 2520.89 71306
4 1246.95 1246.95 72382.8
9 946.735 1893.47 71976
3 1465.06 1465.06 72960.9
10 1923.02 3846.04 73676
5 2224.98 2224.98 73856.4
11 1407.29 2814.57 72896
2 1129.92 1129.92 73024.2
1 645.257 2581.03 72391.9
7 1405.62 2811.24 74161.5
9 1730.92 1730.92 74034.5
6 2605.31 5210.62 74822.1
4 2037.08 2037.08 74977.9
36
7 862.999 862.999 66774.5
1 317.143 634.286 66294.2
2 129.403 517.611 66581.2
5 1080.63 4322.52 67829.4
11 529.741 529.741 66712
0 222.037 222.037 66727.8
4 674.053 1348.11 66882
3 1115.54 1115.54 67395.2
10 418.552 837.105 66932.2
9 704.34 704.34 67371.5
1 560.142 1120.28 68908.3
8 3204.71 6409.41 71079.1
0 365.636 365.636 68932.3
4 244.034 244.034 69105
2 583.49 583.49 69744.8
3 601.3 601.3 69963.3
5 412.776 412.776 70075.6
11 608.369 2433.48 70364
1 588.554 2354.22 70955.6
10 176.495 176.495 70485.8
9 598.575 598.575 70753.1
2 933.53 3734.12 71821.2
0 579.294 579.294 71932.7
4 430.907 861.814 71424.4
7 727.947 727.947 72230.6
3 825.58 3302.32 72055.1
5 1536.97 6147.87 73215.1
6 1827.49 1827.49 73450.2
11 837.87 837.87 72630.7
10 1673.4 1673.4 73394.6
9 1661.1 3322.2 73438.2
1 1913.32 7653.27 73962.3
8 2618.2 2618.2 74725.9
4 554.354 2217.42 73508.4
2 1068.79 1068.79 74054.4
0 2103.49 4206.97 75207.4
43
6 384.016 384.016 66119.7
2 163.906 327.812 66296.8
1 136.788 273.577 66901
11 1305.52 5222.08 67952.1
0 793.929 793.929 67780.9
5 1104.56 4418.22 67668.5
7 314.971 314.971 67215.5
10 902.9 1805.8 67987.4
8 1153.71 1153.71 68043.5
4 2015.68 4031.36 69017.6
6 2278.86 4557.72 69757.4
9 1518.7 1518.7 68996.2
2 1598.89 3197.77 69098.5
1 2006.83 4013.66 69380
3 664.839 664.839 68759.3
7 3826.81 3826.81 71810.1
5 2005.54 2005.54 70174.1
0 2439.54 4879.08 70856.4
11 1736.9 6947.61 70333.6
10 1249.31 2498.63 70545.3
8 2586.41 2586.41 71541.5
3 1883.4 7533.61 70832.7
9 2214.42 8857.7 71567.9
4 1977.51 1977.51 71795.6
2 2088.11 2088.11 71950.5
1 1770.9 3541.8 72239.5
6 2084.75 2084.75 72500.7
5 1553.64 3107.28 71991.2
11 2925.31 5850.62 73300.3
10 2613.98 5227.96 73307.9
3 2179.12 2179.12 73279.9
0 1184.2 2368.4 72390
8 2204.59 2204.59 73543.9
9 2417.93 2417.93 73975.1
4 2042.14 2042.14 74390.6
7 1717.74 3435.47 73574.6
2 2582.22 5164.43 74925.9
5 4566.4 4566.4 79634.3
1 2515.28 2515.28 75123.9
0 1645.4 3290.81 74271.4
6 2644.79 5289.58 75087.8
3 3263.11 3263.11 76085.3
11 3666.01 7332.03 76382.5
38
1 849.189 849.189 66762.8
2 147.601 147.601 66142.8
11 896.586 896.586 67523.1
3 216.765 216.765 66896.4
4 910.814 1821.63 67895
0 584.385 584.385 67855.7
10 543.675 1087.35 67942.8
7 829.663 1659.33 67966.4
5 500.302 1000.6 67873.5
9 928.292 928.292 69022.7
2 486.216 486.216 68469.5
1 485.244 485.244 68653.8
8 3191.87 6383.75 71608.8
11 1707.71 6830.84 70304.4
0 1117.67 2235.33 70413.6
6 2205.93 2205.93 71161
5 1743.46 6973.86 70692.8
4 371.165 1484.66 70144.8
2 760.662 3042.65 71028.6
7 174.303 348.607 70178.6
10 530.623 1061.25 70586.6
1 1754.53 1754.53 72136.9
9 1896.83 3793.65 72810.7
4 1332.33 2664.66 72163.1
7 3118.93 6237.85 74180.4
11 1970.81 3941.62 73233.2
3 256.775 256.775 71627.8
0 1654 6616 72883.5
10 2048.02 8192.07 73726.1
5 1920.02 1920.02 73542.7
2 2245.47 2245.47 74038.3
6 1828.18 1828.18 73549.4
8 2633.53 5267.07 74410.6
3 2476.52 9906.07 74525.5
1 1750.68 1750.68 73858.4
4 2687.09 10748.4 75641.1
9 2825.22 2825.22 75810.8
0 2027.43 4054.87 75131.3
35
7 862.999 862.999 66774.5
1 317.143 634.286 66294.2
2 129.403 517.611 66581.2
5 1080.63 4322.52 67829.4
11 529.741 529.741 66712
0 222.037 222.037 66727.8
4 674.053 1348.11 66882
3 1115.54 1115.54 67395.2
10 418.552 837.105 66932.2
9 704.34 704.34 67371.5
1 560.142 1120.28 68908.3
8 3204.71 6409.41 71079.1
0 365.636 365.636 68932.3
4 244.034 244.034 69105
2 583.49 583.49 69744.8
3 601.3 601.3 69963.3
5 864.134 864.134 70346.2
7 341.125 341.125 70136.3
9 658.604 658.604 70675.4
6 888.924 888.924 71301.8
10 708.425 708.425 71291.5
0 423.151 423.151 71071.6
1 143.486 143.486 70799.6
4 153.033 306.067 71049.9
11 189.541 758.163 71419.1
2 1495.42 5981.68 73173.5
3 438.543 438.543 72061.2
7 2136.35 2136.35 73929.2
5 1471.7 1471.7 73192.9
9 1583.39 3166.78 73360.4
1 1164.19 4656.76 73213.1
4 2062.6 2062.6 74170.3
0 201.578 806.311 73155.6
8 1475.08 1475.08 74460.7
10 300.145 600.291 73404
44
6 384.016 384.016 66119.7
2 163.906 327.812 66296.8
1 136.788 273.577 66901
11 1305.52 5222.08 67952.1
0 793.929 793.929 67780.9
5 1104.56 4418.22 67668.5
7 314.971 314.971 67215.5
10 902.9 1805.8 67987.4
8 1153.71 1153.71 68043.5
4 2015.68 4031.36 69017.6
6 2278.86 4557.72 69757.4
9 1518.7 1518.7 68996.2
2 1598.89 3197.77 69098.5
3 183.29 183.29 67770.8
1 1638.63 3277.25 69861.1
7 772.546 772.546 69730.2
5 1095.18 1095.18 69612.6
3 1230.97 1230.97 69829.3
0 1821.27 3642.54 70973.2
11 1618.83 1618.83 70800.9
10 1398.9 5595.62 70619.5
8 2954.31 5908.63 71865.3
9 2154.82 4309.64 72059
4 2162.04 2162.04 71501.5
2 1409.34 1409.34 70962.2
5 2412.63 2412.63 72468.2
7 2877.07 11508.3 72842.8
6 2399.84 2399.84 72610.4
3 1461.67 1461.67 71807.8
1 1650.01 3300.03 71935
10 2357.95 9431.78 73033.8
11 2080.52 2080.52 73216.3
2 2855.49 5710.98 74061.3
0 2442.31 2442.31 73781.6
4 2696.38 2696.38 74253.5
3 2025.19 2025.19 74373.7
8 1772.93 3545.85 73629.7
1 2997.76 5995.53 75341.5
9 3171.2 3171.2 78239.1
5 2082.17 2082.17 74690.8
6 1865.82 3731.63 74491.9
7 3150.01 6300.02 75593
10 2169.75 2169.75 74992
11 2908.03 5816.07 75624.5
36
1 849.189 849.189 66762.8
2 147.601 147.601 66142.8
11 896.586 896.586 67523.1
3 216.765 216.765 66896.4
4 910.814 1821.63 67895
0 584.385 584.385 67855.7
10 543.675 1087.35 67942.8
7 829.663 1659.33 67966.4
2 136.422 272.844 68363.5
1 617.584 617.584 69300.6
5 519.48 2077.92 69069.6
3 1033.19 1033.19 69691.1
9 309.414 309.414 69074.9
11 526.64 526.64 69702.1
6 2672.25 2672.25 72022.9
8 2350.85 4701.7 72255
0 1008.6 1008.6 70348.1
4 919.974 919.974 70472.8
7 1915.28 1915.28 71970.9
2 490.265 1961.06 70456
10 636.089 636.089 70846.6
5 775.658 775.658 71121.8
9 325.881 651.761 70610.9
1 2063.66 8254.63 72739.5
3 1246.95 1246.95 72382.8
11 477.589 1910.36 71707.1
0 1391.07 5564.29 73069.2
2 1302.57 1302.57 72925.3
4 1698.32 1698.32 73491.2
9 844.912 844.912 72566.1
10 1871.4 3742.8 73648.5
5 1486.32 5945.27 73535.3
11 2719.85 2719.85 74827.6
7 1100.85 4403.4 74054.9
6 2428.64 2428.64 75414.3
8 2425.77 4851.55 75529.7
39
7 862.999 862.999 66774.5
1 317.143 634.286 66294.2
2 129.403 517.611 66581.2
5 1080.63 4322.52 67829.4
11 529.741 529.741 66712
0 222.037 222.037 66727.8
4 674.053 1348.11 66882
3 1115.54 1115.54 67395.2
10 418.552 837.105 66932.2
9 704.34 704.34 67371.5
6 2692.98 2692.98 70280.5
1 442.394 884.787 68664.9
0 772.546 772.546 69730.2
7 864.17 864.17 69381.6
2 698.579 698.579 69296.9
4 637.996 1275.99 69790
10 84.362 84.362 69266.4
11 271.872 1087.49 69492.5
8 3205.87 6411.73 72116.9
5 560.149 2240.6 69913.6
3 1519.31 1519.31 71337.4
9 170.653 170.653 70033.1
1 607.945 1215.89 71076.6
10 1593.83 1593.83 72009.8
2 1343.11 2686.22 71780.7
7 997.679 1995.36 71372.6
11 1747.82 3495.64 72441.7
0 1076.59 1076.59 72177.4
4 877.612 1755.22 71906.9
5 1506.41 1506.41 73002.3
9 580.06 1160.12 72333
6 634.088 634.088 72265.5
1 2011.02 4022.04 73499.7
3 2282.07 2282.07 74176.4
7 3457.89 13831.5 75204.5
2 1800.18 3600.35 74556
4 1661.79 1661.79 73965.4
10 3605.45 7210.9 75822.2
8 2991.97 2991.97 75932.8
37
7 862.711 862.711 66735.4
2 41.8641 83.7281 66748.9
8 1028.6 2057.21 67746.5
1 256.355 512.711 67376.5
6 630.235 630.235 67386.9
10 146.251 292.501 67212.6
0 1223.32 1223.32 68247.7
4 392.961 392.961 67714.2
5 500.302 1000.6 67873.5
3 664.839 664.839 68759.3
9 547.364 547.364 68530.7
2 485.244 485.244 68653.8
11 566.842 1133.68 68983.7
10 414.115 1656.46 69010.8
1 532.641 1065.28 69828.6
7 1990.33 1990.33 70945.4
4 1584.15 6336.59 70533.5
5 412.776 412.776 70075.6
8 2507.1 10028.4 72262.8
9 1039.75 4159.02 71406.8
0 176.495 176.495 70485.8
2 598.575 598.575 70753.1
11 1498.89 5995.56 72386.5
3 579.294 579.294 71932.7
10 430.907 861.814 71424.4
6 1272.63 1272.63 72775.3
1 567.453 1134.91 71596.7
5 1668.36 1668.36 73164.2
0 1473.3 2946.61 73226.3
4 2335.39 2335.39 73966.8
2 1732.45 3464.91 73221.1
7 1468.08 1468.08 73362.4
9 2776.66 11106.6 74523.3
10 1062.2 2124.39 73818.1
1 1351.64 1351.64 73655.2
3 2817.08 5634.16 75033.8
8 3137.87 3137.87 76078.7
31
1 849.189 849.189 66762.8
2 147.601 147.601 66142.8
11 896.586 896.586 67523.1
3 216.765 216.765 66896.4
4 910.814 1821.63 67895
0 584.385 584.385 67855.7
10 543.675 1087.35 67942.8
7 829.663 1659.33 67966.4
2 560.142 1120.28 68908.3
5 440.456 880.913 68314.8
1 365.636 365.636 68932.3
9 876.563 876.563 69737.5
3 583.49 583.49 69744.8
11 601.3 601.3 69963.3
8 2256.2 9024.8 72029.9
5 667.631 2670.52 70935.6
7 174.303 348.607 70178.6
4 530.623 1061.25 70586.6
6 565.149 565.149 70947.6
1 2232.71 4465.41 73146.6
2 1669.2 3338.41 72500
10 606.629 1213.26 71668.1
9 1403.93 2807.87 72666.3
0 256.775 256.775 71627.8
3 840.218 840.218 71844.2
11 483.062 483.062 72048.8
7 1751.86 3503.72 73341.8
4 954.91 954.91 72997.2
5 1316.62 1316.62 73943.5
6 140.77 140.77 72340
0 1092.8 4371.18 73615.6
33
7 862.999 862.999 66774.5
1 317.143 634.286 66294.2
2 129.403 517.611 66581.2
5 1080.63 4322.52 67829.4
11 529.741 529.741 66712
0 222.037 222.037 66727.8
4 674.053 1348.11 66882
3 1115.54 1115.54 67395.2
10 418.552 837.105 66932.2
9 704.34 704.34 67371.5
1 560.142 1120.28 68908.3
8 3204.71 6409.41 71079.1
0 365.636 365.636 68932.3
4 244.034 244.034 69105
2 583.49 583.49 69744.8
3 601.3 601.3 69963.3
11 505.115 2020.46 70278.8
5 667.631 2670.52 70935.6
7 174.303 348.607 70178.6
10 530.623 1061.25 70586.6
6 565.149 565.149 70947.6
1 2232.71 4465.41 73146.6
4 1669.2 3338.41 72500
2 2004.12 4008.23 73065.6
3 1707.33 3414.67 72969.7
0 256.775 256.775 71627.8
9 1841.07 1841.07 72845.1
7 2759.62 2759.62 74325.4
11 1213.2 2426.4 72803.1
10 954.91 954.91 72997.2
5 1316.62 1316.62 73943.5
6 140.77 140.77 72340
8 1329.28 5317.11 73852
37
6 384.016 384.016 66119.7
2 163.906 327.812 66296.8
1 136.788 273.577 66901
11 1305.52 5222.08 67952.1
0 793.929 793.929 67780.9
5 1104.56 4418.22 67668.5
7 314.971 314.971 67215.5
10 902.9 1805.8 67987.4
8 1153.71 1153.71 68043.5
4 2015.68 4031.36 69017.6
6 2278.86 4557.72 69757.4
9 1518.7 1518.7 68996.2
2 1598.89 3197.77 69098.5
3 479.232 479.232 68355.1
1 442.753 442.753 69652.3
5 1395.05 5580.21 70499.9
7 358.906 358.906 69614.4
0 412.776 412.776 70075.6
11 608.369 2433.48 70364
8 1544.29 6177.14 71911.3
3 176.495 176.495 70485.8
10 598.575 598.575 70753.1
2 1498.89 5995.56 72386.5
9 579.294 579.294 71932.7
4 1877.38 3754.75 72870.9
7 1084.04 1084.04 72586.7
1 1457.99 5831.97 72687.5
0 1536.97 6147.87 73215.1
6 735.538 735.538 72358.2
11 837.87 837.87 72630.7
3 1673.4 1673.4 73394.6
5 1555.04 3110.08 73332.1
10 1837.63 7350.54 73886.6
8 2073.16 2073.16 74180.9
9 1674.75 6699 74628.8
6 2080.25 2080.25 75065.9
2 3278.98 6557.97 76382.9
35
7 862.999 862.999 66774.5
1 317.143 634.286 66294.2
2 129.403 517.611 66581.2
5 1080.63 4322.52 67829.4
11 529.741 529.741 66712
0 222.037 222.037 66727.8
4 674.053 1348.11 66882
3 1115.54 1115.54 67395.2
10 418.552 837.105 66932.2
9 704.34 704.34 67371.5
6 2692.98 2692.98 70280.5
1 442.394 884.787 68664.9
0 772.546 772.546 69730.2
7 864.17 864.17 69381.6
2 698.579 698.579 69296.9
4 637.996 1275.99 69790
10 84.362 84.362 69266.4
11 271.872 1087.49 69492.5
8 3205.87 6411.73 72116.9
5 305.619 1222.48 70079.3
1 908.887 3635.55 71176.8
10 2080.01 4160.03 72084.4
2 1190.07 2380.14 71246.1
3 1754.53 1754.53 72136.9
7 1538.78 3077.56 72452.6
11 1610.96 3221.93 72441.7
0 1989.52 3979.04 73051
4 676.384 1352.77 71938.8
9 256.775 256.775 71627.8
5 2155.17 2155.17 73777
6 943.818 3775.27 72695.1
1 1948.55 3897.1 73902.1
2 1121.19 1121.19 73066.2
9 2108.74 2108.74 74140.6
4 2363.85 2363.85 75470.7
33
7 429.314 429.314 66456
2 160.277 320.555 65878.5
1 238.384 476.769 66569.1
6 1333.67 1333.67 67381.4
3 497.418 497.418 66812.7
10 290.821 581.642 67003.6
5 1154.09 4616.37 67472.5
8 903.794 3615.18 67438.9
11 1374.5 2749 67925.1
4 532.183 532.183 67432.3
2 835.329 3341.32 67980.6
0 329.14 329.14 67207.6
9 1308.32 1308.32 68523.6
7 2872.24 2872.24 70748.1
1 442.753 442.753 69652.3
6 474.106 1896.42 69578.9
0 358.906 358.906 69614.4
3 412.776 412.776 70075.6
2 477.367 1909.47 70233
5 600.689 2402.76 70967.7
9 176.495 176.495 70485.8
4 598.575 598.575 70753.1
8 488.911 1955.64 71376.6
10 579.294 579.294 71932.7
11 430.907 861.814 71424.4
6 729.621 729.621 72232.3
0 1607.38 1607.38 72611.4
1 643.599 643.599 72209.4
2 729.702 1459.4 72319.6
3 470.112 470.112 72512.4
4 2135.54 2135.54 74762.4
7 2041.82 2041.82 74241
5 1080.58 4322.33 73603.3
42
6 384.016 384.016 66119.7
2 163.906 327.812 66296.8
1 136.788 273.577 66901
11 1305.52 5222.08 67952.1
0 793.929 793.929 67780.9
5 1104.56 4418.22 67668.5
7 314.971 314.971 67215.5
10 902.9 1805.8 67987.4
8 1153.71 1153.71 68043.5
4 2015.68 4031.36 69017.6
6 2278.86 4557.72 69757.4
9 1518.7 1518.7 68996.2
2 1598.89 3197.77 69098.5
3 183.29 183.29 67770.8
1 1638.63 3277.25 69861.1
7 772.546 772.546 69730.2
5 1095.18 1095.18 69612.6
3 1230.97 1230.97 69829.3
0 1821.27 3642.54 70973.2
11 1618.83 1618.83 70800.9
10 1398.9 5595.62 70619.5
8 2954.31 5908.63 71865.3
9 1200.3 1200.3 70682.4
4 1106.72 1106.72 70901.9
2 2317.55 2317.55 72334.4
5 1379.4 1379.4 71792.2
7 1487.29 1487.29 72070.4
6 823.816 823.816 71472.3
3 1211.05 1211.05 71867.2
1 823.938 1647.88 71720.8
10 1485.81 2971.62 72691.6
9 2151.47 2151.47 73490.8
11 1650.92 1650.92 73208.1
4 2459.22 2459.22 74807.7
0 1139.75 2279.5 72996.6
6 2265.05 4530.1 74608.8
1 3766.91 3766.91 78834.8
5 2830.29 2830.29 75439
8 1120.76 2241.52 73746.8
3 1757.2 3514.4 74200.2
7 2574.91 2574.91 75397.1
2 1869.62 3739.24 74586.1
33
7 862.711 862.711 66735.4
2 41.8641 83.7281 66748.9
8 1028.6 2057.21 67746.5
1 256.355 512.711 67376.5
6 630.235 630.235 67386.9
10 146.251 292.501 67212.6
0 1223.32 1223.32 68247.7
4 392.961 392.961 67714.2
3 479.232 479.232 68355.1
2 442.753 442.753 69652.3
11 1471.51 5886.03 70576.3
1 358.906 358.906 69614.4
8 505.115 2020.46 70278.8
5 377.796 1511.18 70645.7
7 174.303 348.607 70178.6
4 530.623 1061.25 70586.6
0 1754.53 1754.53 72136.9
10 2232.71 4465.41 73146.6
1 1732.9 3465.8 72563.7
2 1911.61 3823.22 72973.1
7 1663.66 3327.33 72926.1
6 256.775 256.775 71627.8
8 2084.5 8338.02 73314
11 1654.04 6616.18 73332.2
9 655.819 655.819 72278.5
3 301.678 301.678 72094.5
4 1774.21 1774.21 73495.4
5 1409.72 2819.44 73186.8
6 2476.52 9906.07 74525.5
3 2972.25 2972.25 75080
0 2660.92 10643.7 75614.9
9 2000.54 2000.54 74986.2
1 3456.13 6912.26 76560
32
6 384.016 384.016 66119.7
2 163.906 327.812 66296.8
1 136.788 273.577 66901
11 1305.52 5222.08 67952.1
0 793.929 793.929 67780.9
5 1104.56 4418.22 67668.5
7 314.971 314.971 67215.5
10 902.9 1805.8 67987.4
8 1153.71 1153.71 68043.5
4 2015.68 4031.36 69017.6
6 2278.86 4557.72 69757.4
9 1518.7 1518.7 68996.2
2 1598.89 3197.77 69098.5
3 479.232 479.232 68355.1
1 442.753 442.753 69652.3
5 1395.05 5580.21 70499.9
7 358.906 358.906 69614.4
0 412.776 412.776 70075.6
11 608.369 2433.48 70364
8 1544.29 6177.14 71911.3
3 176.495 176.495 70485.8
10 598.575 598.575 70753.1
2 1498.89 5995.56 72386.5
9 579.294 579.294 71932.7
4 1877.38 3754.75 72870.9
7 1084.04 1084.04 72586.7
0 2155.17 2155.17 73777
11 1027.37 4109.49 72778.7
1 506.68 1013.36 72460.2
3 323.674 323.674 72268.7
6 487.702 487.702 72519.5
10 546.88 546.88 73653.7
37
7 429.314 429.314 66456
2 160.277 320.555 65878.5
1 238.384 476.769 66569.1
6 1333.67 1333.67 67381.4
3 497.418 497.418 66812.7
10 290.821 581.642 67003.6
5 1154.09 4616.37 67472.5
8 903.794 3615.18 67438.9
11 1374.5 2749 67925.1
4 532.183 532.183 67432.3
2 835.329 3341.32 67980.6
0 329.14 329.14 67207.6
9 1308.32 1308.32 68523.6
7 2872.24 2872.24 70748.1
1 442.753 442.753 69652.3
6 474.106 1896.42 69578.9
0 358.906 358.906 69614.4
3 412.776 412.776 70075.6
2 477.367 1909.47 70233
5 600.689 2402.76 70967.7
9 176.495 176.495 70485.8
4 598.575 598.575 70753.1
8 488.911 1955.64 71376.6
10 579.294 579.294 71932.7
11 430.907 861.814 71424.4
6 729.621 729.621 72232.3
1 1457.99 5831.97 72687.5
3 1536.97 6147.87 73215.1
0 735.538 735.538 72358.2
2 706.868 706.868 72499.7
9 1673.4 1673.4 73394.6
7 1250.26 2500.51 73027.3
4 1837.63 7350.54 73886.6
5 1129.56 1129.56 73237.3
8 1900.54 7602.16 74854.6
11 1175.5 1175.5 74161.1
10 2103.49 4206.97 75207.4
31
1 849.189 849.189 66762.8
2 147.601 147.601 66142.8
11 896.586 896.586 67523.1
3 216.765 216.765 66896.4
4 910.814 1821.63 67895
0 584.385 584.385 67855.7
10 543.675 1087.35 67942.8
7 829.663 1659.33 67966.4
5 674.956 674.956 68550.8
1 442.753 442.753 69652.3
2 1349.72 5398.9 70454.5
3 358.906 358.906 69614.4
9 838.883 838.883 70321
6 921.172 921.172 70716.3
0 658.604 658.604 70675.4
8 1314.73 1314.73 71727.6
4 708.425 708.425 71291.5
5 423.151 423.151 71071.6
7 143.486 143.486 70799.6
10 153.033 306.067 71049.9
11 189.541 758.163 71419.1
9 845.099 3380.4 72523.2
3 735.538 735.538 72358.2
1 2032.41 2032.41 73825.3
2 2796.87 2796.87 74518.1
0 1583.39 3166.78 73360.4
6 2137.61 8550.45 74186.6
7 1812.36 1812.36 73920.1
10 475.035 1900.14 73429.1
5 1475.08 1475.08 74460.7
4 300.145 600.291 73404
37
1 849.189 849.189 66762.8
2 147.601 147.601 66142.8
11 896.586 896.586 67523.1
3 216.765 216.765 66896.4
4 910.814 1821.63 67895
0 584.385 584.385 67855.7
10 543.675 1087.35 67942.8
7 829.663 1659.33 67966.4
5 472.967 472.967 68060.5
2 442.394 884.787 68664.9
1 772.546 772.546 69730.2
3 1199.38 1199.38 69716.8
9 1272.24 1272.24 69870.6
8 2642.04 5284.09 71794
6 2254.24 2254.24 71436.3
11 271.872 1087.49 69492.5
0 1442.54 2885.08 70353.5
4 412.776 412.776 70075.6
5 608.369 2433.48 70364
2 725.401 2901.6 71092.4
7 1931.35 1931.35 72240.7
10 598.575 598.575 70753.1
11 1555.66 6222.63 72443.3
3 1030.24 1030.24 72383.7
1 1397.52 2795.04 72391
9 1840.13 1840.13 73342.8
4 1315.98 5263.93 72545.5
0 2084.78 8339.12 73762.9
5 1210.62 1210.62 72833.3
10 1053.66 1053.66 72846.5
2 2775.97 2775.97 74497.1
6 1615.69 3231.38 73392.7
8 1870.97 7483.9 73919.9
7 3118.41 3118.41 75226.1
3 2125.7 8502.79 75079.7
1 2142.11 2142.11 75127.7
11 3335.75 6671.51 76439.6
31
7 862.999 862.999 66774.5
1 317.143 634.286 66294.2
2 129.403 517.611 66581.2
5 1080.63 4322.52 67829.4
11 529.741 529.741 66712
0 222.037 222.037 66727.8
4 674.053 1348.11 66882
3 1115.54 1115.54 67395.2
10 418.552 837.105 66932.2
9 704.34 704.34 67371.5
1 560.142 1120.28 68908.3
8 3204.71 6409.41 71079.1
0 365.636 365.636 68932.3
4 244.034 244.034 69105
2 583.49 583.49 69744.8
3 601.3 601.3 69963.3
5 864.134 864.134 70346.2
7 341.125 341.125 70136.3
9 658.604 658.604 70675.4
6 888.924 888.924 71301.8
10 708.425 708.425 71291.5
0 423.151 423.151 71071.6
1 143.486 143.486 70799.6
4 153.033 306.067 71049.9
11 1841.07 1841.07 72845.1
2 643.599 643.599 72209.4
7 1709.49 3418.98 73299.4
3 999.48 999.48 73041.7
1 2135.54 2135.54 74762.4
5 2041.82 2041.82 74241
4 763.329 3053.32 73286.1
37
7 862.999 862.999 66774.5
1 317.143 634.286 66294.2
2 129.403 517.611 66581.2
5 1080.63 4322.52 67829.4
11 529.741 529.741 66712
0 222.037 222.037 66727.8
4 674.053 1348.11 66882
3 1115.54 1115.54 67395.2
10 418.552 837.105 66932.2
9 704.34 704.34 67371.5
1 136.422 272.844 68363.5
0 617.584 617.584 69300.6
2 158.714 634.856 68708.8
4 1033.19 1033.19 69691.1
7 591.356 591.356 69356.8
3 526.64 526.64 69702.1
9 621.485 621.485 69972.2
5 864.134 864.134 70346.2
6 921.172 921.172 70716.3
1 658.604 658.604 70675.4
8 1314.73 1314.73 71727.6
2 708.425 708.425 71291.5
10 423.151 423.151 71071.6
0 1859.9 1859.9 72516
7 153.033 306.067 71049.9
11 480.98 961.96 71686.7
3 538.611 538.611 71877.9
4 2120.59 2120.59 73677.7
5 702.893 702.893 73051.4
1 820.941 1641.88 72677.8
6 1126.89 2253.79 73470.6
9 3096.92 3096.92 78164.9
7 410.542 410.542 73019.2
10 741.611 1483.22 73367.7
2 1159.32 2318.63 73602.3
11 694.982 694.982 73517.2
8 2093.31 4186.63 74809.8
27
1 849.189 849.189 66762.8
2 147.601 147.601 66142.8
11 896.586 896.586 67523.1
3 216.765 216.765 66896.4
4 910.814 1821.63 67895
0 584.385 584.385 67855.7
10 543.675 1087.35 67942.8
7 829.663 1659.33 67966.4
5 674.956 674.956 68550.8
1 442.753 442.753 69652.3
2 1349.72 5398.9 70454.5
3 358.906 358.906 69614.4
9 838.883 838.883 70321
6 921.172 921.172 70716.3
0 658.604 658.604 70675.4
8 1314.73 1314.73 71727.6
4 708.425 708.425 71291.5
5 423.151 423.151 71071.6
7 143.486 143.486 70799.6
10 153.033 306.067 71049.9
11 1841.07 1841.07 72845.1
3 643.599 643.599 72209.4
1 1706.75 3413.5 73296.7
9 1494.92 1494.92 73537.2
6 527.276 527.276 73154.1
0 2041.82 2041.82 74241
2 939.161 3756.65 73461.9
39
7 429.314 429.314 66456
2 160.277 320.555 65878.5
1 238.384 476.769 66569.1
6 1333.67 1333.67 67381.4
3 497.418 497.418 66812.7
10 290.821 581.642 67003.6
5 1154.09 4616.37 67472.5
8 903.794 3615.18 67438.9
11 1374.5 2749 67925.1
4 532.183 532.183 67432.3
2 835.329 3341.32 67980.6
0 329.14 329.14 67207.6
9 1308.32 1308.32 68523.6
7 3096.87 6193.73 71445
1 1233.9 2467.8 69108.3
3 613.301 613.301 69179.9
0 244.034 244.034 69105
10 583.49 583.49 69744.8
4 601.3 601.3 69963.3
5 560.149 2240.6 69913.6
8 1059.06 1059.06 70877.2
11 170.653 170.653 70033.1
2 1000.33 2000.66 71468.9
6 1316.29 1316.29 71732.3
0 978.282 1956.56 71415.8
1 2240.09 4480.17 72615
3 1435.26 2870.52 72129.2
9 678.936 678.936 71779.7
10 957.152 1914.3 71986.4
5 1506.41 1506.41 73002.3
4 508.393 1016.79 72261.4
11 819.836 819.836 72451.2
8 1410.37 2820.73 72899
0 1523.82 1523.82 73418.1
7 2222.74 8890.95 73969.4
2 1578.8 3157.61 74334.7
6 2479.78 2479.78 74783.4
9 2266.04 4532.09 74482.8
10 2354.88 2354.88 75295.7
33
7 862.999 862.999 66774.5
1 317.143 634.286 66294.2
2 129.403 517.611 66581.2
5 1080.63 4322.52 67829.4
11 529.741 529.741 66712
0 222.037 222.037 66727.8
4 674.053 1348.11 66882
3 1115.54 1115.54 67395.2
10 418.552 837.105 66932.2
9 704.34 704.34 67371.5
8 3194.61 6389.22 70567.8
6 2263.73 2263.73 70358.2
1 486.216 486.216 68469.5
0 485.244 485.244 68653.8
2 472.436 944.871 68889.3
11 204.495 817.978 68801.2
4 532.641 1065.28 69828.6
9 257.621 257.621 69212.7
5 953.555 3814.22 69902.9
3 864.134 864.134 70346.2
7 341.125 341.125 70136.3
1 658.604 658.604 70675.4
10 1431.41 1431.41 71844.3
0 708.425 708.425 71291.5
2 423.151 423.151 71071.6
9 143.486 143.486 70799.6
11 153.033 306.067 71049.9
5 340.423 340.423 71962.3
3 499.543 1998.17 72250.8
4 506.68 1013.36 72460.2
6 323.674 323.674 72268.7
8 487.702 487.702 72519.5
1 546.88 546.88 73653.7
33
7 862.711 862.711 66735.4
2 41.8641 83.7281 66748.9
8 1028.6 2057.21 67746.5
1 256.355 512.711 67376.5
6 630.235 630.235 67386.9
10 146.251 292.501 67212.6
0 1223.32 1223.32 68247.7
4 392.961 392.961 67714.2
5 472.967 472.967 68060.5
11 443.86 887.72 68666.3
2 772.546 772.546 69730.2
7 864.17 864.17 69381.6
10 698.579 698.579 69296.9
1 632.402 1264.8 69784.4
3 539.823 539.823 69721.9
4 235.62 942.482 69456.2
8 2657.3 5314.61 71568.3
5 412.776 412.776 70075.6
11 1205.3 4821.21 70961
10 1613.07 6452.27 71980.1
9 879.621 879.621 71189
6 598.575 598.575 70753.1
7 570.333 2281.33 71458
0 1415.48 1415.48 72768.9
4 485.103 970.205 71478.6
3 959.343 959.343 72462
2 825.621 825.621 71829.6
1 643.599 643.599 72209.4
5 420.342 840.685 72010.3
6 684.455 684.455 72726.7
11 2463.75 2463.75 75090.6
9 1894.19 1894.19 74093.4
7 1527.33 6109.31 74050.1
41
7 429.314 429.314 66456
2 160.277 320.555 65878.5
1 238.384 476.769 66569.1
6 1333.67 1333.67 67381.4
3 497.418 497.418 66812.7
10 290.821 581.642 67003.6
5 1154.09 4616.37 67472.5
8 903.794 3615.18 67438.9
11 1374.5 2749 67925.1
4 532.183 532.183 67432.3
2 835.329 3341.32 67980.6
0 329.14 329.14 67207.6
9 1308.32 1308.32 68523.6
1 136.422 272.844 68363.5
3 617.584 617.584 69300.6
10 411.702 1646.81 68961.8
0 1033.19 1033.19 69691.1
7 591.356 591.356 69356.8
4 526.64 526.64 69702.1
5 621.485 621.485 69972.2
6 412.776 412.776 70075.6
2 477.367 1909.47 70233
11 600.689 2402.76 70967.7
9 176.495 176.495 70485.8
1 598.575 598.575 70753.1
8 488.911 1955.64 71376.6
7 579.294 579.294 71932.7
10 430.907 861.814 71424.4
3 727.947 727.947 72230.6
4 480.98 961.96 71686.7
0 538.611 538.611 71877.9
2 594.87 594.87 72152
6 702.893 702.893 73051.4
5 559.044 1118.09 72415.9
1 2120.06 4240.12 74463.8
9 3039.87 3039.87 78107.8
11 206.487 206.487 72815.2
8 2434.05 4868.11 75060.1
10 1545.98 3091.96 73989
4 694.982 694.982 73517.2
0 1413.16 2826.31 74129.6
31
1 849.189 849.189 66762.8
2 147.601 147.601 66142.8
11 896.586 896.586 67523.1
3 216.765 216.765 66896.4
4 910.814 1821.63 67895
0 584.385 584.385 67855.7
10 543.675 1087.35 67942.8
7 829.663 1659.33 67966.4
2 136.422 272.844 68363.5
1 617.584 617.584 69300.6
5 519.48 2077.92 69069.6
3 1033.19 1033.19 69691.1
9 309.414 309.414 69074.9
11 526.64 526.64 69702.1
6 2672.25 2672.25 72022.9
8 2256.2 9024.8 72029.9
2 667.631 2670.52 70935.6
7 174.303 348.607 70178.6
4 530.623 1061.25 70586.6
0 1754.53 1754.53 72136.9
10 2232.71 4465.41 73146.6
1 315.826 631.652 71146.6
5 606.629 1213.26 71668.1
3 1121.56 2243.13 72384
9 256.775 256.775 71627.8
11 2155.17 2155.17 73777
4 1357.88 5431.54 73109.2
7 506.68 1013.36 72460.2
2 1030.76 1030.76 72975.8
1 2927.16 2927.16 74959
9 1300.62 1300.62 74407.4
34
7 862.711 862.711 66735.4
2 41.8641 83.7281 66748.9
8 1028.6 2057.21 67746.5
1 256.355 512.711 67376.5
6 630.235 630.235 67386.9
10 146.251 292.501 67212.6
0 1223.32 1223.32 68247.7
4 392.961 392.961 67714.2
5 472.967 472.967 68060.5
11 443.86 887.72 68666.3
2 772.546 772.546 69730.2
7 864.17 864.17 69381.6
10 698.579 698.579 69296.9
1 632.402 1264.8 69784.4
3 539.823 539.823 69721.9
4 235.62 942.482 69456.2
8 2657.3 5314.61 71568.3
5 1018.58 2037.16 70922.8
6 1008.6 1008.6 70348.1
9 1446.52 1446.52 70999.4
0 208.448 208.448 70264.1
11 784.652 3138.61 70750.4
10 1635.2 1635.2 71845.7
7 1968.1 1968.1 72314.2
4 1245.16 2490.32 71530.2
3 1967.75 7871.02 72643.6
2 1286.02 1286.02 72421.9
1 1335.44 1335.44 72339.4
0 1665.24 1665.24 73231
6 1282.49 2564.99 72872.4
11 1136.04 1136.04 73178.3
5 1150.5 1150.5 73777.3
9 966.495 966.495 73165.7
4 1780.36 7121.44 74303.1
29
7 862.999 862.999 66774.5
1 317.143 634.286 66294.2
2 129.403 517.611 66581.2
5 1080.63 4322.52 67829.4
11 529.741 529.741 66712
0 222.037 222.037 66727.8
4 674.053 1348.11 66882
3 1115.54 1115.54 67395.2
10 418.552 837.105 66932.2
9 704.34 704.34 67371.5
6 2325.12 2325.12 70200.9
0 442.753 442.753 69652.3
2 1349.72 5398.9 70454.5
1 358.906 358.906 69614.4
3 864.134 864.134 70346.2
7 341.125 341.125 70136.3
4 658.604 658.604 70675.4
8 1314.73 1314.73 71727.6
5 708.425 708.425 71291.5
9 423.151 423.151 71071.6
10 143.486 143.486 70799.6
11 153.033 306.067 71049.9
1 1607.38 1607.38 72611.4
0 643.599 643.599 72209.4
7 1709.49 3418.98 73299.4
6 470.112 470.112 72512.4
2 527.276 527.276 73154.1
3 2041.82 2041.82 74241
11 763.329 3053.32 73286.1
30
7 862.711 862.711 66735.4
2 41.8641 83.7281 66748.9
8 1028.6 2057.21 67746.5
1 256.355 512.711 67376.5
6 630.235 630.235 67386.9
10 146.251 292.501 67212.6
0 1223.32 1223.32 68247.7
4 392.961 392.961 67714.2
11 1060.08 2120.16 69408.2
5 440.456 880.913 68314.8
2 365.636 365.636 68932.3
3 567.114 567.114 69428.1
10 583.49 583.49 69744.8
1 601.3 601.3 69963.3
4 412.776 412.776 70075.6
8 608.369 2433.48 70364
5 600.689 2402.76 70967.7
6 176.495 176.495 70485.8
0 598.575 598.575 70753.1
2 1498.89 5995.56 72386.5
11 579.294 579.294 71932.7
7 1877.38 3754.75 72870.9
3 1272.63 1272.63 72775.3
9 2185.38 2185.38 73189.4
10 643.599 643.599 72209.4
4 420.342 840.685 72010.3
1 999.48 999.48 73041.7
0 2135.54 2135.54 74762.4
6 2041.82 2041.82 74241
8 939.161 3756.65 73461.9
41
6 384.016 384.016 66119.7
2 163.906 327.812 66296.8
1 136.788 273.577 66901
11 1305.52 5222.08 67952.1
0 793.929 793.929 67780.9
5 1104.56 4418.22 67668.5
7 314.971 314.971 67215.5
10 902.9 1805.8 67987.4
8 1153.71 1153.71 68043.5
4 2015.68 4031.36 69017.6
6 2278.86 4557.72 69757.4
9 1518.7 1518.7 68996.2
2 1598.89 3197.77 69098.5
3 183.29 183.29 67770.8
1 1638.63 3277.25 69861.1
7 772.546 772.546 69730.2
5 1095.18 1095.18 69612.6
3 1230.97 1230.97 69829.3
0 1821.27 3642.54 70973.2
11 1618.83 1618.83 70800.9
10 1398.9 5595.62 70619.5
8 2954.31 5908.63 71865.3
9 1200.3 1200.3 70682.4
4 1106.72 1106.72 70901.9
2 2317.55 2317.55 72334.4
5 1379.4 1379.4 71792.2
7 1487.29 1487.29 72070.4
6 823.816 823.816 71472.3
3 1211.05 1211.05 71867.2
1 823.938 1647.88 71720.8
10 988.804 1977.61 72018.1
9 1316.24 1316.24 72812.1
11 1788.37 3576.74 73541.4
4 3360.23 3360.23 74991.6
0 1506.43 3012.85 72995.1
6 2522.88 2522.88 74417.2
1 2060.75 8242.99 73807.4
5 2647.21 5294.43 75403.1
8 1973.38 1973.38 74277
3 1720.04 3440.07 73936.8
10 2386.54 2386.54 75327.4
37
6 384.016 384.016 66119.7
2 163.906 327.812 66296.8
1 136.788 273.577 66901
11 1305.52 5222.08 67952.1
0 793.929 793.929 67780.9
5 1104.56 4418.22 67668.5
7 314.971 314.971 67215.5
10 902.9 1805.8 67987.4
8 1153.71 1153.71 68043.5
4 2015.68 4031.36 69017.6
6 2278.86 4557.72 69757.4
9 1518.7 1518.7 68996.2
2 1598.89 3197.77 69098.5
1 1042.23 2084.47 69269.3
3 1053.7 1053.7 69736.7
7 3143.74 12575 71693.8
5 1007.99 1007.99 69665.9
0 2306.04 2306.04 71071.5
11 822.619 822.619 69998
10 1575.46 1575.46 70926.2
8 1726.11 6904.43 71499.8
9 1294.13 5176.51 71562.1
4 553.913 1107.83 70558.3
2 1391.46 2782.93 71447.5
1 1942.41 1942.41 72324.8
5 1823.11 3646.22 72737
3 924.211 1848.42 71755
6 1481.32 2962.64 72542.8
11 1664.45 3328.9 72926.9
4 2979.34 2979.34 74350.4
10 3271.49 3271.49 74275.5
0 1500.67 1500.67 73066.4
2 2079.4 4158.8 73669.3
8 2597.75 2597.75 74640
9 1943.11 1943.11 74570
7 2597.48 2597.48 74796.7
3 1824.34 7297.36 74347.1
36
7 429.314 429.314 66456
2 160.277 320.555 65878.5
1 238.384 476.769 66569.1
6 1333.67 1333.67 67381.4
3 497.418 497.418 66812.7
10 290.821 581.642 67003.6
5 1154.09 4616.37 67472.5
8 903.794 3615.18 67438.9
11 1374.5 2749 67925.1
4 532.183 532.183 67432.3
2 835.329 3341.32 67980.6
0 329.14 329.14 67207.6
9 1308.32 1308.32 68523.6
7 3456.49 3456.49 71044
1 1306.71 2613.43 69529.2
0 772.546 772.546 69730.2
3 1199.38 1199.38 69716.8
10 698.579 698.579 69296.9
6 1421.82 2843.64 70573.8
4 286.392 286.392 69468.5
5 271.872 1087.49 69492.5
8 481.123 962.246 69392.1
2 623.235 623.235 70105.3
11 1739.21 1739.21 71534.4
9 320.451 320.451 70337.3
10 2433.74 2433.74 72846.6
8 1612.68 1612.68 72195.8
4 534.928 534.928 71183.4
5 258.637 258.637 70914.8
1 492.025 984.049 71388.9
0 340.423 340.423 71962.3
2 699.885 2799.54 72451.2
6 1345.52 2691.05 73299.1
3 323.674 323.674 72268.7
9 487.702 487.702 72519.5
5 546.88 546.88 73653.7
37
6 384.016 384.016 66119.7
2 163.906 327.812 66296.8
1 136.788 273.577 66901
11 1305.52 5222.08 67952.1
0 793.929 793.929 67780.9
5 1104.56 4418.22 67668.5
7 314.971 314.971 67215.5
10 902.9 1805.8 67987.4
8 1153.71 1153.71 68043.5
4 2015.68 4031.36 69017.6
6 2278.86 4557.72 69757.4
9 1518.7 1518.7 68996.2
2 1598.89 3197.77 69098.5
3 479.232 479.232 68355.1
1 442.753 442.753 69652.3
5 1395.05 5580.21 70499.9
7 358.906 358.906 69614.4
0 412.776 412.776 70075.6
11 608.369 2433.48 70364
8 1544.29 6177.14 71911.3
3 176.495 176.495 70485.8
10 598.575 598.575 70753.1
2 1498.89 5995.56 72386.5
9 579.294 579.294 71932.7
4 1877.38 3754.75 72870.9
7 1084.04 1084.04 72586.7
1 1457.99 5831.97 72687.5
0 1536.97 6147.87 73215.1
6 735.538 735.538 72358.2
11 837.87 837.87 72630.7
3 1673.4 1673.4 73394.6
5 1555.04 3110.08 73332.1
10 1837.63 7350.54 73886.6
8 2073.16 2073.16 74180.9
9 1674.75 6699 74628.8
6 2080.25 2080.25 75065.9
2 3278.98 6557.97 76382.9
