43
16 79.3661 158.732 65846
2 163.906 327.812 66296.8
13 218.657 437.314 66424.8
1 136.788 273.577 66901
14 1004.25 4016.99 67650.8
17 173.336 693.346 66737.2
10 902.9 1805.8 67987.4
7 403.391 403.391 67293.2
6 460.567 460.567 67119.8
8 1080.91 2161.82 68082.8
16 381.19 762.38 67859.7
11 1305.41 1305.41 68782.9
17 1198.03 2396.05 68697.6
3 183.29 183.29 67770.8
2 196.831 393.662 68419.3
1 131.957 131.957 69089.6
13 322.489 322.489 68839.9
0 571.952 571.952 69170.3
5 424.478 848.955 69576.5
12 282.965 282.965 69465
14 1291.61 5166.44 70512.2
4 415.709 831.419 69326.7
2 907.617 3630.47 70681.3
11 1080.84 4323.35 71348.8
7 174.303 348.607 70178.6
16 632.024 1264.05 70688
6 342.419 342.419 70724.8
8 471.347 942.693 71385.2
10 141.758 283.515 70972.5
4 491.846 983.691 71553.3
5 466.421 932.843 71728.8
0 309.827 309.827 71680.9
7 432.51 432.51 72054.4
6 892.719 892.719 72722.6
17 746.539 2986.16 72497.8
1 373.959 747.918 72611.6
16 149.022 298.045 72140
14 554.517 2218.07 72586.3
13 316.549 316.549 72801.1
2 160.333 320.666 72418.4
11 1379.82 5519.27 74381.6
3 284.371 284.371 73041.4
8 414.217 414.217 73363.2
38
17 107.492 214.983 65816.5
1 560.135 1120.27 66625.8
2 138.252 553.007 66380.3
7 532.873 1065.75 67370.6
10 267.027 534.054 67040.2
14 677.949 2711.8 67932.6
13 200.483 400.966 67349.9
16 387.22 387.22 68294.1
4 404.193 808.386 67777.4
0 264.774 264.774 68359.2
2 150.675 150.675 68134
3 215.186 215.186 68383.7
10 176.697 353.395 68593.6
11 338.613 1354.45 68935.3
13 714.931 1429.86 70010.9
15 17.5808 17.5808 68972.7
17 859.787 3439.15 69809.1
14 217.783 435.566 70122
16 655.578 655.578 69995.1
0 800.872 800.872 70353.7
4 343.19 343.19 70398.8
2 306.355 1225.42 70272.1
5 300.169 300.169 70510.7
12 381.717 381.717 70727.8
10 150.877 301.753 70435.9
11 679.878 2719.51 71355.7
15 80.9696 80.9696 71216.8
8 214.852 214.852 71267
13 967.147 1934.29 72495.4
2 701.259 2805.04 72267
1 211.256 211.256 71955.8
7 606.374 1212.75 72410.5
3 171.199 171.199 71764.4
6 317.346 317.346 72361.9
14 91.5355 91.5355 72294.2
8 815.122 815.122 73289.2
15 1520.45 1520.45 74147.3
4 565.609 1131.22 73110.1
40
7 672.336 1344.67 67073.5
1 220.598 441.196 66108.2
2 116.881 467.526 66622.6
17 97.3534 389.414 66377
13 182.899 182.899 66632.5
16 430.587 861.173 67446.3
17 532.589 2130.35 68465.3
10 106.823 213.645 67887.1
6 591.968 591.968 68191.4
2 722.573 1445.15 69001.6
7 766.434 1532.87 69007.4
14 167.288 334.575 68448.6
1 1275.33 2550.66 69836.1
13 247.625 495.251 68500.9
12 121.85 121.85 68729.3
0 174.094 174.094 68593.6
8 1250.26 5001.05 69919.6
3 180.892 180.892 68651.3
15 1265.67 1265.67 69638.1
4 262.589 525.179 69084.4
10 502.089 502.089 70164.9
5 327.903 1311.61 70083.6
14 509.177 2036.71 70876.2
13 243.8 243.8 70553.1
3 708.564 708.564 70863.1
17 438.51 1754.04 71326.2
4 56.9204 56.9204 71410.4
2 200.358 400.715 71193.8
0 148.09 148.09 71650.8
16 340.423 340.423 71962.3
1 248.819 248.819 72078.7
11 518.277 2073.11 72269.6
10 422.322 844.644 72660
13 231.426 462.852 72222.4
5 745.788 2983.15 72777.6
6 429.398 429.398 72914
14 292.264 584.529 72550.3
2 165.991 663.962 73167.8
3 230.457 230.457 72987.5
7 367.682 367.682 73316.7
36
7 515.81 1031.62 66679.7
16 321.011 642.023 66945.8
17 368.643 1474.57 67333.1
14 330.891 330.891 67961
8 1108.7 2217.4 68379.6
13 39.193 78.386 67479.9
2 147.542 147.542 67735.1
10 168.496 336.992 68391
17 332.504 332.504 69290.2
16 710.257 710.257 69227.7
0 571.952 571.952 69170.3
11 236.961 473.923 69388.9
1 84.362 84.362 69266.4
2 256.523 1026.09 69477.1
4 607.767 1215.53 69518.8
13 418.301 836.601 70322.5
14 322.505 322.505 69662
15 987.791 987.791 70540.6
10 320.997 320.997 70376.6
5 493.315 1973.26 70459.1
3 174.109 174.109 70384.6
12 381.717 381.717 70727.8
4 769.779 1539.56 71054.8
2 1215.56 4862.25 71891.4
1 546.049 546.049 71681.9
6 272 272 71893.9
7 279.407 279.407 72109.3
11 461.247 1844.99 72212.6
17 188.805 377.61 72426.4
10 404.898 809.795 72395.9
5 371.276 1485.1 72403.1
3 234.881 234.881 72719.4
13 339.82 679.64 72597.9
8 1474.61 5898.45 74476.4
16 202.199 202.199 72959.3
14 367.682 367.682 73316.7
35
7 672.336 1344.67 67073.5
1 220.598 441.196 66108.2
2 116.881 467.526 66622.6
17 97.3534 389.414 66377
13 182.899 182.899 66632.5
16 430.587 861.173 67446.3
3 183.29 183.29 67770.8
10 168.496 336.992 68391
13 358.694 358.694 69316.3
1 354.731 354.731 68872.2
0 571.952 571.952 69170.3
14 164.375 328.75 69316.4
12 282.965 282.965 69465
17 71.4152 285.661 69292
4 415.709 831.419 69326.7
3 403.026 403.026 70065.8
5 327.903 1311.61 70083.6
11 1045.73 4182.91 71412.8
15 409.132 409.132 70718.5
0 482.845 482.845 70637.4
2 488.911 1955.64 71376.6
17 216.565 216.565 71570
1 623.288 1246.58 71616.8
10 202.678 202.678 71705.4
14 978.11 978.11 72473.9
5 108.47 216.94 71861.5
9 243.809 243.809 71875.2
13 367.19 367.19 72163.8
3 1121.17 1121.17 73015.5
5 2201.42 8805.67 73948
4 699.977 1399.95 73455.8
15 919.022 919.022 73222.6
1 1920.41 3840.83 74137.2
8 382.709 382.709 72863
6 293.873 293.873 73324.1
34
17 107.492 214.983 65816.5
1 560.135 1120.27 66625.8
2 138.252 553.007 66380.3
7 532.873 1065.75 67370.6
10 267.027 534.054 67040.2
14 677.949 2711.8 67932.6
13 200.483 400.966 67349.9
16 387.22 387.22 68294.1
2 637.295 1274.59 68985.4
3 49.2669 49.2669 68343
12 177.053 177.053 68743.7
11 457.758 457.758 69186
0 146.092 146.092 69007
10 614.215 614.215 70096.3
1 341.125 341.125 70136.3
14 620.236 620.236 70637.1
13 152.026 152.026 70564.9
2 403.062 403.062 70986.2
0 323.303 323.303 70971.8
15 208.017 208.017 70864.2
4 626.377 1252.75 71523.2
3 247.36 247.36 71463.4
10 685.552 685.552 71784.8
11 481.176 481.176 71823.4
8 349.34 349.34 71806.9
12 1077.62 1077.62 73039.5
7 854.716 854.716 72283.3
1 239.489 478.977 72010.3
6 421.926 421.926 72272.3
16 358.462 358.462 72445.7
5 509.237 1018.47 72938.1
14 241.594 483.189 72867.3
2 350.306 350.306 72618.5
17 314.971 314.971 73042.5
36
7 515.81 1031.62 66679.7
16 321.011 642.023 66945.8
17 368.643 1474.57 67333.1
14 330.891 330.891 67961
8 1108.7 2217.4 68379.6
13 39.193 78.386 67479.9
6 435.485 435.485 68200.1
5 264.96 1059.84 68113.2
1 78.1829 78.1829 67954
11 1818.88 7275.53 69789.8
15 595.465 595.465 69113.8
7 269.521 269.521 68548.9
16 193.471 193.471 69403
14 1053.71 1053.71 70158.5
2 82.2175 164.435 69691.7
13 418.301 836.601 70322.5
17 81.6342 81.6342 69421.1
1 640.436 640.436 70193.3
0 261.378 261.378 70317
5 941.634 3766.53 70907.4
10 151.931 151.931 70362.5
12 381.717 381.717 70727.8
4 415.709 831.419 70700.7
2 1430.12 5720.48 72105.9
15 670.341 670.341 71806.2
7 214.852 214.852 71267
16 1086.09 2172.18 72614.4
5 1336.54 5346.15 72902.3
11 130.563 130.563 71875.1
8 606.374 1212.75 72410.5
3 178.866 178.866 71772.1
6 321.454 321.454 72366
14 216.832 216.832 72419.5
7 815.122 815.122 73289.2
0 1304.8 1304.8 73931.7
1 507.688 1015.38 73052.2
36
17 107.492 214.983 65816.5
1 560.135 1120.27 66625.8
2 138.252 553.007 66380.3
7 532.873 1065.75 67370.6
10 267.027 534.054 67040.2
14 677.949 2711.8 67932.6
13 200.483 400.966 67349.9
16 387.22 387.22 68294.1
2 637.295 1274.59 68985.4
3 49.2669 49.2669 68343
12 177.053 177.053 68743.7
11 457.758 457.758 69186
0 146.092 146.092 69007
5 305.098 1220.39 69734.5
15 382.669 382.669 69878.2
1 220.063 440.126 69988.5
14 272.602 545.204 70092.3
10 420.512 420.512 70492.2
4 110.598 110.598 70859.9
2 173.813 347.626 71136.2
11 596.928 2387.71 71937.1
5 934.866 3739.46 72003.4
14 1956.43 3912.86 72919.2
4 1786.17 3572.34 72859.9
10 2542.86 5085.72 73318.2
8 214.852 214.852 71267
1 2486.72 4973.45 74015
2 2537.38 10149.5 74103.2
7 211.256 211.256 71955.8
13 606.374 1212.75 72410.5
3 171.199 171.199 71764.4
6 317.346 317.346 72361.9
0 258.896 258.896 72461.6
12 507.341 507.341 72981.4
16 527.276 527.276 73154.1
5 1167.93 2335.87 73712.5
38
17 567.971 567.971 66481.6
12 71.4559 71.4559 66066.7
14 580.914 580.914 67207.4
2 71.4152 71.4152 66751
1 412.849 825.698 67397
0 584.385 584.385 67855.7
13 262.072 524.143 67661.2
17 622.364 1244.73 67759.1
3 183.29 183.29 67770.8
10 168.496 336.992 68391
2 339.369 339.369 69297
14 59.3494 59.3494 68576.8
16 923.389 923.389 69521.7
11 236.961 473.923 69388.9
15 317.711 317.711 69499.8
5 467.178 1868.71 69687.8
4 415.709 831.419 69326.7
17 687.221 2748.88 70460.9
14 1623.8 6495.21 71891.7
7 174.303 348.607 70178.6
10 499.723 999.446 70555.7
1 310.198 310.198 70692.6
8 683.747 1367.49 71597.6
13 220.388 440.775 71051.2
4 491.846 983.691 71553.3
11 364.394 728.788 71626.8
16 320.618 320.618 71691.7
5 463.334 1853.34 71692.9
2 1116.43 4465.71 72794.5
9 655.819 655.819 72278.5
15 188.905 188.905 71981.8
3 350.806 350.806 72072
17 731.951 1463.9 72509
11 1703.76 6815.04 73752.7
0 264.985 264.985 72372.7
5 1118.03 4472.11 74072
1 132.149 132.149 73117.8
10 139.084 278.168 73243
34
7 672.336 1344.67 67073.5
1 220.598 441.196 66108.2
2 116.881 467.526 66622.6
17 97.3534 389.414 66377
13 182.899 182.899 66632.5
16 430.587 861.173 67446.3
17 746.319 1492.64 69094.5
3 49.2669 49.2669 68343
12 177.053 177.053 68743.7
14 163.252 163.252 68891.5
0 146.092 146.092 69007
5 305.098 1220.39 69734.5
15 382.669 382.669 69878.2
13 193.652 387.304 69962.1
17 902.129 1804.26 70721.8
16 507.76 507.76 70579.4
4 110.598 110.598 70859.9
14 812.281 1624.56 71774.7
11 104.437 417.748 71444.6
5 934.866 3739.46 72003.4
10 136.098 272.196 71098.8
4 1786.17 3572.34 72859.9
10 2334.82 4669.65 73110.2
17 1962.19 7848.77 73191.7
2 1058.82 4235.27 72736.9
15 597.991 597.991 72220.7
3 517.803 517.803 72310.7
9 246.11 246.11 71967.3
16 850.489 1700.98 72627.5
11 1521.56 6086.24 73570.5
0 241.455 241.455 72349.2
14 904.633 3618.53 73858.6
1 517.918 517.918 73503.5
13 855.222 1710.44 73959.1
43
17 567.971 567.971 66481.6
12 71.4559 71.4559 66066.7
14 580.914 580.914 67207.4
2 71.4152 71.4152 66751
1 412.849 825.698 67397
0 584.385 584.385 67855.7
13 262.072 524.143 67661.2
17 622.364 1244.73 67759.1
11 982.666 3930.66 68915.4
10 106.823 213.645 67887.1
7 121.033 121.033 67720.5
16 661.261 1322.52 68940.3
14 1018.39 2036.77 69259.3
2 311.073 622.146 68592.4
8 556.5 1113 69117.2
4 571.342 1142.68 68824.6
3 135.916 135.916 68743.4
15 184.627 184.627 68604.1
17 1113.79 4455.16 69783.1
5 470.811 470.811 68941.2
12 417.712 417.712 68790.1
13 750.964 1501.93 69572.7
2 1080.74 4322.96 70854.4
5 1232.36 4929.45 71500.3
7 174.303 348.607 70178.6
16 502.345 1004.69 70558.4
1 310.198 310.198 70692.6
14 719.109 1438.22 71633
10 543.733 1087.47 71374.5
13 802.607 1605.21 71864.1
4 799.508 1599.02 72061.9
3 483.946 483.946 71855
8 310.595 310.595 71362.8
11 658.22 1316.44 72186.5
17 2506.5 10026 74072.3
0 211.256 211.256 71955.8
7 725.731 1451.46 72529.9
9 510.891 510.891 72104.1
6 317.346 317.346 72361.9
15 381.194 381.194 72583.9
1 658.106 658.106 73132.2
10 995.363 995.363 73622.2
16 419.748 839.496 72964.3
38
7 672.336 1344.67 67073.5
1 220.598 441.196 66108.2
2 116.881 467.526 66622.6
17 97.3534 389.414 66377
13 182.899 182.899 66632.5
16 430.587 861.173 67446.3
3 183.29 183.29 67770.8
10 168.496 336.992 68391
13 358.694 358.694 69316.3
1 354.731 354.731 68872.2
0 571.952 571.952 69170.3
14 164.375 328.75 69316.4
12 282.965 282.965 69465
17 71.4152 285.661 69292
4 415.709 831.419 69326.7
11 870.433 3481.73 70644.1
5 377.796 1511.18 70645.7
7 174.303 348.607 70178.6
10 499.723 999.446 70555.7
16 253.095 253.095 70635.5
2 471.347 942.693 71385.2
13 504.96 1009.92 71335.7
4 491.846 983.691 71553.3
14 744.592 1489.18 72007
0 309.827 309.827 71680.9
15 330.368 330.368 71546.4
17 810.354 810.354 71909.6
1 408.041 408.041 71750.2
8 349.34 349.34 71806.9
12 558.649 558.649 72520.6
11 688.696 688.696 72117.3
7 277.63 555.259 72048.5
6 421.926 421.926 72272.3
3 358.462 358.462 72445.7
5 581.554 1163.11 73010.4
10 403.524 807.048 73029.3
16 792.726 792.726 73060.9
13 619.025 619.025 73346.5
38
17 567.971 567.971 66481.6
12 71.4559 71.4559 66066.7
14 580.914 580.914 67207.4
2 71.4152 71.4152 66751
1 412.849 825.698 67397
0 584.385 584.385 67855.7
13 262.072 524.143 67661.2
17 622.364 1244.73 67759.1
8 353.488 353.488 68118.1
5 264.96 1059.84 68113.2
15 310.359 310.359 68186.2
14 1484.49 5937.97 69455.4
12 192.398 192.398 68710.7
7 269.521 269.521 68548.9
2 313.651 313.651 69523.2
17 851.839 851.839 69956.7
10 221.606 443.213 69831.1
11 870.433 3481.73 70644.1
5 164.248 656.993 70432.2
7 174.303 348.607 70178.6
16 615.574 1231.15 70671.6
1 310.198 310.198 70692.6
8 508.494 1016.99 71422.4
13 220.388 440.775 71051.2
4 284.409 568.817 71345.9
2 1006.74 2013.47 72269.1
12 421.633 421.633 71792.7
6 272 272 71893.9
0 279.407 279.407 72109.3
5 585.488 2341.95 72336.8
10 166.784 333.568 72404.4
16 132.573 265.146 72123.6
11 1757.8 7031.21 73789.6
15 429.398 429.398 72914
1 908.725 1817.45 73166.8
14 1474.61 5898.45 74476.4
4 428.224 428.224 73185.3
7 367.682 367.682 73316.7
37
17 567.971 567.971 66481.6
12 71.4559 71.4559 66066.7
14 580.914 580.914 67207.4
2 71.4152 71.4152 66751
1 412.849 825.698 67397
0 584.385 584.385 67855.7
13 262.072 524.143 67661.2
17 622.364 1244.73 67759.1
10 301.27 602.54 67674.4
16 392.436 392.436 68486.9
3 203.955 203.955 68187.3
4 412.854 412.854 68581.4
5 483.942 967.883 68900.8
11 338.613 1354.45 68935.3
1 698.579 1397.16 69994.5
15 17.5808 17.5808 68972.7
2 136.273 545.09 69085.6
14 143.806 143.806 69806.6
5 946.51 3786.04 70702.2
17 293.329 1173.32 70660.4
4 468.796 468.796 70778.1
3 758.714 758.714 70913.3
2 459.166 1836.66 71346.8
11 156.602 156.602 71510
14 752.107 1504.21 71745.6
16 295.11 295.11 71797.8
6 986.44 986.44 72482.3
5 727.076 1454.15 72480.1
9 243.809 243.809 71875.2
1 668.434 668.434 72465.1
15 405.318 405.318 72299.6
17 2108.46 8433.84 73855.1
4 415.938 831.876 73171.8
3 1427.56 1427.56 73731.2
14 2046.12 4092.24 74262.9
8 382.709 382.709 72863
0 468.429 468.429 73498.6
45
17 107.492 214.983 65816.5
1 560.135 1120.27 66625.8
2 138.252 553.007 66380.3
7 532.873 1065.75 67370.6
10 267.027 534.054 67040.2
14 677.949 2711.8 67932.6
13 200.483 400.966 67349.9
16 387.22 387.22 68294.1
17 247.063 988.253 68179.8
4 232.952 465.905 68013.3
6 591.968 591.968 68191.4
2 621.608 1243.22 68900.7
7 1063.56 2127.12 69304.5
11 300.875 601.75 68582.2
8 556.5 1113 69117.2
5 651.091 1302.18 68904.3
12 121.85 121.85 68729.3
0 174.094 174.094 68593.6
17 1534.42 6137.7 70203.7
3 180.892 180.892 68651.3
1 193.21 193.21 68565.6
10 141.426 282.851 68963.2
14 1337.46 5349.86 70766.9
15 382.669 382.669 69878.2
13 572.989 1145.98 70341.4
4 523.013 1046.03 70342.7
1 268.424 268.424 70340.1
3 224.01 224.01 70973.3
10 438.906 877.811 71401.3
11 509.417 2037.67 71849.6
5 783.845 3135.38 71852.4
14 1653.66 3307.32 72616.4
2 938.442 1876.88 72012.2
4 1525.19 3050.38 72300.5
6 1091.45 1091.45 72587.3
10 2388.77 4777.53 74141.7
9 243.809 243.809 71875.2
15 455.291 455.291 72251.9
0 405.318 405.318 72299.6
14 2415.04 9660.15 74161.7
1 458.533 917.065 73214.4
3 728.245 728.245 73031.8
13 2060.81 4121.62 74277.6
7 382.709 382.709 72863
16 468.429 468.429 73498.6
34
7 515.81 1031.62 66679.7
16 321.011 642.023 66945.8
17 368.643 1474.57 67333.1
14 330.891 330.891 67961
8 1108.7 2217.4 68379.6
13 39.193 78.386 67479.9
6 435.485 435.485 68200.1
5 264.96 1059.84 68113.2
1 78.1829 78.1829 67954
11 1818.88 7275.53 69789.8
15 595.465 595.465 69113.8
7 269.521 269.521 68548.9
16 193.471 193.471 69403
14 1053.71 1053.71 70158.5
2 82.2175 164.435 69691.7
1 667.574 667.574 70149.7
17 328.437 328.437 70123.6
0 494.121 494.121 70510.9
13 114.525 114.525 70527.4
5 693.753 693.753 71276.9
12 629.076 629.076 71277.5
2 457.845 457.845 71114
4 626.377 1252.75 71523.2
2 1889.53 7558.12 73119.1
8 1058.82 4235.27 72736.9
1 576.364 576.364 72199
15 453.489 453.489 72246.4
10 114.297 114.297 71835.5
16 379.252 758.503 72156.3
14 1678.19 6712.74 73727.1
13 234.336 234.336 72342.1
17 734.094 2936.38 73688.1
5 296.737 296.737 73282.4
4 667.118 1334.24 73771
35
7 515.81 1031.62 66679.7
16 321.011 642.023 66945.8
17 368.643 1474.57 67333.1
14 330.891 330.891 67961
8 1108.7 2217.4 68379.6
13 39.193 78.386 67479.9
6 435.485 435.485 68200.1
5 264.96 1059.84 68113.2
1 78.1829 78.1829 67954
11 1818.88 7275.53 69789.8
15 595.465 595.465 69113.8
7 269.521 269.521 68548.9
16 193.471 193.471 69403
14 1053.71 1053.71 70158.5
2 82.2175 164.435 69691.7
1 191.384 191.384 69854.2
5 599.839 2399.36 70355.5
17 1091.61 4366.44 71458.6
0 233.224 233.224 70542.6
12 720.446 720.446 70875
8 488.911 1955.64 71376.6
15 440.935 440.935 71794.4
2 720.562 1441.12 71714
16 217.092 217.092 71719.8
6 1091.45 1091.45 72587.3
10 299.713 599.426 72052.7
3 202.592 202.592 71834
1 662.234 662.234 72458.9
9 211.376 211.376 72105.7
5 154.676 618.706 71901.3
4 837.012 1674.02 73592.9
0 924.336 924.336 73227.9
5 1214.06 2428.12 73430.8
7 382.709 382.709 72863
13 468.429 468.429 73498.6
34
7 515.81 1031.62 66679.7
16 321.011 642.023 66945.8
17 368.643 1474.57 67333.1
14 330.891 330.891 67961
8 1108.7 2217.4 68379.6
13 39.193 78.386 67479.9
2 147.542 147.542 67735.1
10 168.496 336.992 68391
17 332.504 332.504 69290.2
16 710.257 710.257 69227.7
0 571.952 571.952 69170.3
11 236.961 473.923 69388.9
1 84.362 84.362 69266.4
2 256.523 1026.09 69477.1
4 607.767 1215.53 69518.8
13 681.613 681.613 70163.7
7 341.125 341.125 70136.3
12 649.329 649.329 70666.2
8 572.533 572.533 70985.4
10 289.605 289.605 70872.7
1 332.898 332.898 70981.4
15 208.017 208.017 70864.2
14 255.528 511.057 71152.4
2 252.748 1010.99 71482.3
11 1086.31 4345.24 72764.4
4 573.011 573.011 72195.7
16 544.847 544.847 72337.7
3 181.447 181.447 71902.6
17 480.355 960.711 72257.4
5 645.02 2580.08 72694
6 453.065 453.065 72560.8
14 577.529 2310.12 73531.5
0 348.773 348.773 73334.4
13 127.237 254.474 73231.1
41
17 567.971 567.971 66481.6
12 71.4559 71.4559 66066.7
14 580.914 580.914 67207.4
2 71.4152 71.4152 66751
1 412.849 825.698 67397
0 584.385 584.385 67855.7
13 262.072 524.143 67661.2
17 622.364 1244.73 67759.1
11 982.666 3930.66 68915.4
10 106.823 213.645 67887.1
7 121.033 121.033 67720.5
16 661.261 1322.52 68940.3
14 1018.39 2036.77 69259.3
2 311.073 622.146 68592.4
8 556.5 1113 69117.2
4 571.342 1142.68 68824.6
3 135.916 135.916 68743.4
15 184.627 184.627 68604.1
17 1113.79 4455.16 69783.1
5 470.811 470.811 68941.2
12 417.712 417.712 68790.1
13 750.964 1501.93 69572.7
9 838.883 838.883 70321
7 341.125 341.125 70136.3
2 951.422 951.422 70968.2
1 353.01 353.01 70765.8
10 332.608 332.608 70915.7
4 411.498 411.498 71060
5 45.3008 45.3008 70701.4
13 535.569 1071.14 71432.4
6 272 272 71893.9
0 279.407 279.407 72109.3
11 672.995 2691.98 72424.3
5 704.041 1408.08 72941.7
4 520.944 1041.89 72511.9
2 1077.41 4309.63 73109.2
12 132.141 132.141 72616.7
10 331.768 663.537 72589.8
8 1474.61 5898.45 74476.4
3 284.371 284.371 73041.4
7 367.682 367.682 73316.7
36
7 515.81 1031.62 66679.7
16 321.011 642.023 66945.8
17 368.643 1474.57 67333.1
14 330.891 330.891 67961
8 1108.7 2217.4 68379.6
13 39.193 78.386 67479.9
2 147.542 147.542 67735.1
10 168.496 336.992 68391
17 332.504 332.504 69290.2
16 710.257 710.257 69227.7
0 571.952 571.952 69170.3
11 236.961 473.923 69388.9
1 84.362 84.362 69266.4
2 256.523 1026.09 69477.1
4 607.767 1215.53 69518.8
14 888.698 3554.79 70662.4
5 377.796 1511.18 70645.7
7 174.303 348.607 70178.6
10 499.723 999.446 70555.7
13 268.357 268.357 70650.8
8 471.347 942.693 71385.2
17 524.602 1049.2 71355.4
4 330.661 661.322 71392.1
11 672.282 1344.56 71934.7
0 309.827 309.827 71680.9
6 580.566 580.566 71632.8
2 439.216 878.432 71967.5
5 2020.38 8081.51 73586.2
7 463.089 463.089 72207.7
13 1197.84 2395.69 73002
3 178.866 178.866 71772.1
17 1458.03 1458.03 73502.6
1 206.638 206.638 72409.3
8 933.295 933.295 73407.4
14 937.389 937.389 73564.2
10 422.065 844.129 72966.6
36
7 515.81 1031.62 66679.7
16 321.011 642.023 66945.8
17 368.643 1474.57 67333.1
14 330.891 330.891 67961
8 1108.7 2217.4 68379.6
13 39.193 78.386 67479.9
2 147.542 147.542 67735.1
10 168.496 336.992 68391
17 332.504 332.504 69290.2
16 710.257 710.257 69227.7
0 571.952 571.952 69170.3
11 236.961 473.923 69388.9
1 84.362 84.362 69266.4
2 256.523 1026.09 69477.1
4 607.767 1215.53 69518.8
13 418.301 836.601 70322.5
14 322.505 322.505 69662
15 987.791 987.791 70540.6
10 320.997 320.997 70376.6
5 493.315 1973.26 70459.1
3 174.109 174.109 70384.6
12 381.717 381.717 70727.8
4 769.779 1539.56 71054.8
2 1215.56 4862.25 71891.4
1 546.049 546.049 71681.9
7 571.649 571.649 71623.8
16 927.765 1855.53 72456
11 794.451 3177.8 72360.2
8 211.256 211.256 71955.8
14 995.277 1990.55 72799.4
3 369.835 369.835 71963
6 317.346 317.346 72361.9
15 329.25 329.25 72532
0 1075.2 1075.2 73549.3
13 1531.62 1531.62 74158.5
10 586.463 1172.93 73131
32
7 515.81 1031.62 66679.7
16 321.011 642.023 66945.8
17 368.643 1474.57 67333.1
14 330.891 330.891 67961
8 1108.7 2217.4 68379.6
13 39.193 78.386 67479.9
1 560.142 1120.28 68908.3
3 49.2669 49.2669 68343
2 24.7933 24.7933 68591.4
11 457.758 457.758 69186
0 146.092 146.092 69007
17 527.301 2109.2 70301
5 377.796 1511.18 70645.7
16 132.873 265.746 70137.2
14 431.984 863.967 70488
13 268.357 268.357 70650.8
7 471.347 942.693 71385.2
8 315.826 631.652 71146.6
10 154.774 309.548 71216.2
2 755.305 1510.61 72017.7
12 404.286 404.286 71775.3
6 580.566 580.566 71632.8
4 796.969 1593.94 72325.2
11 617.023 2468.09 72182.8
3 357.132 357.132 72101.7
16 684.301 1368.6 72488.5
0 171.199 171.199 71764.4
1 518.306 518.306 72562.8
13 409.461 409.461 72612.2
8 790.789 790.789 73264.9
5 1088.86 1088.86 73715.7
17 494.044 988.089 73038.6
40
7 515.81 1031.62 66679.7
16 321.011 642.023 66945.8
17 368.643 1474.57 67333.1
14 330.891 330.891 67961
8 1108.7 2217.4 68379.6
13 39.193 78.386 67479.9
2 958.417 3833.67 68891.1
10 106.823 213.645 67887.1
7 527.089 527.089 68126.5
1 454.561 909.122 68733.6
16 1657.17 3314.33 69898.1
11 300.875 601.75 68582.2
7 1552.89 3105.78 70113.6
4 689.151 1378.3 68942.4
12 121.85 121.85 68729.3
0 174.094 174.094 68593.6
14 1315.66 5262.65 69985
3 180.892 180.892 68651.3
17 900.673 900.673 69273.1
5 381.756 763.513 69203.5
10 502.089 502.089 70164.9
11 1121.2 4484.79 70876.9
2 1238.16 4952.63 71605.2
0 289.052 289.052 70598.4
1 703.302 703.302 70857.9
17 461.838 1847.35 71349.5
3 106.371 106.371 71459.8
5 536.227 1072.45 71529.7
12 234.609 234.609 71737.3
11 1389.06 5556.24 72618.6
8 1058.82 4235.27 72736.9
15 535.589 535.589 72158.3
10 695.766 695.766 72488.6
9 246.11 246.11 71967.3
4 721.731 1443.46 72498.8
14 1492.58 5970.31 73541.5
13 264.985 264.985 72372.7
5 659.674 2638.7 73613.7
3 479.695 479.695 73465.3
1 143.573 287.146 73247.5
38
17 567.971 567.971 66481.6
12 71.4559 71.4559 66066.7
14 580.914 580.914 67207.4
2 71.4152 71.4152 66751
1 412.849 825.698 67397
0 584.385 584.385 67855.7
13 262.072 524.143 67661.2
17 622.364 1244.73 67759.1
8 353.488 353.488 68118.1
5 264.96 1059.84 68113.2
15 310.359 310.359 68186.2
14 1484.49 5937.97 69455.4
12 192.398 192.398 68710.7
7 269.521 269.521 68548.9
2 313.651 313.651 69523.2
17 851.839 851.839 69956.7
10 221.606 443.213 69831.1
11 623.235 623.235 70105.3
1 387.381 387.381 70182.5
15 667.581 667.581 70684.4
13 235.838 235.838 70648.7
12 471.048 471.048 71054.1
16 467.718 467.718 71116.2
4 518.333 518.333 71174.5
10 793.931 1587.86 71690.8
3 405.093 405.093 71621.1
5 617.107 617.107 71716.3
9 675.298 675.298 72017.5
6 439.922 439.922 71897.5
2 389.505 389.505 72351.4
8 417.663 417.663 71846.2
1 281.229 562.457 72052.1
0 660.456 660.456 72510.8
7 358.462 358.462 72445.7
4 956.492 1912.98 73385.4
16 841.923 1683.85 73467.7
12 418.292 418.292 72686.4
14 314.971 314.971 73042.5
42
17 107.492 214.983 65816.5
1 560.135 1120.27 66625.8
2 138.252 553.007 66380.3
7 532.873 1065.75 67370.6
10 267.027 534.054 67040.2
14 677.949 2711.8 67932.6
13 200.483 400.966 67349.9
16 387.22 387.22 68294.1
17 247.063 988.253 68179.8
4 232.952 465.905 68013.3
6 591.968 591.968 68191.4
2 621.608 1243.22 68900.7
7 1063.56 2127.12 69304.5
11 300.875 601.75 68582.2
8 556.5 1113 69117.2
5 651.091 1302.18 68904.3
12 121.85 121.85 68729.3
0 174.094 174.094 68593.6
17 1534.42 6137.7 70203.7
3 180.892 180.892 68651.3
1 193.21 193.21 68565.6
10 141.426 282.851 68963.2
14 176.928 176.928 69839.7
11 1121.2 4484.79 70876.9
2 580.949 2323.79 70948
0 289.052 289.052 70598.4
12 685.677 685.677 70840.2
5 967.574 3870.3 71855.2
1 205.248 205.248 71558.7
10 635.42 1270.84 71628.9
4 159.723 159.723 71662.4
6 340.423 340.423 71962.3
13 279.407 279.407 72109.3
14 954.523 3818.09 72705.8
11 1420.18 2840.36 73657.8
10 1089.89 2179.77 73080.9
2 2015.65 8062.62 74047.5
15 369.946 369.946 72854.5
1 974.749 1949.5 73232.8
8 1474.61 5898.45 74476.4
12 170.687 170.687 72927.8
7 367.682 367.682 73316.7
37
17 107.492 214.983 65816.5
1 560.135 1120.27 66625.8
2 138.252 553.007 66380.3
7 532.873 1065.75 67370.6
10 267.027 534.054 67040.2
14 677.949 2711.8 67932.6
13 200.483 400.966 67349.9
16 387.22 387.22 68294.1
8 353.488 353.488 68118.1
5 264.96 1059.84 68113.2
0 114.359 114.359 67990.2
17 818.274 3273.1 68789.1
1 540.195 540.195 69058.5
6 348.914 348.914 68628.2
13 420.207 420.207 69629.7
7 753.455 753.455 69858.3
2 82.2175 164.435 69691.7
14 176.928 176.928 69839.7
11 477.367 1909.47 70233
5 910.098 3640.39 71277.1
12 366.247 366.247 70675.6
0 758.714 758.714 70913.3
17 76.4317 305.727 70964.1
1 387.265 387.265 71740.7
2 720.562 1441.12 71714
13 173.765 173.765 71676.5
6 1091.45 1091.45 72587.3
11 257.934 515.867 72010.9
3 202.592 202.592 71834
14 660.825 660.825 72457.5
9 211.376 211.376 72105.7
11 2350.88 9403.53 74097.5
4 837.012 1674.02 73592.9
15 584.774 584.774 72888.4
2 2014.85 4029.69 74231.6
7 382.709 382.709 72863
10 468.429 468.429 73498.6
45
16 79.3661 158.732 65846
2 163.906 327.812 66296.8
13 218.657 437.314 66424.8
1 136.788 273.577 66901
14 1004.25 4016.99 67650.8
17 173.336 693.346 66737.2
10 902.9 1805.8 67987.4
7 403.391 403.391 67293.2
6 460.567 460.567 67119.8
8 1080.91 2161.82 68082.8
16 381.19 762.38 67859.7
11 1305.41 1305.41 68782.9
17 1198.03 2396.05 68697.6
6 1448.11 1448.11 69212.7
5 264.96 1059.84 68113.2
0 114.359 114.359 67990.2
2 1918.97 7675.88 69889.8
13 173.216 173.216 68691.5
7 748.49 748.49 69027.8
1 434.636 434.636 69644.2
14 1164.55 1164.55 70269.4
4 312.678 625.356 69922.2
5 677.392 2709.57 70106.8
12 290.199 290.199 69785.7
8 220.063 440.126 69988.5
16 353.614 707.228 70173.3
10 147.971 147.971 70219.7
3 116.737 116.737 70866.1
13 564.864 1129.73 71527.3
17 781.701 3126.81 72121.9
5 1307.16 5228.64 72375.7
16 2037.44 4074.88 73000.2
4 848.397 1696.79 71922.1
10 2141.63 4283.27 72917
11 731.377 731.377 72227.2
2 2184.81 4369.61 73937.8
9 243.809 243.809 71875.2
1 298.497 298.497 72095.2
0 405.318 405.318 72299.6
14 2354.86 9419.46 74101.5
13 1165.06 2330.11 73920.9
15 584.774 584.774 72888.4
4 2222.67 4445.33 74439.4
7 382.709 382.709 72863
6 293.873 293.873 73324.1
40
17 107.492 214.983 65816.5
1 560.135 1120.27 66625.8
2 138.252 553.007 66380.3
7 532.873 1065.75 67370.6
10 267.027 534.054 67040.2
14 677.949 2711.8 67932.6
13 200.483 400.966 67349.9
16 387.22 387.22 68294.1
8 353.488 353.488 68118.1
5 264.96 1059.84 68113.2
0 114.359 114.359 67990.2
17 818.274 3273.1 68789.1
1 540.195 540.195 69058.5
6 348.914 348.914 68628.2
13 420.207 420.207 69629.7
7 753.455 753.455 69858.3
2 82.2175 164.435 69691.7
11 464.215 1856.86 69893.7
12 290.199 290.199 69785.7
16 615.394 1230.79 70383.8
14 272.602 545.204 70092.3
10 420.512 420.512 70492.2
4 110.598 110.598 70859.9
1 933.524 1867.05 71895.9
2 815.625 3262.5 72155.8
11 1093.98 4375.93 72162.5
17 1857.46 3714.91 72820.2
14 1026.02 2052.04 72099.8
13 1636.2 3272.39 72411.6
6 571.649 571.649 71623.8
4 1693.19 3386.39 73221.5
5 2538.02 10152.1 74103.8
7 161.571 161.571 71906.2
8 606.374 1212.75 72410.5
0 171.199 171.199 71764.4
16 486.447 486.447 72531
10 528.673 528.673 72731.4
12 1140.38 1140.38 73614.5
6 1580.68 1580.68 74207.5
1 1060.43 2120.86 73604.9
45
17 107.492 214.983 65816.5
1 560.135 1120.27 66625.8
2 138.252 553.007 66380.3
7 532.873 1065.75 67370.6
10 267.027 534.054 67040.2
14 677.949 2711.8 67932.6
13 200.483 400.966 67349.9
16 387.22 387.22 68294.1
17 247.063 988.253 68179.8
4 232.952 465.905 68013.3
6 591.968 591.968 68191.4
2 621.608 1243.22 68900.7
7 1063.56 2127.12 69304.5
11 300.875 601.75 68582.2
8 556.5 1113 69117.2
5 651.091 1302.18 68904.3
12 121.85 121.85 68729.3
0 174.094 174.094 68593.6
17 1534.42 6137.7 70203.7
3 180.892 180.892 68651.3
1 193.21 193.21 68565.6
10 141.426 282.851 68963.2
14 408.76 1635.04 70182.4
11 826.251 3305 71094.2
13 353.374 706.748 70357.7
2 462.692 925.384 70518.7
16 309.778 309.778 70692.2
7 764.283 1528.57 71678.1
4 669.859 1339.72 71500.6
10 285.34 570.681 71346.8
5 819.461 1638.92 72081.9
1 372.124 372.124 71743.2
0 247.36 247.36 71463.4
15 1123.72 1123.72 72223
3 253.776 253.776 71596
6 627.255 627.255 72084.8
2 636.097 636.097 72598
14 227.023 227.023 71655.6
8 333.652 667.304 72104.5
17 660.456 660.456 72510.8
13 452.209 452.209 72539.4
11 1013.08 2026.16 73442
10 1177.28 2354.55 73803
14 1019.75 1019.75 73287.9
16 126.607 126.607 72854.1
43
16 79.3661 158.732 65846
2 163.906 327.812 66296.8
13 218.657 437.314 66424.8
1 136.788 273.577 66901
14 1004.25 4016.99 67650.8
17 173.336 693.346 66737.2
10 902.9 1805.8 67987.4
7 403.391 403.391 67293.2
6 460.567 460.567 67119.8
8 1080.91 2161.82 68082.8
16 381.19 762.38 67859.7
11 1305.41 1305.41 68782.9
17 1198.03 2396.05 68697.6
4 404.193 808.386 67777.4
0 264.774 264.774 68359.2
3 203.955 203.955 68187.3
12 305.101 305.101 68473.6
5 483.942 967.883 68900.8
2 526.698 2106.79 69123.4
4 1007.9 2015.8 70303.8
15 17.5808 17.5808 68972.7
14 883.053 3532.21 69832.4
2 1611.7 6446.79 71385.4
11 1080.84 4323.35 71348.8
1 174.303 348.607 70178.6
16 632.024 1264.05 70688
6 342.419 342.419 70724.8
7 471.347 942.693 71385.2
10 141.758 283.515 70972.5
5 285.34 570.681 71346.8
13 1077.1 2154.19 72339.5
17 448.834 448.834 71819.9
15 782.796 782.796 72278.6
4 1291.31 2582.63 73044.3
9 243.809 243.809 71875.2
14 390.052 390.052 72186.7
0 405.318 405.318 72299.6
5 1145.42 4581.67 72892
16 333.974 667.949 73089.8
11 840.375 840.375 73144
1 1774.49 3548.98 73991.2
6 331.183 331.183 72811.5
8 468.429 468.429 73498.6
43
16 79.3661 158.732 65846
2 163.906 327.812 66296.8
13 218.657 437.314 66424.8
1 136.788 273.577 66901
14 1004.25 4016.99 67650.8
17 173.336 693.346 66737.2
10 902.9 1805.8 67987.4
7 403.391 403.391 67293.2
6 460.567 460.567 67119.8
8 1080.91 2161.82 68082.8
16 381.19 762.38 67859.7
11 1305.41 1305.41 68782.9
17 1198.03 2396.05 68697.6
4 404.193 808.386 67777.4
0 264.774 264.774 68359.2
3 203.955 203.955 68187.3
12 305.101 305.101 68473.6
5 483.942 967.883 68900.8
2 526.698 2106.79 69123.4
4 1007.9 2015.8 70303.8
15 17.5808 17.5808 68972.7
14 883.053 3532.21 69832.4
16 145.083 290.166 70049.3
1 493.535 493.535 69833
10 430.683 430.683 69983.5
3 509.994 509.994 70565.6
5 478.57 1914.28 70444.3
12 323.329 323.329 70533.9
0 297.146 297.146 70643.2
2 912.3 1824.6 71197.3
17 1463.78 5855.1 72139.6
15 80.9696 80.9696 71216.8
11 123.817 123.817 71745.7
6 279.407 279.407 72109.3
14 772.268 3089.07 72523.6
1 381.847 763.694 72619.5
16 457.928 915.856 72448.9
5 171.162 684.646 72203
4 185.014 185.014 72669.6
10 676.581 1353.16 72934.6
2 1164.01 4656.02 74165.8
3 158.086 158.086 72915.1
7 456.605 456.605 73405.6
41
16 79.3661 158.732 65846
2 163.906 327.812 66296.8
13 218.657 437.314 66424.8
1 136.788 273.577 66901
14 1004.25 4016.99 67650.8
17 173.336 693.346 66737.2
10 902.9 1805.8 67987.4
7 403.391 403.391 67293.2
6 460.567 460.567 67119.8
8 1080.91 2161.82 68082.8
16 381.19 762.38 67859.7
11 1305.41 1305.41 68782.9
17 1198.03 2396.05 68697.6
2 626.006 1252.01 68974.1
3 49.2669 49.2669 68343
12 177.053 177.053 68743.7
15 502.938 502.938 69231.2
0 146.092 146.092 69007
5 305.098 1220.39 69734.5
16 529.696 529.696 70025.2
1 178.927 357.855 69947.3
10 604.92 1209.84 70424.6
17 399.308 399.308 70471
4 110.598 110.598 70859.9
2 142.043 284.087 71104.4
14 509.417 2037.67 71849.6
5 934.866 3739.46 72003.4
16 1384.93 2769.86 72347.7
10 1358.34 2716.67 72432.1
4 2106.56 4213.12 72881.9
11 1987.75 7950.99 73217.3
8 1058.82 4235.27 72736.9
9 683.008 683.008 72305.7
0 517.803 517.803 72310.7
12 350.806 350.806 72072
17 742.038 1484.08 72519.1
14 1926.54 7706.16 73975.5
3 264.985 264.985 72372.7
2 234.395 937.58 73188.4
6 517.918 517.918 73503.5
1 840.517 1681.03 73944.4
45
16 79.3661 158.732 65846
2 163.906 327.812 66296.8
13 218.657 437.314 66424.8
1 136.788 273.577 66901
14 1004.25 4016.99 67650.8
17 173.336 693.346 66737.2
10 902.9 1805.8 67987.4
7 403.391 403.391 67293.2
6 460.567 460.567 67119.8
8 1080.91 2161.82 68082.8
16 381.19 762.38 67859.7
11 1305.41 1305.41 68782.9
17 1198.03 2396.05 68697.6
4 404.193 808.386 67777.4
0 264.774 264.774 68359.2
3 203.955 203.955 68187.3
12 305.101 305.101 68473.6
5 483.942 967.883 68900.8
2 526.698 2106.79 69123.4
4 1007.9 2015.8 70303.8
15 17.5808 17.5808 68972.7
14 883.053 3532.21 69832.4
5 1324.28 5297.12 70753.7
16 529.696 529.696 70025.2
1 178.927 357.855 69947.3
10 604.92 1209.84 70424.6
17 399.308 399.308 70471
3 224.01 224.01 70973.3
2 363.394 726.787 71325.8
11 1314.16 5256.64 72654.3
14 1586.92 6347.69 72655.5
16 1384.93 2769.86 72347.7
4 1237.59 2475.17 72311.3
10 1607.1 3214.19 72382.5
6 571.649 571.649 71623.8
2 2282.06 4564.12 73810.3
5 1182.89 4731.57 72748.7
7 211.256 211.256 71955.8
13 606.374 1212.75 72410.5
0 171.199 171.199 71764.4
8 321.454 321.454 72366
17 260.681 260.681 72463.4
15 507.341 507.341 72981.4
1 1141.29 1141.29 73768.1
4 1475.85 2951.7 74020.4
38
16 79.3661 158.732 65846
2 163.906 327.812 66296.8
13 218.657 437.314 66424.8
1 136.788 273.577 66901
14 1004.25 4016.99 67650.8
17 173.336 693.346 66737.2
10 902.9 1805.8 67987.4
7 403.391 403.391 67293.2
6 460.567 460.567 67119.8
8 1080.91 2161.82 68082.8
16 381.19 762.38 67859.7
11 1305.41 1305.41 68782.9
17 1198.03 2396.05 68697.6
2 626.006 1252.01 68974.1
3 49.2669 49.2669 68343
12 177.053 177.053 68743.7
15 502.938 502.938 69231.2
0 146.092 146.092 69007
16 139.328 139.328 69802.1
5 327.903 1311.61 70083.6
2 654.418 2617.67 71021.4
14 431.714 431.714 70741.1
12 688.355 688.355 70842.9
8 488.911 1955.64 71376.6
17 152.897 152.897 71506.3
16 747.629 1495.26 71741.1
3 240.059 240.059 71742.8
5 595.765 2383.06 71825.3
11 831.811 3327.24 72509.9
4 625.691 625.691 72248.4
0 517.803 517.803 72310.7
9 246.11 246.11 71967.3
2 1292.49 2584.99 73069.5
14 1589.76 6359.03 73638.7
6 264.985 264.985 72372.7
17 1248.35 4993.42 74202.4
15 517.918 517.918 73503.5
5 969.199 1938.4 74073.1
38
17 107.492 214.983 65816.5
1 560.135 1120.27 66625.8
2 138.252 553.007 66380.3
7 532.873 1065.75 67370.6
10 267.027 534.054 67040.2
14 677.949 2711.8 67932.6
13 200.483 400.966 67349.9
16 387.22 387.22 68294.1
3 183.29 183.29 67770.8
2 130.646 261.292 68353.1
1 392.748 392.748 69350.4
17 758.131 758.131 69275.6
0 571.952 571.952 69170.3
11 236.961 473.923 69388.9
10 180.643 180.643 69362.7
5 467.178 1868.71 69687.8
4 415.709 831.419 69326.7
15 689.629 689.629 70171.7
7 341.125 341.125 70136.3
14 620.236 620.236 70637.1
13 152.026 152.026 70564.9
3 333.986 333.986 70917.1
10 429.179 429.179 71077.6
12 297.558 297.558 70953.7
2 300.686 601.373 71197.5
4 212.471 212.471 71428.5
11 206.621 206.621 71305.9
5 453.818 453.818 71796
8 349.34 349.34 71806.9
0 116.741 116.741 72078.7
1 637.829 637.829 72066.4
7 243.068 486.135 72013.9
6 421.926 421.926 72272.3
16 358.462 358.462 72445.7
17 536.319 1072.64 72965.2
14 49.3949 98.7898 72675.1
3 281.231 281.231 72549.4
13 764.108 764.108 73491.6
41
17 107.492 214.983 65816.5
1 560.135 1120.27 66625.8
2 138.252 553.007 66380.3
7 532.873 1065.75 67370.6
10 267.027 534.054 67040.2
14 677.949 2711.8 67932.6
13 200.483 400.966 67349.9
16 387.22 387.22 68294.1
17 247.063 988.253 68179.8
4 232.952 465.905 68013.3
6 591.968 591.968 68191.4
2 621.608 1243.22 68900.7
7 1063.56 2127.12 69304.5
11 300.875 601.75 68582.2
8 556.5 1113 69117.2
5 651.091 1302.18 68904.3
12 121.85 121.85 68729.3
0 174.094 174.094 68593.6
17 1534.42 6137.7 70203.7
3 180.892 180.892 68651.3
1 193.21 193.21 68565.6
10 141.426 282.851 68963.2
15 689.629 689.629 70171.7
6 341.125 341.125 70136.3
14 620.236 620.236 70637.1
13 152.026 152.026 70564.9
2 318.303 318.303 70901.4
1 355.579 355.579 71004
10 271.326 271.326 70927.5
11 395.056 790.111 71291.9
5 765.46 765.46 72261.3
14 1314.51 2629.02 73067.5
9 243.809 243.809 71875.2
15 620.117 620.117 72416.8
0 405.318 405.318 72299.6
11 1631.87 6527.46 73378.5
10 427.128 854.257 73183
2 1206.78 1206.78 73510.4
1 1308.41 2616.83 73525.2
7 382.709 382.709 72863
6 293.873 293.873 73324.1
36
7 515.81 1031.62 66679.7
16 321.011 642.023 66945.8
17 368.643 1474.57 67333.1
14 330.891 330.891 67961
8 1108.7 2217.4 68379.6
13 39.193 78.386 67479.9
6 435.485 435.485 68200.1
5 264.96 1059.84 68113.2
1 78.1829 78.1829 67954
11 1818.88 7275.53 69789.8
15 595.465 595.465 69113.8
7 269.521 269.521 68548.9
16 193.471 193.471 69403
14 1053.71 1053.71 70158.5
2 82.2175 164.435 69691.7
13 418.301 836.601 70322.5
17 81.6342 81.6342 69421.1
1 640.436 640.436 70193.3
0 261.378 261.378 70317
5 941.634 3766.53 70907.4
10 151.931 151.931 70362.5
12 381.717 381.717 70727.8
4 415.709 831.419 70700.7
2 1430.12 5720.48 72105.9
15 670.341 670.341 71806.2
11 333.431 333.431 71955.3
6 279.407 279.407 72109.3
17 586.467 2345.87 72337.8
16 87.1269 174.254 72324.8
1 472.931 945.861 72463.9
5 403.185 1612.74 72435
10 233.735 233.735 72718.3
13 339.82 679.64 72597.9
14 752.143 3008.57 73753.9
4 346.518 346.518 73103.6
7 367.682 367.682 73316.7
38
17 567.971 567.971 66481.6
12 71.4559 71.4559 66066.7
14 580.914 580.914 67207.4
2 71.4152 71.4152 66751
1 412.849 825.698 67397
0 584.385 584.385 67855.7
13 262.072 524.143 67661.2
17 622.364 1244.73 67759.1
8 353.488 353.488 68118.1
5 264.96 1059.84 68113.2
15 310.359 310.359 68186.2
14 1484.49 5937.97 69455.4
12 192.398 192.398 68710.7
7 269.521 269.521 68548.9
2 313.651 313.651 69523.2
17 851.839 851.839 69956.7
10 221.606 443.213 69831.1
11 623.235 623.235 70105.3
1 387.381 387.381 70182.5
15 667.581 667.581 70684.4
13 235.838 235.838 70648.7
12 471.048 471.048 71054.1
16 467.718 467.718 71116.2
4 518.333 518.333 71174.5
10 793.931 1587.86 71690.8
3 405.093 405.093 71621.1
5 617.107 617.107 71716.3
9 675.298 675.298 72017.5
6 439.922 439.922 71897.5
2 389.505 389.505 72351.4
8 417.663 417.663 71846.2
1 281.229 562.457 72052.1
0 660.456 660.456 72510.8
7 358.462 358.462 72445.7
4 956.492 1912.98 73385.4
16 841.923 1683.85 73467.7
12 418.292 418.292 72686.4
14 314.971 314.971 73042.5
42
16 79.3661 158.732 65846
2 163.906 327.812 66296.8
13 218.657 437.314 66424.8
1 136.788 273.577 66901
14 1004.25 4016.99 67650.8
17 173.336 693.346 66737.2
10 902.9 1805.8 67987.4
7 403.391 403.391 67293.2
6 460.567 460.567 67119.8
8 1080.91 2161.82 68082.8
16 381.19 762.38 67859.7
11 1305.41 1305.41 68782.9
17 1198.03 2396.05 68697.6
3 183.29 183.29 67770.8
2 196.831 393.662 68419.3
1 131.957 131.957 69089.6
13 322.489 322.489 68839.9
0 571.952 571.952 69170.3
5 424.478 848.955 69576.5
12 282.965 282.965 69465
14 1291.61 5166.44 70512.2
4 415.709 831.419 69326.7
16 139.328 139.328 69802.1
2 958.272 3833.09 70714
17 1044.66 4178.62 71411.7
15 409.132 409.132 70718.5
0 482.845 482.845 70637.4
8 488.911 1955.64 71376.6
13 205.406 205.406 71558.8
4 630.173 1260.35 71623.7
1 508.765 508.765 72011.5
6 571.649 571.649 71623.8
16 758.418 1516.84 72286.7
2 1143.12 4572.46 72708.9
7 211.256 211.256 71955.8
11 448.445 896.89 72252.6
3 171.199 171.199 71764.4
10 321.454 321.454 72366
12 22.0236 22.0236 72224.7
5 546.258 546.258 73020.3
8 997.406 997.406 73624.3
4 788.177 1576.35 73332.7
41
16 79.3661 158.732 65846
2 163.906 327.812 66296.8
13 218.657 437.314 66424.8
1 136.788 273.577 66901
14 1004.25 4016.99 67650.8
17 173.336 693.346 66737.2
10 902.9 1805.8 67987.4
7 403.391 403.391 67293.2
6 460.567 460.567 67119.8
8 1080.91 2161.82 68082.8
16 381.19 762.38 67859.7
11 1305.41 1305.41 68782.9
17 1198.03 2396.05 68697.6
2 626.006 1252.01 68974.1
3 49.2669 49.2669 68343
12 177.053 177.053 68743.7
15 502.938 502.938 69231.2
0 146.092 146.092 69007
14 728.441 2913.77 70502.1
5 377.796 1511.18 70645.7
1 174.303 348.607 70178.6
2 536.162 1072.32 70592.2
6 342.419 342.419 70724.8
7 471.347 942.693 71385.2
10 141.758 283.515 70972.5
4 284.409 568.817 71345.9
11 501.116 1002.23 71763.5
16 404.286 404.286 71775.3
0 247.36 247.36 71463.4
15 315.412 315.412 71414.6
17 240.432 240.432 71582.6
13 627.255 627.255 72084.8
2 709.567 709.567 72671.5
14 546.705 546.705 71975.3
1 277.67 555.34 72048.5
3 660.456 660.456 72510.8
8 358.462 358.462 72445.7
5 564.727 1129.45 72993.6
4 1176.35 2352.69 73802.1
6 1074.03 1074.03 73342.2
10 369.947 369.947 73097.4
37
17 567.971 567.971 66481.6
12 71.4559 71.4559 66066.7
14 580.914 580.914 67207.4
2 71.4152 71.4152 66751
1 412.849 825.698 67397
0 584.385 584.385 67855.7
13 262.072 524.143 67661.2
17 622.364 1244.73 67759.1
8 353.488 353.488 68118.1
5 264.96 1059.84 68113.2
15 310.359 310.359 68186.2
14 1484.49 5937.97 69455.4
12 192.398 192.398 68710.7
7 269.521 269.521 68548.9
2 313.651 313.651 69523.2
17 851.839 851.839 69956.7
10 221.606 443.213 69831.1
15 287.111 287.111 69949.9
11 477.367 1909.47 70233
5 910.098 3640.39 71277.1
16 348.826 348.826 70658.2
3 931.214 931.214 71085.8
8 174.134 696.536 71061.8
12 196.361 196.361 71549.8
10 859.951 1719.9 71853.4
2 135.332 135.332 71638
11 745.228 2980.91 71974.8
14 1058.82 4235.27 72736.9
4 625.691 625.691 72248.4
15 501.174 501.174 72294
9 246.11 246.11 71967.3
16 837.54 1675.08 72614.6
17 1810.66 7242.66 73859.6
0 264.985 264.985 72372.7
5 1019.14 4076.56 73973.2
1 526.042 526.042 73511.7
11 1118.66 2237.32 74222.6
46
16 79.3661 158.732 65846
2 163.906 327.812 66296.8
13 218.657 437.314 66424.8
1 136.788 273.577 66901
14 1004.25 4016.99 67650.8
17 173.336 693.346 66737.2
10 902.9 1805.8 67987.4
7 403.391 403.391 67293.2
6 460.567 460.567 67119.8
8 1080.91 2161.82 68082.8
16 381.19 762.38 67859.7
11 1305.41 1305.41 68782.9
13 1271.37 2542.75 68771
17 892.851 3571.4 68825.6
4 232.952 465.905 68013.3
6 967.199 967.199 68566.6
2 561.149 1122.3 68840.2
7 986.084 1972.17 69227
5 485.276 970.553 68766.6
7 2653.38 5306.77 71214.1
1 798.182 1596.36 69051.4
12 121.85 121.85 68729.3
0 174.094 174.094 68593.6
8 1610.11 6440.46 70279.4
3 180.892 180.892 68651.3
16 1427.05 1427.05 69799.5
4 1025.18 2050.36 69846.9
14 217.474 217.474 69699.6
6 655.776 655.776 70450.9
3 736.446 736.446 70753.3
10 468.761 468.761 70881.6
2 257.845 257.845 70840.9
1 409.667 409.667 71058.1
15 208.017 208.017 70864.2
13 689.835 1379.67 71586.7
14 596.199 596.199 72092
4 394.202 788.404 72147.2
9 243.809 243.809 71875.2
16 381.213 381.213 72177.9
12 405.318 405.318 72299.6
17 306.601 1226.4 72053.2
1 695.935 1391.87 73451.8
15 619.065 619.065 72922.7
17 1365.98 2731.97 73582.7
8 235.35 235.35 72715.7
7 455.521 455.521 73485.7
38
7 515.81 1031.62 66679.7
16 321.011 642.023 66945.8
17 368.643 1474.57 67333.1
14 330.891 330.891 67961
8 1108.7 2217.4 68379.6
13 39.193 78.386 67479.9
6 435.485 435.485 68200.1
5 264.96 1059.84 68113.2
1 78.1829 78.1829 67954
11 1818.88 7275.53 69789.8
15 595.465 595.465 69113.8
7 269.521 269.521 68548.9
16 193.471 193.471 69403
14 1053.71 1053.71 70158.5
2 82.2175 164.435 69691.7
13 418.301 836.601 70322.5
17 81.6342 81.6342 69421.1
1 640.436 640.436 70193.3
0 261.378 261.378 70317
5 941.634 3766.53 70907.4
10 151.931 151.931 70362.5
12 381.717 381.717 70727.8
4 415.709 831.419 70700.7
2 1430.12 5720.48 72105.9
15 670.341 670.341 71806.2
3 405.093 405.093 71621.1
16 895.364 895.364 71994.6
9 659.211 659.211 72001.4
7 349.34 349.34 71806.9
17 330.752 330.752 72292.7
1 237.875 237.875 71666.5
14 261.971 523.941 72032.8
11 353.067 353.067 72203.4
6 358.462 358.462 72445.7
10 449.441 898.881 72878.3
4 633.302 1266.6 73259
0 58.0743 58.0743 72326.2
8 314.971 314.971 73042.5
43
16 79.3661 158.732 65846
2 163.906 327.812 66296.8
13 218.657 437.314 66424.8
1 136.788 273.577 66901
14 1004.25 4016.99 67650.8
17 173.336 693.346 66737.2
10 902.9 1805.8 67987.4
7 403.391 403.391 67293.2
6 460.567 460.567 67119.8
8 1080.91 2161.82 68082.8
16 381.19 762.38 67859.7
11 1305.41 1305.41 68782.9
17 1198.03 2396.05 68697.6
3 183.29 183.29 67770.8
2 196.831 393.662 68419.3
1 131.957 131.957 69089.6
13 322.489 322.489 68839.9
0 571.952 571.952 69170.3
5 424.478 848.955 69576.5
12 282.965 282.965 69465
14 1291.61 5166.44 70512.2
4 415.709 831.419 69326.7
16 145.083 290.166 70049.3
10 599.428 599.428 69938.9
15 987.791 987.791 70540.6
2 349.332 349.332 70404.9
11 1554.59 6218.38 71520.3
3 323.329 323.329 70533.9
0 802.653 802.653 71148.8
4 577.721 1155.44 70862.7
17 1463.05 5852.21 72138.9
13 399.834 399.834 71535.7
5 1131.81 4527.23 72361.3
8 1058.82 4235.27 72736.9
1 647.208 647.208 72269.9
2 948.689 948.689 72741.6
9 246.11 246.11 71967.3
10 244.417 488.833 72021.5
14 876.785 3507.14 72925.7
6 264.985 264.985 72372.7
11 1411.05 5644.2 74365.1
15 456.089 456.089 73441.7
4 52.1559 104.312 73156.1
38
17 567.971 567.971 66481.6
12 71.4559 71.4559 66066.7
14 580.914 580.914 67207.4
2 71.4152 71.4152 66751
1 412.849 825.698 67397
0 584.385 584.385 67855.7
13 262.072 524.143 67661.2
17 622.364 1244.73 67759.1
3 183.29 183.29 67770.8
10 168.496 336.992 68391
2 339.369 339.369 69297
14 59.3494 59.3494 68576.8
16 923.389 923.389 69521.7
11 236.961 473.923 69388.9
15 317.711 317.711 69499.8
5 467.178 1868.71 69687.8
4 415.709 831.419 69326.7
17 687.221 2748.88 70460.9
14 1623.8 6495.21 71891.7
7 174.303 348.607 70178.6
10 499.723 999.446 70555.7
1 310.198 310.198 70692.6
8 683.747 1367.49 71597.6
13 220.388 440.775 71051.2
4 491.846 983.691 71553.3
11 364.394 728.788 71626.8
16 320.618 320.618 71691.7
6 272 272 71893.9
0 279.407 279.407 72109.3
2 568.615 2274.46 72319.9
5 310.149 620.299 72547.8
10 228.904 457.809 72219.9
17 1917.15 7668.58 73949
3 429.398 429.398 72914
1 908.725 1817.45 73166.8
11 1657.85 6631.4 74659.7
15 284.371 284.371 73041.4
12 456.605 456.605 73405.6
42
17 567.971 567.971 66481.6
12 71.4559 71.4559 66066.7
14 580.914 580.914 67207.4
2 71.4152 71.4152 66751
1 412.849 825.698 67397
0 584.385 584.385 67855.7
13 262.072 524.143 67661.2
17 622.364 1244.73 67759.1
8 353.488 353.488 68118.1
5 264.96 1059.84 68113.2
15 310.359 310.359 68186.2
14 1484.49 5937.97 69455.4
12 192.398 192.398 68710.7
7 269.521 269.521 68548.9
2 313.651 313.651 69523.2
17 851.839 851.839 69956.7
10 221.606 443.213 69831.1
11 464.215 1856.86 69893.7
16 368.453 368.453 69863.9
7 413.256 826.512 70181.7
13 770.258 1540.52 70589.9
0 274.949 274.949 70346.6
4 110.598 110.598 70859.9
10 871.692 1743.38 71834.1
11 1025.82 4103.29 72366
2 1308.55 5234.2 72377.1
8 1953.45 3906.9 72916.2
16 790.184 1580.37 71863.9
13 1772.43 3544.87 72547.8
15 247.36 247.36 71463.4
5 617.107 617.107 71716.3
12 240.055 240.055 71582.3
6 439.922 439.922 71897.5
4 1332.8 1332.8 73294.7
0 391.211 391.211 71819.8
1 333.652 667.304 72104.5
7 603.135 603.135 72453.5
14 358.462 358.462 72445.7
5 1635.24 3270.47 74064.1
10 1559.82 3119.65 74185.6
17 1006.48 1006.48 73274.6
6 1360.99 1360.99 74088.5
38
7 672.336 1344.67 67073.5
1 220.598 441.196 66108.2
2 116.881 467.526 66622.6
17 97.3534 389.414 66377
13 182.899 182.899 66632.5
16 430.587 861.173 67446.3
10 301.27 602.54 67674.4
0 264.774 264.774 68359.2
3 203.955 203.955 68187.3
12 305.101 305.101 68473.6
4 388.851 777.701 68805.7
17 251.204 1004.81 68847.9
16 704.514 1409.03 70000.5
15 17.5808 17.5808 68972.7
2 128.433 513.733 69077.8
14 663.456 2653.82 70437.1
11 208.147 832.587 70476.1
1 174.303 348.607 70178.6
10 616.595 1233.19 70672.6
7 342.419 342.419 70724.8
13 471.347 942.693 71385.2
2 699.863 1399.73 71530.6
5 325.742 651.484 71387.2
17 806.525 1613.05 72068.9
0 483.946 483.946 71855
12 247.36 247.36 71463.4
3 692.667 692.667 71791.9
15 253.776 253.776 71596
8 349.34 349.34 71806.9
16 117.843 117.843 72079.8
4 242.777 242.777 71671.4
1 277.67 555.34 72048.5
6 421.926 421.926 72272.3
7 630.195 630.195 72717.4
11 712.136 1424.27 73141
10 457.254 914.509 73083
14 208.601 208.601 72476.7
2 813.929 813.929 73541.4
41
17 567.971 567.971 66481.6
12 71.4559 71.4559 66066.7
14 580.914 580.914 67207.4
2 71.4152 71.4152 66751
1 412.849 825.698 67397
0 584.385 584.385 67855.7
13 262.072 524.143 67661.2
17 622.364 1244.73 67759.1
11 982.666 3930.66 68915.4
10 106.823 213.645 67887.1
7 121.033 121.033 67720.5
16 661.261 1322.52 68940.3
14 1018.39 2036.77 69259.3
2 311.073 622.146 68592.4
8 556.5 1113 69117.2
4 571.342 1142.68 68824.6
3 135.916 135.916 68743.4
15 184.627 184.627 68604.1
17 1113.79 4455.16 69783.1
5 470.811 470.811 68941.2
12 417.712 417.712 68790.1
13 750.964 1501.93 69572.7
9 838.883 838.883 70321
7 341.125 341.125 70136.3
2 951.422 951.422 70968.2
1 353.01 353.01 70765.8
10 332.608 332.608 70915.7
4 411.498 411.498 71060
5 45.3008 45.3008 70701.4
13 535.569 1071.14 71432.4
6 272 272 71893.9
0 279.407 279.407 72109.3
11 672.995 2691.98 72424.3
5 704.041 1408.08 72941.7
4 520.944 1041.89 72511.9
2 1077.41 4309.63 73109.2
12 132.141 132.141 72616.7
10 331.768 663.537 72589.8
8 1474.61 5898.45 74476.4
3 284.371 284.371 73041.4
7 367.682 367.682 73316.7
41
7 672.336 1344.67 67073.5
1 220.598 441.196 66108.2
2 116.881 467.526 66622.6
17 97.3534 389.414 66377
13 182.899 182.899 66632.5
16 430.587 861.173 67446.3
17 532.589 2130.35 68465.3
10 106.823 213.645 67887.1
6 591.968 591.968 68191.4
2 722.573 1445.15 69001.6
7 766.434 1532.87 69007.4
14 167.288 334.575 68448.6
1 1275.33 2550.66 69836.1
13 247.625 495.251 68500.9
12 121.85 121.85 68729.3
0 174.094 174.094 68593.6
8 1250.26 5001.05 69919.6
3 180.892 180.892 68651.3
15 1265.67 1265.67 69638.1
4 262.589 525.179 69084.4
11 870.433 3481.73 70644.1
5 377.796 1511.18 70645.7
16 445.716 891.431 70450.1
10 532.895 1065.79 70588.9
17 389.135 389.135 70771.5
7 468.058 936.116 71381.9
8 916.358 1832.72 71747.1
14 285.34 570.681 71346.8
4 909.015 1818.03 72171.4
2 156.992 156.992 71528
1 477.608 477.608 72099.5
0 502.87 502.87 72332.8
5 799.036 3196.14 72550.3
13 655.752 1311.5 72893.4
10 196.935 393.871 72187.9
14 842.599 3370.39 72874.4
6 429.398 429.398 72914
11 411.211 822.422 72669.3
2 500.176 2000.7 73502
9 896.394 896.394 73653.5
7 410.928 410.928 73359.9
32
7 515.81 1031.62 66679.7
16 321.011 642.023 66945.8
17 368.643 1474.57 67333.1
14 330.891 330.891 67961
8 1108.7 2217.4 68379.6
13 39.193 78.386 67479.9
1 560.142 1120.28 68908.3
3 49.2669 49.2669 68343
2 24.7933 24.7933 68591.4
11 457.758 457.758 69186
0 146.092 146.092 69007
13 681.613 681.613 70163.7
16 296.145 296.145 70091.3
12 649.329 649.329 70666.2
17 395.102 395.102 70807.9
3 291.777 291.777 70874.9
14 430.836 430.836 71079.3
15 208.017 208.017 70864.2
4 626.377 1252.75 71523.2
0 247.36 247.36 71463.4
11 712.429 712.429 71811.7
10 459.471 459.471 71801.7
6 439.922 439.922 71897.5
1 1111.08 1111.08 73073
2 609.057 609.057 72037.6
16 200.807 401.613 71971.7
7 660.456 660.456 72510.8
8 358.462 358.462 72445.7
13 138.148 276.296 72567
14 805.042 1610.08 73430.8
3 239.022 239.022 72507.2
17 526.698 526.698 73254.2
