63
2 146.331 585.323 65716.5
3 184.024 184.024 66096.7
2 1611.4 6445.58 67538.3
0 565.46 565.46 66518.8
1 651.75 651.75 66751.7
1 2734.17 5468.33 68667.7
3 1931.79 1931.79 68144.9
2 3256.51 13026.1 69509.6
0 2123.29 2123.29 68321.7
1 4388.92 8777.85 70778.5
3 4608.88 4608.88 71303.3
2 5107.75 20431 71503.6
1 6395.24 12790.5 72719.8
1 8042.42 16084.8 74521
2 8143.47 32573.9 74790
1 14626.1 29252.2 81023.4
1 12280.6 24561.2 78923.9
2 10624.4 42497.8 77599.4
0 3983.38 3983.38 71096.6
0 12833.4 12833.4 79741.6
2 14708.1 58832.4 81461.3
1 16793.4 33586.8 83933
1 9921.12 19842.2 76982.1
1 19326 38652.1 86485.4
2 16223.5 64893.8 83572.1
1 21870 43740.1 89010.6
0 6173.96 6173.96 73651.5
1 23189.4 46378.8 90764.4
3 13639.6 13639.6 81065.7
0 8926.56 8926.56 76832.8
1 24851.3 49702.5 92442.2
0 14091 14091 82482.7
1 26708.4 53416.8 94679.7
3 14910.8 14910.8 83305.9
1 29237.9 58475.9 97723
0 15968.1 15968.1 84732.1
0 18060 18060 86800.5
2 16826.6 67306.4 86600.8
2 19081.5 76326 88784.2
3 15828.8 15828.8 85141.3
1 30338.5 60677 100165
1 38236 76472 108082
1 32092.1 64184.2 102272
2 39702.2 79404.4 109554
3 3045.02 3045.02 73513.7
3 16990.3 16990.3 87383.3
3 5528.72 5528.72 76323.9
1 39848.2 79696.4 110365
2 40969.1 81938.3 111525
2 22910.7 91642.6 93519.4
2 20299.1 81196.5 91220.1
2 26001.7 104007 96539
2 29219.8 116879 100603
0 16999.4 16999.4 88830.3
2 30742.4 122970 102910
1 40370.9 80741.8 112322
2 33321.1 133285 105308
2 41849.2 83698.4 113933
3 17448 17448 89787.4
1 32003.2 64006.4 104477
0 18493.5 18493.5 90776.8
2 34463.6 137854 107436
1 41351.5 82702.9 114189
63
2 323.329 646.657 66200.9
1 599.336 1198.67 66454.3
3 180.119 180.119 66180.4
2 2101.38 8405.54 68017.9
0 415.675 415.675 66482.3
0 2824.81 2824.81 68460.1
2 4207.72 16830.9 70163
2 6379.39 25517.6 72577.2
3 6110.44 6110.44 72252.8
2 8332.37 33329.5 74621.5
0 4817.36 4817.36 71113.5
0 6890.32 6890.32 73100.6
0 9107.32 9107.32 75338.8
1 1985.65 3971.29 68279
1 4566.98 9133.95 70927.8
0 11686.2 11686.2 78265.5
3 11714 11714 78464.9
3 1523.79 1523.79 68167.2
0 13615.9 13615.9 80212.3
3 8805.82 8805.82 75652.8
2 9533.08 38132.3 76734.6
2 12829.6 51318.4 80088
1 6069.01 12138 74416.2
1 8467.76 16935.5 76507.8
1 10464.6 20929.2 79200.6
2 14664.6 58658.2 82910.6
2 16897.8 67591.4 85248.4
3 12349.7 12349.7 80913.2
0 13406.9 13406.9 81751.6
1 13384.9 26769.8 82072.1
3 14515.9 14515.9 83485.4
0 14388.1 14388.1 83493.7
0 16470.9 16470.9 85855.2
3 19136.1 19136.1 88596.3
1 16235.2 32470.4 85174.8
3 16173.7 16173.7 85483
1 17341.7 34683.3 86550.5
0 18654.8 18654.8 88375.2
2 17540.7 70162.8 88104.9
0 19967.1 19967.1 89947
2 20041.4 80165.7 90046.3
3 20730.6 20730.6 90891.9
1 19200.7 38401.4 89797.1
1 20815.1 41630.3 91879.3
1 22309.5 44618.9 93798.9
0 20261.4 20261.4 91796.2
0 22647.7 22647.7 94121.9
3 22639.1 22639.1 94032.7
3 24117.6 24117.6 95944.9
0 24223.1 24223.1 95650.3
1 24457.4 48914.8 96225
2 20442.5 81770.1 92383.4
2 23294.9 93179.7 95276.7
1 26573.1 53146.3 98289.7
2 25543 102172 97531.9
0 25304.5 25304.5 97178.7
1 28263.2 56526.3 100699
2 30934.6 61869.2 103230
2 28352.4 113410 100916
3 25905.8 25905.8 98897.8
0 26642.1 26642.1 99182.5
1 31024.6 62049.3 103670
0 28363.5 28363.5 101130
42
2 127.601 255.203 66199
3 116.737 116.737 66111.1
0 566.787 566.787 66467.2
1 632.472 1264.94 66433.7
2 2712.58 10850.3 68514.2
0 2514.95 2514.95 68456.7
2 4254.47 17017.9 70505.8
1 2101.54 4203.09 68285.4
2 6191.45 24765.8 72541.1
0 7113.86 7113.86 73478.7
0 9056.39 9056.39 75634.1
0 11155.3 11155.3 77678.4
3 1525.47 1525.47 68101.9
2 8113.24 32453 74475.4
1 8154.32 16308.6 77467
1 3452.48 6904.96 69825.5
2 9617.87 38471.5 76417.6
1 12427 24853.9 79562.9
0 12166.5 12166.5 79646.2
1 14847.8 29695.6 82390.3
0 2330.85 2330.85 70565
2 20971.2 41942.4 89260.7
3 761.035 761.035 69756.2
1 15466.8 30933.7 84476.7
3 2103 2103 71741.3
3 4696.19 4696.19 74280
3 7304.29 7304.29 77020.4
3 9198.33 9198.33 79088.1
2 7879.1 31516.4 78370.5
1 19604.2 39208.4 90390.2
1 15315.4 30630.8 88586.4
2 8957.8 35831.2 80341.5
0 9845.1 9845.1 81676
2 10480.5 41921.8 82648.2
2 19267 38534 91217.9
2 13059.2 52236.6 85046.5
1 20714.5 41429 92798
3 10178.2 10178.2 82517.6
2 22157.4 44314.7 94631
0 11339.2 11339.2 83622.5
2 14201.6 56806.4 87173.5
1 21871.8 43743.6 94709.5
46
2 290.258 1161.03 65998.3
3 284.287 284.287 66139.7
1 506.68 1013.36 66161.2
1 2182.84 4365.69 68146.2
1 6393.97 12787.9 72358.2
0 561.65 561.65 66639.5
0 2194.46 2194.46 68592.7
2 1727.81 6911.26 68229.1
2 4434.58 17738.3 70979.6
1 7976.36 15952.7 74304.4
1 3754.74 7509.47 70126.1
0 4043.49 4043.49 70734.3
1 9409.83 18819.7 75771.2
1 12489.8 24979.7 79091.3
1 14872 29744 82045.8
1 18587.5 37175 85362.8
1 20767.5 41534.9 88138.5
0 5658.86 5658.86 72807.4
2 7781.95 31127.8 75001
3 594.916 594.916 68501.2
2 22944.7 45889.3 90535.5
3 2574.86 2574.86 70966.5
1 21697.8 43395.6 89669.1
3 4483.62 4483.62 72878.7
2 24066.6 48133.3 92551.7
0 6203.81 6203.81 74967.8
3 6645.58 6645.58 75386.1
0 7891.74 7891.74 77201
1 22544 45088.1 91752.9
3 7204.46 7204.46 76924.8
2 7123.8 28495.2 77688
3 8516.76 8516.76 78496.7
2 9624.53 38498.1 79629.4
0 8780.34 8780.34 78941.6
2 23568.1 47136.3 94164.5
2 10642 42568.1 82025.7
3 8695.59 8695.59 80526.5
2 12164.7 48658.8 84332.4
2 24233.4 48466.8 96184.3
2 14743.4 58973.6 86730.7
1 25978.8 51957.7 98062.3
0 10064.1 10064.1 82403.5
1 21484.5 42969 93958.1
3 10189.7 10189.7 82473
2 15885.8 63543.4 88857.8
2 25213.9 50427.9 98051.6
53
2 127.601 255.203 66199
3 116.737 116.737 66111.1
0 566.787 566.787 66467.2
1 632.472 1264.94 66433.7
2 2712.58 10850.3 68514.2
0 2514.95 2514.95 68456.7
2 4254.47 17017.9 70505.8
1 2101.54 4203.09 68285.4
2 6191.45 24765.8 72541.1
0 7149.86 7149.86 73514.7
0 9092.39 9092.39 75670.1
0 11191.2 11191.2 77714.4
3 1525.47 1525.47 68101.9
2 8113.24 32453 74475.4
1 8154.32 16308.6 77467
1 3452.48 6904.96 69825.5
2 9617.87 38471.5 76417.6
1 12427 24853.9 79562.9
3 11914.8 11914.8 79394.4
3 2557.13 2557.13 70463.4
1 13879.6 27759.2 81470.5
3 4537.07 4537.07 72928.7
1 15736.7 31473.4 83708
3 6445.83 6445.83 74840.9
1 18266.3 36532.5 86751.4
3 8326.34 8326.34 77090.4
0 10917.5 10917.5 79658
3 12042.1 12042.1 81680.5
0 1017.18 1017.18 70601
0 13583.7 13583.7 83299.8
3 13730.4 13730.4 83620.2
2 7879.1 31516.4 78370.5
1 18133.4 36266.8 88919.5
2 21155.4 42310.7 94426.4
1 20211.3 40422.5 91488.7
3 15803.1 15803.1 86955
1 22245.7 44491.5 93576.8
1 24304 48608 95520
2 25082.3 50164.5 96198.4
0 16037.8 16037.8 87335.7
1 25916.1 51832.3 97479.3
2 26531.1 53062.2 98069.8
3 17140.5 17140.5 88807.9
2 8577.42 34309.7 80350.9
1 27538 55076 99496.7
2 10402 41608.2 82283.2
0 17169.5 17169.5 89135.3
2 28401.2 56802.4 100500
2 13868.5 55473.8 85825.2
1 30286.3 60572.6 103029
2 15027.8 60111.1 87968.3
2 16984.2 67936.8 89993.9
2 29559.6 59119.1 102471
59
2 323.329 646.657 66200.9
1 599.336 1198.67 66454.3
3 180.119 180.119 66180.4
2 2101.38 8405.54 68017.9
0 415.675 415.675 66482.3
0 2824.81 2824.81 68460.1
2 4207.72 16830.9 70163
2 6379.39 25517.6 72577.2
3 6110.44 6110.44 72252.8
2 8332.37 33329.5 74621.5
0 4817.36 4817.36 71113.5
0 6890.32 6890.32 73100.6
0 9107.32 9107.32 75338.8
1 1985.65 3971.29 68279
1 4566.98 9133.95 70927.8
0 11686.2 11686.2 78265.5
3 11714 11714 78464.9
3 1523.79 1523.79 68167.2
0 13615.9 13615.9 80212.3
3 8805.82 8805.82 75652.8
2 9533.08 38132.3 76734.6
2 12829.6 51318.4 80088
2 15921.2 63684.6 84117.6
1 5690.66 11381.3 73668.3
1 13804.1 27608.2 82778.7
3 11349.1 11349.1 80225.2
3 12994.6 12994.6 81987
1 7266.42 14532.8 76500.5
1 9114.6 18229.2 78533.4
3 14779.9 14779.9 84392.7
0 14363 14363 84020.9
1 15555.5 31110.9 85276.5
0 12181.4 12181.4 82181.8
2 16334.4 65337.5 86618
2 18943.4 75773.6 89434.7
1 17743.1 35486.2 88114.5
2 21542 86168.1 92513
0 15124.6 15124.6 86286.1
2 23511.2 94045 94714.8
0 16869.9 16869.9 88107.8
1 20178.5 40357 91416.6
3 17598.7 17598.7 88849.2
1 21978.6 43957.2 93220.7
1 23815.1 47630.2 95269.2
0 18484.6 18484.6 89689.4
3 19313.3 19313.3 90653.4
1 25825.1 51650.2 97335
1 28077 56154 99554.1
2 26111.8 104447 97662.3
2 29491.3 117965 101121
2 32934.3 131737 104754
1 29949.2 59898.4 101969
2 35186.8 140747 107323
0 19528 19528 91690.9
1 31798.3 63596.6 103989
1 33485.6 66971.1 105977
3 14389.3 14389.3 86907.7
1 34950.4 69900.8 107761
3 19590.8 19590.8 92458.2
57
2 290.258 1161.03 65998.3
3 284.287 284.287 66139.7
1 506.68 1013.36 66161.2
1 2182.84 4365.69 68146.2
1 6393.97 12787.9 72358.2
0 561.65 561.65 66639.5
3 2146.04 2146.04 68544.2
2 1727.81 6911.26 68229.1
2 4434.58 17738.3 70979.6
1 7976.36 15952.7 74304.4
1 3754.74 7509.47 70126.1
0 1969.03 1969.03 68659.9
1 9409.83 18819.7 75771.2
1 12489.8 24979.7 79091.3
1 16686.6 33373.2 83860.4
1 14130.6 28261.2 80905.9
1 23881.8 47763.7 91252.9
3 3468.79 3468.79 70617.3
2 7781.95 31127.8 75001
1 18665.2 37330.4 86260.4
1 26349.5 52699 93969.8
0 4828.05 4828.05 74756.7
1 20728.1 41456.3 88642.8
2 8428.67 33714.7 76883.2
3 3956.78 3956.78 72572.5
2 25905.6 51811.3 94998.1
3 7309.19 7309.19 76289.9
0 7548.64 7548.64 76610.5
3 8980.98 8980.98 78288
3 11477.4 11477.4 80786.7
1 27772.5 55545 96981.3
0 8428.92 8428.92 78149.3
2 9175.52 36702.1 79739.7
0 9741.23 9741.23 79721.1
2 11676.3 46705 81681.1
3 12366 12366 82527.3
2 26014.5 52029 96610.9
2 27629 55257.9 98693.1
2 29123.3 58246.6 100613
0 10035.6 10035.6 81570.3
0 12397.2 12397.2 83871.5
0 14041 14041 85434.6
0 15519.5 15519.5 87346.9
3 17386.2 17386.2 88813.4
2 31271.2 62542.4 103039
2 12077.3 48309.4 84018.2
2 14929.7 59718.9 86911.5
1 32001.1 64002.1 103718
2 17177.8 68711.3 89166.7
0 17540.4 17540.4 89414.6
1 28454.2 56908.3 100890
2 32726.4 65452.8 105022
2 19987.2 79948.8 92551.1
3 13303.6 13303.6 86295.6
3 18276.8 18276.8 90817.1
1 33090.5 66181 105736
0 18215.4 18215.4 90982.2
56
2 323.329 646.657 66200.9
1 599.336 1198.67 66454.3
3 180.119 180.119 66180.4
2 2101.38 8405.54 68017.9
0 415.675 415.675 66482.3
0 2824.81 2824.81 68460.1
2 4207.72 16830.9 70163
2 6379.39 25517.6 72577.2
3 6110.44 6110.44 72252.8
2 8332.37 33329.5 74621.5
0 4817.36 4817.36 71113.5
0 6890.32 6890.32 73100.6
0 9107.32 9107.32 75338.8
1 1985.65 3971.29 68279
1 4566.98 9133.95 70927.8
0 11686.2 11686.2 78265.5
0 13591.8 13591.8 80342.7
3 1523.79 1523.79 68167.2
3 15362.3 15362.3 81958.6
3 11007.6 11007.6 77854.6
2 9533.08 38132.3 76734.6
2 12829.6 51318.4 80088
2 15921.2 63684.6 84117.6
1 5690.66 11381.3 73668.3
1 13804.1 27608.2 82778.7
3 11002.5 11002.5 79878.7
0 13112.1 13112.1 82104.5
1 7266.42 14532.8 76500.5
1 9114.6 18229.2 78533.4
1 15255.3 30510.6 84724.2
1 18357.7 36715.5 87802.9
3 4573.4 4573.4 74446
1 19514 39028 89323.1
1 20850.2 41700.5 90879.4
2 15147.9 60591.6 85918.3
0 12821.4 12821.4 84312.2
1 21357.6 42715.2 92421.8
1 22851.9 45703.9 94341.4
3 12273.1 12273.1 83807.8
3 14634.7 14634.7 86108.9
0 16052.2 16052.2 87445.8
3 16193.8 16193.8 88021.2
0 17547 17547 88974.2
1 24999.9 49999.7 96767.5
2 16314.5 65257.9 88255.4
2 19166.9 76667.5 91148.6
1 27115.6 54231.2 98832.2
2 21415 85659.9 93403.9
3 18214.7 18214.7 90088.9
2 26731.2 53462.5 99167.3
1 28367.4 56734.8 100663
2 24224.4 96897.4 96788.3
0 18732.9 18732.9 91724.9
3 19552.3 19552.3 92092.6
2 29492.4 58984.7 102138
3 21273.7 21273.7 94040.5
56
2 281.903 1127.61 66179.9
1 739.232 1478.46 66894.1
3 197.944 197.944 66247.5
2 3869.74 15479 70266
0 2619.93 2619.93 69127.1
3 2059.31 2059.31 68442.3
3 7329.33 7329.33 73736.2
3 8779.02 8779.02 75490
2 8499.34 33997.4 75099.6
1 2368.05 4736.1 68822.4
3 10956.6 10956.6 77905.3
0 11212 11212 78139.1
1 3654.43 7308.85 70632.4
2 9953.14 39812.6 77205.1
2 12237.8 48951.3 79631
3 3020.59 3020.59 70926.9
1 4787.05 9574.11 72377.9
3 11853.2 11853.2 80244.9
1 6644.18 13288.4 74615.5
0 7308.64 7308.64 75703.7
1 19436 38872.1 87921.1
0 11241.2 11241.2 80005.2
0 13333 13333 82073.5
2 12885.5 51542 82659.7
2 15140.4 60561.7 84843.1
3 12767.7 12767.7 82080.2
1 7169.53 14339.1 76995.6
1 19931.6 39863.2 89778.1
1 8923.09 17846.2 79102.6
1 22044.8 44089.5 91896.9
0 2021.62 2021.62 72490.3
0 13428.5 13428.5 83821.6
1 11117.6 11117.6 81912.8
1 23185.4 46370.8 93701.8
1 25116.6 50233.2 95672.4
2 18969.6 75878.3 89578.3
2 16358 65432.2 87279
2 22060.7 88242.6 92598
1 26463.3 52926.6 98012
3 13119.7 13119.7 84503.8
0 14598.9 14598.9 86130.2
3 15225.1 15225.1 86438
3 16891.9 16891.9 88456.6
0 16975 16975 88694
3 18562.4 18562.4 90477.7
0 18754.8 18754.8 90714.8
3 20379.6 20379.6 92496.3
0 20526.9 20526.9 92728.2
2 23824.2 95297 96353.2
3 22307 22307 94415.2
1 12941.1 12941.1 85302.4
0 22334.4 22334.4 94832.8
2 26086.7 104347 99234.6
1 28054.8 56109.6 100918
2 29159.7 58319.5 102149
1 29883.7 59767.3 103040
51
2 127.601 255.203 66199
3 116.737 116.737 66111.1
0 566.787 566.787 66467.2
1 632.472 1264.94 66433.7
2 2712.58 10850.3 68514.2
0 2514.95 2514.95 68456.7
2 4254.47 17017.9 70505.8
1 2101.54 4203.09 68285.4
2 6191.45 24765.8 72541.1
3 5911.65 5911.65 72276.5
3 7854.19 7854.19 74431.9
3 11970.4 11970.4 78493.5
3 1525.47 1525.47 68101.9
2 8113.24 32453 74475.4
1 8154.32 16308.6 77467
1 3452.48 6904.96 69825.5
2 9617.87 38471.5 76417.6
1 12427 24853.9 79562.9
0 11783.9 11783.9 79263.6
2 10507.4 42029.5 78703.8
1 15058.2 30116.3 83035.8
1 18306.5 36613 87281
3 986.051 986.051 69862.2
0 7464.73 7464.73 76457.2
2 18260.2 36520.5 87494.3
2 20108.4 40216.8 89527.2
1 19757.7 39515.3 89226.6
1 22860.1 45720.2 92305.3
0 2681.4 2681.4 72554
2 23524.3 47048.6 93333.4
1 23832.5 47664.9 93861.6
2 9734.14 38936.6 80504.5
0 10555 10555 82045.8
2 24115 48229.9 95663.6
3 9183.7 9183.7 80567.9
3 11198.6 11198.6 82729.9
3 13606 13606 84818.8
3 4884.57 4884.57 76449.2
3 15088.6 15088.6 86807.5
0 15636.3 15636.3 87551.5
3 16868.4 16868.4 88828.3
0 17453.4 17453.4 89570.1
3 18640.5 18640.5 90841.7
2 10035.8 40143.3 82564.8
0 19380.9 19380.9 91489.1
0 12312.9 12312.9 84674.3
3 20447.9 20447.9 92946.4
2 12298.2 49192.9 85446.2
1 22935.5 45871.1 95798.5
1 24896.9 49793.7 97886.1
2 25343.2 50686.5 98500
55
2 281.903 1127.61 66179.9
1 739.232 1478.46 66894.1
3 197.944 197.944 66247.5
2 3869.74 15479 70266
0 2619.93 2619.93 69127.1
3 2059.31 2059.31 68442.3
3 8258.47 8258.47 74665.4
3 9708.16 9708.16 76419.1
2 8499.34 33997.4 75099.6
1 2368.05 4736.1 68822.4
3 13540.1 13540.1 80488.8
3 5430.86 5430.86 72358
1 3654.43 7308.85 70632.4
2 9953.14 39812.6 77205.1
2 12237.8 48951.3 79631
1 6045.94 12091.9 73588.4
0 8273.5 8273.5 76507.6
1 8418.23 16836.5 76707.7
3 9078.3 9078.3 78073.5
1 12700 25399.9 81709.8
2 12885.5 51542 82659.7
2 15140.4 60561.7 84843.1
3 965.196 965.196 70277.7
1 9797.32 19594.6 79623.4
1 17770.1 35540.2 87616.6
1 13831.4 27662.8 84010.9
1 19883.3 39766.5 89735.4
0 2021.62 2021.62 72490.3
3 12337.8 12337.8 82730.8
0 9256.32 9256.32 80051.5
1 21023.9 42047.8 91540.3
1 22955.1 45910.2 93510.9
2 18969.6 75878.3 89578.3
2 16358 65432.2 87279
2 22060.7 88242.6 92598
1 24528.9 49057.8 95593.1
1 26023.2 52046.5 97512.7
0 12997.4 12997.4 84532.2
3 13557.7 13557.7 85031.9
3 15201.5 15201.5 86595.1
0 15085.5 15085.5 86912.9
3 16696.3 16696.3 88123.5
1 28171.2 56342.4 99938.8
2 24503.9 98015.8 96444.8
2 27356.3 109425 99338.1
1 30286.9 60573.8 102003
2 29604.4 118418 101593
0 17106.4 17106.4 88980.6
1 31976.9 63953.9 104413
1 34930.7 69861.4 107226
2 32413.8 129655 104978
3 17882.2 17882.2 90874.1
0 18443.9 18443.9 90984.3
2 34778.9 69557.8 107425
0 20165.4 20165.4 92932.2
65
2 127.601 255.203 66199
3 116.737 116.737 66111.1
0 566.787 566.787 66467.2
1 632.472 1264.94 66433.7
2 2712.58 10850.3 68514.2
0 2514.95 2514.95 68456.7
2 4254.47 17017.9 70505.8
1 2101.54 4203.09 68285.4
2 6191.45 24765.8 72541.1
0 4187.56 4187.56 70552.4
0 6130.09 6130.09 72707.8
0 8228.95 8228.95 74752.1
3 1525.47 1525.47 68101.9
2 8113.24 32453 74475.4
1 8154.32 16308.6 77467
1 3452.48 6904.96 69825.5
2 9617.87 38471.5 76417.6
1 12427 24853.9 79562.9
3 8255.51 8255.51 75735.2
3 2557.13 2557.13 70463.4
1 13879.6 27759.2 81470.5
3 4537.07 4537.07 72928.7
1 17752.9 35505.8 85724.2
0 8728.75 8728.75 77123.8
1 15001.6 30003.1 83486.7
3 8783.69 8783.69 77547.7
3 10875.6 10875.6 79616.1
2 9672.15 38688.6 79446.4
2 11927.1 47708.2 81629.7
3 12089.5 12089.5 81402
1 18278.3 36556.5 88104.3
1 21145.5 42291.1 90992
1 23763.9 47527.9 93943.5
1 27953.2 55906.3 97805.3
0 9477.92 9477.92 79946.6
3 13251 13251 83644
0 11961.6 11961.6 82756.8
1 29093.8 58187.6 99610.2
1 31025 62050 101581
2 15756.2 63024.9 86365
2 13144.7 52578.7 84065.6
2 18847.3 75389.2 89384.6
2 22210.7 88842.6 93181.6
3 14747.7 14747.7 85909.2
2 24179.9 96719.5 95383.5
0 16311.9 16311.9 87549.8
1 32618.5 65237.1 103857
3 16483.7 16483.7 87734.1
1 34418.7 68837.3 105661
1 36255.2 72510.3 107709
0 17926.6 17926.6 89131.4
3 18198.2 18198.2 89538.3
1 38265.2 76530.3 109775
2 38733.2 77466.5 110210
2 26780.4 107122 98330.9
2 30159.9 120640 101790
2 33602.9 134412 105422
1 39735.2 79470.5 111755
2 35855.4 143422 107991
0 18970 18970 91132.9
2 40456 80911.9 112647
1 41251.7 82503.3 113743
3 18753.3 18753.3 91271.7
2 41718.8 83437.6 114530
0 20218.4 20218.4 93085.8
51
2 281.903 1127.61 66179.9
1 739.232 1478.46 66894.1
3 197.944 197.944 66247.5
2 3869.74 15479 70266
0 2619.93 2619.93 69127.1
3 2059.31 2059.31 68442.3
0 8975.22 8975.22 75382.1
0 10424.9 10424.9 77135.9
2 8499.34 33997.4 75099.6
1 2368.05 4736.1 68822.4
0 12602.5 12602.5 79551.2
3 8438.21 8438.21 75365.4
1 3654.43 7308.85 70632.4
2 9953.14 39812.6 77205.1
2 12237.8 48951.3 79631
1 7006.96 14013.9 74602.2
1 19446.6 38893.2 87066.9
0 3623.63 3623.63 73552.3
1 9069.89 18139.8 76984.5
2 13474.7 53898.6 81929.2
0 14386.6 14386.6 83002.3
1 20421.4 40842.7 89513.9
3 2570.74 2570.74 71551.5
0 15794.2 15794.2 84856.1
3 9008.66 9008.66 78315.7
2 14823.6 59294.4 84597.8
2 17078.5 68314.1 86781.2
0 11623.7 11623.7 80936.1
1 9538.61 19077.2 79364.7
1 21524.3 43048.7 91370.8
1 11292.2 22584.3 81471.7
1 23637.5 47274.9 93489.7
3 10440.4 10440.4 80909.1
0 16211.1 16211.1 86604.2
3 12924.1 12924.1 83719.3
1 24778.1 49556.2 95294.5
1 26709.3 53418.6 97265.1
2 20907.7 83630.7 91516.4
2 18296.1 73184.5 89217.1
2 23998.8 95995 94536.1
2 27216.8 108867 98600.5
3 16855.5 16855.5 88686.4
2 28739.5 114958 100907
1 27334 54667.9 99284.8
2 31318.2 125273 103305
1 29609.1 59218.2 101693
0 16668.8 16668.8 89008.2
1 11203.3 22406.6 83676.9
3 18349.6 18349.6 90632.9
2 32460.6 129842 105433
1 30766.4 61532.8 103604
54
2 281.903 1127.61 66179.9
1 739.232 1478.46 66894.1
3 197.944 197.944 66247.5
2 3869.74 15479 70266
0 2619.93 2619.93 69127.1
3 2059.31 2059.31 68442.3
0 9030.17 9030.17 75437.1
3 8831.7 8831.7 75542.7
2 8499.34 33997.4 75099.6
1 2368.05 4736.1 68822.4
0 10429.2 10429.2 77377.8
3 10695.9 10695.9 77623
1 3654.43 7308.85 70632.4
2 9953.14 39812.6 77205.1
2 12237.8 48951.3 79631
1 4852.24 9704.47 73199.5
1 7251 14502 75291
1 9247.81 18495.6 77983.8
2 14233.1 56932.2 82479.1
2 16466.3 65865.4 84816.9
0 11262.6 11262.6 79826.1
3 11359 11359 79703.6
1 12168.1 24336.3 80855.3
3 1383.81 1383.81 70353.3
3 12340.1 12340.1 81445.7
3 3453.58 3453.58 72837.9
0 12550 12550 82010.3
1 15018.4 30036.9 83958.1
3 13792.5 13792.5 83430.8
0 3035.82 3035.82 72619.6
0 15034.6 15034.6 84750.7
3 15480.8 15480.8 85370.6
2 16607.6 66430.5 87099.1
1 19085.5 38171.1 89871.6
1 14796.8 29593.5 88067.8
1 21163.4 42326.8 92440.8
3 17553.5 17553.5 88705.4
1 23197.9 46395.7 94528.9
1 25256.1 50512.2 96472.1
1 27128 54256 98244.2
0 17494.9 17494.9 88792.8
1 29094.9 58189.8 100658
1 31013.7 62027.3 102552
3 18890.9 18890.9 90558.3
2 17306 69223.8 89079.4
1 33040.5 66081 104999
2 19130.6 76522.3 91011.7
0 18626.6 18626.6 90592.4
2 34069.2 68138.3 106168
2 22597 90387.9 94553.8
2 29326.3 58652.5 102069
2 23756.3 95025.2 96696.8
2 25712.7 102851 98722.4
1 34058.4 68116.9 106970
53
2 323.329 646.657 66200.9
1 599.336 1198.67 66454.3
3 180.119 180.119 66180.4
2 2101.38 8405.54 68017.9
0 415.675 415.675 66482.3
0 2824.81 2824.81 68460.1
2 4207.72 16830.9 70163
2 6379.39 25517.6 72577.2
3 6110.44 6110.44 72252.8
2 8332.37 33329.5 74621.5
0 4817.36 4817.36 71113.5
0 6890.32 6890.32 73100.6
0 9107.32 9107.32 75338.8
1 1985.65 3971.29 68279
1 4566.98 9133.95 70927.8
0 13895.7 13895.7 80475.1
0 11317.7 11317.7 78068.6
3 1523.79 1523.79 68167.2
0 15825.4 15825.4 82421.8
3 11007.6 11007.6 77854.6
2 9533.08 38132.3 76734.6
2 12829.6 51318.4 80088
1 5573.12 11146.2 73115.6
3 12334.7 12334.7 80568.9
1 7945.42 15890.8 76234.9
3 13916.9 13916.9 82912
1 10822.8 21645.6 79832.7
1 12984.6 25969.2 82453.5
1 18818.2 37636.5 88263.4
3 4573.4 4573.4 74446
1 19974.5 39949 89783.6
1 21310.7 42621.5 91339.9
2 12606.1 50424.6 83376.5
3 13686.3 13686.3 85177.1
1 22185.3 44370.6 93462.7
0 13105.8 13105.8 84257.7
1 24219.8 48439.5 95550.8
1 26278 52556 97494
1 28149.9 56299.8 99266.1
0 14813.6 14813.6 86111.5
2 28757.5 57515 100321
1 29598.8 59197.5 101137
0 16297 16297 87964.4
2 14016.1 56064.6 85789.6
2 30379.4 60758.7 102338
2 15840.8 63363.1 87721.9
3 16509.8 16509.8 88475.5
1 31468.9 62937.7 103568
2 19307.2 77228.7 91264
1 11718.5 23437 84461.3
2 20466.5 81866 93407
2 22422.9 89691.7 95432.6
2 31397.3 62794.6 104309
54
2 290.258 1161.03 65998.3
3 284.287 284.287 66139.7
1 506.68 1013.36 66161.2
1 2182.84 4365.69 68146.2
1 6393.97 12787.9 72358.2
0 561.65 561.65 66639.5
3 2146.04 2146.04 68544.2
2 1727.81 6911.26 68229.1
2 4434.58 17738.3 70979.6
1 7976.36 15952.7 74304.4
1 3754.74 7509.47 70126.1
0 1969.03 1969.03 68659.9
1 9409.83 18819.7 75771.2
1 12489.8 24979.7 79091.3
1 14872 29744 82045.8
1 18587.5 37175 85362.8
1 20767.5 41534.9 88138.5
3 3468.79 3468.79 70617.3
2 7781.95 31127.8 75001
2 22889.1 45778.2 90484.3
1 23235.1 46470.3 90855.4
0 4828.05 4828.05 74756.7
2 24952 49904.1 92866.7
2 8428.67 33714.7 76883.2
3 3956.78 3956.78 72572.5
1 24209.9 48419.8 93302.4
3 7309.19 7309.19 76289.9
0 7548.64 7548.64 76610.5
3 8980.98 8980.98 78288
0 9337.32 9337.32 78950.2
0 11411.4 11411.4 81069.3
1 25655.3 51310.6 95376.3
0 13467.3 13467.3 83467.7
2 9100.06 36400.2 79383.7
2 11709.1 46836.3 82200.4
2 24420.1 48840.2 94791.5
1 26157.9 52315.8 97706.6
3 12556.6 12556.6 83940.7
0 14098.4 14098.4 85629.7
3 14662.1 14662.1 85874.9
3 16328.8 16328.8 87893.5
0 16434.7 16434.7 88153.6
3 17999.4 17999.4 89914.6
0 18214.5 18214.5 90174.5
3 19816.5 19816.5 91933.2
0 19986.6 19986.6 92187.8
2 12673.9 50695.6 85202.8
3 21744 21744 93852.2
3 8656.18 8656.18 81017.6
0 21794 21794 94292.5
2 14936.3 59745.3 88084.3
2 27735.1 55470.2 100598
2 24716.6 49433.2 97705.9
1 27384.7 54769.3 100541
55
2 290.258 1161.03 65998.3
3 284.287 284.287 66139.7
1 506.68 1013.36 66161.2
1 2182.84 4365.69 68146.2
1 6393.97 12787.9 72358.2
0 561.65 561.65 66639.5
3 2146.04 2146.04 68544.2
2 1727.81 6911.26 68229.1
2 4434.58 17738.3 70979.6
1 7976.36 15952.7 74304.4
1 3754.74 7509.47 70126.1
0 1969.03 1969.03 68659.9
1 9409.83 18819.7 75771.2
1 12489.8 24979.7 79091.3
1 14872 29744 82045.8
1 21197.6 42395.1 87972.8
1 17284.8 34569.7 84655.9
3 3468.79 3468.79 70617.3
2 7781.95 31127.8 75001
2 25535.4 51070.9 93130.6
1 22334.7 44669.3 89954.9
0 4828.05 4828.05 74756.7
1 24328.8 48657.6 92243.5
2 8428.67 33714.7 76883.2
3 3956.78 3956.78 72572.5
1 26628.6 53257.2 95721.1
3 7309.19 7309.19 76289.9
0 7548.64 7548.64 76610.5
3 8980.98 8980.98 78288
0 11094.1 11094.1 80732.5
3 12907.7 12907.7 82491.5
3 9984.12 9984.12 79700.2
0 12782.4 12782.4 82672.2
2 8673.95 34695.8 79165.4
2 26241 52482 97027
1 28060.3 56120.6 101331
2 28318.8 56637.7 99596.3
0 7294.5 7294.5 78446.5
2 30353.3 60706.6 101684
1 31907.3 63814.7 103123
2 32402.6 64805.3 103519
3 14029.9 14029.9 85327.8
1 33519.5 67039 105083
2 33851.5 67703 105390
0 14378.7 14378.7 86046.1
2 9372.28 37489.1 81145.7
1 35141.4 70282.7 107100
2 11196.9 44787.6 83078
3 15161.5 15161.5 87127.3
2 35721.6 71443.2 107821
2 14663.3 58653.2 86620.1
1 37889.6 75779.3 110632
2 15822.6 63290.5 88763.1
2 17779 71116.2 90788.7
2 36880 73759.9 109792
52
2 290.258 1161.03 65998.3
3 284.287 284.287 66139.7
1 506.68 1013.36 66161.2
1 2182.84 4365.69 68146.2
1 6393.97 12787.9 72358.2
0 561.65 561.65 66639.5
0 2194.46 2194.46 68592.7
2 1727.81 6911.26 68229.1
2 4434.58 17738.3 70979.6
1 7976.36 15952.7 74304.4
1 3754.74 7509.47 70126.1
0 4043.49 4043.49 70734.3
1 9409.83 18819.7 75771.2
1 15295.4 30590.8 81896.9
1 11403 22806 78576.8
1 16936.1 33872.3 83711.4
1 19116.1 38232.2 86487.1
0 5658.86 5658.86 72807.4
2 7781.95 31127.8 75001
3 594.916 594.916 68501.2
2 20850.6 41701.1 88441.4
3 2574.86 2574.86 70966.5
1 20046.4 40092.9 88017.7
3 4483.62 4483.62 72878.7
2 21972.5 43945.1 90457.6
0 6203.81 6203.81 74967.8
3 6645.58 6645.58 75386.1
0 7672.72 7672.72 77285.6
3 7492.34 7492.34 77150.2
2 22810.6 45621.1 92531.6
3 9548.24 9548.24 79548.6
2 6746.31 26985.2 77029.9
2 9355.33 37421.3 79846.7
1 19571.1 39142.3 89942.5
1 21593.2 43186.4 93141.9
0 8831.96 8831.96 80216.1
3 10179.3 10179.3 81710.6
0 10937.4 10937.4 82150.3
0 12604.2 12604.2 84168.9
0 14427.8 14427.8 86146.7
3 15468.6 15468.6 87383.9
0 16207.6 16207.6 88167.6
3 17285.8 17285.8 89402.5
0 17979.7 17979.7 90180.9
2 10320.2 41280.6 82849.1
3 19213.2 19213.2 91321.4
3 12159.7 12159.7 84521.1
0 19787.1 19787.1 92285.6
2 12582.6 50330.3 85730.5
2 21605.5 43210.9 94468.5
1 22844.2 45688.4 95833.5
2 23434.3 46868.7 96591.1
38
2 281.903 1127.61 66179.9
1 739.232 1478.46 66894.1
3 197.944 197.944 66247.5
2 3869.74 15479 70266
0 2619.93 2619.93 69127.1
3 2059.31 2059.31 68442.3
3 7250.49 7250.49 73657.4
3 8700.18 8700.18 75411.2
2 8499.34 33997.4 75099.6
1 2368.05 4736.1 68822.4
0 10054.7 10054.7 77003.4
3 10564.3 10564.3 77491.5
1 3654.43 7308.85 70632.4
2 9953.14 39812.6 77205.1
2 12237.8 48951.3 79631
1 6045.94 12091.9 73588.4
0 5766.14 5766.14 74000.3
1 8418.23 16836.5 76707.7
0 9662.55 9662.55 78657.7
1 12831.7 25663.3 81841.5
3 1235.17 1235.17 70848
3 9391.41 9391.41 79049.3
1 8522.74 17045.5 78243.7
0 11055.7 11055.7 81056.1
2 11480.6 45922.4 81764.2
2 14089.6 56358.5 84580.9
1 14045.5 28090.9 84416.9
2 16607.1 66428.2 87990.7
3 9724.11 9724.11 81555
2 18129.7 72518.8 90297.4
1 15471 30942.1 87421.9
2 20708.4 82833.6 92695.7
1 17746.2 35492.3 89829.6
0 10703.4 10703.4 83042.8
1 21012.7 42025.4 93486.3
3 11218.3 11218.3 83501.5
2 21850.9 87403.4 94822.8
2 23852.4 47704.9 96690.1
62
2 290.258 1161.03 65998.3
3 284.287 284.287 66139.7
1 506.68 1013.36 66161.2
1 2182.84 4365.69 68146.2
1 6393.97 12787.9 72358.2
0 561.65 561.65 66639.5
0 2194.46 2194.46 68592.7
2 1727.81 6911.26 68229.1
2 4434.58 17738.3 70979.6
1 7976.36 15952.7 74304.4
1 3754.74 7509.47 70126.1
0 4043.49 4043.49 70734.3
1 9409.83 18819.7 75771.2
1 12489.8 24979.7 79091.3
1 16686.6 33373.2 83860.4
1 14130.6 28261.2 80905.9
1 19099.4 38198.8 86470.4
0 5658.86 5658.86 72807.4
2 7781.95 31127.8 75001
3 594.916 594.916 68501.2
1 21590.5 43180.9 89181.4
3 2574.86 2574.86 70966.5
1 23447.6 46895.2 91418.9
3 4483.62 4483.62 72878.7
1 25977.1 51954.3 94462.2
0 6203.81 6203.81 74967.8
3 6645.58 6645.58 75386.1
2 7793.83 31175.3 77568
2 10048.7 40194.9 79751.4
0 7040.33 7040.33 76352.8
1 27077.7 54155.5 96903.8
1 29945 59890 99791.5
1 32563.4 65126.8 102743
2 32152.7 64305.4 102005
0 8836.84 8836.84 79305.6
3 6741.06 6741.06 77134.1
3 10544.5 10544.5 81339.7
2 33293.4 66586.7 103810
2 35224.6 70449.1 105780
2 13877.9 55511.6 84486.7
2 11266.4 45065.4 82187.3
2 16969 67875.9 87506.3
1 35508.2 71016.4 106572
2 36367.8 72735.6 107857
0 11561.8 11561.8 83096.6
0 13923.4 13923.4 85397.7
3 14561.3 14561.3 85954.8
0 15482.6 15482.6 87309.9
3 16056 16056 87483.3
1 36776.5 73553 108544
2 19412.3 77649 91353.1
2 22264.7 89058.6 94246.4
2 38490.1 76980.2 110207
2 24512.8 98051 96501.7
3 17137.5 17137.5 89011.7
1 38926.3 77852.6 111362
2 39741.9 79483.7 112037
2 27322.1 109289 99886
0 17289 17289 90281
3 18475 18475 91015.4
2 41410 82820 114056
0 20070.6 20070.6 92837.4
55
2 290.258 1161.03 65998.3
3 284.287 284.287 66139.7
1 506.68 1013.36 66161.2
1 2182.84 4365.69 68146.2
1 6393.97 12787.9 72358.2
0 561.65 561.65 66639.5
0 2194.46 2194.46 68592.7
2 1727.81 6911.26 68229.1
2 4434.58 17738.3 70979.6
1 7976.36 15952.7 74304.4
1 3754.74 7509.47 70126.1
0 4043.49 4043.49 70734.3
1 9409.83 18819.7 75771.2
1 12489.8 24979.7 79091.3
1 14872 29744 82045.8
1 18587.5 37175 85362.8
1 20767.5 41534.9 88138.5
0 5658.86 5658.86 72807.4
2 7781.95 31127.8 75001
3 594.916 594.916 68501.2
1 23258.5 46517 90849.4
3 2574.86 2574.86 70966.5
2 24765.6 49531.3 92736.9
3 4483.62 4483.62 72878.7
1 24380.5 48761 92865.6
0 6203.81 6203.81 74967.8
3 6645.58 6645.58 75386.1
0 7891.74 7891.74 77201
2 25611.9 51223.8 94820.8
3 7204.46 7204.46 76924.8
2 7123.8 28495.2 77688
3 8516.76 8516.76 78496.7
2 9624.53 38498.1 79629.4
0 8780.34 8780.34 78941.6
1 23882 47764 94478.4
1 25496.4 50992.9 96560.6
1 26990.8 53981.5 98480.2
3 8811.13 8811.13 80345.9
0 10824.8 10824.8 82299
3 11053.7 11053.7 82447.3
0 12383.9 12383.9 84211.3
3 12548.5 12548.5 83975.7
1 29138.7 58277.4 100906
2 10025.6 40102.5 81966.5
2 12878 51512 84859.7
2 29840.5 59680.9 101557
2 15126.1 60504.4 87115
3 13629.9 13629.9 85504.1
2 26293.6 52587.1 98729.6
1 30593.9 61187.8 102889
2 17935.5 71741.9 90499.4
0 14172.1 14172.1 87164.1
3 14967.5 14967.5 87507.8
2 30929.9 61859.8 103576
3 16688.9 16688.9 89455.7
61
2 290.258 1161.03 65998.3
3 284.287 284.287 66139.7
1 506.68 1013.36 66161.2
1 2182.84 4365.69 68146.2
1 6393.97 12787.9 72358.2
0 561.65 561.65 66639.5
3 2146.04 2146.04 68544.2
2 1727.81 6911.26 68229.1
2 4434.58 17738.3 70979.6
1 7976.36 15952.7 74304.4
1 3754.74 7509.47 70126.1
0 1969.03 1969.03 68659.9
1 9409.83 18819.7 75771.2
1 15295.4 30590.8 81896.9
1 11403 22806 78576.8
1 16936.1 33872.3 83711.4
1 21135.5 42270.9 88506.5
3 3468.79 3468.79 70617.3
2 7781.95 31127.8 75001
2 8587.02 34348.1 76783.4
1 22574.8 45149.5 90552.3
1 17314.7 34629.4 86289.2
0 1816.8 1816.8 70693
0 3462.34 3462.34 72454.8
1 24150.5 48301 93384.6
1 25998.7 51997.4 95417.5
2 9677.81 38711.2 79452
2 11932.7 47730.9 81635.4
3 4894.56 4894.56 74207
1 33735.3 67470.6 103561
2 33780.5 67561 103627
1 27539 55078 97718.5
2 35893.6 71787.3 105746
0 4808.85 4808.85 75277.6
3 2429.05 2429.05 72822.1
0 7292.55 7292.55 78087.8
1 36355 72709.9 106871
1 30564 61128.1 101120
2 15761.9 63047.5 86370.6
2 13150.3 52601.3 84071.3
2 18853 75411.8 89390.3
2 36224 72448.1 107288
1 37301.5 74603.1 108791
3 4683.79 4683.79 76218.5
3 7045.42 7045.42 78519.7
3 8689.23 8689.23 80082.8
3 10167.7 10167.7 81995.1
0 11257.7 11257.7 82684.9
2 37492.3 74984.6 109260
2 21296.2 85185 93237.1
2 24148.6 96594.5 96130.4
1 39423.8 78847.6 111140
2 26396.7 105587 98385.6
3 12188.5 12188.5 84062.8
2 39642.1 79284.3 112078
1 40675.6 81351.2 112971
2 29206.1 116824 101770
0 12443.6 12443.6 85435.5
3 13526.1 13526.1 86066.5
1 42343.7 84687.4 114989
0 15225.1 15225.1 87991.9
49
2 290.258 1161.03 65998.3
3 284.287 284.287 66139.7
1 506.68 1013.36 66161.2
1 2182.84 4365.69 68146.2
1 6393.97 12787.9 72358.2
0 561.65 561.65 66639.5
3 2146.04 2146.04 68544.2
2 1727.81 6911.26 68229.1
2 4434.58 17738.3 70979.6
1 7976.36 15952.7 74304.4
1 3754.74 7509.47 70126.1
0 1969.03 1969.03 68659.9
1 9409.83 18819.7 75771.2
1 17905.5 35810.9 84506.9
1 11403 22806 78576.8
2 18424.6 36849.3 85199.9
1 13815.8 27631.6 81186.9
3 3468.79 3468.79 70617.3
2 7781.95 31127.8 75001
1 19920.4 39840.9 87462.9
0 2534.05 2534.05 70768.2
2 18459.4 36918.9 86748.9
3 3495.15 3495.15 72490.3
1 20539.5 41078.9 89549.4
0 3833.8 3833.8 73472.1
3 5098.99 5098.99 74682.8
0 6607.03 6607.03 76323.1
3 7002.98 7002.98 76892.8
2 6314.45 25257.8 76805.9
2 17766.7 35533.4 88552.8
1 20388.1 40776.1 93659.1
2 19343.7 38687.3 90892.3
3 8956.96 8956.96 80341.1
0 10432.9 10432.9 81964.2
3 11062.4 11062.4 82275.3
3 12729.2 12729.2 84293.9
0 12811.3 12811.3 84530.2
3 14399.7 14399.7 86315
0 14591.1 14591.1 86551.1
3 16216.9 16216.9 88333.6
0 16363.2 16363.2 88564.5
2 6472.59 25890.4 79001.5
3 18144.3 18144.3 90252.5
0 6691.26 6691.26 79052.6
0 18170.6 18170.6 90669.1
2 8735 34940 81883
2 20935.2 41870.4 93798.2
2 22896.5 45793.1 95885.8
1 22423.2 44846.4 95580
55
2 281.903 1127.61 66179.9
1 739.232 1478.46 66894.1
3 197.944 197.944 66247.5
2 3869.74 15479 70266
0 2619.93 2619.93 69127.1
3 2059.31 2059.31 68442.3
0 8975.22 8975.22 75382.1
0 10424.9 10424.9 77135.9
2 8499.34 33997.4 75099.6
1 2368.05 4736.1 68822.4
0 12602.5 12602.5 79551.2
3 8438.21 8438.21 75365.4
1 3654.43 7308.85 70632.4
2 9953.14 39812.6 77205.1
2 12237.8 48951.3 79631
1 7006.96 14013.9 74602.2
1 16005.9 32011.8 83626.2
0 3623.63 3623.63 73552.3
1 9069.89 18139.8 76984.5
2 13474.7 53898.6 81929.2
3 13520.1 13520.1 82135.8
1 16980.7 33961.3 86073.2
3 2570.74 2570.74 71551.5
3 14927.7 14927.7 83989.6
3 9008.66 9008.66 78315.7
0 12256 12256 81868.9
0 14351.6 14351.6 84009.5
1 18426.1 36852.1 88147.1
3 15958.8 15958.8 85959.1
2 14146 56584.2 84429.7
2 16755.1 67020.3 87246.4
1 8537.94 17075.9 78909.3
2 19353.7 77414.8 90324.7
0 15113.2 15113.2 86274.6
2 21322.9 85291.7 92526.5
3 16692.5 16692.5 87930.4
1 18713.1 37426.3 89951.2
0 16849.1 16849.1 88099.6
1 20513.3 41026.5 91755.3
1 22349.8 44699.5 93803.9
3 18307.2 18307.2 89512
0 18563.7 18563.7 89903.7
1 24359.8 48719.6 95869.7
1 10358.6 20717.2 81835.7
2 23923.5 95693.9 95473.9
2 27303 109212 98933.1
2 30746 122984 102565
1 25829.8 51659.7 97850
2 32998.5 131994 105134
3 19350.6 19350.6 91513.5
1 27678.9 55357.9 99869.9
1 29366.2 58732.4 101857
0 19118.7 19118.7 91637.2
1 30831.1 61662.1 103642
3 20599 20599 93466.4
45
2 323.329 646.657 66200.9
1 599.336 1198.67 66454.3
3 180.119 180.119 66180.4
2 2101.38 8405.54 68017.9
0 415.675 415.675 66482.3
0 2824.81 2824.81 68460.1
2 4207.72 16830.9 70163
2 6379.39 25517.6 72577.2
3 6110.44 6110.44 72252.8
2 8332.37 33329.5 74621.5
0 4817.36 4817.36 71113.5
0 6890.32 6890.32 73100.6
0 9107.32 9107.32 75338.8
1 1985.65 3971.29 68279
1 4566.98 9133.95 70927.8
3 13229.6 13229.6 79808.9
0 11317.7 11317.7 78068.6
3 1523.79 1523.79 68167.2
0 13552.2 13552.2 80148.5
3 10099.8 10099.8 76946.8
2 9533.08 38132.3 76734.6
2 12829.6 51318.4 80088
1 5573.12 11146.2 73115.6
3 13683.1 13683.1 81917.2
1 7945.42 15890.8 76234.9
0 12910.3 12910.3 81905.5
1 10822.8 21645.6 79832.7
0 14252.3 14252.3 83890.6
3 13791 13791 83374.8
3 4578.3 4578.3 74294.4
3 15695 15695 85584.8
2 13581.8 54327.3 84073.3
1 12943.1 25886.1 83729.1
1 16068.4 32136.7 89339.4
2 14660.5 58642.1 86044.2
0 15073.5 15073.5 86904.4
2 16183.2 64732.7 88350.9
1 19345.7 38691.3 91296.5
2 18761.9 75047.5 90749.2
1 21620.8 43241.6 93704.3
0 16551.8 16551.8 88891.1
2 23815.8 47631.5 96289.4
3 16620.1 16620.1 88903.3
2 19904.3 79617.3 92876.3
1 22778.1 45556.2 95615.8
58
2 323.329 646.657 66200.9
1 599.336 1198.67 66454.3
3 180.119 180.119 66180.4
2 2101.38 8405.54 68017.9
0 415.675 415.675 66482.3
0 2824.81 2824.81 68460.1
2 4207.72 16830.9 70163
2 6379.39 25517.6 72577.2
3 6110.44 6110.44 72252.8
2 8332.37 33329.5 74621.5
0 4817.36 4817.36 71113.5
0 6890.32 6890.32 73100.6
0 9107.32 9107.32 75338.8
1 1985.65 3971.29 68279
1 4566.98 9133.95 70927.8
0 11686.2 11686.2 78265.5
3 11778.5 11778.5 78529.4
3 1523.79 1523.79 68167.2
0 13615.9 13615.9 80212.3
3 13816.9 13816.9 80663.9
2 9533.08 38132.3 76734.6
2 12829.6 51318.4 80088
1 6504.14 13008.3 74099.3
1 15422 30844 83042.3
3 6749.38 6749.38 76678.1
1 8567.07 17134.1 76481.7
2 15399.3 61597.1 83853.8
0 13122 13122 81737.7
1 16396.7 32793.5 85489.2
3 14333 14333 83313.7
0 14529.6 14529.6 83591.5
3 16004.8 16004.8 85311.8
0 19928.9 19928.9 89567.2
3 19931.4 19931.4 89515.2
3 17007.9 17007.9 86724
0 21617.2 21617.2 91507
2 15644.5 62578.2 86136
1 16871.3 33742.6 87657.3
1 7789.19 15578.4 81060.2
1 18949.1 37898.3 90226.6
0 14275.5 14275.5 85427.4
1 20983.6 41967.2 92314.6
1 23041.9 46083.7 94257.9
1 24913.8 49827.5 96029.9
0 15983.3 15983.3 87281.2
1 26880.7 53761.3 98443.9
1 28799.4 57598.8 100338
3 20696.6 20696.6 92364.1
2 16342.9 65371.5 88116.3
1 30826.3 61652.5 102785
2 18167.5 72670 90048.6
3 22197.8 22197.8 94163.6
1 32684 65368.1 104783
2 21633.9 86535.6 93590.7
2 28363.2 56726.4 101106
2 22793.2 91172.9 95733.7
2 24749.6 98998.6 97759.3
2 32227.6 64455.1 105139
65
2 146.331 585.323 65716.5
3 184.024 184.024 66096.7
2 1611.4 6445.58 67538.3
0 565.46 565.46 66518.8
1 651.75 651.75 66751.7
1 2734.17 5468.33 68667.7
3 1931.79 1931.79 68144.9
2 3256.51 13026.1 69509.6
0 2123.29 2123.29 68321.7
1 4388.92 8777.85 70778.5
3 4608.88 4608.88 71303.3
2 5107.75 20431 71503.6
1 6395.24 12790.5 72719.8
1 8042.42 16084.8 74521
2 8143.47 32573.9 74790
1 14626.1 29252.2 81023.4
1 12280.6 24561.2 78923.9
2 10624.4 42497.8 77599.4
0 3983.38 3983.38 71096.6
3 10958.6 10958.6 77866.8
2 14708.1 58832.4 81461.3
1 16793.4 33586.8 83933
1 9921.12 19842.2 76982.1
1 19326 38652.1 86485.4
2 16223.5 64893.8 83572.1
1 21870 43740.1 89010.6
0 6173.96 6173.96 73651.5
1 23189.4 46378.8 90764.4
3 12385 12385 79811.1
1 26598.4 53196.8 94193.6
1 29936.5 59873 97556.8
3 5982.92 5982.92 75911.6
1 31930.7 63861.3 99845.3
2 17415.7 69663 85870.3
3 12720.9 12720.9 81336.6
1 34230.4 68460.9 103323
0 7320.56 7320.56 76301.3
3 14128.5 14128.5 83190.4
0 8992.34 8992.34 78299.4
2 33636.6 67273.2 103106
1 35929 71858.1 105374
0 10399.1 10399.1 80271.7
1 37085.3 74170.6 106894
1 38421.5 76843.1 108451
2 16900.7 67602.6 87671
0 12961 12961 84451.7
1 39296.1 78592.2 110574
3 13874.4 13874.4 85026.3
2 39524.4 79048.9 110855
1 41300.7 82601.5 112517
2 37288.6 74577.1 108405
3 15582.2 15582.2 86880.1
2 41336.7 82673.4 112900
1 42777.9 85555.8 114317
0 16166.4 16166.4 87833.9
2 18310.7 73242.7 90084.1
2 42958.5 85917.1 114917
2 20135.3 80541.2 92016.4
3 16713.9 16713.9 88679.6
1 44648 89296 116747
2 23601.7 94406.8 95558.5
2 32370.5 64741.1 105113
2 24761 99044.1 97701.5
2 26717.4 106870 99727.1
2 43976.5 87953 116888
59
2 323.329 646.657 66200.9
1 599.336 1198.67 66454.3
3 180.119 180.119 66180.4
2 2101.38 8405.54 68017.9
0 415.675 415.675 66482.3
0 2824.81 2824.81 68460.1
2 4207.72 16830.9 70163
2 6379.39 25517.6 72577.2
3 6110.44 6110.44 72252.8
2 8332.37 33329.5 74621.5
0 4817.36 4817.36 71113.5
0 6890.32 6890.32 73100.6
0 9107.32 9107.32 75338.8
1 1985.65 3971.29 68279
1 4566.98 9133.95 70927.8
0 11686.2 11686.2 78265.5
3 11778.5 11778.5 78529.4
3 1523.79 1523.79 68167.2
0 13615.9 13615.9 80212.3
3 13816.9 13816.9 80663.9
2 9533.08 38132.3 76734.6
2 12829.6 51318.4 80088
1 6504.14 13008.3 74099.3
1 13412.2 26824.4 81032.5
3 6749.38 6749.38 76678.1
1 8567.07 17134.1 76481.7
2 15399.3 61597.1 83853.8
0 13122 13122 81737.7
1 14387 28773.9 83479.5
3 14333 14333 83313.7
0 14529.6 14529.6 83591.5
3 16004.8 16004.8 85311.8
1 8846.65 17693.3 78315.6
1 16085.6 32171.2 85530.7
3 17411.5 17411.5 87284.1
1 17241.8 34483.7 87050.9
1 18578.1 37156.2 88607.2
2 14884.2 59536.8 85654.5
0 16215 16215 87705.7
1 19085.4 38170.9 90149.6
1 20579.8 41159.5 92069.2
0 13906 13906 85440.7
0 19607.2 19607.2 91081.4
0 21251 21251 92644.5
0 22729.4 22729.4 94556.8
3 23755.7 23755.7 95182.9
1 22727.7 45455.4 94495.3
2 16050.8 64203.1 87991.6
2 18903.2 75612.6 90884.9
1 24843.4 49686.8 96560
2 21151.3 84605 93140.2
0 24750.3 24750.3 96624.5
2 26467.5 52935.1 98903.6
1 26095.2 52190.4 98390.4
2 23960.6 95842.5 96524.6
3 19673.1 19673.1 92665.1
3 24646.2 24646.2 97186.6
1 27763.3 55526.7 100409
0 25425.3 25425.3 98192.2
65
2 323.329 646.657 66200.9
1 599.336 1198.67 66454.3
3 180.119 180.119 66180.4
2 2101.38 8405.54 68017.9
0 415.675 415.675 66482.3
0 2824.81 2824.81 68460.1
2 4207.72 16830.9 70163
2 6379.39 25517.6 72577.2
3 6110.44 6110.44 72252.8
2 8332.37 33329.5 74621.5
0 4817.36 4817.36 71113.5
0 6890.32 6890.32 73100.6
0 9107.32 9107.32 75338.8
1 1985.65 3971.29 68279
1 4566.98 9133.95 70927.8
0 13895.7 13895.7 80475.1
0 11317.7 11317.7 78068.6
3 1523.79 1523.79 68167.2
3 14666.5 14666.5 81262.9
3 11695.1 11695.1 78542.1
2 9533.08 38132.3 76734.6
2 12829.6 51318.4 80088
1 5573.12 11146.2 73115.6
0 14349.2 14349.2 82583.4
1 7945.42 15890.8 76234.9
3 14024.6 14024.6 83019.8
1 10822.8 21645.6 79832.7
2 14553.1 58212.4 84327.3
2 16808 67232.1 86510.7
3 15092.3 15092.3 84404.8
1 13176.7 26353.4 83002.8
1 16044 32088 85890.5
1 18662.4 37324.8 88841.9
1 22851.9 45703.7 92704.1
3 16888.8 16888.8 87357.5
0 17254.2 17254.2 87647.2
3 4348.05 4348.05 75143.3
1 23992.5 47985 94508.9
1 25923.7 51847.4 96479.5
2 20637.2 82548.7 91245.9
2 18025.6 72102.6 88946.6
2 23728.3 94913 94265.6
2 27091.6 108366 98062.6
0 18750.9 18750.9 89912.4
2 29060.8 116243 100264
3 20125.5 20125.5 91363.4
1 27517.3 55034.5 98755.3
0 20486.9 20486.9 91737.4
1 29317.4 58634.8 100559
1 31153.9 62307.8 102608
3 21740.2 21740.2 92945
0 22201.4 22201.4 93541.5
1 33163.9 66327.8 104674
1 35415.8 70831.5 106893
2 31661.4 126646 103212
2 35040.9 140164 106671
2 38483.9 153936 110303
1 37288 74575.9 109308
2 40736.4 162945 112872
0 13279.6 13279.6 85442.5
1 39137.1 78274.1 111328
1 40824.3 81648.7 113315
3 22160 22160 94678.5
2 41944.1 83888.2 114755
0 22478.9 22478.9 95346.4
76
2 146.331 585.323 65716.5
3 184.024 184.024 66096.7
2 1611.4 6445.58 67538.3
0 565.46 565.46 66518.8
1 651.75 651.75 66751.7
1 2734.17 5468.33 68667.7
3 1931.79 1931.79 68144.9
2 3256.51 13026.1 69509.6
0 2123.29 2123.29 68321.7
1 4388.92 8777.85 70778.5
3 4608.88 4608.88 71303.3
2 5107.75 20431 71503.6
1 6395.24 12790.5 72719.8
1 8042.42 16084.8 74521
2 8143.47 32573.9 74790
1 14626.1 29252.2 81023.4
1 12280.6 24561.2 78923.9
2 10624.4 42497.8 77599.4
0 3983.38 3983.38 71096.6
0 12438.6 12438.6 79346.8
2 14708.1 58832.4 81461.3
1 16793.4 33586.8 83933
1 9921.12 19842.2 76982.1
1 19326 38652.1 86485.4
2 16223.5 64893.8 83572.1
1 21870 43740.1 89010.6
0 6173.96 6173.96 73651.5
1 23189.4 46378.8 90764.4
3 13639.6 13639.6 81065.7
1 25085.8 50171.5 93433
1 27484.5 54969 95524.5
1 31295 62590 100031
2 18174.1 72696.6 86420.2
2 20407.4 81629.7 88758
0 12858.4 12858.4 81421.9
3 14260.4 14260.4 82605.1
1 28964.6 57929.2 97651.8
0 7468.56 7468.56 76438.1
3 15241.5 15241.5 84347.1
3 17324.4 17324.4 86708.7
0 14145.8 14145.8 83606.1
1 33286 66572.1 102226
2 21652.4 86609.5 91426.6
2 23907.3 95629.2 93610
0 18584.1 18584.1 87896.6
1 35569.7 71139.3 105396
1 41260.8 82521.6 111107
1 37323.2 74646.5 107503
1 43374 86747.9 113226
3 3045.02 3045.02 73513.7
0 16118.6 16118.6 86511.6
3 5528.72 5528.72 76323.9
1 44514.6 89029.2 115031
1 46445.8 92891.6 117002
2 27736.4 110946 98345.2
2 25124.9 100500 96045.8
2 30827.5 123310 101365
1 48293.4 96586.7 119571
3 18369.8 18369.8 89521.8
1 50327.8 100656 121659
2 51205.4 102411 122421
1 52377.2 104754 123493
0 18926.7 18926.7 90224.6
2 52817.6 105635 124381
1 53826 107652 125365
3 19707.2 19707.2 91374.7
2 33676.4 134706 105450
2 54439.4 108879 126398
2 35501 142004 107382
0 20058.4 20058.4 92024.2
1 55696.1 111392 127795
2 38967.4 155870 110924
2 45696.7 91393.4 118440
2 40126.7 160507 113067
2 42083.2 168333 115093
2 55457.4 110915 128369
