38
7 240.539 240.539 65976.2
2 163.906 327.812 66296.8
1 136.788 273.577 66901
14 1004.25 4016.99 67650.8
16 438.642 438.642 67425.6
17 173.336 693.346 66737.2
6 455.495 455.495 67356
13 623.355 1246.71 67707.8
8 1841.91 1841.91 68731.7
7 922.095 1844.19 67924
4 722.604 1445.21 68201.1
15 1437.43 1437.43 68914.9
11 1170.96 2341.92 68670.6
3 183.29 183.29 67770.8
2 119.111 238.221 68341.6
1 475.609 475.609 69433.3
16 260.998 260.998 68778.4
0 571.952 571.952 69170.3
5 424.478 848.955 69576.5
12 282.965 282.965 69465
17 839.4 3357.6 70060
10 311.195 622.391 69222.2
14 748.976 2995.9 70522.7
2 587.837 2351.35 70855.8
7 174.303 348.607 70178.6
4 107.492 214.983 70163.5
8 342.419 342.419 70724.8
11 848.517 1697.03 71762.4
16 114.894 229.789 70945.7
10 285.34 570.681 71346.8
5 485.957 971.914 71748.4
0 177.597 177.597 71548.6
7 432.51 432.51 72054.4
17 468.069 1872.28 72219.4
10 956.356 1912.71 72909.9
15 429.271 429.271 72374.3
3 145.807 145.807 72177.6
12 563.674 563.674 73670.5
39
6 241.292 241.292 66267.9
2 160.277 320.555 65878.5
1 238.384 476.769 66569.1
7 858.32 858.32 66906.1
0 96.1445 96.1445 66411.4
10 290.821 581.642 67003.6
17 669.957 2679.83 66988.4
8 903.794 3615.18 67438.9
16 1023.8 2047.59 67574.4
13 173.769 173.769 67073.9
5 279.272 1117.09 67424.5
15 310.004 310.004 67188.5
12 781.269 781.269 67996.6
2 138.867 277.735 67512
0 321.44 321.44 68415.9
3 203.955 203.955 68187.3
4 412.854 412.854 68581.4
11 566.842 1133.68 68983.7
14 371.54 1486.16 68968.2
17 359.396 718.793 69655.3
15 177.305 177.305 69132.4
8 859.787 3439.15 69809.1
1 245.346 490.692 70149.5
16 559.967 559.967 69899.5
10 816.215 816.215 70369.1
12 252.423 252.423 70308
2 154.032 616.13 70119.8
3 323.329 323.329 70533.9
4 446.677 446.677 70792.8
11 234.736 469.472 70519.7
5 429.572 1718.29 71105.4
15 331.962 331.962 71467.8
7 195.93 195.93 71199.9
9 296.378 296.378 71862.2
13 186.351 372.702 71776.3
0 383.458 383.458 72425.7
16 527.276 527.276 73154.1
8 98.1922 98.1922 72297.4
17 720.617 2882.47 73243.4
32
7 862.999 862.999 66774.5
16 108.308 216.617 66085.3
2 129.403 517.611 66581.2
17 659.925 2639.7 67408.7
14 289.241 289.241 66471.5
12 40.5138 40.5138 66546.2
1 215.929 431.858 66423.8
0 710.982 710.982 66990.6
13 39.193 78.386 66552.9
15 237.856 237.856 66905
1 298.899 597.798 68526
0 445.062 445.062 69128.1
2 324.405 1297.62 68874.5
7 652.174 652.174 69310.1
10 106.566 106.566 68872
12 292.967 292.967 69468.4
3 159.238 159.238 69509.9
15 386.697 386.697 70049.5
5 327.903 1311.61 70083.6
17 262.277 1049.11 70629.3
1 291.618 291.618 70601
2 761.113 761.113 70915.7
8 1237.99 4951.96 72125.6
12 390.071 390.071 71743.5
13 571.002 1142 71564.5
7 219.294 219.294 71722
6 272 272 71893.9
14 466.258 1865.03 72217.6
10 163.775 327.55 72117.3
16 191.627 191.627 72136.6
5 145.807 145.807 72177.6
2 129.189 129.189 73236
33
7 862.711 862.711 66735.4
2 41.8641 83.7281 66748.9
8 1028.6 2057.21 67746.5
1 256.355 512.711 67376.5
6 630.235 630.235 67386.9
10 146.251 292.501 67212.6
17 873.432 873.432 67897.8
3 195.865 195.865 67517.1
12 299.328 299.328 67886.8
4 264.891 529.781 68487.4
16 723.238 723.238 69680.9
7 579.001 579.001 69096.4
0 571.952 571.952 69170.3
14 164.375 328.75 69316.4
13 196.278 196.278 69378.3
2 418.818 1675.27 69639.4
10 150.877 301.753 69061.9
1 545.774 1091.55 70449.9
17 259.253 259.253 69598.7
15 987.791 987.791 70540.6
4 417.391 417.391 70473
5 493.315 1973.26 70459.1
3 323.329 323.329 70533.9
12 446.677 446.677 70792.8
10 312.888 625.776 70597.9
11 429.572 1718.29 71105.4
13 657.965 657.965 71793.8
6 340.423 340.423 71962.3
14 209.971 839.885 71961.3
5 163.775 327.55 72117.3
2 191.627 191.627 72136.6
3 145.807 145.807 72177.6
0 414.528 414.528 73521.3
39
7 862.999 862.999 66774.5
16 108.308 216.617 66085.3
2 129.403 517.611 66581.2
17 659.925 2639.7 67408.7
14 289.241 289.241 66471.5
12 40.5138 40.5138 66546.2
1 215.929 431.858 66423.8
0 710.982 710.982 66990.6
13 39.193 78.386 66552.9
15 237.856 237.856 66905
3 183.29 183.29 67770.8
10 168.496 336.992 68391
17 408.078 408.078 69365.7
7 539.943 539.943 69057.4
0 599.227 599.227 69197.6
11 236.961 473.923 69388.9
12 275.663 275.663 69457.7
2 418.818 1675.27 69639.4
4 415.709 831.419 69326.7
15 386.697 386.697 70049.5
5 327.903 1311.61 70083.6
14 614.281 2457.12 70981.3
1 348.826 348.826 70658.2
0 510.119 510.119 70664.7
17 554.465 2217.86 71442.1
10 415.447 415.447 71768.9
13 571.002 1142 71564.5
7 459.55 459.55 71962.2
2 186.168 372.336 71215.4
11 906.763 906.763 72402.6
4 29.6248 59.2496 71782.6
9 243.809 243.809 71875.2
16 235.72 471.44 71724.4
3 405.318 405.318 72299.6
5 154.676 618.706 71901.3
1 371.936 743.872 73127.8
0 1313.43 1313.43 73617
2 1068.29 2136.58 73285
6 423.44 423.44 73364.3
39
6 241.292 241.292 66267.9
2 160.277 320.555 65878.5
1 238.384 476.769 66569.1
7 858.32 858.32 66906.1
0 96.1445 96.1445 66411.4
10 290.821 581.642 67003.6
17 669.957 2679.83 66988.4
8 903.794 3615.18 67438.9
16 1023.8 2047.59 67574.4
13 173.769 173.769 67073.9
5 279.272 1117.09 67424.5
15 310.004 310.004 67188.5
12 781.269 781.269 67996.6
2 639.737 1279.47 68987.9
4 353.653 707.306 68228
3 170.988 170.988 68737.6
17 139.696 139.696 69000.6
15 372.294 372.294 69533.6
9 285.804 285.804 69647.8
14 349.629 349.629 69831.7
16 241.912 241.912 70037.1
12 494.121 494.121 70510.9
7 572.533 572.533 70985.4
2 405.504 405.504 70988.6
1 266.351 266.351 70914.8
0 105.868 105.868 70762
10 373.714 747.429 71270.6
4 149.522 299.043 71355.3
12 680.238 680.238 72019.5
9 56.2088 56.2088 71613.4
5 223.091 223.091 72571.6
13 127.884 255.768 71984.7
16 1058.67 2117.34 73402.4
6 396.776 396.776 75464.7
0 430.587 430.587 73039.3
17 395.542 791.083 73021.6
14 733.058 1466.12 73176.1
4 363.523 363.523 73185.8
10 99.5586 199.117 72816
29
7 862.711 862.711 66735.4
2 41.8641 83.7281 66748.9
8 1028.6 2057.21 67746.5
1 256.355 512.711 67376.5
6 630.235 630.235 67386.9
10 146.251 292.501 67212.6
17 873.432 873.432 67897.8
3 195.865 195.865 67517.1
0 114.359 114.359 67990.2
16 403.967 403.967 69613.5
17 990.459 3961.84 70095.3
1 146.78 146.78 69402.3
2 545.774 1091.55 70449.9
0 898.567 898.567 70238.1
14 924.403 924.403 70477.3
13 318.19 318.19 70373.8
5 493.315 1973.26 70459.1
4 276.138 276.138 70486.7
12 381.717 381.717 70727.8
10 150.877 301.753 70435.9
11 429.572 1718.29 71105.4
1 510.435 510.435 71646.3
6 195.93 195.93 71199.9
9 296.378 296.378 71862.2
10 932.538 1865.08 72522.5
3 632.509 632.509 72674.8
7 527.276 527.276 73154.1
16 98.1922 98.1922 72297.4
14 825.129 3300.52 73347.9
35
6 241.292 241.292 66267.9
2 160.277 320.555 65878.5
1 238.384 476.769 66569.1
7 858.32 858.32 66906.1
0 96.1445 96.1445 66411.4
10 290.821 581.642 67003.6
17 669.957 2679.83 66988.4
8 903.794 3615.18 67438.9
16 1023.8 2047.59 67574.4
13 173.769 173.769 67073.9
5 279.272 1117.09 67424.5
15 310.004 310.004 67188.5
12 781.269 781.269 67996.6
2 639.737 1279.47 68987.9
4 353.653 707.306 68228
3 170.988 170.988 68737.6
17 139.696 139.696 69000.6
15 372.294 372.294 69533.6
9 285.804 285.804 69647.8
14 933.251 3733 70286.7
16 982.444 982.444 70800.6
0 215.9 215.9 70078.3
1 263.299 526.599 70731.9
7 678.332 678.332 71094.3
4 294.258 588.516 70731.8
8 191.355 382.711 70566.3
2 1140.83 2281.67 71834.8
3 453.206 453.206 71554
15 631.493 631.493 71635.5
9 442.435 442.435 72008.2
10 186.351 372.702 71776.3
12 391.137 391.137 72433.4
8 527.276 527.276 73154.1
7 287.516 287.516 72486.7
14 720.617 2882.47 73243.4
38
17 567.971 567.971 66481.6
12 71.4559 71.4559 66066.7
14 580.914 580.914 67207.4
2 71.4152 71.4152 66751
1 412.849 825.698 67397
0 584.385 584.385 67855.7
13 262.072 524.143 67661.2
17 622.364 1244.73 67759.1
3 183.29 183.29 67770.8
10 168.496 336.992 68391
1 396.364 396.364 69354
14 108.925 108.925 68626.3
12 923.389 923.389 69521.7
11 236.961 473.923 69388.9
16 275.663 275.663 69457.7
2 418.818 1675.27 69639.4
4 415.709 831.419 69326.7
17 809.312 3237.25 70583
5 377.796 1511.18 70645.7
7 174.303 348.607 70178.6
10 615.574 1231.15 70671.6
14 507.054 507.054 70889.5
8 683.747 1367.49 71597.6
1 541.495 1082.99 71372.3
4 285.34 570.681 71346.8
11 673.466 1346.93 71935.9
12 301.753 301.753 71672.8
2 414.974 1659.9 71644.5
5 1169.84 4679.37 72848
13 511.915 511.915 72134.6
0 393.807 393.807 72186.7
9 246.11 246.11 71967.3
16 579.195 1158.39 72356.2
17 1629.68 6518.73 73678.6
7 264.985 264.985 72372.7
2 1069.67 4278.67 74023.7
14 517.918 517.918 73503.5
4 52.1559 104.312 73156.1
36
7 862.999 862.999 66774.5
16 108.308 216.617 66085.3
2 129.403 517.611 66581.2
17 659.925 2639.7 67408.7
14 289.241 289.241 66471.5
12 40.5138 40.5138 66546.2
1 215.929 431.858 66423.8
0 710.982 710.982 66990.6
13 39.193 78.386 66552.9
15 237.856 237.856 66905
1 755.871 1511.74 69104
10 241.046 482.093 68115.4
3 170.988 170.988 68737.6
12 472.98 472.98 69333.9
15 426.526 426.526 69587.8
4 221.756 221.756 69583.7
17 95.5055 382.022 69449
6 931.894 931.894 70750
13 215.9 215.9 70078.3
16 568.929 1137.86 71037.5
7 678.332 678.332 71094.3
10 294.258 588.516 70731.8
8 932.724 1865.45 71307.7
1 1172.74 2345.47 71866.7
3 453.206 453.206 71554
2 337.541 1350.16 71567.1
14 1269.38 5077.53 72947.5
4 438.543 438.543 72061.2
0 393.807 393.807 72186.7
5 222.526 222.526 71943.7
17 579.195 1158.39 72356.2
11 478.893 1915.57 72527.8
15 264.985 264.985 72372.7
2 992.236 3968.94 73946.3
16 89.5984 89.5984 73075.2
10 52.1559 104.312 73156.1
32
17 567.971 567.971 66481.6
12 71.4559 71.4559 66066.7
14 580.914 580.914 67207.4
2 71.4152 71.4152 66751
1 412.849 825.698 67397
0 584.385 584.385 67855.7
13 262.072 524.143 67661.2
17 622.364 1244.73 67759.1
16 298.899 597.798 68526
2 495.497 495.497 69178.5
11 478.575 1914.3 69028.7
14 245.291 245.291 68903.2
10 106.566 106.566 68872
12 292.967 292.967 69468.4
3 159.238 159.238 69509.9
17 809.312 3237.25 70583
5 377.796 1511.18 70645.7
7 174.303 348.607 70178.6
1 107.492 214.983 70163.5
6 565.149 565.149 70947.6
8 683.747 1367.49 71597.6
14 132.199 264.398 70963
4 284.409 568.817 71345.9
2 971.93 1943.86 72234.3
0 419.269 419.269 71790.3
7 758.647 758.647 71762.6
9 296.378 296.378 71862.2
13 186.351 372.702 71776.3
1 537.138 537.138 72579.4
14 583.83 583.83 73210.7
6 140.77 140.77 72340
17 721.093 2884.37 73243.9
41
7 862.999 862.999 66774.5
16 108.308 216.617 66085.3
2 129.403 517.611 66581.2
17 659.925 2639.7 67408.7
14 289.241 289.241 66471.5
12 40.5138 40.5138 66546.2
1 215.929 431.858 66423.8
0 710.982 710.982 66990.6
13 39.193 78.386 66552.9
15 237.856 237.856 66905
3 183.29 183.29 67770.8
10 168.496 336.992 68391
17 408.078 408.078 69365.7
7 539.943 539.943 69057.4
0 599.227 599.227 69197.6
11 236.961 473.923 69388.9
12 275.663 275.663 69457.7
2 418.818 1675.27 69639.4
4 415.709 831.419 69326.7
14 446.324 1785.3 70220
5 377.796 1511.18 70645.7
8 887.106 1774.21 70891.5
1 615.574 1231.15 70671.6
6 565.149 565.149 70947.6
7 1214.55 2429.11 72128.4
17 553.209 1106.42 71384
4 285.34 570.681 71346.8
11 673.466 1346.93 71935.9
0 165.282 165.282 71536.3
10 634.136 1268.27 71839.9
12 351.59 351.59 71690.9
9 241.28 241.28 71798.4
15 532.866 532.866 72881.4
13 127.884 255.768 71984.7
5 501.438 1002.88 72845.1
8 1214 1214 76281.9
3 405.826 405.826 73014.5
16 395.542 791.083 73021.6
2 942.448 1884.9 73385.5
4 355.021 355.021 73177.3
1 727.343 1454.69 73443.8
28
17 567.971 567.971 66481.6
12 71.4559 71.4559 66066.7
14 580.914 580.914 67207.4
2 71.4152 71.4152 66751
1 412.849 825.698 67397
0 584.385 584.385 67855.7
13 262.072 524.143 67661.2
17 622.364 1244.73 67759.1
15 310.359 310.359 68186.2
12 403.967 403.967 69613.5
14 324.671 1298.69 69429.5
16 146.78 146.78 69402.3
2 446.324 1785.3 70220
11 208.147 832.587 70476.1
7 174.303 348.607 70178.6
1 107.492 214.983 70163.5
17 342.419 342.419 70724.8
8 683.747 1367.49 71597.6
14 426.271 852.541 71257
10 154.774 309.548 71216.2
13 1244.89 2489.78 72507.3
0 419.269 419.269 71790.3
6 272 272 71893.9
11 629.386 2517.54 72380.7
4 356.744 713.487 72310.3
15 191.627 191.627 72136.6
3 171.162 171.162 72203
1 563.674 563.674 73670.5
37
17 567.971 567.971 66481.6
12 71.4559 71.4559 66066.7
14 580.914 580.914 67207.4
2 71.4152 71.4152 66751
1 412.849 825.698 67397
0 584.385 584.385 67855.7
13 262.072 524.143 67661.2
17 622.364 1244.73 67759.1
10 301.27 602.54 67674.4
12 392.436 392.436 68486.9
3 203.955 203.955 68187.3
4 412.854 412.854 68581.4
5 483.942 967.883 68900.8
2 162.888 651.553 68759.6
1 659.843 1319.69 69955.8
15 17.5808 17.5808 68972.7
17 352.464 1409.85 69301.8
13 386.697 386.697 70049.5
11 477.367 1909.47 70233
2 820.11 3280.44 71187.1
16 348.826 348.826 70658.2
0 372.463 372.463 70527
14 488.911 1955.64 71376.6
15 415.447 415.447 71768.9
4 708.039 1416.08 71701.5
17 226.777 226.777 71729.5
10 647.517 1295.03 71676.8
6 986.44 986.44 72482.3
5 29.6248 59.2496 71782.6
9 243.809 243.809 71875.2
13 711.911 1423.82 72200.6
3 405.318 405.318 72299.6
11 154.676 618.706 71901.3
16 371.936 743.872 73127.8
0 1079.84 1079.84 73383.4
1 1029.21 2058.43 73246
7 506.098 506.098 73446.9
40
6 241.292 241.292 66267.9
2 160.277 320.555 65878.5
1 238.384 476.769 66569.1
7 858.32 858.32 66906.1
0 96.1445 96.1445 66411.4
10 290.821 581.642 67003.6
17 669.957 2679.83 66988.4
8 903.794 3615.18 67438.9
16 1023.8 2047.59 67574.4
13 173.769 173.769 67073.9
5 279.272 1117.09 67424.5
15 310.004 310.004 67188.5
12 781.269 781.269 67996.6
2 208.95 417.899 68436
1 494.674 494.674 69177.7
11 478.575 1914.3 69028.7
7 524.093 524.093 69182
3 128.952 128.952 68894.4
14 180.242 180.242 69355.7
4 248.223 248.223 69598.9
17 614.417 2457.67 69967.9
16 982.444 982.444 70800.6
0 215.9 215.9 70078.3
2 471.029 942.059 70939.6
8 678.332 678.332 71094.3
5 482.534 965.069 70920.1
1 793.785 1587.57 71168.7
7 534.102 1068.2 71228
15 453.206 453.206 71554
10 238.587 477.175 71267.9
13 1237.86 1237.86 72733.7
11 482.296 964.592 72235.3
9 243.809 243.809 71875.2
14 235.72 471.44 71724.4
4 393.893 393.893 72288.2
5 718.723 2874.89 72465.4
17 454.695 909.39 73210.5
16 292.2 292.2 72595.8
10 1120.71 2241.41 73337.5
1 506.098 506.098 73446.9
31
7 862.711 862.711 66735.4
2 41.8641 83.7281 66748.9
8 1028.6 2057.21 67746.5
1 256.355 512.711 67376.5
6 630.235 630.235 67386.9
10 146.251 292.501 67212.6
17 873.432 873.432 67897.8
3 195.865 195.865 67517.1
0 114.359 114.359 67990.2
16 403.967 403.967 69613.5
17 990.459 3961.84 70095.3
1 146.78 146.78 69402.3
14 349.629 349.629 69831.7
6 341.125 341.125 70136.3
3 593.55 593.55 70610.4
7 572.533 572.533 70985.4
0 653.305 653.305 71236.4
2 467.718 467.718 71116.2
13 123.409 123.409 70779.6
1 365.147 730.293 71262
11 456.808 1827.23 71686.3
14 646.379 2585.51 72324.5
15 535.589 535.589 72158.3
12 445.11 445.11 72238
4 217.397 217.397 71938.6
16 958.53 1917.06 72735.6
5 645.02 2580.08 72694
6 264.985 264.985 72372.7
2 246.144 984.577 73200.2
0 257.585 257.585 73243.2
10 52.1559 104.312 73156.1
32
7 862.711 862.711 66735.4
2 41.8641 83.7281 66748.9
8 1028.6 2057.21 67746.5
1 256.355 512.711 67376.5
6 630.235 630.235 67386.9
10 146.251 292.501 67212.6
17 873.432 873.432 67897.8
3 195.865 195.865 67517.1
0 114.359 114.359 67990.2
16 403.967 403.967 69613.5
17 990.459 3961.84 70095.3
1 146.78 146.78 69402.3
0 386.697 386.697 70049.5
5 327.903 1311.61 70083.6
2 614.281 2457.12 70981.3
13 288.163 288.163 70597.5
12 720.446 720.446 70875
8 488.911 1955.64 71376.6
1 348.412 348.412 71701.9
10 708.039 1416.08 71701.5
16 157.526 157.526 71660.2
14 502.265 1004.53 71531.5
6 1091.45 1091.45 72587.3
5 108.47 216.94 71861.5
4 232.672 232.672 71864.1
11 532.964 1065.93 72021.6
9 211.376 211.376 72105.7
14 1871.51 7486.05 73618.1
13 391.895 783.79 73147.7
15 584.774 584.774 72888.4
4 1572.9 3145.8 73789.7
7 506.098 506.098 73446.9
36
7 862.711 862.711 66735.4
2 41.8641 83.7281 66748.9
8 1028.6 2057.21 67746.5
1 256.355 512.711 67376.5
6 630.235 630.235 67386.9
10 146.251 292.501 67212.6
17 873.432 873.432 67897.8
3 195.865 195.865 67517.1
12 299.328 299.328 67886.8
4 264.891 529.781 68487.4
16 723.238 723.238 69680.9
7 579.001 579.001 69096.4
0 571.952 571.952 69170.3
14 164.375 328.75 69316.4
13 196.278 196.278 69378.3
2 418.818 1675.27 69639.4
10 150.877 301.753 69061.9
11 623.235 623.235 70105.3
17 181.404 181.404 69976.6
3 593.55 593.55 70610.4
6 572.533 572.533 70985.4
1 653.305 653.305 71236.4
13 444.814 444.814 71093.3
4 105.868 105.868 70762
10 395.056 790.111 71291.9
2 414.974 1659.9 71644.5
11 629.451 2517.8 72307.6
14 193.781 193.781 71816.5
0 258.429 258.429 72051.3
5 222.526 222.526 71943.7
16 891.439 1782.88 72668.5
8 1810.66 7242.66 73859.6
7 264.985 264.985 72372.7
2 1069.67 4278.67 74023.7
1 257.585 257.585 73243.2
4 459.77 919.54 73563.7
29
17 567.971 567.971 66481.6
12 71.4559 71.4559 66066.7
14 580.914 580.914 67207.4
2 71.4152 71.4152 66751
1 412.849 825.698 67397
0 584.385 584.385 67855.7
13 262.072 524.143 67661.2
17 622.364 1244.73 67759.1
16 298.899 597.798 68526
2 495.497 495.497 69178.5
11 478.575 1914.3 69028.7
14 245.291 245.291 68903.2
10 106.566 106.566 68872
12 292.967 292.967 69468.4
3 159.238 159.238 69509.9
13 631.016 631.016 70113.1
17 135.184 135.184 69930.3
0 782.734 782.734 70799.6
7 572.533 572.533 70985.4
1 462.674 462.674 71045.8
16 467.718 467.718 71116.2
11 105.868 105.868 70762
10 395.056 790.111 71291.9
6 272 272 71893.9
5 718.634 2874.54 72469.9
4 356.744 713.487 72310.3
11 189.029 189.029 72134
15 475.982 475.982 72507.8
0 235.159 235.159 73342
34
7 862.711 862.711 66735.4
2 41.8641 83.7281 66748.9
8 1028.6 2057.21 67746.5
1 256.355 512.711 67376.5
6 630.235 630.235 67386.9
10 146.251 292.501 67212.6
17 873.432 873.432 67897.8
3 195.865 195.865 67517.1
12 299.328 299.328 67886.8
4 264.891 529.781 68487.4
16 723.238 723.238 69680.9
7 579.001 579.001 69096.4
0 571.952 571.952 69170.3
14 164.375 328.75 69316.4
13 196.278 196.278 69378.3
2 418.818 1675.27 69639.4
10 150.877 301.753 69061.9
17 825.445 3301.78 70599.1
11 208.147 832.587 70476.1
8 174.303 348.607 70178.6
1 615.574 1231.15 70671.6
6 342.419 342.419 70724.8
7 1253.61 2507.22 72167.5
16 868.368 1736.74 71699.1
10 285.34 570.681 71346.8
14 746.05 1492.1 72008.5
0 177.597 177.597 71548.6
8 758.647 758.647 71762.6
5 273.675 273.675 71839.5
4 186.351 372.702 71776.3
13 383.458 383.458 72425.7
6 527.276 527.276 73154.1
17 567.389 567.389 72766.6
2 835.305 3341.22 73358.1
34
7 862.711 862.711 66735.4
2 41.8641 83.7281 66748.9
8 1028.6 2057.21 67746.5
1 256.355 512.711 67376.5
6 630.235 630.235 67386.9
10 146.251 292.501 67212.6
17 873.432 873.432 67897.8
3 195.865 195.865 67517.1
12 299.328 299.328 67886.8
4 264.891 529.781 68487.4
16 723.238 723.238 69680.9
7 579.001 579.001 69096.4
0 571.952 571.952 69170.3
14 164.375 328.75 69316.4
13 196.278 196.278 69378.3
2 418.818 1675.27 69639.4
10 150.877 301.753 69061.9
1 545.774 1091.55 70449.9
17 259.253 259.253 69598.7
15 987.791 987.791 70540.6
4 417.391 417.391 70473
5 493.315 1973.26 70459.1
3 323.329 323.329 70533.9
12 446.677 446.677 70792.8
10 312.888 625.776 70597.9
11 429.572 1718.29 71105.4
13 657.965 657.965 71793.8
6 195.93 195.93 71199.9
9 296.378 296.378 71862.2
2 186.351 372.702 71776.3
0 391.137 391.137 72433.4
7 527.276 527.276 73154.1
16 98.1922 98.1922 72297.4
14 941.39 3765.56 73464.1
31
7 862.711 862.711 66735.4
2 41.8641 83.7281 66748.9
8 1028.6 2057.21 67746.5
1 256.355 512.711 67376.5
6 630.235 630.235 67386.9
10 146.251 292.501 67212.6
17 873.432 873.432 67897.8
3 195.865 195.865 67517.1
13 674.285 1348.57 69022.4
4 353.653 707.306 68228
12 177.053 177.053 68743.7
0 146.092 146.092 69007
16 426.526 426.526 69587.8
5 252.661 252.661 69614.6
2 446.324 1785.3 70220
11 208.147 832.587 70476.1
17 153.642 307.283 70158
13 584.441 1168.88 70640.5
6 342.419 342.419 70724.8
7 471.347 942.693 71385.2
8 315.826 631.652 71146.6
4 285.34 570.681 71346.8
16 1018.39 2036.78 72280.8
0 462.061 462.061 71833.1
17 737.985 737.985 71742
9 296.378 296.378 71862.2
1 186.351 372.702 71776.3
3 632.509 632.509 72674.8
6 527.276 527.276 73154.1
2 194.756 194.756 72394
11 928.598 3714.39 73451.4
35
7 862.711 862.711 66735.4
2 41.8641 83.7281 66748.9
8 1028.6 2057.21 67746.5
1 256.355 512.711 67376.5
6 630.235 630.235 67386.9
10 146.251 292.501 67212.6
17 873.432 873.432 67897.8
3 195.865 195.865 67517.1
13 140.655 281.31 68367.8
2 497.407 497.407 69180.4
11 478.575 1914.3 69028.7
7 690.473 690.473 69348.4
4 234.425 234.425 68999.9
14 180.242 180.242 69355.7
5 273.276 273.276 69624
1 386.697 386.697 70049.5
11 1567.62 6270.5 71323.3
14 1416.19 5664.77 71783.2
0 233.224 233.224 70542.6
12 720.446 720.446 70875
2 371.911 1487.65 71259.6
13 415.447 415.447 71768.9
16 571.002 1142 71564.5
7 185.8 185.8 71688.5
5 486.63 1946.52 71716.2
8 1058.82 4235.27 72736.9
15 535.589 535.589 72158.3
3 517.803 517.803 72310.7
9 246.11 246.11 71967.3
1 435.264 870.528 72212.3
17 1810.66 7242.66 73859.6
6 264.985 264.985 72372.7
5 1141.32 4565.3 74095.3
2 517.918 517.918 73503.5
4 52.1559 104.312 73156.1
32
17 567.971 567.971 66481.6
12 71.4559 71.4559 66066.7
14 580.914 580.914 67207.4
2 71.4152 71.4152 66751
1 412.849 825.698 67397
0 584.385 584.385 67855.7
13 262.072 524.143 67661.2
17 622.364 1244.73 67759.1
15 310.359 310.359 68186.2
12 403.967 403.967 69613.5
14 324.671 1298.69 69429.5
16 146.78 146.78 69402.3
11 623.235 623.235 70105.3
17 135.184 135.184 69930.3
3 750.135 750.135 70767
7 572.533 572.533 70985.4
0 462.674 462.674 71045.8
1 266.351 266.351 70914.8
15 105.868 105.868 70762
16 365.147 730.293 71262
10 307.532 615.065 71513.3
13 737.696 737.696 72077
5 207.373 207.373 71764.5
9 388.856 388.856 72737.4
2 127.884 255.768 71984.7
11 1038.36 2076.73 73382.1
8 396.776 396.776 75464.7
3 168.757 168.757 72777.4
4 570.907 1141.81 73196.9
16 1152 2303.99 73595
15 879.025 879.025 73701.3
10 715.999 1432 73432.5
35
6 241.292 241.292 66267.9
2 160.277 320.555 65878.5
1 238.384 476.769 66569.1
7 858.32 858.32 66906.1
0 96.1445 96.1445 66411.4
10 290.821 581.642 67003.6
17 669.957 2679.83 66988.4
8 903.794 3615.18 67438.9
16 1023.8 2047.59 67574.4
13 173.769 173.769 67073.9
5 279.272 1117.09 67424.5
15 310.004 310.004 67188.5
12 781.269 781.269 67996.6
2 208.95 417.899 68436
1 494.674 494.674 69177.7
11 478.575 1914.3 69028.7
7 524.093 524.093 69182
3 128.952 128.952 68894.4
14 180.242 180.242 69355.7
4 248.223 248.223 69598.9
0 386.697 386.697 70049.5
5 477.367 1909.47 70233
2 496.587 1986.35 70863.6
12 233.224 233.224 70542.6
17 522.057 522.057 70676.6
8 488.911 1955.64 71376.6
14 369.614 369.614 71723.1
10 571.002 1142 71564.5
7 338.786 338.786 71841.5
1 340.423 340.423 71962.3
11 466.258 1865.03 72217.6
5 163.775 327.55 72117.3
15 191.627 191.627 72136.6
3 145.807 145.807 72177.6
17 354.352 354.352 73461.2
37
6 241.292 241.292 66267.9
2 160.277 320.555 65878.5
1 238.384 476.769 66569.1
7 858.32 858.32 66906.1
0 96.1445 96.1445 66411.4
10 290.821 581.642 67003.6
17 669.957 2679.83 66988.4
8 903.794 3615.18 67438.9
16 1023.8 2047.59 67574.4
13 173.769 173.769 67073.9
5 279.272 1117.09 67424.5
15 310.004 310.004 67188.5
12 781.269 781.269 67996.6
0 327.215 327.215 68203
15 267.674 267.674 69477.2
8 821.76 3287.04 69926.6
10 146.78 146.78 69402.3
0 303.967 303.967 69966.8
2 286.488 1145.95 70042.2
17 696.72 2786.88 71063.7
12 233.224 233.224 70542.6
1 372.463 372.463 70527
8 1212.22 4848.9 72099.9
10 348.412 348.412 71701.9
13 571.002 1142 71564.5
15 102.048 102.048 71604.7
14 502.265 1004.53 71531.5
7 1091.45 1091.45 72587.3
2 67.0544 134.109 71820
3 202.592 202.592 71834
5 532.964 1065.93 72021.6
9 211.376 211.376 72105.7
11 569.002 2276.01 72315.6
1 660.886 1321.77 73416.7
4 751.224 751.224 73054.8
14 1384.39 2768.77 73601.1
16 506.098 506.098 73446.9
37
7 240.539 240.539 65976.2
2 163.906 327.812 66296.8
1 136.788 273.577 66901
14 1004.25 4016.99 67650.8
16 438.642 438.642 67425.6
17 173.336 693.346 66737.2
6 455.495 455.495 67356
13 623.355 1246.71 67707.8
8 1841.91 1841.91 68731.7
7 922.095 1844.19 67924
4 722.604 1445.21 68201.1
15 1437.43 1437.43 68914.9
11 1170.96 2341.92 68670.6
0 114.359 114.359 67990.2
1 409.637 409.637 69619.2
14 1164.55 4658.21 70269.4
12 391.447 391.447 69647
17 95.5055 382.022 69449
16 1016.47 1016.47 70834.6
0 215.9 215.9 70078.3
4 263.299 526.599 70731.9
11 295.388 295.388 70711.4
10 163.248 326.497 70600.8
7 191.355 382.711 70566.3
8 465.941 931.883 71159.9
15 332.558 332.558 71433.3
13 517.005 1034.01 71546.3
1 983.521 983.521 72479.4
2 29.6248 59.2496 71782.6
3 202.592 202.592 71834
5 723.449 1446.9 72212.1
9 211.376 211.376 72105.7
17 1023.26 4093.04 72769.9
10 760.45 1520.9 73516.3
16 326.193 326.193 72629.8
13 1399.13 2798.25 73615.9
7 506.098 506.098 73446.9
33
6 241.292 241.292 66267.9
2 160.277 320.555 65878.5
1 238.384 476.769 66569.1
7 858.32 858.32 66906.1
0 96.1445 96.1445 66411.4
10 290.821 581.642 67003.6
17 669.957 2679.83 66988.4
8 903.794 3615.18 67438.9
16 1023.8 2047.59 67574.4
13 173.769 173.769 67073.9
5 279.272 1117.09 67424.5
15 310.004 310.004 67188.5
12 781.269 781.269 67996.6
0 327.215 327.215 68203
15 267.674 267.674 69477.2
8 821.76 3287.04 69926.6
10 146.78 146.78 69402.3
17 614.417 2457.67 69967.9
16 982.444 982.444 70800.6
0 215.9 215.9 70078.3
1 263.299 526.599 70731.9
7 678.332 678.332 71094.3
4 292.476 584.953 70730
8 1133.54 2267.08 71508.5
14 1346.66 2693.32 72040.6
10 453.206 453.206 71554
15 605.161 605.161 71609.2
3 181.57 181.57 71747.3
13 186.351 372.702 71776.3
17 383.458 383.458 72425.7
1 1006.69 1006.69 73633.5
7 287.516 287.516 72486.7
5 1217.57 4870.28 73740.3
42
6 241.292 241.292 66267.9
2 160.277 320.555 65878.5
1 238.384 476.769 66569.1
7 858.32 858.32 66906.1
0 96.1445 96.1445 66411.4
10 290.821 581.642 67003.6
17 669.957 2679.83 66988.4
8 903.794 3615.18 67438.9
16 1023.8 2047.59 67574.4
13 173.769 173.769 67073.9
5 279.272 1117.09 67424.5
15 310.004 310.004 67188.5
12 781.269 781.269 67996.6
2 208.95 417.899 68436
1 494.674 494.674 69177.7
11 478.575 1914.3 69028.7
7 524.093 524.093 69182
3 128.952 128.952 68894.4
14 180.242 180.242 69355.7
4 248.223 248.223 69598.9
17 643.007 2572.03 70416.7
5 208.147 832.587 70476.1
16 174.303 348.607 70178.6
10 615.574 1231.15 70671.6
8 342.419 342.419 70724.8
1 1334.89 2669.77 72248.8
7 373.57 747.14 71204.3
4 517.263 1034.53 71578.7
13 1244.89 2489.78 72507.3
12 223.156 223.156 71594.2
2 634.136 1268.27 71839.9
3 709.4 709.4 72048.7
9 241.28 241.28 71798.4
0 532.866 532.866 72881.4
11 127.884 255.768 71984.7
5 667.624 1335.25 73011.3
6 396.776 396.776 75464.7
15 430.587 430.587 73039.3
14 395.542 791.083 73021.6
17 1134.9 2269.79 73577.9
4 586.943 586.943 73409.2
10 727.343 1454.69 73443.8
43
7 240.539 240.539 65976.2
2 163.906 327.812 66296.8
1 136.788 273.577 66901
14 1004.25 4016.99 67650.8
16 438.642 438.642 67425.6
17 173.336 693.346 66737.2
6 455.495 455.495 67356
13 623.355 1246.71 67707.8
8 1841.91 1841.91 68731.7
7 922.095 1844.19 67924
4 722.604 1445.21 68201.1
15 1437.43 1437.43 68914.9
11 1170.96 2341.92 68670.6
10 301.27 602.54 67674.4
0 264.774 264.774 68359.2
2 150.675 150.675 68134
3 215.186 215.186 68383.7
5 483.942 967.883 68900.8
17 793.591 3174.36 69390.3
1 447.642 895.284 69743.6
12 223.83 223.83 69178.9
14 883.053 3532.21 69832.4
2 1140.32 4561.26 70914
5 1191.96 4767.84 71459.9
7 174.303 348.607 70178.6
4 107.492 214.983 70163.5
16 342.419 342.419 70724.8
8 471.347 942.693 71385.2
11 186.012 372.024 71016.8
10 285.34 570.681 71346.8
17 1244.89 2489.78 72507.3
0 419.269 419.269 71790.3
1 482.455 964.91 71511.7
15 1026.37 1026.37 72522.2
13 874.588 1749.18 72627.6
9 243.809 243.809 71875.2
4 825.906 1651.81 72314.6
3 405.318 405.318 72299.6
14 2229.86 8919.44 73976.5
1 1011.39 2022.78 73767.2
12 503.947 503.947 72807.5
10 659.54 1319.08 72876.3
7 506.098 506.098 73446.9
38
7 240.539 240.539 65976.2
2 163.906 327.812 66296.8
1 136.788 273.577 66901
14 1004.25 4016.99 67650.8
16 438.642 438.642 67425.6
17 173.336 693.346 66737.2
6 455.495 455.495 67356
13 623.355 1246.71 67707.8
8 1841.91 1841.91 68731.7
7 922.095 1844.19 67924
4 722.604 1445.21 68201.1
15 1437.43 1437.43 68914.9
11 1170.96 2341.92 68670.6
10 301.27 602.54 67674.4
0 264.774 264.774 68359.2
2 150.675 150.675 68134
3 215.186 215.186 68383.7
5 483.942 967.883 68900.8
17 793.591 3174.36 69390.3
1 447.642 895.284 69743.6
12 223.83 223.83 69178.9
14 883.053 3532.21 69832.4
13 190.911 381.823 70095.1
16 707.921 707.921 70047.4
4 642.753 642.753 70195.6
10 509.994 509.994 70565.6
2 154.032 616.13 70119.8
3 323.329 323.329 70533.9
0 465.844 465.844 70811.9
5 152.616 305.232 70437.6
17 1128.69 4514.78 71804.5
12 304.075 304.075 71439.9
7 340.423 340.423 71962.3
2 876.125 3504.5 72627.4
5 163.775 327.55 72117.3
0 238.961 238.961 72184
3 145.807 145.807 72177.6
1 563.674 563.674 73670.5
39
7 240.539 240.539 65976.2
2 163.906 327.812 66296.8
1 136.788 273.577 66901
14 1004.25 4016.99 67650.8
16 438.642 438.642 67425.6
17 173.336 693.346 66737.2
6 455.495 455.495 67356
13 623.355 1246.71 67707.8
8 1841.91 1841.91 68731.7
7 922.095 1844.19 67924
4 722.604 1445.21 68201.1
15 1437.43 1437.43 68914.9
11 1170.96 2341.92 68670.6
2 639.737 1279.47 68987.9
10 241.046 482.093 68115.4
3 170.988 170.988 68737.6
0 146.092 146.092 69007
1 671.952 671.952 69833.3
5 252.661 252.661 69614.6
17 95.5055 382.022 69449
14 967.294 967.294 70785.4
12 121.873 121.873 69984.3
4 263.299 526.599 70731.9
11 295.388 295.388 70711.4
10 294.258 588.516 70731.8
7 191.355 382.711 70566.3
16 465.941 931.883 71159.9
15 332.558 332.558 71433.3
5 478.446 1913.78 71708
8 1058.82 4235.27 72736.9
0 511.915 511.915 72134.6
13 393.807 393.807 72186.7
9 246.11 246.11 71967.3
2 579.195 1158.39 72356.2
14 862.369 3449.47 72911.3
1 264.985 264.985 72372.7
17 299.539 1198.15 73253.6
4 269.403 269.403 73255
10 52.1559 104.312 73156.1
38
7 240.539 240.539 65976.2
2 163.906 327.812 66296.8
1 136.788 273.577 66901
14 1004.25 4016.99 67650.8
16 438.642 438.642 67425.6
17 173.336 693.346 66737.2
6 455.495 455.495 67356
13 623.355 1246.71 67707.8
8 1841.91 1841.91 68731.7
7 922.095 1844.19 67924
4 722.604 1445.21 68201.1
15 1437.43 1437.43 68914.9
11 1170.96 2341.92 68670.6
10 301.27 602.54 67674.4
0 264.774 264.774 68359.2
2 150.675 150.675 68134
3 215.186 215.186 68383.7
5 483.942 967.883 68900.8
17 793.591 3174.36 69390.3
1 447.642 895.284 69743.6
12 223.83 223.83 69178.9
14 883.053 3532.21 69832.4
2 1021.39 4085.56 70374.9
16 1016.47 1016.47 70834.6
10 269.501 269.501 70131.9
4 263.299 526.599 70731.9
11 295.388 295.388 70711.4
5 294.258 588.516 70731.8
7 191.355 382.711 70566.3
8 465.941 931.883 71159.9
15 332.558 332.558 71433.3
6 906.898 906.898 71910.9
9 296.378 296.378 71862.2
17 186.351 372.702 71776.3
0 383.458 383.458 72425.7
7 527.276 527.276 73154.1
11 98.1922 98.1922 72297.4
2 720.617 2882.47 73243.4
39
7 240.539 240.539 65976.2
2 163.906 327.812 66296.8
1 136.788 273.577 66901
14 1004.25 4016.99 67650.8
16 438.642 438.642 67425.6
17 173.336 693.346 66737.2
6 455.495 455.495 67356
13 623.355 1246.71 67707.8
8 1841.91 1841.91 68731.7
7 922.095 1844.19 67924
4 722.604 1445.21 68201.1
15 1437.43 1437.43 68914.9
11 1170.96 2341.92 68670.6
2 639.737 1279.47 68987.9
10 241.046 482.093 68115.4
3 170.988 170.988 68737.6
0 146.092 146.092 69007
1 671.952 671.952 69833.3
5 252.661 252.661 69614.6
4 377.911 377.911 70040.7
14 764.118 3056.47 70519.8
17 262.277 1049.11 70629.3
12 366.247 366.247 70675.6
13 372.463 372.463 70527
11 268.598 1074.39 71156.2
0 415.447 415.447 71768.9
2 192.193 384.386 71185.7
1 377.281 377.281 71880
5 478.446 1913.78 71708
8 1058.82 4235.27 72736.9
15 193.781 193.781 71816.5
3 504.774 504.774 72297.6
9 246.11 246.11 71967.3
4 444.013 888.025 72221.1
14 1063.22 4252.87 73112.2
7 264.985 264.985 72372.7
2 315.64 1262.56 73269.7
17 368.974 368.974 73354.6
10 52.1559 104.312 73156.1
42
6 241.292 241.292 66267.9
2 160.277 320.555 65878.5
1 238.384 476.769 66569.1
7 858.32 858.32 66906.1
0 96.1445 96.1445 66411.4
10 290.821 581.642 67003.6
17 669.957 2679.83 66988.4
8 903.794 3615.18 67438.9
16 1023.8 2047.59 67574.4
13 173.769 173.769 67073.9
5 279.272 1117.09 67424.5
15 310.004 310.004 67188.5
12 781.269 781.269 67996.6
2 147.542 147.542 67735.1
4 264.891 529.781 68487.4
1 475.609 475.609 69433.3
7 408.493 408.493 68925.9
17 377.299 377.299 68975.6
14 164.375 328.75 69316.4
0 275.663 275.663 69457.7
2 256.523 1026.09 69477.1
5 785.319 1570.64 69696.3
11 623.235 623.235 70105.3
16 241.912 241.912 70037.1
12 494.121 494.121 70510.9
8 572.533 572.533 70985.4
15 653.305 653.305 71236.4
4 467.718 467.718 71116.2
10 105.868 105.868 70762
17 137.463 274.925 71034.3
5 149.522 299.043 71355.3
0 351.59 351.59 71690.9
9 241.28 241.28 71798.4
14 267.981 267.981 72616.5
13 127.884 255.768 71984.7
11 1038.36 2076.73 73382.1
6 396.776 396.776 75464.7
12 145.064 145.064 72753.7
17 381.264 762.528 73007.3
10 942.448 1884.9 73385.5
3 147.995 147.995 72970.2
2 101.006 202.012 72817.5
39
6 241.292 241.292 66267.9
2 160.277 320.555 65878.5
1 238.384 476.769 66569.1
7 858.32 858.32 66906.1
0 96.1445 96.1445 66411.4
10 290.821 581.642 67003.6
17 669.957 2679.83 66988.4
8 903.794 3615.18 67438.9
16 1023.8 2047.59 67574.4
13 173.769 173.769 67073.9
5 279.272 1117.09 67424.5
15 310.004 310.004 67188.5
12 781.269 781.269 67996.6
2 208.95 417.899 68436
1 494.674 494.674 69177.7
11 478.575 1914.3 69028.7
7 524.093 524.093 69182
3 128.952 128.952 68894.4
14 180.242 180.242 69355.7
4 248.223 248.223 69598.9
5 623.235 623.235 70105.3
16 241.912 241.912 70037.1
12 494.121 494.121 70510.9
8 572.533 572.533 70985.4
0 653.305 653.305 71236.4
15 467.718 467.718 71116.2
10 105.868 105.868 70762
17 139.865 279.73 71036.7
13 238.587 477.175 71267.9
5 739.178 739.178 72235
2 482.296 964.592 72235.3
9 243.809 243.809 71875.2
11 235.72 471.44 71724.4
4 393.893 393.893 72288.2
14 636.541 2546.16 72383.2
10 261.67 523.341 73017.5
13 1022.77 1022.77 73326.4
17 889.548 1779.1 73106.3
1 506.098 506.098 73446.9
28
7 862.711 862.711 66735.4
2 41.8641 83.7281 66748.9
8 1028.6 2057.21 67746.5
1 256.355 512.711 67376.5
6 630.235 630.235 67386.9
10 146.251 292.501 67212.6
17 873.432 873.432 67897.8
3 195.865 195.865 67517.1
0 114.359 114.359 67990.2
16 403.967 403.967 69613.5
17 990.459 3961.84 70095.3
1 146.78 146.78 69402.3
2 545.774 1091.55 70449.9
0 898.567 898.567 70238.1
14 924.403 924.403 70477.3
13 318.19 318.19 70373.8
5 493.315 1973.26 70459.1
4 276.138 276.138 70486.7
12 381.717 381.717 70727.8
10 150.877 301.753 70435.9
11 429.572 1718.29 71105.4
1 510.435 510.435 71646.3
6 340.423 340.423 71962.3
5 1122.38 4489.52 72873.7
4 163.775 327.55 72117.3
12 154.835 154.835 72099.8
3 145.807 145.807 72177.6
13 563.674 563.674 73670.5
32
17 567.971 567.971 66481.6
12 71.4559 71.4559 66066.7
14 580.914 580.914 67207.4
2 71.4152 71.4152 66751
1 412.849 825.698 67397
0 584.385 584.385 67855.7
13 262.072 524.143 67661.2
17 622.364 1244.73 67759.1
15 310.359 310.359 68186.2
12 403.967 403.967 69613.5
14 324.671 1298.69 69429.5
16 146.78 146.78 69402.3
11 623.235 623.235 70105.3
17 135.184 135.184 69930.3
3 750.135 750.135 70767
7 572.533 572.533 70985.4
0 462.674 462.674 71045.8
1 266.351 266.351 70914.8
15 105.868 105.868 70762
16 365.147 730.293 71262
10 307.532 615.065 71513.3
13 737.696 737.696 72077
5 207.373 207.373 71764.5
9 388.856 388.856 72737.4
2 127.884 255.768 71984.7
11 1038.36 2076.73 73382.1
8 396.776 396.776 75464.7
3 168.757 168.757 72777.4
4 570.907 1141.81 73196.9
16 1152 2303.99 73595
15 879.025 879.025 73701.3
10 715.999 1432 73432.5
38
7 240.539 240.539 65976.2
2 163.906 327.812 66296.8
1 136.788 273.577 66901
14 1004.25 4016.99 67650.8
16 438.642 438.642 67425.6
17 173.336 693.346 66737.2
6 455.495 455.495 67356
13 623.355 1246.71 67707.8
8 1841.91 1841.91 68731.7
7 922.095 1844.19 67924
4 722.604 1445.21 68201.1
15 1437.43 1437.43 68914.9
11 1170.96 2341.92 68670.6
3 183.29 183.29 67770.8
2 119.111 238.221 68341.6
1 475.609 475.609 69433.3
16 260.998 260.998 68778.4
0 571.952 571.952 69170.3
5 424.478 848.955 69576.5
12 282.965 282.965 69465
17 839.4 3357.6 70060
10 311.195 622.391 69222.2
4 377.911 377.911 70040.7
14 764.118 3056.47 70519.8
2 538.895 2155.58 70905.9
13 435.879 435.879 70745.2
0 482.845 482.845 70637.4
11 268.598 1074.39 71156.2
15 482.875 482.875 71836.3
10 708.039 1416.08 71701.5
1 122.11 122.11 71624.8
7 195.93 195.93 71199.9
9 296.378 296.378 71862.2
5 194.486 388.972 71784.4
12 383.458 383.458 72425.7
16 527.276 527.276 73154.1
8 98.1922 98.1922 72297.4
2 408.785 1635.14 72931.5
41
7 240.539 240.539 65976.2
2 163.906 327.812 66296.8
1 136.788 273.577 66901
14 1004.25 4016.99 67650.8
16 438.642 438.642 67425.6
17 173.336 693.346 66737.2
6 455.495 455.495 67356
13 623.355 1246.71 67707.8
8 1841.91 1841.91 68731.7
7 922.095 1844.19 67924
4 722.604 1445.21 68201.1
15 1437.43 1437.43 68914.9
11 1170.96 2341.92 68670.6
2 639.737 1279.47 68987.9
10 241.046 482.093 68115.4
3 170.988 170.988 68737.6
0 146.092 146.092 69007
1 671.952 671.952 69833.3
5 252.661 252.661 69614.6
17 438.328 1753.31 70212
14 230.425 921.699 70498.4
7 174.303 348.607 70178.6
4 107.492 214.983 70163.5
16 342.419 342.419 70724.8
8 471.347 942.693 71385.2
11 186.012 372.024 71016.8
10 285.34 570.681 71346.8
1 1263.69 2527.39 72526.1
12 404.286 404.286 71775.3
5 590.009 1180.02 71795.8
13 351.59 351.59 71690.9
9 241.28 241.28 71798.4
15 267.981 267.981 72616.5
4 601.683 1203.37 72458.5
14 645.346 1290.69 72989.1
6 396.776 396.776 75464.7
0 430.587 430.587 73039.3
2 586.488 1172.98 73212.5
7 1217.76 2435.52 73660.8
10 355.021 355.021 73177.3
5 998.476 1996.95 73714.9
32
17 567.971 567.971 66481.6
12 71.4559 71.4559 66066.7
14 580.914 580.914 67207.4
2 71.4152 71.4152 66751
1 412.849 825.698 67397
0 584.385 584.385 67855.7
13 262.072 524.143 67661.2
17 622.364 1244.73 67759.1
15 310.359 310.359 68186.2
12 403.967 403.967 69613.5
14 324.671 1298.69 69429.5
16 146.78 146.78 69402.3
15 287.111 287.111 69949.9
5 327.903 1311.61 70083.6
2 614.281 2457.12 70981.3
13 348.826 348.826 70658.2
0 372.463 372.463 70527
17 488.911 1955.64 71376.6
16 348.412 348.412 71701.9
1 192.193 384.386 71185.7
12 157.526 157.526 71660.2
11 456.808 1827.23 71686.3
14 1058.82 4235.27 72736.9
4 625.691 625.691 72248.4
15 499.638 499.638 72292.5
10 114.297 114.297 71835.5
13 837.54 1675.08 72614.6
5 939.194 3756.77 72988.1
7 264.985 264.985 72372.7
2 772.222 3088.89 73726.2
17 624.17 624.17 73609.8
11 830.242 1660.48 73934.1
39
7 240.539 240.539 65976.2
2 163.906 327.812 66296.8
1 136.788 273.577 66901
14 1004.25 4016.99 67650.8
16 438.642 438.642 67425.6
17 173.336 693.346 66737.2
6 455.495 455.495 67356
13 623.355 1246.71 67707.8
8 1841.91 1841.91 68731.7
7 922.095 1844.19 67924
4 722.604 1445.21 68201.1
15 1437.43 1437.43 68914.9
11 1170.96 2341.92 68670.6
2 208.95 417.899 68436
1 355.511 355.511 69038.5
5 519.48 2077.92 69069.6
16 411.508 411.508 69069.4
10 106.566 106.566 68872
14 521.347 521.347 69696.8
3 159.238 159.238 69509.9
9 838.883 838.883 70321
7 341.125 341.125 70136.3
0 494.121 494.121 70510.9
11 437.355 437.355 70850.2
4 462.674 462.674 71045.8
13 266.351 266.351 70914.8
2 105.868 105.868 70762
5 373.714 747.429 71270.6
14 130.594 261.189 71159.9
9 954.826 954.826 72450.7
10 29.6248 59.2496 71782.6
3 406.474 406.474 72037.9
17 786.482 1572.96 72275.2
12 480.921 480.921 72375.2
2 1101.98 4407.93 72848.6
13 552.62 1105.24 73308.5
15 267.922 267.922 72571.5
14 1012.71 2025.43 73229.5
1 506.098 506.098 73446.9
34
7 862.711 862.711 66735.4
2 41.8641 83.7281 66748.9
8 1028.6 2057.21 67746.5
1 256.355 512.711 67376.5
6 630.235 630.235 67386.9
10 146.251 292.501 67212.6
17 873.432 873.432 67897.8
3 195.865 195.865 67517.1
0 114.359 114.359 67990.2
16 403.967 403.967 69613.5
17 990.459 3961.84 70095.3
1 146.78 146.78 69402.3
2 545.774 1091.55 70449.9
0 898.567 898.567 70238.1
14 924.403 924.403 70477.3
13 318.19 318.19 70373.8
5 493.315 1973.26 70459.1
4 276.138 276.138 70486.7
12 381.717 381.717 70727.8
10 150.877 301.753 70435.9
11 429.572 1718.29 71105.4
1 510.435 510.435 71646.3
10 763.65 1527.3 71969.4
3 709.4 709.4 72048.7
9 241.28 241.28 71798.4
15 464.711 464.711 72813.2
4 560.518 1121.04 72417.3
2 970.74 1941.48 73314.4
6 1078.66 1078.66 76146.6
5 405.826 405.826 73014.5
13 586.488 1172.98 73212.5
11 1073.53 2147.06 73516.6
12 672.724 672.724 73495
10 1172.12 2344.23 73888.6
43
7 240.539 240.539 65976.2
2 163.906 327.812 66296.8
1 136.788 273.577 66901
14 1004.25 4016.99 67650.8
16 438.642 438.642 67425.6
17 173.336 693.346 66737.2
6 455.495 455.495 67356
13 623.355 1246.71 67707.8
8 1841.91 1841.91 68731.7
7 922.095 1844.19 67924
4 722.604 1445.21 68201.1
15 1437.43 1437.43 68914.9
11 1170.96 2341.92 68670.6
3 183.29 183.29 67770.8
2 119.111 238.221 68341.6
1 475.609 475.609 69433.3
16 260.998 260.998 68778.4
0 571.952 571.952 69170.3
5 424.478 848.955 69576.5
12 282.965 282.965 69465
17 839.4 3357.6 70060
10 311.195 622.391 69222.2
13 190.911 381.823 70095.1
4 813.15 813.15 70152.6
11 981.416 981.416 70534.3
2 285.494 285.494 70341.1
14 808.004 3232.01 70773.7
3 323.329 323.329 70533.9
0 802.653 802.653 71148.8
10 473.207 946.414 70758.2
17 1798.44 7193.76 72474.3
15 533.125 533.125 71669
14 1285.93 5143.7 72515.5
5 901.657 3606.63 72579.8
9 655.819 655.819 72278.5
12 393.807 393.807 72186.7
3 767.893 767.893 72489.1
4 424.406 848.811 72201.5
2 1247.05 4988.22 73296
1 264.985 264.985 72372.7
11 1213.82 4855.29 74167.8
7 517.918 517.918 73503.5
10 52.1559 104.312 73156.1
33
17 567.971 567.971 66481.6
12 71.4559 71.4559 66066.7
14 580.914 580.914 67207.4
2 71.4152 71.4152 66751
1 412.849 825.698 67397
0 584.385 584.385 67855.7
13 262.072 524.143 67661.2
17 622.364 1244.73 67759.1
3 183.29 183.29 67770.8
10 168.496 336.992 68391
1 396.364 396.364 69354
14 108.925 108.925 68626.3
12 923.389 923.389 69521.7
11 236.961 473.923 69388.9
16 275.663 275.663 69457.7
2 418.818 1675.27 69639.4
4 415.709 831.419 69326.7
17 809.312 3237.25 70583
5 377.796 1511.18 70645.7
7 174.303 348.607 70178.6
10 615.574 1231.15 70671.6
14 507.054 507.054 70889.5
8 683.747 1367.49 71597.6
1 541.495 1082.99 71372.3
4 285.34 570.681 71346.8
11 673.466 1346.93 71935.9
12 301.753 301.753 71672.8
6 272 272 71893.9
2 466.258 1865.03 72217.6
13 635.411 1270.82 72589
15 361.565 361.565 72306.6
3 145.807 145.807 72177.6
0 563.674 563.674 73670.5
33
17 567.971 567.971 66481.6
12 71.4559 71.4559 66066.7
14 580.914 580.914 67207.4
2 71.4152 71.4152 66751
1 412.849 825.698 67397
0 584.385 584.385 67855.7
13 262.072 524.143 67661.2
17 622.364 1244.73 67759.1
15 310.359 310.359 68186.2
12 403.967 403.967 69613.5
14 324.671 1298.69 69429.5
16 146.78 146.78 69402.3
2 640.672 2562.69 69994.2
6 931.894 931.894 70750
15 215.9 215.9 70078.3
1 263.299 526.599 70731.9
17 667.379 667.379 71083.3
10 163.248 326.497 70600.8
7 191.355 382.711 70566.3
14 863.411 1726.82 71557.3
13 453.206 453.206 71554
4 412.238 824.476 71618
0 351.59 351.59 71690.9
11 56.2088 56.2088 71613.4
5 376.067 376.067 72724.6
16 127.884 255.768 71984.7
7 1058.67 2117.34 73402.4
8 396.776 396.776 75464.7
10 405.826 405.826 73014.5
2 586.488 1172.98 73212.5
13 657.025 1314.05 73100.1
3 147.995 147.995 72970.2
11 754.35 1508.7 73470.8
41
7 862.999 862.999 66774.5
16 108.308 216.617 66085.3
2 129.403 517.611 66581.2
17 659.925 2639.7 67408.7
14 289.241 289.241 66471.5
12 40.5138 40.5138 66546.2
1 215.929 431.858 66423.8
0 710.982 710.982 66990.6
13 39.193 78.386 66552.9
15 237.856 237.856 66905
10 301.27 602.54 67674.4
1 333.892 333.892 68428.3
3 203.955 203.955 68187.3
4 412.854 412.854 68581.4
5 483.942 967.883 68900.8
2 162.888 651.553 68759.6
17 671.028 1342.06 69967
12 177.305 177.305 69132.4
14 1001.39 4005.57 69950.7
11 870.433 3481.73 70644.1
2 1003.6 4014.39 71271.5
7 174.303 348.607 70178.6
1 94.615 189.23 70150.6
6 565.149 565.149 70947.6
8 683.747 1367.49 71597.6
14 1138.19 2276.39 71969
4 285.34 570.681 71346.8
13 1244.89 2489.78 72507.3
0 419.269 419.269 71790.3
10 149.522 299.043 71355.3
17 570.381 570.381 71909.7
9 241.28 241.28 71798.4
12 532.866 532.866 72881.4
16 127.884 255.768 71984.7
11 1018.84 2037.69 73362.5
7 1078.66 1078.66 76146.6
3 405.826 405.826 73014.5
5 313.572 627.144 72939.6
2 374.561 749.121 72817.6
4 355.021 355.021 73177.3
10 576.878 1153.76 73293.3
29
17 567.971 567.971 66481.6
12 71.4559 71.4559 66066.7
14 580.914 580.914 67207.4
2 71.4152 71.4152 66751
1 412.849 825.698 67397
0 584.385 584.385 67855.7
13 262.072 524.143 67661.2
17 622.364 1244.73 67759.1
16 298.899 597.798 68526
2 495.497 495.497 69178.5
11 478.575 1914.3 69028.7
14 245.291 245.291 68903.2
10 106.566 106.566 68872
12 292.967 292.967 69468.4
3 159.238 159.238 69509.9
13 631.016 631.016 70113.1
17 135.184 135.184 69930.3
0 782.734 782.734 70799.6
7 572.533 572.533 70985.4
1 462.674 462.674 71045.8
16 467.718 467.718 71116.2
11 105.868 105.868 70762
10 395.056 790.111 71291.9
6 272 272 71893.9
5 718.634 2874.54 72469.9
4 356.744 713.487 72310.3
11 189.029 189.029 72134
15 475.982 475.982 72507.8
0 235.159 235.159 73342
33
7 862.999 862.999 66774.5
16 108.308 216.617 66085.3
2 129.403 517.611 66581.2
17 659.925 2639.7 67408.7
14 289.241 289.241 66471.5
12 40.5138 40.5138 66546.2
1 215.929 431.858 66423.8
0 710.982 710.982 66990.6
13 39.193 78.386 66552.9
15 237.856 237.856 66905
1 298.899 597.798 68526
0 445.062 445.062 69128.1
2 324.405 1297.62 68874.5
7 652.174 652.174 69310.1
10 106.566 106.566 68872
12 292.967 292.967 69468.4
3 159.238 159.238 69509.9
17 438.328 1753.31 70212
11 208.147 832.587 70476.1
8 887.106 1774.21 70891.5
1 593.568 1187.14 70649.6
6 565.149 565.149 70947.6
7 1467.29 2934.59 72381.2
17 1399.49 2798.98 72230.3
4 284.409 568.817 71345.9
13 1244.89 2489.78 72507.3
12 454.767 454.767 71825.8
0 340.423 340.423 71962.3
2 466.258 1865.03 72217.6
10 163.775 327.55 72117.3
15 191.627 191.627 72136.6
5 460.295 460.295 72492.1
1 563.674 563.674 73670.5
34
7 862.711 862.711 66735.4
2 41.8641 83.7281 66748.9
8 1028.6 2057.21 67746.5
1 256.355 512.711 67376.5
6 630.235 630.235 67386.9
10 146.251 292.501 67212.6
17 873.432 873.432 67897.8
3 195.865 195.865 67517.1
13 674.285 1348.57 69022.4
4 353.653 707.306 68228
12 177.053 177.053 68743.7
0 146.092 146.092 69007
16 426.526 426.526 69587.8
5 252.661 252.661 69614.6
14 349.629 349.629 69831.7
17 181.404 181.404 69976.6
3 593.55 593.55 70610.4
6 572.533 572.533 70985.4
13 440.052 440.052 71023.2
0 467.718 467.718 71116.2
12 105.868 105.868 70762
1 373.714 747.429 71270.6
4 149.522 299.043 71355.3
10 709.4 709.4 72048.7
5 56.2088 56.2088 71613.4
11 223.091 223.091 72571.6
2 127.884 255.768 71984.7
7 1058.67 2117.34 73402.4
16 1078.66 1078.66 76146.6
3 99.7108 99.7108 72708.4
1 608.6 1217.2 73234.6
14 733.058 1466.12 73176.1
9 314.613 314.613 73136.8
4 576.878 1153.76 73293.3
37
7 862.999 862.999 66774.5
16 108.308 216.617 66085.3
2 129.403 517.611 66581.2
17 659.925 2639.7 67408.7
14 289.241 289.241 66471.5
12 40.5138 40.5138 66546.2
1 215.929 431.858 66423.8
0 710.982 710.982 66990.6
13 39.193 78.386 66552.9
15 237.856 237.856 66905
1 755.871 1511.74 69104
10 241.046 482.093 68115.4
3 170.988 170.988 68737.6
12 472.98 472.98 69333.9
15 426.526 426.526 69587.8
4 221.756 221.756 69583.7
17 95.5055 382.022 69449
6 931.894 931.894 70750
13 215.9 215.9 70078.3
16 568.929 1137.86 71037.5
7 678.332 678.332 71094.3
10 294.258 588.516 70731.8
8 932.724 1865.45 71307.7
1 1172.74 2345.47 71866.7
3 453.206 453.206 71554
5 506.823 1013.65 71712.6
0 351.59 351.59 71690.9
4 56.2088 56.2088 71613.4
11 223.091 223.091 72571.6
13 127.884 255.768 71984.7
2 1267.83 2535.66 73611.5
15 1078.66 1078.66 76146.6
10 405.826 405.826 73014.5
14 395.542 791.083 73021.6
16 937.869 1875.74 73380.9
9 314.613 314.613 73136.8
17 727.343 1454.69 73443.8
31
7 862.711 862.711 66735.4
2 41.8641 83.7281 66748.9
8 1028.6 2057.21 67746.5
1 256.355 512.711 67376.5
6 630.235 630.235 67386.9
10 146.251 292.501 67212.6
17 873.432 873.432 67897.8
3 195.865 195.865 67517.1
4 404.193 808.386 67777.4
0 264.774 264.774 68359.2
12 302.968 302.968 68286.3
13 485.005 485.005 68653.5
10 301.503 603.007 68718.4
2 162.888 651.553 68759.6
1 693.65 1387.3 69989.6
15 17.5808 17.5808 68972.7
17 491.084 1964.34 69440.4
14 349.629 349.629 69831.7
6 341.125 341.125 70136.3
3 593.55 593.55 70610.4
7 572.533 572.533 70985.4
0 462.674 462.674 71045.8
15 467.718 467.718 71116.2
16 105.868 105.868 70762
2 373.714 747.429 71270.6
8 340.423 340.423 71962.3
14 19.6187 78.4747 71770.9
4 163.775 327.55 72117.3
16 189.029 189.029 72134
12 145.807 145.807 72177.6
3 414.528 414.528 73521.3
37
7 240.539 240.539 65976.2
2 163.906 327.812 66296.8
1 136.788 273.577 66901
14 1004.25 4016.99 67650.8
16 438.642 438.642 67425.6
17 173.336 693.346 66737.2
6 455.495 455.495 67356
13 623.355 1246.71 67707.8
8 1841.91 1841.91 68731.7
7 922.095 1844.19 67924
4 722.604 1445.21 68201.1
15 1437.43 1437.43 68914.9
11 1170.96 2341.92 68670.6
0 114.359 114.359 67990.2
1 409.637 409.637 69619.2
14 1164.55 4658.21 70269.4
12 391.447 391.447 69647
0 673.838 673.838 70155.9
7 341.125 341.125 70136.3
2 593.55 593.55 70610.4
11 437.355 437.355 70850.2
4 462.674 462.674 71045.8
13 266.351 266.351 70914.8
12 413.116 413.116 71069.3
17 505.837 1011.67 71402.7
10 307.532 615.065 71513.3
2 779.667 779.667 72119
5 207.373 207.373 71764.5
15 267.981 267.981 72616.5
17 789.499 1579 72646.3
1 1058.67 2117.34 73402.4
6 396.776 396.776 75464.7
12 429.928 429.928 73038.6
13 638.78 1277.56 73264.8
4 937.743 1875.49 73380.8
3 147.995 147.995 72970.2
10 715.999 1432 73432.5
35
6 241.292 241.292 66267.9
2 160.277 320.555 65878.5
1 238.384 476.769 66569.1
7 858.32 858.32 66906.1
0 96.1445 96.1445 66411.4
10 290.821 581.642 67003.6
17 669.957 2679.83 66988.4
8 903.794 3615.18 67438.9
16 1023.8 2047.59 67574.4
13 173.769 173.769 67073.9
5 279.272 1117.09 67424.5
15 310.004 310.004 67188.5
12 781.269 781.269 67996.6
2 639.737 1279.47 68987.9
4 353.653 707.306 68228
3 170.988 170.988 68737.6
17 139.696 139.696 69000.6
15 372.294 372.294 69533.6
9 285.804 285.804 69647.8
14 933.251 3733 70286.7
16 982.444 982.444 70800.6
0 215.9 215.9 70078.3
1 263.299 526.599 70731.9
7 678.332 678.332 71094.3
4 294.258 588.516 70731.8
8 191.355 382.711 70566.3
2 1140.83 2281.67 71834.8
3 453.206 453.206 71554
15 631.493 631.493 71635.5
9 442.435 442.435 72008.2
10 186.351 372.702 71776.3
12 391.137 391.137 72433.4
8 527.276 527.276 73154.1
7 287.516 287.516 72486.7
14 720.617 2882.47 73243.4
35
7 862.711 862.711 66735.4
2 41.8641 83.7281 66748.9
8 1028.6 2057.21 67746.5
1 256.355 512.711 67376.5
6 630.235 630.235 67386.9
10 146.251 292.501 67212.6
17 873.432 873.432 67897.8
3 195.865 195.865 67517.1
13 674.285 1348.57 69022.4
4 353.653 707.306 68228
12 177.053 177.053 68743.7
0 146.092 146.092 69007
16 426.526 426.526 69587.8
5 252.661 252.661 69614.6
2 446.324 1785.3 70220
11 208.147 832.587 70476.1
17 153.642 307.283 70158
13 584.441 1168.88 70640.5
6 342.419 342.419 70724.8
7 471.347 942.693 71385.2
8 315.826 631.652 71146.6
4 285.34 570.681 71346.8
16 1018.39 2036.78 72280.8
0 462.061 462.061 71833.1
1 238.587 477.175 71267.9
14 1026.37 1026.37 72522.2
10 29.6248 59.2496 71782.6
9 243.809 243.809 71875.2
5 532.964 1065.93 72021.6
3 405.318 405.318 72299.6
11 1460.87 5843.47 73207.5
13 376.863 753.725 73132.7
12 503.947 503.947 72807.5
4 659.54 1319.08 72876.3
6 506.098 506.098 73446.9
31
7 862.711 862.711 66735.4
2 41.8641 83.7281 66748.9
8 1028.6 2057.21 67746.5
1 256.355 512.711 67376.5
6 630.235 630.235 67386.9
10 146.251 292.501 67212.6
17 873.432 873.432 67897.8
3 195.865 195.865 67517.1
0 114.359 114.359 67990.2
16 403.967 403.967 69613.5
17 990.459 3961.84 70095.3
1 146.78 146.78 69402.3
14 349.629 349.629 69831.7
6 341.125 341.125 70136.3
3 593.55 593.55 70610.4
7 572.533 572.533 70985.4
0 653.305 653.305 71236.4
2 467.718 467.718 71116.2
13 123.409 123.409 70779.6
1 365.147 730.293 71262
10 647.517 1295.03 71676.8
14 465.573 465.573 71961.4
4 360.445 720.891 72113.4
5 226.871 226.871 71858.3
11 532.964 1065.93 72021.6
9 211.376 211.376 72105.7
2 1893.91 7575.66 73640.5
13 279.212 558.424 73035.1
15 584.774 584.774 72888.4
1 1114.83 2229.66 73331.6
6 506.098 506.098 73446.9
31
7 862.999 862.999 66774.5
16 108.308 216.617 66085.3
2 129.403 517.611 66581.2
17 659.925 2639.7 67408.7
14 289.241 289.241 66471.5
12 40.5138 40.5138 66546.2
1 215.929 431.858 66423.8
0 710.982 710.982 66990.6
13 39.193 78.386 66552.9
15 237.856 237.856 66905
16 311.039 311.039 68186.9
0 381.431 381.431 69591
17 1135.33 4541.31 70240.1
12 146.78 146.78 69402.3
2 446.324 1785.3 70220
11 208.147 832.587 70476.1
7 174.303 348.607 70178.6
1 615.574 1231.15 70671.6
6 565.149 565.149 70947.6
8 683.747 1367.49 71597.6
7 1175.43 2350.85 72006.2
10 154.774 309.548 71216.2
13 1244.89 2489.78 72507.3
12 462.061 462.061 71833.1
0 686.997 686.997 71691
3 181.57 181.57 71747.3
16 186.351 372.702 71776.3
15 677.323 677.323 72719.6
17 527.276 527.276 73154.1
6 140.77 140.77 72340
14 835.305 3341.22 73358.1
41
7 240.539 240.539 65976.2
2 163.906 327.812 66296.8
1 136.788 273.577 66901
14 1004.25 4016.99 67650.8
16 438.642 438.642 67425.6
17 173.336 693.346 66737.2
6 455.495 455.495 67356
13 623.355 1246.71 67707.8
8 1841.91 1841.91 68731.7
7 922.095 1844.19 67924
4 722.604 1445.21 68201.1
15 1437.43 1437.43 68914.9
11 1170.96 2341.92 68670.6
2 208.95 417.899 68436
1 355.511 355.511 69038.5
5 519.48 2077.92 69069.6
16 411.508 411.508 69069.4
10 106.566 106.566 68872
14 521.347 521.347 69696.8
3 159.238 159.238 69509.9
17 95.5055 382.022 69449
7 1059.06 1059.06 70877.2
12 121.873 121.873 69984.3
4 263.299 526.599 70731.9
11 295.388 295.388 70711.4
10 294.258 588.516 70731.8
8 191.355 382.711 70566.3
1 390.611 781.222 71084.5
15 332.558 332.558 71433.3
2 634.136 1268.27 71839.9
13 351.59 351.59 71690.9
3 56.2088 56.2088 71613.4
9 388.856 388.856 72737.4
5 127.884 255.768 71984.7
7 732.891 1465.78 73076.6
6 396.776 396.776 75464.7
0 145.064 145.064 72753.7
10 313.572 627.144 72939.6
14 942.448 1884.9 73385.5
12 672.724 672.724 73495
17 727.343 1454.69 73443.8
42
6 241.292 241.292 66267.9
2 160.277 320.555 65878.5
1 238.384 476.769 66569.1
7 858.32 858.32 66906.1
0 96.1445 96.1445 66411.4
10 290.821 581.642 67003.6
17 669.957 2679.83 66988.4
8 903.794 3615.18 67438.9
16 1023.8 2047.59 67574.4
13 173.769 173.769 67073.9
5 279.272 1117.09 67424.5
15 310.004 310.004 67188.5
12 781.269 781.269 67996.6
2 147.542 147.542 67735.1
4 264.891 529.781 68487.4
1 475.609 475.609 69433.3
7 408.493 408.493 68925.9
17 377.299 377.299 68975.6
14 164.375 328.75 69316.4
0 275.663 275.663 69457.7
2 256.523 1026.09 69477.1
5 785.319 1570.64 69696.3
11 623.235 623.235 70105.3
16 241.912 241.912 70037.1
12 494.121 494.121 70510.9
8 572.533 572.533 70985.4
15 653.305 653.305 71236.4
4 467.718 467.718 71116.2
10 105.868 105.868 70762
17 137.463 274.925 71034.3
5 149.522 299.043 71355.3
0 351.59 351.59 71690.9
9 241.28 241.28 71798.4
14 267.981 267.981 72616.5
13 127.884 255.768 71984.7
11 1038.36 2076.73 73382.1
6 396.776 396.776 75464.7
12 145.064 145.064 72753.7
17 381.264 762.528 73007.3
10 942.448 1884.9 73385.5
3 147.995 147.995 72970.2
2 101.006 202.012 72817.5
27
17 567.971 567.971 66481.6
12 71.4559 71.4559 66066.7
14 580.914 580.914 67207.4
2 71.4152 71.4152 66751
1 412.849 825.698 67397
0 584.385 584.385 67855.7
13 262.072 524.143 67661.2
17 622.364 1244.73 67759.1
15 310.359 310.359 68186.2
12 403.967 403.967 69613.5
14 324.671 1298.69 69429.5
16 146.78 146.78 69402.3
15 287.111 287.111 69949.9
5 327.903 1311.61 70083.6
2 614.281 2457.12 70981.3
13 348.826 348.826 70658.2
0 372.463 372.463 70527
17 488.911 1955.64 71376.6
16 348.412 348.412 71701.9
1 192.193 384.386 71185.7
12 157.526 157.526 71660.2
6 272 272 71893.9
11 518.277 2073.11 72269.6
5 163.775 327.55 72117.3
13 534.121 534.121 72479.1
3 171.162 171.162 72203
0 414.528 414.528 73521.3
32
7 862.711 862.711 66735.4
2 41.8641 83.7281 66748.9
8 1028.6 2057.21 67746.5
1 256.355 512.711 67376.5
6 630.235 630.235 67386.9
10 146.251 292.501 67212.6
17 873.432 873.432 67897.8
3 195.865 195.865 67517.1
0 114.359 114.359 67990.2
16 403.967 403.967 69613.5
17 990.459 3961.84 70095.3
1 146.78 146.78 69402.3
14 349.629 349.629 69831.7
6 341.125 341.125 70136.3
3 593.55 593.55 70610.4
7 572.533 572.533 70985.4
0 653.305 653.305 71236.4
2 467.718 467.718 71116.2
13 123.409 123.409 70779.6
1 365.147 730.293 71262
10 149.522 299.043 71355.3
12 664.946 664.946 72004.2
11 56.2088 56.2088 71613.4
14 267.981 267.981 72616.5
13 166.374 332.748 72023.2
16 1058.67 2117.34 73402.4
6 1078.66 1078.66 76146.6
3 99.7108 99.7108 72708.4
4 570.907 1141.81 73196.9
1 1152 2303.99 73595
5 283.549 283.549 73105.8
10 576.878 1153.76 73293.3
37
17 567.971 567.971 66481.6
12 71.4559 71.4559 66066.7
14 580.914 580.914 67207.4
2 71.4152 71.4152 66751
1 412.849 825.698 67397
0 584.385 584.385 67855.7
13 262.072 524.143 67661.2
17 622.364 1244.73 67759.1
10 301.27 602.54 67674.4
12 392.436 392.436 68486.9
3 203.955 203.955 68187.3
4 412.854 412.854 68581.4
5 483.942 967.883 68900.8
2 162.888 651.553 68759.6
1 659.843 1319.69 69955.8
15 17.5808 17.5808 68972.7
17 352.464 1409.85 69301.8
11 1062.35 4249.38 70415.8
6 931.894 931.894 70750
13 215.9 215.9 70078.3
16 568.929 1137.86 71037.5
7 678.332 678.332 71094.3
4 294.258 588.516 70731.8
14 191.355 382.711 70566.3
17 653.857 1307.71 71347.8
15 453.206 453.206 71554
2 238.587 477.175 71267.9
6 1383.85 1383.85 72879.7
10 29.6248 59.2496 71782.6
9 243.809 243.809 71875.2
13 296.999 593.998 71785.7
3 405.318 405.318 72299.6
5 154.676 618.706 71901.3
1 454.695 909.39 73210.5
4 928.241 928.241 73231.8
11 1029.21 2058.43 73246
7 506.098 506.098 73446.9
37
7 862.999 862.999 66774.5
16 108.308 216.617 66085.3
2 129.403 517.611 66581.2
17 659.925 2639.7 67408.7
14 289.241 289.241 66471.5
12 40.5138 40.5138 66546.2
1 215.929 431.858 66423.8
0 710.982 710.982 66990.6
13 39.193 78.386 66552.9
15 237.856 237.856 66905
1 755.871 1511.74 69104
10 241.046 482.093 68115.4
3 170.988 170.988 68737.6
12 472.98 472.98 69333.9
15 426.526 426.526 69587.8
4 221.756 221.756 69583.7
17 245.346 490.692 70149.5
0 748.943 748.943 70088.4
13 816.215 816.215 70369.1
16 370.006 370.006 70425.6
5 493.315 1973.26 70459.1
10 323.329 323.329 70533.9
3 443.724 443.724 70789.8
11 593.261 1186.52 70878.3
2 667.138 2668.55 71343
14 393.129 393.129 71529
1 517.005 1034.01 71546.3
15 980.951 980.951 72476.8
5 483.942 967.885 72236.9
9 243.809 243.809 71875.2
4 532.964 1065.93 72021.6
10 641.848 641.848 72536.2
11 676.896 2707.58 72423.5
16 454.695 909.39 73210.5
12 503.947 503.947 72807.5
2 1051.8 2103.61 73268.6
6 423.44 423.44 73364.3
31
7 862.999 862.999 66774.5
16 108.308 216.617 66085.3
2 129.403 517.611 66581.2
17 659.925 2639.7 67408.7
14 289.241 289.241 66471.5
12 40.5138 40.5138 66546.2
1 215.929 431.858 66423.8
0 710.982 710.982 66990.6
13 39.193 78.386 66552.9
15 237.856 237.856 66905
1 755.871 1511.74 69104
10 241.046 482.093 68115.4
3 170.988 170.988 68737.6
12 472.98 472.98 69333.9
15 426.526 426.526 69587.8
4 221.756 221.756 69583.7
13 386.697 386.697 70049.5
5 327.903 1311.61 70083.6
17 262.277 1049.11 70629.3
16 348.826 348.826 70658.2
0 372.463 372.463 70527
8 1237.99 4951.96 72125.6
12 381.035 381.035 71734.5
1 192.193 384.386 71185.7
15 131.854 131.854 71634.5
6 272 272 71893.9
2 466.258 1865.03 72217.6
10 163.775 327.55 72117.3
3 191.627 191.627 72136.6
5 145.807 145.807 72177.6
0 414.528 414.528 73521.3
37
7 862.999 862.999 66774.5
16 108.308 216.617 66085.3
2 129.403 517.611 66581.2
17 659.925 2639.7 67408.7
14 289.241 289.241 66471.5
12 40.5138 40.5138 66546.2
1 215.929 431.858 66423.8
0 710.982 710.982 66990.6
13 39.193 78.386 66552.9
15 237.856 237.856 66905
1 755.871 1511.74 69104
10 241.046 482.093 68115.4
3 170.988 170.988 68737.6
12 472.98 472.98 69333.9
15 426.526 426.526 69587.8
4 221.756 221.756 69583.7
13 386.697 386.697 70049.5
5 327.903 1311.61 70083.6
17 262.277 1049.11 70629.3
16 348.826 348.826 70658.2
0 372.463 372.463 70527
8 1237.99 4951.96 72125.6
12 381.035 381.035 71734.5
1 192.193 384.386 71185.7
15 131.854 131.854 71634.5
10 149.522 299.043 71355.3
13 652.414 652.414 71991.7
4 56.2088 56.2088 71613.4
11 223.091 223.091 72571.6
2 127.884 255.768 71984.7
17 1013.88 2027.75 73357.6
6 883.123 883.123 75951.1
0 141.68 141.68 72750.3
5 313.572 627.144 72939.6
14 942.448 1884.9 73385.5
9 314.613 314.613 73136.8
10 576.878 1153.76 73293.3
38
7 862.999 862.999 66774.5
16 108.308 216.617 66085.3
2 129.403 517.611 66581.2
17 659.925 2639.7 67408.7
14 289.241 289.241 66471.5
12 40.5138 40.5138 66546.2
1 215.929 431.858 66423.8
0 710.982 710.982 66990.6
13 39.193 78.386 66552.9
15 237.856 237.856 66905
1 298.899 597.798 68526
0 445.062 445.062 69128.1
2 324.405 1297.62 68874.5
7 652.174 652.174 69310.1
10 106.566 106.566 68872
12 292.967 292.967 69468.4
3 159.238 159.238 69509.9
17 245.346 490.692 70149.5
15 912.338 912.338 70251.8
13 816.215 816.215 70369.1
16 370.006 370.006 70425.6
5 493.315 1973.26 70459.1
4 276.138 276.138 70486.7
1 481.508 481.508 70827.6
10 150.877 301.753 70435.9
11 429.572 1718.29 71105.4
2 393.129 393.129 71529
14 238.587 477.175 71267.9
6 986.44 986.44 72482.3
10 460.77 921.539 72213.8
9 243.809 243.809 71875.2
1 1046.28 2092.57 72535
3 393.893 393.893 72288.2
5 257.684 1030.74 72004.3
16 559.307 1118.61 73315.2
12 503.947 503.947 72807.5
4 146.803 293.606 72363.6
0 506.098 506.098 73446.9
36
7 862.999 862.999 66774.5
16 108.308 216.617 66085.3
2 129.403 517.611 66581.2
17 659.925 2639.7 67408.7
14 289.241 289.241 66471.5
12 40.5138 40.5138 66546.2
1 215.929 431.858 66423.8
0 710.982 710.982 66990.6
13 39.193 78.386 66552.9
15 237.856 237.856 66905
1 755.871 1511.74 69104
10 241.046 482.093 68115.4
3 170.988 170.988 68737.6
12 472.98 472.98 69333.9
15 426.526 426.526 69587.8
4 221.756 221.756 69583.7
13 386.697 386.697 70049.5
5 327.903 1311.61 70083.6
17 262.277 1049.11 70629.3
16 348.826 348.826 70658.2
0 372.463 372.463 70527
8 1237.99 4951.96 72125.6
12 381.035 381.035 71734.5
1 192.193 384.386 71185.7
15 131.854 131.854 71634.5
2 337.541 1350.16 71567.1
14 1269.38 5077.53 72947.5
4 438.543 438.543 72061.2
3 504.774 504.774 72297.6
9 246.11 246.11 71967.3
13 435.264 870.528 72212.3
11 478.893 1915.57 72527.8
7 264.985 264.985 72372.7
5 914.002 3656.01 73868
17 368.974 368.974 73354.6
10 52.1559 104.312 73156.1
43
7 240.539 240.539 65976.2
2 163.906 327.812 66296.8
1 136.788 273.577 66901
14 1004.25 4016.99 67650.8
16 438.642 438.642 67425.6
17 173.336 693.346 66737.2
6 455.495 455.495 67356
13 623.355 1246.71 67707.8
8 1841.91 1841.91 68731.7
7 922.095 1844.19 67924
4 722.604 1445.21 68201.1
15 1437.43 1437.43 68914.9
11 1170.96 2341.92 68670.6
10 301.27 602.54 67674.4
0 264.774 264.774 68359.2
2 150.675 150.675 68134
3 215.186 215.186 68383.7
5 483.942 967.883 68900.8
17 793.591 3174.36 69390.3
1 447.642 895.284 69743.6
12 223.83 223.83 69178.9
14 883.053 3532.21 69832.4
2 1021.39 4085.56 70374.9
16 1016.47 1016.47 70834.6
10 269.501 269.501 70131.9
4 263.299 526.599 70731.9
11 295.388 295.388 70711.4
5 294.258 588.516 70731.8
7 191.355 382.711 70566.3
8 465.941 931.883 71159.9
15 332.558 332.558 71433.3
17 634.136 1268.27 71839.9
0 351.59 351.59 71690.9
9 241.28 241.28 71798.4
12 532.866 532.866 72881.4
10 127.884 255.768 71984.7
16 690.298 1380.6 73034
6 396.776 396.776 75464.7
3 405.826 405.826 73014.5
5 313.572 627.144 72939.6
4 992.116 1984.23 73435.1
17 848.138 848.138 73670.4
1 727.343 1454.69 73443.8
38
17 567.971 567.971 66481.6
12 71.4559 71.4559 66066.7
14 580.914 580.914 67207.4
2 71.4152 71.4152 66751
1 412.849 825.698 67397
0 584.385 584.385 67855.7
13 262.072 524.143 67661.2
17 622.364 1244.73 67759.1
10 301.27 602.54 67674.4
12 392.436 392.436 68486.9
3 203.955 203.955 68187.3
4 412.854 412.854 68581.4
5 483.942 967.883 68900.8
2 162.888 651.553 68759.6
1 659.843 1319.69 69955.8
15 17.5808 17.5808 68972.7
17 352.464 1409.85 69301.8
11 870.433 3481.73 70644.1
2 1003.6 4014.39 71271.5
7 174.303 348.607 70178.6
13 728.145 1456.29 70784.2
14 342.419 342.419 70724.8
8 683.747 1367.49 71597.6
17 489.613 979.226 71320.4
4 285.34 570.681 71346.8
16 1244.89 2489.78 72507.3
0 419.269 419.269 71790.3
5 157.19 628.76 71386.7
11 1687.09 6748.38 73365.2
15 511.915 511.915 72134.6
12 393.807 393.807 72186.7
9 246.11 246.11 71967.3
1 528.653 1057.31 72305.7
2 1348.49 5393.94 73397.4
7 264.985 264.985 72372.7
5 811.884 3247.54 73765.9
14 517.918 517.918 73503.5
4 52.1559 104.312 73156.1
35
7 862.999 862.999 66774.5
16 108.308 216.617 66085.3
2 129.403 517.611 66581.2
17 659.925 2639.7 67408.7
14 289.241 289.241 66471.5
12 40.5138 40.5138 66546.2
1 215.929 431.858 66423.8
0 710.982 710.982 66990.6
13 39.193 78.386 66552.9
15 237.856 237.856 66905
1 755.871 1511.74 69104
10 241.046 482.093 68115.4
3 170.988 170.988 68737.6
12 472.98 472.98 69333.9
15 426.526 426.526 69587.8
4 221.756 221.756 69583.7
11 623.235 623.235 70105.3
7 341.125 341.125 70136.3
10 593.55 593.55 70610.4
6 888.924 888.924 71301.8
0 462.674 462.674 71045.8
1 232.216 232.216 70880.7
12 103.903 103.903 70760
13 373.714 747.429 71270.6
2 337.541 1350.16 71567.1
11 629.451 2517.8 72307.6
4 438.543 438.543 72061.2
17 393.807 393.807 72186.7
5 222.526 222.526 71943.7
16 781.048 1562.1 72558.1
14 643.716 2574.86 72692.7
15 264.985 264.985 72372.7
2 992.236 3968.94 73946.3
0 94.1935 94.1935 73079.8
10 208.789 417.578 73312.7
44
7 240.539 240.539 65976.2
2 163.906 327.812 66296.8
1 136.788 273.577 66901
14 1004.25 4016.99 67650.8
16 438.642 438.642 67425.6
17 173.336 693.346 66737.2
6 455.495 455.495 67356
13 623.355 1246.71 67707.8
8 1841.91 1841.91 68731.7
7 922.095 1844.19 67924
4 722.604 1445.21 68201.1
15 1437.43 1437.43 68914.9
11 1170.96 2341.92 68670.6
3 183.29 183.29 67770.8
2 119.111 238.221 68341.6
1 475.609 475.609 69433.3
16 260.998 260.998 68778.4
0 571.952 571.952 69170.3
5 424.478 848.955 69576.5
12 282.965 282.965 69465
17 839.4 3357.6 70060
10 311.195 622.391 69222.2
13 190.911 381.823 70095.1
4 813.15 813.15 70152.6
11 981.416 981.416 70534.3
2 285.494 285.494 70341.1
14 808.004 3232.01 70773.7
3 323.329 323.329 70533.9
0 802.653 802.653 71148.8
10 473.207 946.414 70758.2
17 1798.44 7193.76 72474.3
15 533.125 533.125 71669
10 1085.98 2171.96 72291.7
12 351.59 351.59 71690.9
9 241.28 241.28 71798.4
5 267.981 267.981 72616.5
2 601.683 1203.37 72458.5
4 970.644 1941.29 73314.4
6 396.776 396.776 75464.7
3 405.826 405.826 73014.5
14 313.572 627.144 72939.6
11 1073.07 2146.13 73516.1
0 672.724 672.724 73495
2 1244.97 2489.95 73961.4
36
17 567.971 567.971 66481.6
12 71.4559 71.4559 66066.7
14 580.914 580.914 67207.4
2 71.4152 71.4152 66751
1 412.849 825.698 67397
0 584.385 584.385 67855.7
13 262.072 524.143 67661.2
17 622.364 1244.73 67759.1
16 298.899 597.798 68526
2 495.497 495.497 69178.5
11 478.575 1914.3 69028.7
14 245.291 245.291 68903.2
10 106.566 106.566 68872
12 292.967 292.967 69468.4
3 159.238 159.238 69509.9
1 245.346 490.692 70149.5
17 377.191 377.191 69716.7
0 625.538 625.538 70178.4
13 370.006 370.006 70425.6
5 493.315 1973.26 70459.1
4 276.138 276.138 70486.7
16 481.508 481.508 70827.6
10 150.877 301.753 70435.9
11 769.577 3078.31 71445.4
15 564.347 564.347 71700.2
5 971.237 3884.95 72200.8
17 963.742 3854.97 72641.9
3 438.543 438.543 72061.2
12 504.774 504.774 72297.6
9 246.11 246.11 71967.3
1 427.462 854.925 72204.5
11 1530.7 6122.78 73579.7
7 264.985 264.985 72372.7
5 1625.93 6503.73 74579.9
0 517.918 517.918 73503.5
4 52.1559 104.312 73156.1
39
7 862.999 862.999 66774.5
16 108.308 216.617 66085.3
2 129.403 517.611 66581.2
17 659.925 2639.7 67408.7
14 289.241 289.241 66471.5
12 40.5138 40.5138 66546.2
1 215.929 431.858 66423.8
0 710.982 710.982 66990.6
13 39.193 78.386 66552.9
15 237.856 237.856 66905
3 183.29 183.29 67770.8
10 168.496 336.992 68391
17 408.078 408.078 69365.7
7 539.943 539.943 69057.4
0 599.227 599.227 69197.6
11 236.961 473.923 69388.9
12 275.663 275.663 69457.7
2 418.818 1675.27 69639.4
4 415.709 831.419 69326.7
14 640.672 2562.69 69994.2
6 931.894 931.894 70750
15 215.9 215.9 70078.3
10 516.108 1032.22 70984.7
7 682.194 682.194 71098.2
5 330.57 661.141 70768.1
17 981.811 1963.62 71356.8
11 1318.35 2636.71 72012.3
1 453.206 453.206 71554
2 186.168 372.336 71215.4
13 1237.86 1237.86 72733.7
4 29.6248 59.2496 71782.6
9 243.809 243.809 71875.2
16 235.72 471.44 71724.4
3 405.318 405.318 72299.6
5 566.759 2267.04 72313.4
14 454.695 909.39 73210.5
6 242.037 242.037 72545.6
2 1068.29 2136.58 73285
7 506.098 506.098 73446.9
37
7 862.711 862.711 66735.4
2 41.8641 83.7281 66748.9
8 1028.6 2057.21 67746.5
1 256.355 512.711 67376.5
6 630.235 630.235 67386.9
10 146.251 292.501 67212.6
17 873.432 873.432 67897.8
3 195.865 195.865 67517.1
4 404.193 808.386 67777.4
0 264.774 264.774 68359.2
12 302.968 302.968 68286.3
13 485.005 485.005 68653.5
10 301.503 603.007 68718.4
2 162.888 651.553 68759.6
1 693.65 1387.3 69989.6
15 17.5808 17.5808 68972.7
17 491.084 1964.34 69440.4
16 386.697 386.697 70049.5
5 327.903 1311.61 70083.6
2 820.11 3280.44 71187.1
0 442.081 442.081 70751.4
3 758.714 758.714 70913.3
8 488.911 1955.64 71376.6
15 415.447 415.447 71768.9
4 708.039 1416.08 71701.5
17 117.969 117.969 71620.7
14 502.265 1004.53 71531.5
6 1091.45 1091.45 72587.3
10 29.6248 59.2496 71782.6
9 243.809 243.809 71875.2
11 532.964 1065.93 72021.6
12 405.318 405.318 72299.6
5 154.676 618.706 71901.3
1 454.695 909.39 73210.5
13 928.241 928.241 73231.8
16 1029.21 2058.43 73246
7 506.098 506.098 73446.9
31
17 567.971 567.971 66481.6
12 71.4559 71.4559 66066.7
14 580.914 580.914 67207.4
2 71.4152 71.4152 66751
1 412.849 825.698 67397
0 584.385 584.385 67855.7
13 262.072 524.143 67661.2
17 622.364 1244.73 67759.1
16 784.781 1569.56 69132.9
10 241.046 482.093 68115.4
3 170.988 170.988 68737.6
15 472.413 472.413 69333.4
12 426.526 426.526 69587.8
4 221.756 221.756 69583.7
2 446.324 1785.3 70220
11 208.147 832.587 70476.1
7 174.303 348.607 70178.6
1 107.492 214.983 70163.5
14 342.419 342.419 70724.8
17 471.347 942.693 71385.2
8 1066.35 2132.7 71897.1
10 285.34 570.681 71346.8
13 1244.89 2489.78 72507.3
0 419.269 419.269 71790.3
6 569.621 569.621 71573.6
5 273.675 273.675 71839.5
4 437.298 874.596 72027.2
16 383.458 383.458 72425.7
12 527.276 527.276 73154.1
7 98.1922 98.1922 72297.4
11 928.598 3714.39 73451.4
33
7 862.999 862.999 66774.5
16 108.308 216.617 66085.3
2 129.403 517.611 66581.2
17 659.925 2639.7 67408.7
14 289.241 289.241 66471.5
12 40.5138 40.5138 66546.2
1 215.929 431.858 66423.8
0 710.982 710.982 66990.6
13 39.193 78.386 66552.9
15 237.856 237.856 66905
1 755.871 1511.74 69104
10 241.046 482.093 68115.4
3 170.988 170.988 68737.6
12 472.98 472.98 69333.9
15 426.526 426.526 69587.8
4 221.756 221.756 69583.7
17 438.328 1753.31 70212
11 208.147 832.587 70476.1
7 174.303 348.607 70178.6
13 615.574 1231.15 70671.6
6 565.149 565.149 70947.6
8 683.747 1367.49 71597.6
7 1175.43 2350.85 72006.2
10 285.34 570.681 71346.8
16 1244.89 2489.78 72507.3
0 419.269 419.269 71790.3
15 683.956 683.956 71688
5 273.675 273.675 71839.5
2 186.351 372.702 71776.3
1 383.458 383.458 72425.7
17 598.951 598.951 73225.8
6 140.77 140.77 72340
14 835.305 3341.22 73358.1
37
7 240.539 240.539 65976.2
2 163.906 327.812 66296.8
1 136.788 273.577 66901
14 1004.25 4016.99 67650.8
16 438.642 438.642 67425.6
17 173.336 693.346 66737.2
6 455.495 455.495 67356
13 623.355 1246.71 67707.8
8 1841.91 1841.91 68731.7
7 922.095 1844.19 67924
4 722.604 1445.21 68201.1
15 1437.43 1437.43 68914.9
11 1170.96 2341.92 68670.6
0 114.359 114.359 67990.2
1 409.637 409.637 69619.2
14 1164.55 4658.21 70269.4
12 391.447 391.447 69647
4 377.911 377.911 70040.7
2 286.488 1145.95 70042.2
17 262.277 1049.11 70629.3
0 348.826 348.826 70658.2
13 372.463 372.463 70527
11 268.598 1074.39 71156.2
15 482.875 482.875 71836.3
10 940.909 1881.82 71934.4
1 163.195 163.195 71665.9
5 489.097 1956.39 71718.6
8 1058.82 4235.27 72736.9
12 511.915 511.915 72134.6
2 515.989 515.989 72308.9
3 181.447 181.447 71902.6
4 444.013 888.025 72221.1
17 1587.04 6348.16 73636
7 264.985 264.985 72372.7
5 1143.79 4575.17 74097.8
16 517.918 517.918 73503.5
13 208.789 417.578 73312.7
35
7 862.999 862.999 66774.5
16 108.308 216.617 66085.3
2 129.403 517.611 66581.2
17 659.925 2639.7 67408.7
14 289.241 289.241 66471.5
12 40.5138 40.5138 66546.2
1 215.929 431.858 66423.8
0 710.982 710.982 66990.6
13 39.193 78.386 66552.9
15 237.856 237.856 66905
3 183.29 183.29 67770.8
10 168.496 336.992 68391
17 408.078 408.078 69365.7
7 539.943 539.943 69057.4
0 599.227 599.227 69197.6
11 236.961 473.923 69388.9
12 275.663 275.663 69457.7
2 418.818 1675.27 69639.4
4 415.709 831.419 69326.7
14 446.324 1785.3 70220
5 377.796 1511.18 70645.7
8 887.106 1774.21 70891.5
1 615.574 1231.15 70671.6
6 565.149 565.149 70947.6
7 1214.55 2429.11 72128.4
17 553.209 1106.42 71384
4 285.34 570.681 71346.8
11 673.466 1346.93 71935.9
0 165.282 165.282 71536.3
8 1145.31 1145.31 72767.2
2 466.258 1865.03 72217.6
10 635.411 1270.82 72589
15 191.627 191.627 72136.6
3 145.807 145.807 72177.6
12 563.674 563.674 73670.5
33
6 241.292 241.292 66267.9
2 160.277 320.555 65878.5
1 238.384 476.769 66569.1
7 858.32 858.32 66906.1
0 96.1445 96.1445 66411.4
10 290.821 581.642 67003.6
17 669.957 2679.83 66988.4
8 903.794 3615.18 67438.9
16 1023.8 2047.59 67574.4
13 173.769 173.769 67073.9
5 279.272 1117.09 67424.5
15 310.004 310.004 67188.5
12 781.269 781.269 67996.6
0 327.215 327.215 68203
15 267.674 267.674 69477.2
8 821.76 3287.04 69926.6
10 146.78 146.78 69402.3
0 303.967 303.967 69966.8
2 286.488 1145.95 70042.2
17 696.72 2786.88 71063.7
12 233.224 233.224 70542.6
1 372.463 372.463 70527
8 1212.22 4848.9 72099.9
10 348.412 348.412 71701.9
13 571.002 1142 71564.5
15 102.048 102.048 71604.7
7 195.93 195.93 71199.9
3 181.57 181.57 71747.3
14 194.043 388.087 71784
0 383.458 383.458 72425.7
16 527.276 527.276 73154.1
7 393.147 393.147 72592.4
17 366.506 1466.02 72889.3
42
7 240.539 240.539 65976.2
2 163.906 327.812 66296.8
1 136.788 273.577 66901
14 1004.25 4016.99 67650.8
16 438.642 438.642 67425.6
17 173.336 693.346 66737.2
6 455.495 455.495 67356
13 623.355 1246.71 67707.8
8 1841.91 1841.91 68731.7
7 922.095 1844.19 67924
4 722.604 1445.21 68201.1
15 1437.43 1437.43 68914.9
11 1170.96 2341.92 68670.6
3 183.29 183.29 67770.8
2 119.111 238.221 68341.6
1 475.609 475.609 69433.3
16 260.998 260.998 68778.4
0 571.952 571.952 69170.3
5 424.478 848.955 69576.5
12 282.965 282.965 69465
17 839.4 3357.6 70060
10 311.195 622.391 69222.2
14 188.126 188.126 69670.2
7 341.125 341.125 70136.3
3 593.55 593.55 70610.4
11 437.355 437.355 70850.2
4 462.674 462.674 71045.8
13 266.351 266.351 70914.8
2 105.868 105.868 70762
10 395.056 790.111 71291.9
17 926.304 1852.61 72132.1
12 351.59 351.59 71690.9
9 241.28 241.28 71798.4
15 267.981 267.981 72616.5
2 148.832 297.665 72005.7
1 1058.67 2117.34 73402.4
6 396.776 396.776 75464.7
3 99.7108 99.7108 72708.4
10 629.941 1259.88 73256
5 733.058 1466.12 73176.1
0 562.079 562.079 73384.3
14 288.872 577.744 73005.3
33
7 862.711 862.711 66735.4
2 41.8641 83.7281 66748.9
8 1028.6 2057.21 67746.5
1 256.355 512.711 67376.5
6 630.235 630.235 67386.9
10 146.251 292.501 67212.6
17 873.432 873.432 67897.8
3 195.865 195.865 67517.1
0 114.359 114.359 67990.2
16 403.967 403.967 69613.5
17 990.459 3961.84 70095.3
1 146.78 146.78 69402.3
2 446.324 1785.3 70220
11 208.147 832.587 70476.1
7 174.303 348.607 70178.6
13 624.15 1248.3 70680.2
6 342.419 342.419 70724.8
8 471.347 942.693 71385.2
16 800.981 1601.96 71631.8
4 284.409 568.817 71345.9
14 1036.09 2072.17 72298.5
12 404.286 404.286 71775.3
5 489.097 1956.39 71718.6
11 1000.19 4000.77 72678.3
0 511.915 511.915 72134.6
1 504.774 504.774 72297.6
9 246.11 246.11 71967.3
2 491.055 982.109 72268.1
17 1900.74 7602.98 73949.7
7 264.985 264.985 72372.7
5 1143.79 4575.17 74097.8
6 517.918 517.918 73503.5
4 52.1559 104.312 73156.1
32
7 240.539 240.539 65976.2
2 163.906 327.812 66296.8
1 136.788 273.577 66901
14 1004.25 4016.99 67650.8
16 438.642 438.642 67425.6
17 173.336 693.346 66737.2
6 455.495 455.495 67356
13 623.355 1246.71 67707.8
8 1841.91 1841.91 68731.7
7 922.095 1844.19 67924
4 722.604 1445.21 68201.1
15 1437.43 1437.43 68914.9
11 1170.96 2341.92 68670.6
0 114.359 114.359 67990.2
1 409.637 409.637 69619.2
14 1164.55 4658.21 70269.4
12 391.447 391.447 69647
4 377.911 377.911 70040.7
2 286.488 1145.95 70042.2
17 262.277 1049.11 70629.3
0 348.826 348.826 70658.2
13 372.463 372.463 70527
11 268.598 1074.39 71156.2
15 482.875 482.875 71836.3
10 940.909 1881.82 71934.4
1 163.195 163.195 71665.9
7 340.423 340.423 71962.3
5 718.634 2874.54 72469.9
2 163.775 327.55 72117.3
12 191.627 191.627 72136.6
3 171.162 171.162 72203
13 414.528 414.528 73521.3
37
6 241.292 241.292 66267.9
2 160.277 320.555 65878.5
1 238.384 476.769 66569.1
7 858.32 858.32 66906.1
0 96.1445 96.1445 66411.4
10 290.821 581.642 67003.6
17 669.957 2679.83 66988.4
8 903.794 3615.18 67438.9
16 1023.8 2047.59 67574.4
13 173.769 173.769 67073.9
5 279.272 1117.09 67424.5
15 310.004 310.004 67188.5
12 781.269 781.269 67996.6
0 327.215 327.215 68203
15 267.674 267.674 69477.2
8 821.76 3287.04 69926.6
10 146.78 146.78 69402.3
0 303.967 303.967 69966.8
2 286.488 1145.95 70042.2
17 696.72 2786.88 71063.7
12 233.224 233.224 70542.6
1 372.463 372.463 70527
8 1212.22 4848.9 72099.9
10 348.412 348.412 71701.9
13 571.002 1142 71564.5
15 102.048 102.048 71604.7
5 456.808 1827.23 71686.3
14 1062.8 4251.2 72740.9
11 438.543 438.543 72061.2
0 512.141 512.141 72305
3 181.447 181.447 71902.6
2 1195.63 2391.26 72972.7
17 2021.48 8085.93 74070.4
7 264.985 264.985 72372.7
5 1111.5 4446.01 74065.5
16 517.918 517.918 73503.5
1 208.789 417.578 73312.7
31
17 567.971 567.971 66481.6
12 71.4559 71.4559 66066.7
14 580.914 580.914 67207.4
2 71.4152 71.4152 66751
1 412.849 825.698 67397
0 584.385 584.385 67855.7
13 262.072 524.143 67661.2
17 622.364 1244.73 67759.1
15 310.359 310.359 68186.2
12 403.967 403.967 69613.5
14 324.671 1298.69 69429.5
16 146.78 146.78 69402.3
11 623.235 623.235 70105.3
17 135.184 135.184 69930.3
3 750.135 750.135 70767
7 572.533 572.533 70985.4
0 462.674 462.674 71045.8
1 266.351 266.351 70914.8
15 105.868 105.868 70762
16 365.147 730.293 71262
2 337.541 1350.16 71567.1
11 629.451 2517.8 72307.6
13 511.915 511.915 72134.6
10 766.078 766.078 72558.9
4 217.397 217.397 71938.6
1 1094.19 2188.38 72871.2
5 645.02 2580.08 72694
12 264.985 264.985 72372.7
2 992.236 3968.94 73946.3
0 94.1935 94.1935 73079.8
16 468.694 937.387 73572.6
37
17 567.971 567.971 66481.6
12 71.4559 71.4559 66066.7
14 580.914 580.914 67207.4
2 71.4152 71.4152 66751
1 412.849 825.698 67397
0 584.385 584.385 67855.7
13 262.072 524.143 67661.2
17 622.364 1244.73 67759.1
3 183.29 183.29 67770.8
10 168.496 336.992 68391
1 396.364 396.364 69354
14 108.925 108.925 68626.3
12 923.389 923.389 69521.7
11 236.961 473.923 69388.9
16 275.663 275.663 69457.7
2 418.818 1675.27 69639.4
4 415.709 831.419 69326.7
13 386.697 386.697 70049.5
5 327.903 1311.61 70083.6
14 973.375 3893.5 71340.4
10 348.826 348.826 70658.2
0 372.463 372.463 70527
17 488.911 1955.64 71376.6
2 561.13 561.13 71914.6
16 403.22 806.44 71396.7
1 181.058 181.058 71683.8
5 595.765 2383.06 71825.3
11 1062.8 4251.2 72740.9
15 535.589 535.589 72158.3
12 258.429 258.429 72051.3
9 246.11 246.11 71967.3
13 435.264 870.528 72212.3
5 2189.86 8759.43 74238.8
7 264.985 264.985 72372.7
14 1082.42 4329.67 74036.4
17 624.17 624.17 73609.8
4 52.1559 104.312 73156.1
31
7 862.999 862.999 66774.5
16 108.308 216.617 66085.3
2 129.403 517.611 66581.2
17 659.925 2639.7 67408.7
14 289.241 289.241 66471.5
12 40.5138 40.5138 66546.2
1 215.929 431.858 66423.8
0 710.982 710.982 66990.6
13 39.193 78.386 66552.9
15 237.856 237.856 66905
1 755.871 1511.74 69104
10 241.046 482.093 68115.4
3 170.988 170.988 68737.6
12 472.98 472.98 69333.9
15 426.526 426.526 69587.8
4 221.756 221.756 69583.7
11 623.235 623.235 70105.3
7 341.125 341.125 70136.3
10 593.55 593.55 70610.4
6 888.924 888.924 71301.8
0 462.674 462.674 71045.8
1 232.216 232.216 70880.7
12 103.903 103.903 70760
13 373.714 747.429 71270.6
15 683.956 683.956 71688
5 273.675 273.675 71839.5
16 186.351 372.702 71776.3
17 383.458 383.458 72425.7
7 527.276 527.276 73154.1
6 494.982 494.982 72694.2
2 835.305 3341.22 73358.1
37
7 862.999 862.999 66774.5
16 108.308 216.617 66085.3
2 129.403 517.611 66581.2
17 659.925 2639.7 67408.7
14 289.241 289.241 66471.5
12 40.5138 40.5138 66546.2
1 215.929 431.858 66423.8
0 710.982 710.982 66990.6
13 39.193 78.386 66552.9
15 237.856 237.856 66905
1 298.899 597.798 68526
0 445.062 445.062 69128.1
2 324.405 1297.62 68874.5
7 652.174 652.174 69310.1
10 106.566 106.566 68872
12 292.967 292.967 69468.4
3 159.238 159.238 69509.9
11 623.235 623.235 70105.3
6 921.172 921.172 70716.3
17 782.734 782.734 70799.6
0 894.881 894.881 71307.7
2 582.169 582.169 71165.3
15 467.718 467.718 71116.2
1 105.868 105.868 70762
13 373.714 747.429 71270.6
10 149.522 299.043 71355.3
12 737.696 737.696 72077
3 56.2088 56.2088 71613.4
5 376.067 376.067 72724.6
16 127.884 255.768 71984.7
11 1038.36 2076.73 73382.1
8 396.776 396.776 75464.7
17 196.227 196.227 72804.9
1 395.542 791.083 73021.6
14 942.448 1884.9 73385.5
4 251.206 251.206 73073.4
13 99.5586 199.117 72816
27
17 567.971 567.971 66481.6
12 71.4559 71.4559 66066.7
14 580.914 580.914 67207.4
2 71.4152 71.4152 66751
1 412.849 825.698 67397
0 584.385 584.385 67855.7
13 262.072 524.143 67661.2
17 622.364 1244.73 67759.1
15 310.359 310.359 68186.2
12 403.967 403.967 69613.5
14 324.671 1298.69 69429.5
16 146.78 146.78 69402.3
11 623.235 623.235 70105.3
17 135.184 135.184 69930.3
3 750.135 750.135 70767
7 572.533 572.533 70985.4
0 462.674 462.674 71045.8
1 266.351 266.351 70914.8
15 105.868 105.868 70762
16 365.147 730.293 71262
14 195.93 195.93 71199.9
10 141.54 141.54 71707.3
13 186.351 372.702 71776.3
2 677.323 677.323 72719.6
6 133.55 133.55 72760.4
12 98.1922 98.1922 72297.4
11 941.39 3765.56 73464.1
39
6 241.292 241.292 66267.9
2 160.277 320.555 65878.5
1 238.384 476.769 66569.1
7 858.32 858.32 66906.1
0 96.1445 96.1445 66411.4
10 290.821 581.642 67003.6
17 669.957 2679.83 66988.4
8 903.794 3615.18 67438.9
16 1023.8 2047.59 67574.4
13 173.769 173.769 67073.9
5 279.272 1117.09 67424.5
15 310.004 310.004 67188.5
12 781.269 781.269 67996.6
2 639.737 1279.47 68987.9
4 353.653 707.306 68228
3 170.988 170.988 68737.6
17 139.696 139.696 69000.6
15 372.294 372.294 69533.6
9 285.804 285.804 69647.8
14 933.251 3733 70286.7
16 982.444 982.444 70800.6
0 215.9 215.9 70078.3
1 263.299 526.599 70731.9
7 678.332 678.332 71094.3
4 294.258 588.516 70731.8
8 191.355 382.711 70566.3
2 1140.83 2281.67 71834.8
3 453.206 453.206 71554
10 238.587 477.175 71267.9
15 978.862 978.862 72474.7
13 482.296 964.592 72235.3
9 406.474 406.474 72037.9
17 235.72 471.44 71724.4
5 393.893 393.893 72288.2
11 569.002 2276.01 72315.6
14 454.695 909.39 73210.5
16 292.2 292.2 72595.8
4 146.803 293.606 72363.6
7 506.098 506.098 73446.9
33
7 862.999 862.999 66774.5
16 108.308 216.617 66085.3
2 129.403 517.611 66581.2
17 659.925 2639.7 67408.7
14 289.241 289.241 66471.5
12 40.5138 40.5138 66546.2
1 215.929 431.858 66423.8
0 710.982 710.982 66990.6
13 39.193 78.386 66552.9
15 237.856 237.856 66905
10 301.27 602.54 67674.4
1 333.892 333.892 68428.3
3 203.955 203.955 68187.3
4 412.854 412.854 68581.4
5 483.942 967.883 68900.8
2 162.888 651.553 68759.6
17 671.028 1342.06 69967
12 177.305 177.305 69132.4
14 1001.39 4005.57 69950.7
11 623.235 623.235 70105.3
7 341.125 341.125 70136.3
3 593.55 593.55 70610.4
6 888.924 888.924 71301.8
0 462.674 462.674 71045.8
1 266.351 266.351 70914.8
12 105.868 105.868 70762
13 373.714 747.429 71270.6
7 390.137 390.137 72012
11 258.723 1034.89 72010
4 163.775 327.55 72117.3
12 189.029 189.029 72134
10 145.807 145.807 72177.6
3 414.528 414.528 73521.3
33
7 862.711 862.711 66735.4
2 41.8641 83.7281 66748.9
8 1028.6 2057.21 67746.5
1 256.355 512.711 67376.5
6 630.235 630.235 67386.9
10 146.251 292.501 67212.6
17 873.432 873.432 67897.8
3 195.865 195.865 67517.1
12 299.328 299.328 67886.8
4 264.891 529.781 68487.4
16 723.238 723.238 69680.9
7 579.001 579.001 69096.4
0 571.952 571.952 69170.3
14 164.375 328.75 69316.4
13 196.278 196.278 69378.3
2 418.818 1675.27 69639.4
10 150.877 301.753 69061.9
1 386.697 386.697 70049.5
5 327.903 1311.61 70083.6
11 1045.73 4182.91 71412.8
4 312.718 312.718 70622.1
0 482.845 482.845 70637.4
8 488.911 1955.64 71376.6
14 534.995 534.995 71888.4
13 330.074 660.148 71323.6
16 224.913 224.913 71727.6
6 195.93 195.93 71199.9
9 296.378 296.378 71862.2
2 186.351 372.702 71776.3
1 434.923 434.923 72477.2
7 527.276 527.276 73154.1
17 98.1922 98.1922 72297.4
11 715.513 2862.05 73238.3
41
6 241.292 241.292 66267.9
2 160.277 320.555 65878.5
1 238.384 476.769 66569.1
7 858.32 858.32 66906.1
0 96.1445 96.1445 66411.4
10 290.821 581.642 67003.6
17 669.957 2679.83 66988.4
8 903.794 3615.18 67438.9
16 1023.8 2047.59 67574.4
13 173.769 173.769 67073.9
5 279.272 1117.09 67424.5
15 310.004 310.004 67188.5
12 781.269 781.269 67996.6
2 208.95 417.899 68436
1 494.674 494.674 69177.7
11 478.575 1914.3 69028.7
7 524.093 524.093 69182
3 128.952 128.952 68894.4
14 180.242 180.242 69355.7
4 248.223 248.223 69598.9
0 386.697 386.697 70049.5
5 477.367 1909.47 70233
2 496.587 1986.35 70863.6
12 233.224 233.224 70542.6
17 522.057 522.057 70676.6
8 488.911 1955.64 71376.6
14 369.614 369.614 71723.1
10 571.002 1142 71564.5
7 338.786 338.786 71841.5
5 560.814 1121.63 71766.6
0 652.414 652.414 71991.7
4 56.2088 56.2088 71613.4
9 388.856 388.856 72737.4
13 127.884 255.768 71984.7
1 1058.67 2117.34 73402.4
6 396.776 396.776 75464.7
17 108.627 108.627 72717.3
11 395.542 791.083 73021.6
2 957.222 1914.44 73400.3
3 302.762 302.762 73125
4 754.35 1508.7 73470.8
31
17 567.971 567.971 66481.6
12 71.4559 71.4559 66066.7
14 580.914 580.914 67207.4
2 71.4152 71.4152 66751
1 412.849 825.698 67397
0 584.385 584.385 67855.7
13 262.072 524.143 67661.2
17 622.364 1244.73 67759.1
16 298.899 597.798 68526
2 495.497 495.497 69178.5
11 478.575 1914.3 69028.7
14 245.291 245.291 68903.2
10 106.566 106.566 68872
12 292.967 292.967 69468.4
3 159.238 159.238 69509.9
17 809.312 3237.25 70583
5 377.796 1511.18 70645.7
7 174.303 348.607 70178.6
1 107.492 214.983 70163.5
6 565.149 565.149 70947.6
8 683.747 1367.49 71597.6
14 132.199 264.398 70963
4 284.409 568.817 71345.9
2 971.93 1943.86 72234.3
0 419.269 419.269 71790.3
7 432.51 432.51 72054.4
11 466.258 1865.03 72217.6
10 163.775 327.55 72117.3
12 191.627 191.627 72136.6
15 475.982 475.982 72507.8
1 563.674 563.674 73670.5
34
7 862.711 862.711 66735.4
2 41.8641 83.7281 66748.9
8 1028.6 2057.21 67746.5
1 256.355 512.711 67376.5
6 630.235 630.235 67386.9
10 146.251 292.501 67212.6
17 873.432 873.432 67897.8
3 195.865 195.865 67517.1
12 299.328 299.328 67886.8
4 264.891 529.781 68487.4
16 723.238 723.238 69680.9
7 579.001 579.001 69096.4
0 571.952 571.952 69170.3
14 164.375 328.75 69316.4
13 196.278 196.278 69378.3
2 418.818 1675.27 69639.4
10 150.877 301.753 69061.9
1 545.774 1091.55 70449.9
17 259.253 259.253 69598.7
15 987.791 987.791 70540.6
4 417.391 417.391 70473
5 493.315 1973.26 70459.1
3 323.329 323.329 70533.9
12 446.677 446.677 70792.8
10 312.888 625.776 70597.9
11 429.572 1718.29 71105.4
13 657.965 657.965 71793.8
6 195.93 195.93 71199.9
9 296.378 296.378 71862.2
2 186.351 372.702 71776.3
0 391.137 391.137 72433.4
7 527.276 527.276 73154.1
16 98.1922 98.1922 72297.4
14 941.39 3765.56 73464.1
29
7 862.999 862.999 66774.5
16 108.308 216.617 66085.3
2 129.403 517.611 66581.2
17 659.925 2639.7 67408.7
14 289.241 289.241 66471.5
12 40.5138 40.5138 66546.2
1 215.929 431.858 66423.8
0 710.982 710.982 66990.6
13 39.193 78.386 66552.9
15 237.856 237.856 66905
16 311.039 311.039 68186.9
0 381.431 381.431 69591
17 1135.33 4541.31 70240.1
12 146.78 146.78 69402.3
11 623.235 623.235 70105.3
7 341.125 341.125 70136.3
3 750.135 750.135 70767
6 888.924 888.924 71301.8
15 653.305 653.305 71236.4
1 467.718 467.718 71116.2
13 105.868 105.868 70762
16 373.714 747.429 71270.6
0 686.997 686.997 71691
10 141.54 141.54 71707.3
2 186.351 372.702 71776.3
12 677.323 677.323 72719.6
7 527.276 527.276 73154.1
17 98.1922 98.1922 72297.4
14 835.305 3341.22 73358.1
30
7 862.711 862.711 66735.4
2 41.8641 83.7281 66748.9
8 1028.6 2057.21 67746.5
1 256.355 512.711 67376.5
6 630.235 630.235 67386.9
10 146.251 292.501 67212.6
17 873.432 873.432 67897.8
3 195.865 195.865 67517.1
13 674.285 1348.57 69022.4
4 353.653 707.306 68228
12 177.053 177.053 68743.7
0 146.092 146.092 69007
16 426.526 426.526 69587.8
5 252.661 252.661 69614.6
1 386.697 386.697 70049.5
11 477.367 1909.47 70233
2 614.281 2457.12 70981.3
15 409.132 409.132 70718.5
12 754.319 754.319 70908.9
8 488.911 1955.64 71376.6
0 415.447 415.447 71768.9
13 192.193 384.386 71185.7
16 131.854 131.854 71634.5
6 195.93 195.93 71199.9
9 296.378 296.378 71862.2
14 194.043 388.087 71784
1 434.923 434.923 72477.2
7 527.276 527.276 73154.1
17 98.1922 98.1922 72297.4
2 338.759 1355.03 72861.5
41
7 240.539 240.539 65976.2
2 163.906 327.812 66296.8
1 136.788 273.577 66901
14 1004.25 4016.99 67650.8
16 438.642 438.642 67425.6
17 173.336 693.346 66737.2
6 455.495 455.495 67356
13 623.355 1246.71 67707.8
8 1841.91 1841.91 68731.7
7 922.095 1844.19 67924
4 722.604 1445.21 68201.1
15 1437.43 1437.43 68914.9
11 1170.96 2341.92 68670.6
3 183.29 183.29 67770.8
2 119.111 238.221 68341.6
1 475.609 475.609 69433.3
16 260.998 260.998 68778.4
0 571.952 571.952 69170.3
5 424.478 848.955 69576.5
12 282.965 282.965 69465
17 839.4 3357.6 70060
10 311.195 622.391 69222.2
14 188.126 188.126 69670.2
7 341.125 341.125 70136.3
3 593.55 593.55 70610.4
11 437.355 437.355 70850.2
4 462.674 462.674 71045.8
13 266.351 266.351 70914.8
2 105.868 105.868 70762
10 395.056 790.111 71291.9
17 429.299 858.598 71458.6
14 625.537 625.537 72121.4
10 1838.88 3677.76 73591.9
9 243.809 243.809 71875.2
5 266.845 533.69 71755.5
0 656.768 656.768 72551.1
2 1101.98 4407.93 72848.6
13 552.62 1105.24 73308.5
15 267.922 267.922 72571.5
17 1311.42 2622.84 73528.2
1 506.098 506.098 73446.9
37
7 240.539 240.539 65976.2
2 163.906 327.812 66296.8
1 136.788 273.577 66901
14 1004.25 4016.99 67650.8
16 438.642 438.642 67425.6
17 173.336 693.346 66737.2
6 455.495 455.495 67356
13 623.355 1246.71 67707.8
8 1841.91 1841.91 68731.7
7 922.095 1844.19 67924
4 722.604 1445.21 68201.1
15 1437.43 1437.43 68914.9
11 1170.96 2341.92 68670.6
2 208.95 417.899 68436
1 355.511 355.511 69038.5
5 519.48 2077.92 69069.6
16 411.508 411.508 69069.4
10 106.566 106.566 68872
14 521.347 521.347 69696.8
3 159.238 159.238 69509.9
17 438.328 1753.31 70212
2 680.074 2720.3 70948
7 174.303 348.607 70178.6
4 107.492 214.983 70163.5
8 342.419 342.419 70724.8
11 848.517 1697.03 71762.4
1 239.393 478.786 71070.2
10 285.34 570.681 71346.8
16 988.206 1976.41 72250.6
0 223.156 223.156 71594.2
7 758.647 758.647 71762.6
9 296.378 296.378 71862.2
5 186.351 372.702 71776.3
13 383.458 383.458 72425.7
8 527.276 527.276 73154.1
17 187.177 187.177 72386.4
2 831.622 3326.49 73354.4
36
6 241.292 241.292 66267.9
2 160.277 320.555 65878.5
1 238.384 476.769 66569.1
7 858.32 858.32 66906.1
0 96.1445 96.1445 66411.4
10 290.821 581.642 67003.6
17 669.957 2679.83 66988.4
8 903.794 3615.18 67438.9
16 1023.8 2047.59 67574.4
13 173.769 173.769 67073.9
5 279.272 1117.09 67424.5
15 310.004 310.004 67188.5
12 781.269 781.269 67996.6
2 147.542 147.542 67735.1
4 264.891 529.781 68487.4
1 475.609 475.609 69433.3
7 408.493 408.493 68925.9
17 377.299 377.299 68975.6
14 164.375 328.75 69316.4
0 275.663 275.663 69457.7
2 256.523 1026.09 69477.1
5 785.319 1570.64 69696.3
11 623.235 623.235 70105.3
16 241.912 241.912 70037.1
12 494.121 494.121 70510.9
8 572.533 572.533 70985.4
15 653.305 653.305 71236.4
4 467.718 467.718 71116.2
10 105.868 105.868 70762
17 137.463 274.925 71034.3
7 340.423 340.423 71962.3
14 209.971 839.885 71961.3
5 163.775 327.55 72117.3
10 189.029 189.029 72134
3 171.162 171.162 72203
12 414.528 414.528 73521.3
37
7 240.539 240.539 65976.2
2 163.906 327.812 66296.8
1 136.788 273.577 66901
14 1004.25 4016.99 67650.8
16 438.642 438.642 67425.6
17 173.336 693.346 66737.2
6 455.495 455.495 67356
13 623.355 1246.71 67707.8
8 1841.91 1841.91 68731.7
7 922.095 1844.19 67924
4 722.604 1445.21 68201.1
15 1437.43 1437.43 68914.9
11 1170.96 2341.92 68670.6
0 114.359 114.359 67990.2
1 409.637 409.637 69619.2
14 1164.55 4658.21 70269.4
12 391.447 391.447 69647
4 377.911 377.911 70040.7
2 286.488 1145.95 70042.2
17 262.277 1049.11 70629.3
0 348.826 348.826 70658.2
13 372.463 372.463 70527
11 268.598 1074.39 71156.2
15 482.875 482.875 71836.3
10 940.909 1881.82 71934.4
1 163.195 163.195 71665.9
5 489.097 1956.39 71718.6
8 1058.82 4235.27 72736.9
12 511.915 511.915 72134.6
2 515.989 515.989 72308.9
3 181.447 181.447 71902.6
4 444.013 888.025 72221.1
17 1587.04 6348.16 73636
7 264.985 264.985 72372.7
5 1143.79 4575.17 74097.8
16 517.918 517.918 73503.5
13 208.789 417.578 73312.7
