38
6 384.016 384.016 66119.7
2 163.906 327.812 66296.8
1 136.788 273.577 66901
14 1004.25 4016.99 67650.8
16 438.642 438.642 67425.6
17 173.336 693.346 66737.2
7 314.971 314.971 67215.5
19 144.672 289.345 67229.1
8 1153.71 1153.71 68043.5
13 1696.24 3392.48 68698.1
4 722.604 1445.21 68201.1
11 1297.43 1297.43 68774.9
10 1316.12 2632.23 68815.7
12 299.328 299.328 67886.8
5 364.512 729.023 68587
1 475.609 475.609 69433.3
6 864.17 864.17 69381.6
0 571.952 571.952 69170.3
2 763.772 1527.54 69915.7
15 317.711 317.711 69499.8
17 648.615 2594.46 69869.2
7 995.687 1991.37 69906.7
14 446.324 1785.3 70220
8 1208.19 4832.77 71476.1
16 174.303 348.607 70178.6
4 107.492 214.983 70163.5
13 342.419 342.419 70724.8
11 2044.43 4088.86 72958.3
10 1484.09 2968.18 72314.9
5 994.407 1988.81 72055.9
1 1077.1 2154.19 72339.5
18 259.217 259.217 71630.3
6 340.423 340.423 71962.3
2 466.258 1865.03 72217.6
7 411.356 822.712 72364.9
17 400.96 400.96 72346
12 386.72 386.72 72418.5
13 515.019 515.019 73621.8
39
7 429.314 429.314 66456
2 160.277 320.555 65878.5
19 168.677 337.353 66499.4
17 920.312 920.312 66968.1
1 125.097 125.097 66440.3
10 290.821 581.642 67003.6
5 1154.09 4616.37 67472.5
8 903.794 3615.18 67438.9
16 1023.8 2047.59 67574.4
13 173.769 173.769 67073.9
11 469.742 1878.97 67615
15 310.004 310.004 67188.5
18 501.767 501.767 67717.1
2 357.656 715.312 67730.8
12 411.418 411.418 68505.9
0 374.293 374.293 68357.6
4 412.854 412.854 68581.4
10 618.982 1237.96 69035.9
17 162.888 651.553 68759.6
1 419.725 839.45 69715.7
15 177.305 177.305 69132.4
8 936.154 3744.61 69885.5
16 182.993 365.987 70087.2
18 759.43 759.43 70098.9
19 693.947 693.947 70246.8
2 261.378 261.378 70317
5 490.265 1961.06 70456
9 325.681 325.681 70536.2
4 189.297 189.297 70535.4
11 593.261 1186.52 70878.3
14 723.991 2895.97 71399.8
13 393.129 393.129 71529
6 569.621 569.621 71573.6
0 598.792 598.792 72164.6
16 186.351 372.702 71776.3
12 336.306 336.306 72378.6
7 527.276 527.276 73154.1
1 1855.66 1855.66 74054.9
17 710.728 2842.91 73233.5
32
7 862.999 862.999 66774.5
16 108.308 216.617 66085.3
2 129.403 517.611 66581.2
17 659.925 2639.7 67408.7
15 349.949 349.949 66532.3
13 217.206 217.206 66722.9
1 215.929 431.858 66423.8
19 497.788 497.788 66777.4
4 378.607 757.214 66892.3
14 309.079 309.079 66976.2
10 398.672 797.345 68625.8
1 417.142 417.142 69100.2
11 478.575 1914.3 69028.7
2 814.802 814.802 69472.7
5 274.02 274.02 69039.5
12 601.972 601.972 69777.4
9 301.546 301.546 69652.2
13 243.852 243.852 69906.7
14 995.861 3983.44 70751.5
17 262.277 1049.11 70629.3
4 236.209 236.209 70545.5
19 372.463 372.463 70527
8 1237.99 4951.96 72125.6
10 415.447 415.447 71768.9
11 100.895 201.79 71094.4
7 727.947 727.947 72230.6
12 2012.86 2012.86 73634.7
5 862.592 3450.37 72613.9
16 869.94 1739.88 72823.5
15 400.96 400.96 72346
0 386.72 386.72 72418.5
14 414.528 414.528 73521.3
33
7 862.711 862.711 66735.4
2 41.8641 83.7281 66748.9
8 1028.6 2057.21 67746.5
19 166.176 332.352 67286.3
6 630.235 630.235 67386.9
10 146.251 292.501 67212.6
18 864.512 864.512 67888.8
12 287.843 287.843 67609
4 381.669 381.669 67969.2
5 364.512 729.023 68587
17 475.609 475.609 69433.3
7 864.17 864.17 69381.6
0 571.952 571.952 69170.3
14 164.375 328.75 69316.4
10 190.678 190.678 69372.8
11 471.735 1886.94 69692.4
1 481.123 962.246 69392.1
2 182.993 365.987 70087.2
8 748.943 748.943 70088.4
19 693.947 693.947 70246.8
12 261.378 261.378 70317
5 838.446 3353.78 70804.2
9 325.681 325.681 70536.2
13 378.948 378.948 70725.1
4 364.277 728.554 70649.3
0 1129.3 4517.21 71805.1
16 393.129 393.129 71529
6 340.423 340.423 71962.3
14 466.258 1865.03 72217.6
1 411.356 822.712 72364.9
15 361.565 361.565 72306.6
4 386.72 386.72 72418.5
5 414.528 414.528 73521.3
39
7 862.999 862.999 66774.5
16 108.308 216.617 66085.3
2 129.403 517.611 66581.2
17 659.925 2639.7 67408.7
15 349.949 349.949 66532.3
13 217.206 217.206 66722.9
1 215.929 431.858 66423.8
19 497.788 497.788 66777.4
4 378.607 757.214 66892.3
14 309.079 309.079 66976.2
10 273.473 273.473 67861
5 364.512 729.023 68587
19 475.609 475.609 69433.3
7 864.17 864.17 69381.6
0 571.952 571.952 69170.3
11 236.961 473.923 69388.9
1 320.706 320.706 69502.8
2 648.615 2594.46 69869.2
4 823.546 1647.09 69734.6
14 243.852 243.852 69906.7
17 1185.69 4742.75 70941.4
8 2282.53 9130.14 72649.6
13 236.209 236.209 70545.5
5 398.379 398.379 70552.9
7 570.333 2281.33 71458
11 501.615 501.615 71855.1
16 100.895 201.79 71094.4
19 727.947 727.947 72230.6
10 470.736 941.472 71500
6 986.44 986.44 72482.3
4 235.048 470.097 71988
9 243.809 243.809 71875.2
2 601.371 1202.74 72090
12 480.921 480.921 72375.2
14 1023.26 4093.04 72769.9
1 454.695 909.39 73210.5
3 904.783 904.783 73208.4
5 1029.21 2058.43 73246
15 1752.6 1752.6 74693.5
39
7 429.314 429.314 66456
2 160.277 320.555 65878.5
19 168.677 337.353 66499.4
17 920.312 920.312 66968.1
1 125.097 125.097 66440.3
10 290.821 581.642 67003.6
5 1154.09 4616.37 67472.5
8 903.794 3615.18 67438.9
16 1023.8 2047.59 67574.4
13 173.769 173.769 67073.9
11 469.742 1878.97 67615
15 310.004 310.004 67188.5
18 501.767 501.767 67717.1
2 438.506 877.012 68786.6
4 353.653 707.306 68228
12 177.053 177.053 68743.7
1 357.502 357.502 69218.5
14 521.79 521.79 69683.1
9 285.804 285.804 69647.8
11 623.235 623.235 70105.3
7 341.125 341.125 70136.3
0 494.121 494.121 70510.9
6 888.924 888.924 71301.8
5 441.28 441.28 71024.4
12 117.146 117.146 70765.6
4 316.809 316.809 70973
1 320.113 640.226 71217
10 824.642 1649.28 72030.4
13 349.61 349.61 71688.9
3 425.754 425.754 71982.9
11 583.74 583.74 72932.3
7 398.393 796.787 72255.2
14 1058.67 2117.34 73402.4
2 2855.26 2855.26 77923.2
4 326.821 326.821 72935.5
16 406.887 813.774 73032.9
5 1217.76 2435.52 73660.8
9 439.484 439.484 73261.7
1 526.868 1053.74 73243.3
29
7 862.711 862.711 66735.4
2 41.8641 83.7281 66748.9
8 1028.6 2057.21 67746.5
19 166.176 332.352 67286.3
6 630.235 630.235 67386.9
10 146.251 292.501 67212.6
18 864.512 864.512 67888.8
12 287.843 287.843 67609
0 114.359 114.359 67990.2
16 403.967 403.967 69613.5
14 1155.3 4621.2 70260.1
13 253.09 253.09 69508.6
2 182.993 365.987 70087.2
17 748.943 748.943 70088.4
0 693.947 693.947 70246.8
18 203.893 203.893 70259.5
5 493.315 1973.26 70459.1
4 276.138 276.138 70486.7
12 189.297 189.297 70535.4
10 364.277 728.554 70649.3
11 429.572 1718.29 71105.4
8 475.868 475.868 71611.7
7 195.93 195.93 71199.9
9 296.378 296.378 71862.2
1 420.342 840.685 72010.3
13 336.306 336.306 72378.6
2 527.276 527.276 73154.1
16 1855.66 1855.66 74054.9
14 710.728 2842.91 73233.5
35
7 429.314 429.314 66456
2 160.277 320.555 65878.5
19 168.677 337.353 66499.4
17 920.312 920.312 66968.1
1 125.097 125.097 66440.3
10 290.821 581.642 67003.6
5 1154.09 4616.37 67472.5
8 903.794 3615.18 67438.9
16 1023.8 2047.59 67574.4
13 173.769 173.769 67073.9
11 469.742 1878.97 67615
15 310.004 310.004 67188.5
18 501.767 501.767 67717.1
2 438.506 877.012 68786.6
4 353.653 707.306 68228
12 177.053 177.053 68743.7
1 357.502 357.502 69218.5
14 521.79 521.79 69683.1
9 285.804 285.804 69647.8
8 95.5055 382.022 69449
6 931.894 931.894 70750
4 261.048 261.048 70123.5
5 222.951 445.901 70691.6
7 678.332 678.332 71094.3
11 482.534 965.069 70920.1
2 1586.32 3172.65 71961.3
10 1340.05 2680.11 72034
1 784.445 784.445 71885.2
12 1676.54 1676.54 72680.5
9 442.435 442.435 72008.2
4 631.119 1262.24 72221.1
13 336.306 336.306 72378.6
14 527.276 527.276 73154.1
5 1855.66 1855.66 74054.9
17 710.728 2842.91 73233.5
38
17 567.971 567.971 66481.6
0 135.689 135.689 66130.9
14 580.914 580.914 67207.4
12 85.1364 85.1364 66764.8
19 329.556 659.113 67313.7
1 568.027 568.027 67839.4
13 262.072 524.143 67661.2
7 829.663 1659.33 67966.4
3 183.29 183.29 67770.8
2 119.111 238.221 68341.6
0 483.426 483.426 69441.1
17 864.17 864.17 69381.6
12 603.936 603.936 69202.3
11 236.961 473.923 69388.9
15 317.711 317.711 69499.8
5 467.178 1868.71 69687.8
10 311.195 622.391 69222.2
14 322.305 1289.22 70096
2 494.028 1976.11 70762
7 174.303 348.607 70178.6
1 107.492 214.983 70163.5
6 565.149 565.149 70947.6
8 683.747 1367.49 71597.6
19 1484.09 2968.18 72314.9
4 284.409 568.817 71345.9
17 1077.1 2154.19 72339.5
10 223.156 223.156 71594.2
11 337.541 1350.16 71567.1
5 1533.26 6133.05 73211.4
16 511.915 511.915 72134.6
15 252.989 252.989 72045.9
3 604.492 604.492 72325.7
13 585.063 1170.13 72362.1
14 1125.12 4500.48 73174.1
7 1754.31 1754.31 73862.1
2 574.337 2297.35 73528.4
0 517.918 517.918 73503.5
4 208.789 417.578 73312.7
36
7 862.999 862.999 66774.5
16 108.308 216.617 66085.3
2 129.403 517.611 66581.2
17 659.925 2639.7 67408.7
15 349.949 349.949 66532.3
13 217.206 217.206 66722.9
1 215.929 431.858 66423.8
19 497.788 497.788 66777.4
4 378.607 757.214 66892.3
14 309.079 309.079 66976.2
16 492.088 984.176 68840.2
10 241.046 482.093 68115.4
12 177.053 177.053 68743.7
1 357.502 357.502 69218.5
2 538.145 538.145 69699.4
5 252.661 252.661 69614.6
14 157.793 631.173 69511.3
6 931.894 931.894 70750
10 261.048 261.048 70123.5
4 222.951 445.901 70691.6
7 678.332 678.332 71094.3
11 482.534 965.069 70920.1
8 932.724 1865.45 71307.7
13 1340.05 2680.11 72034
1 784.445 784.445 71885.2
5 456.808 1827.23 71686.3
2 1058.82 4235.27 72736.9
9 655.819 655.819 72278.5
15 252.989 252.989 72045.9
0 604.492 604.492 72325.7
14 579.195 1158.39 72356.2
17 1125.12 4500.48 73174.1
10 1754.31 1754.31 73862.1
11 680.895 2723.58 73634.9
4 517.918 517.918 73503.5
7 662.634 1325.27 73766.5
32
17 567.971 567.971 66481.6
0 135.689 135.689 66130.9
14 580.914 580.914 67207.4
12 85.1364 85.1364 66764.8
19 329.556 659.113 67313.7
1 568.027 568.027 67839.4
13 262.072 524.143 67661.2
7 829.663 1659.33 67966.4
2 208.95 417.899 68436
0 417.142 417.142 69100.2
11 478.575 1914.3 69028.7
12 814.802 814.802 69472.7
3 128.952 128.952 68894.4
15 396.508 396.508 69571.9
4 248.223 248.223 69598.9
14 322.305 1289.22 70096
5 377.796 1511.18 70645.7
17 174.303 348.607 70178.6
1 127.75 255.5 70183.8
6 565.149 565.149 70947.6
8 683.747 1367.49 71597.6
11 1485.06 2970.11 72315.8
10 154.774 309.548 71216.2
2 1244.89 2489.78 72507.3
13 256.775 256.775 71627.8
12 195.93 195.93 71199.9
4 442.435 442.435 72008.2
7 186.351 372.702 71776.3
15 336.306 336.306 72378.6
0 527.276 527.276 73154.1
17 1861.96 1861.96 74061.2
5 835.305 3341.22 73358.1
41
7 862.999 862.999 66774.5
16 108.308 216.617 66085.3
2 129.403 517.611 66581.2
17 659.925 2639.7 67408.7
15 349.949 349.949 66532.3
13 217.206 217.206 66722.9
1 215.929 431.858 66423.8
19 497.788 497.788 66777.4
4 378.607 757.214 66892.3
14 309.079 309.079 66976.2
10 273.473 273.473 67861
5 364.512 729.023 68587
19 475.609 475.609 69433.3
7 864.17 864.17 69381.6
0 571.952 571.952 69170.3
11 236.961 473.923 69388.9
1 320.706 320.706 69502.8
2 648.615 2594.46 69869.2
4 823.546 1647.09 69734.6
14 322.305 1289.22 70096
17 1208.19 4832.77 71476.1
8 887.106 1774.21 70891.5
5 127.75 255.5 70183.8
6 565.149 565.149 70947.6
13 2107.99 4215.98 73021.9
16 1485.06 2970.11 72315.8
10 546.2 1092.4 71607.6
7 1077.1 2154.19 72339.5
15 259.217 259.217 71630.3
4 365.261 730.522 71571
1 349.61 349.61 71688.9
3 425.754 425.754 71982.9
9 388.856 388.856 72737.4
11 127.884 255.768 71984.7
19 1058.67 2117.34 73402.4
0 2855.26 2855.26 77923.2
2 326.821 326.821 72935.5
5 586.488 1172.98 73212.5
8 1217.76 2435.52 73660.8
12 404.678 404.678 73226.9
14 727.343 1454.69 73443.8
28
17 567.971 567.971 66481.6
0 135.689 135.689 66130.9
14 580.914 580.914 67207.4
12 85.1364 85.1364 66764.8
19 329.556 659.113 67313.7
1 568.027 568.027 67839.4
13 262.072 524.143 67661.2
7 829.663 1659.33 67966.4
15 310.359 310.359 68186.2
12 269.018 269.018 69478.5
17 646.293 2585.17 69751.1
11 322.621 322.621 69578.1
14 322.305 1289.22 70096
5 377.796 1511.18 70645.7
7 174.303 348.607 70178.6
1 107.492 214.983 70163.5
6 565.149 565.149 70947.6
8 683.747 1367.49 71597.6
19 1484.09 2968.18 72314.9
10 154.774 309.548 71216.2
16 1244.89 2489.78 72507.3
11 259.217 259.217 71630.3
12 340.423 340.423 71962.3
2 876.125 3504.5 72627.4
4 356.744 713.487 72310.3
5 312.269 312.269 72257.3
9 512.351 512.351 72544.2
0 515.019 515.019 73621.8
37
17 567.971 567.971 66481.6
0 135.689 135.689 66130.9
14 580.914 580.914 67207.4
12 85.1364 85.1364 66764.8
19 329.556 659.113 67313.7
1 568.027 568.027 67839.4
13 262.072 524.143 67661.2
7 829.663 1659.33 67966.4
2 138.867 277.735 67512
18 195.733 195.733 68290.2
10 295.347 295.347 68278.7
4 412.854 412.854 68581.4
5 483.942 967.883 68900.8
11 338.613 1354.45 68935.3
14 419.725 839.45 69715.7
16 177.305 177.305 69132.4
17 859.787 3439.15 69809.1
12 243.852 243.852 69906.7
2 547.356 2189.42 70303
8 2282.53 9130.14 72649.6
0 236.209 236.209 70545.5
1 372.463 372.463 70527
11 1329.04 5316.16 72216.7
19 415.447 415.447 71768.9
13 100.895 201.79 71094.4
7 727.947 727.947 72230.6
16 327.013 654.025 71356.3
6 986.44 986.44 72482.3
4 235.048 470.097 71988
9 243.809 243.809 71875.2
5 630.114 1260.23 72118.8
15 532.88 532.88 72427.2
2 387.833 1551.33 72134.5
1 300.013 600.026 73055.9
10 903.985 903.985 73207.6
14 1029.21 2058.43 73246
17 506.098 506.098 73446.9
40
7 429.314 429.314 66456
2 160.277 320.555 65878.5
19 168.677 337.353 66499.4
17 920.312 920.312 66968.1
1 125.097 125.097 66440.3
10 290.821 581.642 67003.6
5 1154.09 4616.37 67472.5
8 903.794 3615.18 67438.9
16 1023.8 2047.59 67574.4
13 173.769 173.769 67073.9
11 469.742 1878.97 67615
15 310.004 310.004 67188.5
18 501.767 501.767 67717.1
2 150.13 300.26 68377.2
1 417.142 417.142 69100.2
17 545.426 2181.7 69095.5
10 814.802 814.802 69472.7
4 234.425 234.425 68999.9
11 481.101 481.101 69656.5
9 301.546 301.546 69652.2
5 95.5055 382.022 69449
6 931.894 931.894 70750
0 261.048 261.048 70123.5
2 222.951 445.901 70691.6
7 678.332 678.332 71094.3
14 770.646 1541.29 71208.2
16 191.355 382.711 70566.3
13 1340.05 2680.11 72034
12 776.797 776.797 71877.6
11 238.587 477.175 71267.9
1 1091.45 1091.45 72587.3
4 235.048 470.097 71988
3 202.592 202.592 71834
17 601.371 1202.74 72090
0 680.388 680.388 72574.7
5 1023.26 4093.04 72769.9
16 300.013 600.026 73055.9
2 503.947 503.947 72807.5
19 850.185 1700.37 73066.9
10 506.098 506.098 73446.9
31
7 862.711 862.711 66735.4
2 41.8641 83.7281 66748.9
8 1028.6 2057.21 67746.5
19 166.176 332.352 67286.3
6 630.235 630.235 67386.9
10 146.251 292.501 67212.6
18 864.512 864.512 67888.8
12 287.843 287.843 67609
0 114.359 114.359 67990.2
16 403.967 403.967 69613.5
14 1155.3 4621.2 70260.1
13 253.09 253.09 69508.6
11 623.235 623.235 70105.3
6 341.125 341.125 70136.3
10 494.121 494.121 70510.9
7 572.533 572.533 70985.4
0 441.28 441.28 71024.4
8 117.146 117.146 70765.6
15 208.017 208.017 70864.2
1 153.033 306.067 71049.9
5 489.097 1956.39 71718.6
2 1533.26 6133.05 73211.4
4 625.691 625.691 72248.4
19 252.989 252.989 72045.9
9 246.11 246.11 71967.3
17 579.195 1158.39 72356.2
11 643.716 2574.86 72692.7
10 1754.31 1754.31 73862.1
8 261.091 1044.36 73215.1
16 517.918 517.918 73503.5
1 662.634 1325.27 73766.5
32
7 862.711 862.711 66735.4
2 41.8641 83.7281 66748.9
8 1028.6 2057.21 67746.5
19 166.176 332.352 67286.3
6 630.235 630.235 67386.9
10 146.251 292.501 67212.6
18 864.512 864.512 67888.8
12 287.843 287.843 67609
0 114.359 114.359 67990.2
16 403.967 403.967 69613.5
14 1155.3 4621.2 70260.1
13 253.09 253.09 69508.6
2 243.852 243.852 69906.7
5 327.903 1311.61 70083.6
8 258.165 1032.66 70625.2
10 233.224 233.224 70542.6
17 372.463 372.463 70527
11 1632.03 6528.12 72519.7
0 549.038 549.038 71902.5
19 100.895 201.79 71094.4
6 727.947 727.947 72230.6
1 312.598 625.196 71341.9
7 1091.45 1091.45 72587.3
4 360.445 720.891 72113.4
9 243.809 243.809 71875.2
13 601.371 1202.74 72090
15 532.88 532.88 72427.2
5 387.833 1551.33 72134.5
10 300.013 600.026 73055.9
12 903.985 903.985 73207.6
17 850.185 1700.37 73066.9
14 506.098 506.098 73446.9
36
7 862.711 862.711 66735.4
2 41.8641 83.7281 66748.9
8 1028.6 2057.21 67746.5
19 166.176 332.352 67286.3
6 630.235 630.235 67386.9
10 146.251 292.501 67212.6
18 864.512 864.512 67888.8
12 287.843 287.843 67609
4 381.669 381.669 67969.2
5 364.512 729.023 68587
17 475.609 475.609 69433.3
7 864.17 864.17 69381.6
0 571.952 571.952 69170.3
14 164.375 328.75 69316.4
10 190.678 190.678 69372.8
11 471.735 1886.94 69692.4
1 481.123 962.246 69392.1
16 631.016 631.016 70113.1
6 341.125 341.125 70136.3
4 494.121 494.121 70510.9
18 572.533 572.533 70985.4
2 441.28 441.28 71024.4
19 117.146 117.146 70765.6
15 208.017 208.017 70864.2
13 271.757 543.514 71168.6
14 571.217 2284.87 71800.8
17 1058.82 4235.27 72736.9
9 655.819 655.819 72278.5
11 252.989 252.989 72045.9
1 604.492 604.492 72325.7
8 579.195 1158.39 72356.2
5 1125.12 4500.48 73174.1
7 264.985 264.985 72372.7
2 766.397 3065.59 73720.4
6 517.918 517.918 73503.5
13 300.145 600.291 73404
29
17 567.971 567.971 66481.6
0 135.689 135.689 66130.9
14 580.914 580.914 67207.4
12 85.1364 85.1364 66764.8
19 329.556 659.113 67313.7
1 568.027 568.027 67839.4
13 262.072 524.143 67661.2
7 829.663 1659.33 67966.4
2 208.95 417.899 68436
0 417.142 417.142 69100.2
11 478.575 1914.3 69028.7
12 814.802 814.802 69472.7
3 128.952 128.952 68894.4
15 396.508 396.508 69571.9
4 248.223 248.223 69598.9
1 631.016 631.016 70113.1
17 341.125 341.125 70136.3
13 658.604 658.604 70675.4
6 888.924 888.924 71301.8
2 441.28 441.28 71024.4
11 117.146 117.146 70765.6
3 316.809 316.809 70973
7 320.113 640.226 71217
0 340.423 340.423 71962.3
5 718.634 2874.54 72469.9
10 242.65 485.301 72196.2
16 191.627 191.627 72136.6
15 487.702 487.702 72519.5
13 414.528 414.528 73521.3
34
7 862.711 862.711 66735.4
2 41.8641 83.7281 66748.9
8 1028.6 2057.21 67746.5
19 166.176 332.352 67286.3
6 630.235 630.235 67386.9
10 146.251 292.501 67212.6
18 864.512 864.512 67888.8
12 287.843 287.843 67609
4 381.669 381.669 67969.2
5 364.512 729.023 68587
17 475.609 475.609 69433.3
7 864.17 864.17 69381.6
0 571.952 571.952 69170.3
14 164.375 328.75 69316.4
10 190.678 190.678 69372.8
11 471.735 1886.94 69692.4
1 481.123 962.246 69392.1
2 322.305 1289.22 70096
8 1208.19 4832.77 71476.1
5 1691.09 3382.18 71695.4
19 127.75 255.5 70183.8
6 342.419 342.419 70724.8
16 2044.43 4088.86 72958.3
14 1489.08 2978.16 72319.9
1 546.2 1092.4 71607.6
7 1077.1 2154.19 72339.5
12 223.156 223.156 71594.2
0 1683.09 1683.09 72687.1
9 296.378 296.378 71862.2
13 337.394 674.789 71927.3
11 336.306 336.306 72378.6
2 527.276 527.276 73154.1
6 1855.66 1855.66 74054.9
17 720.617 2882.47 73243.4
34
7 862.711 862.711 66735.4
2 41.8641 83.7281 66748.9
8 1028.6 2057.21 67746.5
19 166.176 332.352 67286.3
6 630.235 630.235 67386.9
10 146.251 292.501 67212.6
18 864.512 864.512 67888.8
12 287.843 287.843 67609
4 381.669 381.669 67969.2
5 364.512 729.023 68587
17 475.609 475.609 69433.3
7 864.17 864.17 69381.6
0 571.952 571.952 69170.3
14 164.375 328.75 69316.4
10 190.678 190.678 69372.8
11 471.735 1886.94 69692.4
1 481.123 962.246 69392.1
2 182.993 365.987 70087.2
8 748.943 748.943 70088.4
19 693.947 693.947 70246.8
12 261.378 261.378 70317
5 838.446 3353.78 70804.2
9 325.681 325.681 70536.2
13 378.948 378.948 70725.1
4 364.277 728.554 70649.3
0 1129.3 4517.21 71805.1
16 393.129 393.129 71529
14 1673.19 1673.19 72677.2
15 526.835 526.835 72092.6
1 588.057 1176.11 72178
8 336.306 336.306 72378.6
6 527.276 527.276 73154.1
2 1855.66 1855.66 74054.9
11 710.728 2842.91 73233.5
31
7 862.711 862.711 66735.4
2 41.8641 83.7281 66748.9
8 1028.6 2057.21 67746.5
19 166.176 332.352 67286.3
6 630.235 630.235 67386.9
10 146.251 292.501 67212.6
18 864.512 864.512 67888.8
12 287.843 287.843 67609
17 526.183 1052.37 68874.3
4 353.653 707.306 68228
0 276.193 276.193 68842.8
1 244.034 244.034 69105
16 426.526 426.526 69587.8
5 252.661 252.661 69614.6
2 322.305 1289.22 70096
11 208.147 832.587 70476.1
7 174.303 348.607 70178.6
19 127.75 255.5 70183.8
8 342.419 342.419 70724.8
14 1937.87 3875.75 72851.7
17 1484.09 2968.18 72314.9
4 546.2 1092.4 71607.6
16 1077.1 2154.19 72339.5
12 223.156 223.156 71594.2
0 1676.54 1676.54 72680.5
9 296.378 296.378 71862.2
13 337.394 674.789 71927.3
1 336.306 336.306 72378.6
2 527.276 527.276 73154.1
6 1855.66 1855.66 74054.9
11 835.305 3341.22 73358.1
35
7 862.711 862.711 66735.4
2 41.8641 83.7281 66748.9
8 1028.6 2057.21 67746.5
19 166.176 332.352 67286.3
6 630.235 630.235 67386.9
10 146.251 292.501 67212.6
18 864.512 864.512 67888.8
12 287.843 287.843 67609
1 136.422 272.844 68363.5
2 417.142 417.142 69100.2
11 478.575 1914.3 69028.7
17 822.304 822.304 69480.2
4 234.425 234.425 68999.9
16 292.967 292.967 69468.4
5 273.276 273.276 69624
6 397.329 397.329 70060.1
14 764.118 3056.47 70519.8
8 262.277 1049.11 70629.3
10 233.224 233.224 70542.6
1 398.379 398.379 70552.9
2 1329.04 5316.16 72216.7
11 549.038 549.038 71902.5
19 100.895 201.79 71094.4
7 727.947 727.947 72230.6
5 456.808 1827.23 71686.3
17 1533.26 6133.05 73211.4
15 535.589 535.589 72158.3
0 258.429 258.429 72051.3
9 246.11 246.11 71967.3
16 585.063 1170.13 72362.1
14 1063.22 4252.87 73112.2
18 264.985 264.985 72372.7
8 1531.1 6124.39 74485.1
1 1267.88 1267.88 74253.5
4 208.789 417.578 73312.7
32
17 567.971 567.971 66481.6
0 135.689 135.689 66130.9
14 580.914 580.914 67207.4
12 85.1364 85.1364 66764.8
19 329.556 659.113 67313.7
1 568.027 568.027 67839.4
13 262.072 524.143 67661.2
7 829.663 1659.33 67966.4
15 310.359 310.359 68186.2
12 269.018 269.018 69478.5
17 646.293 2585.17 69751.1
11 322.621 322.621 69578.1
16 631.016 631.016 70113.1
7 341.125 341.125 70136.3
2 593.55 593.55 70610.4
6 888.924 888.924 71301.8
0 441.28 441.28 71024.4
14 117.146 117.146 70765.6
13 415.498 415.498 71071.6
1 505.837 1011.67 71402.7
10 307.532 615.065 71513.3
11 349.61 349.61 71688.9
4 228.916 228.916 71786.1
5 376.067 376.067 72724.6
16 231.462 462.925 72088.3
2 1493.84 2987.69 73837.6
8 396.776 396.776 75464.7
15 326.821 326.821 72935.5
14 161.333 322.665 72787.4
17 1243.26 2486.51 73686.3
9 314.613 314.613 73136.8
13 324.119 648.238 73040.6
35
7 429.314 429.314 66456
2 160.277 320.555 65878.5
19 168.677 337.353 66499.4
17 920.312 920.312 66968.1
1 125.097 125.097 66440.3
10 290.821 581.642 67003.6
5 1154.09 4616.37 67472.5
8 903.794 3615.18 67438.9
16 1023.8 2047.59 67574.4
13 173.769 173.769 67073.9
11 469.742 1878.97 67615
15 310.004 310.004 67188.5
18 501.767 501.767 67717.1
2 150.13 300.26 68377.2
1 417.142 417.142 69100.2
17 545.426 2181.7 69095.5
10 814.802 814.802 69472.7
4 234.425 234.425 68999.9
11 481.101 481.101 69656.5
9 301.546 301.546 69652.2
15 243.852 243.852 69906.7
14 764.118 3056.47 70519.8
2 258.165 1032.66 70625.2
13 236.209 236.209 70545.5
5 372.463 372.463 70527
17 1329.04 5316.16 72216.7
1 549.038 549.038 71902.5
19 100.895 201.79 71094.4
7 727.947 727.947 72230.6
16 340.423 340.423 71962.3
11 894.178 3576.71 72645.5
4 411.356 822.712 72364.9
10 400.96 400.96 72346
12 296.549 296.549 72328.4
0 414.528 414.528 73521.3
37
7 429.314 429.314 66456
2 160.277 320.555 65878.5
19 168.677 337.353 66499.4
17 920.312 920.312 66968.1
1 125.097 125.097 66440.3
10 290.821 581.642 67003.6
5 1154.09 4616.37 67472.5
8 903.794 3615.18 67438.9
16 1023.8 2047.59 67574.4
13 173.769 173.769 67073.9
11 469.742 1878.97 67615
15 310.004 310.004 67188.5
18 501.767 501.767 67717.1
2 114.359 114.359 67990.2
10 269.018 269.018 69478.5
14 1155.3 4621.2 70260.1
11 322.621 322.621 69578.1
2 243.852 243.852 69906.7
17 995.861 3983.44 70751.5
5 262.277 1049.11 70629.3
1 236.209 236.209 70545.5
16 372.463 372.463 70527
8 488.911 1955.64 71376.6
13 549.038 549.038 71902.5
19 100.895 201.79 71094.4
7 727.947 727.947 72230.6
10 327.013 654.025 71356.3
6 986.44 986.44 72482.3
4 360.445 720.891 72113.4
9 243.809 243.809 71875.2
11 601.371 1202.74 72090
12 480.921 480.921 72375.2
2 1023.26 4093.04 72769.9
16 300.013 600.026 73055.9
0 903.985 903.985 73207.6
17 391.307 782.615 72608.1
14 506.098 506.098 73446.9
37
6 384.016 384.016 66119.7
2 163.906 327.812 66296.8
1 136.788 273.577 66901
14 1004.25 4016.99 67650.8
16 438.642 438.642 67425.6
17 173.336 693.346 66737.2
7 314.971 314.971 67215.5
19 144.672 289.345 67229.1
8 1153.71 1153.71 68043.5
13 1696.24 3392.48 68698.1
4 722.604 1445.21 68201.1
11 1297.43 1297.43 68774.9
10 1316.12 2632.23 68815.7
2 114.359 114.359 67990.2
18 269.018 269.018 69478.5
17 1201.88 4807.53 70306.7
15 181.47 181.47 69437
14 640.672 2562.69 69994.2
6 1059.06 1059.06 70877.2
0 261.048 261.048 70123.5
2 222.951 445.901 70691.6
8 678.332 678.332 71094.3
5 330.57 661.141 70768.1
10 191.355 382.711 70566.3
13 465.941 931.883 71159.9
11 453.206 453.206 71554
1 517.005 1034.01 71546.3
18 1091.45 1091.45 72587.3
4 874.588 1749.18 72627.6
9 243.809 243.809 71875.2
7 786.482 1572.96 72275.2
12 480.921 480.921 72375.2
14 1023.26 4093.04 72769.9
10 300.013 600.026 73055.9
2 503.947 503.947 72807.5
5 391.307 782.615 72608.1
17 506.098 506.098 73446.9
33
7 429.314 429.314 66456
2 160.277 320.555 65878.5
19 168.677 337.353 66499.4
17 920.312 920.312 66968.1
1 125.097 125.097 66440.3
10 290.821 581.642 67003.6
5 1154.09 4616.37 67472.5
8 903.794 3615.18 67438.9
16 1023.8 2047.59 67574.4
13 173.769 173.769 67073.9
11 469.742 1878.97 67615
15 310.004 310.004 67188.5
18 501.767 501.767 67717.1
2 114.359 114.359 67990.2
10 269.018 269.018 69478.5
14 1155.3 4621.2 70260.1
11 322.621 322.621 69578.1
5 95.5055 382.022 69449
6 931.894 931.894 70750
0 261.048 261.048 70123.5
1 222.951 445.901 70691.6
7 678.332 678.332 71094.3
4 292.476 584.953 70730
8 191.355 382.711 70566.3
2 1340.05 2680.11 72034
12 776.797 776.797 71877.6
13 1676.54 1676.54 72680.5
9 296.378 296.378 71862.2
11 420.342 840.685 72010.3
15 336.306 336.306 72378.6
10 527.276 527.276 73154.1
5 1855.66 1855.66 74054.9
8 710.728 2842.91 73233.5
42
7 429.314 429.314 66456
2 160.277 320.555 65878.5
19 168.677 337.353 66499.4
17 920.312 920.312 66968.1
1 125.097 125.097 66440.3
10 290.821 581.642 67003.6
5 1154.09 4616.37 67472.5
8 903.794 3615.18 67438.9
16 1023.8 2047.59 67574.4
13 173.769 173.769 67073.9
11 469.742 1878.97 67615
15 310.004 310.004 67188.5
18 501.767 501.767 67717.1
2 150.13 300.26 68377.2
1 417.142 417.142 69100.2
17 545.426 2181.7 69095.5
10 814.802 814.802 69472.7
4 234.425 234.425 68999.9
11 481.101 481.101 69656.5
9 301.546 301.546 69652.2
5 438.328 1753.31 70212
14 230.425 921.699 70498.4
7 174.303 348.607 70178.6
8 107.492 214.983 70163.5
16 342.419 342.419 70724.8
2 2107.99 4215.98 73021.9
1 315.826 631.652 71146.6
4 546.2 1092.4 71607.6
10 1077.1 2154.19 72339.5
13 259.217 259.217 71630.3
11 824.642 1649.28 72030.4
15 349.61 349.61 71688.9
3 425.754 425.754 71982.9
12 632.499 632.499 72981
14 231.462 462.925 72088.3
7 1058.67 2117.34 73402.4
6 883.123 883.123 75951.1
17 326.821 326.821 72935.5
19 406.887 813.774 73032.9
16 1217.76 2435.52 73660.8
9 439.484 439.484 73261.7
5 727.343 1454.69 73443.8
43
6 384.016 384.016 66119.7
2 163.906 327.812 66296.8
1 136.788 273.577 66901
14 1004.25 4016.99 67650.8
16 438.642 438.642 67425.6
17 173.336 693.346 66737.2
7 314.971 314.971 67215.5
19 144.672 289.345 67229.1
8 1153.71 1153.71 68043.5
13 1696.24 3392.48 68698.1
4 722.604 1445.21 68201.1
11 1297.43 1297.43 68774.9
10 1316.12 2632.23 68815.7
5 500.302 1000.6 67873.5
0 264.774 264.774 68359.2
12 302.968 302.968 68286.3
2 369.655 369.655 68538.2
17 823.602 1647.2 69240.5
7 2856.13 11424.5 71452.8
19 419.725 839.45 69715.7
3 369.028 369.028 69324.1
14 883.053 3532.21 69832.4
5 879.798 3519.19 70653.5
8 1000.13 4000.51 71268.1
16 1691.09 3382.18 71695.4
1 107.492 214.983 70163.5
6 342.419 342.419 70724.8
10 471.347 942.693 71385.2
13 1484.09 2968.18 72314.9
2 546.2 1092.4 71607.6
11 1244.89 2489.78 72507.3
17 223.156 223.156 71594.2
4 312.598 625.196 71341.9
15 1342.93 1342.93 72838.8
19 874.588 1749.18 72627.6
12 625.54 625.54 72256.9
14 1616.63 3233.25 73105.3
3 1081.86 1081.86 72976.2
5 2023.36 8093.43 73770
1 454.695 909.39 73210.5
9 815.236 815.236 73118.8
8 1754.38 3508.76 73971.1
6 506.098 506.098 73446.9
38
6 384.016 384.016 66119.7
2 163.906 327.812 66296.8
1 136.788 273.577 66901
14 1004.25 4016.99 67650.8
16 438.642 438.642 67425.6
17 173.336 693.346 66737.2
7 314.971 314.971 67215.5
19 144.672 289.345 67229.1
8 1153.71 1153.71 68043.5
13 1696.24 3392.48 68698.1
4 722.604 1445.21 68201.1
11 1297.43 1297.43 68774.9
10 1316.12 2632.23 68815.7
5 500.302 1000.6 67873.5
0 264.774 264.774 68359.2
12 302.968 302.968 68286.3
2 369.655 369.655 68538.2
17 823.602 1647.2 69240.5
7 2856.13 11424.5 71452.8
19 419.725 839.45 69715.7
3 369.028 369.028 69324.1
14 883.053 3532.21 69832.4
16 182.993 365.987 70087.2
1 748.943 748.943 70088.4
18 693.947 693.947 70246.8
8 203.893 203.893 70259.5
2 378.833 1515.33 70344.6
9 325.681 325.681 70536.2
12 189.297 189.297 70535.4
5 364.277 728.554 70649.3
11 667.138 2668.55 71343
0 475.868 475.868 71611.7
6 340.423 340.423 71962.3
14 466.258 1865.03 72217.6
2 411.356 822.712 72364.9
18 191.627 191.627 72136.6
5 386.72 386.72 72418.5
9 414.528 414.528 73521.3
39
6 384.016 384.016 66119.7
2 163.906 327.812 66296.8
1 136.788 273.577 66901
14 1004.25 4016.99 67650.8
16 438.642 438.642 67425.6
17 173.336 693.346 66737.2
7 314.971 314.971 67215.5
19 144.672 289.345 67229.1
8 1153.71 1153.71 68043.5
13 1696.24 3392.48 68698.1
4 722.604 1445.21 68201.1
11 1297.43 1297.43 68774.9
10 1316.12 2632.23 68815.7
2 438.506 877.012 68786.6
5 440.456 880.913 68314.8
12 177.053 177.053 68743.7
17 357.502 357.502 69218.5
18 538.145 538.145 69699.4
9 285.804 285.804 69647.8
14 640.672 2562.69 69994.2
6 1059.06 1059.06 70877.2
0 261.048 261.048 70123.5
1 263.299 526.599 70731.9
4 1114.27 1114.27 71530.2
5 555.124 1110.25 70992.7
10 191.355 382.711 70566.3
13 465.941 931.883 71159.9
11 453.206 453.206 71554
17 579.268 2317.07 71808.8
2 1646.2 6584.82 73324.3
9 438.543 438.543 72061.2
14 301.678 301.678 72094.5
15 501.283 501.283 72222.5
7 579.195 1158.39 72356.2
8 1320.63 5282.52 73369.6
10 1754.31 1754.31 73862.1
5 680.895 2723.58 73634.9
18 517.918 517.918 73503.5
1 662.634 1325.27 73766.5
38
6 384.016 384.016 66119.7
2 163.906 327.812 66296.8
1 136.788 273.577 66901
14 1004.25 4016.99 67650.8
16 438.642 438.642 67425.6
17 173.336 693.346 66737.2
7 314.971 314.971 67215.5
19 144.672 289.345 67229.1
8 1153.71 1153.71 68043.5
13 1696.24 3392.48 68698.1
4 722.604 1445.21 68201.1
11 1297.43 1297.43 68774.9
10 1316.12 2632.23 68815.7
5 500.302 1000.6 67873.5
0 264.774 264.774 68359.2
12 302.968 302.968 68286.3
2 369.655 369.655 68538.2
17 823.602 1647.2 69240.5
7 2856.13 11424.5 71452.8
19 419.725 839.45 69715.7
3 369.028 369.028 69324.1
14 883.053 3532.21 69832.4
5 614.417 2457.67 69967.9
6 1059.06 1059.06 70877.2
12 261.048 261.048 70123.5
8 222.951 445.901 70691.6
16 1114.02 1114.02 71530
2 555.124 1110.25 70992.7
10 191.355 382.711 70566.3
13 465.941 931.883 71159.9
11 453.206 453.206 71554
3 1676.54 1676.54 72680.5
15 526.835 526.835 72092.6
5 420.342 840.685 72010.3
12 336.306 336.306 72378.6
14 527.276 527.276 73154.1
0 1855.66 1855.66 74054.9
8 835.305 3341.22 73358.1
39
6 384.016 384.016 66119.7
2 163.906 327.812 66296.8
1 136.788 273.577 66901
14 1004.25 4016.99 67650.8
16 438.642 438.642 67425.6
17 173.336 693.346 66737.2
7 314.971 314.971 67215.5
19 144.672 289.345 67229.1
8 1153.71 1153.71 68043.5
13 1696.24 3392.48 68698.1
4 722.604 1445.21 68201.1
11 1297.43 1297.43 68774.9
10 1316.12 2632.23 68815.7
2 438.506 877.012 68786.6
5 440.456 880.913 68314.8
12 177.053 177.053 68743.7
17 357.502 357.502 69218.5
18 538.145 538.145 69699.4
9 285.804 285.804 69647.8
14 386.697 386.697 70049.5
8 2507.1 10028.4 72262.8
5 696.72 2786.88 71063.7
4 236.209 236.209 70545.5
1 372.463 372.463 70527
11 1339.64 5358.57 72227.3
12 549.038 549.038 71902.5
2 192.193 384.386 71185.7
6 727.947 727.947 72230.6
17 189.541 758.163 71419.1
14 1510.89 6043.56 73189
9 438.543 438.543 72061.2
7 393.807 393.807 72186.7
15 501.283 501.283 72222.5
13 579.195 1158.39 72356.2
1 1611.52 6446.09 73660.5
4 1754.31 1754.31 73862.1
5 805.763 3223.05 73759.8
10 517.918 517.918 73503.5
2 662.634 1325.27 73766.5
42
7 429.314 429.314 66456
2 160.277 320.555 65878.5
19 168.677 337.353 66499.4
17 920.312 920.312 66968.1
1 125.097 125.097 66440.3
10 290.821 581.642 67003.6
5 1154.09 4616.37 67472.5
8 903.794 3615.18 67438.9
16 1023.8 2047.59 67574.4
13 173.769 173.769 67073.9
11 469.742 1878.97 67615
15 310.004 310.004 67188.5
18 501.767 501.767 67717.1
12 299.328 299.328 67886.8
4 264.891 529.781 68487.4
1 483.426 483.426 69441.1
7 864.17 864.17 69381.6
0 571.952 571.952 69170.3
14 164.375 328.75 69316.4
10 320.706 320.706 69502.8
2 206.351 825.403 69427
13 823.546 1647.09 69734.6
16 631.016 631.016 70113.1
8 341.125 341.125 70136.3
12 494.121 494.121 70510.9
6 888.924 888.924 71301.8
4 441.28 441.28 71024.4
17 117.146 117.146 70765.6
15 415.498 415.498 71071.6
19 320.113 640.226 71217
11 307.532 615.065 71513.3
2 349.61 349.61 71688.9
14 326.787 326.787 71883.9
9 388.856 388.856 72737.4
16 127.884 255.768 71984.7
7 1058.67 2117.34 73402.4
8 1078.66 1078.66 76146.6
18 206.487 206.487 72815.2
13 53.297 106.594 72679.3
4 1217.76 2435.52 73660.8
12 1003.83 1003.83 73826.1
19 526.868 1053.74 73243.3
39
7 429.314 429.314 66456
2 160.277 320.555 65878.5
19 168.677 337.353 66499.4
17 920.312 920.312 66968.1
1 125.097 125.097 66440.3
10 290.821 581.642 67003.6
5 1154.09 4616.37 67472.5
8 903.794 3615.18 67438.9
16 1023.8 2047.59 67574.4
13 173.769 173.769 67073.9
11 469.742 1878.97 67615
15 310.004 310.004 67188.5
18 501.767 501.767 67717.1
2 150.13 300.26 68377.2
1 417.142 417.142 69100.2
17 545.426 2181.7 69095.5
10 814.802 814.802 69472.7
4 234.425 234.425 68999.9
11 481.101 481.101 69656.5
9 301.546 301.546 69652.2
14 349.629 349.629 69831.7
7 341.125 341.125 70136.3
0 494.121 494.121 70510.9
16 572.533 572.533 70985.4
2 441.28 441.28 71024.4
15 117.146 117.146 70765.6
4 316.809 316.809 70973
13 320.113 640.226 71217
11 327.013 654.025 71356.3
6 986.44 986.44 72482.3
14 482.296 964.592 72235.3
9 406.474 406.474 72037.9
17 601.371 1202.74 72090
12 480.921 480.921 72375.2
5 1023.26 4093.04 72769.9
19 300.013 600.026 73055.9
0 903.985 903.985 73207.6
7 1029.21 2058.43 73246
1 506.098 506.098 73446.9
28
7 862.711 862.711 66735.4
2 41.8641 83.7281 66748.9
8 1028.6 2057.21 67746.5
19 166.176 332.352 67286.3
6 630.235 630.235 67386.9
10 146.251 292.501 67212.6
18 864.512 864.512 67888.8
12 287.843 287.843 67609
0 114.359 114.359 67990.2
16 403.967 403.967 69613.5
14 1155.3 4621.2 70260.1
13 253.09 253.09 69508.6
2 182.993 365.987 70087.2
17 748.943 748.943 70088.4
0 693.947 693.947 70246.8
18 203.893 203.893 70259.5
5 493.315 1973.26 70459.1
4 276.138 276.138 70486.7
12 189.297 189.297 70535.4
10 364.277 728.554 70649.3
11 429.572 1718.29 71105.4
8 475.868 475.868 71611.7
6 340.423 340.423 71962.3
17 894.178 3576.71 72645.5
4 411.356 822.712 72364.9
1 323.674 323.674 72268.7
5 386.72 386.72 72418.5
10 414.528 414.528 73521.3
32
17 567.971 567.971 66481.6
0 135.689 135.689 66130.9
14 580.914 580.914 67207.4
12 85.1364 85.1364 66764.8
19 329.556 659.113 67313.7
1 568.027 568.027 67839.4
13 262.072 524.143 67661.2
7 829.663 1659.33 67966.4
15 310.359 310.359 68186.2
12 269.018 269.018 69478.5
17 646.293 2585.17 69751.1
11 322.621 322.621 69578.1
16 631.016 631.016 70113.1
7 341.125 341.125 70136.3
2 593.55 593.55 70610.4
6 888.924 888.924 71301.8
0 441.28 441.28 71024.4
14 117.146 117.146 70765.6
13 415.498 415.498 71071.6
1 505.837 1011.67 71402.7
10 307.532 615.065 71513.3
11 349.61 349.61 71688.9
4 228.916 228.916 71786.1
5 376.067 376.067 72724.6
16 231.462 462.925 72088.3
2 1493.84 2987.69 73837.6
8 396.776 396.776 75464.7
15 326.821 326.821 72935.5
14 161.333 322.665 72787.4
17 1243.26 2486.51 73686.3
9 314.613 314.613 73136.8
13 324.119 648.238 73040.6
38
6 384.016 384.016 66119.7
2 163.906 327.812 66296.8
1 136.788 273.577 66901
14 1004.25 4016.99 67650.8
16 438.642 438.642 67425.6
17 173.336 693.346 66737.2
7 314.971 314.971 67215.5
19 144.672 289.345 67229.1
8 1153.71 1153.71 68043.5
13 1696.24 3392.48 68698.1
4 722.604 1445.21 68201.1
11 1297.43 1297.43 68774.9
10 1316.12 2632.23 68815.7
12 299.328 299.328 67886.8
5 364.512 729.023 68587
1 475.609 475.609 69433.3
6 864.17 864.17 69381.6
0 571.952 571.952 69170.3
2 763.772 1527.54 69915.7
15 317.711 317.711 69499.8
17 648.615 2594.46 69869.2
7 995.687 1991.37 69906.7
14 386.697 386.697 70049.5
8 1185.69 4742.75 70941.4
5 647.519 2590.08 71014.5
18 236.209 236.209 70545.5
4 372.463 372.463 70527
11 1339.64 5358.57 72227.3
13 549.038 549.038 71902.5
10 192.193 384.386 71185.7
16 727.947 727.947 72230.6
1 1676.54 1676.54 72680.5
9 296.378 296.378 71862.2
2 194.043 388.087 71784
17 336.306 336.306 72378.6
0 2070.72 2070.72 74697.6
4 1855.66 1855.66 74054.9
14 720.617 2882.47 73243.4
41
6 384.016 384.016 66119.7
2 163.906 327.812 66296.8
1 136.788 273.577 66901
14 1004.25 4016.99 67650.8
16 438.642 438.642 67425.6
17 173.336 693.346 66737.2
7 314.971 314.971 67215.5
19 144.672 289.345 67229.1
8 1153.71 1153.71 68043.5
13 1696.24 3392.48 68698.1
4 722.604 1445.21 68201.1
11 1297.43 1297.43 68774.9
10 1316.12 2632.23 68815.7
2 438.506 877.012 68786.6
5 440.456 880.913 68314.8
12 177.053 177.053 68743.7
17 357.502 357.502 69218.5
18 538.145 538.145 69699.4
9 285.804 285.804 69647.8
14 446.324 1785.3 70220
5 782.105 3128.42 71050
1 1695.48 3390.95 71699.8
4 107.492 214.983 70163.5
6 342.419 342.419 70724.8
10 471.347 942.693 71385.2
2 1484.09 2968.18 72314.9
11 684.116 1368.23 71745.6
17 1513.93 3027.87 72776.3
12 259.217 259.217 71630.3
7 997.249 1994.5 72203
8 351.59 351.59 71690.9
15 357.674 357.674 71914.8
3 605.309 605.309 72953.8
4 601.683 1203.37 72458.5
13 1644.58 3289.15 73988.3
18 1078.66 1078.66 76146.6
6 326.821 326.821 72935.5
14 586.488 1172.98 73212.5
5 733.058 1466.12 73176.1
9 439.484 439.484 73261.7
16 727.343 1454.69 73443.8
32
17 567.971 567.971 66481.6
0 135.689 135.689 66130.9
14 580.914 580.914 67207.4
12 85.1364 85.1364 66764.8
19 329.556 659.113 67313.7
1 568.027 568.027 67839.4
13 262.072 524.143 67661.2
7 829.663 1659.33 67966.4
15 310.359 310.359 68186.2
12 269.018 269.018 69478.5
17 646.293 2585.17 69751.1
11 322.621 322.621 69578.1
13 243.852 243.852 69906.7
2 286.488 1145.95 70042.2
14 258.165 1032.66 70625.2
15 236.209 236.209 70545.5
1 372.463 372.463 70527
8 1237.99 4951.96 72125.6
16 415.447 415.447 71768.9
19 192.193 384.386 71185.7
7 727.947 727.947 72230.6
5 489.097 1956.39 71718.6
17 1058.82 4235.27 72736.9
13 511.915 511.915 72134.6
11 252.989 252.989 72045.9
3 181.447 181.447 71902.6
2 982.746 1965.49 72759.8
1 1611.52 6446.09 73660.5
6 453.065 453.065 72560.8
14 1531.1 6124.39 74485.1
15 1267.88 1267.88 74253.5
10 316.391 632.781 73420.3
39
6 384.016 384.016 66119.7
2 163.906 327.812 66296.8
1 136.788 273.577 66901
14 1004.25 4016.99 67650.8
16 438.642 438.642 67425.6
17 173.336 693.346 66737.2
7 314.971 314.971 67215.5
19 144.672 289.345 67229.1
8 1153.71 1153.71 68043.5
13 1696.24 3392.48 68698.1
4 722.604 1445.21 68201.1
11 1297.43 1297.43 68774.9
10 1316.12 2632.23 68815.7
2 150.13 300.26 68377.2
17 417.142 417.142 69100.2
5 519.48 2077.92 69069.6
1 814.802 814.802 69472.7
9 309.414 309.414 69074.9
15 396.508 396.508 69571.9
12 416.164 416.164 69766.9
14 631.016 631.016 70113.1
6 341.125 341.125 70136.3
0 494.121 494.121 70510.9
2 1285.66 1285.66 71698.5
8 441.28 441.28 71024.4
4 266.351 266.351 70914.8
10 105.868 105.868 70762
11 271.757 543.514 71168.6
1 238.587 477.175 71267.9
13 1091.45 1091.45 72587.3
5 482.296 964.592 72235.3
12 406.474 406.474 72037.9
7 786.482 1572.96 72275.2
9 656.768 656.768 72551.1
14 636.541 2546.16 72383.2
16 454.695 909.39 73210.5
15 503.947 503.947 72807.5
10 850.185 1700.37 73066.9
6 506.098 506.098 73446.9
34
7 862.711 862.711 66735.4
2 41.8641 83.7281 66748.9
8 1028.6 2057.21 67746.5
19 166.176 332.352 67286.3
6 630.235 630.235 67386.9
10 146.251 292.501 67212.6
18 864.512 864.512 67888.8
12 287.843 287.843 67609
0 114.359 114.359 67990.2
16 403.967 403.967 69613.5
14 1155.3 4621.2 70260.1
13 253.09 253.09 69508.6
2 182.993 365.987 70087.2
17 748.943 748.943 70088.4
0 693.947 693.947 70246.8
18 203.893 203.893 70259.5
5 493.315 1973.26 70459.1
4 276.138 276.138 70486.7
12 189.297 189.297 70535.4
10 364.277 728.554 70649.3
11 429.572 1718.29 71105.4
8 475.868 475.868 71611.7
1 480.98 961.96 71686.7
13 349.61 349.61 71688.9
15 357.674 357.674 71914.8
9 388.856 388.856 72737.4
17 127.884 255.768 71984.7
7 1058.67 2117.34 73402.4
6 1078.66 1078.66 76146.6
5 145.064 145.064 72753.7
4 53.297 106.594 72679.3
2 1243.26 2486.51 73686.3
11 439.484 439.484 73261.7
10 495.919 991.838 73212.4
43
6 384.016 384.016 66119.7
2 163.906 327.812 66296.8
1 136.788 273.577 66901
14 1004.25 4016.99 67650.8
16 438.642 438.642 67425.6
17 173.336 693.346 66737.2
7 314.971 314.971 67215.5
19 144.672 289.345 67229.1
8 1153.71 1153.71 68043.5
13 1696.24 3392.48 68698.1
4 722.604 1445.21 68201.1
11 1297.43 1297.43 68774.9
10 1316.12 2632.23 68815.7
12 299.328 299.328 67886.8
5 364.512 729.023 68587
1 475.609 475.609 69433.3
6 864.17 864.17 69381.6
0 571.952 571.952 69170.3
2 763.772 1527.54 69915.7
15 317.711 317.711 69499.8
17 648.615 2594.46 69869.2
7 995.687 1991.37 69906.7
19 245.346 490.692 70149.5
18 759.43 759.43 70098.9
14 816.215 816.215 70369.1
8 203.893 203.893 70259.5
5 838.446 3353.78 70804.2
9 325.681 325.681 70536.2
4 314.141 314.141 70660.2
11 635.438 1270.88 70920.4
0 1129.3 4517.21 71805.1
10 475.868 475.868 71611.7
17 644.771 2579.08 71874.3
2 1269.38 5077.53 72947.5
3 800.719 800.719 72423.4
13 252.989 252.989 72045.9
7 604.492 604.492 72325.7
1 579.195 1158.39 72356.2
8 1320.63 5282.52 73369.6
18 1719.18 1719.18 73826.9
14 299.539 1198.15 73253.6
16 517.918 517.918 73503.5
5 208.789 417.578 73312.7
33
17 567.971 567.971 66481.6
0 135.689 135.689 66130.9
14 580.914 580.914 67207.4
12 85.1364 85.1364 66764.8
19 329.556 659.113 67313.7
1 568.027 568.027 67839.4
13 262.072 524.143 67661.2
7 829.663 1659.33 67966.4
3 183.29 183.29 67770.8
2 119.111 238.221 68341.6
0 483.426 483.426 69441.1
17 864.17 864.17 69381.6
12 603.936 603.936 69202.3
11 236.961 473.923 69388.9
15 317.711 317.711 69499.8
5 467.178 1868.71 69687.8
10 311.195 622.391 69222.2
14 322.305 1289.22 70096
2 494.028 1976.11 70762
7 174.303 348.607 70178.6
1 107.492 214.983 70163.5
6 565.149 565.149 70947.6
8 683.747 1367.49 71597.6
19 1484.09 2968.18 72314.9
4 284.409 568.817 71345.9
17 1077.1 2154.19 72339.5
10 223.156 223.156 71594.2
0 340.423 340.423 71962.3
11 466.258 1865.03 72217.6
16 635.411 1270.82 72589
5 400.96 400.96 72346
3 386.72 386.72 72418.5
6 515.019 515.019 73621.8
33
17 567.971 567.971 66481.6
0 135.689 135.689 66130.9
14 580.914 580.914 67207.4
12 85.1364 85.1364 66764.8
19 329.556 659.113 67313.7
1 568.027 568.027 67839.4
13 262.072 524.143 67661.2
7 829.663 1659.33 67966.4
15 310.359 310.359 68186.2
12 269.018 269.018 69478.5
17 646.293 2585.17 69751.1
11 322.621 322.621 69578.1
14 157.793 631.173 69511.3
6 931.894 931.894 70750
2 269.501 269.501 70131.9
13 222.951 445.901 70691.6
7 678.332 678.332 71094.3
10 163.248 326.497 70600.8
8 932.724 1865.45 71307.7
1 1346.53 2693.06 72040.4
16 453.206 453.206 71554
4 412.238 824.476 71618
0 349.61 349.61 71688.9
9 241.28 241.28 71798.4
5 376.067 376.067 72724.6
11 127.884 255.768 71984.7
2 1493.84 2987.69 73837.6
12 1078.66 1078.66 76146.6
6 323.651 323.651 72932.3
10 53.297 106.594 72679.3
13 1217.76 2435.52 73660.8
15 1003.83 1003.83 73826.1
8 526.868 1053.74 73243.3
41
7 862.999 862.999 66774.5
16 108.308 216.617 66085.3
2 129.403 517.611 66581.2
17 659.925 2639.7 67408.7
15 349.949 349.949 66532.3
13 217.206 217.206 66722.9
1 215.929 431.858 66423.8
19 497.788 497.788 66777.4
4 378.607 757.214 66892.3
14 309.079 309.079 66976.2
10 301.27 602.54 67674.4
18 195.733 195.733 68290.2
12 302.968 302.968 68286.3
0 369.655 369.655 68538.2
4 472.436 944.871 68889.3
14 204.495 817.978 68801.2
1 419.725 839.45 69715.7
11 288.154 288.154 69243.3
2 936.154 3744.61 69885.5
17 505.115 2020.46 70278.8
5 377.796 1511.18 70645.7
7 174.303 348.607 70178.6
19 107.492 214.983 70163.5
6 565.149 565.149 70947.6
8 683.747 1367.49 71597.6
11 1485.06 2970.11 72315.8
4 546.2 1092.4 71607.6
13 1513.93 3027.87 72776.3
10 223.156 223.156 71594.2
14 824.642 1649.28 72030.4
15 349.61 349.61 71688.9
3 425.754 425.754 71982.9
9 388.856 388.856 72737.4
16 398.393 796.787 72255.2
2 1058.67 2117.34 73402.4
7 1078.66 1078.66 76146.6
12 145.064 145.064 72753.7
5 395.542 791.083 73021.6
17 1243.26 2486.51 73686.3
0 562.079 562.079 73384.3
1 727.343 1454.69 73443.8
29
17 567.971 567.971 66481.6
0 135.689 135.689 66130.9
14 580.914 580.914 67207.4
12 85.1364 85.1364 66764.8
19 329.556 659.113 67313.7
1 568.027 568.027 67839.4
13 262.072 524.143 67661.2
7 829.663 1659.33 67966.4
2 208.95 417.899 68436
0 417.142 417.142 69100.2
11 478.575 1914.3 69028.7
12 814.802 814.802 69472.7
3 128.952 128.952 68894.4
15 396.508 396.508 69571.9
4 248.223 248.223 69598.9
1 631.016 631.016 70113.1
17 341.125 341.125 70136.3
13 658.604 658.604 70675.4
6 888.924 888.924 71301.8
2 441.28 441.28 71024.4
11 117.146 117.146 70765.6
3 316.809 316.809 70973
7 320.113 640.226 71217
0 340.423 340.423 71962.3
5 718.634 2874.54 72469.9
10 242.65 485.301 72196.2
16 191.627 191.627 72136.6
15 487.702 487.702 72519.5
13 414.528 414.528 73521.3
33
7 862.999 862.999 66774.5
16 108.308 216.617 66085.3
2 129.403 517.611 66581.2
17 659.925 2639.7 67408.7
15 349.949 349.949 66532.3
13 217.206 217.206 66722.9
1 215.929 431.858 66423.8
19 497.788 497.788 66777.4
4 378.607 757.214 66892.3
14 309.079 309.079 66976.2
10 398.672 797.345 68625.8
1 417.142 417.142 69100.2
11 478.575 1914.3 69028.7
2 814.802 814.802 69472.7
5 274.02 274.02 69039.5
12 601.972 601.972 69777.4
9 301.546 301.546 69652.2
14 322.305 1289.22 70096
17 1208.19 4832.77 71476.1
7 174.303 348.607 70178.6
19 107.492 214.983 70163.5
6 565.149 565.149 70947.6
8 683.747 1367.49 71597.6
1 315.826 631.652 71146.6
5 546.2 1092.4 71607.6
2 1077.1 2154.19 72339.5
10 256.775 256.775 71627.8
4 2012.86 2012.86 73634.7
11 894.178 3576.71 72645.5
13 869.94 1739.88 72823.5
12 400.96 400.96 72346
0 386.72 386.72 72418.5
6 515.019 515.019 73621.8
34
7 862.711 862.711 66735.4
2 41.8641 83.7281 66748.9
8 1028.6 2057.21 67746.5
19 166.176 332.352 67286.3
6 630.235 630.235 67386.9
10 146.251 292.501 67212.6
18 864.512 864.512 67888.8
12 287.843 287.843 67609
17 526.183 1052.37 68874.3
4 353.653 707.306 68228
0 276.193 276.193 68842.8
1 244.034 244.034 69105
16 426.526 426.526 69587.8
5 252.661 252.661 69614.6
14 349.629 349.629 69831.7
7 341.125 341.125 70136.3
4 494.121 494.121 70510.9
8 572.533 572.533 70985.4
2 441.28 441.28 71024.4
1 117.146 117.146 70765.6
15 208.017 208.017 70864.2
10 139.865 279.73 71036.7
13 481.138 962.275 71686.9
0 349.61 349.61 71688.9
11 56.2088 56.2088 71613.4
9 388.856 388.856 72737.4
14 127.884 255.768 71984.7
7 1058.67 2117.34 73402.4
16 1078.66 1078.66 76146.6
4 326.821 326.821 72935.5
10 161.333 322.665 72787.4
5 1031.12 2062.24 73474.1
12 562.079 562.079 73384.3
19 526.868 1053.74 73243.3
37
7 862.999 862.999 66774.5
16 108.308 216.617 66085.3
2 129.403 517.611 66581.2
17 659.925 2639.7 67408.7
15 349.949 349.949 66532.3
13 217.206 217.206 66722.9
1 215.929 431.858 66423.8
19 497.788 497.788 66777.4
4 378.607 757.214 66892.3
14 309.079 309.079 66976.2
16 492.088 984.176 68840.2
10 241.046 482.093 68115.4
12 177.053 177.053 68743.7
1 357.502 357.502 69218.5
2 538.145 538.145 69699.4
5 252.661 252.661 69614.6
14 157.793 631.173 69511.3
6 931.894 931.894 70750
10 261.048 261.048 70123.5
4 222.951 445.901 70691.6
7 678.332 678.332 71094.3
11 482.534 965.069 70920.1
8 932.724 1865.45 71307.7
13 1340.05 2680.11 72034
1 784.445 784.445 71885.2
5 590.009 1180.02 71795.8
12 349.61 349.61 71688.9
3 425.754 425.754 71982.9
9 388.856 388.856 72737.4
10 398.393 796.787 72255.2
2 1058.67 2117.34 73402.4
4 1078.66 1078.66 76146.6
11 145.064 145.064 72753.7
17 406.887 813.774 73032.9
14 1377.24 2754.48 73820.3
6 502.399 502.399 73324.6
8 526.868 1053.74 73243.3
31
7 862.711 862.711 66735.4
2 41.8641 83.7281 66748.9
8 1028.6 2057.21 67746.5
19 166.176 332.352 67286.3
6 630.235 630.235 67386.9
10 146.251 292.501 67212.6
18 864.512 864.512 67888.8
12 287.843 287.843 67609
4 404.193 808.386 67777.4
0 264.774 264.774 68359.2
13 482.97 482.97 68466.3
1 485.244 485.244 68653.8
5 483.942 967.883 68900.8
11 338.613 1354.45 68935.3
2 419.725 839.45 69715.7
16 177.305 177.305 69132.4
17 948.76 3795.04 69898.1
14 349.629 349.629 69831.7
6 341.125 341.125 70136.3
4 494.121 494.121 70510.9
7 572.533 572.533 70985.4
8 441.28 441.28 71024.4
16 117.146 117.146 70765.6
1 316.809 316.809 70973
5 139.865 279.73 71036.7
17 340.423 340.423 71962.3
14 209.971 839.885 71961.3
10 411.356 822.712 72364.9
15 361.565 361.565 72306.6
12 386.72 386.72 72418.5
13 414.528 414.528 73521.3
37
6 384.016 384.016 66119.7
2 163.906 327.812 66296.8
1 136.788 273.577 66901
14 1004.25 4016.99 67650.8
16 438.642 438.642 67425.6
17 173.336 693.346 66737.2
7 314.971 314.971 67215.5
19 144.672 289.345 67229.1
8 1153.71 1153.71 68043.5
13 1696.24 3392.48 68698.1
4 722.604 1445.21 68201.1
11 1297.43 1297.43 68774.9
10 1316.12 2632.23 68815.7
2 114.359 114.359 67990.2
18 269.018 269.018 69478.5
17 1201.88 4807.53 70306.7
15 181.47 181.47 69437
14 631.016 631.016 70113.1
6 341.125 341.125 70136.3
0 494.121 494.121 70510.9
8 572.533 572.533 70985.4
2 441.28 441.28 71024.4
1 266.351 266.351 70914.8
12 297.558 297.558 70953.7
4 320.113 640.226 71217
5 506.823 1013.65 71712.6
18 349.61 349.61 71688.9
3 425.754 425.754 71982.9
9 388.856 388.856 72737.4
11 127.884 255.768 71984.7
10 1058.67 2117.34 73402.4
13 1078.66 1078.66 76146.6
15 206.487 206.487 72815.2
2 395.542 791.083 73021.6
14 942.448 1884.9 73385.5
4 502.399 502.399 73324.6
17 526.868 1053.74 73243.3
35
7 429.314 429.314 66456
2 160.277 320.555 65878.5
19 168.677 337.353 66499.4
17 920.312 920.312 66968.1
1 125.097 125.097 66440.3
10 290.821 581.642 67003.6
5 1154.09 4616.37 67472.5
8 903.794 3615.18 67438.9
16 1023.8 2047.59 67574.4
13 173.769 173.769 67073.9
11 469.742 1878.97 67615
15 310.004 310.004 67188.5
18 501.767 501.767 67717.1
2 438.506 877.012 68786.6
4 353.653 707.306 68228
12 177.053 177.053 68743.7
1 357.502 357.502 69218.5
14 521.79 521.79 69683.1
9 285.804 285.804 69647.8
8 95.5055 382.022 69449
6 931.894 931.894 70750
4 261.048 261.048 70123.5
5 222.951 445.901 70691.6
7 678.332 678.332 71094.3
11 482.534 965.069 70920.1
2 1586.32 3172.65 71961.3
10 1340.05 2680.11 72034
1 784.445 784.445 71885.2
12 1676.54 1676.54 72680.5
9 442.435 442.435 72008.2
4 631.119 1262.24 72221.1
13 336.306 336.306 72378.6
14 527.276 527.276 73154.1
5 1855.66 1855.66 74054.9
17 710.728 2842.91 73233.5
35
7 862.711 862.711 66735.4
2 41.8641 83.7281 66748.9
8 1028.6 2057.21 67746.5
19 166.176 332.352 67286.3
6 630.235 630.235 67386.9
10 146.251 292.501 67212.6
18 864.512 864.512 67888.8
12 287.843 287.843 67609
17 526.183 1052.37 68874.3
4 353.653 707.306 68228
0 276.193 276.193 68842.8
1 244.034 244.034 69105
16 426.526 426.526 69587.8
5 252.661 252.661 69614.6
2 322.305 1289.22 70096
11 208.147 832.587 70476.1
7 174.303 348.607 70178.6
19 127.75 255.5 70183.8
8 342.419 342.419 70724.8
14 1937.87 3875.75 72851.7
17 1484.09 2968.18 72314.9
4 546.2 1092.4 71607.6
16 1077.1 2154.19 72339.5
12 223.156 223.156 71594.2
1 327.013 654.025 71356.3
5 1316.56 1316.56 72812.4
10 235.048 470.097 71988
9 243.809 243.809 71875.2
13 394.045 788.09 71882.7
15 532.88 532.88 72427.2
2 2461.39 9845.57 74208
7 300.013 600.026 73055.9
19 503.947 503.947 72807.5
11 778.851 1557.7 72995.6
8 506.098 506.098 73446.9
31
7 862.711 862.711 66735.4
2 41.8641 83.7281 66748.9
8 1028.6 2057.21 67746.5
19 166.176 332.352 67286.3
6 630.235 630.235 67386.9
10 146.251 292.501 67212.6
18 864.512 864.512 67888.8
12 287.843 287.843 67609
0 114.359 114.359 67990.2
16 403.967 403.967 69613.5
14 1155.3 4621.2 70260.1
13 253.09 253.09 69508.6
11 623.235 623.235 70105.3
6 341.125 341.125 70136.3
10 494.121 494.121 70510.9
7 572.533 572.533 70985.4
0 441.28 441.28 71024.4
8 117.146 117.146 70765.6
15 208.017 208.017 70864.2
1 153.033 306.067 71049.9
2 327.013 654.025 71356.3
16 1091.45 1091.45 72587.3
4 360.445 720.891 72113.4
5 226.871 226.871 71858.3
13 601.371 1202.74 72090
3 234.101 234.101 72128.4
11 800.177 3200.71 72546.8
19 300.013 600.026 73055.9
10 738.176 738.176 73041.8
8 1029.21 2058.43 73246
6 506.098 506.098 73446.9
31
7 862.999 862.999 66774.5
16 108.308 216.617 66085.3
2 129.403 517.611 66581.2
17 659.925 2639.7 67408.7
15 349.949 349.949 66532.3
13 217.206 217.206 66722.9
1 215.929 431.858 66423.8
19 497.788 497.788 66777.4
4 378.607 757.214 66892.3
14 309.079 309.079 66976.2
12 225.748 225.748 68101.6
2 269.018 269.018 69478.5
14 1201.88 4807.53 70306.7
11 322.621 322.621 69578.1
17 438.328 1753.31 70212
5 377.796 1511.18 70645.7
7 174.303 348.607 70178.6
19 107.492 214.983 70163.5
6 565.149 565.149 70947.6
8 683.747 1367.49 71597.6
1 1485.06 2970.11 72315.8
10 154.774 309.548 71216.2
2 1077.1 2154.19 72339.5
4 259.217 259.217 71630.3
11 1676.54 1676.54 72680.5
9 296.378 296.378 71862.2
13 631.119 1262.24 72221.1
12 336.306 336.306 72378.6
7 527.276 527.276 73154.1
19 1855.66 1855.66 74054.9
14 710.728 2842.91 73233.5
41
6 384.016 384.016 66119.7
2 163.906 327.812 66296.8
1 136.788 273.577 66901
14 1004.25 4016.99 67650.8
16 438.642 438.642 67425.6
17 173.336 693.346 66737.2
7 314.971 314.971 67215.5
19 144.672 289.345 67229.1
8 1153.71 1153.71 68043.5
13 1696.24 3392.48 68698.1
4 722.604 1445.21 68201.1
11 1297.43 1297.43 68774.9
10 1316.12 2632.23 68815.7
2 150.13 300.26 68377.2
17 417.142 417.142 69100.2
5 519.48 2077.92 69069.6
1 814.802 814.802 69472.7
9 309.414 309.414 69074.9
15 396.508 396.508 69571.9
12 416.164 416.164 69766.9
14 640.672 2562.69 69994.2
6 1059.06 1059.06 70877.2
3 331.679 331.679 70194.1
2 222.951 445.901 70691.6
8 1114.02 1114.02 71530
11 526.038 1052.08 70963.6
13 191.355 382.711 70566.3
10 1340.05 2680.11 72034
1 453.206 453.206 71554
5 824.642 1649.28 72030.4
18 349.61 349.61 71688.9
15 476.641 476.641 72033.8
0 813.572 813.572 73162.1
13 398.393 796.787 72255.2
17 1058.67 2117.34 73402.4
2 1078.66 1078.66 76146.6
11 145.064 145.064 72753.7
4 586.488 1172.98 73212.5
7 1377.24 2754.48 73820.3
12 439.484 439.484 73261.7
14 727.343 1454.69 73443.8
42
7 429.314 429.314 66456
2 160.277 320.555 65878.5
19 168.677 337.353 66499.4
17 920.312 920.312 66968.1
1 125.097 125.097 66440.3
10 290.821 581.642 67003.6
5 1154.09 4616.37 67472.5
8 903.794 3615.18 67438.9
16 1023.8 2047.59 67574.4
13 173.769 173.769 67073.9
11 469.742 1878.97 67615
15 310.004 310.004 67188.5
18 501.767 501.767 67717.1
12 299.328 299.328 67886.8
4 264.891 529.781 68487.4
1 483.426 483.426 69441.1
7 864.17 864.17 69381.6
0 571.952 571.952 69170.3
14 164.375 328.75 69316.4
10 320.706 320.706 69502.8
2 206.351 825.403 69427
13 823.546 1647.09 69734.6
16 631.016 631.016 70113.1
8 341.125 341.125 70136.3
12 494.121 494.121 70510.9
6 888.924 888.924 71301.8
4 441.28 441.28 71024.4
17 117.146 117.146 70765.6
15 415.498 415.498 71071.6
19 320.113 640.226 71217
11 307.532 615.065 71513.3
2 349.61 349.61 71688.9
14 326.787 326.787 71883.9
9 388.856 388.856 72737.4
16 127.884 255.768 71984.7
7 1058.67 2117.34 73402.4
8 1078.66 1078.66 76146.6
18 206.487 206.487 72815.2
13 53.297 106.594 72679.3
4 1217.76 2435.52 73660.8
12 1003.83 1003.83 73826.1
19 526.868 1053.74 73243.3
27
17 567.971 567.971 66481.6
0 135.689 135.689 66130.9
14 580.914 580.914 67207.4
12 85.1364 85.1364 66764.8
19 329.556 659.113 67313.7
1 568.027 568.027 67839.4
13 262.072 524.143 67661.2
7 829.663 1659.33 67966.4
15 310.359 310.359 68186.2
12 269.018 269.018 69478.5
17 646.293 2585.17 69751.1
11 322.621 322.621 69578.1
13 243.852 243.852 69906.7
2 286.488 1145.95 70042.2
14 258.165 1032.66 70625.2
15 236.209 236.209 70545.5
1 372.463 372.463 70527
8 1237.99 4951.96 72125.6
16 415.447 415.447 71768.9
19 192.193 384.386 71185.7
7 727.947 727.947 72230.6
17 340.423 340.423 71962.3
5 718.634 2874.54 72469.9
10 242.65 485.301 72196.2
0 400.96 400.96 72346
4 369.657 369.657 72401.5
2 414.528 414.528 73521.3
32
7 862.711 862.711 66735.4
2 41.8641 83.7281 66748.9
8 1028.6 2057.21 67746.5
19 166.176 332.352 67286.3
6 630.235 630.235 67386.9
10 146.251 292.501 67212.6
18 864.512 864.512 67888.8
12 287.843 287.843 67609
0 114.359 114.359 67990.2
16 403.967 403.967 69613.5
14 1155.3 4621.2 70260.1
13 253.09 253.09 69508.6
11 623.235 623.235 70105.3
6 341.125 341.125 70136.3
10 494.121 494.121 70510.9
7 572.533 572.533 70985.4
0 441.28 441.28 71024.4
8 117.146 117.146 70765.6
15 208.017 208.017 70864.2
1 153.033 306.067 71049.9
4 412.238 824.476 71618
2 349.61 349.61 71688.9
9 241.28 241.28 71798.4
5 376.067 376.067 72724.6
11 127.884 255.768 71984.7
16 1058.67 2117.34 73402.4
6 1078.66 1078.66 76146.6
10 206.487 206.487 72815.2
13 406.887 813.774 73032.9
7 1217.76 2435.52 73660.8
12 562.079 562.079 73384.3
1 526.868 1053.74 73243.3
37
17 567.971 567.971 66481.6
0 135.689 135.689 66130.9
14 580.914 580.914 67207.4
12 85.1364 85.1364 66764.8
19 329.556 659.113 67313.7
1 568.027 568.027 67839.4
13 262.072 524.143 67661.2
7 829.663 1659.33 67966.4
2 138.867 277.735 67512
18 195.733 195.733 68290.2
10 295.347 295.347 68278.7
4 412.854 412.854 68581.4
5 483.942 967.883 68900.8
11 338.613 1354.45 68935.3
14 419.725 839.45 69715.7
16 177.305 177.305 69132.4
17 859.787 3439.15 69809.1
2 614.417 2457.67 69967.9
6 931.894 931.894 70750
19 215.9 215.9 70078.3
13 222.951 445.901 70691.6
7 678.332 678.332 71094.3
4 555.124 1110.25 70992.7
8 932.724 1865.45 71307.7
11 1340.05 2680.11 72034
15 575.685 575.685 71676.5
16 327.013 654.025 71356.3
17 1091.45 1091.45 72587.3
5 235.048 470.097 71988
9 243.809 243.809 71875.2
10 630.114 1260.23 72118.8
0 1081.86 1081.86 72976.2
2 1023.26 4093.04 72769.9
19 300.013 600.026 73055.9
6 648.856 648.856 72952.5
1 1029.21 2058.43 73246
13 506.098 506.098 73446.9
37
7 862.999 862.999 66774.5
16 108.308 216.617 66085.3
2 129.403 517.611 66581.2
17 659.925 2639.7 67408.7
15 349.949 349.949 66532.3
13 217.206 217.206 66722.9
1 215.929 431.858 66423.8
19 497.788 497.788 66777.4
4 378.607 757.214 66892.3
14 309.079 309.079 66976.2
16 492.088 984.176 68840.2
10 241.046 482.093 68115.4
12 177.053 177.053 68743.7
1 357.502 357.502 69218.5
2 538.145 538.145 69699.4
5 252.661 252.661 69614.6
4 182.993 365.987 70087.2
19 748.943 748.943 70088.4
13 693.947 693.947 70246.8
15 203.893 203.893 70259.5
11 581.292 2325.17 70547
9 325.681 325.681 70536.2
10 189.297 189.297 70535.4
16 635.438 1270.88 70920.4
14 1002.84 4011.37 71678.7
12 475.868 475.868 71611.7
1 327.013 654.025 71356.3
6 986.44 986.44 72482.3
5 508.393 1016.79 72261.4
0 625.54 625.54 72256.9
2 601.371 1202.74 72090
4 703.912 703.912 72598.2
17 847.451 3389.8 72594.1
10 300.013 600.026 73055.9
13 503.947 503.947 72807.5
11 391.307 782.615 72608.1
7 506.098 506.098 73446.9
31
7 862.999 862.999 66774.5
16 108.308 216.617 66085.3
2 129.403 517.611 66581.2
17 659.925 2639.7 67408.7
15 349.949 349.949 66532.3
13 217.206 217.206 66722.9
1 215.929 431.858 66423.8
19 497.788 497.788 66777.4
4 378.607 757.214 66892.3
14 309.079 309.079 66976.2
16 492.088 984.176 68840.2
10 241.046 482.093 68115.4
12 177.053 177.053 68743.7
1 357.502 357.502 69218.5
2 538.145 538.145 69699.4
5 252.661 252.661 69614.6
13 243.852 243.852 69906.7
11 477.367 1909.47 70233
14 258.165 1032.66 70625.2
10 233.224 233.224 70542.6
19 372.463 372.463 70527
8 1237.99 4951.96 72125.6
12 415.447 415.447 71768.9
1 100.895 201.79 71094.4
7 727.947 727.947 72230.6
2 340.423 340.423 71962.3
5 518.277 2073.11 72269.6
11 411.356 822.712 72364.9
4 400.96 400.96 72346
0 386.72 386.72 72418.5
15 515.019 515.019 73621.8
37
7 862.999 862.999 66774.5
16 108.308 216.617 66085.3
2 129.403 517.611 66581.2
17 659.925 2639.7 67408.7
15 349.949 349.949 66532.3
13 217.206 217.206 66722.9
1 215.929 431.858 66423.8
19 497.788 497.788 66777.4
4 378.607 757.214 66892.3
14 309.079 309.079 66976.2
16 492.088 984.176 68840.2
10 241.046 482.093 68115.4
12 177.053 177.053 68743.7
1 357.502 357.502 69218.5
2 538.145 538.145 69699.4
5 252.661 252.661 69614.6
13 243.852 243.852 69906.7
11 477.367 1909.47 70233
14 258.165 1032.66 70625.2
10 233.224 233.224 70542.6
19 372.463 372.463 70527
8 1237.99 4951.96 72125.6
12 415.447 415.447 71768.9
1 100.895 201.79 71094.4
7 727.947 727.947 72230.6
5 590.009 1180.02 71795.8
4 349.61 349.61 71688.9
3 425.754 425.754 71982.9
9 388.856 388.856 72737.4
10 127.884 255.768 71984.7
2 1058.67 2117.34 73402.4
6 883.123 883.123 75951.1
11 145.064 145.064 72753.7
19 161.333 322.665 72787.4
14 1217.76 2435.52 73660.8
0 562.079 562.079 73384.3
17 526.868 1053.74 73243.3
38
7 862.999 862.999 66774.5
16 108.308 216.617 66085.3
2 129.403 517.611 66581.2
17 659.925 2639.7 67408.7
15 349.949 349.949 66532.3
13 217.206 217.206 66722.9
1 215.929 431.858 66423.8
19 497.788 497.788 66777.4
4 378.607 757.214 66892.3
14 309.079 309.079 66976.2
10 398.672 797.345 68625.8
1 417.142 417.142 69100.2
11 478.575 1914.3 69028.7
2 814.802 814.802 69472.7
5 274.02 274.02 69039.5
12 601.972 601.972 69777.4
9 301.546 301.546 69652.2
4 182.993 365.987 70087.2
17 748.943 748.943 70088.4
13 693.947 693.947 70246.8
15 203.893 203.893 70259.5
14 838.446 3353.78 70804.2
0 583.641 583.641 70794.2
10 314.141 314.141 70660.2
16 823.546 1647.09 71108.6
5 562.897 2251.59 71238.7
1 475.868 475.868 71611.7
11 312.598 625.196 71341.9
6 986.44 986.44 72482.3
2 690.297 1380.59 72443.3
9 232.672 232.672 71864.1
19 786.482 1572.96 72275.2
12 680.388 680.388 72574.7
17 847.451 3389.8 72594.1
4 300.013 600.026 73055.9
13 503.947 503.947 72807.5
14 391.307 782.615 72608.1
7 506.098 506.098 73446.9
36
7 862.999 862.999 66774.5
16 108.308 216.617 66085.3
2 129.403 517.611 66581.2
17 659.925 2639.7 67408.7
15 349.949 349.949 66532.3
13 217.206 217.206 66722.9
1 215.929 431.858 66423.8
19 497.788 497.788 66777.4
4 378.607 757.214 66892.3
14 309.079 309.079 66976.2
16 492.088 984.176 68840.2
10 241.046 482.093 68115.4
12 177.053 177.053 68743.7
1 357.502 357.502 69218.5
2 538.145 538.145 69699.4
5 252.661 252.661 69614.6
13 243.852 243.852 69906.7
11 477.367 1909.47 70233
14 258.165 1032.66 70625.2
10 233.224 233.224 70542.6
19 372.463 372.463 70527
8 1237.99 4951.96 72125.6
12 415.447 415.447 71768.9
1 100.895 201.79 71094.4
7 727.947 727.947 72230.6
5 456.808 1827.23 71686.3
2 1058.82 4235.27 72736.9
9 655.819 655.819 72278.5
15 252.989 252.989 72045.9
0 604.492 604.492 72325.7
13 579.195 1158.39 72356.2
11 998.63 3994.52 73047.6
6 453.065 453.065 72560.8
17 261.091 1044.36 73215.1
14 517.918 517.918 73503.5
1 300.145 600.291 73404
43
6 384.016 384.016 66119.7
2 163.906 327.812 66296.8
1 136.788 273.577 66901
14 1004.25 4016.99 67650.8
16 438.642 438.642 67425.6
17 173.336 693.346 66737.2
7 314.971 314.971 67215.5
19 144.672 289.345 67229.1
8 1153.71 1153.71 68043.5
13 1696.24 3392.48 68698.1
4 722.604 1445.21 68201.1
11 1297.43 1297.43 68774.9
10 1316.12 2632.23 68815.7
5 500.302 1000.6 67873.5
0 264.774 264.774 68359.2
12 302.968 302.968 68286.3
2 369.655 369.655 68538.2
17 823.602 1647.2 69240.5
7 2856.13 11424.5 71452.8
19 419.725 839.45 69715.7
3 369.028 369.028 69324.1
14 883.053 3532.21 69832.4
5 614.417 2457.67 69967.9
6 1059.06 1059.06 70877.2
12 261.048 261.048 70123.5
8 222.951 445.901 70691.6
16 1114.02 1114.02 71530
2 555.124 1110.25 70992.7
10 191.355 382.711 70566.3
13 465.941 931.883 71159.9
11 453.206 453.206 71554
17 365.261 730.522 71571
3 349.61 349.61 71688.9
15 357.674 357.674 71914.8
9 388.856 388.856 72737.4
5 246.276 492.551 72103.1
14 1058.67 2117.34 73402.4
8 1078.66 1078.66 76146.6
12 206.487 206.487 72815.2
2 53.297 106.594 72679.3
10 1243.26 2486.51 73686.3
6 732.93 732.93 73555.2
1 727.343 1454.69 73443.8
38
17 567.971 567.971 66481.6
0 135.689 135.689 66130.9
14 580.914 580.914 67207.4
12 85.1364 85.1364 66764.8
19 329.556 659.113 67313.7
1 568.027 568.027 67839.4
13 262.072 524.143 67661.2
7 829.663 1659.33 67966.4
2 138.867 277.735 67512
18 195.733 195.733 68290.2
10 295.347 295.347 68278.7
4 412.854 412.854 68581.4
5 483.942 967.883 68900.8
11 338.613 1354.45 68935.3
14 419.725 839.45 69715.7
16 177.305 177.305 69132.4
17 859.787 3439.15 69809.1
2 643.007 2572.03 70416.7
8 2704.66 10818.7 72972.6
7 174.303 348.607 70178.6
1 107.492 214.983 70163.5
6 565.149 565.149 70947.6
19 2044.43 4088.86 72958.3
11 1485.06 2970.11 72315.8
4 546.2 1092.4 71607.6
13 1513.93 3027.87 72776.3
10 223.156 223.156 71594.2
5 170.234 680.935 71399.8
17 1058.82 4235.27 72736.9
15 535.589 535.589 72158.3
12 252.989 252.989 72045.9
9 246.11 246.11 71967.3
14 579.195 1158.39 72356.2
2 1374.42 5497.69 73423.4
0 1754.31 1754.31 73862.1
5 824.928 3299.71 73778.9
7 517.918 517.918 73503.5
16 662.634 1325.27 73766.5
35
7 862.999 862.999 66774.5
16 108.308 216.617 66085.3
2 129.403 517.611 66581.2
17 659.925 2639.7 67408.7
15 349.949 349.949 66532.3
13 217.206 217.206 66722.9
1 215.929 431.858 66423.8
19 497.788 497.788 66777.4
4 378.607 757.214 66892.3
14 309.079 309.079 66976.2
16 492.088 984.176 68840.2
10 241.046 482.093 68115.4
12 177.053 177.053 68743.7
1 357.502 357.502 69218.5
2 538.145 538.145 69699.4
5 252.661 252.661 69614.6
11 623.235 623.235 70105.3
7 341.125 341.125 70136.3
0 494.121 494.121 70510.9
6 888.924 888.924 71301.8
4 441.28 441.28 71024.4
13 117.146 117.146 70765.6
10 316.809 316.809 70973
1 320.113 640.226 71217
5 456.808 1827.23 71686.3
2 1058.82 4235.27 72736.9
9 655.819 655.819 72278.5
14 252.989 252.989 72045.9
11 700.941 700.941 72422.1
16 579.195 1158.39 72356.2
17 1125.12 4500.48 73174.1
8 886.145 886.145 72993.9
4 766.397 3065.59 73720.4
7 517.918 517.918 73503.5
1 662.634 1325.27 73766.5
44
6 384.016 384.016 66119.7
2 163.906 327.812 66296.8
1 136.788 273.577 66901
14 1004.25 4016.99 67650.8
16 438.642 438.642 67425.6
17 173.336 693.346 66737.2
7 314.971 314.971 67215.5
19 144.672 289.345 67229.1
8 1153.71 1153.71 68043.5
13 1696.24 3392.48 68698.1
4 722.604 1445.21 68201.1
11 1297.43 1297.43 68774.9
10 1316.12 2632.23 68815.7
12 299.328 299.328 67886.8
5 364.512 729.023 68587
1 475.609 475.609 69433.3
6 864.17 864.17 69381.6
0 571.952 571.952 69170.3
2 763.772 1527.54 69915.7
15 317.711 317.711 69499.8
17 648.615 2594.46 69869.2
7 995.687 1991.37 69906.7
19 245.346 490.692 70149.5
18 759.43 759.43 70098.9
14 816.215 816.215 70369.1
8 203.893 203.893 70259.5
5 838.446 3353.78 70804.2
9 325.681 325.681 70536.2
4 314.141 314.141 70660.2
11 635.438 1270.88 70920.4
0 1129.3 4517.21 71805.1
10 475.868 475.868 71611.7
13 824.642 1649.28 72030.4
6 349.61 349.61 71688.9
3 425.754 425.754 71982.9
2 532.866 532.866 72881.4
14 127.884 255.768 71984.7
16 1058.67 2117.34 73402.4
19 1078.66 1078.66 76146.6
7 145.064 145.064 72753.7
5 53.297 106.594 72679.3
4 1243.26 2486.51 73686.3
9 404.678 404.678 73226.9
11 495.919 991.838 73212.4
36
17 567.971 567.971 66481.6
0 135.689 135.689 66130.9
14 580.914 580.914 67207.4
12 85.1364 85.1364 66764.8
19 329.556 659.113 67313.7
1 568.027 568.027 67839.4
13 262.072 524.143 67661.2
7 829.663 1659.33 67966.4
2 208.95 417.899 68436
0 417.142 417.142 69100.2
11 478.575 1914.3 69028.7
12 814.802 814.802 69472.7
3 128.952 128.952 68894.4
15 396.508 396.508 69571.9
4 248.223 248.223 69598.9
14 182.993 365.987 70087.2
18 759.43 759.43 70098.9
7 693.947 693.947 70246.8
13 208.448 208.448 70264.1
5 493.315 1973.26 70459.1
9 325.681 325.681 70536.2
2 314.141 314.141 70660.2
10 311.195 622.391 70596.2
11 1002.84 4011.37 71678.7
1 393.129 393.129 71529
17 2152.05 8608.2 73381.6
8 1655.42 6621.67 73333.5
4 438.543 438.543 72061.2
15 252.989 252.989 72045.9
3 604.492 604.492 72325.7
19 585.063 1170.13 72362.1
14 1810.66 7242.66 73859.6
6 453.065 453.065 72560.8
2 261.091 1044.36 73215.1
0 1273.53 1273.53 74259.2
5 208.789 417.578 73312.7
39
7 862.999 862.999 66774.5
16 108.308 216.617 66085.3
2 129.403 517.611 66581.2
17 659.925 2639.7 67408.7
15 349.949 349.949 66532.3
13 217.206 217.206 66722.9
1 215.929 431.858 66423.8
19 497.788 497.788 66777.4
4 378.607 757.214 66892.3
14 309.079 309.079 66976.2
10 273.473 273.473 67861
5 364.512 729.023 68587
19 475.609 475.609 69433.3
7 864.17 864.17 69381.6
0 571.952 571.952 69170.3
11 236.961 473.923 69388.9
1 320.706 320.706 69502.8
2 648.615 2594.46 69869.2
4 823.546 1647.09 69734.6
17 95.5055 382.022 69449
6 931.894 931.894 70750
10 261.048 261.048 70123.5
13 222.951 445.901 70691.6
14 1114.02 1114.02 71530
5 1003.98 2007.96 71441.5
8 932.724 1865.45 71307.7
16 1340.05 2680.11 72034
11 453.206 453.206 71554
1 517.005 1034.01 71546.3
7 1091.45 1091.45 72587.3
4 235.048 470.097 71988
9 243.809 243.809 71875.2
2 601.371 1202.74 72090
12 480.921 480.921 72375.2
17 1023.26 4093.04 72769.9
10 300.013 600.026 73055.9
6 648.856 648.856 72952.5
19 1029.21 2058.43 73246
13 506.098 506.098 73446.9
37
7 862.711 862.711 66735.4
2 41.8641 83.7281 66748.9
8 1028.6 2057.21 67746.5
19 166.176 332.352 67286.3
6 630.235 630.235 67386.9
10 146.251 292.501 67212.6
18 864.512 864.512 67888.8
12 287.843 287.843 67609
4 404.193 808.386 67777.4
0 264.774 264.774 68359.2
13 482.97 482.97 68466.3
1 485.244 485.244 68653.8
5 483.942 967.883 68900.8
11 338.613 1354.45 68935.3
2 419.725 839.45 69715.7
16 177.305 177.305 69132.4
17 948.76 3795.04 69898.1
18 243.852 243.852 69906.7
14 764.118 3056.47 70519.8
8 258.165 1032.66 70625.2
10 233.224 233.224 70542.6
0 398.379 398.379 70552.9
11 1329.04 5316.16 72216.7
16 549.038 549.038 71902.5
19 100.895 201.79 71094.4
6 727.947 727.947 72230.6
2 327.013 654.025 71356.3
7 1091.45 1091.45 72587.3
1 235.048 470.097 71988
9 243.809 243.809 71875.2
4 630.114 1260.23 72118.8
15 532.88 532.88 72427.2
5 387.833 1551.33 72134.5
10 300.013 600.026 73055.9
12 903.985 903.985 73207.6
13 391.307 782.615 72608.1
8 506.098 506.098 73446.9
31
17 567.971 567.971 66481.6
0 135.689 135.689 66130.9
14 580.914 580.914 67207.4
12 85.1364 85.1364 66764.8
19 329.556 659.113 67313.7
1 568.027 568.027 67839.4
13 262.072 524.143 67661.2
7 829.663 1659.33 67966.4
2 639.737 1279.47 68987.9
10 241.046 482.093 68115.4
4 342.522 342.522 68909.2
0 357.502 357.502 69218.5
16 426.526 426.526 69587.8
5 252.661 252.661 69614.6
14 322.305 1289.22 70096
11 208.147 832.587 70476.1
17 174.303 348.607 70178.6
7 107.492 214.983 70163.5
6 565.149 565.149 70947.6
8 683.747 1367.49 71597.6
2 1484.09 2968.18 72314.9
10 546.2 1092.4 71607.6
16 1077.1 2154.19 72339.5
0 259.217 259.217 71630.3
1 1676.54 1676.54 72680.5
9 296.378 296.378 71862.2
13 420.342 840.685 72010.3
4 336.306 336.306 72378.6
14 527.276 527.276 73154.1
7 1861.96 1861.96 74061.2
17 710.728 2842.91 73233.5
33
7 862.999 862.999 66774.5
16 108.308 216.617 66085.3
2 129.403 517.611 66581.2
17 659.925 2639.7 67408.7
15 349.949 349.949 66532.3
13 217.206 217.206 66722.9
1 215.929 431.858 66423.8
19 497.788 497.788 66777.4
4 378.607 757.214 66892.3
14 309.079 309.079 66976.2
16 492.088 984.176 68840.2
10 241.046 482.093 68115.4
12 177.053 177.053 68743.7
1 357.502 357.502 69218.5
2 538.145 538.145 69699.4
5 252.661 252.661 69614.6
14 322.305 1289.22 70096
11 208.147 832.587 70476.1
7 174.303 348.607 70178.6
19 107.492 214.983 70163.5
6 565.149 565.149 70947.6
8 683.747 1367.49 71597.6
16 1484.09 2968.18 72314.9
10 546.2 1092.4 71607.6
1 1513.93 3027.87 72776.3
4 259.217 259.217 71630.3
12 1676.54 1676.54 72680.5
9 296.378 296.378 71862.2
5 437.298 874.596 72027.2
7 336.306 336.306 72378.6
2 527.276 527.276 73154.1
13 1861.96 1861.96 74061.2
17 710.728 2842.91 73233.5
37
6 384.016 384.016 66119.7
2 163.906 327.812 66296.8
1 136.788 273.577 66901
14 1004.25 4016.99 67650.8
16 438.642 438.642 67425.6
17 173.336 693.346 66737.2
7 314.971 314.971 67215.5
19 144.672 289.345 67229.1
8 1153.71 1153.71 68043.5
13 1696.24 3392.48 68698.1
4 722.604 1445.21 68201.1
11 1297.43 1297.43 68774.9
10 1316.12 2632.23 68815.7
2 114.359 114.359 67990.2
18 269.018 269.018 69478.5
17 1201.88 4807.53 70306.7
15 181.47 181.47 69437
14 386.697 386.697 70049.5
5 327.903 1311.61 70083.6
2 258.165 1032.66 70625.2
4 236.209 236.209 70545.5
1 372.463 372.463 70527
8 488.911 1955.64 71376.6
11 415.447 415.447 71768.9
13 100.895 201.79 71094.4
6 727.947 727.947 72230.6
14 1289.91 5159.62 72519.4
5 1814.82 7259.27 73492.9
9 655.819 655.819 72278.5
0 258.429 258.429 72051.3
12 433.164 433.164 72154.3
7 579.195 1158.39 72356.2
17 1125.12 4500.48 73174.1
4 1754.31 1754.31 73862.1
2 299.539 1198.15 73253.6
18 517.918 517.918 73503.5
1 208.789 417.578 73312.7
35
7 862.999 862.999 66774.5
16 108.308 216.617 66085.3
2 129.403 517.611 66581.2
17 659.925 2639.7 67408.7
15 349.949 349.949 66532.3
13 217.206 217.206 66722.9
1 215.929 431.858 66423.8
19 497.788 497.788 66777.4
4 378.607 757.214 66892.3
14 309.079 309.079 66976.2
10 273.473 273.473 67861
5 364.512 729.023 68587
19 475.609 475.609 69433.3
7 864.17 864.17 69381.6
0 571.952 571.952 69170.3
11 236.961 473.923 69388.9
1 320.706 320.706 69502.8
2 648.615 2594.46 69869.2
4 823.546 1647.09 69734.6
14 322.305 1289.22 70096
17 1208.19 4832.77 71476.1
8 887.106 1774.21 70891.5
5 127.75 255.5 70183.8
6 565.149 565.149 70947.6
13 2107.99 4215.98 73021.9
16 1485.06 2970.11 72315.8
10 546.2 1092.4 71607.6
7 1077.1 2154.19 72339.5
15 259.217 259.217 71630.3
19 340.423 340.423 71962.3
11 466.258 1865.03 72217.6
4 411.356 822.712 72364.9
1 400.96 400.96 72346
12 296.549 296.549 72328.4
2 515.019 515.019 73621.8
33
7 429.314 429.314 66456
2 160.277 320.555 65878.5
19 168.677 337.353 66499.4
17 920.312 920.312 66968.1
1 125.097 125.097 66440.3
10 290.821 581.642 67003.6
5 1154.09 4616.37 67472.5
8 903.794 3615.18 67438.9
16 1023.8 2047.59 67574.4
13 173.769 173.769 67073.9
11 469.742 1878.97 67615
15 310.004 310.004 67188.5
18 501.767 501.767 67717.1
2 114.359 114.359 67990.2
10 269.018 269.018 69478.5
14 1155.3 4621.2 70260.1
11 322.621 322.621 69578.1
2 243.852 243.852 69906.7
17 995.861 3983.44 70751.5
5 262.277 1049.11 70629.3
1 236.209 236.209 70545.5
16 372.463 372.463 70527
8 488.911 1955.64 71376.6
13 549.038 549.038 71902.5
19 100.895 201.79 71094.4
7 727.947 727.947 72230.6
6 569.621 569.621 71573.6
4 259.241 259.241 71825
10 631.119 1262.24 72221.1
11 336.306 336.306 72378.6
5 527.276 527.276 73154.1
1 1855.66 1855.66 74054.9
2 720.617 2882.47 73243.4
42
6 384.016 384.016 66119.7
2 163.906 327.812 66296.8
1 136.788 273.577 66901
14 1004.25 4016.99 67650.8
16 438.642 438.642 67425.6
17 173.336 693.346 66737.2
7 314.971 314.971 67215.5
19 144.672 289.345 67229.1
8 1153.71 1153.71 68043.5
13 1696.24 3392.48 68698.1
4 722.604 1445.21 68201.1
11 1297.43 1297.43 68774.9
10 1316.12 2632.23 68815.7
12 299.328 299.328 67886.8
5 364.512 729.023 68587
1 475.609 475.609 69433.3
6 864.17 864.17 69381.6
0 571.952 571.952 69170.3
2 763.772 1527.54 69915.7
15 317.711 317.711 69499.8
17 648.615 2594.46 69869.2
7 995.687 1991.37 69906.7
14 631.016 631.016 70113.1
16 341.125 341.125 70136.3
12 494.121 494.121 70510.9
5 1285.66 1285.66 71698.5
18 441.28 441.28 71024.4
4 266.351 266.351 70914.8
11 123.409 123.409 70779.6
10 373.714 747.429 71270.6
1 634.136 1268.27 71839.9
17 349.61 349.61 71688.9
3 425.754 425.754 71982.9
9 388.856 388.856 72737.4
2 127.884 255.768 71984.7
13 1058.67 2117.34 73402.4
16 1078.66 1078.66 76146.6
15 206.487 206.487 72815.2
7 53.297 106.594 72679.3
14 942.448 1884.9 73385.5
10 610.416 610.416 73432.6
11 526.868 1053.74 73243.3
33
7 862.711 862.711 66735.4
2 41.8641 83.7281 66748.9
8 1028.6 2057.21 67746.5
19 166.176 332.352 67286.3
6 630.235 630.235 67386.9
10 146.251 292.501 67212.6
18 864.512 864.512 67888.8
12 287.843 287.843 67609
0 114.359 114.359 67990.2
16 403.967 403.967 69613.5
14 1155.3 4621.2 70260.1
13 253.09 253.09 69508.6
2 322.305 1289.22 70096
11 208.147 832.587 70476.1
7 174.303 348.607 70178.6
17 107.492 214.983 70163.5
6 342.419 342.419 70724.8
8 2107.99 4215.98 73021.9
19 1485.06 2970.11 72315.8
4 284.409 568.817 71345.9
1 1471.52 2943.05 72733.9
12 223.156 223.156 71594.2
5 489.097 1956.39 71718.6
2 1138.97 4555.86 72817.1
15 535.589 535.589 72158.3
13 252.989 252.989 72045.9
9 246.11 246.11 71967.3
10 982.746 1965.49 72759.8
17 858.476 3433.91 72907.4
0 1754.31 1754.31 73862.1
14 261.091 1044.36 73215.1
16 517.918 517.918 73503.5
4 208.789 417.578 73312.7
32
6 384.016 384.016 66119.7
2 163.906 327.812 66296.8
1 136.788 273.577 66901
14 1004.25 4016.99 67650.8
16 438.642 438.642 67425.6
17 173.336 693.346 66737.2
7 314.971 314.971 67215.5
19 144.672 289.345 67229.1
8 1153.71 1153.71 68043.5
13 1696.24 3392.48 68698.1
4 722.604 1445.21 68201.1
11 1297.43 1297.43 68774.9
10 1316.12 2632.23 68815.7
2 114.359 114.359 67990.2
18 269.018 269.018 69478.5
17 1201.88 4807.53 70306.7
15 181.47 181.47 69437
14 386.697 386.697 70049.5
5 327.903 1311.61 70083.6
2 258.165 1032.66 70625.2
4 236.209 236.209 70545.5
1 372.463 372.463 70527
8 488.911 1955.64 71376.6
11 415.447 415.447 71768.9
13 100.895 201.79 71094.4
6 727.947 727.947 72230.6
18 340.423 340.423 71962.3
5 862.592 3450.37 72613.9
1 1049.59 2099.18 73003.2
15 400.96 400.96 72346
12 296.549 296.549 72328.4
0 414.528 414.528 73521.3
37
7 429.314 429.314 66456
2 160.277 320.555 65878.5
19 168.677 337.353 66499.4
17 920.312 920.312 66968.1
1 125.097 125.097 66440.3
10 290.821 581.642 67003.6
5 1154.09 4616.37 67472.5
8 903.794 3615.18 67438.9
16 1023.8 2047.59 67574.4
13 173.769 173.769 67073.9
11 469.742 1878.97 67615
15 310.004 310.004 67188.5
18 501.767 501.767 67717.1
2 114.359 114.359 67990.2
10 269.018 269.018 69478.5
14 1155.3 4621.2 70260.1
11 322.621 322.621 69578.1
2 243.852 243.852 69906.7
17 995.861 3983.44 70751.5
5 262.277 1049.11 70629.3
1 236.209 236.209 70545.5
16 372.463 372.463 70527
8 488.911 1955.64 71376.6
13 549.038 549.038 71902.5
19 100.895 201.79 71094.4
7 727.947 727.947 72230.6
11 579.268 2317.07 71808.8
2 1646.2 6584.82 73324.3
4 625.691 625.691 72248.4
15 252.989 252.989 72045.9
9 246.11 246.11 71967.3
10 585.063 1170.13 72362.1
14 1810.66 7242.66 73859.6
6 453.065 453.065 72560.8
17 680.895 2723.58 73634.9
5 517.918 517.918 73503.5
1 847.922 1695.84 73951.8
31
17 567.971 567.971 66481.6
0 135.689 135.689 66130.9
14 580.914 580.914 67207.4
12 85.1364 85.1364 66764.8
19 329.556 659.113 67313.7
1 568.027 568.027 67839.4
13 262.072 524.143 67661.2
7 829.663 1659.33 67966.4
15 310.359 310.359 68186.2
12 269.018 269.018 69478.5
17 646.293 2585.17 69751.1
11 322.621 322.621 69578.1
16 631.016 631.016 70113.1
7 341.125 341.125 70136.3
2 593.55 593.55 70610.4
6 888.924 888.924 71301.8
0 441.28 441.28 71024.4
14 117.146 117.146 70765.6
13 415.498 415.498 71071.6
1 505.837 1011.67 71402.7
5 489.097 1956.39 71718.6
11 1533.26 6133.05 73211.4
4 625.691 625.691 72248.4
17 252.989 252.989 72045.9
3 181.447 181.447 71902.6
19 579.195 1158.39 72356.2
8 2506.2 10024.8 74555.2
2 1754.31 1754.31 73862.1
14 261.091 1044.36 73215.1
12 517.918 517.918 73503.5
16 303.492 606.985 73407.4
37
17 567.971 567.971 66481.6
0 135.689 135.689 66130.9
14 580.914 580.914 67207.4
12 85.1364 85.1364 66764.8
19 329.556 659.113 67313.7
1 568.027 568.027 67839.4
13 262.072 524.143 67661.2
7 829.663 1659.33 67966.4
3 183.29 183.29 67770.8
2 119.111 238.221 68341.6
0 483.426 483.426 69441.1
17 864.17 864.17 69381.6
12 603.936 603.936 69202.3
11 236.961 473.923 69388.9
15 317.711 317.711 69499.8
5 467.178 1868.71 69687.8
10 311.195 622.391 69222.2
14 243.852 243.852 69906.7
8 3251.35 13005.4 73007
2 258.165 1032.66 70625.2
13 236.209 236.209 70545.5
1 372.463 372.463 70527
12 1819.74 7278.98 72707.4
11 415.447 415.447 71768.9
17 100.895 201.79 71094.4
7 727.947 727.947 72230.6
5 463.334 1853.34 71692.9
14 1646.2 6584.82 73324.3
16 511.915 511.915 72134.6
18 252.989 252.989 72045.9
9 246.11 246.11 71967.3
19 579.195 1158.39 72356.2
1 1611.52 6446.09 73660.5
6 453.065 453.065 72560.8
2 1531.1 6124.39 74485.1
13 1267.88 1267.88 74253.5
10 208.789 417.578 73312.7
31
7 862.999 862.999 66774.5
16 108.308 216.617 66085.3
2 129.403 517.611 66581.2
17 659.925 2639.7 67408.7
15 349.949 349.949 66532.3
13 217.206 217.206 66722.9
1 215.929 431.858 66423.8
19 497.788 497.788 66777.4
4 378.607 757.214 66892.3
14 309.079 309.079 66976.2
16 492.088 984.176 68840.2
10 241.046 482.093 68115.4
12 177.053 177.053 68743.7
1 357.502 357.502 69218.5
2 538.145 538.145 69699.4
5 252.661 252.661 69614.6
11 623.235 623.235 70105.3
7 341.125 341.125 70136.3
0 494.121 494.121 70510.9
6 888.924 888.924 71301.8
4 441.28 441.28 71024.4
13 117.146 117.146 70765.6
10 316.809 316.809 70973
1 320.113 640.226 71217
8 906.898 906.898 71910.9
9 296.378 296.378 71862.2
11 337.394 674.789 71927.3
7 336.306 336.306 72378.6
2 527.276 527.276 73154.1
13 1855.66 1855.66 74054.9
14 710.728 2842.91 73233.5
37
7 862.999 862.999 66774.5
16 108.308 216.617 66085.3
2 129.403 517.611 66581.2
17 659.925 2639.7 67408.7
15 349.949 349.949 66532.3
13 217.206 217.206 66722.9
1 215.929 431.858 66423.8
19 497.788 497.788 66777.4
4 378.607 757.214 66892.3
14 309.079 309.079 66976.2
10 398.672 797.345 68625.8
1 417.142 417.142 69100.2
11 478.575 1914.3 69028.7
2 814.802 814.802 69472.7
5 274.02 274.02 69039.5
12 601.972 601.972 69777.4
9 301.546 301.546 69652.2
3 979.734 979.734 70461.8
7 341.125 341.125 70136.3
0 494.121 494.121 70510.9
6 888.924 888.924 71301.8
4 441.28 441.28 71024.4
13 117.146 117.146 70765.6
5 316.809 316.809 70973
10 271.757 543.514 71168.6
2 634.136 1268.27 71839.9
11 349.61 349.61 71688.9
9 355.955 355.955 71913.1
12 702.893 702.893 73051.4
7 398.393 796.787 72255.2
1 1058.67 2117.34 73402.4
8 396.776 396.776 75464.7
3 323.651 323.651 72932.3
5 406.887 813.774 73032.9
4 1217.76 2435.52 73660.8
0 562.079 562.079 73384.3
10 526.868 1053.74 73243.3
27
17 567.971 567.971 66481.6
0 135.689 135.689 66130.9
14 580.914 580.914 67207.4
12 85.1364 85.1364 66764.8
19 329.556 659.113 67313.7
1 568.027 568.027 67839.4
13 262.072 524.143 67661.2
7 829.663 1659.33 67966.4
15 310.359 310.359 68186.2
12 269.018 269.018 69478.5
17 646.293 2585.17 69751.1
11 322.621 322.621 69578.1
16 631.016 631.016 70113.1
7 341.125 341.125 70136.3
2 593.55 593.55 70610.4
6 888.924 888.924 71301.8
0 441.28 441.28 71024.4
14 117.146 117.146 70765.6
13 415.498 415.498 71071.6
1 505.837 1011.67 71402.7
8 906.898 906.898 71910.9
3 181.57 181.57 71747.3
16 337.394 674.789 71927.3
7 336.306 336.306 72378.6
12 527.276 527.276 73154.1
14 1855.66 1855.66 74054.9
11 710.728 2842.91 73233.5
39
7 429.314 429.314 66456
2 160.277 320.555 65878.5
19 168.677 337.353 66499.4
17 920.312 920.312 66968.1
1 125.097 125.097 66440.3
10 290.821 581.642 67003.6
5 1154.09 4616.37 67472.5
8 903.794 3615.18 67438.9
16 1023.8 2047.59 67574.4
13 173.769 173.769 67073.9
11 469.742 1878.97 67615
15 310.004 310.004 67188.5
18 501.767 501.767 67717.1
2 438.506 877.012 68786.6
4 353.653 707.306 68228
12 177.053 177.053 68743.7
1 357.502 357.502 69218.5
14 521.79 521.79 69683.1
9 285.804 285.804 69647.8
8 95.5055 382.022 69449
6 931.894 931.894 70750
4 261.048 261.048 70123.5
5 222.951 445.901 70691.6
7 678.332 678.332 71094.3
11 482.534 965.069 70920.1
2 1586.32 3172.65 71961.3
10 1340.05 2680.11 72034
1 784.445 784.445 71885.2
13 327.013 654.025 71356.3
14 1091.45 1091.45 72587.3
16 690.297 1380.59 72443.3
9 406.474 406.474 72037.9
17 601.371 1202.74 72090
0 656.768 656.768 72551.1
8 1023.26 4093.04 72769.9
4 300.013 600.026 73055.9
6 648.856 648.856 72952.5
19 850.185 1700.37 73066.9
5 506.098 506.098 73446.9
33
7 862.999 862.999 66774.5
16 108.308 216.617 66085.3
2 129.403 517.611 66581.2
17 659.925 2639.7 67408.7
15 349.949 349.949 66532.3
13 217.206 217.206 66722.9
1 215.929 431.858 66423.8
19 497.788 497.788 66777.4
4 378.607 757.214 66892.3
14 309.079 309.079 66976.2
10 301.27 602.54 67674.4
18 195.733 195.733 68290.2
12 302.968 302.968 68286.3
0 369.655 369.655 68538.2
4 472.436 944.871 68889.3
14 204.495 817.978 68801.2
1 419.725 839.45 69715.7
11 288.154 288.154 69243.3
2 936.154 3744.61 69885.5
5 814.11 814.11 70296.2
7 341.125 341.125 70136.3
10 494.121 494.121 70510.9
6 888.924 888.924 71301.8
13 441.28 441.28 71024.4
15 117.146 117.146 70765.6
0 316.809 316.809 70973
4 139.865 279.73 71036.7
2 340.423 340.423 71962.3
17 699.885 2799.54 72451.2
5 635.411 1270.82 72589
11 400.96 400.96 72346
12 386.72 386.72 72418.5
4 515.019 515.019 73621.8
33
7 862.711 862.711 66735.4
2 41.8641 83.7281 66748.9
8 1028.6 2057.21 67746.5
19 166.176 332.352 67286.3
6 630.235 630.235 67386.9
10 146.251 292.501 67212.6
18 864.512 864.512 67888.8
12 287.843 287.843 67609
4 381.669 381.669 67969.2
5 364.512 729.023 68587
17 475.609 475.609 69433.3
7 864.17 864.17 69381.6
0 571.952 571.952 69170.3
14 164.375 328.75 69316.4
10 190.678 190.678 69372.8
11 471.735 1886.94 69692.4
1 481.123 962.246 69392.1
19 243.852 243.852 69906.7
2 995.861 3983.44 70751.5
8 262.277 1049.11 70629.3
12 233.224 233.224 70542.6
5 398.379 398.379 70552.9
14 1037.43 4149.71 71925.1
16 415.447 415.447 71768.9
7 100.895 201.79 71094.4
6 727.947 727.947 72230.6
0 1676.54 1676.54 72680.5
9 296.378 296.378 71862.2
13 337.394 674.789 71927.3
10 336.306 336.306 72378.6
8 527.276 527.276 73154.1
5 1855.66 1855.66 74054.9
11 710.728 2842.91 73233.5
41
7 429.314 429.314 66456
2 160.277 320.555 65878.5
19 168.677 337.353 66499.4
17 920.312 920.312 66968.1
1 125.097 125.097 66440.3
10 290.821 581.642 67003.6
5 1154.09 4616.37 67472.5
8 903.794 3615.18 67438.9
16 1023.8 2047.59 67574.4
13 173.769 173.769 67073.9
11 469.742 1878.97 67615
15 310.004 310.004 67188.5
18 501.767 501.767 67717.1
2 150.13 300.26 68377.2
1 417.142 417.142 69100.2
17 545.426 2181.7 69095.5
10 814.802 814.802 69472.7
4 234.425 234.425 68999.9
11 481.101 481.101 69656.5
9 301.546 301.546 69652.2
15 243.852 243.852 69906.7
14 764.118 3056.47 70519.8
2 258.165 1032.66 70625.2
13 236.209 236.209 70545.5
5 372.463 372.463 70527
17 1329.04 5316.16 72216.7
1 549.038 549.038 71902.5
19 100.895 201.79 71094.4
7 727.947 727.947 72230.6
4 365.261 730.522 71571
10 349.61 349.61 71688.9
3 425.754 425.754 71982.9
12 632.499 632.499 72981
2 127.884 255.768 71984.7
16 1058.67 2117.34 73402.4
6 883.123 883.123 75951.1
14 145.064 145.064 72753.7
11 406.887 813.774 73032.9
13 1243.26 2486.51 73686.3
9 439.484 439.484 73261.7
5 727.343 1454.69 73443.8
31
17 567.971 567.971 66481.6
0 135.689 135.689 66130.9
14 580.914 580.914 67207.4
12 85.1364 85.1364 66764.8
19 329.556 659.113 67313.7
1 568.027 568.027 67839.4
13 262.072 524.143 67661.2
7 829.663 1659.33 67966.4
2 208.95 417.899 68436
0 417.142 417.142 69100.2
11 478.575 1914.3 69028.7
12 814.802 814.802 69472.7
3 128.952 128.952 68894.4
15 396.508 396.508 69571.9
4 248.223 248.223 69598.9
14 322.305 1289.22 70096
5 377.796 1511.18 70645.7
17 174.303 348.607 70178.6
1 127.75 255.5 70183.8
6 565.149 565.149 70947.6
8 683.747 1367.49 71597.6
11 1485.06 2970.11 72315.8
10 154.774 309.548 71216.2
2 1244.89 2489.78 72507.3
13 256.775 256.775 71627.8
0 340.423 340.423 71962.3
17 894.178 3576.71 72645.5
4 541.506 1083.01 72495.1
5 191.627 191.627 72136.6
3 386.72 386.72 72418.5
6 515.019 515.019 73621.8
34
7 862.711 862.711 66735.4
2 41.8641 83.7281 66748.9
8 1028.6 2057.21 67746.5
19 166.176 332.352 67286.3
6 630.235 630.235 67386.9
10 146.251 292.501 67212.6
18 864.512 864.512 67888.8
12 287.843 287.843 67609
4 381.669 381.669 67969.2
5 364.512 729.023 68587
17 475.609 475.609 69433.3
7 864.17 864.17 69381.6
0 571.952 571.952 69170.3
14 164.375 328.75 69316.4
10 190.678 190.678 69372.8
11 471.735 1886.94 69692.4
1 481.123 962.246 69392.1
2 182.993 365.987 70087.2
8 748.943 748.943 70088.4
19 693.947 693.947 70246.8
12 261.378 261.378 70317
5 838.446 3353.78 70804.2
9 325.681 325.681 70536.2
13 378.948 378.948 70725.1
4 364.277 728.554 70649.3
0 1129.3 4517.21 71805.1
16 393.129 393.129 71529
14 1673.19 1673.19 72677.2
15 526.835 526.835 72092.6
1 588.057 1176.11 72178
8 336.306 336.306 72378.6
6 527.276 527.276 73154.1
2 1855.66 1855.66 74054.9
11 710.728 2842.91 73233.5
29
7 862.999 862.999 66774.5
16 108.308 216.617 66085.3
2 129.403 517.611 66581.2
17 659.925 2639.7 67408.7
15 349.949 349.949 66532.3
13 217.206 217.206 66722.9
1 215.929 431.858 66423.8
19 497.788 497.788 66777.4
4 378.607 757.214 66892.3
14 309.079 309.079 66976.2
12 225.748 225.748 68101.6
2 269.018 269.018 69478.5
14 1201.88 4807.53 70306.7
11 322.621 322.621 69578.1
5 814.11 814.11 70296.2
7 341.125 341.125 70136.3
0 494.121 494.121 70510.9
6 888.924 888.924 71301.8
1 441.28 441.28 71024.4
13 117.146 117.146 70765.6
4 415.498 415.498 71071.6
16 320.113 640.226 71217
8 906.898 906.898 71910.9
3 181.57 181.57 71747.3
11 420.342 840.685 72010.3
7 336.306 336.306 72378.6
2 527.276 527.276 73154.1
17 1855.66 1855.66 74054.9
14 710.728 2842.91 73233.5
30
7 862.711 862.711 66735.4
2 41.8641 83.7281 66748.9
8 1028.6 2057.21 67746.5
19 166.176 332.352 67286.3
6 630.235 630.235 67386.9
10 146.251 292.501 67212.6
18 864.512 864.512 67888.8
12 287.843 287.843 67609
17 526.183 1052.37 68874.3
4 353.653 707.306 68228
0 276.193 276.193 68842.8
1 244.034 244.034 69105
16 426.526 426.526 69587.8
5 252.661 252.661 69614.6
18 243.852 243.852 69906.7
11 477.367 1909.47 70233
2 258.165 1032.66 70625.2
10 233.224 233.224 70542.6
6 372.463 372.463 70527
8 488.911 1955.64 71376.6
14 501.615 501.615 71855.1
1 100.895 201.79 71094.4
7 727.947 727.947 72230.6
0 1676.54 1676.54 72680.5
9 296.378 296.378 71862.2
13 337.394 674.789 71927.3
17 336.306 336.306 72378.6
2 527.276 527.276 73154.1
6 1855.66 1855.66 74054.9
11 1081.2 4324.81 73604
41
6 384.016 384.016 66119.7
2 163.906 327.812 66296.8
1 136.788 273.577 66901
14 1004.25 4016.99 67650.8
16 438.642 438.642 67425.6
17 173.336 693.346 66737.2
7 314.971 314.971 67215.5
19 144.672 289.345 67229.1
8 1153.71 1153.71 68043.5
13 1696.24 3392.48 68698.1
4 722.604 1445.21 68201.1
11 1297.43 1297.43 68774.9
10 1316.12 2632.23 68815.7
12 299.328 299.328 67886.8
5 364.512 729.023 68587
1 475.609 475.609 69433.3
6 864.17 864.17 69381.6
0 571.952 571.952 69170.3
2 763.772 1527.54 69915.7
15 317.711 317.711 69499.8
17 648.615 2594.46 69869.2
7 995.687 1991.37 69906.7
14 631.016 631.016 70113.1
16 341.125 341.125 70136.3
12 494.121 494.121 70510.9
5 1285.66 1285.66 71698.5
18 441.28 441.28 71024.4
4 266.351 266.351 70914.8
11 123.409 123.409 70779.6
10 373.714 747.429 71270.6
1 238.587 477.175 71267.9
13 1091.45 1091.45 72587.3
7 235.048 470.097 71988
9 243.809 243.809 71875.2
2 269.335 538.671 71758
15 680.388 680.388 72574.7
14 800.177 3200.71 72546.8
17 300.013 600.026 73055.9
6 503.947 503.947 72807.5
11 850.185 1700.37 73066.9
16 506.098 506.098 73446.9
37
6 384.016 384.016 66119.7
2 163.906 327.812 66296.8
1 136.788 273.577 66901
14 1004.25 4016.99 67650.8
16 438.642 438.642 67425.6
17 173.336 693.346 66737.2
7 314.971 314.971 67215.5
19 144.672 289.345 67229.1
8 1153.71 1153.71 68043.5
13 1696.24 3392.48 68698.1
4 722.604 1445.21 68201.1
11 1297.43 1297.43 68774.9
10 1316.12 2632.23 68815.7
2 150.13 300.26 68377.2
17 417.142 417.142 69100.2
5 519.48 2077.92 69069.6
1 814.802 814.802 69472.7
9 309.414 309.414 69074.9
15 396.508 396.508 69571.9
12 416.164 416.164 69766.9
14 446.324 1785.3 70220
2 1000.13 4000.51 71268.1
8 1691.09 3382.18 71695.4
4 107.492 214.983 70163.5
6 342.419 342.419 70724.8
10 471.347 942.693 71385.2
17 315.826 631.652 71146.6
11 684.116 1368.23 71745.6
1 1077.1 2154.19 72339.5
9 223.156 223.156 71594.2
5 1676.54 1676.54 72680.5
12 442.435 442.435 72008.2
13 631.119 1262.24 72221.1
15 336.306 336.306 72378.6
14 527.276 527.276 73154.1
4 1855.66 1855.66 74054.9
17 1215.96 4863.82 73738.7
36
7 429.314 429.314 66456
2 160.277 320.555 65878.5
19 168.677 337.353 66499.4
17 920.312 920.312 66968.1
1 125.097 125.097 66440.3
10 290.821 581.642 67003.6
5 1154.09 4616.37 67472.5
8 903.794 3615.18 67438.9
16 1023.8 2047.59 67574.4
13 173.769 173.769 67073.9
11 469.742 1878.97 67615
15 310.004 310.004 67188.5
18 501.767 501.767 67717.1
12 299.328 299.328 67886.8
4 264.891 529.781 68487.4
1 483.426 483.426 69441.1
7 864.17 864.17 69381.6
0 571.952 571.952 69170.3
14 164.375 328.75 69316.4
10 320.706 320.706 69502.8
2 206.351 825.403 69427
13 823.546 1647.09 69734.6
16 631.016 631.016 70113.1
8 341.125 341.125 70136.3
12 494.121 494.121 70510.9
6 888.924 888.924 71301.8
4 441.28 441.28 71024.4
17 117.146 117.146 70765.6
15 415.498 415.498 71071.6
19 320.113 640.226 71217
7 340.423 340.423 71962.3
14 209.971 839.885 71961.3
11 242.65 485.301 72196.2
18 323.674 323.674 72268.7
13 386.72 386.72 72418.5
2 515.019 515.019 73621.8
37
6 384.016 384.016 66119.7
2 163.906 327.812 66296.8
1 136.788 273.577 66901
14 1004.25 4016.99 67650.8
16 438.642 438.642 67425.6
17 173.336 693.346 66737.2
7 314.971 314.971 67215.5
19 144.672 289.345 67229.1
8 1153.71 1153.71 68043.5
13 1696.24 3392.48 68698.1
4 722.604 1445.21 68201.1
11 1297.43 1297.43 68774.9
10 1316.12 2632.23 68815.7
2 114.359 114.359 67990.2
18 269.018 269.018 69478.5
17 1201.88 4807.53 70306.7
15 181.47 181.47 69437
14 386.697 386.697 70049.5
5 327.903 1311.61 70083.6
2 258.165 1032.66 70625.2
4 236.209 236.209 70545.5
1 372.463 372.463 70527
8 488.911 1955.64 71376.6
11 415.447 415.447 71768.9
13 100.895 201.79 71094.4
6 727.947 727.947 72230.6
14 1289.91 5159.62 72519.4
5 1814.82 7259.27 73492.9
9 655.819 655.819 72278.5
0 258.429 258.429 72051.3
12 433.164 433.164 72154.3
7 579.195 1158.39 72356.2
17 1125.12 4500.48 73174.1
4 1754.31 1754.31 73862.1
2 299.539 1198.15 73253.6
18 517.918 517.918 73503.5
1 208.789 417.578 73312.7
