38
7 240.539 240.539 65976.2
2 163.906 327.812 66296.8
1 136.788 273.577 66901
11 1305.52 5222.08 67952.1
13 590.638 590.638 67577.6
5 1104.56 4418.22 67668.5
6 455.495 455.495 67356
10 902.9 1805.8 67987.4
8 1153.71 1153.71 68043.5
4 2015.68 4031.36 69017.6
7 2135.38 4270.77 69613.9
12 1505.09 1505.09 68982.6
2 1598.89 3197.77 69098.5
3 183.29 183.29 67770.8
1 1638.63 3277.25 69861.1
0 893.861 893.861 69851.5
9 1720.96 1720.96 70238.4
6 3183.57 3183.57 71781.9
13 1617.98 3235.96 70770
5 896.523 896.523 70078.6
11 1592.88 6371.53 70813.5
10 1574.19 3148.37 70485.2
8 1726.11 6904.43 71499.8
2 2145.52 8582.07 72413.5
4 553.913 1107.83 70558.3
7 1175.89 2351.78 71231.9
3 2060.36 2060.36 72442.8
1 2847.15 5694.3 73761
5 1997.83 3995.67 72828.6
10 1222.64 2445.28 72284.1
4 2043.27 4086.55 73305.7
12 846.511 846.511 72217.5
0 829.328 829.328 72451.2
11 1150.46 4601.84 72901.8
13 1541.68 3083.37 73495.3
9 1322.42 1322.42 73267.4
7 1712.84 1712.84 73744.6
8 1901.59 1901.59 75008.4
39
6 241.292 241.292 66267.9
2 160.277 320.555 65878.5
1 238.384 476.769 66569.1
7 858.32 858.32 66906.1
0 96.1445 96.1445 66411.4
10 290.821 581.642 67003.6
5 1154.09 4616.37 67472.5
8 903.794 3615.18 67438.9
13 1157.39 2314.79 67708
12 215.57 215.57 67115.7
11 469.742 1878.97 67615
3 615.383 615.383 67493.9
2 802.125 802.125 68017.4
4 404.193 808.386 67777.4
9 928.292 928.292 69022.7
0 511.6 511.6 68494.9
1 911.571 911.571 69080.1
10 634.744 1269.49 69051.6
8 2310.65 9242.61 70907.3
7 1921.74 3843.49 71217.7
12 138.931 138.931 69094
5 1380.98 5523.93 70330.3
4 853.073 1706.15 70757.2
13 427.637 427.637 69767.1
3 937.829 937.829 70490.7
2 258.011 258.011 70313.6
11 581.292 2325.17 70547
0 323.329 323.329 70533.9
6 2824.25 2824.25 73170.4
10 302.638 605.276 70587.6
2 2559.48 10237.9 73235.3
9 387.553 387.553 71523.4
12 1823.36 1823.36 72827.4
1 339.928 339.928 71905.7
13 1340.75 2681.49 72930.7
5 1428.26 1428.26 73470.5
3 775.166 775.166 73402
4 724.792 724.792 72924
8 826.11 3304.44 73348.9
32
7 862.999 862.999 66774.5
13 212.96 425.92 66190
2 129.403 517.611 66581.2
5 1080.63 4322.52 67829.4
1 413.461 413.461 66595.8
12 40.5138 40.5138 66546.2
11 661.694 1323.39 66869.6
0 710.982 710.982 66990.6
4 378.607 757.214 66892.3
3 604.902 604.902 67272
13 140.655 281.31 68367.8
1 644.381 644.381 69327.4
2 166.066 664.265 68716.1
7 652.174 652.174 69310.1
10 106.566 106.566 68872
3 443.553 443.553 69619
9 301.546 301.546 69652.2
5 136.269 136.269 69799.1
11 560.977 2243.91 70316.7
8 2282.53 9130.14 72649.6
0 176.495 176.495 70485.8
2 702.651 702.651 70857.2
5 1692.18 6768.7 72579.8
4 559.589 559.589 71913
13 539.889 1079.78 71533.4
1 203.957 203.957 71706.7
6 272 272 71893.9
11 979.98 3919.92 72731.3
10 163.775 327.55 72117.3
3 312.269 312.269 72257.3
12 475.831 475.831 72507.6
2 180.991 180.991 73287.8
33
7 862.711 862.711 66735.4
2 41.8641 83.7281 66748.9
8 1028.6 2057.21 67746.5
1 256.355 512.711 67376.5
6 630.235 630.235 67386.9
10 146.251 292.501 67212.6
13 1083.75 1083.75 68108.1
3 195.865 195.865 67517.1
12 299.328 299.328 67886.8
4 264.891 529.781 68487.4
2 815.759 815.759 69773.4
7 579.001 579.001 69096.4
0 571.952 571.952 69170.3
11 236.961 473.923 69388.9
1 230.799 230.799 69412.9
5 467.178 1868.71 69687.8
10 150.877 301.753 69061.9
8 1609.28 3218.56 71513.4
6 1034.44 1034.44 70373.9
3 1258.94 1258.94 70811.8
12 509.994 509.994 70565.6
11 2160.63 8642.51 72126.4
9 325.681 325.681 70536.2
4 378.853 378.853 70725
13 2455.93 4911.85 72740.9
5 1426.22 5704.87 72102
7 821.601 821.601 71957.4
2 755.174 755.174 72377
8 2398.34 9593.36 74149.6
10 163.775 327.55 72117.3
1 323.674 323.674 72268.7
9 145.807 145.807 72177.6
0 414.528 414.528 73521.3
39
7 862.999 862.999 66774.5
13 212.96 425.92 66190
2 129.403 517.611 66581.2
5 1080.63 4322.52 67829.4
1 413.461 413.461 66595.8
12 40.5138 40.5138 66546.2
11 661.694 1323.39 66869.6
0 710.982 710.982 66990.6
4 378.607 757.214 66892.3
3 604.902 604.902 67272
10 273.473 273.473 67861
13 448.649 897.298 68671.1
0 373.239 373.239 69330.9
7 539.943 539.943 69057.4
1 812.111 812.111 69410.4
2 520.414 1040.83 69672.4
3 182.251 182.251 69364.3
11 263.979 1055.92 69484.6
4 482.183 964.367 69393.2
5 136.269 136.269 69799.1
8 3251.35 13005.4 73007
11 1545.14 6180.55 71912.2
12 288.163 288.163 70597.5
13 705.302 705.302 70859.9
2 1393.46 5573.86 72281.1
3 504.189 504.189 71857.6
1 393.425 786.849 71386.9
0 200.909 200.909 71703.6
4 647.517 1295.03 71676.8
6 986.44 986.44 72482.3
10 29.6248 59.2496 71782.6
9 243.809 243.809 71875.2
5 534.215 1068.43 72022.9
7 2488.97 2488.97 74383.3
11 3282.04 13128.2 75028.7
13 918.799 1837.6 73674.7
12 845.363 845.363 73149
1 1687.44 3374.87 73904.2
4 2045.25 2045.25 74986.1
39
6 241.292 241.292 66267.9
2 160.277 320.555 65878.5
1 238.384 476.769 66569.1
7 858.32 858.32 66906.1
0 96.1445 96.1445 66411.4
10 290.821 581.642 67003.6
5 1154.09 4616.37 67472.5
8 903.794 3615.18 67438.9
13 1157.39 2314.79 67708
12 215.57 215.57 67115.7
11 469.742 1878.97 67615
3 615.383 615.383 67493.9
2 802.125 802.125 68017.4
4 955.411 1910.82 69303.5
1 1233.9 2467.8 69108.3
0 357.055 357.055 68923.7
10 358.2 358.2 69219.2
12 465.7 465.7 69627
9 285.804 285.804 69647.8
11 623.235 623.235 70105.3
13 150.282 150.282 69945.4
2 486.826 486.826 70503.6
7 572.533 572.533 70985.4
3 748.11 748.11 71331.2
0 499.122 499.122 71147.6
10 18.2685 18.2685 70674.4
5 139.865 279.73 71036.7
1 149.522 299.043 71355.3
4 538.611 538.611 71877.9
9 56.2088 56.2088 71613.4
11 365.318 365.318 72713.8
2 668.358 1336.72 72525.2
8 1058.67 2117.34 73402.4
6 396.776 396.776 75464.7
10 323.651 323.651 72932.3
5 376.743 753.485 73002.8
7 1217.76 2435.52 73660.8
0 1131.56 1131.56 73953.8
1 576.878 1153.76 73293.3
29
7 862.711 862.711 66735.4
2 41.8641 83.7281 66748.9
8 1028.6 2057.21 67746.5
1 256.355 512.711 67376.5
6 630.235 630.235 67386.9
10 146.251 292.501 67212.6
13 1083.75 1083.75 68108.1
3 195.865 195.865 67517.1
0 114.359 114.359 67990.2
2 483.702 483.702 69693.2
11 1471.51 5886.03 70576.3
1 253.09 253.09 69508.6
10 853.073 1706.15 70757.2
6 1034.44 1034.44 70373.9
0 734.993 734.993 70287.8
12 399.033 399.033 70454.6
5 493.315 1973.26 70459.1
4 276.138 276.138 70486.7
3 446.677 446.677 70792.8
7 2455.93 4911.85 72740.9
8 2479.91 9919.62 73155.7
9 1023.32 1023.32 72159.2
13 195.93 195.93 71199.9
1 584.259 584.259 72150
2 1401.6 2803.2 72991.5
0 1385.81 1385.81 73428.1
11 527.276 527.276 73154.1
6 344.34 344.34 72543.6
5 1278.19 5112.77 73801
35
6 241.292 241.292 66267.9
2 160.277 320.555 65878.5
1 238.384 476.769 66569.1
7 858.32 858.32 66906.1
0 96.1445 96.1445 66411.4
10 290.821 581.642 67003.6
5 1154.09 4616.37 67472.5
8 903.794 3615.18 67438.9
13 1157.39 2314.79 67708
12 215.57 215.57 67115.7
11 469.742 1878.97 67615
3 615.383 615.383 67493.9
2 802.125 802.125 68017.4
4 955.411 1910.82 69303.5
1 1233.9 2467.8 69108.3
0 357.055 357.055 68923.7
10 358.2 358.2 69219.2
12 465.7 465.7 69627
9 285.804 285.804 69647.8
5 610.76 2443.04 69964.2
13 970.494 970.494 70788.6
3 78.7382 78.7382 69941.2
2 643.121 1286.24 71111.7
7 678.332 678.332 71094.3
11 482.534 965.069 70920.1
8 191.355 382.711 70566.3
1 1901.85 3803.7 72595.8
0 610.234 610.234 71711
6 906.898 906.898 71910.9
9 442.435 442.435 72008.2
10 337.394 674.789 71927.3
5 443.693 443.693 72486
8 527.276 527.276 73154.1
12 98.1922 98.1922 72297.4
11 1278.19 5112.77 73801
38
1 849.189 849.189 66762.8
12 71.4559 71.4559 66066.7
13 799.178 799.178 67425.7
2 71.4152 71.4152 66751
4 910.814 1821.63 67895
0 584.385 584.385 67855.7
10 543.675 1087.35 67942.8
7 829.663 1659.33 67966.4
3 183.29 183.29 67770.8
5 364.512 729.023 68587
2 815.759 815.759 69773.4
1 551.586 551.586 69069
12 812.111 812.111 69410.4
11 236.961 473.923 69388.9
9 787.838 787.838 69969.9
8 2987.51 11950 72208.1
13 1836.32 3672.65 70747.3
5 1075.3 4301.19 70849
11 1686.87 6747.49 71954.8
7 153.547 307.094 70157.9
4 530.623 1061.25 70586.6
6 565.149 565.149 70947.6
10 2200.17 4400.33 73114
1 267.08 534.16 71097.9
2 2032.73 4065.46 73094.2
7 1642.91 3285.81 72905.3
12 213.275 213.275 71584.3
5 2654.69 10618.7 73884.2
11 2478.92 9915.68 74157
0 735.538 735.538 72358.2
9 507.617 507.617 72300.5
3 350.806 350.806 72072
4 766.015 1532.03 72543.1
8 2572.69 10290.7 74621.6
13 2286.44 2286.44 74394.2
2 2984.9 11939.6 75938.9
1 517.918 517.918 73503.5
4 2713.82 5427.64 75817.7
36
7 862.999 862.999 66774.5
13 212.96 425.92 66190
2 129.403 517.611 66581.2
5 1080.63 4322.52 67829.4
1 413.461 413.461 66595.8
12 40.5138 40.5138 66546.2
11 661.694 1323.39 66869.6
0 710.982 710.982 66990.6
4 378.607 757.214 66892.3
3 604.902 604.902 67272
13 676.472 1352.94 69024.6
10 241.046 482.093 68115.4
12 357.055 357.055 68923.7
1 357.911 357.911 69218.9
0 429.715 429.715 69591
9 285.804 285.804 69647.8
5 128.32 513.282 69481.8
6 931.894 931.894 70750
2 78.7382 78.7382 69941.2
4 621.412 1242.82 71090
7 678.332 678.332 71094.3
10 294.258 588.516 70731.8
8 932.724 1865.45 71307.7
13 1101.03 2202.07 71795
1 610.234 610.234 71711
11 180.429 721.716 71410
2 1298.31 5193.24 72976.4
9 438.543 438.543 72061.2
5 249.443 249.443 72042.3
3 567.698 567.698 72288.9
10 1756.59 3513.18 73533.6
8 2728.97 10915.9 74777.9
0 264.985 264.985 72372.7
11 835.123 3340.49 73789.1
4 125.452 125.452 73111.1
7 2274.51 4549.02 75378.4
32
1 849.189 849.189 66762.8
12 71.4559 71.4559 66066.7
13 799.178 799.178 67425.7
2 71.4152 71.4152 66751
4 910.814 1821.63 67895
0 584.385 584.385 67855.7
10 543.675 1087.35 67942.8
7 829.663 1659.33 67966.4
11 472.417 944.833 68699.5
2 507.467 507.467 69190.5
5 519.48 2077.92 69069.6
1 663.581 663.581 69321.5
3 128.952 128.952 68894.4
12 443.553 443.553 69619
9 301.546 301.546 69652.2
8 2256.2 9024.8 72029.9
11 943.541 3774.16 71211.5
7 153.547 307.094 70157.9
4 530.623 1061.25 70586.6
13 342.419 342.419 70724.8
10 2200.17 4400.33 73114
2 381.698 763.395 71212.5
5 558.923 1117.85 71620.4
1 968.954 1937.91 72231.4
0 256.775 256.775 71627.8
6 569.621 569.621 71573.6
3 339.928 339.928 71905.7
7 1731.11 3462.21 73321
12 589.071 589.071 72631.3
13 527.276 527.276 73154.1
4 1790.76 1790.76 73990
11 1039.49 4157.96 73562.3
41
7 862.999 862.999 66774.5
13 212.96 425.92 66190
2 129.403 517.611 66581.2
5 1080.63 4322.52 67829.4
1 413.461 413.461 66595.8
12 40.5138 40.5138 66546.2
11 661.694 1323.39 66869.6
0 710.982 710.982 66990.6
4 378.607 757.214 66892.3
3 604.902 604.902 67272
10 273.473 273.473 67861
13 448.649 897.298 68671.1
0 373.239 373.239 69330.9
7 539.943 539.943 69057.4
1 812.111 812.111 69410.4
2 520.414 1040.83 69672.4
3 182.251 182.251 69364.3
11 263.979 1055.92 69484.6
4 482.183 964.367 69393.2
8 2256.2 9024.8 72029.9
5 739.533 2958.13 71007.5
10 2174.03 4348.06 72178.4
13 502.542 1005.08 70558.6
6 565.149 565.149 70947.6
7 1214.55 2429.11 72128.4
4 2049.76 4099.53 72880.5
11 714.663 1429.33 71776.1
1 1860.67 3721.33 73123.1
3 362.134 362.134 71733.2
2 1208.08 2416.15 72413.8
12 657.819 657.819 71997.1
9 241.28 241.28 71798.4
0 2011.46 2011.46 74360
13 505.759 1011.52 72362.6
5 863.174 1726.35 73206.9
6 1270.1 1270.1 76338
3 1347.1 1347.1 73955.8
11 1031.55 2063.1 73657.6
8 1897.67 3795.34 74340.7
9 934.416 934.416 73756.6
7 3262.85 6525.7 75979.3
28
1 849.189 849.189 66762.8
12 71.4559 71.4559 66066.7
13 799.178 799.178 67425.7
2 71.4152 71.4152 66751
4 910.814 1821.63 67895
0 584.385 584.385 67855.7
10 543.675 1087.35 67942.8
7 829.663 1659.33 67966.4
12 192.709 192.709 68068.5
2 483.702 483.702 69693.2
8 1392.39 5569.58 70497.2
11 322.621 322.621 69578.1
5 1031.42 4125.67 70805.1
11 1822.17 7288.68 72090.1
7 153.547 307.094 70157.9
4 530.623 1061.25 70586.6
1 342.419 342.419 70724.8
13 471.347 942.693 71385.2
10 1659.28 3318.56 72490.1
2 1952.56 3905.12 73014
7 1642.91 3285.81 72905.3
0 256.775 256.775 71627.8
6 272 272 71893.9
8 1909.26 7637.05 73660.6
4 1186.36 2372.72 73139.9
12 312.269 312.269 72257.3
3 171.162 171.162 72203
9 1117.66 1117.66 74224.5
37
1 849.189 849.189 66762.8
12 71.4559 71.4559 66066.7
13 799.178 799.178 67425.7
2 71.4152 71.4152 66751
4 910.814 1821.63 67895
0 584.385 584.385 67855.7
10 543.675 1087.35 67942.8
7 829.663 1659.33 67966.4
5 500.302 1000.6 67873.5
12 337.552 337.552 68432
3 203.955 203.955 68187.3
9 559.437 559.437 68728
2 467.447 934.894 68884.3
11 338.613 1354.45 68935.3
1 2064.6 4129.2 71360.5
13 1329.02 1329.02 70284.1
8 1608.58 6434.32 70557.9
0 134.296 134.296 69797.1
5 286.488 1145.95 70042.2
2 1393.41 5573.64 71760.4
4 175.996 175.996 70485.3
12 503.91 503.91 70658.5
11 1486.56 5946.26 72374.2
10 559.589 559.589 71913
7 1877.38 3754.75 72870.9
6 1157.43 1157.43 72660.1
5 941.678 1883.36 71971
0 1418.15 1418.15 72914
13 831.112 1662.22 72584.1
3 371.097 371.097 72002.5
4 1147.73 2295.47 72636.4
9 405.318 405.318 72299.6
8 1927.78 7711.11 73674.4
1 998.343 1996.69 73754.2
12 1191.04 1191.04 73494.6
2 2644.78 5289.56 74861.5
10 1567.33 1567.33 74508.2
40
6 241.292 241.292 66267.9
2 160.277 320.555 65878.5
1 238.384 476.769 66569.1
7 858.32 858.32 66906.1
0 96.1445 96.1445 66411.4
10 290.821 581.642 67003.6
5 1154.09 4616.37 67472.5
8 903.794 3615.18 67438.9
13 1157.39 2314.79 67708
12 215.57 215.57 67115.7
11 469.742 1878.97 67615
3 615.383 615.383 67493.9
2 802.125 802.125 68017.4
4 394.373 788.747 68621.5
1 312.39 312.39 68995.4
8 2595.98 10383.9 71146.1
7 524.093 524.093 69182
9 309.414 309.414 69074.9
3 388.386 388.386 69563.8
11 434.529 434.529 69785.2
5 610.76 2443.04 69964.2
13 970.494 970.494 70788.6
0 78.7382 78.7382 69941.2
10 621.412 1242.82 71090
12 1316.9 1316.9 71732.9
2 555.124 1110.25 70992.7
4 1802.29 3604.58 72177.2
1 350.617 701.235 71044.5
9 921.155 921.155 72021.9
7 1441.69 2883.38 72471
11 1316.56 1316.56 72812.4
5 952.063 1904.13 72705
3 588.784 588.784 72220.2
13 1321.79 2643.59 72810.5
0 607.093 607.093 72501.4
2 791.313 3165.25 72537.9
1 1899.51 3799.02 74655.4
6 2275.7 2275.7 74579.3
10 1974.38 3948.75 74191.1
8 1684.93 1684.93 74625.8
31
7 862.711 862.711 66735.4
2 41.8641 83.7281 66748.9
8 1028.6 2057.21 67746.5
1 256.355 512.711 67376.5
6 630.235 630.235 67386.9
10 146.251 292.501 67212.6
13 1083.75 1083.75 68108.1
3 195.865 195.865 67517.1
0 114.359 114.359 67990.2
2 483.702 483.702 69693.2
11 1471.51 5886.03 70576.3
1 253.09 253.09 69508.6
0 708.098 708.098 70190.2
6 341.125 341.125 70136.3
3 593.55 593.55 70610.4
13 372.944 372.944 70785.8
12 909.416 909.416 71492.5
10 756.233 756.233 71404.7
4 518.333 518.333 71174.5
5 755.486 1510.97 71652.3
8 2152.05 8608.2 73381.6
2 961.979 3847.92 72640.1
1 628.168 628.168 72250.9
9 978.443 978.443 72771.3
7 2471.91 2471.91 74193.1
11 1631.5 3262.99 73408.5
5 2016.89 8067.54 74065.8
6 264.985 264.985 72372.7
2 2632.99 10532 75587
13 517.918 517.918 73503.5
4 329.075 658.15 73433
32
7 862.711 862.711 66735.4
2 41.8641 83.7281 66748.9
8 1028.6 2057.21 67746.5
1 256.355 512.711 67376.5
6 630.235 630.235 67386.9
10 146.251 292.501 67212.6
13 1083.75 1083.75 68108.1
3 195.865 195.865 67517.1
0 114.359 114.359 67990.2
2 483.702 483.702 69693.2
11 1471.51 5886.03 70576.3
1 253.09 253.09 69508.6
0 381.53 381.53 70044.3
5 327.903 1311.61 70083.6
8 1544.29 6177.14 71911.3
12 366.247 366.247 70675.6
3 758.714 758.714 70913.3
2 881.972 3527.89 71769.6
4 875.932 875.932 72229.4
10 708.039 1416.08 71701.5
6 727.947 727.947 72230.6
1 316.889 633.778 71346.2
7 1091.45 1091.45 72587.3
13 2300.01 4600.02 74053
9 243.809 243.809 71875.2
5 747.413 1494.83 72236.1
0 1095.76 1095.76 72990.1
11 2661.58 10646.3 74408.2
1 845.826 1691.65 73601.7
12 886.382 886.382 73190
10 2002.05 4004.1 74218.8
3 2086.29 2086.29 75027.1
36
7 862.711 862.711 66735.4
2 41.8641 83.7281 66748.9
8 1028.6 2057.21 67746.5
1 256.355 512.711 67376.5
6 630.235 630.235 67386.9
10 146.251 292.501 67212.6
13 1083.75 1083.75 68108.1
3 195.865 195.865 67517.1
12 299.328 299.328 67886.8
4 264.891 529.781 68487.4
2 815.759 815.759 69773.4
7 579.001 579.001 69096.4
0 571.952 571.952 69170.3
11 236.961 473.923 69388.9
1 230.799 230.799 69412.9
5 467.178 1868.71 69687.8
10 150.877 301.753 69061.9
9 838.883 838.883 70321
6 341.125 341.125 70136.3
3 593.55 593.55 70610.4
13 372.944 372.944 70785.8
4 748.11 748.11 71331.2
0 602.693 602.693 71251.2
10 448.751 448.751 71104.9
7 1522.99 3045.98 72419.8
11 889.612 3558.45 72119.1
2 970.341 3881.36 72648.5
5 628.168 628.168 72250.9
1 270.218 270.218 72063.1
12 350.806 350.806 72072
8 1209.17 2418.33 72986.2
11 2483.71 9934.82 74532.7
6 264.985 264.985 72372.7
5 2243.75 8975.02 75197.8
13 517.918 517.918 73503.5
10 303.492 606.985 73407.4
29
1 849.189 849.189 66762.8
12 71.4559 71.4559 66066.7
13 799.178 799.178 67425.7
2 71.4152 71.4152 66751
4 910.814 1821.63 67895
0 584.385 584.385 67855.7
10 543.675 1087.35 67942.8
7 829.663 1659.33 67966.4
11 472.417 944.833 68699.5
2 507.467 507.467 69190.5
5 519.48 2077.92 69069.6
1 663.581 663.581 69321.5
3 128.952 128.952 68894.4
12 443.553 443.553 69619
9 301.546 301.546 69652.2
10 719.192 719.192 70201.3
7 233.226 233.226 70028.4
0 662.489 662.489 70679.3
13 572.533 572.533 70985.4
11 630.57 630.57 71213.7
5 408.704 408.704 71057.2
4 143.486 143.486 70799.6
1 1310.04 2620.08 72206.9
6 272 272 71893.9
2 1614.1 6456.41 73365.4
10 985.683 1971.37 72939.3
12 312.269 312.269 72257.3
3 145.807 145.807 72177.6
0 351.714 351.714 73458.5
34
7 862.711 862.711 66735.4
2 41.8641 83.7281 66748.9
8 1028.6 2057.21 67746.5
1 256.355 512.711 67376.5
6 630.235 630.235 67386.9
10 146.251 292.501 67212.6
13 1083.75 1083.75 68108.1
3 195.865 195.865 67517.1
12 299.328 299.328 67886.8
4 264.891 529.781 68487.4
2 815.759 815.759 69773.4
7 579.001 579.001 69096.4
0 571.952 571.952 69170.3
11 236.961 473.923 69388.9
1 230.799 230.799 69412.9
5 467.178 1868.71 69687.8
10 150.877 301.753 69061.9
8 1507.18 6028.73 71280.9
11 1686.87 6747.49 71954.8
13 230.876 461.753 70235.2
4 571.704 1143.41 70627.7
6 342.419 342.419 70724.8
10 2564.6 5129.21 73478.5
7 292.462 584.924 71123.2
1 1136.99 2273.98 72198.4
5 1354.21 2708.43 72616.6
0 177.597 177.597 71548.6
3 2155.57 2155.57 73159.6
9 296.378 296.378 71862.2
2 1335.63 2671.27 72925.6
12 632.509 632.509 72674.8
6 527.276 527.276 73154.1
13 98.1922 98.1922 72297.4
8 583.623 2334.49 73106.4
34
7 862.711 862.711 66735.4
2 41.8641 83.7281 66748.9
8 1028.6 2057.21 67746.5
1 256.355 512.711 67376.5
6 630.235 630.235 67386.9
10 146.251 292.501 67212.6
13 1083.75 1083.75 68108.1
3 195.865 195.865 67517.1
12 299.328 299.328 67886.8
4 264.891 529.781 68487.4
2 815.759 815.759 69773.4
7 579.001 579.001 69096.4
0 571.952 571.952 69170.3
11 236.961 473.923 69388.9
1 230.799 230.799 69412.9
5 467.178 1868.71 69687.8
10 150.877 301.753 69061.9
8 1609.28 3218.56 71513.4
6 1034.44 1034.44 70373.9
3 1258.94 1258.94 70811.8
12 509.994 509.994 70565.6
11 2160.63 8642.51 72126.4
9 325.681 325.681 70536.2
4 378.853 378.853 70725
13 2455.93 4911.85 72740.9
5 1426.22 5704.87 72102
7 821.601 821.601 71957.4
1 1533.94 1533.94 72537.9
10 339.928 339.928 71905.7
2 1335.63 2671.27 72925.6
0 391.137 391.137 72433.4
6 686.11 686.11 73313
3 779.162 779.162 72978.4
8 816.209 3264.84 73339
31
7 862.711 862.711 66735.4
2 41.8641 83.7281 66748.9
8 1028.6 2057.21 67746.5
1 256.355 512.711 67376.5
6 630.235 630.235 67386.9
10 146.251 292.501 67212.6
13 1083.75 1083.75 68108.1
3 195.865 195.865 67517.1
4 955.411 1910.82 69303.5
5 440.456 880.913 68314.8
12 177.053 177.053 68743.7
0 146.092 146.092 69007
2 567.996 567.996 69729.3
9 285.804 285.804 69647.8
11 870.433 3481.73 70644.1
5 684 2736 70951.9
7 174.303 348.607 70178.6
1 624.15 1248.3 70680.2
13 319.614 319.614 70702
8 471.347 942.693 71385.2
4 1242.65 2485.3 72073.4
10 285.34 570.681 71346.8
2 1159.74 2319.48 72422.2
0 375.952 375.952 71747
6 195.93 195.93 71199.9
3 339.928 339.928 71905.7
7 1751.86 3503.72 73341.8
12 589.071 589.071 72631.3
13 527.276 527.276 73154.1
11 612.136 612.136 72811.4
5 841.79 3367.16 73364.5
35
7 862.711 862.711 66735.4
2 41.8641 83.7281 66748.9
8 1028.6 2057.21 67746.5
1 256.355 512.711 67376.5
6 630.235 630.235 67386.9
10 146.251 292.501 67212.6
13 1083.75 1083.75 68108.1
3 195.865 195.865 67517.1
4 394.373 788.747 68621.5
2 509.596 509.596 69192.6
11 478.575 1914.3 69028.7
7 690.473 690.473 69348.4
5 274.02 274.02 69039.5
1 443.553 443.553 69619
9 301.546 301.546 69652.2
0 544.611 544.611 70207.4
8 2507.1 10028.4 72262.8
11 1089.19 4356.76 71456.2
12 366.247 366.247 70675.6
4 711.523 711.523 70866.1
2 382.443 1529.77 71270.1
7 786.826 786.826 72140.3
5 708.039 1416.08 71701.5
6 727.947 727.947 72230.6
2 3793.06 15172.2 75022.6
11 2499.2 9996.79 74177.3
9 438.543 438.543 72061.2
1 420.853 420.853 72213.7
3 350.806 350.806 72072
10 1195.63 2391.26 72972.7
5 2550.23 10200.9 74599.2
13 264.985 264.985 72372.7
8 2153.49 8613.98 75107.5
12 1406.66 1406.66 74392.3
4 208.789 417.578 73312.7
32
1 849.189 849.189 66762.8
12 71.4559 71.4559 66066.7
13 799.178 799.178 67425.7
2 71.4152 71.4152 66751
4 910.814 1821.63 67895
0 584.385 584.385 67855.7
10 543.675 1087.35 67942.8
7 829.663 1659.33 67966.4
12 192.709 192.709 68068.5
2 483.702 483.702 69693.2
8 1392.39 5569.58 70497.2
11 322.621 322.621 69578.1
10 719.192 719.192 70201.3
7 233.226 233.226 70028.4
0 662.489 662.489 70679.3
1 572.533 572.533 70985.4
4 708.425 708.425 71291.5
12 499.122 499.122 71147.6
3 532.726 532.726 71188.9
5 755.486 1510.97 71652.3
11 481.138 962.275 71686.9
9 1198.67 1198.67 72538
10 717.309 717.309 72274.5
2 1985.24 1985.24 74333.8
7 1747.85 3495.69 73604.7
8 1058.67 2117.34 73402.4
6 883.123 883.123 75951.1
0 109.823 109.823 72718.5
1 2103.21 4206.43 74729.3
13 1217.76 2435.52 73660.8
3 668.773 668.773 73491
4 1113.17 2226.35 73829.6
35
6 241.292 241.292 66267.9
2 160.277 320.555 65878.5
1 238.384 476.769 66569.1
7 858.32 858.32 66906.1
0 96.1445 96.1445 66411.4
10 290.821 581.642 67003.6
5 1154.09 4616.37 67472.5
8 903.794 3615.18 67438.9
13 1157.39 2314.79 67708
12 215.57 215.57 67115.7
11 469.742 1878.97 67615
3 615.383 615.383 67493.9
2 802.125 802.125 68017.4
4 394.373 788.747 68621.5
1 312.39 312.39 68995.4
8 2595.98 10383.9 71146.1
7 524.093 524.093 69182
9 309.414 309.414 69074.9
3 388.386 388.386 69563.8
11 434.529 434.529 69785.2
0 458.244 458.244 70121.1
5 547.356 2189.42 70303
2 672.101 2688.4 71039.1
10 288.163 288.163 70597.5
4 711.523 711.523 70866.1
11 2237.6 8950.38 73125.2
12 559.589 559.589 71913
7 1331.18 2662.36 72324.7
1 520.25 520.25 72022.9
13 340.423 340.423 71962.3
5 966.359 3865.44 72717.7
10 1197.22 2394.44 73150.8
0 256.63 256.63 72201.6
9 145.807 145.807 72177.6
4 172.856 172.856 73279.7
37
6 241.292 241.292 66267.9
2 160.277 320.555 65878.5
1 238.384 476.769 66569.1
7 858.32 858.32 66906.1
0 96.1445 96.1445 66411.4
10 290.821 581.642 67003.6
5 1154.09 4616.37 67472.5
8 903.794 3615.18 67438.9
13 1157.39 2314.79 67708
12 215.57 215.57 67115.7
11 469.742 1878.97 67615
3 615.383 615.383 67493.9
2 802.125 802.125 68017.4
4 546.206 546.206 68422
12 334.257 334.257 69543.8
8 821.76 3287.04 69926.6
0 253.09 253.09 69508.6
1 412.776 412.776 70075.6
11 477.367 1909.47 70233
2 672.101 2688.4 71039.1
5 233.224 233.224 70542.6
3 717.766 717.766 70872.3
8 1212.22 4848.9 72099.9
4 559.589 559.589 71913
10 539.889 1079.78 71533.4
12 104.69 104.69 71607.4
7 1672.88 3345.75 72702.2
13 1091.45 1091.45 72587.3
1 1063.06 2126.12 72816
9 243.809 243.809 71875.2
11 896.876 1793.75 72385.5
0 607.093 607.093 72501.4
5 1320.29 5281.18 73066.9
2 1148.98 2297.96 73904.8
6 2275.7 2275.7 74579.3
10 1833.9 3667.8 74050.7
3 2068.42 2068.42 75009.3
37
7 240.539 240.539 65976.2
2 163.906 327.812 66296.8
1 136.788 273.577 66901
11 1305.52 5222.08 67952.1
13 590.638 590.638 67577.6
5 1104.56 4418.22 67668.5
6 455.495 455.495 67356
10 902.9 1805.8 67987.4
8 1153.71 1153.71 68043.5
4 2015.68 4031.36 69017.6
7 2135.38 4270.77 69613.9
12 1505.09 1505.09 68982.6
2 1598.89 3197.77 69098.5
0 114.359 114.359 67990.2
1 160.217 160.217 69369.7
5 1395.05 5580.21 70499.9
3 530.523 530.523 69786
11 1177.87 4711.48 70531.4
13 981.948 981.948 70800.1
0 78.7382 78.7382 69941.2
10 368.644 737.289 70837.3
8 678.332 678.332 71094.3
4 2601.04 5202.09 73038.6
2 714.575 1429.15 71089.5
1 721.822 1443.64 71415.7
12 394.426 394.426 71495.2
7 365.314 730.628 71394.6
3 1274.58 1274.58 72770.4
5 2794.81 5589.62 74547.8
9 243.809 243.809 71875.2
11 1193.76 2387.51 72682.4
0 607.093 607.093 72501.4
2 3174.78 12699.1 74921.4
13 909.935 1819.87 73665.8
6 2275.7 2275.7 74579.3
10 1749.03 3498.06 73965.8
8 506.098 506.098 73446.9
33
6 241.292 241.292 66267.9
2 160.277 320.555 65878.5
1 238.384 476.769 66569.1
7 858.32 858.32 66906.1
0 96.1445 96.1445 66411.4
10 290.821 581.642 67003.6
5 1154.09 4616.37 67472.5
8 903.794 3615.18 67438.9
13 1157.39 2314.79 67708
12 215.57 215.57 67115.7
11 469.742 1878.97 67615
3 615.383 615.383 67493.9
2 802.125 802.125 68017.4
4 546.206 546.206 68422
12 334.257 334.257 69543.8
8 821.76 3287.04 69926.6
0 253.09 253.09 69508.6
5 610.76 2443.04 69964.2
13 970.494 970.494 70788.6
3 78.7382 78.7382 69941.2
4 472.241 944.482 70940.9
7 678.332 678.332 71094.3
11 482.534 965.069 70920.1
10 1802.29 3604.58 72177.2
1 1519.09 3038.18 72213
0 488.539 488.539 71589.3
12 641.33 641.33 71645.3
9 296.378 296.378 71862.2
2 588.057 1176.11 72178
5 443.693 443.693 72486
8 527.276 527.276 73154.1
6 699.102 699.102 72898.3
11 1278.19 5112.77 73801
42
6 241.292 241.292 66267.9
2 160.277 320.555 65878.5
1 238.384 476.769 66569.1
7 858.32 858.32 66906.1
0 96.1445 96.1445 66411.4
10 290.821 581.642 67003.6
5 1154.09 4616.37 67472.5
8 903.794 3615.18 67438.9
13 1157.39 2314.79 67708
12 215.57 215.57 67115.7
11 469.742 1878.97 67615
3 615.383 615.383 67493.9
2 802.125 802.125 68017.4
4 394.373 788.747 68621.5
1 312.39 312.39 68995.4
8 2595.98 10383.9 71146.1
7 524.093 524.093 69182
9 309.414 309.414 69074.9
3 388.386 388.386 69563.8
11 434.529 434.529 69785.2
5 661.546 2646.18 70435.2
2 912.955 3651.82 71180.9
13 174.303 348.607 70178.6
4 491.052 982.103 70547.1
6 1023.28 1023.28 71405.7
1 1153.21 2306.41 72067.1
7 373.57 747.14 71204.3
10 558.923 1117.85 71620.4
11 1529.27 3058.55 72791.7
0 375.952 375.952 71747
13 2792.66 5585.32 73998.4
3 657.819 657.819 71997.1
12 478.565 478.565 72035.7
9 706.148 706.148 73054.7
4 495.248 990.495 72352.1
5 968.591 1937.18 73312.3
8 3192.19 3192.19 78260.1
2 1358.08 1358.08 73966.7
7 2261.85 4523.7 74887.9
10 1927.57 3855.14 74370.6
6 2583.19 2583.19 75405.4
1 3201.5 6403.01 75918
43
7 240.539 240.539 65976.2
2 163.906 327.812 66296.8
1 136.788 273.577 66901
11 1305.52 5222.08 67952.1
13 590.638 590.638 67577.6
5 1104.56 4418.22 67668.5
6 455.495 455.495 67356
10 902.9 1805.8 67987.4
8 1153.71 1153.71 68043.5
4 2015.68 4031.36 69017.6
7 2135.38 4270.77 69613.9
12 1505.09 1505.09 68982.6
2 1598.89 3197.77 69098.5
1 2006.83 4013.66 69380
0 264.774 264.774 68359.2
3 203.955 203.955 68187.3
9 559.437 559.437 68728
13 2236.25 4472.5 70653.1
5 1376.86 5507.45 69973.5
11 2026.9 4053.8 71322.8
6 2735.77 2735.77 71690.9
8 1323.78 5295.11 70273.1
2 2026.17 8104.68 71799.8
5 2217.57 8870.29 72485.5
10 1834.37 3668.75 71838.7
4 2098.78 4197.57 72154.8
0 1630.33 1630.33 72012.7
1 2882.72 5765.44 73796.6
7 1533.12 3066.23 72363.9
8 2532.42 5064.84 73593.9
13 2747.59 5495.19 74010
3 483.946 483.946 71855
11 2061.71 4123.43 73091
12 1306.9 1306.9 72802.7
2 3374.78 6749.56 75127.8
9 371.097 371.097 72002.5
10 3417.87 6835.75 74906.5
6 2213.52 2213.52 74107.8
5 3470.29 13881.2 75216.9
4 1792.61 3585.21 74548.5
3 2014.13 2014.13 74317.7
7 3959.55 7919.09 76176.3
9 2620.98 2620.98 75561.8
38
7 240.539 240.539 65976.2
2 163.906 327.812 66296.8
1 136.788 273.577 66901
11 1305.52 5222.08 67952.1
13 590.638 590.638 67577.6
5 1104.56 4418.22 67668.5
6 455.495 455.495 67356
10 902.9 1805.8 67987.4
8 1153.71 1153.71 68043.5
4 2015.68 4031.36 69017.6
7 2135.38 4270.77 69613.9
12 1505.09 1505.09 68982.6
2 1598.89 3197.77 69098.5
1 2006.83 4013.66 69380
0 264.774 264.774 68359.2
3 203.955 203.955 68187.3
9 559.437 559.437 68728
13 2236.25 4472.5 70653.1
5 1376.86 5507.45 69973.5
11 2026.9 4053.8 71322.8
6 2735.77 2735.77 71690.9
8 1323.78 5295.11 70273.1
10 272.586 545.172 70176.8
3 1629.53 1629.53 70969
0 800.872 800.872 70353.7
9 870.908 870.908 70926.5
2 2245.37 8981.47 72211.1
12 1623.99 1623.99 71834.5
4 2372.89 2372.89 72719
1 631.005 1262.01 70916
5 1711.97 6847.87 72387.8
7 893.49 893.49 72029.3
10 1146.21 1146.21 72768.1
8 1157.99 4631.95 72909.3
13 262.709 525.418 72216.3
0 1218.34 1218.34 73163.4
1 411.822 411.822 72443.6
9 662.995 662.995 73769.8
39
7 240.539 240.539 65976.2
2 163.906 327.812 66296.8
1 136.788 273.577 66901
11 1305.52 5222.08 67952.1
13 590.638 590.638 67577.6
5 1104.56 4418.22 67668.5
6 455.495 455.495 67356
10 902.9 1805.8 67987.4
8 1153.71 1153.71 68043.5
4 2015.68 4031.36 69017.6
7 2135.38 4270.77 69613.9
12 1505.09 1505.09 68982.6
2 1598.89 3197.77 69098.5
1 1267.19 2534.37 69615.3
13 2822.41 5644.81 70696.8
3 170.988 170.988 68737.6
0 146.092 146.092 69007
9 1038.29 1038.29 70199.6
5 1200.19 1200.19 70562.2
11 1177.87 4711.48 70531.4
8 1059.06 1059.06 70877.2
10 469.547 469.547 70332
4 2105.24 4210.48 72573.9
6 1426.21 1426.21 71842.2
2 2001.24 4002.48 72438.8
7 1969.69 3939.37 72344.6
1 1684.05 3368.1 72378
12 394.426 394.426 71495.2
11 1771.75 7087 73001.3
5 1944.69 7778.76 73622.8
0 628.168 628.168 72250.9
3 420.853 420.853 72213.7
9 1883.13 1883.13 73604.3
10 834.165 1668.33 72611.2
8 954.14 3816.56 73003.1
13 2235.9 2235.9 74343.6
2 2329.52 9318.06 75283.5
12 1217.25 1217.25 74202.9
7 3237.09 6474.19 76341
38
7 240.539 240.539 65976.2
2 163.906 327.812 66296.8
1 136.788 273.577 66901
11 1305.52 5222.08 67952.1
13 590.638 590.638 67577.6
5 1104.56 4418.22 67668.5
6 455.495 455.495 67356
10 902.9 1805.8 67987.4
8 1153.71 1153.71 68043.5
4 2015.68 4031.36 69017.6
7 2135.38 4270.77 69613.9
12 1505.09 1505.09 68982.6
2 1598.89 3197.77 69098.5
1 2006.83 4013.66 69380
0 264.774 264.774 68359.2
3 203.955 203.955 68187.3
9 559.437 559.437 68728
13 2236.25 4472.5 70653.1
5 1376.86 5507.45 69973.5
11 2026.9 4053.8 71322.8
6 2735.77 2735.77 71690.9
8 1323.78 5295.11 70273.1
2 2053.88 8215.54 71407.4
10 1449.86 1449.86 71268
3 269.501 269.501 70131.9
4 2105.24 4210.48 72573.9
0 959.167 959.167 71375.1
1 759.559 1519.12 71197.1
7 1969.69 3939.37 72344.6
5 2228.87 4457.75 72922.8
12 394.426 394.426 71495.2
9 2155.57 2155.57 73159.6
3 1023.12 1023.12 72588.9
8 1207.5 2415 72797.4
13 1038.79 1038.79 73081.1
1 2699.89 2699.89 75326.7
10 1732.42 1732.42 73931.6
11 787.827 3151.31 73310.6
39
7 240.539 240.539 65976.2
2 163.906 327.812 66296.8
1 136.788 273.577 66901
11 1305.52 5222.08 67952.1
13 590.638 590.638 67577.6
5 1104.56 4418.22 67668.5
6 455.495 455.495 67356
10 902.9 1805.8 67987.4
8 1153.71 1153.71 68043.5
4 2015.68 4031.36 69017.6
7 2135.38 4270.77 69613.9
12 1505.09 1505.09 68982.6
2 1598.89 3197.77 69098.5
1 1267.19 2534.37 69615.3
13 2822.41 5644.81 70696.8
3 170.988 170.988 68737.6
0 146.092 146.092 69007
9 1038.29 1038.29 70199.6
5 1200.19 1200.19 70562.2
10 190.144 190.144 69853
11 1022.42 4089.69 70778.1
8 1544.29 6177.14 71911.3
6 2680.63 2680.63 72990
3 702.401 702.401 70857
2 304.331 1217.32 71192
12 541.435 541.435 71894.9
4 1877.38 3754.75 72870.9
0 1276.24 1276.24 72778.9
5 1424.47 5697.88 72654
11 2509.34 10037.3 74187.4
7 840.685 840.685 72463.4
1 261.426 261.426 72054.3
10 1040.86 1040.86 72762
13 1721.56 3443.11 73498.6
2 2613.27 10453.1 74662.2
9 412.516 412.516 72520.3
8 1653.33 6613.32 74607.3
3 1640.29 1640.29 74625.9
1 1636.66 3273.33 74740.6
42
6 241.292 241.292 66267.9
2 160.277 320.555 65878.5
1 238.384 476.769 66569.1
7 858.32 858.32 66906.1
0 96.1445 96.1445 66411.4
10 290.821 581.642 67003.6
5 1154.09 4616.37 67472.5
8 903.794 3615.18 67438.9
13 1157.39 2314.79 67708
12 215.57 215.57 67115.7
11 469.742 1878.97 67615
3 615.383 615.383 67493.9
2 802.125 802.125 68017.4
4 381.669 381.669 67969.2
1 1306.71 2613.43 69529.2
12 700.66 700.66 69658.3
7 408.493 408.493 68925.9
0 812.111 812.111 69410.4
10 520.414 1040.83 69672.4
9 787.838 787.838 69969.9
5 624.308 2497.23 69844.9
8 2455.93 4911.85 71366.9
11 623.235 623.235 70105.3
13 150.282 150.282 69945.4
2 486.826 486.826 70503.6
6 1314.73 1314.73 71727.6
3 748.11 748.11 71331.2
4 756.233 756.233 71404.7
7 1514.14 1514.14 72170.3
1 492.025 984.049 71388.9
10 1208.08 2416.15 72413.8
0 467.414 467.414 71806.7
5 478.565 478.565 72035.7
11 365.318 365.318 72713.8
2 668.358 1336.72 72525.2
13 1058.67 2117.34 73402.4
12 1078.66 1078.66 76146.6
9 206.487 206.487 72815.2
8 622.37 1244.74 73248.4
1 1278.87 2557.75 73721.9
3 1835.73 1835.73 74658
4 720.922 1441.84 73437.4
39
6 241.292 241.292 66267.9
2 160.277 320.555 65878.5
1 238.384 476.769 66569.1
7 858.32 858.32 66906.1
0 96.1445 96.1445 66411.4
10 290.821 581.642 67003.6
5 1154.09 4616.37 67472.5
8 903.794 3615.18 67438.9
13 1157.39 2314.79 67708
12 215.57 215.57 67115.7
11 469.742 1878.97 67615
3 615.383 615.383 67493.9
2 802.125 802.125 68017.4
4 394.373 788.747 68621.5
1 312.39 312.39 68995.4
8 2595.98 10383.9 71146.1
7 524.093 524.093 69182
9 309.414 309.414 69074.9
3 388.386 388.386 69563.8
11 434.529 434.529 69785.2
0 767.201 767.201 70249.3
13 150.282 150.282 69945.4
2 486.826 486.826 70503.6
4 1214.69 1214.69 71627.5
10 748.11 748.11 71331.2
12 499.122 499.122 71147.6
5 316.809 316.809 70973
7 1441.57 2883.14 72338.4
1 1618.93 3237.87 72648.2
11 1316.56 1316.56 72812.4
13 2300.01 4600.02 74053
9 371.097 371.097 72002.5
2 1482.96 2965.93 72971.6
3 607.093 607.093 72501.4
5 1312.92 5251.69 73059.6
8 645.709 1291.42 73401.6
0 283.103 283.103 72586.7
10 2215.56 4431.11 74432.3
6 1054.83 1054.83 73995.7
28
7 862.711 862.711 66735.4
2 41.8641 83.7281 66748.9
8 1028.6 2057.21 67746.5
1 256.355 512.711 67376.5
6 630.235 630.235 67386.9
10 146.251 292.501 67212.6
13 1083.75 1083.75 68108.1
3 195.865 195.865 67517.1
0 114.359 114.359 67990.2
2 483.702 483.702 69693.2
11 1471.51 5886.03 70576.3
1 253.09 253.09 69508.6
10 853.073 1706.15 70757.2
6 1034.44 1034.44 70373.9
0 734.993 734.993 70287.8
12 399.033 399.033 70454.6
5 493.315 1973.26 70459.1
4 276.138 276.138 70486.7
3 446.677 446.677 70792.8
7 2455.93 4911.85 72740.9
8 2479.91 9919.62 73155.7
9 1023.32 1023.32 72159.2
13 340.423 340.423 71962.3
2 1394.74 5578.96 73146
4 163.775 327.55 72117.3
1 312.269 312.269 72257.3
5 145.807 145.807 72177.6
12 543.782 543.782 73650.6
32
1 849.189 849.189 66762.8
12 71.4559 71.4559 66066.7
13 799.178 799.178 67425.7
2 71.4152 71.4152 66751
4 910.814 1821.63 67895
0 584.385 584.385 67855.7
10 543.675 1087.35 67942.8
7 829.663 1659.33 67966.4
12 192.709 192.709 68068.5
2 483.702 483.702 69693.2
8 1392.39 5569.58 70497.2
11 322.621 322.621 69578.1
10 719.192 719.192 70201.3
7 233.226 233.226 70028.4
0 662.489 662.489 70679.3
1 572.533 572.533 70985.4
4 708.425 708.425 71291.5
12 499.122 499.122 71147.6
3 532.726 532.726 71188.9
5 755.486 1510.97 71652.3
11 481.138 962.275 71686.9
9 1198.67 1198.67 72538
10 717.309 717.309 72274.5
2 1985.24 1985.24 74333.8
7 1747.85 3495.69 73604.7
8 1058.67 2117.34 73402.4
6 883.123 883.123 75951.1
0 109.823 109.823 72718.5
1 2103.21 4206.43 74729.3
13 1217.76 2435.52 73660.8
3 668.773 668.773 73491
4 1113.17 2226.35 73829.6
38
7 240.539 240.539 65976.2
2 163.906 327.812 66296.8
1 136.788 273.577 66901
11 1305.52 5222.08 67952.1
13 590.638 590.638 67577.6
5 1104.56 4418.22 67668.5
6 455.495 455.495 67356
10 902.9 1805.8 67987.4
8 1153.71 1153.71 68043.5
4 2015.68 4031.36 69017.6
7 2135.38 4270.77 69613.9
12 1505.09 1505.09 68982.6
2 1598.89 3197.77 69098.5
3 183.29 183.29 67770.8
1 1638.63 3277.25 69861.1
0 893.861 893.861 69851.5
9 1720.96 1720.96 70238.4
6 3183.57 3183.57 71781.9
13 1617.98 3235.96 70770
5 896.523 896.523 70078.6
11 1592.88 6371.53 70813.5
10 1574.19 3148.37 70485.2
3 755.68 755.68 70418.5
8 2507.1 10028.4 72262.8
2 1445.52 5782.06 71812.5
12 1497.64 1497.64 71807
4 2342.01 2342.01 72496.6
5 1971.69 7886.74 72859.3
7 727.588 727.588 72081
1 889.957 1779.91 71883.4
0 395.537 395.537 71898.2
9 1333.81 1333.81 72337.8
3 1819.67 1819.67 73385.4
10 981.849 1963.7 72571.8
13 1943.89 1943.89 73986.2
11 1973.54 1973.54 74600.4
6 3223.2 3223.2 75422.4
2 1115.3 4461.2 73638.1
41
7 240.539 240.539 65976.2
2 163.906 327.812 66296.8
1 136.788 273.577 66901
11 1305.52 5222.08 67952.1
13 590.638 590.638 67577.6
5 1104.56 4418.22 67668.5
6 455.495 455.495 67356
10 902.9 1805.8 67987.4
8 1153.71 1153.71 68043.5
4 2015.68 4031.36 69017.6
7 2135.38 4270.77 69613.9
12 1505.09 1505.09 68982.6
2 1598.89 3197.77 69098.5
1 1267.19 2534.37 69615.3
13 2822.41 5644.81 70696.8
3 170.988 170.988 68737.6
0 146.092 146.092 69007
9 1038.29 1038.29 70199.6
5 1200.19 1200.19 70562.2
11 972.333 3889.33 70746
8 1986.82 7947.27 72254.8
10 1834.37 3668.75 71838.7
4 2098.78 4197.57 72154.8
6 1023.28 1023.28 71405.7
2 1255.67 2511.35 72169.5
7 1533.12 3066.23 72363.9
1 1339.3 2678.59 72400.7
5 2306.22 4612.45 73568.6
0 375.952 375.952 71747
13 1024.55 2049.1 72230.3
3 657.819 657.819 71997.1
12 56.2088 56.2088 71613.4
9 1617.26 1617.26 73965.8
11 1146.25 2292.51 73003.1
10 2249.29 4498.58 74593
6 1728.23 1728.23 76796.2
12 1356.3 1356.3 73965
4 1824.8 3649.59 74450.8
2 3009.55 6019.1 75452.6
0 1730.96 1730.96 74553.2
13 1433.02 2866.04 74149.5
32
1 849.189 849.189 66762.8
12 71.4559 71.4559 66066.7
13 799.178 799.178 67425.7
2 71.4152 71.4152 66751
4 910.814 1821.63 67895
0 584.385 584.385 67855.7
10 543.675 1087.35 67942.8
7 829.663 1659.33 67966.4
12 192.709 192.709 68068.5
2 483.702 483.702 69693.2
8 1392.39 5569.58 70497.2
11 322.621 322.621 69578.1
0 134.296 134.296 69797.1
5 327.903 1311.61 70083.6
11 1638.68 6554.73 72005.7
4 175.996 175.996 70485.3
10 717.766 717.766 70872.3
2 881.972 3527.89 71769.6
12 559.589 559.589 71913
1 1877.38 3754.75 72870.9
7 727.947 727.947 72230.6
5 595.765 2383.06 71825.3
8 1574.93 6299.73 73253
9 655.819 655.819 72278.5
0 366.056 366.056 72158.9
3 181.447 181.447 71902.6
13 1209.17 2418.33 72986.2
2 3190.91 12763.6 75239.9
6 453.065 453.065 72560.8
5 1250.46 5001.84 74204.5
4 1475.08 1475.08 74460.7
10 208.789 417.578 73312.7
39
7 240.539 240.539 65976.2
2 163.906 327.812 66296.8
1 136.788 273.577 66901
11 1305.52 5222.08 67952.1
13 590.638 590.638 67577.6
5 1104.56 4418.22 67668.5
6 455.495 455.495 67356
10 902.9 1805.8 67987.4
8 1153.71 1153.71 68043.5
4 2015.68 4031.36 69017.6
7 2135.38 4270.77 69613.9
12 1505.09 1505.09 68982.6
2 1598.89 3197.77 69098.5
1 1042.23 2084.47 69269.3
0 757.846 757.846 69440.9
5 1531.93 6127.72 70082
3 1449.83 1449.83 70107.8
9 309.414 309.414 69074.9
13 1058.8 1058.8 70234.2
6 3232.23 3232.23 72582.9
11 159.446 159.446 69641.5
8 341.125 341.125 70136.3
10 696.673 696.673 70713.5
12 1156.77 1156.77 71569.6
4 1553.2 1553.2 72136.3
9 756.233 756.233 71404.7
1 36.4616 36.4616 70692.6
2 1521.02 3042.04 72417.9
7 365.314 730.628 71394.6
11 651.444 651.444 72147.3
5 628.987 1257.97 72382
0 2311.22 2311.22 73942.6
8 1715.43 3430.86 73204.1
13 759.6 759.6 72653.9
11 3132.07 12528.3 74878.7
1 251.524 503.049 73007.4
10 1238.77 1238.77 73542.4
7 1247.43 2494.87 73464.2
3 506.098 506.098 73446.9
34
7 862.711 862.711 66735.4
2 41.8641 83.7281 66748.9
8 1028.6 2057.21 67746.5
1 256.355 512.711 67376.5
6 630.235 630.235 67386.9
10 146.251 292.501 67212.6
13 1083.75 1083.75 68108.1
3 195.865 195.865 67517.1
0 114.359 114.359 67990.2
2 483.702 483.702 69693.2
11 1471.51 5886.03 70576.3
1 253.09 253.09 69508.6
10 853.073 1706.15 70757.2
6 1034.44 1034.44 70373.9
0 734.993 734.993 70287.8
12 399.033 399.033 70454.6
5 493.315 1973.26 70459.1
4 276.138 276.138 70486.7
3 446.677 446.677 70792.8
7 2455.93 4911.85 72740.9
8 2479.91 9919.62 73155.7
9 1023.32 1023.32 72159.2
1 481.138 962.275 71686.9
2 1616.41 1616.41 72955.7
0 1552.21 1552.21 73109.4
6 1509.22 1509.22 73857.7
4 560.518 1121.04 72417.3
11 1058.67 2117.34 73402.4
13 1078.66 1078.66 76146.6
12 197.096 197.096 72805.8
5 313.572 627.144 72939.6
10 984.134 1968.27 73427.2
3 554.631 554.631 73376.9
1 889.604 1779.21 73606.1
43
7 240.539 240.539 65976.2
2 163.906 327.812 66296.8
1 136.788 273.577 66901
11 1305.52 5222.08 67952.1
13 590.638 590.638 67577.6
5 1104.56 4418.22 67668.5
6 455.495 455.495 67356
10 902.9 1805.8 67987.4
8 1153.71 1153.71 68043.5
4 2015.68 4031.36 69017.6
7 2135.38 4270.77 69613.9
12 1505.09 1505.09 68982.6
2 1598.89 3197.77 69098.5
3 183.29 183.29 67770.8
1 1638.63 3277.25 69861.1
0 893.861 893.861 69851.5
9 1720.96 1720.96 70238.4
6 3183.57 3183.57 71781.9
13 1617.98 3235.96 70770
5 896.523 896.523 70078.6
11 1592.88 6371.53 70813.5
10 1574.19 3148.37 70485.2
8 1773.63 3547.26 71677.8
3 1349.24 1349.24 70688.7
12 1791.38 1791.38 71344.2
4 2580.32 2580.32 72635.9
2 2245.37 8981.47 72211.1
7 2256.36 2256.36 72466.9
0 2438.02 2438.02 72784.1
1 1650.01 3300.03 71935
5 2324.45 9297.81 73000.3
9 1794.21 1794.21 72930
11 1589.04 6356.15 72818.6
8 2720.78 10883.1 74398.9
10 1331.76 1331.76 72954.4
3 1914.21 1914.21 73707.1
13 1895.42 1895.42 73616.6
1 2959.79 5919.58 74736.8
2 2754.53 11018.1 74803.5
12 1506.08 1506.08 73613.8
11 2243.73 8974.93 75197.7
6 2267.71 2267.71 75253.3
7 1127.4 2254.8 74231.3
33
1 849.189 849.189 66762.8
12 71.4559 71.4559 66066.7
13 799.178 799.178 67425.7
2 71.4152 71.4152 66751
4 910.814 1821.63 67895
0 584.385 584.385 67855.7
10 543.675 1087.35 67942.8
7 829.663 1659.33 67966.4
3 183.29 183.29 67770.8
5 364.512 729.023 68587
2 815.759 815.759 69773.4
1 551.586 551.586 69069
12 812.111 812.111 69410.4
11 236.961 473.923 69388.9
9 787.838 787.838 69969.9
8 2987.51 11950 72208.1
13 1836.32 3672.65 70747.3
5 1075.3 4301.19 70849
11 1686.87 6747.49 71954.8
7 153.547 307.094 70157.9
4 530.623 1061.25 70586.6
6 565.149 565.149 70947.6
10 2200.17 4400.33 73114
1 267.08 534.16 71097.9
2 2032.73 4065.46 73094.2
7 1642.91 3285.81 72905.3
12 213.275 213.275 71584.3
9 1829.64 1829.64 73451.5
5 1733.87 6935.48 73485.2
4 1186.36 2372.72 73139.9
0 323.674 323.674 72268.7
3 145.807 145.807 72177.6
13 603.335 603.335 73710.1
33
1 849.189 849.189 66762.8
12 71.4559 71.4559 66066.7
13 799.178 799.178 67425.7
2 71.4152 71.4152 66751
4 910.814 1821.63 67895
0 584.385 584.385 67855.7
10 543.675 1087.35 67942.8
7 829.663 1659.33 67966.4
12 192.709 192.709 68068.5
2 483.702 483.702 69693.2
8 1392.39 5569.58 70497.2
11 322.621 322.621 69578.1
5 1181.75 4727 70535.2
6 931.894 931.894 70750
10 78.7382 78.7382 69941.2
4 460.565 921.13 70929.2
7 464.16 464.16 70880.1
1 2514.91 5029.82 72952.5
13 191.355 382.711 70566.3
11 1833.47 3666.94 72527.4
12 610.234 610.234 71711
2 1861.34 3722.68 73067.1
0 538.611 538.611 71877.9
9 241.28 241.28 71798.4
10 583.74 583.74 72932.3
5 484.472 968.944 72341.3
8 1058.67 2117.34 73402.4
13 1078.66 1078.66 76146.6
3 567.132 567.132 73175.8
4 1457.21 2914.41 74083.2
7 1217.76 2435.52 73660.8
6 736.057 736.057 73558.3
5 1127.76 2255.52 73844.2
41
7 862.999 862.999 66774.5
13 212.96 425.92 66190
2 129.403 517.611 66581.2
5 1080.63 4322.52 67829.4
1 413.461 413.461 66595.8
12 40.5138 40.5138 66546.2
11 661.694 1323.39 66869.6
0 710.982 710.982 66990.6
4 378.607 757.214 66892.3
3 604.902 604.902 67272
10 301.27 602.54 67674.4
13 323.757 323.757 68418.2
9 547.364 547.364 68530.7
12 485.005 485.005 68653.5
1 467.447 934.894 68884.3
2 86.3327 345.331 68683
4 650.151 1300.3 69946.1
11 138.931 138.931 69094
8 1608.58 6434.32 70557.9
5 305.619 1222.48 70079.3
2 927.041 3708.16 71195
7 174.303 348.607 70178.6
13 142.422 284.843 70198.4
6 565.149 565.149 70947.6
1 2528.74 5057.48 73442.6
11 1648.96 3297.92 72479.7
10 285.34 570.681 71346.8
4 1781.51 3563.03 73043.9
0 256.775 256.775 71627.8
5 1972.59 3945.19 73178.4
3 657.819 657.819 71997.1
9 538.052 538.052 72095.2
12 706.148 706.148 73054.7
13 227.138 454.276 72084
8 993.053 1986.11 73336.8
7 1078.66 1078.66 76146.6
6 2063.6 2063.6 74672.3
2 1331.66 2663.33 73957.7
10 1653.99 3307.97 74097
0 1611.78 1611.78 74434
13 870.428 1740.86 73586.9
29
1 849.189 849.189 66762.8
12 71.4559 71.4559 66066.7
13 799.178 799.178 67425.7
2 71.4152 71.4152 66751
4 910.814 1821.63 67895
0 584.385 584.385 67855.7
10 543.675 1087.35 67942.8
7 829.663 1659.33 67966.4
11 472.417 944.833 68699.5
2 507.467 507.467 69190.5
5 519.48 2077.92 69069.6
1 663.581 663.581 69321.5
3 128.952 128.952 68894.4
12 443.553 443.553 69619
9 301.546 301.546 69652.2
10 719.192 719.192 70201.3
7 233.226 233.226 70028.4
0 662.489 662.489 70679.3
13 572.533 572.533 70985.4
11 630.57 630.57 71213.7
5 408.704 408.704 71057.2
4 143.486 143.486 70799.6
1 1310.04 2620.08 72206.9
6 272 272 71893.9
2 1614.1 6456.41 73365.4
10 985.683 1971.37 72939.3
12 312.269 312.269 72257.3
3 145.807 145.807 72177.6
0 351.714 351.714 73458.5
33
7 862.999 862.999 66774.5
13 212.96 425.92 66190
2 129.403 517.611 66581.2
5 1080.63 4322.52 67829.4
1 413.461 413.461 66595.8
12 40.5138 40.5138 66546.2
11 661.694 1323.39 66869.6
0 710.982 710.982 66990.6
4 378.607 757.214 66892.3
3 604.902 604.902 67272
13 140.655 281.31 68367.8
1 644.381 644.381 69327.4
2 166.066 664.265 68716.1
7 652.174 652.174 69310.1
10 106.566 106.566 68872
3 443.553 443.553 69619
9 301.546 301.546 69652.2
11 538.922 2155.69 70312.6
5 739.533 2958.13 71007.5
8 887.106 1774.21 70891.5
4 624.15 1248.3 70680.2
6 565.149 565.149 70947.6
2 2200.17 4400.33 73114
7 497.746 995.492 71328.5
10 285.34 570.681 71346.8
1 969.283 1938.57 72231.7
0 256.775 256.775 71627.8
3 2128.32 2128.32 73750.2
11 1197.49 4789.97 72948.8
13 489.231 978.463 72442.8
12 312.269 312.269 72257.3
9 551.156 551.156 72583
4 555.785 555.785 73662.6
34
7 862.711 862.711 66735.4
2 41.8641 83.7281 66748.9
8 1028.6 2057.21 67746.5
1 256.355 512.711 67376.5
6 630.235 630.235 67386.9
10 146.251 292.501 67212.6
13 1083.75 1083.75 68108.1
3 195.865 195.865 67517.1
4 955.411 1910.82 69303.5
5 440.456 880.913 68314.8
12 177.053 177.053 68743.7
0 146.092 146.092 69007
2 567.996 567.996 69729.3
9 285.804 285.804 69647.8
11 623.235 623.235 70105.3
6 341.125 341.125 70136.3
3 593.55 593.55 70610.4
13 372.944 372.944 70785.8
12 587.638 587.638 71170.7
0 457.879 457.879 71106.3
1 123.409 123.409 70779.6
5 395.056 790.111 71291.9
10 149.522 299.043 71355.3
4 538.611 538.611 71877.9
9 56.2088 56.2088 71613.4
11 365.318 365.318 72713.8
2 1747.85 3495.69 73604.7
7 1058.67 2117.34 73402.4
6 1078.66 1078.66 76146.6
3 99.7108 99.7108 72708.4
1 264.58 529.16 72890.6
8 1217.76 2435.52 73660.8
5 770.905 770.905 73593.1
10 576.878 1153.76 73293.3
37
7 862.999 862.999 66774.5
13 212.96 425.92 66190
2 129.403 517.611 66581.2
5 1080.63 4322.52 67829.4
1 413.461 413.461 66595.8
12 40.5138 40.5138 66546.2
11 661.694 1323.39 66869.6
0 710.982 710.982 66990.6
4 378.607 757.214 66892.3
3 604.902 604.902 67272
13 676.472 1352.94 69024.6
10 241.046 482.093 68115.4
12 357.055 357.055 68923.7
1 357.911 357.911 69218.9
0 429.715 429.715 69591
9 285.804 285.804 69647.8
5 128.32 513.282 69481.8
6 931.894 931.894 70750
2 78.7382 78.7382 69941.2
4 621.412 1242.82 71090
7 678.332 678.332 71094.3
10 294.258 588.516 70731.8
8 932.724 1865.45 71307.7
13 1101.03 2202.07 71795
1 610.234 610.234 71711
11 481.138 962.275 71686.9
5 464.01 464.01 71803.3
9 56.2088 56.2088 71613.4
2 583.74 583.74 72932.3
10 639.424 1278.85 72496.2
4 1464.76 2929.52 73808.5
0 1078.66 1078.66 76146.6
3 323.651 323.651 72932.3
7 2151.8 4303.6 74777.8
8 1451.76 2903.51 73894.8
12 554.631 554.631 73376.9
11 889.604 1779.21 73606.1
31
7 862.711 862.711 66735.4
2 41.8641 83.7281 66748.9
8 1028.6 2057.21 67746.5
1 256.355 512.711 67376.5
6 630.235 630.235 67386.9
10 146.251 292.501 67212.6
13 1083.75 1083.75 68108.1
3 195.865 195.865 67517.1
4 404.193 808.386 67777.4
0 264.774 264.774 68359.2
12 302.968 302.968 68286.3
5 506.585 506.585 68675.1
2 467.447 934.894 68884.3
11 338.613 1354.45 68935.3
10 655.405 1310.81 69951.3
1 249.66 249.66 69204.8
8 1026.77 4107.08 69976.1
9 838.883 838.883 70321
6 341.125 341.125 70136.3
3 593.55 593.55 70610.4
13 372.944 372.944 70785.8
0 499.418 499.418 71082.5
11 499.122 499.122 71147.6
1 31.2534 31.2534 70687.4
2 395.056 790.111 71291.9
7 340.423 340.423 71962.3
5 876.125 3504.5 72627.4
4 163.775 327.55 72117.3
10 323.674 323.674 72268.7
12 145.807 145.807 72177.6
3 414.528 414.528 73521.3
37
7 240.539 240.539 65976.2
2 163.906 327.812 66296.8
1 136.788 273.577 66901
11 1305.52 5222.08 67952.1
13 590.638 590.638 67577.6
5 1104.56 4418.22 67668.5
6 455.495 455.495 67356
10 902.9 1805.8 67987.4
8 1153.71 1153.71 68043.5
4 2015.68 4031.36 69017.6
7 2135.38 4270.77 69613.9
12 1505.09 1505.09 68982.6
2 1598.89 3197.77 69098.5
0 114.359 114.359 67990.2
1 160.217 160.217 69369.7
5 1395.05 5580.21 70499.9
3 530.523 530.523 69786
11 159.446 159.446 69641.5
13 239.263 239.263 70034.4
10 696.673 696.673 70713.5
8 572.533 572.533 70985.4
0 748.11 748.11 71331.2
12 926.004 926.004 71574.5
9 707.155 707.155 71363.3
2 1521.02 3042.04 72417.9
7 910.802 1821.6 72116.6
3 651.096 651.096 71990.4
11 164.737 164.737 71721.9
1 2011.46 2011.46 74360
4 1747.85 3495.69 73604.7
5 1058.67 2117.34 73402.4
6 396.776 396.776 75464.7
10 128.984 128.984 72737.6
8 2103.21 4206.43 74729.3
13 1217.76 2435.52 73660.8
0 1835.73 1835.73 74658
11 862.878 1725.76 73579.4
35
6 241.292 241.292 66267.9
2 160.277 320.555 65878.5
1 238.384 476.769 66569.1
7 858.32 858.32 66906.1
0 96.1445 96.1445 66411.4
10 290.821 581.642 67003.6
5 1154.09 4616.37 67472.5
8 903.794 3615.18 67438.9
13 1157.39 2314.79 67708
12 215.57 215.57 67115.7
11 469.742 1878.97 67615
3 615.383 615.383 67493.9
2 802.125 802.125 68017.4
4 955.411 1910.82 69303.5
1 1233.9 2467.8 69108.3
0 357.055 357.055 68923.7
10 358.2 358.2 69219.2
12 465.7 465.7 69627
9 285.804 285.804 69647.8
5 610.76 2443.04 69964.2
13 970.494 970.494 70788.6
3 78.7382 78.7382 69941.2
2 643.121 1286.24 71111.7
7 678.332 678.332 71094.3
11 482.534 965.069 70920.1
8 191.355 382.711 70566.3
1 1901.85 3803.7 72595.8
0 610.234 610.234 71711
6 906.898 906.898 71910.9
9 442.435 442.435 72008.2
10 337.394 674.789 71927.3
5 443.693 443.693 72486
8 527.276 527.276 73154.1
12 98.1922 98.1922 72297.4
11 1278.19 5112.77 73801
35
7 862.711 862.711 66735.4
2 41.8641 83.7281 66748.9
8 1028.6 2057.21 67746.5
1 256.355 512.711 67376.5
6 630.235 630.235 67386.9
10 146.251 292.501 67212.6
13 1083.75 1083.75 68108.1
3 195.865 195.865 67517.1
4 955.411 1910.82 69303.5
5 440.456 880.913 68314.8
12 177.053 177.053 68743.7
0 146.092 146.092 69007
2 567.996 567.996 69729.3
9 285.804 285.804 69647.8
11 870.433 3481.73 70644.1
5 684 2736 70951.9
7 174.303 348.607 70178.6
1 624.15 1248.3 70680.2
13 319.614 319.614 70702
8 471.347 942.693 71385.2
4 1242.65 2485.3 72073.4
10 285.34 570.681 71346.8
2 1159.74 2319.48 72422.2
0 375.952 375.952 71747
7 2119.65 4239.3 73148.9
6 1091.45 1091.45 72587.3
11 2219.04 4438.08 73972
3 371.097 371.097 72002.5
1 1342.56 2685.13 72831.2
9 393.893 393.893 72288.2
5 1936.72 7746.88 73683.3
13 1579.66 3159.31 74335.5
12 648.856 648.856 72952.5
10 659.54 1319.08 72876.3
8 1222.34 1222.34 74163.2
31
7 862.711 862.711 66735.4
2 41.8641 83.7281 66748.9
8 1028.6 2057.21 67746.5
1 256.355 512.711 67376.5
6 630.235 630.235 67386.9
10 146.251 292.501 67212.6
13 1083.75 1083.75 68108.1
3 195.865 195.865 67517.1
0 114.359 114.359 67990.2
2 483.702 483.702 69693.2
11 1471.51 5886.03 70576.3
1 253.09 253.09 69508.6
0 708.098 708.098 70190.2
6 341.125 341.125 70136.3
3 593.55 593.55 70610.4
13 372.944 372.944 70785.8
12 909.416 909.416 71492.5
10 756.233 756.233 71404.7
4 518.333 518.333 71174.5
5 755.486 1510.97 71652.3
1 316.889 633.778 71346.2
2 993.505 993.505 72489.3
7 2300.01 4600.02 74053
9 243.809 243.809 71875.2
8 1616.63 3233.25 73105.3
0 1134.86 1134.86 73029.2
11 2661.58 10646.3 74408.2
13 1640.76 3281.52 74396.6
3 1149.85 1149.85 73453.5
4 1027.32 2054.64 73244.1
6 506.098 506.098 73446.9
31
7 862.999 862.999 66774.5
13 212.96 425.92 66190
2 129.403 517.611 66581.2
5 1080.63 4322.52 67829.4
1 413.461 413.461 66595.8
12 40.5138 40.5138 66546.2
11 661.694 1323.39 66869.6
0 710.982 710.982 66990.6
4 378.607 757.214 66892.3
3 604.902 604.902 67272
13 195.583 195.583 68071.4
0 170.992 170.992 69380.5
2 1332.95 5331.82 70437.8
1 253.09 253.09 69508.6
11 538.922 2155.69 70312.6
5 739.533 2958.13 71007.5
7 174.303 348.607 70178.6
4 624.15 1248.3 70680.2
6 565.149 565.149 70947.6
8 683.747 1367.49 71597.6
13 1659.28 3318.56 72490.1
10 154.774 309.548 71216.2
1 1301.12 2602.24 72563.5
3 375.952 375.952 71747
0 485.511 485.511 71489.5
9 296.378 296.378 71862.2
7 1751.86 3503.72 73341.8
12 589.071 589.071 72631.3
2 527.276 527.276 73154.1
11 284.189 284.189 72483.4
5 838.097 3352.39 73360.9
41
7 240.539 240.539 65976.2
2 163.906 327.812 66296.8
1 136.788 273.577 66901
11 1305.52 5222.08 67952.1
13 590.638 590.638 67577.6
5 1104.56 4418.22 67668.5
6 455.495 455.495 67356
10 902.9 1805.8 67987.4
8 1153.71 1153.71 68043.5
4 2015.68 4031.36 69017.6
7 2135.38 4270.77 69613.9
12 1505.09 1505.09 68982.6
2 1598.89 3197.77 69098.5
1 1042.23 2084.47 69269.3
0 757.846 757.846 69440.9
5 1531.93 6127.72 70082
3 1449.83 1449.83 70107.8
9 309.414 309.414 69074.9
13 1058.8 1058.8 70234.2
6 3232.23 3232.23 72582.9
11 1177.87 4711.48 70531.4
8 1059.06 1059.06 70877.2
10 469.547 469.547 70332
4 2105.24 4210.48 72573.9
12 1344.28 1344.28 71760.2
2 2001.24 4002.48 72438.8
1 1861.06 3722.12 72236
7 1682.6 3365.2 72376.5
9 921.155 921.155 72021.9
5 948.292 1896.58 72154.1
0 1868.38 1868.38 73207.7
13 554.801 554.801 72112
10 615.733 615.733 72964.2
11 480.95 961.899 72337.8
8 732.891 1465.78 73076.6
3 1220.27 1220.27 76288.2
12 2798.29 2798.29 75407
13 1754.74 3509.49 74380.8
5 2461.26 4922.52 74904.3
9 2005.14 2005.14 74827.4
1 2601.76 5203.52 75318.2
42
6 241.292 241.292 66267.9
2 160.277 320.555 65878.5
1 238.384 476.769 66569.1
7 858.32 858.32 66906.1
0 96.1445 96.1445 66411.4
10 290.821 581.642 67003.6
5 1154.09 4616.37 67472.5
8 903.794 3615.18 67438.9
13 1157.39 2314.79 67708
12 215.57 215.57 67115.7
11 469.742 1878.97 67615
3 615.383 615.383 67493.9
2 802.125 802.125 68017.4
4 381.669 381.669 67969.2
1 1306.71 2613.43 69529.2
12 700.66 700.66 69658.3
7 408.493 408.493 68925.9
0 812.111 812.111 69410.4
10 520.414 1040.83 69672.4
9 787.838 787.838 69969.9
5 624.308 2497.23 69844.9
8 2455.93 4911.85 71366.9
11 623.235 623.235 70105.3
13 150.282 150.282 69945.4
2 486.826 486.826 70503.6
6 1314.73 1314.73 71727.6
3 748.11 748.11 71331.2
4 756.233 756.233 71404.7
7 1514.14 1514.14 72170.3
1 492.025 984.049 71388.9
10 1208.08 2416.15 72413.8
0 467.414 467.414 71806.7
5 478.565 478.565 72035.7
11 365.318 365.318 72713.8
2 668.358 1336.72 72525.2
13 1058.67 2117.34 73402.4
12 1078.66 1078.66 76146.6
9 206.487 206.487 72815.2
8 622.37 1244.74 73248.4
1 1278.87 2557.75 73721.9
3 1835.73 1835.73 74658
4 720.922 1441.84 73437.4
27
1 849.189 849.189 66762.8
12 71.4559 71.4559 66066.7
13 799.178 799.178 67425.7
2 71.4152 71.4152 66751
4 910.814 1821.63 67895
0 584.385 584.385 67855.7
10 543.675 1087.35 67942.8
7 829.663 1659.33 67966.4
12 192.709 192.709 68068.5
2 483.702 483.702 69693.2
8 1392.39 5569.58 70497.2
11 322.621 322.621 69578.1
0 134.296 134.296 69797.1
5 327.903 1311.61 70083.6
11 1638.68 6554.73 72005.7
4 175.996 175.996 70485.3
10 717.766 717.766 70872.3
2 881.972 3527.89 71769.6
12 559.589 559.589 71913
1 1877.38 3754.75 72870.9
7 727.947 727.947 72230.6
6 272 272 71893.9
5 876.125 3504.5 72627.4
4 1085.96 2171.93 73039.5
0 323.674 323.674 72268.7
3 171.162 171.162 72203
10 167.178 167.178 73274
32
7 862.711 862.711 66735.4
2 41.8641 83.7281 66748.9
8 1028.6 2057.21 67746.5
1 256.355 512.711 67376.5
6 630.235 630.235 67386.9
10 146.251 292.501 67212.6
13 1083.75 1083.75 68108.1
3 195.865 195.865 67517.1
0 114.359 114.359 67990.2
2 483.702 483.702 69693.2
11 1471.51 5886.03 70576.3
1 253.09 253.09 69508.6
0 708.098 708.098 70190.2
6 341.125 341.125 70136.3
3 593.55 593.55 70610.4
13 372.944 372.944 70785.8
12 909.416 909.416 71492.5
10 756.233 756.233 71404.7
4 518.333 518.333 71174.5
5 755.486 1510.97 71652.3
1 481.138 962.275 71686.9
9 1198.67 1198.67 72538
0 706.248 706.248 72263.4
2 1985.24 1985.24 74333.8
7 1747.85 3495.69 73604.7
8 1058.67 2117.34 73402.4
6 1078.66 1078.66 76146.6
3 99.7108 99.7108 72708.4
11 2103.21 4206.43 74729.3
13 1217.76 2435.52 73660.8
4 654.529 654.529 73476.8
10 720.922 1441.84 73437.4
37
1 849.189 849.189 66762.8
12 71.4559 71.4559 66066.7
13 799.178 799.178 67425.7
2 71.4152 71.4152 66751
4 910.814 1821.63 67895
0 584.385 584.385 67855.7
10 543.675 1087.35 67942.8
7 829.663 1659.33 67966.4
5 500.302 1000.6 67873.5
12 337.552 337.552 68432
3 203.955 203.955 68187.3
9 559.437 559.437 68728
2 467.447 934.894 68884.3
11 338.613 1354.45 68935.3
1 2064.6 4129.2 71360.5
13 1329.02 1329.02 70284.1
8 1608.58 6434.32 70557.9
5 870.068 3480.27 70223.6
6 931.894 931.894 70750
10 78.7382 78.7382 69941.2
4 460.565 921.13 70929.2
7 464.16 464.16 70880.1
2 294.258 588.516 70731.8
11 1622.79 3245.57 71997.7
10 2196.49 4392.98 72890.4
0 678.936 678.936 71779.7
5 962.429 1924.86 71991.7
12 1465.06 1465.06 72960.9
13 831.112 1662.22 72584.1
3 371.097 371.097 72002.5
8 1492.35 2984.71 72981
9 405.318 405.318 72299.6
2 530.447 2121.79 72277.1
7 1735.1 3470.21 74491
6 244.31 244.31 72547.9
4 1813.53 3627.06 74030.3
1 1677.84 1677.84 74618.7
37
7 862.999 862.999 66774.5
13 212.96 425.92 66190
2 129.403 517.611 66581.2
5 1080.63 4322.52 67829.4
1 413.461 413.461 66595.8
12 40.5138 40.5138 66546.2
11 661.694 1323.39 66869.6
0 710.982 710.982 66990.6
4 378.607 757.214 66892.3
3 604.902 604.902 67272
13 676.472 1352.94 69024.6
10 241.046 482.093 68115.4
12 357.055 357.055 68923.7
1 357.911 357.911 69218.9
0 429.715 429.715 69591
9 285.804 285.804 69647.8
5 115.125 230.249 70019.3
2 1030.98 1030.98 70370.5
3 937.829 937.829 70490.7
4 318.19 318.19 70373.8
11 486.353 1945.41 70452.1
10 323.329 323.329 70533.9
7 2076.77 2076.77 72422.9
8 3205.87 6411.73 73490.9
5 2782.34 11129.4 73458.2
13 388.171 388.171 71524
1 329.108 658.217 71358.4
0 981.167 981.167 72477
2 1945.39 3890.78 73698.4
9 406.474 406.474 72037.9
4 1036.2 2072.4 72524.9
12 607.093 607.093 72501.4
11 250.722 1002.89 71997.4
10 760.45 1520.9 73516.3
3 1210.88 1210.88 73514.5
1 1211.23 2422.46 73428
6 423.44 423.44 73364.3
31
7 862.999 862.999 66774.5
13 212.96 425.92 66190
2 129.403 517.611 66581.2
5 1080.63 4322.52 67829.4
1 413.461 413.461 66595.8
12 40.5138 40.5138 66546.2
11 661.694 1323.39 66869.6
0 710.982 710.982 66990.6
4 378.607 757.214 66892.3
3 604.902 604.902 67272
13 676.472 1352.94 69024.6
10 241.046 482.093 68115.4
12 357.055 357.055 68923.7
1 357.911 357.911 69218.9
0 429.715 429.715 69591
9 285.804 285.804 69647.8
5 136.269 136.269 69799.1
2 560.977 2243.91 70316.7
11 668.592 2674.37 71035.6
3 288.163 288.163 70597.5
4 717.766 717.766 70872.3
8 1237.99 4951.96 72125.6
13 448.947 448.947 71802.4
1 524.478 1048.96 71518
7 727.947 727.947 72230.6
6 272 272 71893.9
5 750.87 3003.48 72502.2
2 163.775 327.55 72117.3
12 312.269 312.269 72257.3
10 145.807 145.807 72177.6
4 167.178 167.178 73274
37
7 862.999 862.999 66774.5
13 212.96 425.92 66190
2 129.403 517.611 66581.2
5 1080.63 4322.52 67829.4
1 413.461 413.461 66595.8
12 40.5138 40.5138 66546.2
11 661.694 1323.39 66869.6
0 710.982 710.982 66990.6
4 378.607 757.214 66892.3
3 604.902 604.902 67272
13 676.472 1352.94 69024.6
10 241.046 482.093 68115.4
12 357.055 357.055 68923.7
1 357.911 357.911 69218.9
0 429.715 429.715 69591
9 285.804 285.804 69647.8
5 136.269 136.269 69799.1
2 560.977 2243.91 70316.7
11 668.592 2674.37 71035.6
3 288.163 288.163 70597.5
4 717.766 717.766 70872.3
8 1237.99 4951.96 72125.6
13 448.947 448.947 71802.4
1 524.478 1048.96 71518
7 727.947 727.947 72230.6
10 149.522 299.043 71355.3
5 488.355 488.355 71827.6
9 56.2088 56.2088 71613.4
12 583.74 583.74 72932.3
2 560.518 1121.04 72417.3
4 2239.25 4478.5 74583
6 883.123 883.123 75951.1
3 265.103 265.103 72873.8
11 1358.19 2716.38 73984.2
10 1662.49 3324.98 74105.5
0 2487 2487 75309.2
1 834.189 1668.38 73550.7
38
7 862.999 862.999 66774.5
13 212.96 425.92 66190
2 129.403 517.611 66581.2
5 1080.63 4322.52 67829.4
1 413.461 413.461 66595.8
12 40.5138 40.5138 66546.2
11 661.694 1323.39 66869.6
0 710.982 710.982 66990.6
4 378.607 757.214 66892.3
3 604.902 604.902 67272
13 140.655 281.31 68367.8
1 644.381 644.381 69327.4
2 166.066 664.265 68716.1
7 652.174 652.174 69310.1
10 106.566 106.566 68872
3 443.553 443.553 69619
9 301.546 301.546 69652.2
5 115.125 230.249 70019.3
0 1008.6 1008.6 70348.1
4 937.829 937.829 70490.7
11 318.19 318.19 70373.8
8 3210.75 12843 73176.5
12 581.907 581.907 70792.4
13 378.948 378.948 70725.1
10 150.877 301.753 70435.9
2 550.67 2202.68 71226.5
6 1748.95 1748.95 72884.8
1 1305.42 2610.84 72334.7
7 1001.68 1001.68 72497.5
5 1594.22 3188.45 73347.2
9 406.474 406.474 72037.9
11 1036.2 2072.4 72524.9
3 607.093 607.093 72501.4
2 1439.03 5756.11 73185.7
10 760.45 1520.9 73516.3
13 582.331 582.331 72885.9
4 2055.25 4110.5 74272
0 506.098 506.098 73446.9
36
7 862.999 862.999 66774.5
13 212.96 425.92 66190
2 129.403 517.611 66581.2
5 1080.63 4322.52 67829.4
1 413.461 413.461 66595.8
12 40.5138 40.5138 66546.2
11 661.694 1323.39 66869.6
0 710.982 710.982 66990.6
4 378.607 757.214 66892.3
3 604.902 604.902 67272
13 676.472 1352.94 69024.6
10 241.046 482.093 68115.4
12 357.055 357.055 68923.7
1 357.911 357.911 69218.9
0 429.715 429.715 69591
9 285.804 285.804 69647.8
5 136.269 136.269 69799.1
2 560.977 2243.91 70316.7
11 668.592 2674.37 71035.6
3 288.163 288.163 70597.5
4 717.766 717.766 70872.3
8 1237.99 4951.96 72125.6
13 448.947 448.947 71802.4
1 524.478 1048.96 71518
7 727.947 727.947 72230.6
5 1039.48 4157.91 72269
2 2047.89 8191.56 73726
9 438.543 438.543 72061.2
12 420.853 420.853 72213.7
10 350.806 350.806 72072
4 1780.29 3560.58 73557.3
11 1993.35 7973.42 74042.3
0 264.985 264.985 72372.7
8 2649.62 10598.5 75603.6
6 971.687 971.687 73957.3
1 1100.34 2200.68 74204.2
43
7 240.539 240.539 65976.2
2 163.906 327.812 66296.8
1 136.788 273.577 66901
11 1305.52 5222.08 67952.1
13 590.638 590.638 67577.6
5 1104.56 4418.22 67668.5
6 455.495 455.495 67356
10 902.9 1805.8 67987.4
8 1153.71 1153.71 68043.5
4 2015.68 4031.36 69017.6
7 2135.38 4270.77 69613.9
12 1505.09 1505.09 68982.6
2 1598.89 3197.77 69098.5
1 2006.83 4013.66 69380
0 264.774 264.774 68359.2
3 203.955 203.955 68187.3
9 559.437 559.437 68728
13 2236.25 4472.5 70653.1
5 1376.86 5507.45 69973.5
11 2026.9 4053.8 71322.8
6 2735.77 2735.77 71690.9
8 1323.78 5295.11 70273.1
2 2053.88 8215.54 71407.4
10 1449.86 1449.86 71268
3 269.501 269.501 70131.9
4 2105.24 4210.48 72573.9
0 959.167 959.167 71375.1
1 759.559 1519.12 71197.1
7 1969.69 3939.37 72344.6
5 2228.87 4457.75 72922.8
12 394.426 394.426 71495.2
8 2166.39 4332.78 73372.2
9 709.4 709.4 72048.7
3 495.703 495.703 72052.9
13 901.192 901.192 73249.7
1 1104.73 2209.45 72961.5
10 1123.68 2247.36 73467.4
11 3174.78 3174.78 78242.7
0 2413.18 2413.18 75021.8
2 1077.37 2154.74 73703.4
7 2488.72 4977.44 74931.8
12 1478.42 1478.42 74300.6
4 2265.55 4531.09 74982
38
1 849.189 849.189 66762.8
12 71.4559 71.4559 66066.7
13 799.178 799.178 67425.7
2 71.4152 71.4152 66751
4 910.814 1821.63 67895
0 584.385 584.385 67855.7
10 543.675 1087.35 67942.8
7 829.663 1659.33 67966.4
5 500.302 1000.6 67873.5
12 337.552 337.552 68432
3 203.955 203.955 68187.3
9 559.437 559.437 68728
2 467.447 934.894 68884.3
11 338.613 1354.45 68935.3
1 2064.6 4129.2 71360.5
13 1329.02 1329.02 70284.1
8 1608.58 6434.32 70557.9
5 879.798 3519.19 70653.5
2 1175.47 4701.86 71443.4
7 153.547 307.094 70157.9
4 530.623 1061.25 70586.6
6 565.149 565.149 70947.6
11 2059.1 4118.19 72973
10 1659.28 3318.56 72490.1
7 3098.17 6196.34 74159.6
13 1950.55 3901.09 73213
0 256.775 256.775 71627.8
8 2363.61 9454.43 73593.1
5 1696.46 6785.84 73374.6
12 735.538 735.538 72358.2
3 517.803 517.803 72310.7
9 350.806 350.806 72072
4 766.015 1532.03 72543.1
2 1520.36 6081.42 73569.3
6 561.292 561.292 72669
11 4256.62 17026.5 77210.6
1 1111.64 1111.64 74097.3
10 3382.51 6765.01 76486.4
35
7 862.999 862.999 66774.5
13 212.96 425.92 66190
2 129.403 517.611 66581.2
5 1080.63 4322.52 67829.4
1 413.461 413.461 66595.8
12 40.5138 40.5138 66546.2
11 661.694 1323.39 66869.6
0 710.982 710.982 66990.6
4 378.607 757.214 66892.3
3 604.902 604.902 67272
13 676.472 1352.94 69024.6
10 241.046 482.093 68115.4
12 357.055 357.055 68923.7
1 357.911 357.911 69218.9
0 429.715 429.715 69591
9 285.804 285.804 69647.8
2 767.201 767.201 70249.3
7 341.125 341.125 70136.3
10 593.55 593.55 70610.4
6 888.924 888.924 71301.8
5 708.425 708.425 71291.5
13 91.0941 91.0941 70739.6
1 18.5088 18.5088 70674.7
4 271.757 543.514 71168.6
11 180.429 721.716 71410
8 1655.42 6621.67 73333.5
9 438.543 438.543 72061.2
3 420.853 420.853 72213.7
12 567.698 567.698 72288.9
7 1209.17 2418.33 72986.2
2 343.665 1374.66 72392.6
0 264.985 264.985 72372.7
5 1033.54 4134.17 73987.6
4 1342.66 1342.66 74328.3
10 208.789 417.578 73312.7
44
7 240.539 240.539 65976.2
2 163.906 327.812 66296.8
1 136.788 273.577 66901
11 1305.52 5222.08 67952.1
13 590.638 590.638 67577.6
5 1104.56 4418.22 67668.5
6 455.495 455.495 67356
10 902.9 1805.8 67987.4
8 1153.71 1153.71 68043.5
4 2015.68 4031.36 69017.6
7 2135.38 4270.77 69613.9
12 1505.09 1505.09 68982.6
2 1598.89 3197.77 69098.5
3 183.29 183.29 67770.8
1 1638.63 3277.25 69861.1
0 893.861 893.861 69851.5
9 1720.96 1720.96 70238.4
6 3183.57 3183.57 71781.9
13 1617.98 3235.96 70770
5 896.523 896.523 70078.6
11 1592.88 6371.53 70813.5
10 1574.19 3148.37 70485.2
8 1773.63 3547.26 71677.8
3 1349.24 1349.24 70688.7
12 1791.38 1791.38 71344.2
4 2580.32 2580.32 72635.9
2 2245.37 8981.47 72211.1
7 2256.36 2256.36 72466.9
0 2438.02 2438.02 72784.1
1 1650.01 3300.03 71935
5 2324.45 9297.81 73000.3
9 1794.21 1794.21 72930
10 812.961 1625.92 72018.7
3 2029 2029 73368.3
13 1285.65 1285.65 72842.8
11 1030.92 1030.92 73379.4
8 2078.04 4156.08 73934.9
1 2997.76 5995.53 75341.5
12 2456.45 2456.45 77524.4
6 1164.38 1164.38 73773
10 1274.17 2548.34 73900.2
2 2518.31 5036.61 74961.3
7 1475.13 1475.13 74297.4
4 1952.16 3904.31 74668.6
36
1 849.189 849.189 66762.8
12 71.4559 71.4559 66066.7
13 799.178 799.178 67425.7
2 71.4152 71.4152 66751
4 910.814 1821.63 67895
0 584.385 584.385 67855.7
10 543.675 1087.35 67942.8
7 829.663 1659.33 67966.4
11 472.417 944.833 68699.5
2 507.467 507.467 69190.5
5 519.48 2077.92 69069.6
1 663.581 663.581 69321.5
3 128.952 128.952 68894.4
12 443.553 443.553 69619
9 301.546 301.546 69652.2
13 1272.81 2545.62 71177
0 516.698 516.698 69856.2
7 381.419 381.419 69934.3
4 103.548 103.548 70159.2
8 3210.75 12843 73176.5
10 581.907 581.907 70792.4
11 416.976 416.976 70763.1
5 858.475 1716.95 71143.5
2 1953.54 7814.16 72629.4
3 856.309 856.309 71992.1
11 1538.62 6154.46 72768.2
5 2874.72 11498.9 74552.8
9 438.543 438.543 72061.2
12 420.853 420.853 72213.7
7 1962.88 1962.88 73684.1
1 1209.17 2418.33 72986.2
2 2714.66 10858.6 74763.6
0 264.971 264.971 72372.7
11 2193.31 8773.24 75147.3
13 201.584 201.584 73187.2
10 52.1559 104.312 73156.1
39
7 862.999 862.999 66774.5
13 212.96 425.92 66190
2 129.403 517.611 66581.2
5 1080.63 4322.52 67829.4
1 413.461 413.461 66595.8
12 40.5138 40.5138 66546.2
11 661.694 1323.39 66869.6
0 710.982 710.982 66990.6
4 378.607 757.214 66892.3
3 604.902 604.902 67272
10 273.473 273.473 67861
13 448.649 897.298 68671.1
0 373.239 373.239 69330.9
7 539.943 539.943 69057.4
1 812.111 812.111 69410.4
2 520.414 1040.83 69672.4
3 182.251 182.251 69364.3
11 263.979 1055.92 69484.6
4 482.183 964.367 69393.2
5 128.32 513.282 69481.8
6 931.894 931.894 70750
12 78.7382 78.7382 69941.2
10 889.988 1779.98 71358.6
8 1426.21 1426.21 71842.2
13 569.32 1138.64 71006.9
7 673.453 1346.91 71048.4
4 2186.76 4373.52 72880.7
11 501.219 501.219 71602
5 260.743 521.487 71290
2 620.949 620.949 72116.8
1 235.048 470.097 71988
9 243.809 243.809 71875.2
13 1670.71 3341.42 73159.4
12 607.093 607.093 72501.4
5 1629.99 6519.96 73376.6
7 1903.38 3806.77 74659.2
6 244.31 244.31 72547.9
10 2242.95 4485.9 74459.7
0 506.098 506.098 73446.9
37
7 862.711 862.711 66735.4
2 41.8641 83.7281 66748.9
8 1028.6 2057.21 67746.5
1 256.355 512.711 67376.5
6 630.235 630.235 67386.9
10 146.251 292.501 67212.6
13 1083.75 1083.75 68108.1
3 195.865 195.865 67517.1
4 404.193 808.386 67777.4
0 264.774 264.774 68359.2
12 302.968 302.968 68286.3
5 506.585 506.585 68675.1
2 467.447 934.894 68884.3
11 338.613 1354.45 68935.3
10 655.405 1310.81 69951.3
1 249.66 249.66 69204.8
8 1026.77 4107.08 69976.1
3 755.68 755.68 70418.5
5 720.805 2883.22 70476.5
2 1393.41 5573.64 71760.4
0 323.372 323.372 70632.7
4 758.714 758.714 70913.3
11 1486.56 5946.26 72374.2
1 541.916 541.916 71895.4
7 1877.38 3754.75 72870.9
6 727.947 727.947 72230.6
13 1672.88 3345.75 72702.2
9 1527.82 1527.82 73023.7
10 939.279 1878.56 72692.3
12 371.097 371.097 72002.5
8 1010.63 2021.26 72499.3
3 1469.1 1469.1 73363.4
5 275.114 1100.45 72021.7
4 972.211 1944.42 73728.1
0 863.226 863.226 73166.8
2 2644.78 5289.56 74861.5
1 1549.66 1549.66 74490.5
31
1 849.189 849.189 66762.8
12 71.4559 71.4559 66066.7
13 799.178 799.178 67425.7
2 71.4152 71.4152 66751
4 910.814 1821.63 67895
0 584.385 584.385 67855.7
10 543.675 1087.35 67942.8
7 829.663 1659.33 67966.4
11 1060.08 2120.16 69408.2
5 440.456 880.913 68314.8
3 170.988 170.988 68737.6
2 357.911 357.911 69218.9
12 567.996 567.996 69729.3
9 285.804 285.804 69647.8
8 2256.2 9024.8 72029.9
5 684 2736 70951.9
7 153.547 307.094 70157.9
4 530.623 1061.25 70586.6
1 342.419 342.419 70724.8
13 471.347 942.693 71385.2
2 1529.11 3058.22 72359.9
10 558.923 1117.85 71620.4
11 1404.59 2809.18 72667
0 256.775 256.775 71627.8
6 569.621 569.621 71573.6
9 442.435 442.435 72008.2
7 1731.11 3462.21 73321
3 589.071 589.071 72631.3
1 527.276 527.276 73154.1
12 98.1922 98.1922 72297.4
5 841.79 3367.16 73364.5
33
7 862.999 862.999 66774.5
13 212.96 425.92 66190
2 129.403 517.611 66581.2
5 1080.63 4322.52 67829.4
1 413.461 413.461 66595.8
12 40.5138 40.5138 66546.2
11 661.694 1323.39 66869.6
0 710.982 710.982 66990.6
4 378.607 757.214 66892.3
3 604.902 604.902 67272
13 676.472 1352.94 69024.6
10 241.046 482.093 68115.4
12 357.055 357.055 68923.7
1 357.911 357.911 69218.9
0 429.715 429.715 69591
9 285.804 285.804 69647.8
2 538.922 2155.69 70312.6
11 548.636 2194.54 70816.6
7 174.303 348.607 70178.6
5 530.623 1061.25 70586.6
6 565.149 565.149 70947.6
8 683.747 1367.49 71597.6
13 1398.29 2796.57 72229.1
10 285.34 570.681 71346.8
1 1400.32 2800.65 72662.7
3 375.952 375.952 71747
0 687.05 687.05 71691
9 442.435 442.435 72008.2
4 337.394 674.789 71927.3
12 589.071 589.071 72631.3
7 527.276 527.276 73154.1
2 284.189 284.189 72483.4
5 724.584 2898.33 73247.3
37
7 240.539 240.539 65976.2
2 163.906 327.812 66296.8
1 136.788 273.577 66901
11 1305.52 5222.08 67952.1
13 590.638 590.638 67577.6
5 1104.56 4418.22 67668.5
6 455.495 455.495 67356
10 902.9 1805.8 67987.4
8 1153.71 1153.71 68043.5
4 2015.68 4031.36 69017.6
7 2135.38 4270.77 69613.9
12 1505.09 1505.09 68982.6
2 1598.89 3197.77 69098.5
0 114.359 114.359 67990.2
1 160.217 160.217 69369.7
5 1395.05 5580.21 70499.9
3 530.523 530.523 69786
10 190.144 190.144 69853
11 1022.42 4089.69 70778.1
8 1544.29 6177.14 71911.3
0 288.163 288.163 70597.5
9 1253.21 1253.21 71407.8
2 304.331 1217.32 71192
12 541.435 541.435 71894.9
1 1145.03 2290.05 72138.5
4 727.947 727.947 72230.6
5 3022.84 12091.4 74252.4
11 2509.34 10037.3 74187.4
3 622.812 622.812 72245.5
7 260.932 260.932 72053.8
10 1040.86 1040.86 72762
13 1209.17 2418.33 72986.2
2 2613.27 10453.1 74662.2
6 886.145 886.145 72993.9
8 1653.33 6613.32 74607.3
0 1467.84 1467.84 74453.5
7 1636.17 3272.34 74740.1
35
7 862.999 862.999 66774.5
13 212.96 425.92 66190
2 129.403 517.611 66581.2
5 1080.63 4322.52 67829.4
1 413.461 413.461 66595.8
12 40.5138 40.5138 66546.2
11 661.694 1323.39 66869.6
0 710.982 710.982 66990.6
4 378.607 757.214 66892.3
3 604.902 604.902 67272
10 273.473 273.473 67861
13 448.649 897.298 68671.1
0 373.239 373.239 69330.9
7 539.943 539.943 69057.4
1 812.111 812.111 69410.4
2 520.414 1040.83 69672.4
3 182.251 182.251 69364.3
11 263.979 1055.92 69484.6
4 482.183 964.367 69393.2
8 2256.2 9024.8 72029.9
5 739.533 2958.13 71007.5
10 2174.03 4348.06 72178.4
13 502.542 1005.08 70558.6
6 565.149 565.149 70947.6
7 1214.55 2429.11 72128.4
4 2049.76 4099.53 72880.5
11 714.663 1429.33 71776.1
1 1860.67 3721.33 73123.1
3 362.134 362.134 71733.2
0 367.34 367.34 71989.2
2 195.515 782.061 71946.8
13 1158.41 2316.82 73112
12 312.269 312.269 72257.3
9 512.351 512.351 72544.2
5 1459.09 1459.09 74565.9
33
6 241.292 241.292 66267.9
2 160.277 320.555 65878.5
1 238.384 476.769 66569.1
7 858.32 858.32 66906.1
0 96.1445 96.1445 66411.4
10 290.821 581.642 67003.6
5 1154.09 4616.37 67472.5
8 903.794 3615.18 67438.9
13 1157.39 2314.79 67708
12 215.57 215.57 67115.7
11 469.742 1878.97 67615
3 615.383 615.383 67493.9
2 802.125 802.125 68017.4
4 546.206 546.206 68422
12 334.257 334.257 69543.8
8 821.76 3287.04 69926.6
0 253.09 253.09 69508.6
1 412.776 412.776 70075.6
11 477.367 1909.47 70233
2 672.101 2688.4 71039.1
5 233.224 233.224 70542.6
3 717.766 717.766 70872.3
8 1212.22 4848.9 72099.9
4 559.589 559.589 71913
10 539.889 1079.78 71533.4
12 104.69 104.69 71607.4
7 195.93 195.93 71199.9
9 296.378 296.378 71862.2
1 717.221 1434.44 72307.2
0 589.071 589.071 72631.3
13 527.276 527.276 73154.1
6 699.102 699.102 72898.3
5 759.472 3037.89 73282.2
42
7 240.539 240.539 65976.2
2 163.906 327.812 66296.8
1 136.788 273.577 66901
11 1305.52 5222.08 67952.1
13 590.638 590.638 67577.6
5 1104.56 4418.22 67668.5
6 455.495 455.495 67356
10 902.9 1805.8 67987.4
8 1153.71 1153.71 68043.5
4 2015.68 4031.36 69017.6
7 2135.38 4270.77 69613.9
12 1505.09 1505.09 68982.6
2 1598.89 3197.77 69098.5
3 183.29 183.29 67770.8
1 1638.63 3277.25 69861.1
0 893.861 893.861 69851.5
9 1720.96 1720.96 70238.4
6 3183.57 3183.57 71781.9
13 1617.98 3235.96 70770
5 896.523 896.523 70078.6
11 1592.88 6371.53 70813.5
10 1574.19 3148.37 70485.2
3 1023.85 1023.85 70505.9
8 341.125 341.125 70136.3
12 2150.47 2150.47 72167.3
4 944.409 944.409 71357.2
2 855.589 855.589 71438.7
7 680.339 680.339 71328.8
0 1650.79 1650.79 72306.9
1 823.938 1647.88 71720.8
5 1370.28 2740.57 72576.1
8 2265.29 2265.29 73604.6
9 1585.14 1585.14 73142.3
10 733.245 733.245 73081.8
13 936.458 1872.92 72793.3
11 1445.18 2890.35 73788.9
3 2505.82 2505.82 77573.8
7 942.731 942.731 73551.4
4 2414.75 4829.5 75040.8
2 1306.48 2612.96 73749.5
1 1199.68 1199.68 74021.9
5 1778.75 3557.5 74495.2
33
7 862.711 862.711 66735.4
2 41.8641 83.7281 66748.9
8 1028.6 2057.21 67746.5
1 256.355 512.711 67376.5
6 630.235 630.235 67386.9
10 146.251 292.501 67212.6
13 1083.75 1083.75 68108.1
3 195.865 195.865 67517.1
0 114.359 114.359 67990.2
2 483.702 483.702 69693.2
11 1471.51 5886.03 70576.3
1 253.09 253.09 69508.6
5 1031.42 4125.67 70805.1
8 1986.82 7947.27 72254.8
7 174.303 348.607 70178.6
10 839.854 1679.71 70895.9
13 319.614 319.614 70702
4 2420.32 4840.64 73334.2
1 1627.09 3254.17 72457.9
2 1952.56 3905.12 73014
7 1663.66 3327.33 72926.1
0 375.952 375.952 71747
11 3099.3 12397.2 74328.8
5 1848.08 7392.32 73526.2
9 655.819 655.819 72278.5
12 445.11 445.11 72238
3 350.806 350.806 72072
13 1757.18 3514.37 73534.2
8 2331.71 9326.83 74380.7
6 264.985 264.985 72372.7
2 2904.72 11618.9 75858.7
10 1244.29 1244.29 74229.9
1 3350.32 6700.63 76454.2
32
7 240.539 240.539 65976.2
2 163.906 327.812 66296.8
1 136.788 273.577 66901
11 1305.52 5222.08 67952.1
13 590.638 590.638 67577.6
5 1104.56 4418.22 67668.5
6 455.495 455.495 67356
10 902.9 1805.8 67987.4
8 1153.71 1153.71 68043.5
4 2015.68 4031.36 69017.6
7 2135.38 4270.77 69613.9
12 1505.09 1505.09 68982.6
2 1598.89 3197.77 69098.5
0 114.359 114.359 67990.2
1 160.217 160.217 69369.7
5 1395.05 5580.21 70499.9
3 530.523 530.523 69786
10 190.144 190.144 69853
11 1022.42 4089.69 70778.1
8 1544.29 6177.14 71911.3
0 288.163 288.163 70597.5
9 1253.21 1253.21 71407.8
2 304.331 1217.32 71192
12 541.435 541.435 71894.9
1 1145.03 2290.05 72138.5
4 727.947 727.947 72230.6
13 340.423 340.423 71962.3
5 1911.92 7647.69 73663.2
7 506.68 1013.36 72460.2
3 312.269 312.269 72257.3
10 487.702 487.702 72519.5
0 540.602 540.602 73647.4
37
6 241.292 241.292 66267.9
2 160.277 320.555 65878.5
1 238.384 476.769 66569.1
7 858.32 858.32 66906.1
0 96.1445 96.1445 66411.4
10 290.821 581.642 67003.6
5 1154.09 4616.37 67472.5
8 903.794 3615.18 67438.9
13 1157.39 2314.79 67708
12 215.57 215.57 67115.7
11 469.742 1878.97 67615
3 615.383 615.383 67493.9
2 802.125 802.125 68017.4
4 546.206 546.206 68422
12 334.257 334.257 69543.8
8 821.76 3287.04 69926.6
0 253.09 253.09 69508.6
1 412.776 412.776 70075.6
11 477.367 1909.47 70233
2 672.101 2688.4 71039.1
5 233.224 233.224 70542.6
3 717.766 717.766 70872.3
8 1212.22 4848.9 72099.9
4 559.589 559.589 71913
10 539.889 1079.78 71533.4
12 104.69 104.69 71607.4
11 745.228 2980.91 71974.8
5 2003.94 8015.76 73682.1
0 628.168 628.168 72250.9
9 978.443 978.443 72771.3
1 1263.21 1263.21 72984.4
7 1209.17 2418.33 72986.2
2 1996.86 7987.45 74045.8
13 264.985 264.985 72372.7
11 1399.92 5599.69 74353.9
6 1265.58 1265.58 74251.2
10 1115.75 2231.5 74219.6
31
1 849.189 849.189 66762.8
12 71.4559 71.4559 66066.7
13 799.178 799.178 67425.7
2 71.4152 71.4152 66751
4 910.814 1821.63 67895
0 584.385 584.385 67855.7
10 543.675 1087.35 67942.8
7 829.663 1659.33 67966.4
12 192.709 192.709 68068.5
2 483.702 483.702 69693.2
8 1392.39 5569.58 70497.2
11 322.621 322.621 69578.1
10 719.192 719.192 70201.3
7 233.226 233.226 70028.4
0 662.489 662.489 70679.3
1 572.533 572.533 70985.4
4 708.425 708.425 71291.5
12 499.122 499.122 71147.6
3 532.726 532.726 71188.9
5 755.486 1510.97 71652.3
11 354.872 1419.49 71584.4
2 961.979 3847.92 72640.1
9 655.819 655.819 72278.5
7 2031.9 2031.9 73824.8
13 2471.91 2471.91 74193.1
10 965.286 1930.57 72742.3
8 1918.51 7674.03 73967.5
6 453.065 453.065 72560.8
11 1009.57 4038.26 73963.6
1 517.918 517.918 73503.5
4 1628.61 3257.22 74732.5
37
1 849.189 849.189 66762.8
12 71.4559 71.4559 66066.7
13 799.178 799.178 67425.7
2 71.4152 71.4152 66751
4 910.814 1821.63 67895
0 584.385 584.385 67855.7
10 543.675 1087.35 67942.8
7 829.663 1659.33 67966.4
3 183.29 183.29 67770.8
5 364.512 729.023 68587
2 815.759 815.759 69773.4
1 551.586 551.586 69069
12 812.111 812.111 69410.4
11 236.961 473.923 69388.9
9 787.838 787.838 69969.9
8 2987.51 11950 72208.1
13 1836.32 3672.65 70747.3
0 134.296 134.296 69797.1
5 1125.95 4503.81 70881.6
11 2025.41 8101.66 72392.4
4 175.996 175.996 70485.3
10 717.766 717.766 70872.3
2 962.146 3848.59 71849.8
3 891.83 891.83 72245.3
1 1443.45 2886.9 72436.9
7 727.947 727.947 72230.6
5 1393.81 5575.26 72623.4
2 2927.51 11710 74605.6
12 885.286 885.286 72508
0 366.056 366.056 72158.9
9 1157.65 1157.65 72878.8
4 664.71 1329.42 72441.8
8 2572.69 10290.7 74621.6
6 453.065 453.065 72560.8
11 2134.46 8537.83 75088.5
10 1642.85 1642.85 74628.5
13 52.1559 104.312 73156.1
31
7 862.999 862.999 66774.5
13 212.96 425.92 66190
2 129.403 517.611 66581.2
5 1080.63 4322.52 67829.4
1 413.461 413.461 66595.8
12 40.5138 40.5138 66546.2
11 661.694 1323.39 66869.6
0 710.982 710.982 66990.6
4 378.607 757.214 66892.3
3 604.902 604.902 67272
13 676.472 1352.94 69024.6
10 241.046 482.093 68115.4
12 357.055 357.055 68923.7
1 357.911 357.911 69218.9
0 429.715 429.715 69591
9 285.804 285.804 69647.8
2 767.201 767.201 70249.3
7 341.125 341.125 70136.3
10 593.55 593.55 70610.4
6 888.924 888.924 71301.8
5 708.425 708.425 71291.5
13 91.0941 91.0941 70739.6
1 18.5088 18.5088 70674.7
4 271.757 543.514 71168.6
0 687.05 687.05 71691
9 442.435 442.435 72008.2
11 337.394 674.789 71927.3
3 589.071 589.071 72631.3
7 527.276 527.276 73154.1
8 699.102 699.102 72898.3
2 1148.83 4595.33 73671.6
37
7 862.999 862.999 66774.5
13 212.96 425.92 66190
2 129.403 517.611 66581.2
5 1080.63 4322.52 67829.4
1 413.461 413.461 66595.8
12 40.5138 40.5138 66546.2
11 661.694 1323.39 66869.6
0 710.982 710.982 66990.6
4 378.607 757.214 66892.3
3 604.902 604.902 67272
13 140.655 281.31 68367.8
1 644.381 644.381 69327.4
2 166.066 664.265 68716.1
7 652.174 652.174 69310.1
10 106.566 106.566 68872
3 443.553 443.553 69619
9 301.546 301.546 69652.2
4 767.201 767.201 70249.3
6 921.172 921.172 70716.3
0 658.604 658.604 70675.4
8 1314.73 1314.73 71727.6
2 614.389 614.389 71197.5
5 423.151 423.151 71071.6
11 123.409 123.409 70779.6
13 271.757 543.514 71168.6
10 149.522 299.043 71355.3
3 657.819 657.819 71997.1
9 56.2088 56.2088 71613.4
4 501.466 501.466 72850
1 1747.85 3495.69 73604.7
7 1058.67 2117.34 73402.4
6 1078.66 1078.66 76146.6
0 108.115 108.115 72716.8
11 264.58 529.16 72890.6
5 1193.2 2386.41 73636.2
12 554.631 554.631 73376.9
13 229.744 459.488 72946.2
27
1 849.189 849.189 66762.8
12 71.4559 71.4559 66066.7
13 799.178 799.178 67425.7
2 71.4152 71.4152 66751
4 910.814 1821.63 67895
0 584.385 584.385 67855.7
10 543.675 1087.35 67942.8
7 829.663 1659.33 67966.4
12 192.709 192.709 68068.5
2 483.702 483.702 69693.2
8 1392.39 5569.58 70497.2
11 322.621 322.621 69578.1
10 719.192 719.192 70201.3
7 233.226 233.226 70028.4
0 662.489 662.489 70679.3
1 572.533 572.533 70985.4
4 708.425 708.425 71291.5
12 499.122 499.122 71147.6
3 532.726 532.726 71188.9
5 755.486 1510.97 71652.3
13 195.93 195.93 71199.9
9 296.378 296.378 71862.2
11 337.394 674.789 71927.3
10 1385.68 1385.68 73427.9
6 133.55 133.55 72760.4
2 98.1922 98.1922 72297.4
8 1080.58 4322.33 73603.3
39
6 241.292 241.292 66267.9
2 160.277 320.555 65878.5
1 238.384 476.769 66569.1
7 858.32 858.32 66906.1
0 96.1445 96.1445 66411.4
10 290.821 581.642 67003.6
5 1154.09 4616.37 67472.5
8 903.794 3615.18 67438.9
13 1157.39 2314.79 67708
12 215.57 215.57 67115.7
11 469.742 1878.97 67615
3 615.383 615.383 67493.9
2 802.125 802.125 68017.4
4 955.411 1910.82 69303.5
1 1233.9 2467.8 69108.3
0 357.055 357.055 68923.7
10 358.2 358.2 69219.2
12 465.7 465.7 69627
9 285.804 285.804 69647.8
5 610.76 2443.04 69964.2
13 970.494 970.494 70788.6
3 78.7382 78.7382 69941.2
2 643.121 1286.24 71111.7
7 678.332 678.332 71094.3
11 482.534 965.069 70920.1
8 191.355 382.711 70566.3
1 1901.85 3803.7 72595.8
0 610.234 610.234 71711
4 186.92 373.839 71216.2
12 984.318 984.318 72480.2
10 327.223 654.445 72080.2
9 406.474 406.474 72037.9
5 643.743 1287.49 72132.4
3 607.093 607.093 72501.4
8 2651.56 10606.3 74398.2
13 898.481 1796.96 73654.3
6 2275.7 2275.7 74579.3
11 232.847 465.694 72449.6
7 506.098 506.098 73446.9
33
7 862.999 862.999 66774.5
13 212.96 425.92 66190
2 129.403 517.611 66581.2
5 1080.63 4322.52 67829.4
1 413.461 413.461 66595.8
12 40.5138 40.5138 66546.2
11 661.694 1323.39 66869.6
0 710.982 710.982 66990.6
4 378.607 757.214 66892.3
3 604.902 604.902 67272
10 301.27 602.54 67674.4
13 323.757 323.757 68418.2
9 547.364 547.364 68530.7
12 485.005 485.005 68653.5
1 467.447 934.894 68884.3
2 86.3327 345.331 68683
4 650.151 1300.3 69946.1
11 138.931 138.931 69094
8 1608.58 6434.32 70557.9
3 767.201 767.201 70249.3
7 341.125 341.125 70136.3
10 593.55 593.55 70610.4
6 888.924 888.924 71301.8
13 447.914 447.914 71031
11 390.48 390.48 71038.9
2 123.409 123.409 70779.6
5 153.033 306.067 71049.9
4 1840.97 1840.97 73462.8
8 1442.79 5771.16 73194.1
1 163.775 327.55 72117.3
0 323.674 323.674 72268.7
9 145.807 145.807 72177.6
10 414.528 414.528 73521.3
33
7 862.711 862.711 66735.4
2 41.8641 83.7281 66748.9
8 1028.6 2057.21 67746.5
1 256.355 512.711 67376.5
6 630.235 630.235 67386.9
10 146.251 292.501 67212.6
13 1083.75 1083.75 68108.1
3 195.865 195.865 67517.1
12 299.328 299.328 67886.8
4 264.891 529.781 68487.4
2 815.759 815.759 69773.4
7 579.001 579.001 69096.4
0 571.952 571.952 69170.3
11 236.961 473.923 69388.9
1 230.799 230.799 69412.9
5 467.178 1868.71 69687.8
10 150.877 301.753 69061.9
3 755.68 755.68 70418.5
8 2507.1 10028.4 72262.8
11 2025.41 8101.66 72392.4
4 253.119 253.119 70562.5
12 758.714 758.714 70913.3
5 1750.96 7003.86 72638.6
1 529.698 529.698 71883.1
10 708.039 1416.08 71701.5
7 421.469 421.469 71924.2
6 195.93 195.93 71199.9
9 296.378 296.378 71862.2
2 1335.63 2671.27 72925.6
0 391.137 391.137 72433.4
13 527.276 527.276 73154.1
4 1806.24 1806.24 74005.5
8 2512.97 10051.9 75035.7
41
6 241.292 241.292 66267.9
2 160.277 320.555 65878.5
1 238.384 476.769 66569.1
7 858.32 858.32 66906.1
0 96.1445 96.1445 66411.4
10 290.821 581.642 67003.6
5 1154.09 4616.37 67472.5
8 903.794 3615.18 67438.9
13 1157.39 2314.79 67708
12 215.57 215.57 67115.7
11 469.742 1878.97 67615
3 615.383 615.383 67493.9
2 802.125 802.125 68017.4
4 394.373 788.747 68621.5
1 312.39 312.39 68995.4
8 2595.98 10383.9 71146.1
7 524.093 524.093 69182
9 309.414 309.414 69074.9
3 388.386 388.386 69563.8
11 434.529 434.529 69785.2
0 458.244 458.244 70121.1
5 547.356 2189.42 70303
2 672.101 2688.4 71039.1
10 288.163 288.163 70597.5
4 711.523 711.523 70866.1
11 2237.6 8950.38 73125.2
12 559.589 559.589 71913
7 1331.18 2662.36 72324.7
1 520.25 520.25 72022.9
13 2455.1 4910.21 73660.9
3 657.819 657.819 71997.1
5 538.052 538.052 72095.2
9 706.148 706.148 73054.7
10 541.677 1083.35 72398.5
4 2233.01 4466.01 74576.7
6 396.776 396.776 75464.7
0 206.487 206.487 72815.2
2 1354.94 2709.89 73981
8 1036.06 2072.12 73479.1
12 2417.54 2417.54 75239.8
1 2388.69 4777.38 75105.2
31
1 849.189 849.189 66762.8
12 71.4559 71.4559 66066.7
13 799.178 799.178 67425.7
2 71.4152 71.4152 66751
4 910.814 1821.63 67895
0 584.385 584.385 67855.7
10 543.675 1087.35 67942.8
7 829.663 1659.33 67966.4
11 472.417 944.833 68699.5
2 507.467 507.467 69190.5
5 519.48 2077.92 69069.6
1 663.581 663.581 69321.5
3 128.952 128.952 68894.4
12 443.553 443.553 69619
9 301.546 301.546 69652.2
8 2256.2 9024.8 72029.9
11 943.541 3774.16 71211.5
7 153.547 307.094 70157.9
4 530.623 1061.25 70586.6
13 342.419 342.419 70724.8
10 2200.17 4400.33 73114
2 381.698 763.395 71212.5
5 558.923 1117.85 71620.4
1 968.954 1937.91 72231.4
0 256.775 256.775 71627.8
6 272 272 71893.9
11 1364.78 5459.12 73116.1
7 2463.04 4926.08 74416.6
12 312.269 312.269 72257.3
3 145.807 145.807 72177.6
4 539.517 539.517 73646.3
34
7 862.711 862.711 66735.4
2 41.8641 83.7281 66748.9
8 1028.6 2057.21 67746.5
1 256.355 512.711 67376.5
6 630.235 630.235 67386.9
10 146.251 292.501 67212.6
13 1083.75 1083.75 68108.1
3 195.865 195.865 67517.1
12 299.328 299.328 67886.8
4 264.891 529.781 68487.4
2 815.759 815.759 69773.4
7 579.001 579.001 69096.4
0 571.952 571.952 69170.3
11 236.961 473.923 69388.9
1 230.799 230.799 69412.9
5 467.178 1868.71 69687.8
10 150.877 301.753 69061.9
8 1609.28 3218.56 71513.4
6 1034.44 1034.44 70373.9
3 1258.94 1258.94 70811.8
12 509.994 509.994 70565.6
11 2160.63 8642.51 72126.4
9 325.681 325.681 70536.2
4 378.853 378.853 70725
13 2455.93 4911.85 72740.9
5 1426.22 5704.87 72102
7 821.601 821.601 71957.4
1 1533.94 1533.94 72537.9
10 339.928 339.928 71905.7
2 1335.63 2671.27 72925.6
0 391.137 391.137 72433.4
6 686.11 686.11 73313
3 779.162 779.162 72978.4
8 816.209 3264.84 73339
29
7 862.999 862.999 66774.5
13 212.96 425.92 66190
2 129.403 517.611 66581.2
5 1080.63 4322.52 67829.4
1 413.461 413.461 66595.8
12 40.5138 40.5138 66546.2
11 661.694 1323.39 66869.6
0 710.982 710.982 66990.6
4 378.607 757.214 66892.3
3 604.902 604.902 67272
13 195.583 195.583 68071.4
0 170.992 170.992 69380.5
2 1332.95 5331.82 70437.8
1 253.09 253.09 69508.6
3 767.201 767.201 70249.3
7 341.125 341.125 70136.3
5 658.608 658.608 70675.4
6 888.924 888.924 71301.8
4 748.11 748.11 71331.2
11 499.122 499.122 71147.6
12 123.409 123.409 70779.6
13 271.757 543.514 71168.6
0 485.511 485.511 71489.5
10 141.54 141.54 71707.3
1 337.394 674.789 71927.3
9 1122.45 1122.45 73164.7
2 527.276 527.276 73154.1
7 98.1922 98.1922 72297.4
5 1095.4 4381.61 73618.2
30
7 862.711 862.711 66735.4
2 41.8641 83.7281 66748.9
8 1028.6 2057.21 67746.5
1 256.355 512.711 67376.5
6 630.235 630.235 67386.9
10 146.251 292.501 67212.6
13 1083.75 1083.75 68108.1
3 195.865 195.865 67517.1
4 955.411 1910.82 69303.5
5 440.456 880.913 68314.8
12 177.053 177.053 68743.7
0 146.092 146.092 69007
2 567.996 567.996 69729.3
9 285.804 285.804 69647.8
1 458.244 458.244 70121.1
11 477.367 1909.47 70233
5 936.099 3744.4 71303.1
3 478.62 478.62 70788
12 702.449 702.449 70857
8 488.911 1955.64 71376.6
4 477.32 477.32 71830.8
10 708.039 1416.08 71701.5
6 727.947 727.947 72230.6
7 195.93 195.93 71199.9
9 442.435 442.435 72008.2
1 754.626 1509.25 72344.6
0 589.071 589.071 72631.3
2 527.276 527.276 73154.1
13 98.1922 98.1922 72297.4
11 1278.19 5112.77 73801
41
7 240.539 240.539 65976.2
2 163.906 327.812 66296.8
1 136.788 273.577 66901
11 1305.52 5222.08 67952.1
13 590.638 590.638 67577.6
5 1104.56 4418.22 67668.5
6 455.495 455.495 67356
10 902.9 1805.8 67987.4
8 1153.71 1153.71 68043.5
4 2015.68 4031.36 69017.6
7 2135.38 4270.77 69613.9
12 1505.09 1505.09 68982.6
2 1598.89 3197.77 69098.5
3 183.29 183.29 67770.8
1 1638.63 3277.25 69861.1
0 893.861 893.861 69851.5
9 1720.96 1720.96 70238.4
6 3183.57 3183.57 71781.9
13 1617.98 3235.96 70770
5 896.523 896.523 70078.6
11 1592.88 6371.53 70813.5
10 1574.19 3148.37 70485.2
3 1023.85 1023.85 70505.9
8 341.125 341.125 70136.3
12 2150.47 2150.47 72167.3
4 944.409 944.409 71357.2
2 855.589 855.589 71438.7
7 680.339 680.339 71328.8
0 1650.79 1650.79 72306.9
1 823.938 1647.88 71720.8
5 817.466 1634.93 71846.7
8 1392.65 1392.65 72888.5
10 510.08 1020.16 72263.1
9 2040.3 2040.3 73671.7
13 1303.14 2606.27 72791.8
3 1450.59 1450.59 73344.9
11 1153.47 4613.87 72900.1
7 966.607 1933.21 73722.5
4 2104.78 2104.78 74408.4
2 2323.03 4646.07 74539.8
1 2089.23 2089.23 75030.1
37
7 240.539 240.539 65976.2
2 163.906 327.812 66296.8
1 136.788 273.577 66901
11 1305.52 5222.08 67952.1
13 590.638 590.638 67577.6
5 1104.56 4418.22 67668.5
6 455.495 455.495 67356
10 902.9 1805.8 67987.4
8 1153.71 1153.71 68043.5
4 2015.68 4031.36 69017.6
7 2135.38 4270.77 69613.9
12 1505.09 1505.09 68982.6
2 1598.89 3197.77 69098.5
1 1042.23 2084.47 69269.3
0 757.846 757.846 69440.9
5 1531.93 6127.72 70082
3 1449.83 1449.83 70107.8
9 309.414 309.414 69074.9
13 1058.8 1058.8 70234.2
6 3232.23 3232.23 72582.9
11 972.333 3889.33 70746
8 1986.82 7947.27 72254.8
10 1834.37 3668.75 71838.7
4 2098.78 4197.57 72154.8
12 1166.6 1166.6 71549
2 1255.67 2511.35 72169.5
1 1480.88 2961.76 72311.7
7 1337.85 2675.69 72399.3
5 1748.42 3496.85 73010.8
9 483.946 483.946 71855
0 542.599 542.599 71546.6
3 2021.64 2021.64 73587.4
13 362.154 724.309 71952.1
11 1843.97 1843.97 73886.2
0 1167.45 1167.45 73794.3
12 742.226 742.226 72941.4
2 3002.53 12010.1 75525.3
36
6 241.292 241.292 66267.9
2 160.277 320.555 65878.5
1 238.384 476.769 66569.1
7 858.32 858.32 66906.1
0 96.1445 96.1445 66411.4
10 290.821 581.642 67003.6
5 1154.09 4616.37 67472.5
8 903.794 3615.18 67438.9
13 1157.39 2314.79 67708
12 215.57 215.57 67115.7
11 469.742 1878.97 67615
3 615.383 615.383 67493.9
2 802.125 802.125 68017.4
4 381.669 381.669 67969.2
1 1306.71 2613.43 69529.2
12 700.66 700.66 69658.3
7 408.493 408.493 68925.9
0 812.111 812.111 69410.4
10 520.414 1040.83 69672.4
9 787.838 787.838 69969.9
5 624.308 2497.23 69844.9
8 2455.93 4911.85 71366.9
11 623.235 623.235 70105.3
13 150.282 150.282 69945.4
2 486.826 486.826 70503.6
6 1314.73 1314.73 71727.6
3 748.11 748.11 71331.2
4 756.233 756.233 71404.7
7 1514.14 1514.14 72170.3
1 492.025 984.049 71388.9
13 340.423 340.423 71962.3
11 261.326 1045.31 72012.6
5 489.231 978.463 72442.8
9 323.674 323.674 72268.7
0 386.72 386.72 72418.5
2 414.528 414.528 73521.3
37
7 240.539 240.539 65976.2
2 163.906 327.812 66296.8
1 136.788 273.577 66901
11 1305.52 5222.08 67952.1
13 590.638 590.638 67577.6
5 1104.56 4418.22 67668.5
6 455.495 455.495 67356
10 902.9 1805.8 67987.4
8 1153.71 1153.71 68043.5
4 2015.68 4031.36 69017.6
7 2135.38 4270.77 69613.9
12 1505.09 1505.09 68982.6
2 1598.89 3197.77 69098.5
0 114.359 114.359 67990.2
1 160.217 160.217 69369.7
5 1395.05 5580.21 70499.9
3 530.523 530.523 69786
10 190.144 190.144 69853
11 1022.42 4089.69 70778.1
8 1544.29 6177.14 71911.3
0 288.163 288.163 70597.5
9 1253.21 1253.21 71407.8
2 304.331 1217.32 71192
12 541.435 541.435 71894.9
1 1145.03 2290.05 72138.5
4 727.947 727.947 72230.6
5 3022.84 12091.4 74252.4
11 2509.34 10037.3 74187.4
3 622.812 622.812 72245.5
7 260.932 260.932 72053.8
10 1040.86 1040.86 72762
13 1209.17 2418.33 72986.2
2 2613.27 10453.1 74662.2
6 886.145 886.145 72993.9
8 1653.33 6613.32 74607.3
0 1467.84 1467.84 74453.5
7 1636.17 3272.34 74740.1
