63
2 146.331 585.323 65716.5
3 184.024 184.024 66096.7
2 1611.4 6445.58 67538.3
0 565.46 565.46 66518.8
1 651.75 651.75 66751.7
1 2734.17 5468.33 68667.7
3 1931.79 1931.79 68144.9
2 3256.51 13026.1 69509.6
0 2123.29 2123.29 68321.7
1 4388.92 8777.85 70778.5
3 4608.88 4608.88 71303.3
2 5107.75 20431 71503.6
1 6395.24 12790.5 72719.8
2 6826.17 13652.3 73304.8
2 9944.69 39778.8 76591.2
1 9862.69 19725.4 76260
1 12182 24364 78825.3
2 12425.7 49702.7 79400.6
0 3983.38 3983.38 71096.6
0 7593.12 7593.12 74501.3
2 16509.3 66037.2 83262.5
1 13908.9 27817.8 81048.5
1 16304.6 32609.2 83365.6
2 18440.5 36881.1 85599.9
2 21331.2 85324.8 88679.8
1 18750.3 37500.6 85890.9
3 6380.71 6380.71 73858.2
1 20069.7 40139.3 87644.6
3 9219.55 9219.55 76645.7
0 9353.05 9353.05 77259.3
1 21731.5 43463 89322.4
3 10584.3 10584.3 78975.9
2 23438.6 46877.2 91409.9
0 10776.4 10776.4 79171.5
1 22853.5 45707 91338.6
3 12461.3 12461.3 81225.4
0 12938.4 12938.4 81678.9
2 25089.9 100360 94864.1
2 27344.8 109379 97047.5
3 13297.9 13297.9 82610.3
1 23954.1 47908.2 93780.1
1 26821.4 53642.7 96667.8
1 29439.8 58879.5 99619.3
2 29759 59518.1 99611.2
0 14698.5 14698.5 85167.3
3 14459.4 14459.4 84852.4
3 18262.8 18262.8 89058
2 30899.7 61799.3 101416
1 32464.8 64929.6 103021
2 32548.9 130196 103158
2 34547.1 138188 105468
2 37702.2 150809 108240
2 40920.3 163681 112304
0 17538.2 17538.2 89369.1
2 42442.9 169772 114611
1 33089.5 66178.9 105040
2 45021.6 180087 117009
1 35364.6 70729.2 107448
3 21552.5 21552.5 93891.8
1 38631.1 77262.3 111105
0 19032.3 19032.3 91315.6
2 46164.1 184656 119136
1 41855 83709.9 114693
63
2 323.329 646.657 66200.9
1 599.336 1198.67 66454.3
3 180.119 180.119 66180.4
2 2101.38 8405.54 68017.9
0 415.675 415.675 66482.3
3 2924.79 2924.79 68560.1
2 4207.72 16830.9 70163
2 6379.39 25517.6 72577.2
1 4587.13 4587.13 70729.5
2 8332.37 33329.5 74621.5
0 2606.36 2606.36 68902.5
3 4826.85 4826.85 71037.2
0 5042.58 5042.58 71274.1
1 9212.68 18425.4 75506.1
2 10672.6 21345.2 77033.4
3 6429.33 6429.33 73008.7
0 7252.97 7252.97 74003.9
3 8352.04 8352.04 74995.4
0 9487.45 9487.45 76083.8
3 10493.4 10493.4 77340.4
2 12795.9 51183.7 79997.5
2 16092.4 64369.8 83350.8
1 9725.86 19451.7 78073.1
1 12124.6 24249.2 80164.6
1 14121.4 28242.9 82857.5
2 17927.4 71709.6 86173.4
2 20160.7 80642.8 88511.3
0 9509.04 9509.04 78072.6
3 11717.7 11717.7 80062.4
1 17041.8 34083.5 85729
0 11675.3 11675.3 80644.8
3 12698.9 12698.9 81804.5
0 13745.1 13745.1 83129.4
3 14572.1 14572.1 84032.3
1 19892.1 39784.1 88831.7
0 15817.6 15817.6 85126.9
2 22314 44628 91522.9
3 17034.9 17034.9 86755.3
2 25404.6 101618 95968.8
0 18289.7 18289.7 88269.6
2 27905.3 111621 97910.2
3 19366 19366 89527.3
1 21481.9 42963.8 92078.3
1 23096.3 46192.6 94160.5
1 24590.6 49181.3 96080.1
0 18584 18584 90118.8
3 21379.8 21379.8 92854.1
0 20826.7 20826.7 92220.2
0 22305.1 22305.1 94132.5
3 22955.3 22955.3 94382.5
1 26738.6 53477.2 98506.2
2 28306.4 113226 100247
2 31158.8 124635 103141
1 28854.3 57708.6 100571
2 33406.9 133628 105396
0 24326 24326 96200.2
1 30544.3 61088.7 102980
1 33498.1 66996.2 105793
2 36216.3 144865 108780
3 24141.2 24141.2 97133.1
0 25663.5 25663.5 98203.9
1 35166.2 70332.4 107812
3 26922.7 26922.7 99689.5
42
2 127.601 255.203 66199
3 116.737 116.737 66111.1
0 566.787 566.787 66467.2
1 632.472 1264.94 66433.7
2 2712.58 10850.3 68514.2
3 2584.09 2584.09 68525.8
2 4254.47 17017.9 70505.8
1 2101.54 4203.09 68285.4
2 6191.45 24765.8 72541.1
0 2168.07 2168.07 68532.9
1 3752.72 3752.72 70330.4
3 4046.95 4046.95 70570.1
0 4207.18 4207.18 70783.6
2 8113.24 32453 74475.4
1 8437.1 16874.2 77749.8
2 9642.46 19284.9 76015.5
2 11158 44631.9 77957.7
1 12709.7 25419.5 79845.7
3 5058.21 5058.21 72537.9
2 13242.6 26485.2 80785.1
0 5174.58 5174.58 73408.7
1 13483.7 26967.5 81773.2
3 5299.65 5299.65 74294.8
2 13861.7 27723.3 82871.5
0 6474.33 6474.33 76112.6
3 6903.49 6903.49 76487.3
0 9247.56 9247.56 78963.6
3 8807.48 8807.48 78697.3
2 16365.4 65461.4 86856.8
1 12791 25582 83577.1
1 15916.3 31832.6 89187.3
2 17444.1 69776.2 88827.7
3 10397.3 10397.3 82228.2
2 18966.7 75866.9 91134.4
1 19193.6 38387.2 91144.5
2 21545.4 86181.7 93532.8
1 21468.7 42937.5 93552.2
0 10696.6 10696.6 83036
2 24715.8 49431.7 97189.4
3 11891.4 11891.4 84174.7
2 28283.1 113132 101255
1 22626.1 45252.1 95463.7
46
2 290.258 1161.03 65998.3
3 284.287 284.287 66139.7
1 506.68 1013.36 66161.2
2 2019.94 4039.87 67983.3
1 2429.16 4858.32 68393.4
0 561.65 561.65 66639.5
3 2145.94 2145.94 68544.1
2 4040.06 16160.2 70541.4
2 6746.83 26987.3 73291.8
1 4011.56 8023.11 70339.6
1 7082.54 14165.1 73453.9
0 1969.03 1969.03 68659.9
2 9134.23 18268.5 75495.6
1 8655.32 17310.6 75256.8
1 11037.5 22075 78211.3
2 12037.3 24074.7 78812.6
1 13450.3 26900.6 80821.3
3 3468.69 3468.69 70617.2
2 13401.7 53606.7 80620.8
0 3511.61 3511.61 71417.9
2 14775.4 29550.8 82366.3
3 4966.65 4966.65 73358.3
1 14380.6 28761.3 82351.9
0 4934.98 4934.98 73330.1
1 16910.2 33820.4 85395.3
0 6815.48 6815.48 75579.5
3 7125.19 7125.19 75865.7
0 8503.41 8503.41 77812.7
2 16169 32338 85377.9
3 7684.07 7684.07 77404.5
2 19259.6 77038.4 89823.8
3 8996.37 8996.37 78976.3
2 21760.3 87041.3 91765.2
0 9392.01 9392.01 79553.3
1 16411.7 32823.4 87008.1
2 22777.8 91111.3 94161.5
3 9175.2 9175.2 81006.1
2 24300.5 97202 96468.2
1 17077 34153.9 89027.8
2 26879.2 107517 98866.5
1 19352.1 38704.2 91435.5
0 10631.6 10631.6 82971
1 22618.6 45237.3 95092.2
3 10669.3 10669.3 82952.6
2 28021.6 112087 100994
1 25842.5 51684.9 98680.1
53
2 127.601 255.203 66199
3 116.737 116.737 66111.1
0 566.787 566.787 66467.2
1 632.472 1264.94 66433.7
2 2712.58 10850.3 68514.2
3 2584.09 2584.09 68525.8
2 4254.47 17017.9 70505.8
1 2101.54 4203.09 68285.4
2 6191.45 24765.8 72541.1
0 2168.07 2168.07 68532.9
1 3752.72 3752.72 70330.4
3 4046.95 4046.95 70570.1
0 4207.18 4207.18 70783.6
2 8113.24 32453 74475.4
1 8437.1 16874.2 77749.8
2 9642.46 19284.9 76015.5
2 11158 44631.9 77957.7
1 12709.7 25419.5 79845.7
3 5058.21 5058.21 72537.9
0 5238.84 5238.84 73145.1
2 12274.4 24548.8 79865.3
3 6476.48 6476.48 74868.2
1 14604.5 29208.9 82575.7
0 6662.2 6662.2 75057.3
2 13396.4 26792.8 81881.5
3 8353.57 8353.57 77117.6
0 8824.16 8824.16 77564.7
3 9464.4 9464.4 79102.7
0 10514.6 10514.6 80098.4
3 12237.6 12237.6 81953.7
0 12418.5 12418.5 82308.3
2 13672.2 54688.8 84163.6
1 14989.8 29979.6 85775.9
2 17042.6 34085.3 90313.6
1 17067.7 34135.3 88345.1
3 14810 14810 85961.9
1 19102.1 38204.3 90433.2
2 20889.7 41779.3 92105.7
1 21151.5 42302.9 92267.6
0 14364.3 14364.3 85662.2
2 22501.8 45003.6 94065
1 22600.3 45200.6 94139
0 15847.7 15847.7 87515.1
2 24294.4 97177.8 96067.9
1 24627.2 49254.3 96585.8
2 26119.1 104476 98000.2
3 15795.7 15795.7 87761.5
1 26484.9 52969.9 98584
2 29585.5 118342 101542
1 29373.6 58747.3 102116
2 30744.8 122979 103685
2 32701.2 130805 105711
1 33213.7 66427.3 106126
59
2 323.329 646.657 66200.9
1 599.336 1198.67 66454.3
3 180.119 180.119 66180.4
2 2101.38 8405.54 68017.9
0 415.675 415.675 66482.3
3 2924.79 2924.79 68560.1
2 4207.72 16830.9 70163
2 6379.39 25517.6 72577.2
1 4587.13 4587.13 70729.5
2 8332.37 33329.5 74621.5
0 2606.36 2606.36 68902.5
3 4826.85 4826.85 71037.2
0 5042.58 5042.58 71274.1
1 9212.68 18425.4 75506.1
2 10672.6 21345.2 77033.4
3 6429.33 6429.33 73008.7
0 7252.97 7252.97 74003.9
3 8352.04 8352.04 74995.4
0 9487.45 9487.45 76083.8
3 10493.4 10493.4 77340.4
2 12795.9 51183.7 79997.5
2 16092.4 64369.8 83350.8
2 19184 76736 87380.4
1 11118.5 22237 79096.1
1 14366.8 28733.6 83341.3
0 9399.27 9399.27 78275.5
3 10791.2 10791.2 79783.6
1 16063.7 32127.4 85297.8
1 17911.9 35823.8 87330.7
0 10980.3 10980.3 80593.2
3 12229 12229 81886.9
1 21431.5 42863 91152.5
0 13513.5 13513.5 83513.9
2 19597.2 78388.9 89880.8
2 22206.2 88825 92697.6
1 23619.1 47238.3 93990.5
2 24804.9 99219.5 95775.8
3 12990.6 12990.6 84152
2 26774.1 107096 97977.7
0 14247.3 14247.3 85485.2
1 26054.5 52109.1 97292.6
3 14726.5 14726.5 85977
1 27854.7 55709.3 99096.7
2 29554.1 59108.2 101008
0 15862 15862 87066.8
3 16441.1 16441.1 87781.1
1 29555.2 59110.4 101065
2 31750.2 63500.3 103227
2 34096.6 136387 105647
2 37476.1 149905 109106
2 40919.1 163677 112738
1 31025.3 62050.6 103045
2 43171.6 172686 115307
0 16905.4 16905.4 89068.3
1 32874.4 65748.8 105065
1 34561.6 69123.3 107053
3 16996.1 16996.1 89514.6
1 36026.5 72053 108837
0 18153.8 18153.8 91021.2
57
2 290.258 1161.03 65998.3
3 284.287 284.287 66139.7
1 506.68 1013.36 66161.2
2 2019.94 4039.87 67983.3
1 2429.16 4858.32 68393.4
0 561.65 561.65 66639.5
3 2145.94 2145.94 68544.1
2 4040.06 16160.2 70541.4
2 6746.83 26987.3 73291.8
1 4011.56 8023.11 70339.6
1 7082.54 14165.1 73453.9
0 1969.03 1969.03 68659.9
2 9134.23 18268.5 75495.6
1 8655.32 17310.6 75256.8
1 11037.5 22075 78211.3
2 12037.3 24074.7 78812.6
1 13450.3 26900.6 80821.3
3 3468.69 3468.69 70617.2
2 13401.7 53606.7 80620.8
2 16995.3 33990.6 84590.5
1 15918 31836 83538.2
0 4828.05 4828.05 74756.7
1 17912.1 35824.3 85826.8
2 19901.8 79607 88356.3
3 3956.68 3956.68 72572.4
1 20211.9 40423.8 89304.4
3 7309.09 7309.09 76289.8
0 7548.64 7548.64 76610.5
3 8980.87 8980.87 78287.9
0 10073.3 10073.3 79382.6
2 22159.1 44318.1 91367.9
3 12392.5 12392.5 82112.9
2 25249.7 100999 95813.8
0 12545.4 12545.4 82525.3
2 27750.4 111002 97755.2
3 14723.6 14723.6 84884.9
1 20320.8 40641.6 90917.2
1 21935.2 43870.5 92999.4
1 23429.6 46859.1 94919
0 12839.7 12839.7 84374.5
0 15201.4 15201.4 86675.6
3 16625 16625 88018.5
0 16760.5 16760.5 88587.9
3 18119.7 18119.7 89546.9
1 25577.5 51155 97345.1
2 28151.5 112606 100092
2 31003.9 124015 102986
1 27693.2 55386.4 99409.8
2 33252 133008 105241
0 18781.4 18781.4 90655.6
1 29383.3 58766.5 101819
1 32337 64674 104632
2 36061.3 144245 108625
3 19305.6 19305.6 92297.6
0 20118.9 20118.9 92659.3
1 34005.1 68010.3 106651
3 22087.2 22087.2 94854
56
2 323.329 646.657 66200.9
1 599.336 1198.67 66454.3
3 180.119 180.119 66180.4
2 2101.38 8405.54 68017.9
0 415.675 415.675 66482.3
3 2924.79 2924.79 68560.1
2 4207.72 16830.9 70163
2 6379.39 25517.6 72577.2
1 4587.13 4587.13 70729.5
2 8332.37 33329.5 74621.5
0 2606.36 2606.36 68902.5
3 4826.85 4826.85 71037.2
0 5042.58 5042.58 71274.1
1 9212.68 18425.4 75506.1
2 10672.6 21345.2 77033.4
3 6429.33 6429.33 73008.7
0 7252.97 7252.97 74003.9
3 8352.04 8352.04 74995.4
0 9487.45 9487.45 76083.8
3 10493.4 10493.4 77340.4
2 12795.9 51183.7 79997.5
2 16092.4 64369.8 83350.8
2 19184 76736 87380.4
1 11118.5 22237 79096.1
1 14366.8 28733.6 83341.3
0 9399.27 9399.27 78275.5
3 10791.2 10791.2 79783.6
1 16063.7 32127.4 85297.8
1 17911.9 35823.8 87330.7
1 20482.6 40965.1 89951.5
2 19986.5 39973.1 89431.7
0 12124.1 12124.1 81996.6
2 21142.8 42285.6 90951.9
1 23049.2 46098.3 93078.3
2 22254.1 89016.6 93024.5
3 10500.5 10500.5 81991.3
2 24042.5 48085 95106.7
1 23508.5 47016.9 94997.9
3 13487 13487 85021.7
0 15287.2 15287.2 86761.4
3 15729.6 15729.6 87123.2
0 16846.3 16846.3 88673.7
3 17224.4 17224.4 88651.6
1 25656.4 51312.8 97424
2 25563.1 102252 97503.9
2 28415.5 113662 100397
1 27772.1 55544.2 99488.7
2 30663.6 122654 102652
3 18305.8 18305.8 90180
1 29462.2 58924.3 101898
1 32415.9 64831.9 104711
2 33472.9 133892 106037
0 18634.5 18634.5 91626.5
3 19643.3 19643.3 92183.7
1 34084 68168.1 106730
0 21416.1 21416.1 94182.9
56
2 281.903 1127.61 66179.9
1 739.232 1478.46 66894.1
3 197.944 197.944 66247.5
2 3869.74 15479 70266
0 2619.93 2619.93 69127.1
3 2059.31 2059.31 68442.3
1 2458.41 2458.41 68865.3
3 4436.16 4436.16 71147.1
2 8499.34 33997.4 75099.6
1 3959.68 7919.36 70414.1
0 7087.27 7087.27 74035.9
1 5357.02 5357.02 72284.2
1 7612.96 15225.9 74591
2 9953.14 39812.6 77205.1
2 12237.8 48951.3 79631
3 5602.4 5602.4 73508.7
1 8745.58 17491.2 76336.5
3 7582.34 7582.34 75974
1 10602.7 21205.4 78574
0 7401.08 7401.08 75796.2
1 13132.3 26264.5 81617.4
0 9281.58 9281.58 78045.6
3 9740.88 9740.88 78481.4
2 12885.5 51542 82659.7
2 15140.4 60561.7 84843.1
0 10118.1 10118.1 79430.6
1 14232.8 28465.7 84058.9
1 17100.1 34200.3 86946.6
2 17456.2 34912.4 87635.7
1 19213.3 38426.5 89065.5
3 11501.1 11501.1 81969.8
0 11279.6 11279.6 81672.6
0 15083.1 15083.1 85878.3
2 21104.5 42209.1 91621
1 20480.2 40960.4 91036
2 22753.8 91015.1 93362.6
2 24752 99007.9 95672.9
2 27907.1 111629 98444.4
1 21826.9 43653.8 93375.6
3 14705.4 14705.4 86089.6
0 19152.2 19152.2 90683.5
3 16810.9 16810.9 88023.8
3 18477.6 18477.6 90042.3
3 20301.2 20301.2 92020.2
0 21097.7 21097.7 93013
3 22081.1 22081.1 94041
0 22914.9 22914.9 95031.5
1 24167.7 24167.7 96369
2 29670.7 118683 102200
3 23461.2 23461.2 95569.4
0 25546.1 25546.1 97907.5
3 24860.8 24860.8 97359.3
2 31933.1 127733 105081
1 25550 51099.9 98412.9
1 27511.3 55022.6 100501
1 30236.2 60472.3 103393
51
2 127.601 255.203 66199
3 116.737 116.737 66111.1
0 566.787 566.787 66467.2
1 632.472 1264.94 66433.7
2 2712.58 10850.3 68514.2
3 2584.09 2584.09 68525.8
2 4254.47 17017.9 70505.8
1 2101.54 4203.09 68285.4
2 6191.45 24765.8 72541.1
0 2168.07 2168.07 68532.9
1 3752.72 3752.72 70330.4
3 4046.95 4046.95 70570.1
0 4207.18 4207.18 70783.6
2 8113.24 32453 74475.4
1 8437.1 16874.2 77749.8
2 9642.46 19284.9 76015.5
2 11158 44631.9 77957.7
1 12709.7 25419.5 79845.7
3 5058.21 5058.21 72537.9
2 12047.5 48190 80243.9
1 15340.9 30681.9 83318.5
2 13947.9 27895.8 82922.4
0 3667.76 3667.76 72543.9
3 5766.18 5766.18 74758.6
2 15644.8 31289.6 84878.9
1 15961.3 31922.6 85380.1
2 17243.8 34487.6 86712.7
1 19733.8 39467.5 89178.9
0 6392.57 6392.57 76265.1
2 19995.5 39991 89804.6
1 20706.1 41412.2 90735.3
2 21106.9 84427.5 91877.2
3 5475.54 5475.54 76966.3
1 21516.9 43033.7 93065.5
0 9765.51 9765.51 81149.7
3 8775.84 8775.84 80307.1
3 11183.2 11183.2 82396.1
0 11602.3 11602.3 83167
3 12665.8 12665.8 84384.7
0 13272.9 13272.9 85188.2
3 14445.6 14445.6 86405.6
0 15090 15090 87206.7
3 16217.7 16217.7 88418.9
2 21408.5 85634.2 93937.5
0 17017.5 17017.5 89125.7
3 18933.6 18933.6 91294.9
0 18417.1 18417.1 90915.6
2 23671 94683.8 96818.9
1 23108.4 46216.8 95971.4
1 25069.7 50139.5 98059
2 27016 54032.1 100173
55
2 281.903 1127.61 66179.9
1 739.232 1478.46 66894.1
3 197.944 197.944 66247.5
2 3869.74 15479 70266
0 2619.93 2619.93 69127.1
3 2059.31 2059.31 68442.3
1 2458.41 2458.41 68865.3
3 4436.16 4436.16 71147.1
2 8499.34 33997.4 75099.6
1 3959.68 7919.36 70414.1
0 7087.27 7087.27 74035.9
1 5357.02 5357.02 72284.2
1 7612.96 15225.9 74591
2 9953.14 39812.6 77205.1
2 12237.8 48951.3 79631
1 10004.5 20008.9 77546.9
3 5538.14 5538.14 73772.3
1 12376.8 24753.5 80666.3
3 7120.27 7120.27 76115.4
2 14067.9 28135.7 83077.7
2 17542.9 70171.4 87317.1
2 19797.8 79191 89500.4
0 6108.39 6108.39 75420.9
1 13755.8 27511.7 83581.9
1 16623.1 33246.3 86469.6
1 19241.5 38483.1 89421.1
1 23430.7 46861.5 93282.9
0 7904.91 7904.91 78373.6
3 7964.46 7964.46 78357.5
3 11767.9 11767.9 82563.1
2 21767.9 43535.7 92284.3
2 23699.1 47398.2 94254.9
2 25457.6 101831 96066.4
2 27455.8 109823 98376.8
2 30611 122444 101148
1 23761.1 47522.3 94825.3
1 25255.5 50510.9 96744.9
0 10548.3 10548.3 82083.1
0 12910 12910 84384.2
3 15782 15782 87175.6
0 14469.1 14469.1 86296.5
0 16937 16937 88364.2
1 27403.4 54806.8 99171
2 33054.3 132217 104995
2 35906.7 143627 107888
1 29519.1 59038.2 101236
2 38154.8 152619 110144
3 16829.8 16829.8 88704
1 31209.1 62418.3 103645
1 34162.9 68325.8 106458
2 40964.1 163857 113528
0 18122.9 18122.9 91114.8
3 18167.4 18167.4 90707.7
1 35831 71662.1 108477
3 19888.8 19888.8 92655.6
65
2 127.601 255.203 66199
3 116.737 116.737 66111.1
0 566.787 566.787 66467.2
1 632.472 1264.94 66433.7
2 2712.58 10850.3 68514.2
3 2584.09 2584.09 68525.8
2 4254.47 17017.9 70505.8
1 2101.54 4203.09 68285.4
2 6191.45 24765.8 72541.1
0 2168.07 2168.07 68532.9
1 3752.72 3752.72 70330.4
3 4046.95 4046.95 70570.1
0 4207.18 4207.18 70783.6
2 8113.24 32453 74475.4
1 8437.1 16874.2 77749.8
2 9642.46 19284.9 76015.5
2 11158 44631.9 77957.7
1 12709.7 25419.5 79845.7
3 5058.21 5058.21 72537.9
0 5238.84 5238.84 73145.1
2 12274.4 24548.8 79865.3
3 6476.48 6476.48 74868.2
1 14604.5 29208.9 82575.7
0 6662.2 6662.2 75057.3
2 13396.4 26792.8 81881.5
3 8353.57 8353.57 77117.6
0 8824.16 8824.16 77564.7
2 14775.9 59103.5 84550.1
2 17030.8 68123.1 86733.5
3 9190.09 9190.09 78502.6
1 15129.8 30259.6 84955.9
1 17997.1 35994.2 87843.6
2 19346.6 38693.1 89526.1
1 20110.3 40220.5 89962.4
0 10584.3 10584.3 81053
3 10351.6 10351.6 80744.6
3 14155 14155 84950.3
2 22994.9 45989.8 93511.3
1 21377.2 42754.4 91933
2 24644.1 98576.5 95252.9
2 26642.3 106569 97563.3
2 29797.5 119190 100335
2 33160.8 132643 104132
0 13855.6 13855.6 85017
2 35130.1 140520 106334
3 18483.7 18483.7 89721.6
1 22970.8 45941.5 94208.8
0 15591.5 15591.5 86842
1 24770.9 49541.8 96012.9
1 26607.4 53214.8 98061.5
0 17218.8 17218.8 88423.6
0 18887.7 18887.7 90227.8
1 28617.4 57234.8 100127
1 30869.3 61738.5 102346
2 37730.6 150922 109281
2 41110.1 164440 112740
2 44553.1 178213 116372
1 32741.5 65482.9 104762
2 46805.6 187222 118941
3 19560.2 19560.2 91723.1
1 34590.6 69181.1 106782
1 36277.8 72555.6 108769
0 19442.8 19442.8 91961.2
1 37742.7 75485.4 110554
3 20808.5 20808.5 93676
51
2 281.903 1127.61 66179.9
1 739.232 1478.46 66894.1
3 197.944 197.944 66247.5
2 3869.74 15479 70266
0 2619.93 2619.93 69127.1
3 2059.31 2059.31 68442.3
1 2458.41 2458.41 68865.3
3 4436.16 4436.16 71147.1
2 8499.34 33997.4 75099.6
1 3959.68 7919.36 70414.1
0 7087.27 7087.27 74035.9
1 5357.02 5357.02 72284.2
1 7612.96 15225.9 74591
2 9953.14 39812.6 77205.1
2 12237.8 48951.3 79631
1 10965.5 21931 78560.7
1 14303.6 28607.2 81923.8
3 6857.78 6857.78 76786.5
2 14543.3 29086.7 82458
2 17019.9 68079.7 85474.5
0 7486.39 7486.39 76102.1
1 15278.3 30556.6 84370.8
0 10838.8 10838.8 79819.5
3 9578.37 9578.37 78640.3
3 12820.7 12820.7 82127.8
2 18368.9 73475.5 88143.1
2 20623.8 82495.2 90326.5
0 13612.9 13612.9 82925.4
1 16986.3 33972.6 86812.4
1 19853.6 39707.2 89700.1
1 22472 44944 92651.5
2 23038 46076 92890.2
3 14252.5 14252.5 84721.2
0 14774.4 14774.4 85167.4
3 16736.2 16736.2 87531.4
1 26120.3 52240.7 96636.8
2 24305 48609.9 94860.7
2 26063.5 104254 96672.3
2 28061.7 112247 98982.6
2 31216.9 124867 101754
2 34434.9 137740 105819
0 15842.2 15842.2 87673.1
2 35957.6 143830 108125
1 26643.1 53286.1 98593.9
2 38536.3 154145 110524
1 28918.2 57836.4 101002
3 20025.9 20025.9 92365.2
1 32184.7 64369.5 104658
0 17336.4 17336.4 89619.6
2 39678.7 158715 112651
1 35408.6 70817.1 108246
54
2 281.903 1127.61 66179.9
1 739.232 1478.46 66894.1
3 197.944 197.944 66247.5
2 3869.74 15479 70266
0 2619.93 2619.93 69127.1
3 2059.31 2059.31 68442.3
1 2458.41 2458.41 68865.3
3 4436.16 4436.16 71147.1
2 8499.34 33997.4 75099.6
1 3959.68 7919.36 70414.1
0 7087.27 7087.27 74035.9
1 5357.02 5357.02 72284.2
1 7612.96 15225.9 74591
2 9953.14 39812.6 77205.1
2 12237.8 48951.3 79631
1 8810.77 17621.5 77158
1 11209.5 22419 79249.5
1 13206.3 26412.7 81942.4
2 14233.1 56932.2 82479.1
2 16466.3 65865.4 84816.9
3 5031.92 5031.92 73595.5
3 7199.07 7199.07 75543.7
1 16126.7 32253.3 84813.9
0 7085.83 7085.83 76055.3
3 8180.21 8180.21 77285.8
0 9155.6 9155.6 78539.9
3 10053.4 10053.4 79513.7
1 18977 37953.9 87916.6
0 10624.2 10624.2 80262.5
3 11387.5 11387.5 80971.3
0 13397.4 13397.4 83113.5
3 13291.4 13291.4 83181.2
2 16607.6 66430.5 87099.1
2 18116.8 36233.7 88902.9
1 18755.3 37510.6 92026.3
2 20194.7 40389.4 91472.1
0 15969.8 15969.8 87121.7
2 22229.2 44458.3 93560.2
1 22602.3 45204.6 93818.3
2 24278.5 48557 95394.7
3 15237.2 15237.2 86535.1
1 24214.4 48428.9 95777.6
2 25727.3 51454.7 97266
3 16720.6 16720.6 88388
2 27905.7 111623 99679.1
1 25836.3 51672.6 97795
2 29730.3 118921 101611
0 16955.5 16955.5 88921.2
1 27694.1 55388.2 99793.2
2 33196.7 132787 105153
1 30582.8 61165.6 103326
2 34356 137424 107297
2 36312.4 145250 109322
1 34422.8 68845.7 107335
53
2 323.329 646.657 66200.9
1 599.336 1198.67 66454.3
3 180.119 180.119 66180.4
2 2101.38 8405.54 68017.9
0 415.675 415.675 66482.3
3 2924.79 2924.79 68560.1
2 4207.72 16830.9 70163
2 6379.39 25517.6 72577.2
1 4587.13 4587.13 70729.5
2 8332.37 33329.5 74621.5
0 2606.36 2606.36 68902.5
3 4826.85 4826.85 71037.2
0 5042.58 5042.58 71274.1
1 9212.68 18425.4 75506.1
2 10672.6 21345.2 77033.4
3 6429.33 6429.33 73008.7
0 7252.97 7252.97 74003.9
3 8352.04 8352.04 74995.4
0 9487.45 9487.45 76083.8
3 10493.4 10493.4 77340.4
2 12795.9 51183.7 79997.5
2 16092.4 64369.8 83350.8
1 10919.6 21839.1 78462
0 10459.2 10459.2 78693.3
1 13291.9 26583.7 81581.4
3 10688.4 10688.4 79683.5
1 16169.3 32338.5 85179.2
2 16502.7 33005.5 85971.7
1 19532.8 39065.6 88978
0 12123.1 12123.1 81995.7
2 19254.4 38508.9 89063.5
1 20505.2 41010.3 90534.3
2 20365.8 81463.2 91136.1
3 10457.8 10457.8 81948.6
1 21379.7 42759.4 92657.1
3 14131.4 14131.4 85283.4
2 22253.4 44506.7 93584.4
1 23384.4 46768.7 94600.4
2 24302.7 48605.4 95418.8
0 15489.5 15489.5 86787.4
1 24996.5 49993 96559.7
2 25751.5 51503 97290.2
3 15468.8 15468.8 87136.3
2 27929.9 111719 99703.3
1 26618.4 53236.7 98577
2 29754.5 119018 101636
0 16621.2 16621.2 88587
1 28476.2 56952.3 100575
2 33220.9 132884 105178
1 31364.9 62729.7 104108
2 34380.2 137521 107321
2 36336.6 145347 109346
1 35204.9 70409.8 108117
54
2 290.258 1161.03 65998.3
3 284.287 284.287 66139.7
1 506.68 1013.36 66161.2
2 2019.94 4039.87 67983.3
1 2429.16 4858.32 68393.4
0 561.65 561.65 66639.5
3 2145.94 2145.94 68544.1
2 4040.06 16160.2 70541.4
2 6746.83 26987.3 73291.8
1 4011.56 8023.11 70339.6
1 7082.54 14165.1 73453.9
0 1969.03 1969.03 68659.9
2 9134.23 18268.5 75495.6
1 8655.32 17310.6 75256.8
1 11037.5 22075 78211.3
2 12037.3 24074.7 78812.6
1 13450.3 26900.6 80821.3
3 3468.69 3468.69 70617.2
2 13401.7 53606.7 80620.8
2 16995.3 33990.6 84590.5
1 15918 31836 83538.2
0 4828.05 4828.05 74756.7
1 17912.1 35824.3 85826.8
2 19901.8 79607 88356.3
3 3956.68 3956.68 72572.4
1 20211.9 40423.8 89304.4
3 7309.09 7309.09 76289.8
0 7548.64 7548.64 76610.5
3 8980.87 8980.87 78287.9
0 9337.32 9337.32 78950.2
3 11913 11913 81570.9
2 20709.2 41418.5 90430.3
0 11870.5 11870.5 81870.9
2 22175.5 88702.2 92459.2
2 24784.6 99138.3 95275.9
1 21231.8 42463.6 91603.2
1 23225.4 46450.8 94774.1
3 12610.3 12610.3 83994.5
0 12501.6 12501.6 84032.9
3 14715.8 14715.8 85928.7
0 14915.1 14915.1 86479.8
3 16198.4 16198.4 87917.3
0 16585.6 16585.6 88500.9
3 17978.2 17978.2 89938.1
0 18402.8 18402.8 90519.5
3 19750.3 19750.3 91951.5
2 25749.4 102998 98278.3
0 20330.3 20330.3 92438.5
3 22466.1 22466.1 94827.5
0 21729.8 21729.8 94228.3
2 28011.8 112047 101160
1 24816.9 49633.8 97679.9
1 26778.3 53556.5 99767.5
1 29503.1 59006.3 102660
55
2 290.258 1161.03 65998.3
3 284.287 284.287 66139.7
1 506.68 1013.36 66161.2
2 2019.94 4039.87 67983.3
1 2429.16 4858.32 68393.4
0 561.65 561.65 66639.5
3 2145.94 2145.94 68544.1
2 4040.06 16160.2 70541.4
2 6746.83 26987.3 73291.8
1 4011.56 8023.11 70339.6
1 7082.54 14165.1 73453.9
0 1969.03 1969.03 68659.9
2 9134.23 18268.5 75495.6
1 8655.32 17310.6 75256.8
1 11037.5 22075 78211.3
2 12037.3 24074.7 78812.6
1 13450.3 26900.6 80821.3
3 3468.69 3468.69 70617.2
2 13401.7 53606.7 80620.8
2 16995.3 33990.6 84590.5
1 15918 31836 83538.2
0 4828.05 4828.05 74756.7
1 17912.1 35824.3 85826.8
2 19901.8 79607 88356.3
3 3956.68 3956.68 72572.4
1 20211.9 40423.8 89304.4
3 7309.09 7309.09 76289.8
0 7548.64 7548.64 76610.5
3 8980.87 8980.87 78287.9
0 9258.22 9258.22 78896.5
3 11495.4 11495.4 81079.2
0 12031.5 12031.5 81747.5
3 13399.4 13399.4 83289.2
2 20147 80588.1 90638.5
1 20686.4 41372.9 91472.5
2 23517.5 47034.9 96788.5
1 22764.3 45528.6 94041.7
0 14603.8 14603.8 85755.8
1 24798.8 49597.5 96129.8
1 26857 53714 98073
2 27444.4 54888.7 98560.5
3 15345.1 15345.1 86643
1 28469.2 56938.3 100032
2 28893.2 57786.4 100432
0 15941.2 15941.2 87608.7
2 31071.5 124286 102845
1 30091 60182.1 102050
2 32896.2 131585 104777
3 16476.8 16476.8 88442.6
1 31948.8 63897.6 104048
2 36362.6 145450 108319
1 34837.5 69675 107580
2 37521.9 150088 110462
2 39478.3 157913 112488
1 38677.5 77355.1 111589
52
2 290.258 1161.03 65998.3
3 284.287 284.287 66139.7
1 506.68 1013.36 66161.2
2 2019.94 4039.87 67983.3
1 2429.16 4858.32 68393.4
0 561.65 561.65 66639.5
3 2145.94 2145.94 68544.1
2 4040.06 16160.2 70541.4
2 6746.83 26987.3 73291.8
1 4011.56 8023.11 70339.6
1 7082.54 14165.1 73453.9
0 1969.03 1969.03 68659.9
2 9134.23 18268.5 75495.6
1 8655.32 17310.6 75256.8
1 11037.5 22075 78211.3
2 12037.3 24074.7 78812.6
1 13450.3 26900.6 80821.3
3 3468.69 3468.69 70617.2
2 13401.7 53606.7 80620.8
0 3511.61 3511.61 71417.9
2 14775.4 29550.8 82366.3
3 4966.65 4966.65 73358.3
1 14380.6 28761.3 82351.9
0 4934.98 4934.98 73330.1
1 16910.2 33820.4 85395.3
0 6815.48 6815.48 75579.5
3 7125.19 7125.19 75865.7
0 8284.39 8284.39 77897.2
3 7971.96 7971.96 77629.9
2 14719.2 29438.4 84440.2
3 10027.9 10027.9 80028.2
2 16185.5 64742 86469.1
2 18794.5 75178.1 89285.8
1 17322.7 34645.4 87694.1
1 19316.3 38632.5 90864.9
0 9443.63 9443.63 80827.8
3 10658.9 10658.9 82190.3
0 11549.1 11549.1 82762
3 13072.4 13072.4 84637.1
0 13031.7 13031.7 84750.6
3 14742.9 14742.9 86658.2
0 14811.5 14811.5 86771.5
3 16560.1 16560.1 88676.8
0 16583.6 16583.6 88784.8
2 19759.3 79037.4 92288.3
3 18487.6 18487.6 90595.8
0 19299.4 19299.4 91660.8
3 19887.2 19887.2 92385.6
2 22021.8 88087 95169.7
1 20907.8 41815.6 93770.8
1 22869.1 45738.3 95858.4
2 25366.8 50733.7 98523.6
38
2 281.903 1127.61 66179.9
1 739.232 1478.46 66894.1
3 197.944 197.944 66247.5
2 3869.74 15479 70266
0 2619.93 2619.93 69127.1
3 2059.31 2059.31 68442.3
1 2458.41 2458.41 68865.3
3 4436.16 4436.16 71147.1
2 8499.34 33997.4 75099.6
1 3959.68 7919.36 70414.1
0 7087.27 7087.27 74035.9
1 5357.02 5357.02 72284.2
1 7612.96 15225.9 74591
2 9953.14 39812.6 77205.1
2 12237.8 48951.3 79631
1 10004.5 20008.9 77546.9
3 5538.14 5538.14 73772.3
1 12376.8 24753.5 80666.3
3 7120.27 7120.27 76115.4
2 14067.9 28135.7 83077.7
0 6740.78 6740.78 76353.6
3 8015.33 8015.33 77673.2
1 12481.3 24962.5 82202.3
0 9274.01 9274.01 79274.3
2 16987.8 67951.1 87271.4
2 19596.8 78387.1 90088.1
1 14668.9 29337.8 85040.3
2 22114.2 88456.9 93497.9
3 8348.03 8348.03 80178.9
2 23636.9 94547.5 95804.6
1 16094.5 32188.9 88045.3
2 26215.6 104862 98202.9
1 18369.6 36739.2 90453.1
0 8921.73 8921.73 81261.1
1 21636.1 43272.3 94109.7
3 9842.18 9842.18 82125.4
2 27358 109432 100330
1 24860 49719.9 97697.6
62
2 290.258 1161.03 65998.3
3 284.287 284.287 66139.7
1 506.68 1013.36 66161.2
2 2019.94 4039.87 67983.3
1 2429.16 4858.32 68393.4
0 561.65 561.65 66639.5
3 2145.94 2145.94 68544.1
2 4040.06 16160.2 70541.4
2 6746.83 26987.3 73291.8
1 4011.56 8023.11 70339.6
1 7082.54 14165.1 73453.9
0 1969.03 1969.03 68659.9
2 9134.23 18268.5 75495.6
1 8655.32 17310.6 75256.8
1 11037.5 22075 78211.3
2 12037.3 24074.7 78812.6
1 13450.3 26900.6 80821.3
3 3468.69 3468.69 70617.2
2 13401.7 53606.7 80620.8
0 3511.61 3511.61 71417.9
2 14775.4 29550.8 82366.3
3 4966.65 4966.65 73358.3
1 14380.6 28761.3 82351.9
0 4934.98 4934.98 73330.1
1 16910.2 33820.4 85395.3
0 6815.48 6815.48 75579.5
3 7125.19 7125.19 75865.7
2 15260.6 61042.6 85034.9
2 17515.6 70062.2 87218.2
0 7652 7652 76964.5
1 18010.8 36021.5 87836.8
2 19705.6 39411.3 89552.1
1 19764.3 39528.6 89943.8
2 21818.8 43637.6 91671
3 8885.36 8885.36 79354.1
0 8813.51 8813.51 79206.5
0 12617 12617 83412.2
1 23412.7 46825.3 93929.1
2 23085.7 46171.5 93641.5
2 24844.3 99377.2 95453.1
2 26842.5 107370 97763.4
2 29997.6 119991 100535
1 24407.3 48814.6 95471.5
1 25901.6 51803.2 97391.1
3 11528.8 11528.8 83063.5
3 13890.4 13890.4 85364.7
0 16631.1 16631.1 88024.7
3 15449.6 15449.6 87276.9
3 17917.4 17917.4 89344.6
1 28049.6 56099.1 99817.2
2 32440.9 129764 104382
2 35293.3 141173 107275
1 30165.3 60330.6 101882
2 37541.4 150166 109530
0 17678.9 17678.9 89553.1
1 31855.3 63710.6 104291
1 34809.1 69618.2 107104
2 40350.8 161403 112915
3 19103.3 19103.3 92095.3
0 19016.4 19016.4 91556.8
1 36477.2 72954.4 109123
0 20737.8 20737.8 93504.7
55
2 290.258 1161.03 65998.3
3 284.287 284.287 66139.7
1 506.68 1013.36 66161.2
2 2019.94 4039.87 67983.3
1 2429.16 4858.32 68393.4
0 561.65 561.65 66639.5
3 2145.94 2145.94 68544.1
2 4040.06 16160.2 70541.4
2 6746.83 26987.3 73291.8
1 4011.56 8023.11 70339.6
1 7082.54 14165.1 73453.9
0 1969.03 1969.03 68659.9
2 9134.23 18268.5 75495.6
1 8655.32 17310.6 75256.8
1 11037.5 22075 78211.3
2 12037.3 24074.7 78812.6
1 13450.3 26900.6 80821.3
3 3468.69 3468.69 70617.2
2 13401.7 53606.7 80620.8
0 3511.61 3511.61 71417.9
2 14775.4 29550.8 82366.3
3 4966.65 4966.65 73358.3
1 14380.6 28761.3 82351.9
0 4934.98 4934.98 73330.1
1 16910.2 33820.4 85395.3
0 6815.48 6815.48 75579.5
3 7125.19 7125.19 75865.7
0 8503.41 8503.41 77812.7
2 16169 32338 85377.9
3 7684.07 7684.07 77404.5
2 19259.6 77038.4 89823.8
3 8996.37 8996.37 78976.3
2 21760.3 87041.3 91765.2
0 9392.01 9392.01 79553.3
1 16411.7 32823.4 87008.1
1 18026.1 36052.2 89090.3
1 19520.4 39040.9 91009.9
3 9290.74 9290.74 80825.5
0 11405.8 11405.8 82880.1
3 11533.4 11533.4 82926.9
0 12965 12965 84792.3
3 13028.1 13028.1 84455.3
1 21668.4 43336.8 93436
2 22161.4 88645.7 94102.3
2 25013.8 100055 96995.5
1 23784.1 47568.2 95500.7
2 27261.9 109048 99250.8
3 14109.5 14109.5 85983.7
1 25474.1 50948.3 97910.2
1 28427.9 56855.8 100723
2 30071.3 120285 102635
0 14753.2 14753.2 87745.2
3 15447.1 15447.1 87987.5
1 30096 60192 102742
0 17534.7 17534.7 90301.6
61
2 290.258 1161.03 65998.3
3 284.287 284.287 66139.7
1 506.68 1013.36 66161.2
2 2019.94 4039.87 67983.3
1 2429.16 4858.32 68393.4
0 561.65 561.65 66639.5
3 2145.94 2145.94 68544.1
2 4040.06 16160.2 70541.4
2 6746.83 26987.3 73291.8
1 4011.56 8023.11 70339.6
1 7082.54 14165.1 73453.9
0 1969.03 1969.03 68659.9
2 9134.23 18268.5 75495.6
1 8655.32 17310.6 75256.8
1 11037.5 22075 78211.3
2 12037.3 24074.7 78812.6
1 13450.3 26900.6 80821.3
3 3468.69 3468.69 70617.2
2 13401.7 53606.7 80620.8
2 14206.8 56827 82403.2
1 14889.6 29779.2 82867.2
2 16107.2 32214.4 85081.7
0 1816.8 1816.8 70693
3 3997.68 3997.68 72990.1
1 16465.4 32930.7 85699.4
2 18418.9 36837.8 87837.7
2 22302.8 89211.3 92077
2 24557.7 98230.9 94260.4
0 2765.47 2765.47 72078
1 18253.5 36506.9 88079.5
1 21120.8 42241.5 90967.2
1 23739.2 47478.3 93918.7
1 27928.4 55856.7 97780.6
0 4561.98 4561.98 75030.7
3 5302.08 5302.08 75695.1
0 7045.68 7045.68 77840.9
2 26527.8 53055.7 97044.3
2 28459 56918.1 99014.8
2 30217.6 120870 100826
2 32215.8 128863 103137
2 35370.9 141484 105908
1 28258.8 56517.5 99322.9
1 29753.1 59506.1 101243
3 6171.85 6171.85 77706.6
3 8533.49 8533.49 80007.7
0 11059.8 11059.8 82453.4
3 10092.6 10092.6 81920
3 12560.5 12560.5 83987.7
1 31901 63802 103669
2 37814.2 151257 109755
2 40666.6 162667 112648
1 34016.7 68033.5 105733
2 42914.7 171659 114904
0 12107.6 12107.6 83981.8
1 35706.8 71413.5 108143
1 38660.5 77321.1 110956
2 45724.1 182896 118288
0 13740.5 13740.5 86732.5
3 13451 13451 85991.4
1 40328.7 80657.3 112974
3 15172.5 15172.5 87939.3
49
2 290.258 1161.03 65998.3
3 284.287 284.287 66139.7
1 506.68 1013.36 66161.2
2 2019.94 4039.87 67983.3
1 2429.16 4858.32 68393.4
0 561.65 561.65 66639.5
3 2145.94 2145.94 68544.1
2 4040.06 16160.2 70541.4
2 6746.83 26987.3 73291.8
1 4011.56 8023.11 70339.6
1 7082.54 14165.1 73453.9
0 1969.03 1969.03 68659.9
2 9134.23 18268.5 75495.6
1 8655.32 17310.6 75256.8
1 11037.5 22075 78211.3
2 12037.3 24074.7 78812.6
1 13450.3 26900.6 80821.3
3 3468.69 3468.69 70617.2
2 13401.7 53606.7 80620.8
2 16034.3 32068.5 83576.7
0 2534.05 2534.05 70768.2
1 15651.2 31302.4 83940.7
3 3495.05 3495.05 72490.2
2 16653.3 33306.6 85663.2
0 3833.8 3833.8 73472.1
3 5098.89 5098.89 74682.7
0 6607.03 6607.03 76323.1
3 7002.88 7002.88 76892.7
2 19157 76628 89648.4
1 14958.4 29916.9 85744.5
1 18083.7 36167.5 91354.7
2 20430 40860.1 91978.7
0 9058.76 9058.76 80442.9
3 8702.21 8702.21 80233.5
3 11109.6 11109.6 82322.4
0 10895.6 10895.6 82460.3
3 12592.2 12592.2 84311.1
0 12566.1 12566.1 84481.4
3 14372 14372 86331.9
0 14383.3 14383.3 86500
3 16144.1 16144.1 88345.3
2 21827.6 87310.6 94356.6
0 16310.7 16310.7 88418.9
3 18859.9 18859.9 91221.3
0 17710.3 17710.3 90208.8
2 24090.1 96360.2 97238
1 20428.7 40857.3 93291.7
1 22390 44780 95379.3
1 25114.9 50229.8 98271.6
55
2 281.903 1127.61 66179.9
1 739.232 1478.46 66894.1
3 197.944 197.944 66247.5
2 3869.74 15479 70266
0 2619.93 2619.93 69127.1
3 2059.31 2059.31 68442.3
1 2458.41 2458.41 68865.3
3 4436.16 4436.16 71147.1
2 8499.34 33997.4 75099.6
1 3959.68 7919.36 70414.1
0 7087.27 7087.27 74035.9
1 5357.02 5357.02 72284.2
1 7612.96 15225.9 74591
2 9953.14 39812.6 77205.1
2 12237.8 48951.3 79631
1 10965.5 21931 78560.7
1 14303.6 28607.2 81923.8
3 6857.78 6857.78 76786.5
2 14543.3 29086.7 82458
2 17019.9 68079.7 85474.5
0 7486.39 7486.39 76102.1
1 15278.3 30556.6 84370.8
0 10838.8 10838.8 79819.5
3 9578.37 9578.37 78640.3
3 12820.7 12820.7 82127.8
0 14104.8 14104.8 83717.7
3 15752.8 15752.8 85410.7
1 16723.7 33447.5 86444.7
0 16638.1 16638.1 86638.4
2 17691.3 70765.3 87974.9
2 20300.3 81201.4 90791.7
1 18911.4 37822.7 89282.8
2 22899 91595.9 93869.9
3 16514.4 16514.4 87675.9
2 24868.2 99472.8 96071.8
0 17371.8 17371.8 88609.7
1 21346.8 42693.5 92584.8
3 18250.4 18250.4 89500.9
1 23146.9 46293.8 94389
1 24983.4 49966.8 96437.5
0 18986.5 18986.5 90191.3
3 19964.9 19964.9 91305
2 27500.9 55001.8 99010.8
1 27179.4 54358.8 98656.5
2 29439.3 117757 100990
2 32818.8 131275 104449
2 36261.8 145047 108081
1 29051.6 58103.2 101072
2 38514.3 154057 110650
0 20029.9 20029.9 92192.8
1 30900.7 61801.4 103092
1 32588 65176 105079
3 20520 20520 93038.4
1 34052.8 68105.7 106864
0 21278.3 21278.3 94145.7
45
2 323.329 646.657 66200.9
1 599.336 1198.67 66454.3
3 180.119 180.119 66180.4
2 2101.38 8405.54 68017.9
0 415.675 415.675 66482.3
3 2924.79 2924.79 68560.1
2 4207.72 16830.9 70163
2 6379.39 25517.6 72577.2
1 4587.13 4587.13 70729.5
2 8332.37 33329.5 74621.5
0 2606.36 2606.36 68902.5
3 4826.85 4826.85 71037.2
0 5042.58 5042.58 71274.1
1 9212.68 18425.4 75506.1
2 10672.6 21345.2 77033.4
3 6429.33 6429.33 73008.7
0 7252.97 7252.97 74003.9
3 8352.04 8352.04 74995.4
0 9487.45 9487.45 76083.8
3 10493.4 10493.4 77340.4
2 12795.9 51183.7 79997.5
2 16092.4 64369.8 83350.8
1 10919.6 21839.1 78462
0 10459.2 10459.2 78693.3
1 13291.9 26583.7 81581.4
3 10688.4 10688.4 79683.5
1 16169.3 32338.5 85179.2
0 11758.9 11758.9 81397.3
3 12292.2 12292.2 81876
0 14532.2 14532.2 84248.3
3 14196.2 14196.2 84086
2 16844.7 67378.7 87336.1
1 18289.5 36579 89075.6
2 20215.1 40430.2 93486.1
2 24073.4 96293.5 95457
3 15786 15786 87616.9
2 25596 102384 97763.7
1 19144.4 38288.9 91095.3
2 28174.7 112699 100162
1 21419.6 42839.1 93503
0 15981.2 15981.2 88320.6
1 24686.1 49372.2 97159.7
3 17280.1 17280.1 89563.4
2 29317.2 117269 102289
1 27909.9 55819.9 100748
58
2 323.329 646.657 66200.9
1 599.336 1198.67 66454.3
3 180.119 180.119 66180.4
2 2101.38 8405.54 68017.9
0 415.675 415.675 66482.3
3 2924.79 2924.79 68560.1
2 4207.72 16830.9 70163
2 6379.39 25517.6 72577.2
1 4587.13 4587.13 70729.5
2 8332.37 33329.5 74621.5
0 2606.36 2606.36 68902.5
3 4826.85 4826.85 71037.2
0 5042.58 5042.58 71274.1
1 9212.68 18425.4 75506.1
2 10672.6 21345.2 77033.4
3 6429.33 6429.33 73008.7
0 7252.97 7252.97 74003.9
3 8352.04 8352.04 74995.4
0 9487.45 9487.45 76083.8
3 10493.4 10493.4 77340.4
2 12795.9 51183.7 79997.5
2 16092.4 64369.8 83350.8
1 11880.6 23761.2 79475.8
1 15218.7 30437.3 82838.9
0 12334.5 12334.5 82263.2
1 17212.8 34425.6 85127.5
2 18662.1 74648.5 87116.7
3 11444.2 11444.2 80059.9
1 19512.6 39025.2 88605.1
3 14796.6 14796.6 83777.3
0 15055.1 15055.1 84117
3 16468.4 16468.4 85775.4
0 16764.7 16764.7 86403
3 18982.9 18982.9 88566.7
0 19537.9 19537.9 89254
2 19465.2 19465.2 89355
2 22172.8 88691.1 92664.2
1 19987.1 39974.3 90773.2
1 23112.4 46224.9 96383.4
2 23509.6 47019.2 94787
3 20228.8 20228.8 91380.8
2 25544.1 51088.1 96875.1
1 26959.4 53918.9 98175.5
2 27593.4 55186.8 98709.6
0 21982.9 21982.9 93280.8
1 28571.6 57143.2 100135
2 29042.2 58084.5 100581
3 21566.2 21566.2 93233.6
2 31220.6 124882 102994
1 30193.5 60386.9 102152
2 33045.2 132181 104926
3 23067.4 23067.4 95033.2
1 32051.2 64102.5 104150
2 36511.6 146046 108468
1 34940 69879.9 107683
2 37670.9 150684 110611
2 39627.3 158509 112637
1 38780 77560 111692
65
2 146.331 585.323 65716.5
3 184.024 184.024 66096.7
2 1611.4 6445.58 67538.3
0 565.46 565.46 66518.8
1 651.75 651.75 66751.7
1 2734.17 5468.33 68667.7
3 1931.79 1931.79 68144.9
2 3256.51 13026.1 69509.6
0 2123.29 2123.29 68321.7
1 4388.92 8777.85 70778.5
3 4608.88 4608.88 71303.3
2 5107.75 20431 71503.6
1 6395.24 12790.5 72719.8
2 6826.17 13652.3 73304.8
2 9944.69 39778.8 76591.2
1 9862.69 19725.4 76260
1 12182 24364 78825.3
2 12425.7 49702.7 79400.6
0 3983.38 3983.38 71096.6
0 7593.12 7593.12 74501.3
2 16509.3 66037.2 83262.5
1 13908.9 27817.8 81048.5
1 16304.6 32609.2 83365.6
2 18440.5 36881.1 85599.9
2 21331.2 85324.8 88679.8
1 18750.3 37500.6 85890.9
3 6380.71 6380.71 73858.2
1 20069.7 40139.3 87644.6
3 9219.55 9219.55 76645.7
1 23478.7 46957.3 91073.9
2 22882.7 45765.4 90502.9
0 10669.5 10669.5 80598.2
2 24876.8 49753.7 92791.5
2 27353.4 109414 95808
3 9555.4 9555.4 78171.1
1 26173.4 52346.9 95265.9
3 12907.8 12907.8 81888.5
0 13390.1 13390.1 82452
3 14579.6 14579.6 83886.6
1 28066.6 56133.2 97535.5
2 28414.1 56828.2 97859.3
0 16838.9 16838.9 86711.4
1 30818.3 61636.6 100627
2 29386.4 58772.9 99415.6
2 30717.9 122872 101488
3 15805.7 15805.7 87296.5
1 31472.8 62945.5 102750
0 20332.7 20332.7 91484.7
2 32605.4 65210.9 103936
1 33477.4 66954.8 104693
2 34654.8 69309.5 105771
3 19352.4 19352.4 90650.3
1 35089.6 70179.1 106653
2 36103.6 72207.2 107642
3 20835.8 20835.8 92503.2
2 38282 153128 110055
1 36711.4 73422.9 108670
2 40106.6 160426 111988
0 21318.5 21318.5 93284.2
1 38569.2 77138.4 110668
2 43573 174292 115530
1 41457.9 82915.8 114201
2 44732.3 178929 117673
2 46688.7 186755 119698
1 45297.9 90595.9 118210
59
2 323.329 646.657 66200.9
1 599.336 1198.67 66454.3
3 180.119 180.119 66180.4
2 2101.38 8405.54 68017.9
0 415.675 415.675 66482.3
3 2924.79 2924.79 68560.1
2 4207.72 16830.9 70163
2 6379.39 25517.6 72577.2
1 4587.13 4587.13 70729.5
2 8332.37 33329.5 74621.5
0 2606.36 2606.36 68902.5
3 4826.85 4826.85 71037.2
0 5042.58 5042.58 71274.1
1 9212.68 18425.4 75506.1
2 10672.6 21345.2 77033.4
3 6429.33 6429.33 73008.7
0 7252.97 7252.97 74003.9
3 8352.04 8352.04 74995.4
0 9487.45 9487.45 76083.8
3 10493.4 10493.4 77340.4
2 12795.9 51183.7 79997.5
2 16092.4 64369.8 83350.8
1 11880.6 23761.2 79475.8
1 15218.7 30437.3 82838.9
0 12334.5 12334.5 82263.2
1 17212.8 34425.6 85127.5
2 18662.1 74648.5 87116.7
3 11444.2 11444.2 80059.9
1 19512.6 39025.2 88605.1
3 14796.6 14796.6 83777.3
0 15055.1 15055.1 84117
3 16468.4 16468.4 85775.4
2 19917.3 39834.7 89386.3
1 21211.2 42422.4 90656.4
0 18503.9 18503.9 88376.4
2 22669.1 45338.1 92478.1
1 22183.5 44367.1 92212.7
2 23780.4 95121.7 94550.8
3 17694.5 17694.5 89185.2
1 22690.9 45381.8 93755.1
1 24185.2 48370.5 95674.7
0 21318.7 21318.7 92853.4
3 21037.7 21037.7 92512
3 22681.5 22681.5 94075.1
0 23406.8 23406.8 95234.1
3 24176.3 24176.3 95603.5
2 25209.2 50418.5 96976.8
2 27830.4 111321 99771.2
2 30682.8 122731 102664
1 26307.5 52615 98024.1
2 32930.9 131723 104920
0 25427.6 25427.6 97301.8
1 27997.5 55995.1 100434
1 30951.3 61902.6 103247
2 35740.2 142961 108304
3 25362.2 25362.2 98354.2
0 26765.2 26765.2 99305.5
1 32619.4 65238.8 105265
3 28143.8 28143.8 100911
65
2 323.329 646.657 66200.9
1 599.336 1198.67 66454.3
3 180.119 180.119 66180.4
2 2101.38 8405.54 68017.9
0 415.675 415.675 66482.3
3 2924.79 2924.79 68560.1
2 4207.72 16830.9 70163
2 6379.39 25517.6 72577.2
1 4587.13 4587.13 70729.5
2 8332.37 33329.5 74621.5
0 2606.36 2606.36 68902.5
3 4826.85 4826.85 71037.2
0 5042.58 5042.58 71274.1
1 9212.68 18425.4 75506.1
2 10672.6 21345.2 77033.4
3 6429.33 6429.33 73008.7
0 7252.97 7252.97 74003.9
3 8352.04 8352.04 74995.4
0 9487.45 9487.45 76083.8
3 10493.4 10493.4 77340.4
2 12795.9 51183.7 79997.5
2 16092.4 64369.8 83350.8
1 10919.6 21839.1 78462
0 10459.2 10459.2 78693.3
1 13291.9 26583.7 81581.4
3 10688.4 10688.4 79683.5
1 16169.3 32338.5 85179.2
2 17816 71263.8 87590.2
2 20070.9 80283.5 89773.6
0 11585.7 11585.7 80898.1
1 18523.2 37046.3 88349.2
1 21390.4 42780.9 91236.9
2 22386.7 44773.3 92566.2
1 23503.6 47007.2 93355.8
3 12167.6 12167.6 82636.3
0 12747.2 12747.2 83140.2
3 14651.3 14651.3 85446.5
2 26035 52070 96551.4
1 24770.5 49541.1 95326.3
2 27684.2 110737 98293
2 29682.4 118730 100603
2 32837.6 131350 103375
2 36200.9 144804 107172
0 14243.9 14243.9 85405.4
2 38170.2 152681 109374
0 15989.2 15989.2 87227.1
1 26364.1 52728.2 97602.2
3 18945.5 18945.5 90196
1 28164.2 56328.4 99406.3
1 30000.7 60001.4 101455
0 17603.9 17603.9 88808.7
0 19272.8 19272.8 90612.8
1 32010.7 64021.5 103521
1 34262.6 68525.2 105740
2 40770.7 163083 112321
2 44150.2 176601 115780
2 47593.2 190373 119413
1 36134.8 72269.6 108155
2 49845.7 199383 121982
3 20034.6 20034.6 92197.5
1 37983.9 75967.8 110175
1 39671.2 79342.3 112162
0 19827.8 19827.8 92346.3
1 41136 82272.1 113947
3 21282.9 21282.9 94150.4
76
2 146.331 585.323 65716.5
3 184.024 184.024 66096.7
2 1611.4 6445.58 67538.3
0 565.46 565.46 66518.8
1 651.75 651.75 66751.7
1 2734.17 5468.33 68667.7
3 1931.79 1931.79 68144.9
2 3256.51 13026.1 69509.6
0 2123.29 2123.29 68321.7
1 4388.92 8777.85 70778.5
3 4608.88 4608.88 71303.3
2 5107.75 20431 71503.6
1 6395.24 12790.5 72719.8
2 6826.17 13652.3 73304.8
2 9944.69 39778.8 76591.2
1 9862.69 19725.4 76260
1 12182 24364 78825.3
2 12425.7 49702.7 79400.6
0 3983.38 3983.38 71096.6
0 7593.12 7593.12 74501.3
2 16509.3 66037.2 83262.5
1 13908.9 27817.8 81048.5
1 16304.6 32609.2 83365.6
2 18440.5 36881.1 85599.9
2 21331.2 85324.8 88679.8
1 18750.3 37500.6 85890.9
3 6380.71 6380.71 73858.2
1 20069.7 40139.3 87644.6
3 9219.55 9219.55 76645.7
1 21966 43932 90313.2
2 23046.9 46093.8 91086.9
1 23661.2 47322.4 92397.2
2 25239.9 100960 93486
2 27473.2 109893 95823.8
0 8012.86 8012.86 76576.4
0 10180 10180 78524.7
1 26581.5 53163.1 95268.7
3 9943.81 9943.81 78913.3
0 11161.1 11161.1 80266.8
3 12013.6 12013.6 81397.9
0 13034.4 13034.4 82494.6
1 29431.8 58863.6 98371.4
2 28718.2 114873 98492.4
2 30973.1 123892 100676
3 13920.7 13920.7 83233.2
1 31715.4 63430.9 101542
2 33163.2 66326.3 103010
1 33469 66938 103649
2 35276.3 70552.6 105128
0 14677.5 14677.5 85146.2
3 15082.2 15082.2 85475.3
0 17161.2 17161.2 87956.4
1 37117.3 74234.7 107634
2 36543.3 73086.5 107099
2 38301.8 153207 108911
2 40300 161200 111221
2 43455.2 173821 113992
1 38479.2 76958.3 109757
3 16632.2 16632.2 87784.2
1 40513.6 81027.3 111845
1 42571.9 85143.8 113788
1 44443.8 88887.6 115560
3 18340.1 18340.1 89638
2 46531.7 93063.4 118095
1 45892.6 91785.3 117431
0 21089.2 21089.2 92756.7
2 48324.4 193297 120098
1 47919.5 95839 119878
2 50149 200596 122030
3 19471.7 19471.7 91437.5
1 49777.3 99554.5 121876
2 53615.4 214462 125572
1 52666 105332 125409
2 54774.7 219099 127715
2 56731.1 226925 129741
1 56506 113012 129418
61
2 146.331 585.323 65716.5
3 184.024 184.024 66096.7
2 1611.4 6445.58 67538.3
0 565.46 565.46 66518.8
1 651.75 651.75 66751.7
1 2734.17 5468.33 68667.7
3 1931.79 1931.79 68144.9
2 3256.51 13026.1 69509.6
0 2123.29 2123.29 68321.7
1 4388.92 8777.85 70778.5
3 4608.88 4608.88 71303.3
2 5107.75 20431 71503.6
1 6395.24 12790.5 72719.8
2 6826.17 13652.3 73304.8
2 9944.69 39778.8 76591.2
1 9862.69 19725.4 76260
1 12182 24364 78825.3
2 12425.7 49702.7 79400.6
0 3983.38 3983.38 71096.6
0 7593.12 7593.12 74501.3
2 16509.3 66037.2 83262.5
1 13908.9 27817.8 81048.5
1 16304.6 32609.2 83365.6
2 18440.5 36881.1 85599.9
2 21331.2 85324.8 88679.8
1 18750.3 37500.6 85890.9
3 6380.71 6380.71 73858.2
1 20069.7 40139.3 87644.6
3 9219.55 9219.55 76645.7
1 21966 43932 90313.2
2 23046.9 46093.8 91086.9
1 23661.2 47322.4 92397.2
2 25239.9 100960 93486
2 27473.2 109893 95823.8
0 8012.86 8012.86 76576.4
0 10180 10180 78524.7
1 26581.5 53163.1 95268.7
3 9943.81 9943.81 78913.3
0 11161.1 11161.1 80266.8
3 12013.6 12013.6 81397.9
0 13034.4 13034.4 82494.6
1 29431.8 58863.6 98371.4
3 14086.1 14086.1 83395.4
2 29626.5 59253.1 98835.4
0 15497.1 15497.1 85217.5
2 32717.1 130869 103281
3 16558.2 16558.2 86538.1
2 35217.9 140871 105223
0 17828.3 17828.3 87989.6
1 31021.6 62043.3 101618
2 36235.4 144941 107619
3 16737 16737 88567.9
2 37758 151032 109926
1 31686.9 63373.8 103638
2 40336.7 161347 112324
1 33962 67924.1 106045
0 19067.8 19067.8 91407.2
1 37228.6 74457.2 109702
3 18231.2 18231.2 90514.4
2 41479.2 165917 114451
1 40452.4 80904.8 113290
61
2 146.331 585.323 65716.5
3 184.024 184.024 66096.7
2 1611.4 6445.58 67538.3
0 565.46 565.46 66518.8
1 651.75 651.75 66751.7
1 2734.17 5468.33 68667.7
3 1931.79 1931.79 68144.9
2 3256.51 13026.1 69509.6
0 2123.29 2123.29 68321.7
1 4388.92 8777.85 70778.5
3 4608.88 4608.88 71303.3
2 5107.75 20431 71503.6
1 6395.24 12790.5 72719.8
2 6826.17 13652.3 73304.8
2 9944.69 39778.8 76591.2
1 9862.69 19725.4 76260
1 12182 24364 78825.3
2 12425.7 49702.7 79400.6
0 3983.38 3983.38 71096.6
0 7593.12 7593.12 74501.3
2 16509.3 66037.2 83262.5
1 13908.9 27817.8 81048.5
1 16304.6 32609.2 83365.6
2 18440.5 36881.1 85599.9
2 21331.2 85324.8 88679.8
1 18750.3 37500.6 85890.9
3 6380.71 6380.71 73858.2
1 20069.7 40139.3 87644.6
3 9219.55 9219.55 76645.7
2 22769.6 91078.3 90966
1 22715.9 45431.8 90693.5
1 25964.2 51928.4 94938.7
0 7658.24 7658.24 76534.4
0 9303.78 9303.78 78296.2
2 24011.2 48022.3 93245.2
2 25859.3 51718.7 95278.1
1 27415.4 54830.8 96884.3
2 29631.8 59263.6 99077
3 11032.5 11032.5 80905.1
1 30167.1 60334.2 99976.2
2 30604.1 61208.3 100633
2 31935.6 127742 102706
0 9013.14 9013.14 80503.9
1 30757.8 61515.5 102306
0 12568.1 12568.1 83952.3
3 14179 14179 85710.3
0 14673.6 14673.6 85886.4
3 16592.5 16592.5 88157.2
0 16156.2 16156.2 87875.1
0 17980.9 17980.9 89896.2
3 18218 18218 90178
0 19798.1 19798.1 91914.8
3 19990.1 19990.1 92191.4
2 32237.3 128949 104766
0 21725.5 21725.5 93833.8
3 22706 22706 95067.4
0 23125.1 23125.1 95623.6
2 34499.7 137999 107648
1 32349.3 64698.6 105212
1 34310.6 68621.3 107300
1 37035.5 74071 110192
69
2 146.331 585.323 65716.5
3 184.024 184.024 66096.7
2 1611.4 6445.58 67538.3
0 565.46 565.46 66518.8
1 651.75 651.75 66751.7
1 2734.17 5468.33 68667.7
3 1931.79 1931.79 68144.9
2 3256.51 13026.1 69509.6
0 2123.29 2123.29 68321.7
1 4388.92 8777.85 70778.5
3 4608.88 4608.88 71303.3
2 5107.75 20431 71503.6
1 6395.24 12790.5 72719.8
2 6826.17 13652.3 73304.8
2 9944.69 39778.8 76591.2
1 9862.69 19725.4 76260
1 12182 24364 78825.3
2 12425.7 49702.7 79400.6
0 3983.38 3983.38 71096.6
0 7593.12 7593.12 74501.3
2 16509.3 66037.2 83262.5
1 13908.9 27817.8 81048.5
1 16304.6 32609.2 83365.6
2 18440.5 36881.1 85599.9
2 21331.2 85324.8 88679.8
1 18750.3 37500.6 85890.9
3 6380.71 6380.71 73858.2
1 20069.7 40139.3 87644.6
3 9219.55 9219.55 76645.7
1 21966 43932 90313.2
2 23046.9 46093.8 91086.9
1 23661.2 47322.4 92397.2
2 25239.9 100960 93486
2 27473.2 109893 95823.8
0 8012.86 8012.86 76576.4
0 10180 10180 78524.7
1 26581.5 53163.1 95268.7
3 9943.81 9943.81 78913.3
0 11161.1 11161.1 80266.8
3 12013.6 12013.6 81397.9
0 13034.4 13034.4 82494.6
1 29431.8 58863.6 98371.4
2 28624.5 57248.9 98093.4
2 31726.9 63453.8 101172
3 15011.8 15011.8 84884.3
1 32368.5 64737 102178
2 32699.2 65398.5 102728
2 34030.7 136123 104801
0 13779.2 13779.2 85269.9
1 32655.8 65311.6 103720
1 34150.1 68300.2 105640
3 17826.6 17826.6 89361.3
0 17122.5 17122.5 88596.7
0 18766.3 18766.3 90159.8
3 19914.7 19914.7 91742
0 20261 20261 91688.2
2 35459.5 70919 107227
2 38080.6 152323 110022
2 40933 163732 112915
1 36272.4 72544.8 107989
2 43181.1 172725 115170
0 21342.4 21342.4 93216.7
1 37962.4 75924.8 110398
1 40916.2 81832.4 113211
2 45990.5 183962 118554
3 21702.9 21702.9 94694.9
0 22680 22680 95220.4
1 42584.3 85168.6 115230
3 24484.4 24484.4 97251.3
61
2 146.331 585.323 65716.5
3 184.024 184.024 66096.7
2 1611.4 6445.58 67538.3
0 565.46 565.46 66518.8
1 651.75 651.75 66751.7
1 2734.17 5468.33 68667.7
3 1931.79 1931.79 68144.9
2 3256.51 13026.1 69509.6
0 2123.29 2123.29 68321.7
1 4388.92 8777.85 70778.5
3 4608.88 4608.88 71303.3
2 5107.75 20431 71503.6
1 6395.24 12790.5 72719.8
2 6826.17 13652.3 73304.8
2 9944.69 39778.8 76591.2
1 9862.69 19725.4 76260
1 12182 24364 78825.3
2 12425.7 49702.7 79400.6
0 3983.38 3983.38 71096.6
0 7593.12 7593.12 74501.3
2 16509.3 66037.2 83262.5
1 13908.9 27817.8 81048.5
1 16304.6 32609.2 83365.6
2 18440.5 36881.1 85599.9
2 21331.2 85324.8 88679.8
1 18750.3 37500.6 85890.9
3 6380.71 6380.71 73858.2
1 20069.7 40139.3 87644.6
3 9219.55 9219.55 76645.7
2 22769.6 91078.3 90966
1 22715.9 45431.8 90693.5
1 25964.2 51928.4 94938.7
0 7658.24 7658.24 76534.4
0 9303.78 9303.78 78296.2
2 24011.2 48022.3 93245.2
2 25859.3 51718.7 95278.1
3 9293.35 9293.35 78931.7
0 11251.1 11251.1 80834.9
3 12066.6 12066.6 81782.7
0 13155.1 13155.1 83044.9
2 28772 115088 99263.4
1 26821 53642 97607
1 29946.3 59892.5 103217
2 30045 60090 101594
3 14518.3 14518.3 85902.5
0 14854.4 14854.4 86385.7
3 16623.8 16623.8 87836.7
0 17267.9 17267.9 88832.6
3 18106.4 18106.4 89825.3
0 18938.4 18938.4 90853.7
3 19886.2 19886.2 91846.1
0 20755.6 20755.6 92872.3
3 21658.3 21658.3 93859.5
2 31442.6 125770 103972
0 22683 22683 94791.2
3 24374.1 24374.1 96735.5
0 24082.6 24082.6 96581.1
2 33705 134820 106853
1 32291.2 64582.4 105154
1 34252.5 68505 107242
2 37050.1 74100.2 110207
60
2 323.329 646.657 66200.9
1 599.336 1198.67 66454.3
3 180.119 180.119 66180.4
2 2101.38 8405.54 68017.9
0 415.675 415.675 66482.3
3 2924.79 2924.79 68560.1
2 4207.72 16830.9 70163
2 6379.39 25517.6 72577.2
1 4587.13 4587.13 70729.5
2 8332.37 33329.5 74621.5
0 2606.36 2606.36 68902.5
3 4826.85 4826.85 71037.2
0 5042.58 5042.58 71274.1
1 9212.68 18425.4 75506.1
2 10672.6 21345.2 77033.4
3 6429.33 6429.33 73008.7
0 7252.97 7252.97 74003.9
3 8352.04 8352.04 74995.4
0 9487.45 9487.45 76083.8
3 10493.4 10493.4 77340.4
2 12795.9 51183.7 79997.5
2 16092.4 64369.8 83350.8
1 9941.83 9941.83 77848.1
1 12449 24898.1 80039.9
0 10022.4 10022.4 78414.1
1 14306.2 28612.3 82277.4
3 11406.9 11406.9 79802
1 16835.7 33671.4 85320.8
0 11899.5 11899.5 80663.5
3 13568.8 13568.8 82309.3
0 13368.4 13368.4 82981.2
3 14415.6 14415.6 84073.5
2 17451.7 34903.4 87172.7
0 15901.6 15901.6 85901.9
2 18918 75672 89201.6
2 21527 86108.1 92018.3
1 17248.2 34496.4 87619.6
2 24125.6 96502.6 95096.6
3 15177.2 15177.2 86338.7
2 26094.9 104379 97298.5
0 16635.4 16635.4 87873.2
1 19683.6 39367.2 90921.7
3 16913.1 16913.1 88163.6
1 21483.7 42967.5 92725.8
1 23320.2 46640.5 94774.3
0 18250.1 18250.1 89454.9
3 18627.7 18627.7 89967.8
1 25330.2 50660.5 96840.2
1 27582.1 55164.2 99059.2
2 28695.4 114782 100246
2 32074.9 128300 103705
2 35517.9 142072 107337
1 29454.3 58908.6 101474
2 37770.4 151082 109906
0 19293.4 19293.4 91456.3
1 31303.4 62606.8 103494
1 32990.7 65981.4 105482
3 19182.7 19182.7 91701.2
1 34455.5 68911.1 107266
0 20541.8 20541.8 93409.3
53
2 323.329 646.657 66200.9
1 599.336 1198.67 66454.3
3 180.119 180.119 66180.4
2 2101.38 8405.54 68017.9
0 415.675 415.675 66482.3
3 2924.79 2924.79 68560.1
2 4207.72 16830.9 70163
2 6379.39 25517.6 72577.2
1 4587.13 4587.13 70729.5
2 8332.37 33329.5 74621.5
0 2606.36 2606.36 68902.5
3 4826.85 4826.85 71037.2
0 5042.58 5042.58 71274.1
1 9212.68 18425.4 75506.1
2 10672.6 21345.2 77033.4
3 6429.33 6429.33 73008.7
0 7252.97 7252.97 74003.9
3 8352.04 8352.04 74995.4
0 9487.45 9487.45 76083.8
3 10493.4 10493.4 77340.4
2 12795.9 51183.7 79997.5
2 16092.4 64369.8 83350.8
1 10919.6 21839.1 78462
0 10459.2 10459.2 78693.3
1 13291.9 26583.7 81581.4
3 10688.4 10688.4 79683.5
1 16169.3 32338.5 85179.2
0 12216.6 12216.6 81829.5
3 11583.4 11583.4 81241.3
2 17451.7 34903.4 87172.7
3 13639.3 13639.3 83639.7
2 18918 75672 89201.6
2 21527 86108.1 92018.3
1 17383.1 34766.1 87754.5
1 20060.8 40121.6 91338.2
0 13490.6 13490.6 84642.6
1 22095.3 44190.6 93426.3
2 24098.5 48197 95314.5
1 24144.6 48289.2 95260.8
3 14323.7 14323.7 85621.6
1 26111.5 52223 97674.7
2 25575.6 51151.3 97114.3
0 14828 14828 86495.5
2 27754 111016 99527.4
1 27733.4 55466.8 99692.1
2 29578.6 118314 101460
3 15455.4 15455.4 87421.1
1 29591.2 59182.3 101690
2 33045 132180 105002
1 32479.9 64959.7 105223
2 34204.3 136817 107145
2 36160.8 144643 109170
1 36319.9 72639.8 109232
48
2 290.258 1161.03 65998.3
3 284.287 284.287 66139.7
1 506.68 1013.36 66161.2
2 2019.94 4039.87 67983.3
1 2429.16 4858.32 68393.4
0 561.65 561.65 66639.5
3 2145.94 2145.94 68544.1
2 4040.06 16160.2 70541.4
2 6746.83 26987.3 73291.8
1 4011.56 8023.11 70339.6
1 7082.54 14165.1 73453.9
0 1969.03 1969.03 68659.9
2 9134.23 18268.5 75495.6
1 8655.32 17310.6 75256.8
1 11037.5 22075 78211.3
2 12037.3 24074.7 78812.6
1 13450.3 26900.6 80821.3
3 3468.69 3468.69 70617.2
2 13401.7 53606.7 80620.8
2 16995.3 33990.6 84590.5
1 15918 31836 83538.2
0 4828.05 4828.05 74756.7
1 17912.1 35824.3 85826.8
2 19901.8 79607 88356.3
3 3956.68 3956.68 72572.4
1 20211.9 40423.8 89304.4
3 7309.09 7309.09 76289.8
0 7548.64 7548.64 76610.5
3 8980.87 8980.87 78287.9
0 10073.3 10073.3 79382.6
2 22159.1 44318.1 91367.9
3 12392.5 12392.5 82112.9
2 25249.7 100999 95813.8
0 12545.4 12545.4 82525.3
2 27750.4 111002 97755.2
3 14723.6 14723.6 84884.9
1 20320.8 40641.6 90917.2
2 28767.9 115072 100152
0 12724.2 12724.2 84555.1
2 30290.5 121162 102458
1 20986.1 41972.1 92936.9
2 32869.2 131477 104857
1 23261.2 46522.4 95344.7
0 14202.5 14202.5 86541.8
1 26527.7 53055.5 99001.3
3 15917.9 15917.9 88201.2
2 34011.7 136047 106984
1 29751.6 59503.1 102589
55
2 281.903 1127.61 66179.9
1 739.232 1478.46 66894.1
3 197.944 197.944 66247.5
2 3869.74 15479 70266
0 2619.93 2619.93 69127.1
3 2059.31 2059.31 68442.3
1 2458.41 2458.41 68865.3
3 4436.16 4436.16 71147.1
2 8499.34 33997.4 75099.6
1 3959.68 7919.36 70414.1
0 7087.27 7087.27 74035.9
1 5357.02 5357.02 72284.2
1 7612.96 15225.9 74591
2 9953.14 39812.6 77205.1
2 12237.8 48951.3 79631
1 10965.5 21931 78560.7
1 14303.6 28607.2 81923.8
3 6857.78 6857.78 76786.5
2 14543.3 29086.7 82458
2 17019.9 68079.7 85474.5
0 7486.39 7486.39 76102.1
1 15278.3 30556.6 84370.8
0 10838.8 10838.8 79819.5
3 9578.37 9578.37 78640.3
3 12820.7 12820.7 82127.8
0 14104.8 14104.8 83717.7
3 15752.8 15752.8 85410.7
1 16723.7 33447.5 86444.7
0 16638.1 16638.1 86638.4
2 17691.3 70765.3 87974.9
2 20300.3 81201.4 90791.7
1 18911.4 37822.7 89282.8
2 22899 91595.9 93869.9
3 16514.4 16514.4 87675.9
2 24868.2 99472.8 96071.8
0 17371.8 17371.8 88609.7
1 21346.8 42693.5 92584.8
3 18250.4 18250.4 89500.9
1 23146.9 46293.8 94389
1 24983.4 49966.8 96437.5
0 18986.5 18986.5 90191.3
3 19964.9 19964.9 91305
2 27500.9 55001.8 99010.8
1 27179.4 54358.8 98656.5
2 29439.3 117757 100990
2 32818.8 131275 104449
2 36261.8 145047 108081
1 29051.6 58103.2 101072
2 38514.3 154057 110650
0 20029.9 20029.9 92192.8
1 30900.7 61801.4 103092
1 32588 65176 105079
3 20520 20520 93038.4
1 34052.8 68105.7 106864
0 21278.3 21278.3 94145.7
64
2 146.331 585.323 65716.5
3 184.024 184.024 66096.7
2 1611.4 6445.58 67538.3
0 565.46 565.46 66518.8
1 651.75 651.75 66751.7
1 2734.17 5468.33 68667.7
3 1931.79 1931.79 68144.9
2 3256.51 13026.1 69509.6
0 2123.29 2123.29 68321.7
1 4388.92 8777.85 70778.5
3 4608.88 4608.88 71303.3
2 5107.75 20431 71503.6
1 6395.24 12790.5 72719.8
2 6826.17 13652.3 73304.8
2 9944.69 39778.8 76591.2
1 9862.69 19725.4 76260
1 12182 24364 78825.3
2 12425.7 49702.7 79400.6
0 3983.38 3983.38 71096.6
0 7593.12 7593.12 74501.3
2 16509.3 66037.2 83262.5
1 13908.9 27817.8 81048.5
1 16304.6 32609.2 83365.6
2 18440.5 36881.1 85599.9
2 21331.2 85324.8 88679.8
1 18750.3 37500.6 85890.9
3 6380.71 6380.71 73858.2
1 20069.7 40139.3 87644.6
3 9219.55 9219.55 76645.7
0 9353.05 9353.05 77259.3
1 21731.5 43463 89322.4
3 10584.3 10584.3 78975.9
2 23438.6 46877.2 91409.9
0 10776.4 10776.4 79171.5
1 22853.5 45707 91338.6
3 12461.3 12461.3 81225.4
0 12938.4 12938.4 81678.9
3 13572.2 13572.2 83210.5
0 14628.8 14628.8 84212.6
3 16345.4 16345.4 86061.5
0 16532.8 16532.8 86422.5
2 24227.7 96910.7 94719.1
1 22720.7 45441.3 93506.7
1 25845.9 51691.9 99116.9
2 25197.3 50394.6 96261.5
2 26691.6 53383.3 98181.1
3 18236.2 18236.2 89771
0 18275.1 18275.1 89749.3
0 19918.9 19918.9 91312.4
3 20324.3 20324.3 92151.7
0 21413.6 21413.6 92840.8
2 28839.6 57679.1 100607
2 31460.7 125843 103402
2 34313.1 137252 106295
1 29233.5 58467 100950
2 36561.2 146245 108550
3 22345.2 22345.2 94219.4
1 30923.6 61847.1 103360
1 33877.3 67754.7 106173
2 39370.6 157482 111934
0 22599.5 22599.5 95591.5
3 23682.7 23682.7 96223.1
1 35545.4 71090.9 108191
0 25381.1 25381.1 98147.9
74
2 146.331 585.323 65716.5
3 184.024 184.024 66096.7
2 1611.4 6445.58 67538.3
0 565.46 565.46 66518.8
1 651.75 651.75 66751.7
1 2734.17 5468.33 68667.7
3 1931.79 1931.79 68144.9
2 3256.51 13026.1 69509.6
0 2123.29 2123.29 68321.7
1 4388.92 8777.85 70778.5
3 4608.88 4608.88 71303.3
2 5107.75 20431 71503.6
1 6395.24 12790.5 72719.8
2 6826.17 13652.3 73304.8
2 9944.69 39778.8 76591.2
1 9862.69 19725.4 76260
1 12182 24364 78825.3
2 12425.7 49702.7 79400.6
0 3983.38 3983.38 71096.6
0 7593.12 7593.12 74501.3
2 16509.3 66037.2 83262.5
1 13908.9 27817.8 81048.5
1 16304.6 32609.2 83365.6
2 18440.5 36881.1 85599.9
2 21331.2 85324.8 88679.8
1 18750.3 37500.6 85890.9
3 6380.71 6380.71 73858.2
1 20069.7 40139.3 87644.6
3 9219.55 9219.55 76645.7
2 22769.6 91078.3 90966
1 22715.9 45431.8 90693.5
1 25964.2 51928.4 94938.7
0 7658.24 7658.24 76534.4
0 9303.78 9303.78 78296.2
2 24011.2 48022.3 93245.2
2 25859.3 51718.7 95278.1
2 29743.2 118973 99517.5
2 31998.2 127993 101701
3 9119.08 9119.08 78431.6
1 27059.2 54118.4 96885.2
1 29926.5 59852.9 99772.9
1 32544.9 65089.7 102724
2 34412.4 68824.7 104265
0 10650.3 10650.3 81119
3 10280.6 10280.6 80673.6
3 14084 14084 84879.2
1 36193.2 72386.4 106710
2 35679.3 71358.6 106235
2 37437.9 149752 108047
2 39436.1 157744 110357
2 42591.2 170365 113129
2 45954.6 183818 116926
0 13921.5 13921.5 85083
2 47923.8 191695 119127
3 18412.7 18412.7 89650.6
1 37275.7 74551.4 108514
0 15657.5 15657.5 86907.9
1 39075.8 78151.7 110318
1 40912.3 81824.7 112366
0 17284.8 17284.8 88489.6
0 18953.7 18953.7 90293.7
1 42922.3 85844.7 114432
1 45174.2 90348.5 116651
2 50524.4 202097 122075
2 53903.9 215615 125534
2 57346.9 229387 129166
1 47046.4 94092.8 119067
2 59599.3 238397 131735
3 19489.1 19489.1 91652
1 48895.5 97791 121086
1 50582.8 101166 123074
0 19508.7 19508.7 92027.1
1 52047.6 104095 124859
3 20737.5 20737.5 93605
50
2 281.903 1127.61 66179.9
1 739.232 1478.46 66894.1
3 197.944 197.944 66247.5
2 3869.74 15479 70266
0 2619.93 2619.93 69127.1
3 2059.31 2059.31 68442.3
1 2458.41 2458.41 68865.3
3 4436.16 4436.16 71147.1
2 8499.34 33997.4 75099.6
1 3959.68 7919.36 70414.1
0 7087.27 7087.27 74035.9
1 5357.02 5357.02 72284.2
1 7612.96 15225.9 74591
2 9953.14 39812.6 77205.1
2 12237.8 48951.3 79631
1 10965.5 21931 78560.7
1 14303.6 28607.2 81923.8
3 6857.78 6857.78 76786.5
2 14543.3 29086.7 82458
2 17019.9 68079.7 85474.5
0 7486.39 7486.39 76102.1
1 15278.3 30556.6 84370.8
0 10838.8 10838.8 79819.5
3 9578.37 9578.37 78640.3
3 12820.7 12820.7 82127.8
0 13431.6 13431.6 83069.9
3 15335.3 15335.3 84919.1
0 16204.8 16204.8 85920.9
1 16719.3 16719.3 86609.1
2 17265.2 69060.8 87756.7
1 19023.2 38046.3 89809.2
2 20635.7 41271.3 93906.7
1 20600.1 41200.2 92148.8
3 16457.8 16457.8 87842
0 18425.8 18425.8 89957.1
3 18563.3 18563.3 89776.2
3 20230.1 20230.1 91794.7
0 20646.8 20646.8 92365.7
3 21900.6 21900.6 93815.9
1 23007.1 23007.1 94967.1
0 22266.4 22266.4 94383.1
3 23628 23628 95829.3
2 23573.3 94293.4 96102.3
0 24193.8 24193.8 96302.1
1 25836.4 25836.4 98197.8
3 25435.4 25435.4 97933.9
2 25835.8 103343 98983.7
1 28227 56454.1 101090
2 28908.8 57817.7 101898
1 30055.9 60111.8 103213
60
2 146.331 585.323 65716.5
3 184.024 184.024 66096.7
2 1611.4 6445.58 67538.3
0 565.46 565.46 66518.8
1 651.75 651.75 66751.7
1 2734.17 5468.33 68667.7
3 1931.79 1931.79 68144.9
2 3256.51 13026.1 69509.6
0 2123.29 2123.29 68321.7
1 4388.92 8777.85 70778.5
3 4608.88 4608.88 71303.3
2 5107.75 20431 71503.6
1 6395.24 12790.5 72719.8
2 6826.17 13652.3 73304.8
2 9944.69 39778.8 76591.2
1 9862.69 19725.4 76260
1 12182 24364 78825.3
2 12425.7 49702.7 79400.6
0 3983.38 3983.38 71096.6
0 7593.12 7593.12 74501.3
2 16509.3 66037.2 83262.5
1 13908.9 27817.8 81048.5
1 16304.6 32609.2 83365.6
2 18440.5 36881.1 85599.9
2 21331.2 85324.8 88679.8
1 18750.3 37500.6 85890.9
3 6380.71 6380.71 73858.2
1 20069.7 40139.3 87644.6
3 9219.55 9219.55 76645.7
1 22521.4 45042.9 90063.9
0 8375.49 8375.49 76609.6
2 22317.9 44635.7 90607.4
0 9957.62 9957.62 78952.8
1 23140.5 46280.9 92150.4
3 9372.45 9372.45 78985.3
0 10852.7 10852.7 80510.6
2 22422.4 44844.7 92143.4
3 11905.7 11905.7 81906
2 23888.7 95554.6 94172.3
2 26497.7 105991 96989
1 24354.3 48708.5 94725.7
1 27032 54064 98309.4
0 11667.5 11667.5 82819.5
2 29130.2 58260.4 100461
1 29036.7 58073.3 100253
1 30908.6 61817.1 102025
3 12590 12590 83887.9
2 30942.4 61884.8 102506
1 32357.4 64714.8 103896
0 13004.9 13004.9 84672.4
2 32735.1 130940 104509
1 34384.2 68768.5 106343
2 34559.7 138239 106441
3 13721.7 13721.7 85687.5
1 36242 72484.1 108341
2 38026.1 152104 109983
1 39130.7 78261.5 111874
2 39185.4 156742 112126
2 41141.8 164567 114152
1 42970.8 85941.5 115883
60
2 290.258 1161.03 65998.3
3 284.287 284.287 66139.7
1 506.68 1013.36 66161.2
2 2019.94 4039.87 67983.3
1 2429.16 4858.32 68393.4
0 561.65 561.65 66639.5
3 2145.94 2145.94 68544.1
2 4040.06 16160.2 70541.4
2 6746.83 26987.3 73291.8
1 4011.56 8023.11 70339.6
1 7082.54 14165.1 73453.9
0 1969.03 1969.03 68659.9
2 9134.23 18268.5 75495.6
1 8655.32 17310.6 75256.8
1 11037.5 22075 78211.3
2 12037.3 24074.7 78812.6
1 13450.3 26900.6 80821.3
3 3468.69 3468.69 70617.2
2 13401.7 53606.7 80620.8
2 16995.3 33990.6 84590.5
1 15918 31836 83538.2
0 4828.05 4828.05 74756.7
1 17912.1 35824.3 85826.8
2 19901.8 79607 88356.3
3 3956.68 3956.68 72572.4
1 20211.9 40423.8 89304.4
3 7309.09 7309.09 76289.8
0 7548.64 7548.64 76610.5
3 8980.87 8980.87 78287.9
0 10073.3 10073.3 79382.6
2 22159.1 44318.1 91367.9
3 12392.5 12392.5 82112.9
2 25249.7 100999 95813.8
0 12545.4 12545.4 82525.3
2 27750.4 111002 97755.2
3 14723.6 14723.6 84884.9
1 20320.8 40641.6 90917.2
2 28834.3 115337 99805.3
0 13162.7 13162.7 84324.2
2 30803.5 123214 102007
0 14908.1 14908.1 86145.9
1 21955 43909.9 93193
3 16947.8 16947.8 88198.3
1 23755.1 47510.2 94997.2
1 25591.6 51183.2 97045.7
0 16522.7 16522.7 87727.6
0 18191.6 18191.6 89531.7
1 27601.6 55203.2 99111.5
1 29853.5 59706.9 101331
2 33404.1 133616 104955
2 36783.6 147134 108414
2 40226.6 160906 112046
1 31725.7 63451.3 103746
2 42479.1 169916 114615
3 18036.8 18036.8 90199.7
1 33574.8 67149.5 105766
1 35262 70524.1 107753
0 18746.7 18746.7 91265.1
1 36726.9 73453.8 109538
3 19285.2 19285.2 92152.6
63
2 146.331 585.323 65716.5
3 184.024 184.024 66096.7
2 1611.4 6445.58 67538.3
0 565.46 565.46 66518.8
1 651.75 651.75 66751.7
1 2734.17 5468.33 68667.7
3 1931.79 1931.79 68144.9
2 3256.51 13026.1 69509.6
0 2123.29 2123.29 68321.7
1 4388.92 8777.85 70778.5
3 4608.88 4608.88 71303.3
2 5107.75 20431 71503.6
1 6395.24 12790.5 72719.8
2 6826.17 13652.3 73304.8
2 9944.69 39778.8 76591.2
1 9862.69 19725.4 76260
1 12182 24364 78825.3
2 12425.7 49702.7 79400.6
0 3983.38 3983.38 71096.6
0 7593.12 7593.12 74501.3
2 16509.3 66037.2 83262.5
1 13908.9 27817.8 81048.5
1 16304.6 32609.2 83365.6
2 18440.5 36881.1 85599.9
2 21331.2 85324.8 88679.8
1 18750.3 37500.6 85890.9
3 6380.71 6380.71 73858.2
1 20069.7 40139.3 87644.6
3 9219.55 9219.55 76645.7
0 9353.05 9353.05 77259.3
1 21731.5 43463 89322.4
3 10584.3 10584.3 78975.9
2 23438.6 46877.2 91409.9
0 10776.4 10776.4 79171.5
1 22853.5 45707 91338.6
3 12461.3 12461.3 81225.4
0 12938.4 12938.4 81678.9
3 14149.3 14149.3 83458.6
1 25141.3 50282.7 94350.2
0 13497.3 13497.3 83217.6
2 24506.6 98026.4 95070.8
0 14809.6 14809.6 84789.5
2 27007.3 108029 97012.2
3 15037.9 15037.9 85199.2
1 27000.4 54000.8 97596.8
2 27803.1 55606.2 99351.8
0 15362.3 15362.3 86746.5
3 17008.7 17008.7 88540
0 17467.8 17467.8 88680.7
3 19422.2 19422.2 90986.9
0 18950.4 18950.4 90669.3
0 20775.2 20775.2 92690.5
3 21047.8 21047.8 93007.7
0 22592.3 22592.3 94709
3 22819.8 22819.8 95021.1
2 29200.7 116803 101730
0 24519.8 24519.8 96628
3 25535.7 25535.7 97897.1
0 25919.4 25919.4 98417.9
2 31463.1 125852 104611
1 27130.1 54260.2 99993.1
1 29091.4 58182.9 102081
1 31816.3 63632.6 104973
49
2 281.903 1127.61 66179.9
1 739.232 1478.46 66894.1
3 197.944 197.944 66247.5
2 3869.74 15479 70266
0 2619.93 2619.93 69127.1
3 2059.31 2059.31 68442.3
1 2458.41 2458.41 68865.3
3 4436.16 4436.16 71147.1
2 8499.34 33997.4 75099.6
1 3959.68 7919.36 70414.1
0 7087.27 7087.27 74035.9
1 5357.02 5357.02 72284.2
1 7612.96 15225.9 74591
2 9953.14 39812.6 77205.1
2 12237.8 48951.3 79631
3 5602.4 5602.4 73508.7
1 8745.58 17491.2 76336.5
3 7582.34 7582.34 75974
1 10602.7 21205.4 78574
0 7401.08 7401.08 75796.2
1 13132.3 26264.5 81617.4
0 9281.58 9281.58 78045.6
3 9740.88 9740.88 78481.4
2 12885.5 51542 82659.7
2 15140.4 60561.7 84843.1
0 10118.1 10118.1 79430.6
1 14232.8 28465.7 84058.9
1 17100.1 34200.3 86946.6
2 17456.2 34912.4 87635.7
1 19213.3 38426.5 89065.5
3 11501.1 11501.1 81969.8
0 11279.6 11279.6 81672.6
0 15083.1 15083.1 85878.3
2 21104.5 42209.1 91621
1 20480.2 40960.4 91036
2 22753.8 91015.1 93362.6
2 24752 99007.9 95672.9
2 27907.1 111629 98444.4
2 31125.2 124501 102509
3 14340.7 14340.7 86171.6
2 32647.8 130591 104816
1 21104.9 42209.8 93055.8
2 35226.5 140906 107214
1 23380 46760 95463.5
0 18372.7 18372.7 90712.1
1 26646.6 53293.1 99120.1
3 15834.8 15834.8 88118.1
2 36369 145476 109341
1 29870.4 59740.8 102708
55
2 281.903 1127.61 66179.9
1 739.232 1478.46 66894.1
3 197.944 197.944 66247.5
2 3869.74 15479 70266
0 2619.93 2619.93 69127.1
3 2059.31 2059.31 68442.3
1 2458.41 2458.41 68865.3
3 4436.16 4436.16 71147.1
2 8499.34 33997.4 75099.6
1 3959.68 7919.36 70414.1
0 7087.27 7087.27 74035.9
1 5357.02 5357.02 72284.2
1 7612.96 15225.9 74591
2 9953.14 39812.6 77205.1
2 12237.8 48951.3 79631
1 10965.5 21931 78560.7
1 14303.6 28607.2 81923.8
3 6857.78 6857.78 76786.5
2 14543.3 29086.7 82458
2 17019.9 68079.7 85474.5
0 7486.39 7486.39 76102.1
1 15278.3 30556.6 84370.8
0 10838.8 10838.8 79819.5
3 9578.37 9578.37 78640.3
3 12820.7 12820.7 82127.8
1 17171.5 34342.9 86640.4
2 18080.6 36161.2 87525.8
0 11919.2 11919.2 81791.8
1 19923.2 39846.4 89732.3
2 19053 38105.9 89082.1
2 20384.4 81537.6 91154.8
0 14478.7 14478.7 85969.4
2 22233.8 88935.3 93204.8
3 14930.3 14930.3 86091.8
2 24203 96812.2 95406.6
0 18061.2 18061.2 89299
1 20298.3 40596.6 91536.4
3 16666.3 16666.3 87916.7
1 22098.4 44196.9 93340.5
1 23934.9 47869.9 95389
3 18293.6 18293.6 89498.4
0 19763.1 19763.1 91103.1
1 25945 51889.9 97454.9
2 26233.5 52467 97710.5
2 28580 114320 100130
2 31959.5 127838 103590
2 35402.5 141610 107222
1 27415 54830 99435.1
2 37654.9 150620 109791
3 19337 19337 91499.9
1 29264.1 58528.2 101455
1 30951.4 61902.8 103442
0 20318.1 20318.1 92836.6
1 32416.2 64832.5 105227
3 20585.3 20585.3 93452.8
70
2 127.601 255.203 66199
3 116.737 116.737 66111.1
0 566.787 566.787 66467.2
1 632.472 1264.94 66433.7
2 2712.58 10850.3 68514.2
3 2584.09 2584.09 68525.8
2 4254.47 17017.9 70505.8
1 2101.54 4203.09 68285.4
2 6191.45 24765.8 72541.1
0 2168.07 2168.07 68532.9
1 3752.72 3752.72 70330.4
3 4046.95 4046.95 70570.1
0 4207.18 4207.18 70783.6
2 8113.24 32453 74475.4
1 8437.1 16874.2 77749.8
2 9642.46 19284.9 76015.5
2 11158 44631.9 77957.7
1 12709.7 25419.5 79845.7
3 5058.21 5058.21 72537.9
2 12639.3 25278.5 80986.5
1 14212.8 28425.6 82252.8
2 14334.4 28668.9 83070.5
2 16870.7 67482.6 85116.7
2 19103.9 76415.8 87454.5
0 4668.35 4668.35 73231.9
3 5732.56 5732.56 74077.2
1 15692.9 31385.8 84380.1
0 6834.61 6834.61 75804.1
3 6713.69 6713.69 75819.3
0 8904.39 8904.39 78288.7
3 8586.9 8586.9 78047.1
1 18543.2 37086.3 87482.8
2 20348.9 81395.6 90123.1
2 22603.8 90415.2 92306.5
3 10939.5 10939.5 80252
1 20826.8 41653.6 90652.9
1 23694.1 47388.2 93540.6
2 24919.6 49839.2 95099.1
1 25807.2 51614.5 95659.4
0 10642.7 10642.7 81111.4
3 12101 12101 82494
0 13126.4 13126.4 83921.7
2 28567.9 57135.9 99084.4
1 27074.2 54148.4 97630
2 30217.2 120869 100826
2 32215.4 128861 103136
2 35370.5 141482 105908
2 38733.9 154935 109705
3 13597.7 13597.7 84759.2
2 40703.1 162812 111907
0 17455.1 17455.1 88693
1 28667.7 57335.5 99905.8
3 15333.7 15333.7 86584.2
1 30467.9 60935.7 101710
1 32304.4 64608.7 103758
3 16961 16961 88165.8
3 18629.9 18629.9 89969.9
1 34314.4 68628.7 105824
1 36566.3 73132.5 108043
2 43303.7 173215 114854
2 46683.1 186733 118313
2 50126.2 200505 121946
1 38438.4 76876.9 110459
2 52378.6 209515 124514
0 18531.6 18531.6 90694.4
1 40287.5 80575.1 112479
1 41974.8 83949.6 114466
3 19184.9 19184.9 91703.3
1 43439.7 86879.3 116251
0 19779.9 19779.9 92647.4
38
2 281.903 1127.61 66179.9
1 739.232 1478.46 66894.1
3 197.944 197.944 66247.5
2 3869.74 15479 70266
0 2619.93 2619.93 69127.1
3 2059.31 2059.31 68442.3
1 2458.41 2458.41 68865.3
3 4436.16 4436.16 71147.1
2 8499.34 33997.4 75099.6
1 3959.68 7919.36 70414.1
0 7087.27 7087.27 74035.9
1 5357.02 5357.02 72284.2
1 7612.96 15225.9 74591
2 9953.14 39812.6 77205.1
2 12237.8 48951.3 79631
1 10004.5 20008.9 77546.9
3 5538.14 5538.14 73772.3
1 12376.8 24753.5 80666.3
3 7120.27 7120.27 76115.4
2 14067.9 28135.7 83077.7
0 6740.78 6740.78 76353.6
3 8015.33 8015.33 77673.2
1 12481.3 24962.5 82202.3
0 9274.01 9274.01 79274.3
2 16987.8 67951.1 87271.4
2 19596.8 78387.1 90088.1
1 14668.9 29337.8 85040.3
2 22114.2 88456.9 93497.9
3 8348.03 8348.03 80178.9
2 23636.9 94547.5 95804.6
1 16094.5 32188.9 88045.3
2 26215.6 104862 98202.9
1 18369.6 36739.2 90453.1
0 8921.73 8921.73 81261.1
1 21636.1 43272.3 94109.7
3 9842.18 9842.18 82125.4
2 27358 109432 100330
1 24860 49719.9 97697.6
50
2 127.601 255.203 66199
3 116.737 116.737 66111.1
0 566.787 566.787 66467.2
1 632.472 1264.94 66433.7
2 2712.58 10850.3 68514.2
3 2584.09 2584.09 68525.8
2 4254.47 17017.9 70505.8
1 2101.54 4203.09 68285.4
2 6191.45 24765.8 72541.1
0 2168.07 2168.07 68532.9
1 3752.72 3752.72 70330.4
3 4046.95 4046.95 70570.1
0 4207.18 4207.18 70783.6
2 8113.24 32453 74475.4
1 8437.1 16874.2 77749.8
2 9642.46 19284.9 76015.5
2 11158 44631.9 77957.7
1 12709.7 25419.5 79845.7
3 5058.21 5058.21 72537.9
2 13242.6 26485.2 80785.1
0 5174.58 5174.58 73408.7
1 13483.7 26967.5 81773.2
3 5299.65 5299.65 74294.8
2 13861.7 27723.3 82871.5
2 17336.6 69346.6 87110.9
2 19591.6 78366.2 89294.2
0 6301.04 6301.04 75613.5
1 14862.8 29725.6 84688.9
1 17730.1 35460.2 87576.6
1 20348.5 40697 90528
2 22005.8 44011.5 91858
3 6778.85 6778.85 77247.6
0 7462.55 7462.55 77855.6
3 9262.54 9262.54 80057.8
1 23996.9 47993.7 94513.3
2 23272.7 46545.4 93828.5
2 25031.3 100125 95640.1
2 27029.5 108118 97950.4
2 30184.6 120739 100722
2 33402.7 133611 104786
0 8530.38 8530.38 80361.3
2 34925.3 139701 107093
1 24519.6 49039.2 96470.5
2 37504 150016 109491
1 26794.7 53589.4 98878.2
3 12552.2 12552.2 84891.6
1 30061.3 60122.5 102535
0 10024.5 10024.5 82307.8
2 38646.5 154586 111618
1 33285.1 66570.2 106123
56
2 290.258 1161.03 65998.3
3 284.287 284.287 66139.7
1 506.68 1013.36 66161.2
2 2019.94 4039.87 67983.3
1 2429.16 4858.32 68393.4
0 561.65 561.65 66639.5
3 2145.94 2145.94 68544.1
2 4040.06 16160.2 70541.4
2 6746.83 26987.3 73291.8
1 4011.56 8023.11 70339.6
1 7082.54 14165.1 73453.9
0 1969.03 1969.03 68659.9
2 9134.23 18268.5 75495.6
1 8655.32 17310.6 75256.8
1 11037.5 22075 78211.3
2 12037.3 24074.7 78812.6
1 13450.3 26900.6 80821.3
3 3468.69 3468.69 70617.2
2 13401.7 53606.7 80620.8
2 14206.8 56827 82403.2
1 14889.6 29779.2 82867.2
2 16107.2 32214.4 85081.7
0 1816.8 1816.8 70693
3 3997.68 3997.68 72990.1
1 16465.4 32930.7 85699.4
2 18418.9 36837.8 87837.7
0 3397.86 3397.86 73010.7
3 5435.51 5435.51 75093.4
1 19079 38157.9 88800
0 5931.08 5931.08 75931.4
2 21747.7 86990.9 92031.3
2 24356.8 97427 94848.1
1 21266.6 42533.1 91638
2 26955.4 107822 97926.3
3 6197.11 6197.11 77358.6
2 28924.6 115698 100128
0 6664.84 6664.84 77902.7
1 23702 47404 94940
3 7933.06 7933.06 79183.5
1 25502.1 51004.2 96744.2
1 27338.6 54677.2 98792.7
0 8279.53 8279.53 79484.3
3 9647.61 9647.61 80987.7
1 29348.6 58697.2 100859
2 30955 61910.1 102432
2 33301.5 133206 104852
2 36681 146724 108311
2 40124 160496 111943
1 30818.7 61637.3 102839
2 42376.5 169506 114512
0 9322.92 9322.92 81485.8
1 32667.8 65335.5 104859
1 34355 68710.1 106846
3 10202.7 10202.7 82721.1
1 35819.9 71639.8 108631
0 10571.3 10571.3 83438.7
