57
9 374.977 374.977 66097
2 792.757 3171.03 66627.3
5 898.709 5094.84 66667.5
3 161.318 645.273 65992
4 279.094 6279.09 66336.2
0 567.822 567.822 66748.5
1 499.495 499.495 66446.9
8 3310.55 19242.2 69710.5
6 2667.41 2667.41 69054
7 2516.19 4016.19 68968.2
3 1282.81 1282.81 67791.6
9 1388.98 5555.92 67904.9
4 1409.82 5639.28 68201.2
1 1730.44 1730.44 68437.2
2 1868.2 7472.79 68776.5
5 2341.42 2341.42 68846.6
0 3231.52 9231.52 70164.4
3 4655.73 4655.73 71370.9
9 3195.33 4695.33 70706.2
4 3119.63 12478.5 70484.1
1 2732.58 12430.3 70250.5
2 4034.44 16137.8 71695.4
5 3995.25 17481 71919.5
7 2952.86 13311.4 70864.1
6 2747.23 8747.23 71201.1
8 3379.29 3379.29 71697.6
0 5484.84 27939.3 74232.7
1 3749.24 16497 72361.2
4 3665.51 20662.1 72685.4
9 3008.06 4508.06 72355.9
7 3413.71 13654.9 72992.5
6 3042.92 3042.92 73058.4
3 3208.04 14332.2 73121.2
2 3271.28 9271.28 74013.6
8 2757.7 17030.8 73505.8
5 3064.99 3064.99 74171.9
9 4219.09 18376.3 75057.3
1 3082.06 13828.3 74114.8
4 4375.52 4375.52 75512.3
7 3671.29 16185.2 74954.4
6 4546.53 4546.53 75598
3 5431.1 6931.1 76699.2
8 4134.65 16538.6 75714.5
2 4504.85 18019.4 76044
1 4486.56 5986.56 76072.7
5 5755.82 23023.3 77469.1
0 5072.99 5072.99 76792.4
7 4994.5 19978 76938.6
9 5532.09 7032.09 77544.9
4 5098.92 26395.7 77319.1
6 5145.34 11145.3 77367
8 6422.44 6422.44 78665
2 5657.94 5657.94 78047
1 5838.76 24855.1 78011.9
3 6904.75 27619 79596.9
0 6661.03 26644.1 79569.6
7 6173.72 24694.9 79106.8
59
9 365.259 2961.04 66126
5 284.347 1137.39 66085.2
3 153.228 153.228 66003.6
2 310.809 310.809 66352.5
4 274.662 274.662 66330.9
0 558.831 2235.33 66620.3
8 593.265 8373.06 67090.4
6 265.698 265.698 66605.1
1 649.338 2597.35 67163.2
7 2014.64 9558.54 68420
3 1331.05 5324.19 67802.5
5 1390.11 2890.11 68022.1
9 1425.7 7202.82 67975.5
4 3545.88 3545.88 69959
2 1372.74 11490.9 67987
6 3504.02 3504.02 70616.7
0 1452.82 11811.3 68403.5
8 4220.21 16880.8 71610.6
1 3604.18 5104.18 70689.6
3 2168.62 3668.62 69614.7
9 2101.99 3601.99 69848.5
2 2511.35 10045.4 70510.7
5 2145.55 2145.55 70158.3
0 2657.46 8657.46 70680.6
7 2651.07 4151.07 71580.6
3 2749.97 12499.9 71356.1
9 3110.82 13943.3 71563.7
4 3025.1 3025.1 72103.2
5 3318.28 4818.28 72337.5
2 3336.33 9336.33 72925.7
6 3393.1 13572.4 73593.2
0 2781.3 11125.2 72238
1 4028.5 5528.5 74299.1
3 3750.88 15003.5 73678.6
9 3576.97 14307.9 73695.7
7 5227.95 6727.95 75374.1
8 3171.89 18687.6 73913.6
4 4448.64 23794.6 75254.8
0 3742.63 14970.5 75057.2
5 3683.03 5183.03 75238.6
2 4651.93 18607.7 75719.2
6 5208.43 5208.43 76366.7
3 5774.46 7274.46 77551.1
9 5319.37 6819.37 76843.2
8 4304.86 17219.5 75490.1
1 6073.49 25794 77661.2
0 6629.52 32518.1 78591.2
5 6858.86 28935.4 78338.4
4 5321.07 21284.3 77045.3
7 5377.16 6877.16 77228.2
8 5453.89 11453.9 77314.2
2 5219 5219 77725.1
6 5672.27 28689.1 78401.4
9 6567.73 8067.73 79236.5
4 6416.32 31665.3 79021.4
7 6507.85 6507.85 79055.5
8 6959.48 6959.48 79610.6
3 6611.33 26445.3 79693.3
1 7080 8580 79882.2
69
9 365.253 1865.25 66139.3
5 217.397 1717.4 66176.5
3 184.024 184.024 66222.7
2 368.445 6368.45 66442.9
4 372.913 6372.91 66282.3
0 563.858 6563.86 66634.6
1 604.091 604.091 66668.5
8 3217.23 12868.9 69361.3
6 2681.16 8681.16 68985.1
7 2466.92 3966.92 68549.8
9 1730.5 3230.5 68110.8
5 2300.1 10700.4 68949.9
3 1903.39 1903.39 68197.2
4 1745.01 1745.01 68283.4
2 2572.03 16288.1 69056.6
0 2070.12 8070.12 69358.6
1 4035.57 5535.57 71091.9
9 4333.74 18835 71465
3 3169.97 3169.97 70259.9
4 3200.38 18801.5 70224.9
7 3272.98 4772.98 70380.2
5 3485.86 4985.86 70735.8
6 3540.98 9540.98 71074.9
2 4082.52 4082.52 71566.7
0 3867.52 9867.52 71472.2
8 3243.64 12974.5 70906
4 4166.4 10166.4 72165.9
3 4479.37 5979.37 72327.6
7 4565.29 6065.29 72808.1
5 4638.53 18554.1 73133
8 6213.48 24853.9 74688.3
6 4428.78 17715.1 73003.2
1 6994.38 8494.38 75859.6
9 5824.37 5824.37 74717.4
0 4292.33 4292.33 73616
2 4048.7 4048.7 73319.1
4 4920.16 25680.6 74115.7
3 6820.23 28780.9 76587.4
7 5981.31 7481.31 76003
6 5106.4 11106.4 74829.6
5 5892.37 5892.37 75803
2 5258.5 27034 75139.9
0 7160.71 7160.71 77584.8
4 5619.24 5619.24 75913.9
8 6963.88 33855.5 77675.9
9 6868.12 27472.5 77214.9
6 8620.98 8620.98 79207.3
2 6317.41 6317.41 76992.9
5 7060.56 8560.56 77842.1
1 6580.53 27822.1 77613.3
4 7099.66 7099.66 78236.4
7 7138.09 30052.4 78421.2
3 10134.2 11634.2 81185.7
2 7572.98 7572.98 78841.1
9 7843.76 32875 79423.6
0 11018.8 44075.4 82558
1 7985.02 9485.02 79571.1
8 9259.86 43039.4 80973.1
5 8235.59 9735.59 79955
4 8280.31 39121.2 80224.4
7 8402.29 9902.29 80415.1
2 8835.25 41341 81055.4
6 11616.9 17616.9 83838.5
9 10131.5 11631.5 82374.2
1 9489.9 10989.9 81879
5 9559.07 39736.3 81732.2
4 10503.3 48013 83195.4
7 10283.7 42634.8 83192.3
8 10088.6 46354.3 83021.6
69
9 303.073 303.073 66078.6
5 308.958 2735.83 66251.3
3 40.3279 1540.33 66173.7
6 396.645 396.645 66268.5
2 439.942 6439.94 66425.9
4 271.348 271.348 66483.7
0 704.735 6704.74 66720
8 711.322 711.322 66424.5
1 643.599 643.599 66702.4
7 2505.1 2505.1 68586.8
9 2055.94 8223.77 68201.4
3 2475.17 2475.17 68588
5 2197.72 3697.72 68406.1
6 3021.74 9021.74 69367.2
8 2185.41 2185.41 68585.9
2 2212.93 8212.93 68594
4 2105.2 8105.2 68340.7
1 2347.26 10889 68658.1
0 2175.7 8702.81 68548.8
9 3164.17 3164.17 69529
4 3806.63 3806.63 70400.6
5 3543.79 3543.79 70591.1
0 5278.11 5278.11 72363.2
8 6326.03 6326.03 73452.2
7 3385.46 15041.8 70622.2
3 3264.6 13058.4 70731.2
2 3182.28 12729.1 70565.2
1 3042.94 3042.94 70455.8
6 4515.53 18062.1 72033.4
9 3914.56 17158.2 71575.6
4 4231.04 16924.2 72155.3
1 4440.44 19261.7 72351.7
2 3906.69 9906.69 72360.6
5 5101.45 6601.45 73419.8
7 4828.56 19314.2 73576.4
3 4068.08 17772.3 72680
9 4633.43 18533.7 73653.3
6 4470.18 10470.2 74059.5
4 4931.67 19726.7 75131.8
1 4993.56 21474.2 74450.3
2 4333.8 4333.8 74604.4
0 7221.34 34885.4 77149.1
3 5142.68 20570.7 75261.4
5 4779.97 6279.97 74926.2
8 4703.42 24813.7 75445.1
7 4854.93 19419.7 75661.1
9 4706.38 20325.5 76021
6 5119.65 5119.65 76675.2
1 5207.55 22330.2 76274.8
2 6627.24 26509 77660
5 5638.91 7138.91 76775.7
4 6778.44 27113.8 78061.5
3 6921.78 8421.78 77973.3
8 5942.41 5942.41 77210.5
7 6145.79 26083.2 77725.6
9 8017.79 33571.2 79557
1 6498.98 7998.98 78085.1
6 8259.12 39036.5 79972.4
5 6629.09 8129.09 78348.5
0 7192.99 34772 79137.1
8 7509.28 7509.28 79522.1
2 7554.76 36219 79775
7 8119.75 8119.75 80341.4
3 7707.83 9207.83 79950.4
4 7675.4 7675.4 80064.5
1 7851.18 32904.7 80024.3
5 8979.54 35918.1 81671.7
0 8983.84 35935.4 81892.4
8 8637.53 40550.1 81570.6
61
9 365.253 1865.25 66139.3
5 217.397 1717.4 66176.5
3 184.024 184.024 66222.7
2 368.445 6368.45 66442.9
4 372.913 6372.91 66282.3
0 563.858 6563.86 66634.6
1 604.091 604.091 66668.5
8 3217.23 12868.9 69361.3
6 2681.16 8681.16 68985.1
7 2466.92 3966.92 68549.8
9 1730.5 3230.5 68110.8
5 2300.1 10700.4 68949.9
3 1903.39 1903.39 68197.2
4 1745.01 1745.01 68283.4
2 2572.03 16288.1 69056.6
0 2070.12 8070.12 69358.6
1 4035.57 5535.57 71091.9
9 4333.74 18835 71465
3 3169.97 3169.97 70259.9
4 3200.38 18801.5 70224.9
7 3272.98 4772.98 70380.2
5 3485.86 4985.86 70735.8
6 3540.98 9540.98 71074.9
2 3805.55 15222.2 71323.4
0 4053.89 16215.5 71714.9
8 3191.77 12767.1 71116
4 4209.54 16838.2 72120.8
3 4041.78 4041.78 72495.7
7 3870.53 5370.53 72188.9
5 4535.7 18142.8 73283.6
6 4411.75 17647 73023.7
1 6594.5 26378 75614.4
8 3980.37 21921.5 73175.9
2 5280.01 21120 75047.2
9 5685.81 7185.81 75707.5
0 4293.23 10293.2 74016.5
4 4191.42 10191.4 74102
7 4070.52 16282.1 73951.9
3 6158.85 7658.85 76582.9
6 4527.16 4527.16 74821.8
8 5419.41 27677.6 76131.4
5 5434.25 21737 75781
7 7215.42 8715.42 77801.8
0 5092.27 5092.27 75767.8
4 5359.61 5359.61 76141.2
6 5968.86 5968.86 77224.3
2 8646.43 8646.43 79832.4
1 7163.07 8663.07 78573.6
9 6715.7 8215.7 78020.2
0 6544.51 6544.51 78074.5
5 6056.38 24225.5 77805.1
8 7651.94 13651.9 79276.7
4 6352.95 6352.95 78126.7
3 9120.67 36482.7 80960.2
6 7175.87 13175.9 79221.9
7 9580.42 11080.4 81729.4
5 7883.37 9383.37 80631.5
9 7218.14 8718.14 79540.1
0 7268.81 7268.81 79865.4
4 7659.02 36636.1 80681.3
1 8275.19 9775.19 81328.6
70
9 365.259 2961.04 66126
5 284.347 1137.39 66085.2
3 153.228 153.228 66003.6
2 310.809 310.809 66352.5
4 274.662 274.662 66330.9
0 558.831 2235.33 66620.3
8 593.265 8373.06 67090.4
6 265.698 265.698 66605.1
1 649.338 2597.35 67163.2
7 2014.64 9558.54 68420
3 1331.05 5324.19 67802.5
5 1390.11 2890.11 68022.1
9 1425.7 7202.82 67975.5
4 3545.88 3545.88 69959
2 1372.74 11490.9 67987
6 3504.02 3504.02 70616.7
0 1452.82 11811.3 68403.5
8 4220.21 16880.8 71610.6
1 3604.18 5104.18 70689.6
3 2168.62 3668.62 69614.7
9 2178.33 2178.33 69873.8
2 2557.5 2557.5 70148.8
5 2233.73 3733.73 69990
0 2661.25 2661.25 70488.2
7 2768.49 4268.49 71384.5
3 3216.52 4716.52 72103.6
9 3547.12 5047.12 72184.7
4 4917.99 4917.99 73815.9
5 3171.2 14184.8 72100.5
2 3792.99 9792.99 72955.4
0 4906.31 19625.2 74031.6
6 2564.75 2564.75 71972.8
1 3134.29 4634.29 73161
7 4259.65 4259.65 74481.2
8 3733.61 3733.61 73864
6 3720.24 3720.24 73849.7
5 4362.47 4362.47 74833.8
3 4745.33 4745.33 74946.4
9 4277 18608 74991.6
2 5118.09 26472.4 75508.7
1 4476.14 19404.6 75383.3
4 5310.58 5310.58 76081
6 5102.28 20409.1 76374.9
8 6046.02 12046 76980.2
0 6440.88 6440.88 77401.5
7 6493.66 6493.66 77816.7
5 6545.89 6545.89 77881
3 5322.29 6822.29 76699.3
9 6814.37 8314.37 78331.9
1 7664.33 32157.3 79595.8
2 5999.26 5999.26 78180.8
4 6264.13 31056.5 77891.2
6 6524.54 26098.1 78246.2
3 7129.58 28518.3 79253.9
8 7015.81 13015.8 78981.7
0 7385.62 29542.5 79369.8
7 7712.63 32350.5 79835.3
5 7731.81 7731.81 79865.2
4 7817.38 31269.5 80601.3
2 8062.45 38249.8 80430
6 7911.45 7911.45 80342
9 7916.97 31667.9 80349.7
8 8844.65 8844.65 81498.5
3 8903.55 37114.2 81647.2
0 10167.9 40671.5 82776.8
1 8612.57 34450.3 81217.3
7 9619.35 38477.4 82417.1
5 8979.06 8979.06 81845.5
6 10244.7 16244.7 83109.5
9 9430.19 39220.7 82302.6
60
9 303.073 303.073 66078.6
5 308.958 2735.83 66251.3
3 40.3279 1540.33 66173.7
6 396.645 396.645 66268.5
2 439.942 6439.94 66425.9
4 271.348 271.348 66483.7
0 704.735 6704.74 66720
8 711.322 711.322 66424.5
1 643.599 643.599 66702.4
7 2505.1 2505.1 68586.8
9 2055.94 8223.77 68201.4
3 2475.17 2475.17 68588
5 2197.72 3697.72 68406.1
6 3021.74 9021.74 69367.2
8 2185.41 2185.41 68585.9
2 2212.93 8212.93 68594
4 2105.2 8105.2 68340.7
1 2347.26 10889 68658.1
0 2175.7 8702.81 68548.8
9 3164.17 3164.17 69529
4 3806.63 3806.63 70400.6
5 3543.79 3543.79 70591.1
0 5278.11 5278.11 72363.2
8 6326.03 6326.03 73452.2
7 3385.46 15041.8 70622.2
3 3264.6 13058.4 70731.2
2 3182.28 12729.1 70565.2
1 3042.94 3042.94 70455.8
6 4994.24 4994.24 72470.4
9 3979.32 5479.32 72280
4 3236.71 9236.71 72826
1 2987.45 13449.8 73187.5
2 2665.89 10663.6 72122.6
5 3162.57 4662.57 73433.2
7 2670.75 10683 72598.5
3 2744.47 10977.9 72863.2
2 3482.81 3482.81 73629
9 4871.06 19484.2 75612.8
0 5476.93 27907.7 76283.1
6 3974.99 15900 75289.6
7 3877.78 5377.78 75433.3
4 4552.3 18209.2 75619.6
3 4488.69 5988.69 75647
1 4910.04 6410.04 76686.7
5 4970.38 6470.38 76494.3
8 4228.53 16914.1 75413.8
2 3876.74 15507 75464.5
6 6861.89 33447.6 78823.5
8 5463.38 21853.5 76943
7 6425.95 27203.8 78150.2
2 5467.49 5467.49 77318.5
9 5576.5 5576.5 77436.9
4 5119.38 5119.38 77625.5
3 4952.52 19810.1 77681.7
0 5759.92 5759.92 78428.7
5 5897.33 23589.3 78502.4
1 8144.65 8144.65 80692.3
8 6122.12 6122.12 78773.3
2 8565.23 40260.9 81647.2
9 6531.09 8031.09 79333.3
59
9 365.259 2961.04 66126
5 284.347 1137.39 66085.2
3 153.228 153.228 66003.6
2 310.809 310.809 66352.5
4 274.662 274.662 66330.9
0 558.831 2235.33 66620.3
8 593.265 8373.06 67090.4
6 265.698 265.698 66605.1
1 649.338 2597.35 67163.2
7 2014.64 9558.54 68420
3 1331.05 5324.19 67802.5
5 1390.11 2890.11 68022.1
9 1425.7 7202.82 67975.5
4 3545.88 3545.88 69959
2 1372.74 11490.9 67987
6 3504.02 3504.02 70616.7
0 1452.82 11811.3 68403.5
8 4220.21 16880.8 71610.6
1 3604.18 5104.18 70689.6
3 2168.62 3668.62 69614.7
9 2178.33 2178.33 69873.8
2 2557.5 2557.5 70148.8
5 2233.73 3733.73 69990
0 2661.25 2661.25 70488.2
7 2768.49 4268.49 71384.5
3 3216.52 4716.52 72103.6
9 3547.12 5047.12 72184.7
4 4917.99 4917.99 73815.9
5 3171.2 14184.8 72100.5
2 3792.99 9792.99 72955.4
0 4906.31 19625.2 74031.6
6 5005.11 5005.11 74358.7
1 5252.93 21011.7 74500.2
7 5884.68 5884.68 75410.9
8 4124.55 22498.2 73633.5
5 4255.94 18523.7 74269.9
3 4676.07 6176.07 74839.4
9 3786.99 5286.99 74148.3
2 4798.43 19193.7 74954.4
8 5336.32 11336.3 76400.5
4 4880.33 4880.33 76330.8
0 6845.96 6845.96 78004.2
9 5930.4 7430.4 77707.1
5 5893.62 7393.62 77417.5
6 7802.83 31211.3 78988.1
1 4747.98 20491.9 76335.7
3 5839.86 23359.5 77801.5
2 5542.73 22170.9 77022.3
7 5668.69 24174.8 77392.9
4 6811.59 6811.59 78662.6
1 6299.46 6299.46 78159.8
8 8071.95 8071.95 80578
2 6327.88 31311.5 79057
7 6869.75 8369.75 79538.6
5 6820.57 27282.3 79425.7
9 9165 9165 81712.7
3 7446.76 8946.76 80097.9
0 9250.95 43003.8 82332.9
1 7254.05 8754.05 80056.3
72
9 221.688 1721.69 66034.8
5 287.944 1151.77 66097.2
3 194.337 2277.35 66221.2
2 313.832 7255.33 66189.8
4 226.234 6904.94 66162.4
0 556.263 2225.05 66467
1 673.715 673.715 66676.6
8 1664.23 7664.23 67697.9
6 2566.04 10264.2 68835.7
7 2481.28 3981.28 68580
9 1983.84 7935.36 67962.3
5 2015.71 8062.83 68317.1
4 2053.62 14214.5 68196
2 1787.65 7787.65 68185.8
3 2202.66 2202.66 68651.8
0 2201.06 2201.06 68695.2
1 2208.46 8833.85 68697.4
8 4055.1 16220.4 70416.1
9 5460.69 23342.8 72276.2
2 3611.21 20444.8 70238.7
4 3781.4 15125.6 70610.2
5 5468.74 21874.9 75302.3
7 3492.34 3492.34 70519.9
3 3601 5101 70620.1
0 3433.44 13733.7 70636.6
1 3088.94 13855.8 70606.8
6 3064.71 12258.8 70725.7
2 4471.12 17884.5 72395.4
8 4400.81 17603.2 72312.1
7 3861.37 3861.37 72315.3
1 4589.71 6089.71 72908
4 4816.63 25266.5 73564.5
3 3579.97 15819.9 72191.9
0 4611.97 24447.9 73631.8
6 3619.17 3619.17 72967
3 4200.67 16802.7 73779.4
9 6476.33 7976.33 76491.9
8 5496.51 21986 75409.7
7 3891.11 3891.11 74633.5
2 3944.01 21776 74692.1
1 4579.24 4579.24 75686.1
6 4830.2 19320.8 75668.4
4 4900.32 25601.3 76112.7
0 5246.72 20986.9 76411.8
3 4409.12 4409.12 75608.8
7 5260.64 5260.64 76463.8
2 5326.25 11326.2 76663.6
5 6094.4 7594.4 77362.9
8 8107.31 32429.3 79245.5
3 7551.79 31707.2 79112.4
6 7492.01 7492.01 79173.5
1 7608.83 31935.3 79015.7
4 6901.08 27604.3 78192.4
0 6793.62 27174.5 78249.5
7 6800.32 8300.32 78280.8
9 7722.37 32389.5 79269.5
2 6773.96 6773.96 78579.7
5 7746.12 32484.5 79719.4
4 8762.11 35048.5 80976.6
0 8598.07 8598.07 80502.4
7 8253.23 8253.23 80287.4
2 8829.79 14829.8 80627.1
1 8638.19 10138.2 80564.7
3 10402.5 11902.5 82608
6 10637 42548 82781.6
8 8862.96 35451.8 81372.9
9 9040.92 10540.9 81471.5
5 9476.49 39406 82490.2
7 9194.88 38279.5 81572.4
0 10447.2 10447.2 83055.9
1 9351.33 37405.3 82371.5
2 9415.03 9415.03 82176.9
74
9 365.253 1865.25 66139.3
5 217.397 1717.4 66176.5
3 184.024 184.024 66222.7
2 368.445 6368.45 66442.9
4 372.913 6372.91 66282.3
0 563.858 6563.86 66634.6
1 604.091 604.091 66668.5
8 3217.23 12868.9 69361.3
6 2681.16 8681.16 68985.1
7 2466.92 3966.92 68549.8
9 1730.5 3230.5 68110.8
5 2300.1 10700.4 68949.9
3 1903.39 1903.39 68197.2
4 1745.01 1745.01 68283.4
2 2572.03 16288.1 69056.6
0 2070.12 8070.12 69358.6
1 4035.57 5535.57 71091.9
9 4333.74 18835 71465
3 3169.97 3169.97 70259.9
4 3200.38 18801.5 70224.9
7 3272.98 4772.98 70380.2
5 3485.86 4985.86 70735.8
6 3540.98 9540.98 71074.9
2 3524.19 9524.19 71219.7
0 4269.63 4269.63 71860.9
8 3141.61 3141.61 70897.9
4 3941.79 3941.79 71768.7
3 4608.32 6108.32 73224.3
7 3981.99 5481.99 72869
5 4902.74 6402.74 73540.3
8 3930.41 3930.41 72828.3
6 4270.14 17080.6 73199.4
1 6246.28 6246.28 75408.7
2 5109.45 20437.8 74234.7
9 4116.82 5616.82 73470.4
4 4048.01 22192 73295.3
0 5166.45 11166.5 74692.6
8 5342.21 27368.8 74851.1
7 5339 22856 75353
6 5550.41 5550.41 75713.7
3 6985.34 8485.34 77346.6
4 4883.01 19532.1 75039
9 5056.49 5056.49 76120.7
5 4151.21 5651.21 75601.7
2 6660.13 32640.5 77872.5
0 5331.71 21326.8 76496.8
8 6486 12486 77685.7
4 6132.26 12132.3 77335.4
7 6877.76 6877.76 78215.1
1 6443.58 7943.58 77712.1
5 6558.2 27732.8 77696.4
6 7006.94 28027.8 78567.6
9 6932.21 8432.21 78613.7
0 6911.64 27646.5 78318.5
4 7584.76 30339 78876.1
3 7912.94 33151.7 79368.8
8 8022.2 8022.2 79502.7
5 7951.53 33306.1 79498.7
1 8081.85 9581.85 79887.6
2 8255.76 33023 80229
7 8886.08 37044.3 81100.6
0 8667.11 8667.11 80571.4
6 10618.8 16618.8 82653
9 10611.4 10611.4 82408.8
4 8498.59 8498.59 80425.1
3 9444.71 10944.7 81650.2
5 9095.4 37881.6 81240
8 9120.19 36480.8 81630.2
1 9258.38 10758.4 81688.9
2 9986.13 39944.5 82999.8
4 9762.72 39050.9 82140.2
0 10516.3 10516.3 83125
7 11327.4 45309.7 84347.6
5 10567.1 12067.1 83329
64
9 221.688 1721.69 66034.8
5 287.944 1151.77 66097.2
3 194.337 2277.35 66221.2
2 313.832 7255.33 66189.8
4 226.234 6904.94 66162.4
0 556.263 2225.05 66467
1 673.715 673.715 66676.6
8 1664.23 7664.23 67697.9
6 2566.04 10264.2 68835.7
7 2481.28 3981.28 68580
9 1983.84 7935.36 67962.3
5 2015.71 8062.83 68317.1
4 2053.62 14214.5 68196
2 1787.65 7787.65 68185.8
3 2202.66 2202.66 68651.8
0 2201.06 2201.06 68695.2
1 2208.46 8833.85 68697.4
8 4055.1 16220.4 70416.1
9 5460.69 23342.8 72276.2
2 3611.21 20444.8 70238.7
4 3781.4 15125.6 70610.2
5 5468.74 21874.9 75302.3
7 3492.34 3492.34 70519.9
3 3601 5101 70620.1
0 3433.44 13733.7 70636.6
1 2745.57 4245.57 70229.7
6 2884.36 8884.36 70489
1 4112.06 17948.2 71774.4
2 4280.21 10280.2 72279.8
8 4096.34 4096.34 71944.5
6 4272.55 4272.55 72515.4
7 4461.3 17845.2 72955.7
4 5818.23 23272.9 74293.1
3 3594.44 15877.7 72168.8
0 5099.42 5099.42 73964.7
1 5076.94 5076.94 73970
8 4866.01 4866.01 74189.7
3 4650.85 6150.85 73921.2
9 6117.05 7617.05 75464.9
2 4678.69 24714.8 74257.5
6 5155.81 5155.81 75171.3
7 5642.46 24069.8 75555.6
3 5497.06 5497.06 76239.4
0 5024.75 26099 75772.8
1 5016.74 5016.74 76123.6
8 5318.66 21274.7 76156.8
2 4895.73 4895.73 76054
4 5473.74 5473.74 77250.4
6 5979.21 5979.21 77503.1
5 6078.61 25814.4 77263.9
9 7239.27 30457.1 78827
7 7835.29 31341.2 79796.9
0 5822.4 23289.6 77302
2 6311.81 25247.3 78036.1
1 7630.9 9130.9 79481.9
8 6475.29 12475.3 78335.6
3 5739.23 7239.23 78245.3
4 8670.13 40680.5 81399.3
5 6629.34 8129.34 79298.2
0 6919.18 33676.7 79524.3
6 7761.84 13761.8 80309.5
2 7681.3 7681.3 80332.5
3 9276.33 37105.3 82358.3
8 7429.87 7429.87 80232.1
66
9 365.253 1865.25 66139.3
5 217.397 1717.4 66176.5
3 184.024 184.024 66222.7
2 368.445 6368.45 66442.9
4 372.913 6372.91 66282.3
0 563.858 6563.86 66634.6
1 604.091 604.091 66668.5
8 3217.23 12868.9 69361.3
6 2681.16 8681.16 68985.1
7 2466.92 3966.92 68549.8
9 1730.5 3230.5 68110.8
5 2300.1 10700.4 68949.9
3 1903.39 1903.39 68197.2
4 1745.01 1745.01 68283.4
2 2572.03 16288.1 69056.6
0 2070.12 8070.12 69358.6
1 4035.57 5535.57 71091.9
9 4333.74 18835 71465
3 3169.97 3169.97 70259.9
4 3200.38 18801.5 70224.9
7 3272.98 4772.98 70380.2
5 3485.86 4985.86 70735.8
6 3540.98 9540.98 71074.9
2 3805.55 15222.2 71323.4
0 4053.89 16215.5 71714.9
8 3191.77 12767.1 71116
4 4209.54 16838.2 72120.8
3 4041.78 4041.78 72495.7
7 3870.53 5370.53 72188.9
5 4535.7 18142.8 73283.6
6 4411.75 17647 73023.7
1 6594.5 26378 75614.4
8 4009.48 4009.48 73357.3
2 3873.04 21492.1 73451.8
9 4896.88 6396.88 74912.4
0 4899.32 19597.3 74812.5
4 3696.64 9696.64 74439
7 3248.94 12995.7 73997
3 3641.17 3641.17 74748.1
6 4107.74 16430.9 74945.9
5 4696.85 6196.85 75657.4
8 5369.71 11369.7 76692.8
2 3942.8 9942.8 75277.9
7 4372.91 5872.91 75749.9
4 4738.57 4738.57 76256.1
3 6330.57 26822.3 78262
0 7068.04 7068.04 79249.6
9 6083.52 24334.1 77710.6
6 5565.38 22261.5 77287.1
2 5502.92 28011.7 77627.2
1 6598.85 6598.85 78564.7
5 5641.59 24066.4 77625.8
7 6074.06 25796.2 78196.7
4 5959.49 11959.5 78092.9
8 6618.95 26475.8 79402.9
6 7185.24 34741 79552.8
5 7800.1 9300.1 80230.7
2 7639.99 36560 80072.7
9 7257.99 8757.99 79911.8
4 7227.83 28911.3 79971.5
7 8994.82 37479.3 81603.7
3 7278.8 29115.2 79883.6
1 8348.78 33395.1 81146.6
0 9317.56 15317.6 82184
8 9305.57 15305.6 82170.4
6 9989.56 39958.2 82862
55
9 221.688 1721.69 66034.8
5 287.944 1151.77 66097.2
3 194.337 2277.35 66221.2
2 313.832 7255.33 66189.8
4 226.234 6904.94 66162.4
0 556.263 2225.05 66467
1 673.715 673.715 66676.6
8 1664.23 7664.23 67697.9
6 2566.04 10264.2 68835.7
7 2481.28 3981.28 68580
9 1983.84 7935.36 67962.3
5 2015.71 8062.83 68317.1
4 2053.62 14214.5 68196
2 1787.65 7787.65 68185.8
3 2202.66 2202.66 68651.8
0 2201.06 2201.06 68695.2
1 2208.46 8833.85 68697.4
8 4055.1 16220.4 70416.1
9 5460.69 23342.8 72276.2
2 3611.21 20444.8 70238.7
4 3781.4 15125.6 70610.2
5 5468.74 21874.9 75302.3
7 3492.34 3492.34 70519.9
3 3601 5101 70620.1
0 3433.44 13733.7 70636.6
1 2753.57 4253.57 70229.7
6 2844.17 2844.17 71144.8
1 3658.82 5158.82 73006.6
2 2637.59 16550.4 72216.4
8 2596.46 2596.46 72612
7 4230.63 18422.5 74143.8
4 1852.02 7852.02 72594.4
3 1680.14 6720.57 72428.2
0 2051.53 8051.53 73158.4
6 3008.06 12032.3 73846.2
2 2937.28 11749.1 73970
9 5925.36 7425.36 77062.1
3 3107.02 13928.1 74390.1
4 3091.88 3091.88 74143.4
8 3710.89 3710.89 74979
1 4370.29 18981.2 75950.1
0 5155.23 20620.9 76694.4
6 4676.04 4676.04 76262.1
2 4197.48 22789.9 75910.7
4 3996.81 3996.81 75716.2
7 6274.81 25099.2 78218.9
3 4371.22 5871.22 76384
8 4973.17 25892.7 77193.4
5 5164.81 5164.81 77386.4
4 5450.8 5450.8 77693.4
2 5329.81 5329.81 77718.9
1 6275.93 26603.7 78449.1
6 6467.71 31870.8 79159.9
3 6252.65 26510.6 79161.2
0 5929.5 29718 78862.6
63
9 221.688 1721.69 66034.8
5 287.944 1151.77 66097.2
3 194.337 2277.35 66221.2
2 313.832 7255.33 66189.8
4 226.234 6904.94 66162.4
0 556.263 2225.05 66467
1 673.715 673.715 66676.6
8 1664.23 7664.23 67697.9
6 2566.04 10264.2 68835.7
7 2481.28 3981.28 68580
9 1983.84 7935.36 67962.3
5 2015.71 8062.83 68317.1
4 2053.62 14214.5 68196
2 1787.65 7787.65 68185.8
3 2202.66 2202.66 68651.8
0 2201.06 2201.06 68695.2
1 2208.46 8833.85 68697.4
8 4055.1 16220.4 70416.1
9 5460.69 23342.8 72276.2
2 3611.21 20444.8 70238.7
4 3781.4 15125.6 70610.2
5 5468.74 21874.9 75302.3
7 3492.34 3492.34 70519.9
3 3601 5101 70620.1
0 3433.44 13733.7 70636.6
1 2823.96 4323.96 70570.5
6 2839.32 11357.3 70838.7
2 4362.12 10362.1 72374.9
8 4207.25 10207.3 72230.4
7 5233.92 6733.92 74163.4
1 3705.73 16322.9 72311.9
4 3583.12 14332.5 72036
3 5185.56 6685.56 74263.7
0 3117.87 3117.87 72137.1
6 4136.55 22546.2 73332.1
4 6352.71 25410.8 76119.9
0 5626.81 5626.81 75648.5
8 4333.62 10333.6 74056.9
9 6862.36 6862.36 76773
1 4251.32 17005.3 74132.7
2 5437.67 5437.67 75861.8
6 4835.62 4835.62 75130.3
8 6300.32 31201.3 77012.4
1 5858.04 23432.1 76204.8
7 5730.25 7230.25 76316.6
3 7190.28 8690.28 77865.8
6 6387.87 6387.87 77169.4
5 6093.8 7593.8 77349.3
0 6769.28 6769.28 77955.3
2 9351.99 9351.99 80762.5
4 9604.37 9604.37 80908.9
1 6484.8 7984.8 78014.8
7 9528.62 38114.5 81277.3
9 7289.93 7289.93 78914.7
8 8150.24 8150.24 79924
6 7202.94 34811.8 79042.4
5 7300.81 7300.81 79346.8
3 7434.7 8934.7 79583.6
0 7986.34 7986.34 80734.4
1 7212.74 8712.74 79534.7
9 8245.51 9745.51 80842.1
6 8574.75 40299 81597.1
5 9074.62 10574.6 82128
59
9 365.259 2961.04 66126
5 284.347 1137.39 66085.2
3 153.228 153.228 66003.6
2 310.809 310.809 66352.5
4 274.662 274.662 66330.9
0 558.831 2235.33 66620.3
8 593.265 8373.06 67090.4
6 265.698 265.698 66605.1
1 649.338 2597.35 67163.2
7 2014.64 9558.54 68420
3 1331.05 5324.19 67802.5
5 1390.11 2890.11 68022.1
9 1425.7 7202.82 67975.5
4 3545.88 3545.88 69959
2 1372.74 11490.9 67987
6 3504.02 3504.02 70616.7
0 1452.82 11811.3 68403.5
8 4220.21 16880.8 71610.6
1 3604.18 5104.18 70689.6
3 2168.62 3668.62 69614.7
9 2023.6 3523.6 69507.7
2 2361.37 8361.37 69966
5 2314.73 10758.9 69977.1
0 2802.48 8802.48 70802
7 2639.54 4139.54 70487.7
9 3692.83 5192.83 71935.7
3 3556.19 14224.8 72050.6
4 3223.82 12895.3 71698.6
2 3478.71 13914.9 72053.1
5 2938.31 4438.31 71803.6
7 3790.29 3790.29 72683.4
6 3436.89 3436.89 72760.5
1 5110.5 6610.5 74380.9
0 5534.39 5534.39 74887.9
8 4430.55 23722.2 73677.9
4 6198.87 12198.9 75725.1
5 4715.02 18860.1 74223.9
9 4405.65 19122.6 74419.6
3 4623.14 6123.14 74786.5
2 3655.41 3655.41 74016.7
7 4526.4 19605.6 74682.4
6 4441.02 10441 75505.2
8 4288.76 4288.76 75739.2
2 4808.19 4808.19 76063.7
5 5876.25 7376.25 77062.2
1 5418.65 6918.65 76829.2
9 5954.77 7454.77 77259.3
7 5459.16 6959.16 76989.2
3 6041.65 24166.6 77790.4
0 7819.67 13819.7 79444.5
6 7403.83 7403.83 79177.6
4 5644.13 28576.5 77483.6
8 5999.96 12000 78046
2 5840.58 5840.58 77989.5
1 6907.47 8407.47 79655.6
7 6187.1 7687.1 78509
5 6256.55 7756.55 78853.2
9 6280.87 25123.5 79303.2
4 6670.25 6670.25 79723.6
73
9 303.073 303.073 66078.6
5 308.958 2735.83 66251.3
3 40.3279 1540.33 66173.7
6 396.645 396.645 66268.5
2 439.942 6439.94 66425.9
4 271.348 271.348 66483.7
0 704.735 6704.74 66720
8 711.322 711.322 66424.5
1 643.599 643.599 66702.4
7 2505.1 2505.1 68586.8
9 2055.94 8223.77 68201.4
3 2475.17 2475.17 68588
5 2197.72 3697.72 68406.1
6 3021.74 9021.74 69367.2
8 2185.41 2185.41 68585.9
2 2212.93 8212.93 68594
4 2105.2 8105.2 68340.7
1 2347.26 10889 68658.1
0 2175.7 8702.81 68548.8
9 3164.17 3164.17 69529
4 3806.63 3806.63 70400.6
5 3543.79 3543.79 70591.1
0 5278.11 5278.11 72363.2
8 6326.03 6326.03 73452.2
7 3385.46 15041.8 70622.2
3 3264.6 13058.4 70731.2
2 3182.28 12729.1 70565.2
1 3042.94 3042.94 70455.8
6 4994.24 4994.24 72470.4
9 3979.32 5479.32 72280
4 2781.96 2781.96 72190
1 4733.1 6233.1 74759.8
2 3215.14 9215.14 73436.7
5 2815.9 4315.9 72946.2
7 2602.28 4102.28 72731.7
3 2993.22 2993.22 73464.6
4 4296.77 10296.8 74497.8
9 4106.62 17926.5 74821.2
0 6585.11 32340.4 76975.7
6 5419.64 21678.6 76326.8
7 4226.45 5726.45 74996.9
5 5227.58 22410.3 76500.2
2 5618.8 11618.8 76553
8 4075.65 22302.6 75288
3 5601.57 23906.3 76766.6
4 5127.52 11127.5 76327.2
1 7549.64 7549.64 78752.8
9 6906.59 6906.59 78243.9
7 5479.7 6979.7 76748.2
8 6244.59 24978.4 77382.8
6 7071.46 28285.9 78632.1
4 8282.62 8282.62 79964.1
5 7395.5 31082 78802.4
2 6802.35 27209.4 78093.7
7 7628.5 32014 79084.3
3 7103.15 8603.15 78583.7
0 7230.84 28923.3 78778
8 7548.48 7548.48 79354.3
2 7969.27 31877.1 79942.5
9 8914.91 37159.6 81129.4
3 8932.27 10432.3 80836.6
6 10683.3 16683.3 82717.5
1 8464.16 8464.16 80261.5
0 8400.5 8400.5 80327
5 8878.3 10378.3 81083.8
7 8681.05 36224.2 80825.7
8 9416.3 37665.2 81926.3
2 9313.26 9313.26 81743.8
4 11309.3 45237.2 84323
1 9599.15 39896.6 81976.6
0 10524.7 10524.7 83133.4
7 10019.9 40079.5 83040.1
3 10613.6 12113.6 83375.5
59
9 303.073 303.073 66078.6
5 308.958 2735.83 66251.3
3 40.3279 1540.33 66173.7
6 396.645 396.645 66268.5
2 439.942 6439.94 66425.9
4 271.348 271.348 66483.7
0 704.735 6704.74 66720
8 711.322 711.322 66424.5
1 643.599 643.599 66702.4
7 2505.1 2505.1 68586.8
9 2055.94 8223.77 68201.4
3 2475.17 2475.17 68588
5 2197.72 3697.72 68406.1
6 3021.74 9021.74 69367.2
8 2185.41 2185.41 68585.9
2 2212.93 8212.93 68594
4 2105.2 8105.2 68340.7
1 2347.26 10889 68658.1
0 2175.7 8702.81 68548.8
9 3164.17 3164.17 69529
4 3806.63 3806.63 70400.6
5 3543.79 3543.79 70591.1
0 5278.11 5278.11 72363.2
8 6326.03 6326.03 73452.2
7 3385.46 15041.8 70622.2
3 3264.6 13058.4 70731.2
2 3182.28 12729.1 70565.2
1 3042.94 3042.94 70455.8
6 4994.24 4994.24 72470.4
9 3979.32 5479.32 72280
4 2724.14 16896.6 71919.7
1 4948.42 21293.7 74715.6
2 2529.55 2529.55 72551.3
5 3678.1 3678.1 73401.3
7 2766.19 2766.19 72676.8
3 2770.62 11082.5 72652
4 6097.49 6097.49 76521.6
9 4766.62 6266.62 75061.3
0 5401.63 27606.5 76113.7
6 3657.16 20628.6 74003.9
2 5814.74 5814.74 76401.1
3 3829.53 5329.53 74505
7 3934.37 5434.37 74715.9
5 4089.17 5589.17 75344.7
8 4263.75 4263.75 75449.7
6 4582.18 4582.18 75992.7
3 5513.19 7013.19 76817.7
1 7970.85 9470.85 79500.8
7 5467.03 21868.1 77215.8
9 5578.25 5578.25 77203
5 5919.08 7419.08 77692.8
8 5368.81 27475.2 77208.3
6 5944.26 11944.3 77990.3
0 6489.07 6489.07 78638
2 7616.6 7616.6 80364.7
4 8777.45 8777.45 81099.4
3 6012 7512 78608.6
9 6530.01 26120 79552.3
8 6394.94 6394.94 79448.3
80
9 303.073 303.073 66078.6
5 308.958 2735.83 66251.3
3 40.3279 1540.33 66173.7
6 396.645 396.645 66268.5
2 439.942 6439.94 66425.9
4 271.348 271.348 66483.7
0 704.735 6704.74 66720
8 711.322 711.322 66424.5
1 643.599 643.599 66702.4
7 2505.1 2505.1 68586.8
9 2055.94 8223.77 68201.4
3 2475.17 2475.17 68588
5 2197.72 3697.72 68406.1
6 3021.74 9021.74 69367.2
8 2185.41 2185.41 68585.9
2 2212.93 8212.93 68594
4 2105.2 8105.2 68340.7
1 2347.26 10889 68658.1
0 2175.7 8702.81 68548.8
9 3164.17 3164.17 69529
4 3806.63 3806.63 70400.6
5 3543.79 3543.79 70591.1
0 5278.11 5278.11 72363.2
8 6326.03 6326.03 73452.2
7 3385.46 15041.8 70622.2
3 3264.6 13058.4 70731.2
2 3182.28 12729.1 70565.2
1 3042.94 3042.94 70455.8
6 4515.53 18062.1 72033.4
9 3914.56 17158.2 71575.6
4 4231.04 16924.2 72155.3
1 4440.44 19261.7 72351.7
2 3906.69 9906.69 72360.6
5 5101.45 6601.45 73419.8
7 4828.56 19314.2 73576.4
3 4068.08 17772.3 72680
9 4633.43 18533.7 73653.3
6 3981.45 3981.45 73389.5
4 5933.89 5933.89 75960.6
1 4480.1 4480.1 74701.7
2 4483.57 4483.57 74613.9
0 6628.53 6628.53 76758
3 5011.65 5011.65 75483
6 5496.26 11496.3 75697.3
5 5512.09 23548.4 76226.7
8 5000.6 26002.4 75391.2
7 5971.74 25387 76878.9
9 5654.23 7154.23 76424.7
2 6895.25 27581 78167.8
1 6883.76 6883.76 77818
8 6119.8 30479.2 77332.2
3 7620 31980 78785.1
6 6327.01 12327 77526.7
4 8750.43 14750.4 79953.6
5 8312.07 8312.07 79649.4
9 6907.49 8407.49 78176
0 7714.54 30858.2 78852.7
7 7623.56 31994.2 79184.2
8 8750.75 8750.75 80432.3
6 7941.56 31766.2 79348.4
1 8067.31 33769.2 79358.6
2 9048.14 36192.5 80504
9 8978.36 10478.4 80458.9
3 9040.23 37660.9 80587.4
0 9018.43 9018.43 80824.2
7 11304.7 46719 83278
6 9918.11 39672.5 82132.6
1 9707.26 11207.3 81611.6
5 9603.56 9603.56 81637.7
4 9664.95 15664.9 81462.3
8 12333.9 12333.9 84260.4
9 10534.8 12034.8 82740.3
2 10100.7 40402.8 82245.3
3 10204.9 42319.5 82714.8
0 10195 10195 82625.5
4 11072.7 44290.6 84086.3
1 11608.8 47935.4 83986.3
5 11525 13025 84133.7
6 12359.5 55437.9 85379.7
2 11572.4 11572.4 84334.3
71
9 221.688 1721.69 66034.8
5 287.944 1151.77 66097.2
3 194.337 2277.35 66221.2
2 313.832 7255.33 66189.8
4 226.234 6904.94 66162.4
0 556.263 2225.05 66467
1 673.715 673.715 66676.6
8 1664.23 7664.23 67697.9
6 2566.04 10264.2 68835.7
7 2481.28 3981.28 68580
9 1983.84 7935.36 67962.3
5 2015.71 8062.83 68317.1
4 2053.62 14214.5 68196
2 1787.65 7787.65 68185.8
3 2202.66 2202.66 68651.8
0 2201.06 2201.06 68695.2
1 2208.46 8833.85 68697.4
8 4055.1 16220.4 70416.1
9 5460.69 23342.8 72276.2
2 3611.21 20444.8 70238.7
4 3781.4 15125.6 70610.2
5 5468.74 21874.9 75302.3
7 3492.34 3492.34 70519.9
3 3601 5101 70620.1
0 3433.44 13733.7 70636.6
1 2745.57 4245.57 70229.7
6 2884.36 8884.36 70489
1 4112.06 17948.2 71774.4
2 4280.21 10280.2 72279.8
8 4096.34 4096.34 71944.5
6 4272.55 4272.55 72515.4
7 4461.3 17845.2 72955.7
4 5818.23 23272.9 74293.1
3 3594.44 15877.7 72168.8
0 5099.42 5099.42 73964.7
1 5076.94 5076.94 73970
8 4866.01 4866.01 74189.7
3 4650.85 6150.85 73921.2
9 6693.13 8193.13 76101.2
2 6274.09 6274.09 76300.8
6 4612.35 10612.3 74833.9
7 5180.57 6680.57 75310.9
3 5668.69 7168.69 75798.1
0 6296.31 12296.3 76767.7
1 6566.75 6566.75 76767.8
8 5871.79 23487.2 76586.4
4 7744.9 36979.6 78135.5
6 6565.15 26260.6 77472.3
5 6459.9 7959.9 77230.4
7 7592.24 31869 78864.8
3 6949.12 6949.12 77883.3
9 7126.66 30006.6 78159.4
2 9185.01 9185.01 80321.8
8 8743.69 34974.8 80026.8
0 8835.49 8835.49 79887
1 7265.1 8765.1 78533.2
5 7859.23 32936.9 79439.1
6 10141.6 40566.5 81680.8
3 8107.5 9607.5 79693.6
4 8218.74 38875 79932
9 8398.08 9898.08 80117.5
1 8999.96 35999.9 80944.1
7 9163.61 10663.6 81176.4
5 9927.05 39708.2 82147.2
3 9597.21 9597.21 81818.8
0 9621.54 9621.54 81864.1
4 9351.08 9351.08 81740.1
8 9193.89 36775.6 81367
9 10748.5 42994.1 83440.7
2 10190.4 40761.5 83099
1 10179.2 40716.7 83112.3
63
9 303.073 303.073 66078.6
5 308.958 2735.83 66251.3
3 40.3279 1540.33 66173.7
6 396.645 396.645 66268.5
2 439.942 6439.94 66425.9
4 271.348 271.348 66483.7
0 704.735 6704.74 66720
8 711.322 711.322 66424.5
1 643.599 643.599 66702.4
7 2505.1 2505.1 68586.8
9 2055.94 8223.77 68201.4
3 2475.17 2475.17 68588
5 2197.72 3697.72 68406.1
6 3021.74 9021.74 69367.2
8 2185.41 2185.41 68585.9
2 2212.93 8212.93 68594
4 2105.2 8105.2 68340.7
1 2347.26 10889 68658.1
0 2175.7 8702.81 68548.8
9 3164.17 3164.17 69529
4 3806.63 3806.63 70400.6
5 3543.79 3543.79 70591.1
0 5278.11 5278.11 72363.2
8 6326.03 6326.03 73452.2
7 3385.46 15041.8 70622.2
3 3264.6 13058.4 70731.2
2 3182.28 12729.1 70565.2
1 3042.94 3042.94 70455.8
6 4515.53 18062.1 72033.4
9 3914.56 17158.2 71575.6
4 4231.04 16924.2 72155.3
1 4440.44 19261.7 72351.7
2 3906.69 9906.69 72360.6
5 5101.45 6601.45 73419.8
7 4828.56 19314.2 73576.4
3 4068.08 17772.3 72680
9 4633.43 18533.7 73653.3
6 4926.89 4926.89 74274.7
4 4704.88 24819.5 74283.7
1 4193.49 5693.49 74209
2 5545.03 22180.1 75458.2
0 6407.69 12407.7 77150.1
3 3740.08 14960.3 74488.2
5 5090.98 5090.98 76197.9
8 4978.39 19913.6 75816.6
7 5191.66 6691.66 76349.9
9 5375.79 6875.79 77152.5
1 5016.89 6516.89 76540.8
6 6237.61 24950.4 77422.9
4 4531.4 18125.6 76119.1
3 4494.19 17976.7 76455.8
2 7788.11 31152.4 79267.7
8 6552.45 26209.8 78276.7
4 6122.15 6122.15 77973.2
5 6794.35 6794.35 78654.7
7 5849.73 7349.73 78355.8
3 6175 24700 78904.2
1 6265.25 7765.25 78934.1
0 6767.26 33069 79372.3
9 8610.39 8610.39 81158.1
6 6602.05 6602.05 79253.2
4 9219.89 42879.6 82301.9
8 7370.93 7370.93 80173.2
67
9 303.073 303.073 66078.6
5 308.958 2735.83 66251.3
3 40.3279 1540.33 66173.7
6 396.645 396.645 66268.5
2 439.942 6439.94 66425.9
4 271.348 271.348 66483.7
0 704.735 6704.74 66720
8 711.322 711.322 66424.5
1 643.599 643.599 66702.4
7 2505.1 2505.1 68586.8
9 2055.94 8223.77 68201.4
3 2475.17 2475.17 68588
5 2197.72 3697.72 68406.1
6 3021.74 9021.74 69367.2
8 2185.41 2185.41 68585.9
2 2212.93 8212.93 68594
4 2105.2 8105.2 68340.7
1 2347.26 10889 68658.1
0 2175.7 8702.81 68548.8
9 3164.17 3164.17 69529
4 3806.63 3806.63 70400.6
5 3543.79 3543.79 70591.1
0 5278.11 5278.11 72363.2
8 6326.03 6326.03 73452.2
7 3385.46 15041.8 70622.2
3 3264.6 13058.4 70731.2
2 3182.28 12729.1 70565.2
1 3042.94 3042.94 70455.8
6 4515.53 18062.1 72033.4
9 3914.56 17158.2 71575.6
4 4231.04 16924.2 72155.3
1 4440.44 19261.7 72351.7
2 3906.69 9906.69 72360.6
5 5101.45 6601.45 73419.8
7 4828.56 19314.2 73576.4
3 4068.08 17772.3 72680
9 4633.43 18533.7 73653.3
6 4470.18 10470.2 74059.5
4 4931.67 19726.7 75131.8
1 4993.56 21474.2 74450.3
2 4333.8 4333.8 74604.4
0 7221.34 34885.4 77149.1
3 5142.68 20570.7 75261.4
5 4779.97 6279.97 74926.2
8 4703.42 24813.7 75445.1
7 4854.93 19419.7 75661.1
9 4706.38 20325.5 76021
6 5119.65 5119.65 76675.2
1 5207.55 22330.2 76274.8
2 6743.34 6743.34 77901.6
5 7021.99 8521.99 78798.7
4 5939.63 5939.63 77463.5
3 6822.34 28789.4 78007.6
8 5692.86 22771.4 77280.6
7 6200.76 24803.1 78162.4
9 7641.28 32065.1 79120.9
1 6532.63 27630.5 78256.9
6 8182.45 8182.45 80033.5
0 7112.83 13112.8 78973.2
8 6780.4 6780.4 79286.5
4 7697.77 36791.1 80426.9
2 7267.06 7267.06 79935.9
3 7624.82 30499.3 80229.9
7 7918.82 7918.82 80466.5
1 7902.11 9402.11 80553.3
5 7858.87 31435.5 80940.8
0 8067.42 8067.42 80869.7
65
9 303.073 303.073 66078.6
5 308.958 2735.83 66251.3
3 40.3279 1540.33 66173.7
6 396.645 396.645 66268.5
2 439.942 6439.94 66425.9
4 271.348 271.348 66483.7
0 704.735 6704.74 66720
8 711.322 711.322 66424.5
1 643.599 643.599 66702.4
7 2505.1 2505.1 68586.8
9 2055.94 8223.77 68201.4
3 2475.17 2475.17 68588
5 2197.72 3697.72 68406.1
6 3021.74 9021.74 69367.2
8 2185.41 2185.41 68585.9
2 2212.93 8212.93 68594
4 2105.2 8105.2 68340.7
1 2347.26 10889 68658.1
0 2175.7 8702.81 68548.8
9 3164.17 3164.17 69529
4 3806.63 3806.63 70400.6
5 3543.79 3543.79 70591.1
0 5278.11 5278.11 72363.2
8 6326.03 6326.03 73452.2
7 3385.46 15041.8 70622.2
3 3264.6 13058.4 70731.2
2 3182.28 12729.1 70565.2
1 3042.94 3042.94 70455.8
6 4473.18 10473.2 72168.7
9 4099.48 5599.48 71690.8
4 4180.88 4180.88 71937.2
1 4172.68 5672.68 71999.6
2 5454.86 5454.86 74070.8
5 4448.11 5948.11 73335.1
7 3980.58 5480.58 72618.1
3 3787.07 5287.07 72685
9 5750.83 24503.3 74680.1
4 4994.69 10994.7 74157.1
1 6417.74 27170.9 75543
6 5062.14 5062.14 74409.9
0 7426.6 35706.4 77005.4
7 4798.46 6298.46 74814
3 5869.4 24977.6 75782.6
5 5423.35 5423.35 76165.7
8 4682.34 24729.4 75430.4
2 6242.66 12242.7 77349.5
4 5286.09 21144.4 76124.3
6 6548.89 6548.89 77707.2
9 6462.21 7962.21 78238.9
7 5621.86 7121.86 77145.7
8 5821.7 23286.8 77007
1 7998.6 33494.4 79586.3
3 8062.23 32248.9 80023.9
4 6802.92 27211.7 78282.5
5 6423.52 27194.1 78147.8
0 7008.39 7008.39 78859.4
8 6970.72 12970.7 78831.1
7 7624.41 9124.41 80130.5
2 8093.09 38372.4 80822.2
6 7072.62 7072.62 79741.4
5 7518.77 30075.1 80123.8
9 9696.81 9696.81 82244.5
4 7461.66 7461.66 80112.8
8 9550.73 44202.9 82632.7
0 8278.17 8278.17 81080.4
84
9 303.073 303.073 66078.6
5 308.958 2735.83 66251.3
3 40.3279 1540.33 66173.7
6 396.645 396.645 66268.5
2 439.942 6439.94 66425.9
4 271.348 271.348 66483.7
0 704.735 6704.74 66720
8 711.322 711.322 66424.5
1 643.599 643.599 66702.4
7 2505.1 2505.1 68586.8
9 2055.94 8223.77 68201.4
3 2475.17 2475.17 68588
5 2197.72 3697.72 68406.1
6 3021.74 9021.74 69367.2
8 2185.41 2185.41 68585.9
2 2212.93 8212.93 68594
4 2105.2 8105.2 68340.7
1 2347.26 10889 68658.1
0 2175.7 8702.81 68548.8
9 3164.17 3164.17 69529
4 3806.63 3806.63 70400.6
5 3543.79 3543.79 70591.1
0 5278.11 5278.11 72363.2
8 6326.03 6326.03 73452.2
7 3385.46 15041.8 70622.2
3 3264.6 13058.4 70731.2
2 3182.28 12729.1 70565.2
1 3042.94 3042.94 70455.8
6 4986.24 4986.24 72470.4
9 3903.35 3903.35 71508
4 4282.91 17131.6 71945.3
1 4397.29 4397.29 72396.8
2 4245.38 4245.38 72093.6
5 4321.92 5821.92 72564.8
7 4315.59 17262.4 72810
3 5939.22 25256.9 74414
9 5020.69 21582.8 73595.1
4 4906.49 4906.49 73771.7
2 5396.12 11396.1 74289.2
0 7556.81 7556.81 76880.5
1 5131.7 6631.7 74402.1
6 4793.96 25175.9 73989.5
5 6075.42 25801.7 75842.6
7 5983.21 7483.21 76004.9
8 5692.99 11693 75416.2
9 5426.98 5426.98 75337.6
4 5653.39 28613.6 75534.8
6 8167.32 8167.32 78591.4
2 6299.6 6299.6 76594.3
1 6135.11 24540.4 76847.1
3 7887.05 31548.2 78233.8
9 8601.07 10101.1 79187.4
8 6492.02 6492.02 77167.5
4 6792.39 6792.39 77574
5 9032.64 36130.6 80245
7 7115.69 29962.7 78280.7
2 7710.68 13710.7 78910.4
1 8965.23 8965.23 80168.4
0 8469.82 14469.8 79807.2
8 7751.99 7751.99 79020.5
4 8530.51 34122 79668.7
3 10176.8 42207.2 81737.5
7 10236.2 11736.2 81917.7
6 11955.9 47823.5 83362.7
2 9159.7 36638.8 80451
8 9900.79 39603.2 81356.6
9 12452.2 13952.2 83932.7
4 9923.84 39695.4 81471
0 9917.53 9917.53 81723.3
1 10044 41675.9 82017.2
5 10310.4 42741.4 82524.9
2 10799.7 10799.7 82704
8 11329 17329 83363.2
4 11182.4 17182.4 82979.7
0 11884 11884 83810.5
3 13027.5 14527.5 85233
7 13381.2 55024.6 85525.8
1 12079.3 49817 84589.2
5 12661.9 14161.9 85092.5
2 12535.6 50142.5 85549.3
4 12317.3 49269.4 84694.8
6 13560.5 13560.5 86169.2
8 12457.9 55831.7 85478.1
0 12598.3 12598.3 85360.2
66
9 221.688 1721.69 66034.8
5 287.944 1151.77 66097.2
3 194.337 2277.35 66221.2
2 313.832 7255.33 66189.8
4 226.234 6904.94 66162.4
0 556.263 2225.05 66467
1 673.715 673.715 66676.6
8 1664.23 7664.23 67697.9
6 2566.04 10264.2 68835.7
7 2481.28 3981.28 68580
9 1983.84 7935.36 67962.3
5 2015.71 8062.83 68317.1
4 2053.62 14214.5 68196
2 1787.65 7787.65 68185.8
3 2202.66 2202.66 68651.8
0 2201.06 2201.06 68695.2
1 2208.46 8833.85 68697.4
8 4055.1 16220.4 70416.1
9 5460.69 23342.8 72276.2
2 3611.21 20444.8 70238.7
4 3781.4 15125.6 70610.2
5 5468.74 21874.9 75302.3
7 3492.34 3492.34 70519.9
3 3601 5101 70620.1
0 3433.44 13733.7 70636.6
1 2753.57 4253.57 70229.7
6 2844.17 2844.17 71144.8
1 2611.11 4111.11 72019.1
2 4233 4233 74259.7
8 3066.1 9066.1 73287.7
7 3183.54 4683.54 73313.9
4 2590.36 2590.36 72719.8
3 2951.71 2951.71 73423.1
0 3773.81 9773.81 73974.9
6 2971.47 11885.9 73686.1
1 3730.01 14920 74120.6
9 4140.62 18062.5 75047.8
4 4214.52 4214.52 74985
8 5569.03 22276.1 76841.6
7 5495.95 5495.95 76430.2
3 5213.75 6713.75 76174.3
6 5698.5 11698.5 77021.6
0 4465.87 10465.9 75801
1 4496.47 5996.47 75873.4
2 6763.17 6763.17 78280.7
4 5025.88 20103.5 76957.3
9 7303.33 8803.33 79484.9
5 5670.13 22680.5 77297.2
0 5973.55 23894.2 77695.2
1 6303.75 25215 78428.1
3 6204.22 6204.22 78170.1
7 6437.55 27250.2 78421.7
8 7165.78 28663.1 79288.5
4 7142.18 13142.2 79275.5
6 6947.74 27791 79731.7
5 7734.89 30939.5 80102.4
0 7360.47 7360.47 79791
3 7752.85 31011.4 80185.6
2 7828.09 7828.09 80481.9
7 7943.11 33272.4 80686.8
1 8800.07 36700.3 81409
4 8551.25 40205 81156
8 9072.49 42290 81870.3
9 9552.85 9552.85 82419.3
6 9634.36 15634.4 82499.2
0 9702.44 38809.8 82574.9
66
9 365.259 2961.04 66126
5 284.347 1137.39 66085.2
3 153.228 153.228 66003.6
2 310.809 310.809 66352.5
4 274.662 274.662 66330.9
0 558.831 2235.33 66620.3
8 593.265 8373.06 67090.4
6 265.698 265.698 66605.1
1 649.338 2597.35 67163.2
7 2014.64 9558.54 68420
3 1331.05 5324.19 67802.5
5 1390.11 2890.11 68022.1
9 1425.7 7202.82 67975.5
4 3545.88 3545.88 69959
2 1372.74 11490.9 67987
6 3504.02 3504.02 70616.7
0 1452.82 11811.3 68403.5
8 4220.21 16880.8 71610.6
1 3604.18 5104.18 70689.6
3 2168.62 3668.62 69614.7
9 2023.6 3523.6 69507.7
2 2361.37 8361.37 69966
5 2314.73 10758.9 69977.1
0 2802.48 8802.48 70802
7 2639.54 4139.54 70487.7
9 3692.83 5192.83 71935.7
3 3556.19 14224.8 72050.6
4 3223.82 12895.3 71698.6
2 3478.71 13914.9 72053.1
5 2938.31 4438.31 71803.6
7 3790.29 3790.29 72683.4
6 3436.89 3436.89 72760.5
1 5110.5 6610.5 74380.9
0 3556.24 20225 72751.8
8 5567.2 22268.8 75334.4
4 5919.43 5919.43 75941.1
5 3906.79 3906.79 73630
9 4695.08 4695.08 74605.7
3 4650.86 18603.4 74532.3
2 6230.87 6230.87 76655
7 4693.76 6193.76 74988.4
0 4995.27 25981.1 75707.3
6 4911.22 25644.9 75258
5 7421.38 8921.38 78007.7
1 5558.36 7058.36 76233.8
3 5789.86 7289.86 76571.4
9 5631.2 24024.8 76664
7 6174.19 7674.19 77310.9
6 5936.79 23747.2 77219.9
8 8881.13 8881.13 79932.6
0 7318.51 7318.51 78586.6
4 6425.83 25703.3 78005.7
1 7204.61 30318.5 78743.8
3 7001.53 8501.53 78587.6
2 9679.85 44719.4 81393.1
9 6902.62 8402.62 78622.1
6 7260 35040 79204.1
7 7117.75 8617.75 79130.6
4 8493.65 39974.6 80713.8
5 10417.2 10417.2 82638.9
0 8786.52 8786.52 81029.1
3 8506.41 10006.4 80895.5
9 8226.11 34404.4 80399.2
1 9022.61 36090.5 81714.8
7 8999.17 37496.7 81907.8
6 8439.22 39756.9 81372.3
