57
3 162.574 162.574 65884.6
0 532.056 2128.22 66366.6
4 856.912 3427.65 66625.7
5 298.417 1193.67 66129.1
1 609.238 609.238 66666.3
2 310.809 310.809 66491.5
3 1486.02 1486.02 67433.4
5 1853.34 7413.34 68253.2
2 2156.08 2156.08 68542.7
0 2713.1 2713.1 69165.1
1 1957.08 1957.08 68465.8
3 2725.33 10901.3 69241.3
4 2761.8 11047.2 69553.2
5 3535.96 3535.96 70242.7
2 4414.75 17659 71323.1
1 4795.74 4795.74 71301
3 5824.57 5824.57 72757.4
1 6763.65 6763.65 73478.8
4 4338.07 4338.07 71849
0 3617.61 14470.4 70982.1
5 4538.09 19652.4 72056
0 5064.14 20256.6 72725.1
2 6471.69 25886.8 74395.9
5 5649.25 24097 73560.5
5 7342.42 7342.42 75796.3
0 6708.01 6708.01 75026.3
4 6382.47 31529.9 75130.3
2 7894.7 31578.8 76506.6
3 7491 29964 76510.9
4 7737.81 7737.81 77085.6
1 7771.83 31087.3 77350.6
0 7206.66 7206.66 77222.2
5 8980.76 37423 78893.9
1 8444.97 8444.97 79187.3
3 8555.79 34223.1 79303.9
1 10858.5 10858.5 81965.4
2 7590.7 30362.8 78428.9
0 8790.67 35162.7 79823.4
4 9297.06 9297.06 80433.8
2 9795.28 39181.1 81078.4
0 10699.5 10699.5 81751
4 10931.1 10931.1 82199.2
3 9932.74 41231 81512.6
2 11695.5 46782.2 83234.7
0 11975.1 11975.1 83561.2
5 11153.3 44613.3 82866.6
4 12592.6 12592.6 84312.1
3 12504.3 50017.1 84448.4
2 13215.9 13215.9 85228.7
5 12453.2 49813 84673.4
1 12902.1 12902.1 85123.8
0 13761.2 13761.2 86003.8
4 13731.1 13731.1 86120.2
3 13615.5 55962.2 85788.7
5 14879 59516.1 87571.2
1 14451.1 59304.6 87359.7
3 15023.8 60095 87956.8
59
2 289.286 1157.14 66050
3 128.83 515.322 65929.7
5 305.807 305.807 66156.2
4 228.495 228.495 66270.2
0 562.309 562.309 66618.5
1 603.435 3913.74 66664.9
3 3927.15 15708.6 70424.3
4 3647.05 3647.05 69986.4
5 1662.7 6650.79 68176.5
2 1553.69 6214.77 67959.1
1 1992.37 7969.47 68463.8
0 1923.45 1923.45 68555.4
2 3731.85 14927.4 70281.6
4 5015.54 5015.54 71428.6
5 3196.77 12787.1 69811
0 3706.63 3706.63 70819.3
1 3296.32 13185.3 70247
2 4672.39 18689.5 72062.8
4 5740.06 5740.06 72825.5
0 5664.14 5664.14 73110.3
5 4065.94 5565.94 71812.5
1 4250.65 18502.6 72250
5 6389.54 6389.54 74402.3
1 7011.87 7011.87 75035
2 6293.83 6293.83 75223.3
0 6245.5 24982 74851.7
3 6160.08 26140.3 74613
4 5891.59 5891.59 74969.7
4 8122.76 8122.76 77142
5 6729.64 6729.64 76319
0 7628.04 30512.2 77828.1
3 7115.59 29962.4 76572.3
2 8562.23 8562.23 78832.8
1 6956.74 27827 76884.5
5 8239.66 32958.6 78358.4
3 7932.5 9432.5 78078.7
1 7950.19 31800.8 78691.9
3 9158.13 36632.5 79964.3
4 8256.58 33026.3 79571.2
0 8934.7 8934.7 80490.2
1 9449.15 39296.6 80516.4
2 10971.8 10971.8 82130
5 9275.39 10775.4 81052.1
4 11108.4 11108.4 82632.3
3 10895.7 45082.7 82081
1 10764.2 44556.6 82351.9
3 12087 48347.9 84048.6
0 12110.5 48442.1 83590.1
2 12387.8 49551.4 84112.1
0 13593.1 13593.1 85444.1
1 12315.6 12315.6 84176
4 13110.9 13110.9 85617
5 12471.8 49887.1 85200.9
2 13588.9 13588.9 86257.7
3 13419.6 53678.5 86024.7
1 13932.4 13932.4 86480.1
0 14623.3 14623.3 87274.5
5 15920.6 63682.3 89002.5
4 15294.3 15294.3 88096.6
69
2 290.669 290.669 66064.8
4 238.928 238.928 66198
3 184.024 184.024 66222.7
5 225.508 225.508 66300
1 508.746 508.746 66418.1
3 2168.77 2168.77 68239.5
1 2168.49 2168.49 68232.9
0 542.908 2171.63 66687
5 2083.88 2083.88 68387.8
2 1549.6 1549.6 67632.4
4 1820.37 1820.37 68200.7
0 2412.2 9648.8 69062
1 3484.69 3484.69 69778.5
2 3095.17 3095.17 69633.5
3 4071.71 16286.9 70556.2
5 4316.26 4316.26 71604.7
4 5324.37 5324.37 72380.7
0 4693.28 18773.1 71824.6
1 4751.27 4751.27 71841.2
2 4550.53 24202.1 71575
2 6298.25 6298.25 73405.5
3 5092.24 6592.24 72342.2
1 6755.17 6755.17 74289.1
2 7453.63 7453.63 74937.8
5 6113.67 6113.67 73718.3
3 7205.39 30321.6 74867.7
5 8117.24 8117.24 76116.8
0 7786.14 7786.14 75634.3
4 8020.04 8020.04 76262.9
1 7982.51 31930 76476.9
2 10245.3 40981.1 78720.1
3 7842.11 32868.4 76416.5
0 8595.58 8595.58 77460.8
5 9646.23 9646.23 78539.3
4 9901.25 9901.25 79224.9
0 9942.86 9942.86 79213.2
3 8740.06 34960.2 77935.6
1 9987.6 41450.4 79754.8
3 9900.01 11400 79921.7
5 11620.7 11620.7 81344
3 11992.3 11992.3 81903
0 11152.7 50610.6 81034.1
2 10788 10788 81212.1
4 11235.3 11235.3 81530
1 12793.2 51173 83505.3
5 12530.7 50122.9 82877.5
2 12564.5 12564.5 83150.8
0 12211.6 12211.6 82887.1
4 12787.6 12787.6 83569.1
3 12928.5 53213.8 83961.2
0 14072.8 14072.8 85209.5
5 13556.3 55725.2 84839.4
4 14604.8 14604.8 85656.3
0 15706.8 15706.8 86974.9
1 14868.9 60975.8 86448.8
3 14578.4 59813.6 86117.6
4 15880.4 15880.4 87466.5
5 15066.8 60267.2 86780.1
2 16057 16057 87776.4
3 16157.7 64630.9 88101.9
0 17273.7 17273.7 89286.5
5 16366.7 65466.9 88586.9
1 16842.9 16842.9 89064.5
2 17511 17511 89753.6
4 17385.3 17385.3 89774.4
3 17269 70576 89442.1
5 18792.5 75169.9 91484.6
1 18391.9 75067.6 91300.5
3 18677.2 74708.8 91610.3
69
3 141.2 141.2 65916.7
4 291.339 1165.36 66233.7
2 153.595 153.595 66287
0 2065.2 2065.2 67937.1
5 286.783 286.783 66272.7
1 479.943 1979.94 66692.3
3 2028.11 2028.11 68043.4
0 3714.28 3714.28 69427.5
5 2299.47 2299.47 68358.2
1 3057.42 3057.42 69139.1
4 2225.16 14900.6 68370.6
3 3996.22 3996.22 70109
2 2588.65 2588.65 68797
5 4747.93 4747.93 71093.4
0 5188.37 5188.37 71588.9
1 4926.18 4926.18 71307.3
3 5890.87 5890.87 72126.4
4 4015.48 16061.9 70326.3
2 4252.71 17010.9 70625.8
1 6270.05 6270.05 72634.8
4 5252.28 5252.28 71846.2
5 6713.93 6713.93 73761.2
0 6525.99 6525.99 73611.1
2 5913.58 5913.58 73039.8
4 6548.47 26193.9 73785.2
3 7223.31 28893.2 74689.9
1 7223.11 30392.4 74606
1 8990.83 8990.83 76403.6
2 7335.2 29340.8 74853.1
4 8170.75 32683 75831.7
2 8977.35 35909.4 76901.6
5 7915.52 33162.1 75826.8
3 8383.15 8383.15 76837.1
4 9814.62 9814.62 78132.9
5 9621.75 38487 78369.6
0 9621.29 38485.2 78233.2
1 9585.02 38340.1 78604.9
3 9273.8 9273.8 78863.1
2 9677.98 38711.9 79878.1
4 10233.7 40934.6 79690.4
0 10735.2 10735.2 81005.8
5 11268.8 45075.1 81196.5
3 10783.8 43135.3 80902.5
4 11050.6 11050.6 81196.8
1 10658.6 42634.3 81400.3
3 12190.5 48761.8 82996.6
2 10931.2 43724.6 82245.8
0 12351.3 12351.3 83906.9
4 11954 47816.1 83021.3
5 11917.4 49169.7 82950.2
1 12113 13613 83249.8
4 13700.1 54800.4 84983.2
2 14313.6 14313.6 85365.1
3 13576.7 15076.7 84844.8
1 13878.6 57014.5 85458.5
5 13567.4 55769.5 85106.6
4 15354.9 15354.9 86941
5 15334 61336 87047.3
2 15218.5 15218.5 86938
3 15311.6 61246.3 87255.7
0 15234.8 15234.8 87247.6
1 15946.5 63785.8 88166.6
5 16594.6 16594.6 88816.2
2 16672.5 16672.5 88915.1
0 16666.7 16666.7 89055.8
4 16707.1 66828.4 88880.2
3 17534.5 70138.1 90226.7
1 17494 71476.2 90402.6
5 18410.9 73643.8 91344
61
2 290.669 290.669 66064.8
4 238.928 238.928 66198
3 184.024 184.024 66222.7
5 225.508 225.508 66300
1 508.746 508.746 66418.1
3 2168.77 2168.77 68239.5
1 2168.49 2168.49 68232.9
0 542.908 2171.63 66687
5 2083.88 2083.88 68387.8
2 1549.6 1549.6 67632.4
4 1820.37 1820.37 68200.7
0 2412.2 9648.8 69062
1 3484.69 3484.69 69778.5
2 3095.17 3095.17 69633.5
3 4071.71 16286.9 70556.2
5 4316.26 4316.26 71604.7
4 5324.37 5324.37 72380.7
0 4693.28 18773.1 71824.6
1 4751.27 4751.27 71841.2
2 4550.53 24202.1 71575
2 6298.25 6298.25 73405.5
3 5092.24 6592.24 72342.2
1 6755.17 6755.17 74289.1
5 6353.72 26914.9 73871.6
3 7037.52 29650.1 74698.5
2 7235.95 28943.8 75160.2
0 7021.19 28084.8 74932.5
5 7653.52 7653.52 76107.4
4 8839.83 8839.83 77158.2
3 8493.49 33973.9 77241.3
1 7625.94 32003.8 76237.9
5 9165.29 36661.2 78185.1
1 8561.43 34245.7 77757
0 8889.02 35556.1 78656.2
2 7631.92 7631.92 77653.6
1 9860.24 9860.24 79583.5
3 9790.78 9790.78 79701.4
4 9039.82 42159.3 78921.2
0 10558.3 10558.3 80982.4
2 9120.31 9120.31 79415
5 10033.9 40135.6 80745.9
1 10770.2 43081 81117
4 12184.7 12184.7 82771.1
2 10592.5 10592.5 81268
3 10959 12459 81740.5
2 12415 12415 83670.5
1 11741 13241 82927
3 12778.3 14278.3 84188.9
5 12783.5 14283.5 84088
2 14138 14138 85668
1 13202.4 52809.5 84951.1
5 14258.2 14258.2 85883
0 13649.7 13649.7 85423.4
3 14301.5 57205.9 86141
1 14902.6 14902.6 86948.6
4 14549.7 14549.7 86698.7
0 14928.2 14928.2 87676.3
2 14865.9 14865.9 87187.9
4 16023.3 16023.3 88619.9
5 15209.9 60839.8 88232.3
3 15327.6 16827.6 88381
70
2 289.286 1157.14 66050
3 128.83 515.322 65929.7
5 305.807 305.807 66156.2
4 228.495 228.495 66270.2
0 562.309 562.309 66618.5
1 603.435 3913.74 66664.9
3 3927.15 15708.6 70424.3
4 3647.05 3647.05 69986.4
5 1662.7 6650.79 68176.5
2 1553.69 6214.77 67959.1
1 1992.37 7969.47 68463.8
0 1923.45 1923.45 68555.4
2 3731.85 14927.4 70281.6
4 5015.54 5015.54 71428.6
5 3196.77 12787.1 69811
0 3706.63 3706.63 70819.3
1 3296.32 13185.3 70247
2 4672.39 18689.5 72062.8
4 5740.06 5740.06 72825.5
0 5664.14 5664.14 73110.3
5 4356.81 4356.81 72052.3
1 4836.12 6336.12 72427.4
2 6383.45 6383.45 74139.8
0 6827.18 6827.18 74654.1
3 5129.45 6629.45 73745.4
5 5654.94 7154.94 74542
2 7319.32 7319.32 75956.9
0 7686.58 7686.58 76584.5
1 6487.47 27449.9 75416.7
3 8135.59 8135.59 77298
4 5614.73 22458.9 74740
2 8338.28 8338.28 77746.3
4 7184.66 7184.66 77211.4
5 6638.93 6638.93 76860.5
0 8707.45 8707.45 78837.8
1 7396.87 8896.87 77526.3
5 8863.87 8863.87 79335.2
1 9633.12 9633.12 79834.2
2 9303.21 37212.8 80017.8
3 9460.7 37842.8 79851.3
4 8526.52 34106.1 79433.7
0 11358 11358 82128.4
1 10625.9 44003.7 81898.5
3 10461.5 10461.5 81395.7
2 11808.5 11808.5 82769.1
5 11347.6 11347.6 82670.7
3 11886.7 11886.7 83221.8
4 11363.6 11363.6 82740.6
0 12428 12428 83945.6
1 12448 51291.9 84379.4
4 13402.2 13402.2 85583.8
5 12853.8 51415.2 84480.9
2 12941.7 51766.6 84663.3
3 13446.8 53787.2 85571.1
5 14516.5 14516.5 86482.4
0 13952.9 55811.8 85937.1
2 14987.5 59950 87110.2
1 14564.3 14564.3 86697.6
4 15929.7 63718.9 88713.7
3 15469.3 61877.2 87836.8
0 16111.5 16111.5 88542
5 16065.1 64260.4 88497.8
2 16973.1 16973.1 89627
1 15832.6 64830.5 88576.3
3 17219.7 70378.7 89828.6
1 17593.1 70372.2 90197.8
5 18281.9 73127.5 91079.7
1 19744.5 19744.5 92610.9
3 20929.2 20929.2 93794.1
0 18453.4 73813.7 91325.9
60
3 141.2 141.2 65916.7
4 291.339 1165.36 66233.7
2 153.595 153.595 66287
0 2065.2 2065.2 67937.1
5 286.783 286.783 66272.7
1 479.943 1979.94 66692.3
3 2028.11 2028.11 68043.4
0 3714.28 3714.28 69427.5
5 2299.47 2299.47 68358.2
1 3057.42 3057.42 69139.1
4 2225.16 14900.6 68370.6
3 3996.22 3996.22 70109
2 2588.65 2588.65 68797
5 4747.93 4747.93 71093.4
0 5188.37 5188.37 71588.9
1 4926.18 4926.18 71307.3
3 5890.87 5890.87 72126.4
4 4015.48 16061.9 70326.3
2 4252.71 17010.9 70625.8
1 6270.05 6270.05 72634.8
4 5252.28 5252.28 71846.2
5 6713.93 6713.93 73761.2
0 6525.99 6525.99 73611.1
2 5913.58 5913.58 73039.8
4 6548.47 26193.9 73785.2
3 7223.31 28893.2 74689.9
1 7223.11 30392.4 74606
1 8990.83 8990.83 76403.6
2 7516.28 7516.28 74992.4
4 8235.51 8235.51 76536.2
5 6088.55 6088.55 75677.9
2 7524.11 30096.5 77724.2
3 7192.54 30270.2 76649.3
0 7720.58 7720.58 77991.2
1 8325.4 33301.6 78253.1
5 7598.57 30394.3 77717.3
4 9465.36 9465.36 79611.6
3 7714.96 30859.8 78456.7
5 9005.2 36020.8 79811.4
2 8777.3 35109.2 80091.9
0 9336.69 9336.69 80892.2
1 9010.41 37541.6 80077.7
4 10249.8 10249.8 81408.1
2 11314 11314 83090.6
3 9330.01 10830 80853.9
1 10469 43375.8 81654.2
5 10556 43724.1 82143.8
1 11660.3 46641 83621.9
4 11457.7 45830.7 82937.2
3 11475.6 47402.5 83199.9
0 12399.5 12399.5 84250.5
5 12107.5 12107.5 83967.9
4 12437.1 12437.1 84943.1
3 12919 51676.1 85648.2
0 13616 13616 86284.8
1 12992.9 51971.6 85598
5 13724.3 13724.3 86271.9
4 14241.4 14241.4 86892.6
2 12150.8 54603.4 85232.8
0 15379 15379 88181.2
59
2 289.286 1157.14 66050
3 128.83 515.322 65929.7
5 305.807 305.807 66156.2
4 228.495 228.495 66270.2
0 562.309 562.309 66618.5
1 603.435 3913.74 66664.9
3 3927.15 15708.6 70424.3
4 3647.05 3647.05 69986.4
5 1662.7 6650.79 68176.5
2 1553.69 6214.77 67959.1
1 1992.37 7969.47 68463.8
0 1923.45 1923.45 68555.4
2 3731.85 14927.4 70281.6
4 5015.54 5015.54 71428.6
5 3196.77 12787.1 69811
0 3706.63 3706.63 70819.3
1 3296.32 13185.3 70247
2 4672.39 18689.5 72062.8
4 5740.06 5740.06 72825.5
0 5664.14 5664.14 73110.3
5 4356.81 4356.81 72052.3
1 4836.12 6336.12 72427.4
2 6383.45 6383.45 74139.8
0 6827.18 6827.18 74654.1
3 5129.45 6629.45 73745.4
5 5654.94 7154.94 74542
2 7319.32 7319.32 75956.9
0 7686.58 7686.58 76584.5
1 6487.47 27449.9 75416.7
3 8135.59 8135.59 77298
4 5614.73 22458.9 74740
4 7391.77 7391.77 76745.3
5 7998.32 31993.3 77245.6
1 7873.77 7873.77 77400
5 10157.1 40628.3 79666
2 8355.39 33421.6 78369.4
0 8380.94 8380.94 78544.3
1 9002.28 10502.3 79363.6
3 9141.03 38064.1 79297
3 11251.5 11251.5 82315.7
2 9977.56 9977.56 81428
0 10159.5 10159.5 81317.8
4 8551.59 8551.59 80328.3
1 10634.1 12134.1 82158
5 11227 46407.9 82412.3
0 11565.5 46262.1 83153.3
5 12418.3 49673.1 84379.9
2 12016.3 48065.2 83495.9
4 11967.2 47868.6 83691.4
0 13156.3 13156.3 85007.3
1 12329 12329 84189.4
2 12995.7 12995.7 85501.8
3 13735.4 54941.7 86464.6
4 13168.2 13168.2 85837
1 13560.4 54241.5 86165.5
5 14136.3 14136.3 86684
0 14186.5 14186.5 86837.6
1 16725 66900 89807
4 14931.3 14931.3 87733.5
72
4 231.386 231.386 66044.5
3 132.604 530.416 65941.9
2 250.838 1003.35 66277.7
5 299.855 1199.42 66175.9
1 672.677 2690.71 66608.8
0 556.263 2225.05 66467
3 1942.3 1942.3 67945.2
5 3292.53 3292.53 69326.2
4 2039.88 8159.53 68309.6
0 2358.48 2358.48 68457.2
1 2557.89 10231.5 68536.4
2 1979.34 13917.3 68280.7
3 3836.38 15345.5 69978.8
1 4134.18 4134.18 70532.3
5 5738.93 5738.93 72188
2 3656.85 3656.85 70151
0 3989.13 21956.5 70478.1
4 4041.17 16164.7 70402.2
2 6964.85 27859.4 73780.4
3 5759.01 23036 72386.5
4 5522.61 22090.4 72351.4
1 8193.86 32775.4 78027.4
5 7100.33 7100.33 74127.8
0 5039.14 5039.14 72058.2
0 7650.17 30600.7 74853.4
4 6646.86 26587.4 74164.8
3 6772.06 28588.2 74433.1
4 8289.01 33156 76213.3
3 8026.32 33605.3 75937.6
5 7469.37 7469.37 75923.3
0 9865.62 9865.62 78183.9
5 9718.24 38873 78466.1
4 9712.02 38848.1 78323.9
3 8995.46 35981.8 78015.3
2 7621.21 7621.21 76969
1 10426.4 41705.4 80005.1
2 9640.28 9640.28 79655.8
3 11067.7 45770.7 80980.8
5 10542.2 10542.2 81284.6
0 9244.03 42976.1 79992.1
1 11676.3 11676.3 82783.2
4 9408.01 37632 80246.2
5 12013.2 48052.9 83225.6
0 10631.2 42524.7 81796.2
3 13803.4 13803.4 85003.1
5 14318.9 14318.9 85522
1 14868.6 14868.6 86205.9
2 10690.7 10690.7 81959.2
4 11289.3 45157 82427.4
2 13371.3 53485.2 84932
0 13751.6 13751.6 85433.1
4 12842.3 51369.1 84249.1
4 14498.5 57993.9 85789.8
3 15384.9 63039.6 86840.7
4 16126.3 16126.3 87606.8
5 15777.2 64608.7 87324.3
2 16965.4 16965.4 88771.2
1 16472.4 67389.5 88445.6
0 16807.5 67230.2 89022.1
4 17955.5 17955.5 89859.8
3 16813.1 16813.1 88847.3
5 17035.7 17035.7 88833.1
2 18931.8 18931.8 90858.3
0 19526.5 19526.5 91732
1 18162.2 74149 90306.9
5 18450.5 75302.2 90960.5
4 19388.3 19388.3 91818.9
3 18933.7 77234.8 91947.4
1 19744.1 80476.5 92121.6
2 21056 21056 93664.8
5 20055.3 80221.1 93075.5
0 21509.1 21509.1 94270.9
74
2 290.669 290.669 66064.8
4 238.928 238.928 66198
3 184.024 184.024 66222.7
5 225.508 225.508 66300
1 508.746 508.746 66418.1
3 2168.77 2168.77 68239.5
1 2168.49 2168.49 68232.9
0 542.908 2171.63 66687
5 2083.88 2083.88 68387.8
2 1549.6 1549.6 67632.4
4 1820.37 1820.37 68200.7
0 2412.2 9648.8 69062
1 3484.69 3484.69 69778.5
2 3095.17 3095.17 69633.5
3 4071.71 16286.9 70556.2
5 4316.26 4316.26 71604.7
4 5324.37 5324.37 72380.7
0 4693.28 18773.1 71824.6
1 4751.27 4751.27 71841.2
2 4550.53 24202.1 71575
2 6298.25 6298.25 73405.5
3 5092.24 6592.24 72342.2
1 6755.17 6755.17 74289.1
5 6072.37 6072.37 73767.9
0 6938.11 6938.11 74529.4
2 7185.79 7185.79 74942.1
3 7044.29 8544.29 74871.2
4 7085.85 7085.85 75701.8
0 8386.42 8386.42 77273.5
2 8121.67 8121.67 76759.2
5 7043.75 8543.75 75941.6
1 7484.33 31437.3 76413.6
3 7928.7 7928.7 77091.1
4 8491.06 33964.3 77616.3
4 10268.1 10268.1 79621.7
5 8761.56 35046.2 78008.9
1 8870.63 8870.63 78396.8
3 9956.38 39825.5 79465.3
2 9157.73 36630.9 79171.7
0 9845.97 9845.97 80009.3
5 9611.18 11111.2 79972.5
1 9984.53 41438.1 80140.5
3 11168.2 11168.2 82232.4
2 10779.9 10779.9 82230.4
5 10595.9 42383.6 81808.3
0 11624.2 46496.8 82789.3
1 11256.9 11256.9 82456.6
5 12901.5 12901.5 84104.7
1 13090.8 13090.8 84428.1
4 12726.6 12726.6 83995.1
2 13186.9 52747.6 84325.1
3 12977 53408.1 84537.7
0 14744.7 14744.7 86426.2
2 14739.9 58959.7 86146.8
5 14354 58916.1 85645.4
4 14875.4 59501.6 86331.2
1 14887.4 16387.4 86367.9
5 15900.5 65102.1 87447.7
2 16312.5 16312.5 88118.3
4 16206.8 64827.3 88180
3 15912.1 65148.3 88126.6
0 17673.8 17673.8 89578.1
1 16340.3 16340.3 88374.5
5 17159 17159 88956.4
2 18278.9 18278.9 90205.4
4 18038.6 18038.6 90244.1
1 18241.5 74466.1 90386.2
5 18573.9 75795.5 91083.8
0 19106.7 19106.7 91537.2
3 18687.3 76249.3 91701
2 19543.1 78172.3 91920.6
4 20188.9 20188.9 92797.7
1 19580.4 78321.5 92600.6
2 21092.9 21092.9 93854.8
64
4 231.386 231.386 66044.5
3 132.604 530.416 65941.9
2 250.838 1003.35 66277.7
5 299.855 1199.42 66175.9
1 672.677 2690.71 66608.8
0 556.263 2225.05 66467
3 1942.3 1942.3 67945.2
5 3292.53 3292.53 69326.2
4 2039.88 8159.53 68309.6
0 2358.48 2358.48 68457.2
1 2557.89 10231.5 68536.4
2 1979.34 13917.3 68280.7
3 3836.38 15345.5 69978.8
1 4134.18 4134.18 70532.3
5 5738.93 5738.93 72188
2 3656.85 3656.85 70151
0 3989.13 21956.5 70478.1
4 4041.17 16164.7 70402.2
2 6964.85 27859.4 73780.4
3 5759.01 23036 72386.5
4 5522.61 22090.4 72351.4
1 8193.86 32775.4 78027.4
5 7100.33 7100.33 74127.8
0 5039.14 5039.14 72058.2
0 7650.17 30600.7 74853.4
4 6819.94 6819.94 74304.1
3 6760.85 6760.85 74365.5
4 8186.43 32745.7 75848.8
5 8069.38 8069.38 76068.9
4 9528.97 9528.97 77377.2
0 9166.76 9166.76 77409.6
3 7892.4 31569.6 76386.8
2 7594.77 30379.1 76069.6
5 9422.84 39191.3 77997.2
4 10338.4 10338.4 79203.7
3 10068.2 10068.2 78961.3
2 10498 10498 79821.6
0 10759.9 10759.9 80030.3
2 12429.1 12429.1 81776.9
5 10006 40023.9 79584.8
4 11384 11384 81399.5
1 11531.6 47626.3 81444.8
5 10679.1 10679.1 81421.5
3 11006.2 44024.9 81754.3
5 13092.7 13092.7 84199.6
0 11153 44611.9 81991.1
4 13014.7 13014.7 84173
2 12999 12999 84775.7
0 12435.9 12435.9 83959.8
3 12145.6 50082.3 83330.9
3 13578.6 55814.4 85166.3
1 13724.4 54897.6 85686.1
4 14222.6 56890.4 85702.2
0 14581.5 58326.1 86305.8
4 15705.2 15705.2 87556.2
5 14796.1 14796.1 86656.4
3 14666.1 16166.1 87172.2
1 15405.2 61620.9 88134.4
0 15782.6 15782.6 88451.4
5 16027.4 64109.7 88632.5
3 16592.3 16592.3 89140
2 16117.5 16117.5 88768.7
1 18854 75416.1 91936
4 16975 16975 89777.2
66
2 290.669 290.669 66064.8
4 238.928 238.928 66198
3 184.024 184.024 66222.7
5 225.508 225.508 66300
1 508.746 508.746 66418.1
3 2168.77 2168.77 68239.5
1 2168.49 2168.49 68232.9
0 542.908 2171.63 66687
5 2083.88 2083.88 68387.8
2 1549.6 1549.6 67632.4
4 1820.37 1820.37 68200.7
0 2412.2 9648.8 69062
1 3484.69 3484.69 69778.5
2 3095.17 3095.17 69633.5
3 4071.71 16286.9 70556.2
5 4316.26 4316.26 71604.7
4 5324.37 5324.37 72380.7
0 4693.28 18773.1 71824.6
1 4751.27 4751.27 71841.2
2 4550.53 24202.1 71575
2 6298.25 6298.25 73405.5
3 5092.24 6592.24 72342.2
1 6755.17 6755.17 74289.1
5 6353.72 26914.9 73871.6
3 7037.52 29650.1 74698.5
2 7235.95 28943.8 75160.2
0 7021.19 28084.8 74932.5
5 7653.52 7653.52 76107.4
4 8839.83 8839.83 77158.2
3 8493.49 33973.9 77241.3
1 7625.94 32003.8 76237.9
5 9165.29 36661.2 78185.1
0 7825.92 7825.92 77173.7
1 8246.63 32986.5 77825.4
2 7001.99 7001.99 77017.5
0 9513.3 38053.2 79426.5
1 8919.77 8919.77 79662.1
3 9286.28 37145.1 80034.4
5 9231.88 9231.88 80338.8
2 8146.53 32586.1 78984.7
4 7932.29 7932.29 78892.9
1 10149.2 10149.2 81472.3
3 10525.4 10525.4 81860.5
4 9467.02 9467.02 80844
2 9950.9 9950.9 81468.5
4 11393.5 45573.9 83324.9
0 11682 11682 83863.6
1 11655.4 46621.6 83282.5
2 11546.6 46186.3 83268.3
5 11802 47207.9 83926.3
3 11890.4 11890.4 83856.3
1 13289.9 54659.5 85274
2 13592.4 54369.7 85715.1
3 13707.1 13707.1 85840.4
4 13518.3 54073.3 86302.3
5 13824.5 55297.8 86192
0 13544.1 13544.1 85974.7
1 14856.8 59427.1 87289.5
2 15578.1 15578.1 88231.9
3 14975.4 61401.6 87719.1
5 15574.8 63799.3 88183.7
1 16499 65996.1 89103.8
0 15122.5 66490 87920.3
3 17265.7 17265.7 90132.2
1 18502.7 18502.7 91367.6
4 16213.7 64854.8 89086.1
55
4 231.386 231.386 66044.5
3 132.604 530.416 65941.9
2 250.838 1003.35 66277.7
5 299.855 1199.42 66175.9
1 672.677 2690.71 66608.8
0 556.263 2225.05 66467
3 1942.3 1942.3 67945.2
5 3292.53 3292.53 69326.2
4 2039.88 8159.53 68309.6
0 2358.48 2358.48 68457.2
1 2557.89 10231.5 68536.4
2 1979.34 13917.3 68280.7
3 3836.38 15345.5 69978.8
1 4134.18 4134.18 70532.3
5 5738.93 5738.93 72188
2 3656.85 3656.85 70151
0 3989.13 21956.5 70478.1
4 4041.17 16164.7 70402.2
2 6964.85 27859.4 73780.4
3 5759.01 23036 72386.5
4 5522.61 22090.4 72351.4
1 8193.86 32775.4 78027.4
5 7100.33 7100.33 74127.8
0 5039.14 5039.14 72058.2
0 7650.17 30600.7 74853.4
4 6827.94 6827.94 74304.1
3 6836.82 8336.82 75137.5
0 7155.2 7155.2 76503
5 6136.62 24546.5 75715.4
4 6484.41 6484.41 76499.9
2 6284.52 25138.1 76197.7
5 6809.76 6809.76 77552.1
3 7714.92 30859.7 78463
5 9223.33 9223.33 80330.2
4 7628.94 30515.8 78467.1
0 8525.86 34103.4 79558.6
2 9081.92 9081.92 80218.7
1 8794.49 36678 80077.6
4 9592.14 9592.14 80643.6
0 10219.2 10219.2 81487.3
3 9091.87 37867.5 80671.7
2 10709.9 42839.5 82249.1
4 10867.8 10867.8 82453.9
1 10305 41220 82018.3
0 11880.8 11880.8 83600.2
3 11663.4 46653.6 83607.5
2 12230.2 12230.2 84243
5 11357 45428.2 83577.2
1 11565.6 11565.6 83787.2
4 12653.8 12653.8 84896.4
0 13019.3 13019.3 85408.3
3 12774.7 52598.7 84947.8
5 13782.8 55131.2 86475
1 13114.6 53958.3 86023.2
3 14182.9 56731.5 87116
63
4 231.386 231.386 66044.5
3 132.604 530.416 65941.9
2 250.838 1003.35 66277.7
5 299.855 1199.42 66175.9
1 672.677 2690.71 66608.8
0 556.263 2225.05 66467
3 1942.3 1942.3 67945.2
5 3292.53 3292.53 69326.2
4 2039.88 8159.53 68309.6
0 2358.48 2358.48 68457.2
1 2557.89 10231.5 68536.4
2 1979.34 13917.3 68280.7
3 3836.38 15345.5 69978.8
1 4134.18 4134.18 70532.3
5 5738.93 5738.93 72188
2 3656.85 3656.85 70151
0 3989.13 21956.5 70478.1
4 4041.17 16164.7 70402.2
2 6964.85 27859.4 73780.4
3 5759.01 23036 72386.5
4 5522.61 22090.4 72351.4
1 8193.86 32775.4 78027.4
5 7100.33 7100.33 74127.8
0 5039.14 5039.14 72058.2
0 7650.17 30600.7 74853.4
4 6606.35 6606.35 74352.9
3 6910.83 29143.3 74910.2
5 8704.92 8704.92 76717.7
3 9672.05 9672.05 77695.2
2 8656.11 8656.11 77585.6
4 7488.12 29952.5 76094.3
0 9199.67 36798.7 77652.6
4 10120.2 10120.2 79198.3
2 10738.7 10738.7 79757.9
3 10018.7 40075 79214.3
5 10228.3 42413.4 79995.6
0 10112.6 10112.6 80134.3
1 10268.2 10268.2 79991.4
3 11046.2 11046.2 80956.8
1 11873.1 47492.4 81754.5
4 11266.2 11266.2 81690.3
0 11601 11601 81895.7
3 12689.9 50759.5 83401.9
1 13479.8 53919.2 83826.6
2 12110.5 12110.5 82696.8
0 13073.1 13073.1 83748.6
0 15006.2 15006.2 85787.8
5 13600 15100 84855.5
4 15289.5 15289.5 86475.5
1 14404.8 15904.8 85815.4
2 16181.3 16181.3 87485.8
0 16564.5 16564.5 88094.5
3 15178.3 60713.1 86927
5 14958.3 14958.3 86583.1
4 16666.2 16666.2 88440
1 15928 63711.9 87767.5
5 16534.6 16534.6 88580.6
2 17423.4 17423.4 89572.4
4 17944.7 17944.7 90692.8
0 17292.5 17292.5 89614.4
3 16257.8 17757.8 88854.5
1 17299.8 69199.2 90322.1
2 18759 18759 91812.4
59
2 289.286 1157.14 66050
3 128.83 515.322 65929.7
5 305.807 305.807 66156.2
4 228.495 228.495 66270.2
0 562.309 562.309 66618.5
1 603.435 3913.74 66664.9
3 3927.15 15708.6 70424.3
4 3647.05 3647.05 69986.4
5 1662.7 6650.79 68176.5
2 1553.69 6214.77 67959.1
1 1992.37 7969.47 68463.8
0 1923.45 1923.45 68555.4
2 3731.85 14927.4 70281.6
4 5015.54 5015.54 71428.6
5 3196.77 12787.1 69811
0 3706.63 3706.63 70819.3
1 3296.32 13185.3 70247
2 4672.39 18689.5 72062.8
4 5740.06 5740.06 72825.5
0 5664.14 5664.14 73110.3
5 4279.52 5779.52 71763.7
1 4295.69 4295.69 71900.3
5 5646.01 24084 73308.4
1 6299.26 6299.26 74298.8
2 6282.31 6282.31 74130.5
0 7295.35 7295.35 75538.2
3 5756.01 23024 74250.4
4 6090.31 24361.2 74565.1
5 6282.73 26630.9 74857.1
2 7091.75 7091.75 75957
1 7828.25 7828.25 76721.3
2 8878.46 8878.46 78202.1
5 7339.14 8839.14 76609.5
4 7216.92 7216.92 76570.5
3 7706.79 30827.1 76954.1
3 9278.28 9278.28 78804.5
5 9123.43 36493.7 78632.3
0 8008.17 32032.7 78022.1
2 9969.42 9969.42 80132.7
0 10583.7 10583.7 80945
1 8564.36 35757.4 78720.4
5 10335.2 10335.2 81399.4
4 10111.3 10111.3 81561.7
3 9492.31 10992.3 80747.8
1 9841.12 11341.1 81027.1
0 11609.6 11609.6 83020.2
2 11634.6 11634.6 82939.1
4 12338.5 12338.5 83868.5
3 11140.5 44562.1 82889.3
1 11197.3 11197.3 82822.1
2 13129.8 13129.8 84903.6
1 12934.7 51738.6 84774.2
3 12840.8 12840.8 84886.8
0 12797.1 12797.1 84946
5 11847.9 13347.9 84596
4 13066.4 13066.4 85388.3
2 14228.2 14228.2 86824.9
3 13908.4 55633.5 86930.7
0 14132.6 14132.6 87186
73
3 141.2 141.2 65916.7
4 291.339 1165.36 66233.7
2 153.595 153.595 66287
0 2065.2 2065.2 67937.1
5 286.783 286.783 66272.7
1 479.943 1979.94 66692.3
3 2028.11 2028.11 68043.4
0 3714.28 3714.28 69427.5
5 2299.47 2299.47 68358.2
1 3057.42 3057.42 69139.1
4 2225.16 14900.6 68370.6
3 3996.22 3996.22 70109
2 2588.65 2588.65 68797
5 4747.93 4747.93 71093.4
0 5188.37 5188.37 71588.9
1 4926.18 4926.18 71307.3
3 5890.87 5890.87 72126.4
4 4015.48 16061.9 70326.3
2 4252.71 17010.9 70625.8
1 6270.05 6270.05 72634.8
4 5252.28 5252.28 71846.2
5 6713.93 6713.93 73761.2
0 6525.99 6525.99 73611.1
2 5913.58 5913.58 73039.8
4 6548.47 26193.9 73785.2
3 7223.31 28893.2 74689.9
1 7223.11 30392.4 74606
1 8990.83 8990.83 76403.6
2 7516.28 7516.28 74992.4
4 8235.51 8235.51 76536.2
2 7373.82 7373.82 76781.8
0 6316 6316 76342.7
5 5858.17 5858.17 76079.8
4 8628.53 8628.53 78758.9
3 6670.05 8170.05 76799.5
5 8083.11 8083.11 78554.5
1 8010.71 8010.71 78211.8
2 8338.75 33355 79053.4
3 8510.38 34041.5 78901
0 7657.86 30631.4 78565
1 9240.24 10740.2 80010.7
3 9692.69 40270.8 80965.3
1 10620.9 10620.9 81555.1
5 10322.6 41290.3 81535
4 10895.9 43583.5 82060.9
3 12081.7 12081.7 83281.4
1 12182.3 12182.3 83385.5
5 12604.1 12604.1 83941.4
2 10661.4 10661.4 81929.9
0 11262.7 45050.6 82400.8
2 13342 53367.8 84902.6
4 14016.4 14016.4 85697.9
0 12815.7 51262.8 84222.5
3 13530.7 55622.8 84822
1 13767.3 56569.2 85223.1
0 14559.1 14559.1 86039.6
5 14333.3 58833.2 85880.5
0 16205.3 16205.3 88011.1
3 14697.6 60290.5 86670.8
1 15792.8 64671.3 88007.4
2 16150.2 16150.2 88054.6
5 15852.8 15852.8 87887
3 16920.9 16920.9 88718.3
4 17599.5 17599.5 89526
2 17834.1 17834.1 90039.6
0 17727.7 70910.9 89872.4
5 17513 71551.9 90022.9
0 19243.1 19243.1 91673.7
3 18328.6 74814.4 91342.3
1 18375 74999.8 90752.4
4 19723.7 19723.7 92332.4
5 19117.7 76470.7 92137.9
2 19816.6 19816.6 92578.5
59
3 141.2 141.2 65916.7
4 291.339 1165.36 66233.7
2 153.595 153.595 66287
0 2065.2 2065.2 67937.1
5 286.783 286.783 66272.7
1 479.943 1979.94 66692.3
3 2028.11 2028.11 68043.4
0 3714.28 3714.28 69427.5
5 2299.47 2299.47 68358.2
1 3057.42 3057.42 69139.1
4 2225.16 14900.6 68370.6
3 3996.22 3996.22 70109
2 2588.65 2588.65 68797
5 4747.93 4747.93 71093.4
0 5188.37 5188.37 71588.9
1 4926.18 4926.18 71307.3
3 5890.87 5890.87 72126.4
4 4015.48 16061.9 70326.3
2 4252.71 17010.9 70625.8
1 6270.05 6270.05 72634.8
4 5252.28 5252.28 71846.2
5 6713.93 6713.93 73761.2
0 6525.99 6525.99 73611.1
2 5913.58 5913.58 73039.8
4 6548.47 26193.9 73785.2
3 7223.31 28893.2 74689.9
1 7223.11 30392.4 74606
1 8990.83 8990.83 76403.6
2 7516.28 7516.28 74992.4
4 8235.51 8235.51 76536.2
5 7279.02 29116.1 76474.6
0 6076.28 24305.1 75843.5
2 6956.8 6956.8 76978.5
3 6930.68 6930.68 76653.9
1 8235.55 8235.55 78146.2
5 8356.26 33425 78237.7
0 7745.58 7745.58 78169.7
2 8445.19 8445.19 78739.9
3 8897.38 35589.5 79609.4
1 9871.45 39485.8 80218.2
4 8888.78 8888.78 79475.1
2 9917.36 9917.36 80592.8
5 9495.26 10995.3 80276.8
2 11739.9 11739.9 82995.4
0 11768.9 11768.9 82954.9
1 10796.5 12296.5 82207
5 11285 12785 82589.5
4 12730.3 12730.3 84260.3
3 11385.8 45543.2 83134.5
1 12309.8 12309.8 83934.6
0 13145.6 13145.6 84919.4
5 12508.6 50034.3 84348.1
3 13086 13086 85132
2 12772.2 12772.2 84921.2
4 14291.4 14291.4 87039.5
0 14657.3 14657.3 86979.2
2 14245.8 14245.8 86842.5
1 13261.6 53046.3 86283.9
5 13534.7 15034.7 86588.1
80
3 141.2 141.2 65916.7
4 291.339 1165.36 66233.7
2 153.595 153.595 66287
0 2065.2 2065.2 67937.1
5 286.783 286.783 66272.7
1 479.943 1979.94 66692.3
3 2028.11 2028.11 68043.4
0 3714.28 3714.28 69427.5
5 2299.47 2299.47 68358.2
1 3057.42 3057.42 69139.1
4 2225.16 14900.6 68370.6
3 3996.22 3996.22 70109
2 2588.65 2588.65 68797
5 4747.93 4747.93 71093.4
0 5188.37 5188.37 71588.9
1 4926.18 4926.18 71307.3
3 5890.87 5890.87 72126.4
4 4015.48 16061.9 70326.3
2 4252.71 17010.9 70625.8
1 6270.05 6270.05 72634.8
4 5252.28 5252.28 71846.2
5 6713.93 6713.93 73761.2
0 6525.99 6525.99 73611.1
2 5913.58 5913.58 73039.8
4 6548.47 26193.9 73785.2
3 7223.31 28893.2 74689.9
1 7223.11 30392.4 74606
1 8990.83 8990.83 76403.6
2 7335.2 29340.8 74853.1
4 8170.75 32683 75831.7
2 8977.35 35909.4 76901.6
5 7915.52 33162.1 75826.8
3 8383.15 8383.15 76837.1
4 9814.62 9814.62 78132.9
5 9621.75 38487 78369.6
0 9621.29 38485.2 78233.2
1 9585.02 38340.1 78604.9
2 8849.62 8849.62 78257.6
2 12036.2 12036.2 82062.9
3 8965.45 8965.45 79187
4 10796.6 10796.6 80927
0 9874.58 9874.58 80004
5 10251.6 10251.6 80722.9
1 11201.6 11201.6 81402.7
3 11013.7 45554.6 81728.3
1 12575.2 50301 82965.8
0 12448.1 49792.6 83355.3
4 13447.1 13447.1 84217.6
5 13004.3 53517.1 84276.8
1 13576 13576 84510.2
3 13496.4 53985.6 84708.8
4 14856.7 59426.7 86021.7
1 15139.9 15139.9 86339.6
5 15370.1 15370.1 86573.2
3 15777.9 15777.9 87115.2
2 14396.5 14396.5 85665
0 16052.9 64211.8 87191.1
2 17077.1 68308.5 88637.8
4 17977.1 17977.1 89658.6
1 16754.5 68517.9 88161.3
5 16822.6 68790.3 88113.9
0 17573 70291.8 89028.8
3 17574.5 19074.5 89055.1
5 18369.1 74976.3 89916.2
0 19194.5 19194.5 91000.3
1 18036.9 73647.7 90010.2
3 19624.8 79999 91839.3
2 19885.4 19885.4 91789.7
5 19888.6 19888.6 91922.8
1 20260.2 20260.2 92057.6
0 21161 21161 93087.4
4 20948.7 20948.7 93154.2
2 21986.7 87946.9 94131.4
5 21548.7 87695 94058.7
4 22682.7 22682.7 95113.3
1 21667.9 88171.7 94681.6
0 22425.1 89700.3 94802.6
3 21498.7 22998.7 94107.4
5 23153.5 92613.9 96173.7
2 23458.4 23458.4 96220.3
71
4 231.386 231.386 66044.5
3 132.604 530.416 65941.9
2 250.838 1003.35 66277.7
5 299.855 1199.42 66175.9
1 672.677 2690.71 66608.8
0 556.263 2225.05 66467
3 1942.3 1942.3 67945.2
5 3292.53 3292.53 69326.2
4 2039.88 8159.53 68309.6
0 2358.48 2358.48 68457.2
1 2557.89 10231.5 68536.4
2 1979.34 13917.3 68280.7
3 3836.38 15345.5 69978.8
1 4134.18 4134.18 70532.3
5 5738.93 5738.93 72188
2 3656.85 3656.85 70151
0 3989.13 21956.5 70478.1
4 4041.17 16164.7 70402.2
2 6964.85 27859.4 73780.4
3 5759.01 23036 72386.5
4 5522.61 22090.4 72351.4
1 8193.86 32775.4 78027.4
5 7100.33 7100.33 74127.8
0 5039.14 5039.14 72058.2
0 7650.17 30600.7 74853.4
4 6819.94 6819.94 74304.1
3 6760.85 6760.85 74365.5
4 8186.43 32745.7 75848.8
5 8069.38 8069.38 76068.9
4 9528.97 9528.97 77377.2
0 9166.76 9166.76 77409.6
3 7892.4 31569.6 76386.8
2 7594.77 30379.1 76069.6
5 9422.84 39191.3 77997.2
4 10338.4 10338.4 79203.7
3 10068.2 10068.2 78961.3
2 10498 10498 79821.6
0 10759.9 10759.9 80030.3
4 11585 11585 80993.1
1 12021.8 13521.8 82048.5
5 10647.2 10647.2 80868.8
2 11910 11910 82040.3
0 11777.8 11777.8 81907.2
3 10843.3 10843.3 81314.6
5 14005.9 14005.9 84207
4 12550 50199.9 83264.6
3 14057.6 56230.5 84448.2
1 13363.6 54954.5 84270.8
0 13401.9 13401.9 84172.4
2 14321.7 57286.6 85594.2
5 14817.2 14817.2 85751.4
0 14893.3 59573.2 85926.1
4 15476 15476 86612.8
3 15127 62008 86410.1
2 16629.9 16629.9 87681.4
0 16586.7 16586.7 87854.8
5 16380.3 67021.2 87960.1
4 17104 68416 88643.2
2 17905.5 17905.5 89491.6
1 16530.2 66120.8 88243.5
3 16648.7 18148.7 88368.2
1 18287.4 73149.5 90231.5
0 18153.5 18153.5 90166.4
3 17954.8 71819.2 90175
5 18354.3 18354.3 90575.9
4 18483.8 18483.8 90726.4
2 19410.4 19410.4 91799.5
0 19770.4 79081.6 91943.5
3 20380.6 81522.3 93072.7
5 19903.3 81113 92811.8
1 19466.6 77866.3 92399.7
63
3 141.2 141.2 65916.7
4 291.339 1165.36 66233.7
2 153.595 153.595 66287
0 2065.2 2065.2 67937.1
5 286.783 286.783 66272.7
1 479.943 1979.94 66692.3
3 2028.11 2028.11 68043.4
0 3714.28 3714.28 69427.5
5 2299.47 2299.47 68358.2
1 3057.42 3057.42 69139.1
4 2225.16 14900.6 68370.6
3 3996.22 3996.22 70109
2 2588.65 2588.65 68797
5 4747.93 4747.93 71093.4
0 5188.37 5188.37 71588.9
1 4926.18 4926.18 71307.3
3 5890.87 5890.87 72126.4
4 4015.48 16061.9 70326.3
2 4252.71 17010.9 70625.8
1 6270.05 6270.05 72634.8
4 5252.28 5252.28 71846.2
5 6713.93 6713.93 73761.2
0 6525.99 6525.99 73611.1
2 5913.58 5913.58 73039.8
4 6548.47 26193.9 73785.2
3 7223.31 28893.2 74689.9
1 7223.11 30392.4 74606
1 8990.83 8990.83 76403.6
2 7335.2 29340.8 74853.1
4 8170.75 32683 75831.7
2 8977.35 35909.4 76901.6
5 7915.52 33162.1 75826.8
3 8383.15 8383.15 76837.1
4 9814.62 9814.62 78132.9
5 9621.75 38487 78369.6
0 9621.29 38485.2 78233.2
1 9585.02 38340.1 78604.9
2 9795.06 9795.06 79142.9
3 9386.64 37546.6 78965.4
4 10313.3 10313.3 80328.8
2 11482.4 45929.8 81395.6
3 10059.8 10059.8 80802.1
5 10414.5 41658.2 81162.6
1 9651.61 9651.61 80758.5
0 9317.28 37269.1 80155.5
0 11476.7 11476.7 82635
4 12051.3 12051.3 83828
3 11675.5 13175.5 83199.4
5 11553.9 47715.6 82739.2
0 12882.7 51530.8 84470.5
1 12330.8 49323.2 84292.5
5 12788.8 52655 84268.3
2 13034.5 52138 84758.8
0 14473.5 14473.5 86324.5
3 13370.4 13370.4 85230.8
2 14733.1 14733.1 87239.2
5 13573.9 54295.6 86303.1
4 14990.3 14990.3 87659.1
1 13663.4 54653.8 86268.5
3 14987.2 14987.2 87534.8
0 15503.6 15503.6 88154.8
1 16828.1 67312.3 89910
4 16753.3 16753.3 89555.6
67
3 141.2 141.2 65916.7
4 291.339 1165.36 66233.7
2 153.595 153.595 66287
0 2065.2 2065.2 67937.1
5 286.783 286.783 66272.7
1 479.943 1979.94 66692.3
3 2028.11 2028.11 68043.4
0 3714.28 3714.28 69427.5
5 2299.47 2299.47 68358.2
1 3057.42 3057.42 69139.1
4 2225.16 14900.6 68370.6
3 3996.22 3996.22 70109
2 2588.65 2588.65 68797
5 4747.93 4747.93 71093.4
0 5188.37 5188.37 71588.9
1 4926.18 4926.18 71307.3
3 5890.87 5890.87 72126.4
4 4015.48 16061.9 70326.3
2 4252.71 17010.9 70625.8
1 6270.05 6270.05 72634.8
4 5252.28 5252.28 71846.2
5 6713.93 6713.93 73761.2
0 6525.99 6525.99 73611.1
2 5913.58 5913.58 73039.8
4 6548.47 26193.9 73785.2
3 7223.31 28893.2 74689.9
1 7223.11 30392.4 74606
1 8990.83 8990.83 76403.6
2 7335.2 29340.8 74853.1
4 8170.75 32683 75831.7
2 8977.35 35909.4 76901.6
5 7915.52 33162.1 75826.8
3 8383.15 8383.15 76837.1
4 9814.62 9814.62 78132.9
5 9621.75 38487 78369.6
0 9621.29 38485.2 78233.2
1 9585.02 38340.1 78604.9
3 9273.8 9273.8 78863.1
2 9677.98 38711.9 79878.1
4 10233.7 40934.6 79690.4
0 10735.2 10735.2 81005.8
5 11268.8 45075.1 81196.5
3 10783.8 43135.3 80902.5
4 11050.6 11050.6 81196.8
1 10658.6 42634.3 81400.3
3 12190.5 48761.8 82996.6
2 10931.2 43724.6 82245.8
0 12351.3 12351.3 83906.9
4 11954 47816.1 83021.3
5 11834.8 13334.8 82993.1
2 13467.8 13467.8 85244.5
1 12273.6 13773.6 83797.5
4 13412.6 53650.3 84597.9
5 13240.8 54463.2 84828.5
3 13536.3 54145.2 85498
4 14647.4 58589.7 86127
1 14419.2 59176.9 86143.5
0 15414.1 15414.1 87265.1
5 14792.3 14792.3 86652.6
4 15626.8 15626.8 88132.9
3 15217.1 60868.4 87946.3
2 16406.8 16406.8 89075.6
1 15514.5 62057.9 88119.5
5 16409 16409 88956.7
0 16444.3 16444.3 89095.5
3 18665.9 74663.6 91747.9
4 17810.2 17810.2 90612.5
65
3 141.2 141.2 65916.7
4 291.339 1165.36 66233.7
2 153.595 153.595 66287
0 2065.2 2065.2 67937.1
5 286.783 286.783 66272.7
1 479.943 1979.94 66692.3
3 2028.11 2028.11 68043.4
0 3714.28 3714.28 69427.5
5 2299.47 2299.47 68358.2
1 3057.42 3057.42 69139.1
4 2225.16 14900.6 68370.6
3 3996.22 3996.22 70109
2 2588.65 2588.65 68797
5 4747.93 4747.93 71093.4
0 5188.37 5188.37 71588.9
1 4926.18 4926.18 71307.3
3 5890.87 5890.87 72126.4
4 4015.48 16061.9 70326.3
2 4252.71 17010.9 70625.8
1 6270.05 6270.05 72634.8
4 5252.28 5252.28 71846.2
5 6713.93 6713.93 73761.2
0 6525.99 6525.99 73611.1
2 5913.58 5913.58 73039.8
4 6548.47 26193.9 73785.2
3 7223.31 28893.2 74689.9
1 7223.11 30392.4 74606
1 8990.83 8990.83 76403.6
5 8736.07 8736.07 76431.6
2 7610.29 7610.29 75201.6
4 7996.79 7996.79 75753.1
4 9470.02 9470.02 77296.9
0 8316.19 8316.19 76932.2
2 9058.6 9058.6 77945.6
3 8048.35 9548.35 76685.9
4 10329.4 10329.4 79227.3
1 9584.79 39839.2 78514.1
5 9272.17 9272.17 78434.6
0 9721.4 38885.6 78846.6
2 10917.2 10917.2 80265
3 8694.68 34778.7 78273.5
4 11069.1 11069.1 81084.6
0 10683.8 42735.3 80597
3 9367.82 9367.82 80110.2
1 9744.18 38976.7 80492.3
5 9481.29 9481.29 80588.2
3 11194.3 46277 82032.4
2 12403.9 12403.9 83562.2
0 11777.7 11777.7 83554.3
4 11892.5 11892.5 83416.4
1 10883.5 45034.1 82068.8
1 12316.6 50766.2 83904.3
5 12160.5 48641.9 84122.1
3 12711.1 52344.4 84190.7
2 13820 55280.1 85544.3
4 14399.5 14399.5 86250.5
5 13734.5 13734.5 85594.9
1 13404.1 14904.1 85910.2
3 13496.2 53984.9 86225.4
0 14716.7 14716.7 87385.5
5 14965.9 59863.4 87570.9
1 15330.3 15330.3 87878
2 15189.5 15189.5 87840.7
3 16945 67780.1 90027
4 15669.3 15669.3 88471.5
84
3 141.2 141.2 65916.7
4 291.339 1165.36 66233.7
2 153.595 153.595 66287
0 2065.2 2065.2 67937.1
5 286.783 286.783 66272.7
1 479.943 1979.94 66692.3
3 2028.11 2028.11 68043.4
0 3714.28 3714.28 69427.5
5 2299.47 2299.47 68358.2
1 3057.42 3057.42 69139.1
4 2225.16 14900.6 68370.6
3 3996.22 3996.22 70109
2 2588.65 2588.65 68797
5 4747.93 4747.93 71093.4
0 5188.37 5188.37 71588.9
1 4926.18 4926.18 71307.3
3 5890.87 5890.87 72126.4
4 4015.48 16061.9 70326.3
2 4252.71 17010.9 70625.8
1 6270.05 6270.05 72634.8
4 5252.28 5252.28 71846.2
5 6713.93 6713.93 73761.2
0 6525.99 6525.99 73611.1
2 5913.58 5913.58 73039.8
4 6548.47 26193.9 73785.2
3 7223.31 28893.2 74689.9
1 7223.11 30392.4 74606
1 8990.83 8990.83 76403.6
2 7508.28 7508.28 74992.4
5 8179.83 8179.83 75784.5
4 8077.79 32311.1 75740.1
3 8731.47 8731.47 76731
2 8672.63 8672.63 76520.8
0 9250.38 9250.38 77493.2
5 9311.38 37245.5 77805.8
4 11047.6 44190.5 79522.5
2 9495.21 37980.8 78069.6
1 9364.89 10864.9 78230.1
3 10260.5 10260.5 79153.5
2 10991.1 10991.1 80314.7
0 10843.5 10843.5 80113.9
1 10553.7 42214.8 79749.3
5 11316.5 46765.9 81083.7
0 12585.6 12585.6 82607.3
1 11852.5 11852.5 81575.8
3 11702.9 11702.9 81613.6
1 13457.4 53829.7 83338.8
4 11590.4 11590.4 82014.5
2 12325.1 12325.1 82619.8
3 13346.6 53386.4 84058.6
1 15064.1 60256.5 85410.9
4 13366.8 13366.8 83953.2
0 13784.8 13784.8 84460.3
2 13877.4 13877.4 84658.9
5 14273.7 57094.8 85486.1
0 15571.1 62284.3 86736.1
1 16040.6 16040.6 87240.3
3 16176.7 16176.7 87379.9
5 16555.2 16555.2 87892.6
2 15243.4 15243.4 86511.9
0 17154.3 68617.3 88292.5
4 15458.6 61834.3 87019.2
4 17830.7 17830.7 89512.2
2 17407.3 69629 88814.1
1 17489.6 71458.4 88780.9
3 17761.7 72546.9 89217.6
0 18629 18629 90109.5
5 18284.4 74637.7 89831.6
2 18979.8 18979.8 90785.6
1 18656.5 76126.1 90629.8
3 19787.3 80649.1 92001.8
0 20458.1 20458.1 92362.4
5 19804 19804 91838.1
1 20879.8 20879.8 92677.2
2 20946.3 20946.3 92872.8
4 20802.2 20802.2 93007.8
5 21705.2 88320.7 93849.8
2 22490.2 89961 95000.2
0 21891 21891 94321.6
1 22287.5 90650.1 95301.2
3 22369.4 90977.5 94746.9
4 22952.6 22952.6 95561.3
5 23044 92176.1 96064.2
0 24098.6 24098.6 96860.5
66
4 231.386 231.386 66044.5
3 132.604 530.416 65941.9
2 250.838 1003.35 66277.7
5 299.855 1199.42 66175.9
1 672.677 2690.71 66608.8
0 556.263 2225.05 66467
3 1942.3 1942.3 67945.2
5 3292.53 3292.53 69326.2
4 2039.88 8159.53 68309.6
0 2358.48 2358.48 68457.2
1 2557.89 10231.5 68536.4
2 1979.34 13917.3 68280.7
3 3836.38 15345.5 69978.8
1 4134.18 4134.18 70532.3
5 5738.93 5738.93 72188
2 3656.85 3656.85 70151
0 3989.13 21956.5 70478.1
4 4041.17 16164.7 70402.2
2 6964.85 27859.4 73780.4
3 5759.01 23036 72386.5
4 5522.61 22090.4 72351.4
1 8193.86 32775.4 78027.4
5 7100.33 7100.33 74127.8
0 5039.14 5039.14 72058.2
0 7650.17 30600.7 74853.4
4 6827.94 6827.94 74304.1
3 6836.82 8336.82 75137.5
4 6685.48 6685.48 76093.5
2 6485.3 6485.3 76512
5 6777.81 6777.81 76999.4
0 6945.73 6945.73 77076.1
4 7840.97 7840.97 77970.4
3 7140.84 7140.84 77612.2
1 9829.32 9829.32 80030.4
0 8902.68 35610.7 79617.3
5 9742.44 38969.7 80133
2 7827.16 31308.6 78734.3
4 9465.13 9465.13 80235.6
3 9893.52 41074.1 81166.1
1 10640.6 10640.6 81574.8
4 11009.7 11009.7 81970.3
5 10620.1 10620.1 81943.2
3 11913.5 11913.5 83248.7
2 10664.2 10664.2 82041.2
0 11440.1 11440.1 82957.6
1 11615.7 47962.8 83547.2
2 12702.8 12702.8 84884.4
5 12126.3 48505.1 83753.4
4 12142.9 48571.4 83864.5
3 13473.7 53894.7 85598
5 13788.9 13788.9 85754.8
0 12965 51860 84949.2
4 14188.7 56754.8 86311.4
1 13732 13732 85865.4
2 15230.4 60921.4 88014.3
3 15496.2 61984.6 87863.7
0 15123.5 15123.5 87554.1
5 15337.6 61350.3 87770.3
4 16174.3 16174.3 88828.2
1 15000.4 61501.4 87744
3 17246.5 70486.1 89855.4
1 16760.8 67043.2 89365.6
5 17554.3 70217.4 90352.1
1 18912.2 18912.2 91778.7
5 20254.8 20254.8 93119.7
0 17465.5 69861.9 90337.9
66
2 289.286 1157.14 66050
3 128.83 515.322 65929.7
5 305.807 305.807 66156.2
4 228.495 228.495 66270.2
0 562.309 562.309 66618.5
1 603.435 3913.74 66664.9
3 3927.15 15708.6 70424.3
4 3647.05 3647.05 69986.4
5 1662.7 6650.79 68176.5
2 1553.69 6214.77 67959.1
1 1992.37 7969.47 68463.8
0 1923.45 1923.45 68555.4
2 3731.85 14927.4 70281.6
4 5015.54 5015.54 71428.6
5 3196.77 12787.1 69811
0 3706.63 3706.63 70819.3
1 3296.32 13185.3 70247
2 4672.39 18689.5 72062.8
4 5740.06 5740.06 72825.5
0 5664.14 5664.14 73110.3
5 4279.52 5779.52 71763.7
1 4295.69 4295.69 71900.3
5 5646.01 24084 73308.4
1 6299.26 6299.26 74298.8
2 6282.31 6282.31 74130.5
0 7295.35 7295.35 75538.2
3 5756.01 23024 74250.4
4 6090.31 24361.2 74565.1
5 6282.73 26630.9 74857.1
2 7091.75 7091.75 75957
1 7828.25 7828.25 76721.3
2 8878.46 8878.46 78202.1
5 7339.14 8839.14 76609.5
3 7768.25 31073 76963.8
4 6778.42 27113.7 76545.6
0 8711.37 8711.37 78733.1
3 9067.06 9067.06 78790.3
5 8680.13 8680.13 78590.7
1 9180.64 36722.6 79062.1
4 8447.72 8447.72 78871.8
0 10199.8 10199.8 80494.4
5 10323.8 41295.1 81035.8
3 9977.07 39908.3 80323.8
4 10224.2 10224.2 80810.5
2 9830.01 9830.01 80505.5
0 11752 11752 82533.6
1 10087.6 41850.3 81120.3
2 11691.2 11691.2 82828
3 11002.6 45510.5 82285.7
2 13325.5 13325.5 84377
0 13113.7 13113.7 84381.7
1 12068.4 49773.7 83648.3
3 12902.9 53111.6 84442.1
4 13725 13725 85311.1
5 12619.8 50479.1 84333
2 14230.4 14230.4 85949.9
5 14376.9 57507.7 86321.1
0 14680.5 14680.5 86693.3
1 14136.3 56545 86356.5
3 14304.6 14304.6 86526.2
4 15511 15511 87753.6
2 15368.9 15368.9 87758
5 15488.2 63452.8 87661.3
1 16562 66248.1 89254.2
3 15853.6 64914.3 88762.2
5 16896.4 67585.6 89829.5
51
2 289.286 1157.14 66050
3 128.83 515.322 65929.7
5 305.807 305.807 66156.2
4 228.495 228.495 66270.2
0 562.309 562.309 66618.5
1 603.435 3913.74 66664.9
3 3927.15 15708.6 70424.3
4 3647.05 3647.05 69986.4
5 1662.7 6650.79 68176.5
2 1553.69 6214.77 67959.1
1 1992.37 7969.47 68463.8
0 1923.45 1923.45 68555.4
2 3731.85 14927.4 70281.6
4 5015.54 5015.54 71428.6
5 3196.77 12787.1 69811
0 3706.63 3706.63 70819.3
1 3296.32 13185.3 70247
2 4672.39 18689.5 72062.8
4 5740.06 5740.06 72825.5
0 5664.14 5664.14 73110.3
5 4287.52 5787.52 71763.7
1 4255.5 5755.5 72556.2
5 4087.24 16349 73282.8
3 2889.54 13058.1 72656.7
2 4534.52 4534.52 74556.2
5 5386.06 5386.06 75109.3
1 5659.04 5659.04 75569.7
0 4991.93 25967.7 74873.4
4 4893.39 4893.39 75317.5
2 6022.92 6022.92 76317.6
3 5695.18 22780.7 76407.2
5 6296.06 25184.3 76642.8
4 6669.84 6669.84 77256.2
0 6050.84 6050.84 76726.3
2 7575.17 7575.17 78356.7
0 7873.34 7873.34 79128.8
1 6690.41 8190.41 77876.4
5 7221.08 8721.08 78631.6
2 9364.92 9364.92 80669.4
0 9596.36 9596.36 81126.4
1 8151.76 32607.1 79900.5
3 7927.72 7927.72 79552.5
4 9923.45 9923.45 81697.2
5 8744.25 34977 80583.7
3 9504.02 9504.02 81550
2 10607.1 10607.1 82756
0 11157.4 11157.4 83905.5
1 9535.68 11035.7 81857.6
4 11021.9 11021.9 83618.5
5 10116.1 40464.2 83138.4
2 11942.7 11942.7 84996
48
3 162.574 162.574 65884.6
0 532.056 2128.22 66366.6
4 856.912 3427.65 66625.7
5 298.417 1193.67 66129.1
1 609.238 609.238 66666.3
2 310.809 310.809 66491.5
3 1486.02 1486.02 67433.4
5 1853.34 7413.34 68253.2
2 2156.08 2156.08 68542.7
0 2713.1 2713.1 69165.1
1 1957.08 1957.08 68465.8
3 2725.33 10901.3 69241.3
4 2761.8 11047.2 69553.2
5 3535.96 3535.96 70242.7
2 4414.75 17659 71323.1
1 4795.74 4795.74 71301
3 5824.57 5824.57 72757.4
1 6763.65 6763.65 73478.8
4 4338.07 4338.07 71849
0 3617.61 14470.4 70982.1
0 5038.28 5038.28 72514.4
2 4815.76 4815.76 73116.4
4 5290.43 5290.43 74644
5 2923.55 11694.2 72170.9
5 4495.05 4495.05 74021.2
3 6149.65 24598.6 75658.6
0 4912.93 19651.7 74926.9
2 5588 5588 75751.3
5 5623.56 7123.56 75984.9
1 6572 27788 76728
3 7361.42 7361.42 78425.6
0 6535.11 6535.11 77985.6
2 7408.17 7408.17 78663.7
4 8243.19 8243.19 79429.2
5 6649.42 8149.42 78060
0 8993.72 8993.72 80298.2
1 7504.77 9004.77 79034.8
5 8452.71 33810.8 80201.4
1 9204.91 9204.91 80829.7
2 9238.08 9238.08 81011.9
3 10193.2 40773 82032.7
5 10153 10153 82199
4 9366.84 9366.84 81515.8
0 10329.3 10329.3 83077.4
2 10749.7 10749.7 83071.7
4 10840.4 10840.4 83437.1
1 10156.7 40626.7 83179
0 12600.8 12600.8 85654.2
50
2 289.286 1157.14 66050
3 128.83 515.322 65929.7
5 305.807 305.807 66156.2
4 228.495 228.495 66270.2
0 562.309 562.309 66618.5
1 603.435 3913.74 66664.9
3 3927.15 15708.6 70424.3
4 3647.05 3647.05 69986.4
5 1662.7 6650.79 68176.5
2 1553.69 6214.77 67959.1
1 1992.37 7969.47 68463.8
0 1923.45 1923.45 68555.4
2 3731.85 14927.4 70281.6
4 5015.54 5015.54 71428.6
5 3196.77 12787.1 69811
0 3706.63 3706.63 70819.3
1 3296.32 13185.3 70247
2 4672.39 18689.5 72062.8
4 5740.06 5740.06 72825.5
0 5664.14 5664.14 73110.3
5 4287.52 5787.52 71763.7
1 4255.5 5755.5 72556.2
3 2955.88 4455.88 72309.4
5 4042.97 16171.9 73290.3
5 5614.47 5614.47 75140.7
1 5443.44 21773.8 74952.4
2 4240.57 16962.3 74254.5
0 5174.08 5174.08 75337.4
4 6586.53 6586.53 76947.8
2 6377.43 25509.7 76533.4
3 3895.54 3895.54 74959.8
0 6906.74 6906.74 78357.2
5 5778.94 7278.94 76937.2
1 5869.4 7369.4 77646.1
2 7346.67 7346.67 78870.5
5 7328.48 30813.9 78513.8
4 7376.93 29507.7 78964.7
3 7239.42 28957.7 79201.1
5 8563.34 35753.3 80042.9
0 8423.44 33693.8 80147.7
4 8967.68 8967.68 80818.7
3 8813.45 8813.45 80673.8
2 9349.22 9349.22 81855.3
1 9065.79 36263.2 81794.9
0 9624.51 9624.51 82293.3
5 9660.12 38640.5 82265.2
3 10430.2 10430.2 82977.9
4 9997.86 9997.86 82649
1 12514.6 50058.3 85596.6
0 11387.5 11387.5 84189.8
67
2 289.286 1157.14 66050
3 128.83 515.322 65929.7
5 305.807 305.807 66156.2
4 228.495 228.495 66270.2
0 562.309 562.309 66618.5
1 603.435 3913.74 66664.9
3 3927.15 15708.6 70424.3
4 3647.05 3647.05 69986.4
5 1662.7 6650.79 68176.5
2 1553.69 6214.77 67959.1
1 1992.37 7969.47 68463.8
0 1923.45 1923.45 68555.4
2 3731.85 14927.4 70281.6
4 5015.54 5015.54 71428.6
5 3196.77 12787.1 69811
0 3706.63 3706.63 70819.3
1 3296.32 13185.3 70247
2 4672.39 18689.5 72062.8
4 5740.06 5740.06 72825.5
0 5664.14 5664.14 73110.3
5 4279.52 5779.52 71763.7
1 4295.69 4295.69 71900.3
5 5646.01 24084 73308.4
1 6299.26 6299.26 74298.8
2 6282.31 6282.31 74130.5
0 7295.35 7295.35 75538.2
3 5756.01 23024 74250.4
4 6090.31 24361.2 74565.1
5 6282.73 26630.9 74857.1
2 7091.75 7091.75 75957
1 7828.25 7828.25 76721.3
2 8878.46 8878.46 78202.1
5 7339.14 8839.14 76609.5
4 7647.18 7647.18 76995
3 7433.14 29732.5 77011.9
0 8178.6 8178.6 78194.1
4 9334.56 37338.3 79247.7
3 8106.27 8106.27 78848.6
5 8158.15 32632.6 78906.2
1 7768.05 7768.05 78874.9
0 9323.14 37292.6 80161.3
2 9615.39 9615.39 80576
3 9335.73 9335.73 80658.8
5 9397.23 9397.23 80732.4
0 10812.6 10812.6 82189.6
2 11054.4 11054.4 82572
1 10457.4 43329.8 82388.9
4 11503.3 11503.3 83684.9
3 10841.9 43367.6 82469
5 10904.9 45119.6 82626.6
3 12388.6 49554.4 84512.9
1 12848.5 12848.5 84814.4
2 12579.3 50317.4 84563.5
0 12513.8 50055.2 84636.5
5 12811.4 12811.4 84944.8
4 14030.8 56123.2 86814.8
3 14411.1 57644.4 86778.6
2 14737.9 14737.9 87168.4
1 14397.1 57588.5 86829.9
0 14499.4 14499.4 87153.3
5 14079.8 57819.1 86823.4
3 16161.5 66145.8 88770.4
5 15840.2 63360.8 88445
1 16613.9 66455.6 89411.7
5 17991.6 17991.6 90858.1
1 19314.4 19314.4 92179.2
4 16726.2 66904.7 89598.6
53
3 162.574 162.574 65884.6
0 532.056 2128.22 66366.6
4 856.912 3427.65 66625.7
5 298.417 1193.67 66129.1
1 609.238 609.238 66666.3
2 310.809 310.809 66491.5
3 1486.02 1486.02 67433.4
5 1853.34 7413.34 68253.2
2 2156.08 2156.08 68542.7
0 2713.1 2713.1 69165.1
1 1957.08 1957.08 68465.8
3 2725.33 10901.3 69241.3
4 2761.8 11047.2 69553.2
5 3535.96 3535.96 70242.7
2 4414.75 17659 71323.1
1 4795.74 4795.74 71301
3 5824.57 5824.57 72757.4
1 6763.65 6763.65 73478.8
4 4338.07 4338.07 71849
0 3617.61 14470.4 70982.1
0 5108.67 5108.67 72855.2
5 4767.02 20568.1 72766.4
5 7624.9 7624.9 75637.7
3 8707.67 8707.67 76730.8
2 5239.47 5239.47 74169
0 5990.44 23961.8 74596.6
4 6195.28 24781.1 74648.2
2 7235.07 7235.07 76313.2
0 7871.16 7871.16 76890.4
1 6560.84 8060.84 75908.7
4 7047.1 34188.4 76625.9
4 8806.19 8806.19 78821.7
2 8150.35 32601.4 78063.5
5 7725.88 7725.88 78468.2
3 7790.87 31163.5 78539
1 7323.54 7323.54 78430.4
0 8753.6 35014.4 79591.8
4 10478.6 10478.6 81734.1
5 9092.24 10592.2 80278.2
3 9117.2 10617.2 80527.8
0 10772.8 10772.8 82077.3
2 10552.3 10552.3 82082.3
1 10206.8 40827.2 81955.5
5 10448.4 10448.4 82073.2
0 12268 12268 84041.8
3 10640.4 42561.5 82479.9
1 11907 11907 83953
4 11510.9 11510.9 83659.9
2 12113.4 12113.4 84861.5
5 11708.3 13208.3 84030.3
4 12984.5 12984.5 85581.2
3 12012.2 48048.7 85034.5
0 13228.4 13228.4 86281.8
