57
3 162.574 162.574 65884.6
0 532.056 2128.22 66366.6
4 856.912 3427.65 66625.7
5 298.417 1193.67 66129.1
9 350.002 350.002 66407.1
2 310.809 310.809 66491.5
1 499.495 499.495 66446.9
3 1608.83 6435.31 68008.7
2 2156.08 2156.08 68542.7
6 2711.31 2711.31 69163.3
5 1419.91 1419.91 67928.7
9 1699.02 6796.09 68215
1 1520.52 7582.07 68311.9
7 2487.67 2487.67 69194.4
0 1607.5 6429.99 68515.8
1 4100.5 4100.5 70605.7
3 4491.76 4491.76 71424.6
5 4792.83 4792.83 71508
4 1885.99 1885.99 69396.9
9 2667.47 12169.9 70032
8 2620.39 10481.5 70138.3
2 2928.27 11713.1 70589.3
6 2993.78 11975.1 70918
0 3037.47 12149.9 70948.7
7 2887.6 2887.6 71341.5
8 4121.15 4121.15 72439.5
9 3802.3 15209.2 72550.2
4 3927.69 15710.8 72539.6
7 4399.37 17597.5 73419.2
2 3482.73 3482.73 72830.5
1 4186.36 16745.5 73765.1
6 2759.82 2759.82 72775.3
3 3261.78 14547.1 73175
9 4626.29 4626.29 75368.7
0 2497.37 15989.5 73245.5
5 3679.8 3679.8 74786.7
8 3523.55 14094.2 74361.7
4 3260.51 13042.1 74293.3
0 3958.21 3958.21 75095
6 4422.03 17688.1 75705.1
2 4898.37 4898.37 75949.9
4 4953.89 4953.89 76222
7 4125.06 18000.3 75704.9
1 4256.35 18525.4 75795.5
8 5191.53 5191.53 76777.6
3 5434.36 21737.4 77147.6
0 4948.39 4948.39 76667.8
9 5412.55 21650.2 77356.7
6 5686.23 5686.23 77699
1 5690.3 22761.2 77910.5
5 5723.41 5723.41 77945
2 5684.42 5684.42 77927
0 6086.88 6086.88 78475.9
4 5988.08 23952.3 78161.2
7 6085.66 24342.6 78777.8
8 6105.02 24420.1 79013.6
3 6263.06 25052.3 79196.1
59
2 289.286 1157.14 66050
3 128.83 515.322 65929.7
5 305.807 305.807 66156.2
4 228.495 228.495 66270.2
0 562.309 562.309 66618.5
9 303.073 2712.29 66364.6
7 596.818 2387.27 67094
6 265.698 265.698 66605.1
1 649.338 2597.35 67163.2
2 1553.69 6214.77 67959.1
3 1257.13 5028.51 67728.6
4 1682.17 1682.17 68314.2
5 1455.93 7323.71 68005.7
8 738.832 738.832 67151.9
9 1632.57 6530.28 68246.8
0 1269.45 1269.45 68382.2
1 2036.84 8147.37 68987.6
3 2119.37 9977.47 69509.8
6 916.498 916.498 68001.9
2 2803.91 2803.91 70250
4 2569.08 2569.08 70315.6
0 2385.76 9543.05 70385.2
9 2370.27 2370.27 70383
5 1796.8 1796.8 69819.9
8 1309.43 1309.43 70238.9
1 2269.73 10578.9 70875.9
6 2978.7 11914.8 71431.6
7 872.09 2372.09 69950.2
8 3391.97 3391.97 72411.2
3 1946.55 1946.55 71535.9
5 2351.6 10906.4 72551.7
2 2350.76 9403.03 71807.5
0 2537.49 2537.49 72808.1
1 3270.63 13082.5 73198.4
9 2303.74 9214.94 72422.4
4 1675.81 1675.81 71822
7 3222.98 12891.9 73964.7
3 2823.81 11295.2 73630
6 2846.68 11386.7 74161.3
2 3086.76 3086.76 74642.3
4 2579.27 10317.1 73646.5
4 4284.81 4284.81 75443.1
8 3633.27 3633.27 75409.9
0 4345.3 4345.3 75869.2
1 3589.66 15858.6 74774.9
9 3694.88 16279.5 75282.6
5 3552.16 14208.6 75513.8
7 4014.26 17557 75493.8
3 3696.24 16285 75420.5
4 5446.09 5446.09 77297.1
1 4738.68 4738.68 76599
6 5161.02 5161.02 77667.1
9 4588.19 18352.7 77317.3
2 5040.53 5040.53 77709.3
3 4791.49 19166 77396.6
7 4773.51 4773.51 77321.2
0 6021.37 6021.37 78672.5
8 4470.15 23880.6 77552.1
5 4608.04 6108.04 77410.3
69
2 290.669 290.669 66064.8
4 238.928 238.928 66198
3 184.024 184.024 66222.7
5 225.508 225.508 66300
9 508.22 508.22 66417.6
1 627.799 627.799 66698.5
3 2111.32 2111.32 68175.7
0 542.908 2171.63 66687
5 2083.88 2083.88 68387.8
2 1549.6 1549.6 67632.4
4 1820.37 1820.37 68200.7
0 2412.2 9648.8 69062
9 1669.41 1669.41 67963.2
6 2646.86 2646.86 69185.2
7 1827.36 7309.42 68311.9
1 2134.06 2134.06 69422.5
8 635.395 635.395 67691.8
8 3558.39 14233.6 70689.7
9 2936 2936 70025.9
3 2976.19 11904.7 70000.7
2 2355.67 2355.67 69462.9
4 3383.16 3383.16 70633.2
5 2943.69 2943.69 70477.6
2 3511.04 3511.04 70995.2
7 2820.82 2820.82 70425.5
6 3477.86 13911.4 71140.2
3 3942.2 3942.2 71941.8
0 3731.57 3731.57 71579.8
4 4814.31 4814.31 73057.2
1 3325.21 13300.9 71819.6
8 3954.5 15818 72429.3
9 3538.6 15654.4 72113
2 3956.43 3956.43 72821.7
7 3364.68 3364.68 72257.7
6 4061.67 4061.67 73385.3
0 4061.81 4061.81 73332.2
5 3231.81 12927.2 72427.4
8 4642.62 18570.5 74409.8
2 4786.05 4786.05 74807.8
3 4182.51 4182.51 73905.8
9 3944.88 3944.88 73855.5
5 4309.04 17236.2 74190.5
4 6119.93 6119.93 76544
0 4798.87 4798.87 75093.5
1 3330.48 13321.9 74042.5
7 4408.43 17633.7 74755.2
8 5762.18 5762.18 76348.5
6 5013.23 5013.23 75688.7
2 6065.33 6065.33 76846.9
3 4626.66 20006.6 75659.4
0 6279.29 6279.29 77416
9 4990.56 21462.2 76273.6
6 6724.37 6724.37 77775.9
5 4770.55 6270.55 76038.6
7 5384.07 23036.3 76963.9
1 6039.33 25657.3 77578.5
2 7277 7277 78863.1
3 5886.86 23547.4 77600.1
0 7269.47 7269.47 78988.9
9 6313.77 25255.1 78257.9
6 7582.68 7582.68 79595.5
5 6032.82 24131.3 78253
3 7147.44 7147.44 79369.1
0 8723.45 8723.45 80966.1
1 7192.41 8692.41 79581.5
7 7289.71 30658.8 79462.8
5 8458.59 33834.3 81150.7
8 7368.39 29473.5 80277
9 7492.99 29972 80426.1
69
3 141.2 141.2 65916.7
4 291.339 1165.36 66233.7
2 153.595 153.595 66287
6 396.645 396.645 66268.5
9 283.324 283.324 66269.2
0 413.31 413.31 66625.6
5 282.45 282.45 66297.7
8 711.322 711.322 66424.5
1 643.599 643.599 66702.4
3 1853.58 1853.58 67935.3
9 2260.67 9042.68 68406.1
5 2250.56 2250.56 68363.4
4 2180.1 2180.1 68388.5
7 1298.22 1298.22 67643.7
6 2029.4 2029.4 68429.9
1 2489.46 2489.46 68870.5
3 3717.07 3717.07 69952.6
2 2275.52 9102.06 68586.4
0 1778.74 7114.98 68151.9
5 3326.18 3326.18 69691
2 3512.32 3512.32 70106.3
7 3264.23 3264.23 70311.5
8 1457.71 1457.71 68542.8
4 3306.68 3306.68 70432.9
0 3309.76 13239 70546.5
9 3082.72 12330.9 70549.3
1 3458.8 15335.2 70841.7
5 4209.49 4209.49 71622.3
2 4497.78 17991.1 72015.7
3 4181.61 18226.4 71842.6
4 4665.32 18661.3 72589.6
6 4395.21 17580.8 72306.5
1 4183.22 4183.22 72637.1
0 4215.28 4215.28 72533.6
9 4755.73 19022.9 73503.6
8 4553.02 18212.1 73164.9
7 4188.65 16754.6 73208.5
3 4279.36 4279.36 73868.7
5 4154 18116 74354.1
0 4634.32 18537.3 74091
2 3988.88 3988.88 74259.5
1 5031.86 20127.4 74959.6
3 5789.38 23157.5 75908.1
6 4207.1 4207.1 74353.3
7 5262.2 21048.8 76003.9
9 4782.1 19128.4 75588.3
4 3559.67 14238.7 74874.3
8 4444.22 4444.22 75999.7
0 4848.31 19393.2 75915.6
6 5074.21 20296.8 76107
2 6470.91 6470.91 77607.7
1 5638.41 24053.6 76921.5
0 6413.08 6413.08 77464.6
4 6485.46 6485.46 77753.5
5 5059.92 21739.7 76639.8
6 6724.15 26896.6 78263.3
8 7457.01 7457.01 79043.1
7 6087.17 24348.7 77800.4
0 7318.01 7318.01 79037.4
9 6055.06 24220.2 77999.2
2 7414.47 7414.47 79427.3
3 6522.18 26088.7 78742.4
1 6783.98 6783.98 79005.6
4 7953.46 7953.46 80196.1
6 7877.24 7877.24 80266.3
5 6965.56 29362.2 79138.7
9 8278.01 33112 80970.2
7 7669.05 32176.2 80577.6
3 8337.12 33348.5 81270.2
61
2 290.669 290.669 66064.8
4 238.928 238.928 66198
3 184.024 184.024 66222.7
5 225.508 225.508 66300
9 508.22 508.22 66417.6
1 627.799 627.799 66698.5
3 2111.32 2111.32 68175.7
0 542.908 2171.63 66687
5 2083.88 2083.88 68387.8
2 1549.6 1549.6 67632.4
4 1820.37 1820.37 68200.7
0 2412.2 9648.8 69062
9 1669.41 1669.41 67963.2
6 2646.86 2646.86 69185.2
7 1827.36 7309.42 68311.9
1 2134.06 2134.06 69422.5
8 635.395 635.395 67691.8
8 3558.39 14233.6 70689.7
9 2936 2936 70025.9
3 2976.19 11904.7 70000.7
2 2355.67 2355.67 69462.9
4 3383.16 3383.16 70633.2
5 2943.69 2943.69 70477.6
7 3060.88 13743.5 70578.8
2 3544.91 14179.6 71205.9
6 3417.69 13670.7 71341.9
0 3196.96 12787.8 71108.2
3 3342.19 3342.19 71796.1
0 5091.1 5091.1 73409.4
1 3222.39 12889.6 71970.2
9 3524.67 15598.7 72136.6
7 3636.64 14546.6 72656.5
5 3231.81 12927.2 72427.4
8 2902.96 11611.9 72670.2
4 3505.52 3505.52 73527.2
9 4239.82 4239.82 73963.1
3 3866.71 3866.71 73777.3
5 4309.04 17236.2 74190.5
8 4572.27 4572.27 74996.4
2 2672.59 2672.59 72967.3
1 3818.99 15276 74531
6 3067.22 18268.9 73414
2 6230.75 6230.75 76817.1
0 4485.21 4485.21 75160.7
6 4514.65 4514.65 75296.2
4 4674.24 4674.24 75929.7
7 4269.02 5769.02 75455
9 4541.31 6041.31 75951.9
0 6168.87 6168.87 77473.4
3 4554.08 6054.08 76084.1
5 4941.55 19766.2 76690.3
7 5625.16 5625.16 77249.9
6 5507.99 5507.99 77281.8
1 5596.91 22387.6 77436.4
3 5848.07 5848.07 77894.1
4 5706.63 5706.63 77855.6
8 6211.88 6211.88 78960
0 6671.32 6671.32 78993.3
6 6606.4 6606.4 79203
9 5278.85 21115.4 78301.2
4 7042.2 7042.2 80095.6
70
2 289.286 1157.14 66050
3 128.83 515.322 65929.7
5 305.807 305.807 66156.2
4 228.495 228.495 66270.2
0 562.309 562.309 66618.5
9 303.073 2712.29 66364.6
7 596.818 2387.27 67094
6 265.698 265.698 66605.1
1 649.338 2597.35 67163.2
2 1553.69 6214.77 67959.1
3 1257.13 5028.51 67728.6
4 1682.17 1682.17 68314.2
5 1455.93 7323.71 68005.7
8 738.832 738.832 67151.9
9 1632.57 6530.28 68246.8
0 1269.45 1269.45 68382.2
1 2036.84 8147.37 68987.6
3 2119.37 9977.47 69509.8
6 916.498 916.498 68001.9
2 2803.91 2803.91 70250
5 2208.55 2208.55 69904
8 2265.48 2265.48 69856.7
4 2525.79 2525.79 70282.1
0 2639.87 2639.87 70466.8
6 1939.88 1939.88 70555.8
9 1446.24 2946.24 70333.3
2 3429.6 3429.6 72067.2
4 3314.59 3314.59 72212.5
1 2613.96 11955.8 71543.2
7 2251.39 2251.39 71413.8
8 3283.25 13133 72408.5
0 2848.18 2848.18 72256.2
6 3000.54 3000.54 73027.2
3 1638.19 1638.19 71859.8
5 2027.02 3527.02 72157.4
2 3708.53 3708.53 73838
9 2299.98 2299.98 72771.3
1 3345.12 3345.12 73546.2
7 3095.92 13883.7 73810.5
3 4602.81 18411.3 74993.4
8 3723.66 14894.6 74630.8
4 3707.19 3707.19 74477.6
0 3508.78 14035.1 74781.4
1 4156.4 4156.4 75090.6
2 4691.28 4691.28 75651.9
5 4169.77 4169.77 75492.9
9 4483.4 4483.4 75818.5
4 4853.54 4853.54 76230.5
6 5530.71 5530.71 77048.3
0 5330.83 21323.3 77262.3
2 6625.97 6625.97 78807.5
3 5176.48 20705.9 76803.6
7 4984.24 21437 76705.9
1 5010.22 20040.9 77134.5
5 5528.44 5528.44 77494.3
9 5802.7 24710.8 77786.9
4 6554.69 26218.7 78677.4
3 6506.93 6506.93 78640.3
8 6473.99 25895.9 79257.9
7 6604.1 26416.4 78971.6
6 6886.58 6886.58 79317.1
5 7077.07 28308.3 79509.8
0 6686.16 6686.16 79340
1 6784.2 28636.8 79527.9
7 8354.46 34917.9 80963.4
9 6996.35 27985.4 79601.1
3 8113.36 32453.5 80911.2
5 8646.26 8646.26 81512.7
1 8926.82 8926.82 81791.7
4 7757.84 31031.3 80630.3
60
3 141.2 141.2 65916.7
4 291.339 1165.36 66233.7
2 153.595 153.595 66287
6 396.645 396.645 66268.5
9 283.324 283.324 66269.2
0 413.31 413.31 66625.6
5 282.45 282.45 66297.7
8 711.322 711.322 66424.5
1 643.599 643.599 66702.4
3 1853.58 1853.58 67935.3
9 2260.67 9042.68 68406.1
5 2250.56 2250.56 68363.4
4 2180.1 2180.1 68388.5
7 1298.22 1298.22 67643.7
6 2029.4 2029.4 68429.9
1 2489.46 2489.46 68870.5
3 3717.07 3717.07 69952.6
2 2275.52 9102.06 68586.4
0 1778.74 7114.98 68151.9
5 3326.18 3326.18 69691
2 3512.32 3512.32 70106.3
7 3264.23 3264.23 70311.5
8 1457.71 1457.71 68542.8
4 3306.68 3306.68 70432.9
0 3309.76 13239 70546.5
9 3082.72 12330.9 70549.3
1 3458.8 15335.2 70841.7
5 4209.49 4209.49 71622.3
2 4162.41 4162.41 71638.6
6 3334.84 3334.84 71635.5
3 2389.37 2389.37 71978.7
4 3463.05 13852.2 73663.1
0 3049.07 12196.3 72505.8
8 2652.31 2652.31 72922.9
9 2597.92 10391.7 72525.7
7 2232.21 8928.83 72350.9
2 2998.75 2998.75 73144.9
1 1907.39 7629.58 72649.1
5 2701.75 10807 73507.9
6 2750.11 11000.5 74064.7
0 3785.08 3785.08 75340.6
9 3282.94 14631.7 74350.2
2 3783.22 3783.22 74941.5
8 4144.97 4144.97 75921.6
4 4471.01 4471.01 75994.9
1 3040.37 13661.5 74225.6
3 3251.15 14504.6 74838.9
7 3518.85 14075.4 75480.5
5 4096.22 17884.9 75575.8
1 4483.46 19433.8 76207.7
2 4944.5 4944.5 76795.5
9 4313.95 4313.95 76174.3
6 5064.46 5064.46 77570.5
3 4144.45 16577.8 76873.6
4 5719.36 5719.36 78388.2
7 4851.51 19406 77456.6
5 4855.48 4855.48 77403.2
2 5974.68 5974.68 78625.8
8 4981.85 25927.4 78063.8
0 5001.44 5001.44 77803.7
59
2 289.286 1157.14 66050
3 128.83 515.322 65929.7
5 305.807 305.807 66156.2
4 228.495 228.495 66270.2
0 562.309 562.309 66618.5
9 303.073 2712.29 66364.6
7 596.818 2387.27 67094
6 265.698 265.698 66605.1
1 649.338 2597.35 67163.2
2 1553.69 6214.77 67959.1
3 1257.13 5028.51 67728.6
4 1682.17 1682.17 68314.2
5 1455.93 7323.71 68005.7
8 738.832 738.832 67151.9
9 1632.57 6530.28 68246.8
0 1269.45 1269.45 68382.2
1 2036.84 8147.37 68987.6
3 2119.37 9977.47 69509.8
6 916.498 916.498 68001.9
2 2803.91 2803.91 70250
5 2208.55 2208.55 69904
8 2265.48 2265.48 69856.7
4 2525.79 2525.79 70282.1
0 2639.87 2639.87 70466.8
6 1939.88 1939.88 70555.8
9 1446.24 2946.24 70333.3
2 3429.6 3429.6 72067.2
4 3314.59 3314.59 72212.5
1 2613.96 11955.8 71543.2
7 2251.39 2251.39 71413.8
8 3283.25 13133 72408.5
6 3207.64 3207.64 72561.2
3 2329.7 9318.81 71577
5 2704.37 2704.37 72230.6
9 2508.2 10032.8 72017.1
0 2865.29 11461.2 72879.3
4 4008.95 4008.95 74172.3
2 3669.47 3669.47 74030.8
3 3164.71 14158.8 73320.7
7 3094.27 3094.27 74158.5
1 2340.07 3840.07 73790.5
5 2868.84 4368.84 74027.1
8 3589.17 3589.17 75365.8
0 4502.97 4502.97 76026.8
9 3578.09 15812.4 74763.4
3 4065.36 17761.5 75653.1
5 4033.13 16132.5 75994.8
2 4467.23 17868.9 75946.8
1 3856.77 16927.1 75581
4 5155.41 5155.41 77006.4
9 4727.11 4727.11 76587.5
6 4997.25 4997.25 77503.3
3 4958.67 19834.7 77687.8
2 5312.26 5312.26 77981.1
1 4952.02 19808.1 77557.1
7 5616.42 5616.42 78164.1
0 6179.05 6179.05 78830.2
8 4426.05 23704.2 77508
4 6425.19 6425.19 79227.4
72
4 231.386 231.386 66044.5
3 132.604 530.416 65941.9
2 250.838 1003.35 66277.7
5 299.855 1199.42 66175.9
9 212.23 848.919 66148.4
0 556.263 2225.05 66467
1 673.715 673.715 66676.6
7 1005.02 1005.02 67038.7
3 1550.85 7703.41 67820.5
4 1907.25 1907.25 68006
5 1746.37 6985.48 67724.9
9 2370.75 9483.01 68672.1
1 2567.8 10271.2 68710.2
5 3322.67 3322.67 69720.8
7 3451.43 3451.43 69900.5
2 1726.67 1726.67 68220.8
0 1805.98 13223.9 68294.9
6 2690.27 10761.1 69051.3
8 606.269 2425.07 67421.8
3 3600.78 14403.1 70228.2
4 3242.83 12971.3 70071.7
8 2339.43 15357.7 72173
1 3965.54 3965.54 70993.1
0 2856 2856 69875.1
2 2959.05 11836.2 70162.3
6 3442.82 13771.3 70960.7
9 3367.44 14969.8 71028.4
0 3705.54 14822.1 71629.8
4 4000.19 16000.7 71911.5
5 3414 3414 71867.9
6 4943.59 4943.59 73261.9
7 4106.93 16427.7 72854.8
3 3565.11 15760.4 72177
9 4086.31 16345.2 73106.2
2 2464.07 2464.07 71811.9
1 3001.83 12007.3 72580.6
0 3471.58 3471.58 73487.1
2 4151.45 16605.8 74064.6
3 3271.39 3271.39 74013.8
5 3416.54 13666.2 74164.6
7 3901.53 3901.53 75008.4
4 3034.13 12136.5 73872.3
1 3309.25 13237 74521.6
8 2949.66 11798.6 74114.7
3 4643.44 4643.44 75843.1
9 4706.36 4706.36 75909.5
5 4798.78 4798.78 76136.1
6 3744.71 3744.71 75013.2
8 4532.89 18131.6 75671.1
0 4780.31 19121.2 76341
2 4876.13 4876.13 76557.6
4 4964.12 19856.5 76371
1 5310.01 22740 76601.3
6 5893.5 23574 77349.3
8 6007.58 6007.58 77488.1
3 6098.28 25893.1 77645.4
4 6536.71 6536.71 78342.5
9 5785.11 24640.4 77758.3
7 5626.94 24007.8 77841.5
0 7588.59 7588.59 79492.9
5 6090.27 6090.27 78124.4
1 6312.71 6312.71 78110.1
6 6971.84 6971.84 78898.3
8 7564.03 7564.03 79769.5
3 7242.15 30468.6 79386.8
1 7727.54 32410.2 80237.5
2 7456.19 7456.19 79886.8
9 7515.48 31561.9 80529.1
5 7031.92 29627.7 79409.4
4 8096.73 8096.73 80705.4
7 8068.29 32273.2 81088.5
6 7686.22 7686.22 80448.1
74
2 290.669 290.669 66064.8
4 238.928 238.928 66198
3 184.024 184.024 66222.7
5 225.508 225.508 66300
9 508.22 508.22 66417.6
1 627.799 627.799 66698.5
3 2111.32 2111.32 68175.7
0 542.908 2171.63 66687
5 2083.88 2083.88 68387.8
2 1549.6 1549.6 67632.4
4 1820.37 1820.37 68200.7
0 2412.2 9648.8 69062
9 1669.41 1669.41 67963.2
6 2646.86 2646.86 69185.2
7 1827.36 7309.42 68311.9
1 2134.06 2134.06 69422.5
8 635.395 635.395 67691.8
8 3558.39 14233.6 70689.7
9 2936 2936 70025.9
3 2976.19 11904.7 70000.7
2 2355.67 2355.67 69462.9
4 3383.16 3383.16 70633.2
5 2943.69 2943.69 70477.6
7 2779.52 2779.52 70475
6 3755.75 3755.75 71347
2 3243.21 3243.21 70999.5
0 3764.02 3764.02 71590.9
8 4627.65 4627.65 73243.6
2 4601.3 4601.3 73488.3
3 3180.23 4680.23 71817.8
4 4446.02 4446.02 73343.9
1 3568.42 15773.7 72497.7
9 2866.51 2866.51 72028.9
7 4364.78 18959.1 73490
6 5257.87 5257.87 74611.4
5 3158.48 12633.9 72405.8
3 4141.99 4141.99 73668.2
9 4894.2 19576.8 74403.1
0 3989.45 15957.8 74003.4
4 5140.38 5140.38 75303.7
5 4008.1 5508.1 74369.4
1 4244.66 18478.6 74400.7
7 4342.25 4342.25 75406.5
2 5096.54 5096.54 76547
3 4396.82 17587.3 75609.2
5 5146.06 22084.2 76311.1
1 5517.07 5517.07 76716.8
9 5997.1 5997.1 77200.3
3 6678.34 6678.34 78015.7
0 5332.44 5332.44 76600.9
8 5941.25 23765 77079.4
6 6116.83 24467.3 77677.5
4 6386.71 6386.71 78068.2
5 6725.98 28403.9 78132.8
8 7328.75 29315 78620.1
2 7427.29 29709.2 78883.1
0 7403.31 7403.31 78883.8
1 6971.91 29387.7 78519.1
8 8785.81 8785.81 80591.6
9 7075.85 29803.4 79049.1
7 6780.86 28623.4 78995.4
6 8925.11 8925.11 80829.4
3 7969.83 7969.83 80004
5 7844.2 7844.2 79641.6
2 8505.63 8505.63 80432.1
0 8959.76 8959.76 81165.3
1 8115.79 33963.1 80260.4
9 9111.12 37944.5 81621.1
4 8966.77 8966.77 81397.3
5 9251.91 38507.6 82265.6
3 8911.47 37145.9 81289
7 8654.81 10154.8 81263.5
1 9454.62 37818.5 82474.8
2 9220.01 9220.01 81981.9
64
4 231.386 231.386 66044.5
3 132.604 530.416 65941.9
2 250.838 1003.35 66277.7
5 299.855 1199.42 66175.9
9 212.23 848.919 66148.4
0 556.263 2225.05 66467
1 673.715 673.715 66676.6
7 1005.02 1005.02 67038.7
3 1550.85 7703.41 67820.5
4 1907.25 1907.25 68006
5 1746.37 6985.48 67724.9
9 2370.75 9483.01 68672.1
1 2567.8 10271.2 68710.2
5 3322.67 3322.67 69720.8
7 3451.43 3451.43 69900.5
2 1726.67 1726.67 68220.8
0 1805.98 13223.9 68294.9
6 2690.27 10761.1 69051.3
8 606.269 2425.07 67421.8
3 3600.78 14403.1 70228.2
4 3242.83 12971.3 70071.7
8 2339.43 15357.7 72173
1 3965.54 3965.54 70993.1
0 2856 2856 69875.1
2 2959.05 11836.2 70162.3
6 3099.45 3099.45 70583.6
9 3181.08 3181.08 70785.7
0 3757.4 15029.6 71419.7
5 3762.32 3762.32 71761.9
4 4142.42 4142.42 71990.6
2 4475.63 4475.63 72718.5
7 3593.97 14375.9 72088.4
3 5436.24 23245 73911.1
6 3557.98 14231.9 72132.4
0 4380.98 4380.98 73246.2
9 3724.93 3724.93 72618
4 4912.09 4912.09 74235.7
6 4614.39 4614.39 73884.8
8 5589.59 5589.59 74937.4
1 3001.83 12007.3 72580.6
2 5358.88 5358.88 75374.4
7 4775.13 20600.5 74688.3
5 3003.66 3003.66 73746
1 3640.69 14562.8 74388.8
9 3664.73 3664.73 74771.6
0 4330.3 17321.2 75168.5
6 4996.99 4996.99 76155.3
4 5958.24 5958.24 77734.9
0 5613.24 5613.24 77137.1
5 4137.3 18049.2 75322.6
1 4636.51 20046.1 76224.3
5 5328.59 21314.4 77290.3
6 6204.84 24819.3 77684.4
3 5549.96 23699.8 77274.2
2 6357.54 6357.54 78208.6
9 5368.1 5368.1 77228.5
8 5937.15 5937.15 78443.2
1 5529.82 22119.3 78259
0 6861.59 6861.59 79530.4
7 5563.45 22253.8 78168.5
9 6984.85 6984.85 79532.5
6 6863.58 6863.58 79514.7
3 7993.85 31975.4 81075.8
2 7627.32 7627.32 80429.6
66
2 290.669 290.669 66064.8
4 238.928 238.928 66198
3 184.024 184.024 66222.7
5 225.508 225.508 66300
9 508.22 508.22 66417.6
1 627.799 627.799 66698.5
3 2111.32 2111.32 68175.7
0 542.908 2171.63 66687
5 2083.88 2083.88 68387.8
2 1549.6 1549.6 67632.4
4 1820.37 1820.37 68200.7
0 2412.2 9648.8 69062
9 1669.41 1669.41 67963.2
6 2646.86 2646.86 69185.2
7 1827.36 7309.42 68311.9
1 2134.06 2134.06 69422.5
8 635.395 635.395 67691.8
8 3558.39 14233.6 70689.7
9 2936 2936 70025.9
3 2976.19 11904.7 70000.7
2 2355.67 2355.67 69462.9
4 3383.16 3383.16 70633.2
5 2943.69 2943.69 70477.6
7 3060.88 13743.5 70578.8
2 3544.91 14179.6 71205.9
6 3417.69 13670.7 71341.9
0 3196.96 12787.8 71108.2
3 3342.19 3342.19 71796.1
0 5091.1 5091.1 73409.4
1 3222.39 12889.6 71970.2
9 3524.67 15598.7 72136.6
7 3636.64 14546.6 72656.5
4 3240.63 3240.63 72588.4
5 2876.52 11506.1 72455.3
2 3047.7 3047.7 73063.2
8 2526.85 10107.4 72440
9 3230.95 3230.95 73973.3
3 3344.73 13378.9 74092.8
1 3016.98 3016.98 74123.9
6 2464.61 9858.45 73302.8
0 4183.56 4183.56 75144.1
5 2942.38 2942.38 74265.5
7 3958.11 3958.11 75293.3
2 3715.91 3715.91 75092.9
6 4268.98 4268.98 75786.5
4 4170.95 16683.8 76102.4
8 4695.57 4695.57 76877.1
9 4156.4 16625.6 75783.5
3 4170.94 18183.8 75892.6
5 4185.08 16740.3 76309.4
7 5323.15 5323.15 77289
0 5128.3 20513.2 77112.5
2 5417.06 21668.3 77539.7
1 5336.02 5336.02 77469.4
6 5712.69 22850.8 78496.6
3 5790.81 23163.2 78158.3
4 5767.66 5767.66 78198.2
9 5368.54 21474.2 77801.3
8 6577 6577 79230.9
5 5959.05 25336.2 78702.7
0 7910.55 31642.2 80519.4
7 6498.53 25994.1 79103.3
1 6942.45 27769.8 79740.2
9 6937.73 6937.73 79804.2
5 8101.68 8101.68 80966.5
2 6620.21 26480.8 79492.7
55
4 231.386 231.386 66044.5
3 132.604 530.416 65941.9
2 250.838 1003.35 66277.7
5 299.855 1199.42 66175.9
9 212.23 848.919 66148.4
0 556.263 2225.05 66467
1 673.715 673.715 66676.6
7 1005.02 1005.02 67038.7
3 1550.85 7703.41 67820.5
4 1907.25 1907.25 68006
5 1746.37 6985.48 67724.9
9 2370.75 9483.01 68672.1
1 2567.8 10271.2 68710.2
5 3322.67 3322.67 69720.8
7 3451.43 3451.43 69900.5
2 1726.67 1726.67 68220.8
0 1805.98 13223.9 68294.9
6 2690.27 10761.1 69051.3
8 606.269 2425.07 67421.8
3 3600.78 14403.1 70228.2
4 3242.83 12971.3 70071.7
8 2339.43 15357.7 72173
1 3965.54 3965.54 70993.1
0 2856 2856 69875.1
2 2959.05 11836.2 70162.3
6 3107.45 3107.45 70583.6
2 3654.94 3654.94 71955.6
9 1279.62 2779.62 70627.4
5 2119.7 8478.81 71698.5
0 2055.38 2055.38 72070.9
9 2967 13368 72880.2
7 1142.32 1142.32 71884.7
3 1458.35 5833.4 72206.4
1 2664.27 2664.27 73771.2
4 1597.82 6391.3 72436
6 1304.51 5218.05 72337.3
8 3012.59 3012.59 74149.3
5 2377.28 11009.1 73660.3
6 3213.32 3213.32 74264.8
0 3169.82 3169.82 74437.9
7 2513.55 11554.2 74093.4
3 2697.65 12290.6 74236.8
4 3265.8 3265.8 74851.9
5 3887.79 15551.2 75601.1
2 3380.64 3380.64 75100.1
3 4276.98 17107.9 76221.1
8 3956.15 3956.15 75969
7 4581.37 18325.5 76801.6
9 4519.73 4519.73 76741.3
6 3999.37 3999.37 76242
0 4356.68 4356.68 76745.7
4 4618 18472 76791.1
1 3756.62 15026.5 76448.8
2 4968.68 19874.7 77877.3
5 4716.49 18866 77649.6
63
4 231.386 231.386 66044.5
3 132.604 530.416 65941.9
2 250.838 1003.35 66277.7
5 299.855 1199.42 66175.9
9 212.23 848.919 66148.4
0 556.263 2225.05 66467
1 673.715 673.715 66676.6
7 1005.02 1005.02 67038.7
3 1550.85 7703.41 67820.5
4 1907.25 1907.25 68006
5 1746.37 6985.48 67724.9
9 2370.75 9483.01 68672.1
1 2567.8 10271.2 68710.2
5 3322.67 3322.67 69720.8
7 3451.43 3451.43 69900.5
2 1726.67 1726.67 68220.8
0 1805.98 13223.9 68294.9
6 2690.27 10761.1 69051.3
8 606.269 2425.07 67421.8
3 3600.78 14403.1 70228.2
4 3242.83 12971.3 70071.7
8 2339.43 15357.7 72173
1 3965.54 3965.54 70993.1
0 2856 2856 69875.1
2 2959.05 11836.2 70162.3
6 3177.85 3177.85 70924.4
9 2765.53 12562.1 70764.9
5 3844.23 3844.23 71857
7 3809.71 3809.71 71832.8
2 4078.65 4078.65 73008.1
0 3010.29 12041.2 71616.5
4 3044.55 12178.2 71497.4
6 5489.88 5489.88 74568
0 4891.01 4891.01 73910.2
3 2982.45 11929.8 72178
9 4507.2 19528.8 74274.4
4 3957.45 3957.45 73979.2
1 3096.3 3096.3 72819.5
7 3664.73 3664.73 73575.3
3 4059.69 16238.8 73941.1
2 5076.05 5076.05 75500.1
8 3734.68 3734.68 74029.4
5 3367.83 13471.3 74079.9
1 4006.31 16025.2 74353.1
6 6134.85 6134.85 76721.2
4 5156.65 5156.65 75832.1
8 5286.93 5286.93 76068.5
0 6080.74 6080.74 77336.2
7 4696.1 6196.1 75882.1
1 4931.33 6431.33 76341.9
3 4949.29 6449.29 76253.8
4 6608.89 6608.89 78138.9
5 5856.24 23425 77605
7 6052.25 6052.25 77677
8 6280.27 6280.27 78054
3 6172.85 24691.4 78012.3
1 6293.41 6293.41 78339.4
0 7113.12 7113.12 79262.1
2 6715.66 6715.66 79463.8
4 7336.83 7336.83 79658.8
8 7378.68 7378.68 79975.3
9 6304.82 25219.3 79327.1
6 7726.88 7726.88 80780.3
59
2 289.286 1157.14 66050
3 128.83 515.322 65929.7
5 305.807 305.807 66156.2
4 228.495 228.495 66270.2
0 562.309 562.309 66618.5
9 303.073 2712.29 66364.6
7 596.818 2387.27 67094
6 265.698 265.698 66605.1
1 649.338 2597.35 67163.2
2 1553.69 6214.77 67959.1
3 1257.13 5028.51 67728.6
4 1682.17 1682.17 68314.2
5 1455.93 7323.71 68005.7
8 738.832 738.832 67151.9
9 1632.57 6530.28 68246.8
0 1269.45 1269.45 68382.2
1 2036.84 8147.37 68987.6
3 2119.37 9977.47 69509.8
6 916.498 916.498 68001.9
2 2803.91 2803.91 70250
4 2782.66 2782.66 70266.8
5 2499.99 2499.99 70104.6
0 2805.82 11223.3 70468.2
9 2288.37 2288.37 70287.9
8 3113.51 3113.51 70961.7
6 2885.88 2885.88 71128.7
7 2425.68 9702.71 70920.1
1 3753.87 16515.5 72228.7
2 3224.41 12897.7 71798.8
4 3228.05 3228.05 72093.3
3 2449 2449 71342.1
0 3389.63 3389.63 72713.3
8 3443.75 3443.75 72714.1
6 5039.57 5039.57 74393.1
5 2924.54 11698.2 72171.8
9 2744.94 2744.94 72271.1
7 3095.04 12380.1 72604
2 4197.3 16789.2 74211.3
4 4157.1 4157.1 74320.4
8 4780.9 4780.9 75142.2
3 3185.12 14240.5 73341.1
1 3080.92 3080.92 74145.1
0 4282.61 4282.61 75733.1
5 2859.68 4359.68 74115.2
9 2895.13 4395.13 74081.1
7 4123.49 5623.49 75534
2 5746.41 5746.41 77050.9
4 5588.95 5588.95 77118.9
3 4092.21 16368.8 75840.9
5 4217.95 4217.95 75842.7
8 5716.62 5716.62 77490.4
9 4000.19 16000.8 75839.7
7 5485.57 5485.57 77531.6
0 5302 5302 77450.9
6 5608.63 5608.63 78356.7
2 6248.86 6248.86 78570.8
4 6313.25 6313.25 78909.9
3 5167.92 20671.7 78190.2
1 4379.48 5879.48 77432.9
73
3 141.2 141.2 65916.7
4 291.339 1165.36 66233.7
2 153.595 153.595 66287
6 396.645 396.645 66268.5
9 283.324 283.324 66269.2
0 413.31 413.31 66625.6
5 282.45 282.45 66297.7
8 711.322 711.322 66424.5
1 643.599 643.599 66702.4
3 1853.58 1853.58 67935.3
9 2260.67 9042.68 68406.1
5 2250.56 2250.56 68363.4
4 2180.1 2180.1 68388.5
7 1298.22 1298.22 67643.7
6 2029.4 2029.4 68429.9
1 2489.46 2489.46 68870.5
3 3717.07 3717.07 69952.6
2 2275.52 9102.06 68586.4
0 1778.74 7114.98 68151.9
5 3326.18 3326.18 69691
2 3512.32 3512.32 70106.3
7 3264.23 3264.23 70311.5
8 1457.71 1457.71 68542.8
4 3306.68 3306.68 70432.9
0 3309.76 13239 70546.5
9 3082.72 12330.9 70549.3
1 3458.8 15335.2 70841.7
5 4209.49 4209.49 71622.3
2 4162.41 4162.41 71638.6
6 3334.84 3334.84 71635.5
4 2838.27 2838.27 72246.3
8 1247.72 1247.72 71274.4
3 2081.01 2081.01 72302.6
0 3148.33 3148.33 73278.7
2 3279.93 3279.93 73409.4
7 2278.21 2278.21 72749.6
9 2351.22 2351.22 72552.3
1 2934.02 13236.1 73648.6
5 2794.88 11179.5 73185.5
8 2589.58 10358.3 73496.7
4 3741 3741 74511.5
9 3344.02 14876.1 74616.6
5 3795.67 3795.67 74729.9
3 4070.72 16282.9 75283.1
6 3772.53 15090.1 74937.6
7 4894.21 4894.21 76093.9
5 5357.05 5357.05 76560.2
9 5685.72 5685.72 77023.1
2 3993.88 3993.88 75262.4
4 4929.63 19718.5 76067.8
0 3912.55 15650.2 75473.2
8 4308.25 4308.25 75989.7
6 5352.45 21409.8 76759.3
1 5468.93 23375.7 76760.3
2 6142.68 24570.7 77598.5
4 6404.32 6404.32 77884.8
3 6009.21 25536.8 77556.4
6 6925.04 6925.04 78730.8
7 5969.48 25377.9 77942.7
0 6847.6 27390.4 79062.1
8 7237.37 7237.37 79141.7
5 6532.6 6532.6 78566.8
1 6471.63 6471.63 78269
2 7221.02 7221.02 79147.5
4 7960.77 7960.77 80166.3
9 6890.11 29060.4 79034.7
3 7173.85 30195.4 79683.8
6 8101.57 8101.57 80532.1
7 7699.85 32299.4 80713.5
5 7474.25 31397 79851.7
0 8721.55 8721.55 81330.3
1 7055.64 28222.5 80075.8
2 7935.4 7935.4 80697.3
59
3 141.2 141.2 65916.7
4 291.339 1165.36 66233.7
2 153.595 153.595 66287
6 396.645 396.645 66268.5
9 283.324 283.324 66269.2
0 413.31 413.31 66625.6
5 282.45 282.45 66297.7
8 711.322 711.322 66424.5
1 643.599 643.599 66702.4
3 1853.58 1853.58 67935.3
9 2260.67 9042.68 68406.1
5 2250.56 2250.56 68363.4
4 2180.1 2180.1 68388.5
7 1298.22 1298.22 67643.7
6 2029.4 2029.4 68429.9
1 2489.46 2489.46 68870.5
3 3717.07 3717.07 69952.6
2 2275.52 9102.06 68586.4
0 1778.74 7114.98 68151.9
5 3326.18 3326.18 69691
2 3512.32 3512.32 70106.3
7 3264.23 3264.23 70311.5
8 1457.71 1457.71 68542.8
4 3306.68 3306.68 70432.9
0 3309.76 13239 70546.5
9 3082.72 12330.9 70549.3
1 3458.8 15335.2 70841.7
5 4209.49 4209.49 71622.3
2 4162.41 4162.41 71638.6
6 3334.84 3334.84 71635.5
3 2816.97 11267.9 72012.5
8 1008 4032 70775.2
4 2892.88 2892.88 72914.6
9 2790.09 2790.09 72513.3
1 2673.6 2673.6 72584.2
7 2911.75 11647 72793.2
8 2677.3 2677.3 73101.4
0 2108.13 2108.13 72402.8
5 3865.77 15463.1 74577.8
3 3199.31 12797.2 73546.1
6 3988.11 3988.11 74574.5
2 2714.35 2714.35 73389.8
0 3660.39 3660.39 74442
4 4061.61 4061.61 75317.1
2 4510.59 4510.59 75696.6
9 3091.58 4591.58 74502.1
1 3592.39 5092.39 74896.9
7 3569.93 5069.93 75099.9
3 3821.44 15285.7 75570.2
9 4604.92 4604.92 76229.7
0 4653.73 4653.73 76427.5
1 4815.95 19263.8 76655.4
7 4863.92 4863.92 76909.9
8 4880.04 4880.04 77029
4 5395.36 5395.36 78143.5
2 4894.53 4894.53 77216.5
0 5752.13 5752.13 78348.8
3 4897.15 19588.6 77919.5
6 5580.14 5580.14 78633.5
80
3 141.2 141.2 65916.7
4 291.339 1165.36 66233.7
2 153.595 153.595 66287
6 396.645 396.645 66268.5
9 283.324 283.324 66269.2
0 413.31 413.31 66625.6
5 282.45 282.45 66297.7
8 711.322 711.322 66424.5
1 643.599 643.599 66702.4
3 1853.58 1853.58 67935.3
9 2260.67 9042.68 68406.1
5 2250.56 2250.56 68363.4
4 2180.1 2180.1 68388.5
7 1298.22 1298.22 67643.7
6 2029.4 2029.4 68429.9
1 2489.46 2489.46 68870.5
3 3717.07 3717.07 69952.6
2 2275.52 9102.06 68586.4
0 1778.74 7114.98 68151.9
5 3326.18 3326.18 69691
2 3512.32 3512.32 70106.3
7 3264.23 3264.23 70311.5
8 1457.71 1457.71 68542.8
4 3306.68 3306.68 70432.9
0 3309.76 13239 70546.5
9 3082.72 12330.9 70549.3
1 3458.8 15335.2 70841.7
5 4209.49 4209.49 71622.3
2 4497.78 17991.1 72015.7
3 4181.61 18226.4 71842.6
4 4665.32 18661.3 72589.6
6 4395.21 17580.8 72306.5
1 4183.22 4183.22 72637.1
0 4215.28 4215.28 72533.6
9 4755.73 19022.9 73503.6
8 4553.02 18212.1 73164.9
7 4188.65 16754.6 73208.5
2 3963.7 3963.7 73371.7
6 6085.07 6085.07 76111.8
3 3971 3971 74192.6
4 4712.55 4712.55 74842.9
0 4174.97 4174.97 74304.4
5 3953.96 3953.96 74425.3
1 4743.9 4743.9 74945
2 4928.63 19714.5 75643.3
7 5371.23 21484.9 75761.8
8 6114.18 24456.7 77021.4
0 5799.14 5799.14 76569.6
9 5258.69 22534.8 76531.3
1 5555.19 5555.19 76489.4
3 5960.71 23842.9 77173.1
7 6400.86 27103.4 77565.9
5 6569.96 6569.96 77769.6
1 7116.56 7116.56 78319.7
9 7600.39 7600.39 78937.7
4 6450.89 6450.89 77719.4
0 6987.77 27951.1 78125.9
2 6277.13 25108.5 77837.8
6 6923.27 6923.27 78604.8
7 7980.78 33423.1 79387.6
3 7961.47 33345.9 79252.8
0 8507.78 34031.1 79963.6
4 8521.75 8521.75 80002.3
5 8024.81 33599.2 79572
8 9054.79 9054.79 80860.6
1 8195.31 34281.3 80168.5
2 9212.18 36848.7 81426.7
6 9852.39 9852.39 81756.7
9 8891.88 8891.88 80926
3 8964.17 8964.17 80761.5
0 9586.12 9586.12 81512.6
4 10078.2 10078.2 82283.7
7 8984.36 37437.4 81129
5 9189.44 38257.8 81699.4
8 10231.3 10231.3 82661.9
1 9925.69 41202.7 82939.4
9 9833.52 40834.1 82211
2 11086.1 11086.1 83694.9
3 9548.18 38192.7 82568.4
0 10300.5 10300.5 83062.4
71
4 231.386 231.386 66044.5
3 132.604 530.416 65941.9
2 250.838 1003.35 66277.7
5 299.855 1199.42 66175.9
9 212.23 848.919 66148.4
0 556.263 2225.05 66467
1 673.715 673.715 66676.6
7 1005.02 1005.02 67038.7
3 1550.85 7703.41 67820.5
4 1907.25 1907.25 68006
5 1746.37 6985.48 67724.9
9 2370.75 9483.01 68672.1
1 2567.8 10271.2 68710.2
5 3322.67 3322.67 69720.8
7 3451.43 3451.43 69900.5
2 1726.67 1726.67 68220.8
0 1805.98 13223.9 68294.9
6 2690.27 10761.1 69051.3
8 606.269 2425.07 67421.8
3 3600.78 14403.1 70228.2
4 3242.83 12971.3 70071.7
8 2339.43 15357.7 72173
1 3965.54 3965.54 70993.1
0 2856 2856 69875.1
2 2959.05 11836.2 70162.3
6 3099.45 3099.45 70583.6
9 3181.08 3181.08 70785.7
0 3757.4 15029.6 71419.7
5 3762.32 3762.32 71761.9
4 4142.42 4142.42 71990.6
2 4475.63 4475.63 72718.5
7 3593.97 14375.9 72088.4
3 5436.24 23245 73911.1
6 3557.98 14231.9 72132.4
0 4380.98 4380.98 73246.2
9 3724.93 3724.93 72618
4 4912.09 4912.09 74235.7
6 4614.39 4614.39 73884.8
8 4578.4 4578.4 73986.4
2 5849.69 5849.69 75876.4
1 3643.02 3643.02 73864.6
7 4313.23 5813.23 74443.6
0 4887.6 4887.6 75017.1
5 4023.87 4023.87 74495.2
9 5214.73 5214.73 75415.8
6 5441.67 21766.7 76156.3
9 6588.37 26353.5 76978.9
3 5226.23 22404.9 76133.4
8 5481.13 5481.13 76251.6
4 5990.84 23963.4 77263.4
1 6046.69 6046.69 76980.9
0 6042.56 24170.3 77075.3
8 6964.34 6964.34 78101.1
7 6600.86 27903.4 77883.9
0 7951.37 7951.37 79002.9
5 6106.41 7606.41 77374.5
6 7519.95 30079.8 79099.8
9 7470.15 31380.6 79009.3
4 7693.52 7693.52 79279.6
1 7064.17 28256.7 78777.4
8 7954.52 7954.52 79673.9
5 7841.28 31365.1 79785.4
2 7884.36 7884.36 79897.2
7 7778.68 31114.7 79998.9
3 7772.96 7772.96 79994.6
0 8737.42 8737.42 80980
8 9093.01 9093.01 81482.1
9 8176.47 34205.9 80349.6
1 9408.46 37633.8 82100.6
6 8435.62 33742.5 81344.2
5 9020.5 36082 81953.6
63
3 141.2 141.2 65916.7
4 291.339 1165.36 66233.7
2 153.595 153.595 66287
6 396.645 396.645 66268.5
9 283.324 283.324 66269.2
0 413.31 413.31 66625.6
5 282.45 282.45 66297.7
8 711.322 711.322 66424.5
1 643.599 643.599 66702.4
3 1853.58 1853.58 67935.3
9 2260.67 9042.68 68406.1
5 2250.56 2250.56 68363.4
4 2180.1 2180.1 68388.5
7 1298.22 1298.22 67643.7
6 2029.4 2029.4 68429.9
1 2489.46 2489.46 68870.5
3 3717.07 3717.07 69952.6
2 2275.52 9102.06 68586.4
0 1778.74 7114.98 68151.9
5 3326.18 3326.18 69691
2 3512.32 3512.32 70106.3
7 3264.23 3264.23 70311.5
8 1457.71 1457.71 68542.8
4 3306.68 3306.68 70432.9
0 3309.76 13239 70546.5
9 3082.72 12330.9 70549.3
1 3458.8 15335.2 70841.7
5 4209.49 4209.49 71622.3
2 4497.78 17991.1 72015.7
3 4181.61 18226.4 71842.6
4 4665.32 18661.3 72589.6
6 4395.21 17580.8 72306.5
1 4183.22 4183.22 72637.1
0 4215.28 4215.28 72533.6
9 4755.73 19022.9 73503.6
8 4553.02 18212.1 73164.9
7 4188.65 16754.6 73208.5
2 4909.14 4909.14 74256.9
5 3631.09 14524.3 73209.9
6 4148.27 4148.27 74163.8
3 5027.04 21608.2 74940.2
1 4212.96 4212.96 74955.3
5 4269.94 17079.8 75018
7 4255.25 4255.25 75362.1
0 3617.68 14470.7 74455.8
4 3701.8 3701.8 74860.1
8 5260.77 5260.77 77037.4
0 4900.62 4900.62 76424.5
4 5251.34 21005.4 76436.6
9 4740.2 20460.8 76327.9
1 4961.34 19845.4 76923
6 5203.61 20814.4 76683.2
2 5249.59 20998.4 76973.8
4 6439.63 6439.63 78290.6
5 4981.77 4981.77 76842.1
6 6182.99 6182.99 78689.1
9 5633.51 22534 78362.7
0 6148.97 6148.97 78817.8
7 5459.4 21837.6 78064.5
3 6398.14 6398.14 78945.8
2 6619.08 6619.08 79270.2
5 7561.78 30247.1 80643.7
8 7482.97 7482.97 80285.2
67
3 141.2 141.2 65916.7
4 291.339 1165.36 66233.7
2 153.595 153.595 66287
6 396.645 396.645 66268.5
9 283.324 283.324 66269.2
0 413.31 413.31 66625.6
5 282.45 282.45 66297.7
8 711.322 711.322 66424.5
1 643.599 643.599 66702.4
3 1853.58 1853.58 67935.3
9 2260.67 9042.68 68406.1
5 2250.56 2250.56 68363.4
4 2180.1 2180.1 68388.5
7 1298.22 1298.22 67643.7
6 2029.4 2029.4 68429.9
1 2489.46 2489.46 68870.5
3 3717.07 3717.07 69952.6
2 2275.52 9102.06 68586.4
0 1778.74 7114.98 68151.9
5 3326.18 3326.18 69691
2 3512.32 3512.32 70106.3
7 3264.23 3264.23 70311.5
8 1457.71 1457.71 68542.8
4 3306.68 3306.68 70432.9
0 3309.76 13239 70546.5
9 3082.72 12330.9 70549.3
1 3458.8 15335.2 70841.7
5 4209.49 4209.49 71622.3
2 4497.78 17991.1 72015.7
3 4181.61 18226.4 71842.6
4 4665.32 18661.3 72589.6
6 4395.21 17580.8 72306.5
1 4183.22 4183.22 72637.1
0 4215.28 4215.28 72533.6
9 4755.73 19022.9 73503.6
8 4553.02 18212.1 73164.9
7 4188.65 16754.6 73208.5
3 4279.36 4279.36 73868.7
5 4154 18116 74354.1
0 4634.32 18537.3 74091
2 3988.88 3988.88 74259.5
1 5031.86 20127.4 74959.6
3 5789.38 23157.5 75908.1
6 4207.1 4207.1 74353.3
7 5262.2 21048.8 76003.9
9 4782.1 19128.4 75588.3
4 3559.67 14238.7 74874.3
8 4444.22 4444.22 75999.7
0 4848.31 19393.2 75915.6
6 4991.57 4991.57 76149.8
2 5481.54 5481.54 77258.2
4 6411.48 6411.48 77935.4
1 5350.88 22903.5 76536.2
5 5590.7 23862.8 77178.4
7 6009.92 24039.7 77971.6
0 5965.15 23860.6 77444.7
9 5654.53 24118.1 77378.8
6 6152.85 6152.85 78003.9
3 6154.94 6154.94 78015.3
0 6944.53 6944.53 79450.6
1 5841.73 23366.9 78570.9
8 6397.99 6397.99 79066.8
9 6749.78 26999.1 79354.9
5 6458.12 6458.12 79005.8
6 7183.03 7183.03 79834.2
2 6318.42 31273.7 79400.4
4 6881.6 6881.6 79683.8
65
3 141.2 141.2 65916.7
4 291.339 1165.36 66233.7
2 153.595 153.595 66287
6 396.645 396.645 66268.5
9 283.324 283.324 66269.2
0 413.31 413.31 66625.6
5 282.45 282.45 66297.7
8 711.322 711.322 66424.5
1 643.599 643.599 66702.4
3 1853.58 1853.58 67935.3
9 2260.67 9042.68 68406.1
5 2250.56 2250.56 68363.4
4 2180.1 2180.1 68388.5
7 1298.22 1298.22 67643.7
6 2029.4 2029.4 68429.9
1 2489.46 2489.46 68870.5
3 3717.07 3717.07 69952.6
2 2275.52 9102.06 68586.4
0 1778.74 7114.98 68151.9
5 3326.18 3326.18 69691
2 3512.32 3512.32 70106.3
7 3264.23 3264.23 70311.5
8 1457.71 1457.71 68542.8
4 3306.68 3306.68 70432.9
0 3309.76 13239 70546.5
9 3082.72 12330.9 70549.3
1 3458.8 15335.2 70841.7
5 4209.49 4209.49 71622.3
3 4114.11 4114.11 71809.6
6 4242.85 4242.85 71834.1
2 3886.58 3886.58 71642.9
4 4549.38 4549.38 72376.3
8 3247.92 3247.92 71863.9
0 3745.87 3745.87 72632.9
2 4822.45 4822.45 73460
9 3605.19 5105.19 72503.1
1 4022.84 17591.4 72952.1
7 3955.72 3955.72 73118.1
8 4653.13 18612.5 73778.4
6 4805.66 4805.66 74153.5
5 3631.09 14524.3 73209.9
4 4556.62 4556.62 74572.1
0 5319.63 21278.5 75232.8
3 3385.44 3385.44 74127.8
9 4051.72 16206.9 74799.8
7 4164.85 4164.85 75271.7
2 4544.09 18176.4 75382.3
1 3734.56 5234.56 74892.8
8 4959.05 4959.05 76735.7
4 5380.02 5380.02 76903.9
5 3601.14 15904.5 74786.4
3 4375.54 19002.2 75963.3
5 4792.44 19169.7 76754.1
9 4849.38 20897.5 76329
6 5146.11 20584.5 76870.4
2 6061.75 6061.75 77912.8
1 4856.57 4856.57 76716.9
6 6844.72 6844.72 79350.8
3 5268.85 21075.4 77998
0 6395.11 6395.11 79063.9
7 5369 21476 77974.1
9 5608.64 5608.64 78156.3
4 7056.1 7056.1 79707.3
8 5795.93 29183.7 78877.9
1 5811.16 7311.16 78613.4
84
3 141.2 141.2 65916.7
4 291.339 1165.36 66233.7
2 153.595 153.595 66287
6 396.645 396.645 66268.5
9 283.324 283.324 66269.2
0 413.31 413.31 66625.6
5 282.45 282.45 66297.7
8 711.322 711.322 66424.5
1 643.599 643.599 66702.4
3 1853.58 1853.58 67935.3
9 2260.67 9042.68 68406.1
5 2250.56 2250.56 68363.4
4 2180.1 2180.1 68388.5
7 1298.22 1298.22 67643.7
6 2029.4 2029.4 68429.9
1 2489.46 2489.46 68870.5
3 3717.07 3717.07 69952.6
2 2275.52 9102.06 68586.4
0 1778.74 7114.98 68151.9
5 3326.18 3326.18 69691
2 3512.32 3512.32 70106.3
7 3264.23 3264.23 70311.5
8 1457.71 1457.71 68542.8
4 3306.68 3306.68 70432.9
0 3309.76 13239 70546.5
9 3082.72 12330.9 70549.3
1 3458.8 15335.2 70841.7
5 4209.49 4209.49 71622.3
2 4154.41 4154.41 71638.6
3 4001.26 4001.26 71605.9
4 4725.5 18902 72387.8
9 4590.87 4590.87 72590.4
0 4617.22 4617.22 72465.4
6 4069.25 4069.25 72312.1
7 3745.95 14983.8 72240.4
8 2357.18 9428.74 70832
1 3816.07 16764.3 72390.5
2 4599.8 4599.8 73465
3 4545.11 4545.11 73438.2
8 5260.4 5260.4 74584
4 4869.88 4869.88 74140.3
5 3945.89 15783.5 73141.5
6 5822.75 23291 75590
0 4429.79 4429.79 74451.5
1 4493.69 4493.69 74216.9
9 4734.45 4734.45 74645.1
7 4840.62 19362.5 74722
6 7492.05 7492.05 77916.1
2 4968.54 4968.54 75263.2
3 5286.92 21147.7 75999
5 4328.23 17312.9 74675
4 7403.73 7403.73 77990.1
0 5628.99 5628.99 76304.5
8 6182.37 6182.37 76963.9
1 4945.57 19782.3 76158
5 5314.06 22756.2 76479.1
9 5761.47 5761.47 76961.2
7 5815.28 5815.28 77018.4
5 7113.28 7113.28 78450.6
2 5847.71 5847.71 77116.2
0 7261.02 29044.1 78399.2
3 6632.84 28031.4 78193.5
8 8382.49 8382.49 80064
1 7053.31 29713.2 78460.2
9 7210.49 30342 78501.8
7 7400.28 31101.1 78856.1
2 7918.58 7918.58 79399.1
0 8654.35 34617.4 80201.5
2 9564.82 9564.82 81370.6
1 8335.76 34843 80309
9 9071.52 37786.1 81286.1
6 9932.53 9932.53 81836.8
5 8404.77 8404.77 80438.9
7 8567.48 8567.48 80364.8
0 9824.01 9824.01 81750.5
4 10036.8 10036.8 82242.3
3 9656.99 40128 81801.6
7 9982.32 41429.3 82492.3
2 10741.3 10741.3 83171.9
1 10066.1 41764.5 83079.8
5 9346.41 38885.7 81723.9
8 10011.7 10011.7 82620.4
5 10818.7 43274.7 83838.9
0 10538.4 10538.4 83300.3
66
4 231.386 231.386 66044.5
3 132.604 530.416 65941.9
2 250.838 1003.35 66277.7
5 299.855 1199.42 66175.9
9 212.23 848.919 66148.4
0 556.263 2225.05 66467
1 673.715 673.715 66676.6
7 1005.02 1005.02 67038.7
3 1550.85 7703.41 67820.5
4 1907.25 1907.25 68006
5 1746.37 6985.48 67724.9
9 2370.75 9483.01 68672.1
1 2567.8 10271.2 68710.2
5 3322.67 3322.67 69720.8
7 3451.43 3451.43 69900.5
2 1726.67 1726.67 68220.8
0 1805.98 13223.9 68294.9
6 2690.27 10761.1 69051.3
8 606.269 2425.07 67421.8
3 3600.78 14403.1 70228.2
4 3242.83 12971.3 70071.7
8 2339.43 15357.7 72173
1 3965.54 3965.54 70993.1
0 2856 2856 69875.1
2 2959.05 11836.2 70162.3
6 3107.45 3107.45 70583.6
2 3654.94 3654.94 71955.6
0 2256.46 2256.46 71664.5
9 2400.58 3900.58 72427.3
5 2236.5 2236.5 72458.1
4 2673.53 2673.53 72803.9
6 2224.98 2224.98 72354.4
7 2162.53 2162.53 72633.9
3 2030.13 2030.13 72231.2
0 3221.39 12885.5 73936
1 2165.63 8662.52 72556.2
2 3686.83 14747.3 74594
8 3330.59 3330.59 74101
3 3022.94 13591.7 74295.5
1 3166.41 3166.41 74100.6
6 3207.73 3207.73 74168.3
5 4470.5 4470.5 75793.6
7 4345.95 4345.95 75681.1
4 4006.76 4006.76 75383.7
8 4400.61 4400.61 75918.2
1 4141.52 18066.1 76073
6 5142.42 5142.42 77324
9 4817.3 19269.2 76444.4
3 4445.19 19280.8 76166.9
5 5713.2 22852.8 77837.5
7 5710.98 5710.98 77676.9
0 5367.7 21470.8 77351.9
4 5707.91 22831.6 77830.6
9 6147.75 6147.75 78281.1
8 5844.32 23377.3 78628.3
1 5971.17 23884.7 78338.7
2 5767.97 5767.97 78198.5
3 6179.63 24718.5 78612.4
6 7023.84 7023.84 79677.7
0 6873.25 27493 79616.9
1 7721.54 32386.1 80330.4
5 6854.27 27417.1 79459
7 7460.91 29843.6 80258.7
9 7395 7395 80261.4
3 7681.41 7681.41 80546.3
4 6911.06 27644.2 79783.5
66
2 289.286 1157.14 66050
3 128.83 515.322 65929.7
5 305.807 305.807 66156.2
4 228.495 228.495 66270.2
0 562.309 562.309 66618.5
9 303.073 2712.29 66364.6
7 596.818 2387.27 67094
6 265.698 265.698 66605.1
1 649.338 2597.35 67163.2
2 1553.69 6214.77 67959.1
3 1257.13 5028.51 67728.6
4 1682.17 1682.17 68314.2
5 1455.93 7323.71 68005.7
8 738.832 738.832 67151.9
9 1632.57 6530.28 68246.8
0 1269.45 1269.45 68382.2
1 2036.84 8147.37 68987.6
3 2119.37 9977.47 69509.8
6 916.498 916.498 68001.9
2 2803.91 2803.91 70250
4 2782.66 2782.66 70266.8
5 2499.99 2499.99 70104.6
0 2805.82 11223.3 70468.2
9 2288.37 2288.37 70287.9
8 3113.51 3113.51 70961.7
6 2885.88 2885.88 71128.7
7 2425.68 9702.71 70920.1
1 3753.87 16515.5 72228.7
2 3224.41 12897.7 71798.8
4 3228.05 3228.05 72093.3
3 2449 2449 71342.1
0 3389.63 3389.63 72713.3
8 3443.75 3443.75 72714.1
5 2968.98 11875.9 72164.6
6 4639.38 18557.5 74406.6
2 3763.17 3763.17 73784.9
9 2528.67 2528.67 72251.9
7 3679.52 3679.52 73590.1
3 3801.4 15205.6 73682.8
1 4296.6 5796.6 74720.7
4 3596.79 3596.79 73891.5
5 4408.02 17632.1 75120.1
9 3438.68 13754.7 73785.4
6 5758.94 5758.94 76345.3
8 3891.61 3891.61 74567.1
0 4311.6 4311.6 75093.2
2 4810.38 19241.5 75843.1
4 5077.21 5077.21 76214
9 4464.25 19357 75747.3
8 5602.75 5602.75 76654.2
7 4170.21 5670.21 75438.3
3 4167.52 18170.1 75747.4
0 6063.94 24255.8 77603.1
2 6214.88 6214.88 77801
9 5974.76 23899 77688
4 6067.39 6067.39 77786.8
7 5905.07 23620.3 77849.2
8 6461.06 6461.06 78473.9
5 6146.88 24587.5 78367.1
3 6141.47 6141.47 78363.1
0 7443.73 7443.73 79686.3
4 7205.89 7205.89 79595
1 6768.02 28572.1 78941.1
7 8128.03 32512.1 80820.2
2 7128.37 28513.5 80037
9 6803.46 27213.9 79736.5
51
2 289.286 1157.14 66050
3 128.83 515.322 65929.7
5 305.807 305.807 66156.2
4 228.495 228.495 66270.2
0 562.309 562.309 66618.5
9 303.073 2712.29 66364.6
7 596.818 2387.27 67094
6 265.698 265.698 66605.1
1 649.338 2597.35 67163.2
2 1553.69 6214.77 67959.1
3 1257.13 5028.51 67728.6
4 1682.17 1682.17 68314.2
5 1455.93 7323.71 68005.7
8 738.832 738.832 67151.9
9 1632.57 6530.28 68246.8
0 1269.45 1269.45 68382.2
1 2036.84 8147.37 68987.6
3 2119.37 9977.47 69509.8
6 916.498 916.498 68001.9
2 2803.91 2803.91 70250
4 2790.66 2790.66 70266.8
8 1285.53 1285.53 69586.2
5 329.248 1316.99 69524.8
6 241.644 966.575 70008.9
0 853.871 853.871 70875.6
9 487.579 487.579 70210.8
1 1058.18 1058.18 70968.8
5 1406.49 5625.94 71287.9
6 1910.95 1910.95 72335
2 1753.54 1753.54 72048.2
7 1175.21 4700.84 71887.3
3 1235.08 4940.32 71581.8
8 1938.8 1938.8 72525.1
4 1342.61 1342.61 72018.1
0 2133.16 2133.16 72914.7
9 898.648 2398.65 72154.1
4 3138.84 3138.84 74324.8
2 3086 3086 74496.6
1 1976.97 3476.97 73281.5
3 1861.84 3361.84 73391.8
5 2039 8155.98 73787.7
9 2256.92 2256.92 73881.7
0 3126.49 3126.49 74900.3
7 2953.13 11812.5 74792.6
1 3045.47 3045.47 75091.5
6 4113.69 4113.69 76262.6
8 3740.67 3740.67 76488.8
4 3522.78 3522.78 75844.7
2 3827.36 3827.36 76424
3 2413.44 9653.76 75435.8
0 4086.89 4086.89 77140.3
48
3 162.574 162.574 65884.6
0 532.056 2128.22 66366.6
4 856.912 3427.65 66625.7
5 298.417 1193.67 66129.1
9 350.002 350.002 66407.1
2 310.809 310.809 66491.5
1 499.495 499.495 66446.9
3 1608.83 6435.31 68008.7
2 2156.08 2156.08 68542.7
6 2711.31 2711.31 69163.3
5 1419.91 1419.91 67928.7
9 1699.02 6796.09 68215
1 1520.52 7582.07 68311.9
7 2487.67 2487.67 69194.4
0 1607.5 6429.99 68515.8
1 4100.5 4100.5 70605.7
3 4491.76 4491.76 71424.6
5 4792.83 4792.83 71508
4 1885.99 1885.99 69396.9
9 2667.47 12169.9 70032
2 3019.17 3019.17 70495.3
8 1690.28 1690.28 69991
0 1957.26 1957.26 71310.8
7 1875.26 7501.06 71122.6
9 2356.19 2356.19 71882.4
1 3492.98 13971.9 73001.9
6 1561.81 6247.25 71575.8
4 1868.47 1868.47 72031.8
2 2097.63 2097.63 72458.9
8 2363.26 9453.05 72519.3
3 2276.83 2276.83 73341.1
6 3183.99 3183.99 74634.4
2 3250.42 3250.42 74505.9
7 1746.57 3246.57 72932.6
8 3557.05 3557.05 74967.6
4 3533.63 3533.63 74838.1
9 2162.38 3662.38 73692.4
7 3207.92 12831.7 74956.7
5 3678.36 3678.36 75303.1
0 3978.07 3978.07 75751.8
9 3611.44 14445.8 75450.9
1 3794.22 3794.22 75840.2
6 4203.37 4203.37 76352.3
2 4584.17 4584.17 77332.3
4 4036.08 4036.08 76358
8 4298.41 4298.41 76895
7 4283.63 17134.5 77305.9
0 4938.47 4938.47 77991.8
50
2 289.286 1157.14 66050
3 128.83 515.322 65929.7
5 305.807 305.807 66156.2
4 228.495 228.495 66270.2
0 562.309 562.309 66618.5
9 303.073 2712.29 66364.6
7 596.818 2387.27 67094
6 265.698 265.698 66605.1
1 649.338 2597.35 67163.2
2 1553.69 6214.77 67959.1
3 1257.13 5028.51 67728.6
4 1682.17 1682.17 68314.2
5 1455.93 7323.71 68005.7
8 738.832 738.832 67151.9
9 1632.57 6530.28 68246.8
0 1269.45 1269.45 68382.2
1 2036.84 8147.37 68987.6
3 2119.37 9977.47 69509.8
6 916.498 916.498 68001.9
2 2803.91 2803.91 70250
4 2790.66 2790.66 70266.8
8 1285.53 1285.53 69586.2
6 653.709 653.709 70007.3
5 284.978 1139.91 69532.3
9 703.847 703.847 70230
7 1462.31 5849.22 70971.2
0 559.914 2239.65 70573.9
8 2057.77 2057.77 72221.1
2 1852.35 1852.35 72213.6
1 331.578 2826.31 70487.6
3 1464.25 1464.25 72528.5
4 877.719 877.719 72328.2
5 213.792 1713.79 71372.1
0 1490.93 1490.93 73267.6
9 1103.4 2603.4 72627.3
1 1418.96 7175.86 72604.2
5 1619.8 7979.2 73207.5
7 2139.18 8556.72 74100.8
2 2650.11 10600.4 74129.7
4 2394.42 9577.67 74118.7
6 3030.35 3030.35 74881.4
1 2567.99 2567.99 74428.3
8 2699.77 2699.77 75205.9
5 2513.11 10052.4 75242.3
2 3495.14 3495.14 76164
9 2030.35 8121.41 74635.4
7 3857.23 3857.23 76404.9
4 3763.9 3763.9 76415.1
3 1588.67 6354.68 74670.6
0 3713.14 3713.14 76515.4
67
2 289.286 1157.14 66050
3 128.83 515.322 65929.7
5 305.807 305.807 66156.2
4 228.495 228.495 66270.2
0 562.309 562.309 66618.5
9 303.073 2712.29 66364.6
7 596.818 2387.27 67094
6 265.698 265.698 66605.1
1 649.338 2597.35 67163.2
2 1553.69 6214.77 67959.1
3 1257.13 5028.51 67728.6
4 1682.17 1682.17 68314.2
5 1455.93 7323.71 68005.7
8 738.832 738.832 67151.9
9 1632.57 6530.28 68246.8
0 1269.45 1269.45 68382.2
1 2036.84 8147.37 68987.6
3 2119.37 9977.47 69509.8
6 916.498 916.498 68001.9
2 2803.91 2803.91 70250
4 2782.66 2782.66 70266.8
5 2499.99 2499.99 70104.6
0 2805.82 11223.3 70468.2
9 2288.37 2288.37 70287.9
8 3113.51 3113.51 70961.7
6 2885.88 2885.88 71128.7
7 2425.68 9702.71 70920.1
1 3753.87 16515.5 72228.7
2 3224.41 12897.7 71798.8
4 3228.05 3228.05 72093.3
3 2449 2449 71342.1
0 3389.63 3389.63 72713.3
8 3443.75 3443.75 72714.1
6 4100.25 4100.25 73448.1
5 2654.22 10616.9 72233
2 3979.12 3979.12 73994.6
7 3606.84 15927.3 73520
9 1529.7 1529.7 72272.1
5 3293.08 13172.3 74041.2
3 2388.8 2388.8 73495.7
4 3177.37 12709.5 74015.5
8 3567.41 3567.41 74528
9 2759.15 2759.15 74082.2
5 4532.15 4532.15 75867.3
0 3365.96 3365.96 74742.9
4 4981.73 4981.73 76499.3
9 4123.14 17992.6 76054.6
2 4736.21 4736.21 76917.8
1 4618.72 18474.9 76245.8
6 4621.77 18487.1 76343.4
3 4958.89 19835.6 77083.2
7 5642.95 5642.95 77608.8
8 4512.15 18048.6 76496.3
0 5067.11 20268.5 77189.8
5 5718.08 5718.08 77851.4
4 6425.45 25701.8 79209.4
9 5952.79 23811.2 78320.3
6 6008.68 6008.68 78439.2
1 5830.85 23323.4 78263.6
8 6359.27 6359.27 79013.1
0 6711.18 26844.7 79454.8
2 7040.27 28161.1 79649.2
3 6099.97 24399.9 78704.7
5 7324.51 29298 80122.3
7 6745.29 6745.29 79611.7
1 7332.63 7332.63 80197.5
6 8350.66 33402.6 81223.1
53
3 162.574 162.574 65884.6
0 532.056 2128.22 66366.6
4 856.912 3427.65 66625.7
5 298.417 1193.67 66129.1
9 350.002 350.002 66407.1
2 310.809 310.809 66491.5
1 499.495 499.495 66446.9
3 1608.83 6435.31 68008.7
2 2156.08 2156.08 68542.7
6 2711.31 2711.31 69163.3
5 1419.91 1419.91 67928.7
9 1699.02 6796.09 68215
1 1520.52 7582.07 68311.9
7 2487.67 2487.67 69194.4
0 1607.5 6429.99 68515.8
1 4100.5 4100.5 70605.7
3 4491.76 4491.76 71424.6
5 4792.83 4792.83 71508
4 1885.99 1885.99 69396.9
9 2667.47 12169.9 70032
2 2797.59 2797.59 70544.1
8 2652.94 10611.8 70652.3
7 3317.83 3317.83 71330.6
9 3823.11 3823.11 71846.2
0 2432.21 2432.21 71361.7
6 2298.54 9194.16 70904.7
4 3743.19 14972.8 72196.1
8 4359.81 4359.81 73437.9
6 4179.26 4179.26 73198.5
2 3973.23 3973.23 73321
9 3855.01 15420 73433.8
4 4600.87 4600.87 74616.4
0 3198.88 12795.5 73112
1 3208.88 3208.88 73951.2
7 3402.97 13611.9 74151.1
3 3596.44 3596.44 74703.3
5 4158.36 18133.4 74996.5
6 5368.99 5368.99 76624.5
2 5471.75 5471.75 76657.7
9 4012.03 5512.03 75422.6
0 5830.28 5830.28 77134.8
1 4231.24 5731.24 75761.2
7 4426.41 17705.7 76175.1
9 5525.37 5525.37 77150.2
4 5095.13 5095.13 76868.9
5 5437.59 21750.4 77277.1
1 5525.23 5525.23 77571.2
8 4452.14 4452.14 76601.1
3 4391.44 5891.44 77139.5
2 5855.69 5855.69 78177.6
8 5925.72 5925.72 78522.4
7 5502.12 22008.5 78524.4
4 6055.53 6055.53 79108.9
61
3 162.574 162.574 65884.6
0 532.056 2128.22 66366.6
4 856.912 3427.65 66625.7
5 298.417 1193.67 66129.1
9 350.002 350.002 66407.1
2 310.809 310.809 66491.5
1 499.495 499.495 66446.9
3 1608.83 6435.31 68008.7
2 2156.08 2156.08 68542.7
6 2711.31 2711.31 69163.3
5 1419.91 1419.91 67928.7
9 1699.02 6796.09 68215
1 1520.52 7582.07 68311.9
7 2487.67 2487.67 69194.4
0 1607.5 6429.99 68515.8
1 4100.5 4100.5 70605.7
3 4491.76 4491.76 71424.6
5 4792.83 4792.83 71508
4 1885.99 1885.99 69396.9
9 2667.47 12169.9 70032
2 2797.59 2797.59 70544.1
8 2652.94 10611.8 70652.3
7 3317.83 3317.83 71330.6
9 3823.11 3823.11 71846.2
0 2432.21 2432.21 71361.7
6 2298.54 9194.16 70904.7
4 3743.19 14972.8 72196.1
8 4359.81 4359.81 73437.9
6 4179.26 4179.26 73198.5
1 3541.73 3541.73 73131.1
2 3075.81 12303.3 73275.9
9 3946.95 17287.8 73403.7
0 4700.61 4700.61 74971.2
7 4228.04 16912.2 74155.8
3 4691.75 18767 74810.4
4 3992.67 3992.67 74138.9
9 4469.37 17877.5 75211.1
5 3853.4 15413.6 74659.6
6 4313.08 17252.3 75627.7
2 4382.47 4382.47 75938
4 4896.14 19584.5 75963.4
1 4583.38 19833.5 75616.1
8 6322.15 6322.15 77458.9
7 4834.59 20838.4 76117.7
4 6460.9 6460.9 77512.4
0 6582.4 6582.4 77850.5
5 5144.27 22077.1 76724.1
9 5702.28 24309.1 77241.5
6 7084.94 7084.94 78671
1 5843.58 23374.3 77556.9
8 7312.33 7312.33 79031.8
3 5713.34 22853.4 77657.5
2 7265.96 7265.96 79278.8
7 6012.41 24049.7 78232.6
9 7103.97 7103.97 79325.6
4 7246.96 7246.96 79489.6
0 7769.26 7769.26 80158.3
3 6824.61 28798.5 78997.7
5 7104.86 28419.4 79797
1 7425.46 31201.8 80334
7 7827.36 31309.4 80760.4
71
3 162.574 162.574 65884.6
0 532.056 2128.22 66366.6
4 856.912 3427.65 66625.7
5 298.417 1193.67 66129.1
9 350.002 350.002 66407.1
2 310.809 310.809 66491.5
1 499.495 499.495 66446.9
3 1608.83 6435.31 68008.7
2 2156.08 2156.08 68542.7
6 2711.31 2711.31 69163.3
5 1419.91 1419.91 67928.7
9 1699.02 6796.09 68215
1 1520.52 7582.07 68311.9
7 2487.67 2487.67 69194.4
0 1607.5 6429.99 68515.8
1 4100.5 4100.5 70605.7
3 4491.76 4491.76 71424.6
5 4792.83 4792.83 71508
4 1885.99 1885.99 69396.9
9 2667.47 12169.9 70032
7 3740.16 3740.16 71435.7
8 2086.81 2086.81 69678.1
2 2754.3 2754.3 70510.6
6 2880.23 2880.23 70707.1
0 1940.65 1940.65 70556.6
8 3535.12 3535.12 72422.2
2 3690.18 3690.18 72327.7
4 3686.42 3686.42 72584.3
9 3213.14 14352.5 72142.4
1 4221.27 4221.27 73383.7
0 3345.86 13383.5 72471.1
0 5122.9 5122.9 74476.5
7 4255.56 17022.3 73502.9
9 4599.43 4599.43 74125.6
3 4816.84 19267.4 74325.8
6 3105.65 12422.6 73119.6
4 4380.78 4380.78 74544.1
2 3930.05 3930.05 74291.3
8 4545.04 18180.2 74701.1
5 2360.19 2360.19 73424.4
6 4727.82 4727.82 76178.3
7 4231.51 16926 75443.9
2 5068.01 20272 76233.1
9 4755.31 4755.31 75955
1 4983.86 4983.86 76187
3 5850.55 5850.55 77187.9
8 5285.54 5285.54 76554
4 5952.46 23809.8 77090.6
5 4169.08 18176.3 75729.7
0 6005.62 6005.62 77687.1
2 6647.94 26591.7 78054.8
9 6204.33 26317.3 77495.7
7 6324.21 26796.9 77780.1
6 6980.65 6980.65 78461.2
1 6442.18 27268.7 77989.3
8 6923.8 6923.8 78729.6
4 6966.21 27864.8 78939.4
5 7104.12 29916.5 79318.7
2 8403.41 8403.41 80307.7
3 7142.03 7142.03 79176.2
9 7207.03 7207.03 79004.4
6 8083.67 8083.67 80010.2
8 8588.12 8588.12 80793.6
7 7376.77 31007.1 79521.4
1 7606.82 31927.3 80116.8
4 8310.19 8310.19 80740.8
9 8614.74 35959 81628.4
3 8083.68 33834.7 80461.2
0 7634.82 7634.82 80243.5
7 8715.6 34862.4 81735.8
6 8798.05 8798.05 81559.9
57
3 162.574 162.574 65884.6
0 532.056 2128.22 66366.6
4 856.912 3427.65 66625.7
5 298.417 1193.67 66129.1
9 350.002 350.002 66407.1
2 310.809 310.809 66491.5
1 499.495 499.495 66446.9
3 1608.83 6435.31 68008.7
2 2156.08 2156.08 68542.7
6 2711.31 2711.31 69163.3
5 1419.91 1419.91 67928.7
9 1699.02 6796.09 68215
1 1520.52 7582.07 68311.9
7 2487.67 2487.67 69194.4
0 1607.5 6429.99 68515.8
1 4100.5 4100.5 70605.7
3 4491.76 4491.76 71424.6
5 4792.83 4792.83 71508
4 1885.99 1885.99 69396.9
9 2667.47 12169.9 70032
2 2797.59 2797.59 70544.1
8 2652.94 10611.8 70652.3
7 3317.83 3317.83 71330.6
9 3823.11 3823.11 71846.2
0 2432.21 2432.21 71361.7
6 2298.54 9194.16 70904.7
4 3743.19 14972.8 72196.1
8 4359.81 4359.81 73437.9
6 4179.26 4179.26 73198.5
0 4013.5 4013.5 73367
9 4125.54 16502.1 73372.8
1 4432.27 4432.27 73958.5
7 3505.52 14022.1 73014.4
2 2942.63 11770.5 72956.6
4 4547.09 4547.09 74710.4
2 5518.21 5518.21 75879.5
3 4517.82 19571.3 74673.8
5 2360.19 2360.19 73424.4
6 5290.98 5290.98 76741.4
9 4011.11 5511.11 75169.4
8 4618.6 4618.6 76395.3
4 5518.28 5518.28 77042.2
1 4349.74 18899 75535
7 4286.89 18647.6 75874.6
9 5175.4 20701.6 77137.1
3 5262.13 22548.5 76741.7
5 5063.31 21753.2 76787.6
2 6017.76 6017.76 77868.8
1 5498.76 5498.76 77359.1
0 5803.11 5803.11 78309.2
7 5180.2 20720.8 77909.4
6 6218.24 6218.24 78887
5 6158.56 24634.2 78763.6
3 6021.39 6021.39 78569.1
2 7047.94 7047.94 79699.1
8 5455.48 27821.9 78537.5
4 5988.4 5988.4 78790.6
74
3 162.574 162.574 65884.6
0 532.056 2128.22 66366.6
4 856.912 3427.65 66625.7
5 298.417 1193.67 66129.1
9 350.002 350.002 66407.1
2 310.809 310.809 66491.5
1 499.495 499.495 66446.9
3 1608.83 6435.31 68008.7
2 2156.08 2156.08 68542.7
6 2711.31 2711.31 69163.3
5 1419.91 1419.91 67928.7
9 1699.02 6796.09 68215
1 1520.52 7582.07 68311.9
7 2487.67 2487.67 69194.4
0 1607.5 6429.99 68515.8
1 4100.5 4100.5 70605.7
3 4491.76 4491.76 71424.6
5 4792.83 4792.83 71508
4 1885.99 1885.99 69396.9
9 2667.47 12169.9 70032
7 3740.16 3740.16 71435.7
8 2086.81 2086.81 69678.1
2 2754.3 2754.3 70510.6
6 2880.23 2880.23 70707.1
0 1940.65 1940.65 70556.6
8 3535.12 3535.12 72422.2
2 3690.18 3690.18 72327.7
4 3686.42 3686.42 72584.3
9 3213.14 14352.5 72142.4
1 4221.27 4221.27 73383.7
0 3345.86 13383.5 72471.1
7 4300.01 17200 73495.6
3 3637.9 16051.6 73405.1
6 2671.52 2671.52 72693.2
9 4383.17 4383.17 74106.4
5 5323.32 5323.32 75233.9
7 5377.24 21509 75258.7
0 4539.02 4539.02 74963.1
2 3831.24 3831.24 74125.9
1 5232.4 20929.6 75944.4
9 5293.17 21172.7 75639.9
8 5155.55 5155.55 75741.9
4 3761.81 3761.81 74437.3
6 3950.8 3950.8 74732.4
5 6014.33 24057.3 77226.7
2 5236.69 20946.7 76401.8
9 6269.62 6269.62 77469.3
7 6351.9 6351.9 77555.1
3 6910.82 6910.82 78248.2
4 5021.78 5021.78 76290.3
6 5688.92 22755.7 76827.1
0 6468.53 25874.1 78029.2
8 7271.06 7271.06 78952.6
2 6816.61 27266.4 78223.5
6 7076.43 28305.7 78367.8
4 7170.57 28682.3 78626.4
2 8559.99 8559.99 80040.5
1 7696.69 32286.8 79243.9
6 8533.49 8533.49 80339.3
9 7344.89 30879.6 79318.1
5 7292.04 30668.2 79506.6
4 8975.03 8975.03 80879.3
7 7527.46 7527.46 79561.6
3 8405.53 8405.53 80202.9
2 9663 9663 81589.5
0 9319.2 9319.2 81524.7
1 8840.56 36862.3 80985.2
7 9187.58 38250.3 81697.5
6 9710.02 9710.02 82140.6
9 9075.26 37801.1 82088.9
3 9540.52 39662.1 81918
8 8900.26 8900.26 81509
5 9733.4 38933.6 82753.6
2 10377.4 10377.4 83139.3
68
2 289.286 1157.14 66050
3 128.83 515.322 65929.7
5 305.807 305.807 66156.2
4 228.495 228.495 66270.2
0 562.309 562.309 66618.5
9 303.073 2712.29 66364.6
7 596.818 2387.27 67094
6 265.698 265.698 66605.1
1 649.338 2597.35 67163.2
2 1553.69 6214.77 67959.1
3 1257.13 5028.51 67728.6
4 1682.17 1682.17 68314.2
5 1455.93 7323.71 68005.7
8 738.832 738.832 67151.9
9 1632.57 6530.28 68246.8
0 1269.45 1269.45 68382.2
1 2036.84 8147.37 68987.6
3 2119.37 9977.47 69509.8
6 916.498 916.498 68001.9
2 2803.91 2803.91 70250
0 2572.05 10288.2 70089.9
5 2087.69 9850.76 69748.7
4 2546.62 10186.5 70470.9
8 2348.56 9394.25 70259.8
9 1940.05 1940.05 70393.9
6 3694.78 3694.78 72013.1
1 2782.54 11130.1 71530.4
2 3209.95 12839.8 71821.9
3 2567.66 10270.7 71587.5
0 2037.98 2037.98 71446
7 639.011 2139.01 70665.7
5 1877.08 1877.08 72098.7
8 2382.8 2382.8 72513.1
4 2218.33 2218.33 72347.8
9 2188.15 2188.15 72659.5
1 4127.14 4127.14 74328.2
0 3002.91 12011.6 73717.5
3 3750.24 15000.9 74140.8
7 1980.87 9423.48 72888
2 2850.33 2850.33 73620.8
6 2804.84 11219.4 74077.4
5 4280.75 4280.75 75215
4 3201.08 3201.08 74161.7
3 4627.9 4627.9 75951
9 4371.57 4371.57 75706.7
8 3716.03 3716.03 75093
2 3920.35 3920.35 75437.9
4 4532.61 18130.4 76464.1
6 4739.04 4739.04 76920.6
1 4511.29 18045.2 76138.4
0 4891.23 19564.9 76612.9
7 5047.63 20190.5 77171.9
5 5250.53 5250.53 77216.4
2 5445.3 21781.2 77429.5
8 5417.18 21668.7 77539.9
9 5557.49 5557.49 77690.9
3 5877.14 25008.6 78661.1
1 6576.06 26304.2 78943.6
4 6129.32 6129.32 78559.9
5 6799.16 27196.7 79231.9
0 6036.78 6036.78 78690.6
2 6950.85 27803.4 79694.5
6 7043.09 28172.4 79652
7 6188.71 24754.8 78793.5
9 7163.93 28655.7 79961.7
7 8340.14 8340.14 81206.6
5 8300.94 8300.94 81165.8
8 6620.33 26481.3 79492.8
62
2 289.286 1157.14 66050
3 128.83 515.322 65929.7
5 305.807 305.807 66156.2
4 228.495 228.495 66270.2
0 562.309 562.309 66618.5
9 303.073 2712.29 66364.6
7 596.818 2387.27 67094
6 265.698 265.698 66605.1
1 649.338 2597.35 67163.2
2 1553.69 6214.77 67959.1
3 1257.13 5028.51 67728.6
4 1682.17 1682.17 68314.2
5 1455.93 7323.71 68005.7
8 738.832 738.832 67151.9
9 1632.57 6530.28 68246.8
0 1269.45 1269.45 68382.2
1 2036.84 8147.37 68987.6
3 2119.37 9977.47 69509.8
6 916.498 916.498 68001.9
2 2803.91 2803.91 70250
4 2782.66 2782.66 70266.8
5 2499.99 2499.99 70104.6
0 2805.82 11223.3 70468.2
9 2288.37 2288.37 70287.9
8 3113.51 3113.51 70961.7
6 2885.88 2885.88 71128.7
7 2425.68 9702.71 70920.1
1 3753.87 16515.5 72228.7
2 3224.41 12897.7 71798.8
4 3228.05 3228.05 72093.3
3 2449 2449 71342.1
0 3389.63 3389.63 72713.3
8 3443.75 3443.75 72714.1
5 2052.66 3552.66 71460.7
6 4259.94 4259.94 74286.6
9 2803.64 2803.64 73025.2
2 4462.48 4462.48 74592.8
4 3734.66 3734.66 73864.1
7 2886.81 2886.81 73358.2
5 3567.47 3567.47 73768.5
3 3024.2 13596.8 73738.8
5 4941.1 19764.4 75331.7
1 3543.86 15675.4 74451
8 4208.82 4208.82 74979.3
0 4468.38 17873.5 75741
9 5207.3 5207.3 76141.5
4 5011.14 5011.14 76266.6
8 5603.28 5603.28 76789.3
2 6652.82 6652.82 78063.4
0 6749.13 6749.13 78053.6
7 5164.86 6664.86 76694.9
3 5515.19 22060.8 77263.9
5 5501.82 5501.82 77126.6
6 6185.22 6185.22 77959
9 6060.58 24242.3 77900.1
1 6423.79 6423.79 78469.8
4 6043.52 6043.52 78192.5
8 6820.34 6820.34 79568.4
0 7251.58 7251.58 79573.5
6 7283.62 7283.62 79880.3
7 5716.46 22865.8 78738.8
4 7379.1 7379.1 80432.5
62
3 141.2 141.2 65916.7
4 291.339 1165.36 66233.7
2 153.595 153.595 66287
6 396.645 396.645 66268.5
9 283.324 283.324 66269.2
0 413.31 413.31 66625.6
5 282.45 282.45 66297.7
8 711.322 711.322 66424.5
1 643.599 643.599 66702.4
3 1853.58 1853.58 67935.3
9 2260.67 9042.68 68406.1
5 2250.56 2250.56 68363.4
4 2180.1 2180.1 68388.5
7 1298.22 1298.22 67643.7
6 2029.4 2029.4 68429.9
1 2489.46 2489.46 68870.5
3 3717.07 3717.07 69952.6
2 2275.52 9102.06 68586.4
0 1778.74 7114.98 68151.9
5 3326.18 3326.18 69691
2 3512.32 3512.32 70106.3
7 3264.23 3264.23 70311.5
8 1457.71 1457.71 68542.8
4 3306.68 3306.68 70432.9
0 3309.76 13239 70546.5
9 3082.72 12330.9 70549.3
1 3458.8 15335.2 70841.7
5 4209.49 4209.49 71622.3
2 4162.41 4162.41 71638.6
6 3334.84 3334.84 71635.5
3 2389.37 2389.37 71978.7
4 3463.05 13852.2 73663.1
0 3049.07 12196.3 72505.8
8 2652.31 2652.31 72922.9
9 2597.92 10391.7 72525.7
7 2232.21 8928.83 72350.9
2 2998.75 2998.75 73144.9
1 1907.39 7629.58 72649.1
5 2701.75 10807 73507.9
6 2750.11 11000.5 74064.7
0 3785.08 3785.08 75340.6
9 3282.94 14631.7 74350.2
1 3370 14980 74402.8
2 3857.7 3857.7 74994.4
3 3598.59 15894.4 74881.7
8 4990.73 4990.73 76042.2
4 4762.04 4762.04 76030.1
7 3655.04 16120.2 75234.9
5 4478.69 19414.8 76017.9
2 5218.61 5218.61 76804.7
9 4433.47 17733.9 76146.7
6 5489.73 5489.73 77209.2
1 4442.9 17771.6 76387
8 5849.04 5849.04 77861.9
3 4776.42 19105.7 76996.6
7 5629 5629 77850.6
4 6230.05 6230.05 78472.7
0 6289.76 6289.76 78678.8
5 5185.01 22240 77358.1
1 6665.85 26663.4 79358
2 6132.09 24528.4 79040.7
9 5262.18 21048.7 78195.3
66
4 231.386 231.386 66044.5
3 132.604 530.416 65941.9
2 250.838 1003.35 66277.7
5 299.855 1199.42 66175.9
9 212.23 848.919 66148.4
0 556.263 2225.05 66467
1 673.715 673.715 66676.6
7 1005.02 1005.02 67038.7
3 1550.85 7703.41 67820.5
4 1907.25 1907.25 68006
5 1746.37 6985.48 67724.9
9 2370.75 9483.01 68672.1
1 2567.8 10271.2 68710.2
5 3322.67 3322.67 69720.8
7 3451.43 3451.43 69900.5
2 1726.67 1726.67 68220.8
0 1805.98 13223.9 68294.9
6 2690.27 10761.1 69051.3
8 606.269 2425.07 67421.8
3 3600.78 14403.1 70228.2
4 3242.83 12971.3 70071.7
8 2339.43 15357.7 72173
1 3965.54 3965.54 70993.1
0 2856 2856 69875.1
2 2959.05 11836.2 70162.3
6 3107.45 3107.45 70583.6
2 3654.94 3654.94 71955.6
0 2256.46 2256.46 71664.5
9 2400.58 3900.58 72427.3
5 2236.5 2236.5 72458.1
4 2673.53 2673.53 72803.9
6 2224.98 2224.98 72354.4
7 2162.53 2162.53 72633.9
3 2030.13 2030.13 72231.2
0 3221.39 12885.5 73936
1 2165.63 8662.52 72556.2
2 3686.83 14747.3 74594
8 3330.59 3330.59 74101
3 3022.94 13591.7 74295.5
1 3166.41 3166.41 74100.6
6 3207.73 3207.73 74168.3
5 4470.5 4470.5 75793.6
7 4345.95 4345.95 75681.1
4 4006.76 4006.76 75383.7
8 4400.61 4400.61 75918.2
1 4141.52 18066.1 76073
6 5142.42 5142.42 77324
9 4817.3 19269.2 76444.4
3 4445.19 19280.8 76166.9
5 5713.2 22852.8 77837.5
7 5710.98 5710.98 77676.9
0 5367.7 21470.8 77351.9
4 5707.91 22831.6 77830.6
9 6147.75 6147.75 78281.1
8 5844.32 23377.3 78628.3
1 5971.17 23884.7 78338.7
2 5767.97 5767.97 78198.5
3 6179.63 24718.5 78612.4
6 7023.84 7023.84 79677.7
0 6873.25 27493 79616.9
1 7721.54 32386.1 80330.4
5 6854.27 27417.1 79459
7 7460.91 29843.6 80258.7
9 7395 7395 80261.4
3 7681.41 7681.41 80546.3
4 6911.06 27644.2 79783.5
60
3 162.574 162.574 65884.6
0 532.056 2128.22 66366.6
4 856.912 3427.65 66625.7
5 298.417 1193.67 66129.1
9 350.002 350.002 66407.1
2 310.809 310.809 66491.5
1 499.495 499.495 66446.9
3 1608.83 6435.31 68008.7
2 2156.08 2156.08 68542.7
6 2711.31 2711.31 69163.3
5 1419.91 1419.91 67928.7
9 1699.02 6796.09 68215
1 1520.52 7582.07 68311.9
7 2487.67 2487.67 69194.4
0 1607.5 6429.99 68515.8
1 4100.5 4100.5 70605.7
3 4491.76 4491.76 71424.6
5 4792.83 4792.83 71508
4 1885.99 1885.99 69396.9
9 2667.47 12169.9 70032
8 2620.39 10481.5 70138.3
2 2928.27 11713.1 70589.3
6 2993.78 11975.1 70918
0 3037.47 12149.9 70948.7
7 2887.6 2887.6 71341.5
8 4121.15 4121.15 72439.5
9 3802.3 15209.2 72550.2
4 3927.69 15710.8 72539.6
7 4399.37 17597.5 73419.2
1 4498.93 17995.7 73694.5
3 3637.9 16051.6 73405.1
2 3060.98 3060.98 73082.7
9 5631.58 5631.58 75354.8
5 5323.32 5323.32 75233.9
6 2857.46 17429.8 72738.9
0 4611.9 4611.9 75036
8 3942.98 3942.98 74237.7
7 5267.97 21071.9 75980
1 4881.27 19525.1 75228
6 6002.36 6002.36 76588.7
4 3615.4 3615.4 74290.9
2 4340.26 4340.26 75121.8
8 5349.88 5349.88 76508.2
4 5922.9 5922.9 77699.6
2 5935.06 5935.06 77458.9
1 5619.31 23977.3 76804.6
9 5602.56 23910.2 77190.3
5 5773.59 23094.4 77735.3
8 6557.73 26230.9 78037.3
3 5808.07 24732.3 77532.3
0 7982.41 7982.41 79833.4
7 6576.5 6576.5 78436.9
8 7537.11 7537.11 80043.2
1 6110.16 24440.6 78839.3
2 7183.42 7183.42 79852.2
9 6807.5 27230 79412.6
3 7288.71 7288.71 79836.4
6 8695.36 8695.36 81346.5
4 6759.78 33039.1 79841.8
5 6829.48 8329.48 79631.7
65
3 162.574 162.574 65884.6
0 532.056 2128.22 66366.6
4 856.912 3427.65 66625.7
5 298.417 1193.67 66129.1
9 350.002 350.002 66407.1
2 310.809 310.809 66491.5
1 499.495 499.495 66446.9
3 1608.83 6435.31 68008.7
2 2156.08 2156.08 68542.7
6 2711.31 2711.31 69163.3
5 1419.91 1419.91 67928.7
9 1699.02 6796.09 68215
1 1520.52 7582.07 68311.9
7 2487.67 2487.67 69194.4
0 1607.5 6429.99 68515.8
1 4100.5 4100.5 70605.7
3 4491.76 4491.76 71424.6
5 4792.83 4792.83 71508
4 1885.99 1885.99 69396.9
9 2667.47 12169.9 70032
7 3740.16 3740.16 71435.7
8 2086.81 2086.81 69678.1
2 2754.3 2754.3 70510.6
6 2880.23 2880.23 70707.1
0 1940.65 1940.65 70556.6
8 3535.12 3535.12 72422.2
2 3690.18 3690.18 72327.7
4 3686.42 3686.42 72584.3
9 3213.14 14352.5 72142.4
1 4221.27 4221.27 73383.7
0 3345.86 13383.5 72471.1
6 4136.25 4136.25 73484.1
7 3985.25 15941 73564
4 4426.11 4426.11 74441.6
3 3261.78 14547.1 73175
9 3384.19 3384.19 74126.6
7 4624.1 18496.4 75372.2
5 3679.8 3679.8 74786.7
2 3411.81 13647.3 74250
8 3596.98 3596.98 74557.6
9 4613.65 4613.65 75936.7
1 4685.28 4685.28 76020.4
0 4401.02 4401.02 75778
8 5035.99 5035.99 76553.6
2 4981.23 19924.9 76912.7
6 4955.09 4955.09 77136.7
7 5555.28 22221.1 77182.4
4 5125.61 20502.4 76847.3
3 5334.54 21338.2 77458.9
9 5972.31 5972.31 77938.2
0 6200.42 24801.7 78184.6
1 5915.09 25160.4 78037.8
5 5998.84 5998.84 78132.2
8 6479.71 25918.8 79263.7
3 7357.04 29428.1 79724.5
4 6512.52 6512.52 78943.1
7 6767.41 27069.6 79200.2
2 6336.57 6336.57 78990.4
6 7259.23 29036.9 80002.9
0 8982.66 35930.7 81591.6
9 7147.7 28590.8 79752.5
5 7605.27 30421.1 80403.1
1 7174.22 7174.22 80040.7
7 8269.19 8269.19 81134
4 8854.5 35418 81726.9
70
4 231.386 231.386 66044.5
3 132.604 530.416 65941.9
2 250.838 1003.35 66277.7
5 299.855 1199.42 66175.9
9 212.23 848.919 66148.4
0 556.263 2225.05 66467
1 673.715 673.715 66676.6
7 1005.02 1005.02 67038.7
3 1550.85 7703.41 67820.5
4 1907.25 1907.25 68006
5 1746.37 6985.48 67724.9
9 2370.75 9483.01 68672.1
1 2567.8 10271.2 68710.2
5 3322.67 3322.67 69720.8
7 3451.43 3451.43 69900.5
2 1726.67 1726.67 68220.8
0 1805.98 13223.9 68294.9
6 2690.27 10761.1 69051.3
8 606.269 2425.07 67421.8
3 3600.78 14403.1 70228.2
4 3242.83 12971.3 70071.7
8 2339.43 15357.7 72173
1 3965.54 3965.54 70993.1
0 2856 2856 69875.1
2 2959.05 11836.2 70162.3
6 3107.45 3107.45 70583.6
2 3654.94 3654.94 71955.6
9 1969.98 7879.93 71165.6
0 4367.72 17470.9 74134.9
4 2531.67 2531.67 72553.4
5 1961.53 1961.53 71684.8
7 2044.56 2044.56 71955.2
3 2267.64 9070.57 72149.1
6 4761.38 4761.38 75185.5
8 3734.68 3734.68 74029.4
1 3236.52 12946.1 73948.6
9 2352.32 9409.29 72699.1
2 4308.21 4308.21 74894.6
4 3730.87 3730.87 74406.4
5 2785.44 4285.44 73567
7 2735.57 10942.3 73948
3 3259.83 14539.3 74424.9
9 3328.77 3328.77 74528.5
5 4660.24 4660.24 75863.4
7 5017.09 5017.09 76354.4
8 4613.85 4613.85 75882.3
3 4843.07 20872.3 75981.2
1 4582.44 19829.8 76143.1
0 5664.09 5664.09 77345.6
4 5301.7 21206.8 76708.6
9 4777.8 20611.2 76069.1
5 6245.25 26481 77701.1
8 6684.72 6684.72 78165.2
3 6236.4 26445.6 77783.6
4 6874.28 6874.28 78680.1
9 5944.72 25278.9 77918
2 7037.52 28150.1 79252.1
6 7201.86 7201.86 79106.2
7 6308.58 6308.58 78342.7
5 7412.45 7412.45 79209.8
8 7787.73 7787.73 79714.2
4 8538.6 8538.6 80744.1
3 7380.27 31021.1 79524.9
1 7870.32 32981.3 80380.3
0 8244.15 8244.15 80674.7
9 7675.09 32200.4 80688.8
7 7250.22 30500.9 79627.7
2 8911.47 8911.47 81520.2
5 7996.45 31985.8 81016.6
8 8502.11 8502.11 81264
62
3 162.574 162.574 65884.6
0 532.056 2128.22 66366.6
4 856.912 3427.65 66625.7
5 298.417 1193.67 66129.1
9 350.002 350.002 66407.1
2 310.809 310.809 66491.5
1 499.495 499.495 66446.9
3 1608.83 6435.31 68008.7
2 2156.08 2156.08 68542.7
6 2711.31 2711.31 69163.3
5 1419.91 1419.91 67928.7
9 1699.02 6796.09 68215
1 1520.52 7582.07 68311.9
7 2487.67 2487.67 69194.4
0 1607.5 6429.99 68515.8
1 4100.5 4100.5 70605.7
3 4491.76 4491.76 71424.6
5 4792.83 4792.83 71508
4 1885.99 1885.99 69396.9
9 2667.47 12169.9 70032
2 3011.17 3011.17 70495.3
7 3568.76 3568.76 71173.4
6 3045.65 12182.6 70708
9 3973.52 3973.52 71973.1
8 3196.61 3196.61 71044.8
0 2829.19 2829.19 71072
1 4617.22 18468.9 73111.7
4 3141.45 12565.8 71616.3
2 3469.7 13878.8 72044.1
6 3669.23 3669.23 72534.5
7 4112.61 4112.61 73005.7
8 3966.28 3966.28 73289.9
0 4422.36 4422.36 73692.7
2 4425.47 4425.47 73833.5
4 4060.97 4060.97 74087.7
3 4299.8 4299.8 74521.4
6 5198.16 5198.16 75328.5
0 5440.2 5440.2 75569.7
5 4195.82 4195.82 74667.2
9 3774.96 3774.96 73976
8 4972.06 19888.2 75686.7
9 5148.6 20594.4 75539.2
1 4947.33 21289.3 75854.5
2 5328.2 5328.2 76098.7
7 4760.79 20543.1 76033.4
9 6149.38 6149.38 77083.6
0 6716.68 6716.68 77972.2
2 6722.65 6722.65 77908.7
4 6814.15 6814.15 78224.7
6 7366.1 7366.1 78670.6
8 7493.39 7493.39 79023.4
3 6297.77 25191.1 78046.5
5 6187.66 6187.66 77812.4
7 6245.13 7745.13 78018.9
9 7002.66 28010.6 78842.2
5 7763.97 7763.97 79810
0 7749.06 7749.06 79898
1 6303 7803 79051.1
2 7106.59 7106.59 79428.5
4 7555.5 7555.5 80152.1
3 7373.48 29493.9 80395.8
6 8398.42 8398.42 81451.8
68
3 141.2 141.2 65916.7
4 291.339 1165.36 66233.7
2 153.595 153.595 66287
6 396.645 396.645 66268.5
9 283.324 283.324 66269.2
0 413.31 413.31 66625.6
5 282.45 282.45 66297.7
8 711.322 711.322 66424.5
1 643.599 643.599 66702.4
3 1853.58 1853.58 67935.3
9 2260.67 9042.68 68406.1
5 2250.56 2250.56 68363.4
4 2180.1 2180.1 68388.5
7 1298.22 1298.22 67643.7
6 2029.4 2029.4 68429.9
1 2489.46 2489.46 68870.5
3 3717.07 3717.07 69952.6
2 2275.52 9102.06 68586.4
0 1778.74 7114.98 68151.9
5 3326.18 3326.18 69691
2 3512.32 3512.32 70106.3
7 3264.23 3264.23 70311.5
8 1457.71 1457.71 68542.8
4 3306.68 3306.68 70432.9
0 3309.76 13239 70546.5
9 3082.72 12330.9 70549.3
1 3458.8 15335.2 70841.7
5 4209.49 4209.49 71622.3
2 4162.41 4162.41 71638.6
6 3334.84 3334.84 71635.5
3 2389.37 2389.37 71978.7
4 3463.05 13852.2 73663.1
0 3049.07 12196.3 72505.8
8 2652.31 2652.31 72922.9
9 2597.92 10391.7 72525.7
7 2232.21 8928.83 72350.9
2 2998.75 2998.75 73144.9
1 1907.39 7629.58 72649.1
5 2701.75 10807 73507.9
6 2750.11 11000.5 74064.7
0 3785.08 3785.08 75340.6
9 3282.94 14631.7 74350.2
2 3919.09 3919.09 74879.7
1 3136.18 3136.18 74459.3
3 3048.61 3048.61 74383.7
8 4125.79 4125.79 75502.8
4 4950.03 4950.03 76467.6
7 3501.82 15507.3 75433.3
6 5535.74 5535.74 77717.3
5 4186.56 16746.2 75813.6
9 4428.33 19213.3 76150
1 4378.87 17515.5 76503.2
3 4413.64 4413.64 76379.5
2 4863.83 19455.3 76848
8 5826.94 23307.7 77949.6
5 5517.01 5517.01 77650.4
7 5626.69 24006.8 78410.6
9 6048.19 24192.8 78415.7
0 5733.15 5733.15 78163.7
3 5962.27 23849.1 78395
4 6014.96 6014.96 78668.8
2 6369.39 25477.5 79113.1
1 6875.18 29000.7 79484.1
5 6926.08 27704.3 79530.8
7 7558.43 30233.7 80356.2
3 7531.46 7531.46 80397.9
9 8841.18 8841.18 81706
8 7030.09 28120.3 79902.5
71
3 162.574 162.574 65884.6
0 532.056 2128.22 66366.6
4 856.912 3427.65 66625.7
5 298.417 1193.67 66129.1
9 350.002 350.002 66407.1
2 310.809 310.809 66491.5
1 499.495 499.495 66446.9
3 1608.83 6435.31 68008.7
2 2156.08 2156.08 68542.7
6 2711.31 2711.31 69163.3
5 1419.91 1419.91 67928.7
9 1699.02 6796.09 68215
1 1520.52 7582.07 68311.9
7 2487.67 2487.67 69194.4
0 1607.5 6429.99 68515.8
1 4100.5 4100.5 70605.7
3 4491.76 4491.76 71424.6
5 4792.83 4792.83 71508
4 1885.99 1885.99 69396.9
9 2667.47 12169.9 70032
8 2620.39 10481.5 70138.3
2 2928.27 11713.1 70589.3
6 2993.78 11975.1 70918
0 3037.47 12149.9 70948.7
7 2887.6 2887.6 71341.5
8 4121.15 4121.15 72439.5
9 3802.3 15209.2 72550.2
4 3927.69 15710.8 72539.6
7 4399.37 17597.5 73419.2
1 3541.73 3541.73 73131.1
2 3365.64 13462.6 73565.7
6 3559.89 14239.6 73016.6
0 2921.94 2921.94 73192.5
9 5449.31 21797.3 75377.1
3 4691.75 18767 74810.4
8 3799.67 3799.67 73945.9
5 4780.75 19123 75522.4
1 4419 17676 75225.2
4 4044.21 16176.8 75358.8
6 4295.89 4295.89 75851.4
8 4703.13 18812.5 75770.4
7 4755.06 19020.2 75967.5
2 5180.62 20722.5 76345.7
9 6006.75 6006.75 77206.4
5 6149.61 6149.61 77352.8
1 6294.29 6294.29 77631.6
0 4800.53 4800.53 76069
8 6188.57 24754.3 77326.7
4 5992.69 23970.7 77553.3
6 6239.76 6239.76 77921.3
3 6219.89 26379.6 77626.7
2 6595.02 26380.1 77886.4
0 6949.33 27797.3 78405.2
8 7663.25 7663.25 79143.8
7 6693.55 28274.2 78240.7
2 8052.08 8052.08 79857.9
9 7082.02 29828.1 79055.2
5 7922.47 33189.9 80137
0 8753.78 8753.78 80658.1
1 7585.78 7585.78 79619.9
3 7338.11 7338.11 79135.5
8 8766.27 8766.27 80692.8
4 8843.36 8843.36 81048.9
7 7837.42 32849.7 79982.1
3 8752.95 36511.8 81262.9
6 8819.82 8819.82 81250.4
9 8812.39 36749.5 81826.1
1 8527.43 35609.7 80904.9
2 9612.1 9612.1 82220.8
7 9176.25 36705 82196.4
8 9480.65 9480.65 82242.5
62
4 231.386 231.386 66044.5
3 132.604 530.416 65941.9
2 250.838 1003.35 66277.7
5 299.855 1199.42 66175.9
9 212.23 848.919 66148.4
0 556.263 2225.05 66467
1 673.715 673.715 66676.6
7 1005.02 1005.02 67038.7
3 1550.85 7703.41 67820.5
4 1907.25 1907.25 68006
5 1746.37 6985.48 67724.9
9 2370.75 9483.01 68672.1
1 2567.8 10271.2 68710.2
5 3322.67 3322.67 69720.8
7 3451.43 3451.43 69900.5
2 1726.67 1726.67 68220.8
0 1805.98 13223.9 68294.9
6 2690.27 10761.1 69051.3
8 606.269 2425.07 67421.8
3 3600.78 14403.1 70228.2
4 3242.83 12971.3 70071.7
8 2339.43 15357.7 72173
1 3965.54 3965.54 70993.1
0 2856 2856 69875.1
2 2959.05 11836.2 70162.3
6 3442.82 13771.3 70960.7
9 3367.44 14969.8 71028.4
0 3705.54 14822.1 71629.8
4 4000.19 16000.7 71911.5
5 3414 3414 71867.9
6 4943.59 4943.59 73261.9
7 4106.93 16427.7 72854.8
3 3565.11 15760.4 72177
9 4086.31 16345.2 73106.2
2 2464.07 2464.07 71811.9
1 3001.83 12007.3 72580.6
0 3471.58 3471.58 73487.1
2 4151.45 16605.8 74064.6
3 3271.39 3271.39 74013.8
5 3416.54 13666.2 74164.6
7 3901.53 3901.53 75008.4
4 3034.13 12136.5 73872.3
8 2781.76 11127 73814.5
6 3974.66 3974.66 75111.4
1 3259.41 14537.6 74542.5
8 4690.56 4690.56 75742.1
0 4586.01 4586.01 75854.1
9 3811.99 16748 75391.8
3 4504.97 19519.9 76044.2
4 4702.11 4702.11 76288.2
5 4247.89 16991.6 75961.2
6 4964.84 4964.84 76684.3
1 4582.62 18330.5 76526.8
8 5548.88 5548.88 77561.7
5 5547.81 22191.2 77768
9 5785.95 5785.95 78007.6
2 5958.13 5958.13 78200.7
0 5772.87 5772.87 78161.9
3 5211.28 22345.1 77384.4
7 4993.87 19975.5 77686
4 5615.6 22462.4 78524.2
1 5761.84 23047.4 78694.9
63
4 231.386 231.386 66044.5
3 132.604 530.416 65941.9
2 250.838 1003.35 66277.7
5 299.855 1199.42 66175.9
9 212.23 848.919 66148.4
0 556.263 2225.05 66467
1 673.715 673.715 66676.6
7 1005.02 1005.02 67038.7
3 1550.85 7703.41 67820.5
4 1907.25 1907.25 68006
5 1746.37 6985.48 67724.9
9 2370.75 9483.01 68672.1
1 2567.8 10271.2 68710.2
5 3322.67 3322.67 69720.8
7 3451.43 3451.43 69900.5
2 1726.67 1726.67 68220.8
0 1805.98 13223.9 68294.9
6 2690.27 10761.1 69051.3
8 606.269 2425.07 67421.8
3 3600.78 14403.1 70228.2
4 3242.83 12971.3 70071.7
8 2339.43 15357.7 72173
1 3965.54 3965.54 70993.1
0 2856 2856 69875.1
2 2959.05 11836.2 70162.3
6 3107.45 3107.45 70583.6
2 3654.94 3654.94 71955.6
9 2853.3 4353.3 72206.9
5 2401.66 9606.66 71649
7 2357.56 2357.56 71883.8
3 2842.35 11369.4 72351.3
4 2227.13 8908.51 72241.1
0 1938.88 1938.88 72102.2
6 2185.92 2185.92 72547.2
1 2580.76 11823.1 72736.8
9 3792.97 3792.97 74857.2
8 2969.84 2969.84 74420.3
6 2955.79 2955.79 73916.4
5 2136.06 2136.06 73459.2
7 2374.74 2374.74 73709.9
0 2754.89 2754.89 74131.9
4 3561.73 3561.73 75079.3
2 3538.13 14152.5 75469.6
0 4793.49 4793.49 76975.1
1 3415.4 13661.6 75042.5
3 3113.74 13955 74835.4
5 3378.75 13515 75503.1
7 3739.77 3739.77 75705.7
6 3900.53 15602.1 75884.7
8 4744.45 18977.8 76867.1
1 4745.86 4745.86 76879.2
4 5005.45 20021.8 77789.4
3 4733.61 18934.4 77101.1
2 5134.83 5134.83 77565.4
7 5288.4 21153.6 77721.1
6 5747.65 5747.65 78401.5
5 5152.73 22110.9 77896.4
9 4102.09 17908.4 76711
1 6154.93 24619.7 78759.7
3 6973.02 27892.1 79770.8
7 6857.59 6857.59 79724
5 7295.35 7295.35 80160.2
8 5947.6 23790.4 78820
66
2 290.669 290.669 66064.8
4 238.928 238.928 66198
3 184.024 184.024 66222.7
5 225.508 225.508 66300
9 508.22 508.22 66417.6
1 627.799 627.799 66698.5
3 2111.32 2111.32 68175.7
0 542.908 2171.63 66687
5 2083.88 2083.88 68387.8
2 1549.6 1549.6 67632.4
4 1820.37 1820.37 68200.7
0 2412.2 9648.8 69062
9 1669.41 1669.41 67963.2
6 2646.86 2646.86 69185.2
7 1827.36 7309.42 68311.9
1 2134.06 2134.06 69422.5
8 635.395 635.395 67691.8
8 3558.39 14233.6 70689.7
9 2936 2936 70025.9
3 2976.19 11904.7 70000.7
2 2355.67 2355.67 69462.9
4 3383.16 3383.16 70633.2
5 2943.69 2943.69 70477.6
6 3440.14 3440.14 71186.7
7 2405.28 11121.1 70404.7
1 4281.02 4281.02 72293.8
3 3791.79 3791.79 71814.9
0 3384.15 3384.15 72313.6
2 2598.13 10392.5 71204.3
9 3411.85 15147.4 71864.7
8 3755.79 3755.79 72833.9
4 3697.21 3697.21 72716.4
2 4097.75 4097.75 73445.6
5 2876.52 11506.1 72455.3
6 3367.01 3367.01 73382.5
7 3457.02 15328.1 73370.2
3 2909.28 2909.28 73651.6
9 3094.86 12379.4 73842.9
1 3871.92 3871.92 74978.8
5 3539.37 15657.5 74377.5
4 4507.13 4507.13 75467.7
3 4138.73 4138.73 75461.8
9 4333.93 4333.93 75669.1
6 4035.22 4035.22 75412.2
0 4817.11 4817.11 76334.7
2 5028.08 20112.3 76959.5
8 5089.46 5089.46 77271
5 5226.19 20904.8 76853.3
6 5561.88 22247.5 77283.6
3 5381.43 21525.7 77505.7
7 5493.14 5493.14 77459
4 5451.87 21807.5 77436
9 5563.74 23755 77686.4
1 6190.95 6190.95 78324.3
0 6260.83 25043.3 79044.8
5 7290.95 29163.8 79658.5
2 6624.78 6624.78 79055.3
7 7041.77 28167.1 79474.5
6 6707.43 6707.43 79361.3
4 6957.43 27829.7 79701.1
8 7393.51 29574.1 80002.4
3 6522.5 26090 79127.3
9 7470.45 29881.8 80268.2
1 7438.2 7438.2 80304.6
3 8526.23 8526.23 81391.1
7 8554.98 35719.9 81427.4
71
4 231.386 231.386 66044.5
3 132.604 530.416 65941.9
2 250.838 1003.35 66277.7
5 299.855 1199.42 66175.9
9 212.23 848.919 66148.4
0 556.263 2225.05 66467
1 673.715 673.715 66676.6
7 1005.02 1005.02 67038.7
3 1550.85 7703.41 67820.5
4 1907.25 1907.25 68006
5 1746.37 6985.48 67724.9
9 2370.75 9483.01 68672.1
1 2567.8 10271.2 68710.2
5 3322.67 3322.67 69720.8
7 3451.43 3451.43 69900.5
2 1726.67 1726.67 68220.8
0 1805.98 13223.9 68294.9
6 2690.27 10761.1 69051.3
8 606.269 2425.07 67421.8
3 3600.78 14403.1 70228.2
4 3242.83 12971.3 70071.7
8 2339.43 15357.7 72173
1 3965.54 3965.54 70993.1
0 2856 2856 69875.1
2 2959.05 11836.2 70162.3
6 3099.45 3099.45 70583.6
9 3181.08 3181.08 70785.7
0 3757.4 15029.6 71419.7
5 3762.32 3762.32 71761.9
4 4142.42 4142.42 71990.6
2 4475.63 4475.63 72718.5
7 3593.97 14375.9 72088.4
3 5436.24 23245 73911.1
6 3557.98 14231.9 72132.4
0 4380.98 4380.98 73246.2
9 3724.93 3724.93 72618
4 4912.09 4912.09 74235.7
6 4614.39 4614.39 73884.8
8 4578.4 4578.4 73986.4
2 5849.69 5849.69 75876.4
1 3643.02 3643.02 73864.6
7 4313.23 5813.23 74443.6
0 4887.6 4887.6 75017.1
5 4023.87 4023.87 74495.2
9 5214.73 5214.73 75415.8
6 5441.67 21766.7 76156.3
9 6588.37 26353.5 76978.9
3 5226.23 22404.9 76133.4
8 5481.13 5481.13 76251.6
4 5990.84 23963.4 77263.4
1 6046.69 6046.69 76980.9
0 6042.56 24170.3 77075.3
8 6964.34 6964.34 78101.1
7 6600.86 27903.4 77883.9
0 7951.37 7951.37 79002.9
5 6106.41 7606.41 77374.5
6 7519.95 30079.8 79099.8
9 7470.15 31380.6 79009.3
4 7693.52 7693.52 79279.6
1 7064.17 28256.7 78777.4
8 7954.52 7954.52 79673.9
5 7841.28 31365.1 79785.4
2 7884.36 7884.36 79897.2
7 7778.68 31114.7 79998.9
3 7772.96 7772.96 79994.6
0 8737.42 8737.42 80980
8 9093.01 9093.01 81482.1
9 8176.47 34205.9 80349.6
1 9408.46 37633.8 82100.6
6 8435.62 33742.5 81344.2
5 9020.5 36082 81953.6
64
2 290.669 290.669 66064.8
4 238.928 238.928 66198
3 184.024 184.024 66222.7
5 225.508 225.508 66300
9 508.22 508.22 66417.6
1 627.799 627.799 66698.5
3 2111.32 2111.32 68175.7
0 542.908 2171.63 66687
5 2083.88 2083.88 68387.8
2 1549.6 1549.6 67632.4
4 1820.37 1820.37 68200.7
0 2412.2 9648.8 69062
9 1669.41 1669.41 67963.2
6 2646.86 2646.86 69185.2
7 1827.36 7309.42 68311.9
1 2134.06 2134.06 69422.5
8 635.395 635.395 67691.8
8 3558.39 14233.6 70689.7
9 2936 2936 70025.9
3 2976.19 11904.7 70000.7
2 2355.67 2355.67 69462.9
4 3383.16 3383.16 70633.2
5 2943.69 2943.69 70477.6
2 3511.04 3511.04 70995.2
7 2820.82 2820.82 70425.5
6 3477.86 13911.4 71140.2
3 3942.2 3942.2 71941.8
0 3731.57 3731.57 71579.8
4 4814.31 4814.31 73057.2
1 3325.21 13300.9 71819.6
8 3954.5 15818 72429.3
9 3538.6 15654.4 72113
2 3956.43 3956.43 72821.7
7 3364.68 3364.68 72257.7
6 4061.67 4061.67 73385.3
0 4061.81 4061.81 73332.2
5 3894.18 5394.18 73242
9 4121.75 16487 73700.5
2 5002 5002 75017.5
8 4266.5 17066 74179.7
3 3183.54 3183.54 73925.9
1 3892.02 15568.1 74640.1
7 3304.48 3304.48 74411.4
0 4454.86 17819.5 75293
4 4509.47 18037.9 75542.2
6 5075.47 5075.47 76212.2
9 4379.33 19017.3 75662.4
3 4423.4 5923.4 75474.9
2 6116.43 6116.43 77384.5
5 4605.65 19922.6 76185.5
1 5131.32 22025.3 76670.5
4 5913.97 5913.97 77500.1
3 5558.17 22232.7 77271.4
0 5757.69 5757.69 77477.1
9 5702.53 22810.1 77646.7
6 6019.03 6019.03 78031.8
7 5438.18 21752.7 77658.4
1 6533.01 6533.01 78754.6
8 6073.18 6073.18 78315.8
0 6896.19 6896.19 79285.3
5 6511.29 27545.2 78684.4
7 7863.95 31455.8 80556.1
2 6711.9 26847.6 79620.5
3 6386.88 25547.5 79320
78
3 141.2 141.2 65916.7
4 291.339 1165.36 66233.7
2 153.595 153.595 66287
6 396.645 396.645 66268.5
9 283.324 283.324 66269.2
0 413.31 413.31 66625.6
5 282.45 282.45 66297.7
8 711.322 711.322 66424.5
1 643.599 643.599 66702.4
3 1853.58 1853.58 67935.3
9 2260.67 9042.68 68406.1
5 2250.56 2250.56 68363.4
4 2180.1 2180.1 68388.5
7 1298.22 1298.22 67643.7
6 2029.4 2029.4 68429.9
1 2489.46 2489.46 68870.5
3 3717.07 3717.07 69952.6
2 2275.52 9102.06 68586.4
0 1778.74 7114.98 68151.9
5 3326.18 3326.18 69691
2 3512.32 3512.32 70106.3
7 3264.23 3264.23 70311.5
8 1457.71 1457.71 68542.8
4 3306.68 3306.68 70432.9
0 3309.76 13239 70546.5
9 3082.72 12330.9 70549.3
1 3458.8 15335.2 70841.7
5 4209.49 4209.49 71622.3
3 4114.11 4114.11 71809.6
6 4242.85 4242.85 71834.1
2 3886.58 3886.58 71642.9
4 4549.38 4549.38 72376.3
8 3247.92 3247.92 71863.9
0 3745.87 3745.87 72632.9
2 4822.45 4822.45 73460
9 3605.19 5105.19 72503.1
1 4022.84 17591.4 72952.1
7 3955.72 3955.72 73118.1
8 4653.13 18612.5 73778.4
6 4489 4489 73897
0 5764.13 5764.13 75790.8
3 3938 3938 74159.6
4 5039.99 5039.99 75170.3
5 3263.69 4763.69 73393.1
9 4297.28 4297.28 74768.6
1 4754 4754 74955.1
7 4800.25 20701 75514.9
5 5104.02 20416.1 75494.6
8 5093.54 20374.2 76000.7
2 4488.47 4488.47 75258.9
6 5149.6 20598.4 76422.2
1 5565.29 5565.29 76499.5
2 6033.08 6033.08 76993.7
5 5981.68 5981.68 77304.8
3 5871.66 5871.66 77206.8
4 6373.22 6373.22 77750.2
6 7215.47 7215.47 78733
9 6351.14 26904.6 78282.6
2 7967.76 7967.76 80149.3
1 6682.59 26730.4 78309.7
7 6688.57 28254.3 78410.2
5 7224.37 28897.5 79348.7
3 7236.7 7236.7 79202.6
0 7871.59 31486.4 79855.8
8 7989.17 31956.7 80111.8
1 8013.05 8013.05 80146.4
4 7943.6 31774.4 80727.5
9 8180.79 32723.2 80548.3
6 8571.35 8571.35 81001.9
7 8423.01 33692 80855.7
0 9718.71 9718.71 82372.6
3 8723.98 36395.9 81467.6
5 9720.68 40382.7 82329.6
1 9422.12 37688.5 82026.9
9 10420.2 41680.8 83218
7 9992.2 9992.2 82858.6
3 10866.6 10866.6 83731.5
8 9192.32 36769.3 82064.8
