57
3 162.574 162.574 65884.6
18 182.647 730.589 66017.2
14 377.416 1509.66 66146.2
5 298.417 1193.67 66129.1
9 350.002 350.002 66407.1
10 106.358 106.358 66287
15 476.111 476.111 66423.5
11 479.205 1916.82 66879.1
4 241.838 241.838 66628.4
2 290.474 290.474 66742.5
13 540.233 540.233 67049
1 599.336 2397.35 67115.3
12 166.395 665.579 66957.8
19 924.099 924.099 67630.8
16 563.968 2255.87 67472.3
7 823.499 823.499 67328.7
17 1263.25 1263.25 68196.1
3 2748.8 2748.8 69463.9
18 583.153 583.153 68094.1
0 554.983 2219.93 67919.5
10 582.464 2329.86 68100.4
5 211.164 2344.66 67872.2
2 572.947 2291.79 68497.2
14 365.348 1461.39 68276.6
15 257.01 257.01 68710.9
4 303.099 303.099 68621.4
13 819.3 3277.2 69567.2
12 456.585 1826.34 69068.5
1 307.571 1230.29 69327.4
16 248.723 248.723 69596.5
19 441.845 1767.38 70020.6
14 329.609 329.609 70345.1
6 481.32 1925.28 70394.5
5 305.738 305.738 71048.1
9 350.002 1400.01 71098.1
1 374.162 374.162 71481
18 435.036 1740.14 71273.2
4 26.725 106.9 71059.5
10 136.098 136.098 71272.8
2 325.188 1300.75 71608.3
12 304.131 304.131 71355.6
0 261.446 261.446 71529.5
13 310.584 2742.34 71890.4
11 477.013 3408.05 72016.2
16 1054.08 1054.08 72640.2
15 490.568 1962.27 72203.8
10 1126.28 1126.28 72845.7
19 727.079 2908.32 72671.2
4 1040.62 1040.62 73053.4
5 634.749 2538.99 72854.9
9 645.394 645.394 72867
12 1090.18 1090.18 73332.8
14 920.274 920.274 73309.3
2 775.383 3101.53 72948.5
3 994.992 3979.97 73687.1
0 856.915 3427.66 73765.5
17 1248.86 4995.42 74181.9
59
10 163.887 655.55 65924.6
3 128.83 515.322 65929.7
5 305.807 305.807 66156.2
4 228.495 228.495 66270.2
2 301.746 301.746 66358
12 398.122 1592.49 66459.6
7 596.818 2387.27 67094
6 265.698 265.698 66605.1
9 325.666 1302.67 66839.5
16 221.366 885.462 66626.8
11 474.883 1899.53 66946.3
0 560.882 560.882 67192.9
14 743.594 2974.38 67293.3
8 738.832 738.832 67151.9
15 455.201 1820.8 67069.4
10 575.5 575.5 67688.2
13 237.04 948.159 67187.8
1 244.565 2478.26 67635
6 916.498 916.498 68001.9
2 724.098 724.098 68170.2
4 525.088 525.088 68271.6
18 134.489 537.957 68133.9
5 798.399 798.399 68811.2
3 135.092 135.092 68158.2
16 1038.59 1038.59 69968.1
12 65.8457 263.383 68672
0 165.766 663.065 68618.7
8 686.101 686.101 69764.2
10 962.763 962.763 69982
15 535.727 535.727 70125.1
2 701.91 2807.64 70902
4 372.347 1489.39 69829.1
18 337.958 337.958 70608.5
3 159.323 637.291 70087.1
11 518.276 2073.1 70637
0 453.966 453.966 70600.2
9 365.259 1461.04 71107
13 215.832 863.33 71022
14 598.716 2394.86 71913.3
12 649.969 649.969 72205.5
4 586.336 2345.34 71653.6
0 1238.43 1238.43 72396.7
6 793.081 793.081 72569.8
10 1519.21 1519.21 73043.1
3 478.347 3413.39 71663.6
5 340.32 2861.28 71928.1
1 440.985 1763.94 72402.6
19 656.113 4124.45 72135.7
15 620.759 3983.04 72345
4 1656.62 1656.62 73507.6
13 634.372 634.372 72494.7
2 1380.67 1380.67 73886.8
9 412.522 1650.09 73141.7
18 1010.36 1010.36 73679.2
17 269.376 1077.5 72874.5
11 905.078 905.078 73452.8
16 1314.94 1314.94 73966.1
7 389.364 1557.46 73471.3
14 1574.15 1574.15 74376.4
69
10 164.742 164.742 65938.8
4 238.928 238.928 66198
3 184.024 184.024 66222.7
5 225.508 225.508 66300
15 492.293 492.293 66401.7
9 369.049 369.049 66439.8
11 441.459 441.459 66505.8
2 283.638 1134.55 66427.7
13 572.806 572.806 66876.7
12 314.499 314.499 66397.3
0 614.118 614.118 66994.5
18 296.005 1184.02 66945.8
1 490.857 490.857 66784.7
16 703.156 703.156 67241.5
17 70.4666 281.867 66555
19 343.089 343.089 67631.6
6 164.005 164.005 67220.4
7 515.224 3560.89 67646.5
15 1374.42 1374.42 68464.3
3 1139.67 4558.66 68164.2
10 662.061 662.061 67769.3
14 787.466 787.466 68037.5
5 855.854 855.854 68389.7
12 445.487 445.487 67929.6
9 934.102 934.102 68538.7
2 310.048 1240.19 67972.4
11 447.363 447.363 68446.9
4 355.285 355.285 68203.5
0 928.734 928.734 69171.6
13 600.991 2403.96 69095.4
8 805.223 3220.89 69280
16 595.433 2381.73 69169.8
10 730.529 730.529 69595.8
17 251.731 251.731 69144.8
18 235.36 235.36 69559
12 411.672 411.672 69682
1 478.851 1915.4 69674.4
6 515.426 2061.7 70282.6
2 128.344 128.344 70150.1
3 269.66 269.66 69992.9
19 477.597 477.597 70388.2
15 403.755 1615.02 70285.2
8 1347.96 1347.96 71772.1
14 316.362 316.362 70611
13 606.255 2425.02 71318.3
9 489.199 1956.8 70836
6 1634.99 1634.99 72221.3
16 245.604 245.604 70921.1
4 551.045 551.045 71332.6
10 317.479 1269.92 71350.2
12 867.784 867.784 72004.5
5 259.693 2538.77 71542.8
0 867.566 867.566 71919.1
18 682.268 682.268 71950.3
2 634.747 2538.99 72214.6
11 477.013 3408.05 72016.2
14 1041.14 1041.14 72627.2
3 132.604 530.416 71845.9
16 1314.55 1314.55 73034
1 665.494 2661.98 72609.6
10 1331.37 1331.37 73344.2
15 309.351 1237.4 72529.5
9 383.276 383.276 72604.9
4 1532.55 1532.55 73775.1
0 1338.13 1338.13 73727.2
5 709.888 4339.55 72883
7 1091.64 4366.57 73783.8
17 614.98 3959.92 73523.6
19 887.799 3551.2 73820.9
69
3 141.2 141.2 65916.7
10 169.132 676.528 66111.5
2 153.595 153.595 66287
6 396.645 396.645 66268.5
9 283.324 283.324 66269.2
4 271.348 271.348 66483.7
5 282.45 282.45 66297.7
8 711.322 711.322 66424.5
11 442.435 442.435 66501.2
15 543.058 543.058 66624.7
13 674.361 2697.44 66819.8
1 608.26 608.26 66721.1
12 448.899 448.899 66657.3
17 688.8 688.8 67034.3
7 363.478 1863.48 66764
19 887.799 887.799 67268.9
3 1422.64 1422.64 67658.2
0 561.65 2246.6 66872.5
16 62.4269 249.708 66435.6
9 1232.03 1232.03 67596.8
14 800.753 800.753 67394.7
5 1435.43 1435.43 68482.7
6 1301.7 1301.7 68386.8
18 1020.02 1020.02 68146.2
10 910.203 3640.81 68146.9
11 1177.82 4711.29 68644.4
2 1211.44 4845.77 68594.3
15 1143.25 1143.25 68556.1
16 625.448 2501.79 68143.3
4 712.654 2850.62 68373.7
0 702.989 2811.96 68627.2
12 585.81 2343.24 68497.1
1 416.891 416.891 68870.8
14 885.016 885.016 69203.3
13 1028.07 4112.28 69775.9
19 605.752 3923.01 69217.7
3 716.054 2864.21 69735.9
5 810.039 810.039 70399.4
16 919.723 3678.89 71119.8
18 648.831 2595.32 70105.6
4 346.857 346.857 70617.4
9 318.175 1272.7 70245.9
11 657.691 2630.76 70776.4
2 135.548 135.548 70281.7
19 323.22 1292.88 71064.9
15 204.244 816.976 71010.4
14 780.466 3121.86 72095.1
12 649.969 649.969 72205.5
10 116.228 464.912 71183.5
0 538.021 2152.08 71570.8
18 818.299 818.299 71955
2 960.542 3842.17 72243.6
10 1681 1681 72732.5
1 179.94 1679.94 71448
17 420.753 3183.01 72000.6
9 737.136 4448.54 72276.3
0 1942.52 1942.52 73528.6
3 796.179 3184.72 72509.4
18 1808.48 1808.48 73527.9
13 770.288 3081.15 72714.4
16 1913.22 1913.22 73926
19 651.563 2606.25 72871.8
15 914.034 914.034 73135.6
4 1841.33 1841.33 74083.9
2 1857.5 1857.5 74246.6
5 424.342 3197.37 72597.5
11 712.522 2850.09 73404.7
1 775.409 4601.64 73684
9 1511.41 6045.62 74444.5
61
10 164.742 164.742 65938.8
4 238.928 238.928 66198
3 184.024 184.024 66222.7
5 225.508 225.508 66300
15 492.293 492.293 66401.7
9 369.049 369.049 66439.8
11 441.459 441.459 66505.8
2 283.638 1134.55 66427.7
13 572.806 572.806 66876.7
12 314.499 314.499 66397.3
0 614.118 614.118 66994.5
18 296.005 1184.02 66945.8
1 490.857 490.857 66784.7
16 703.156 703.156 67241.5
17 70.4666 281.867 66555
19 343.089 343.089 67631.6
6 164.005 164.005 67220.4
7 515.224 3560.89 67646.5
15 1374.42 1374.42 68464.3
3 1139.67 4558.66 68164.2
10 662.061 662.061 67769.3
14 787.466 787.466 68037.5
5 855.854 855.854 68389.7
4 493.458 1973.83 68011.4
12 479.354 1917.42 68140.4
2 258.183 1032.73 68182.4
11 512.717 3550.87 68424
1 126.202 126.202 68580.1
0 663.281 663.281 68981.6
17 443.272 1773.09 69191.1
16 578.396 2313.58 69190.3
13 375.368 1501.47 69395.2
3 487.726 1950.9 69683.3
8 496.539 1986.16 70263.7
10 362.364 362.364 70384.1
9 322.959 322.959 70046.2
19 477.597 477.597 70388.2
11 363.409 1453.64 70244.8
6 323.48 323.48 70747.6
12 190.938 190.938 70485.6
15 824.991 3299.97 71537
1 480.98 1923.92 70827.7
8 1616.1 1616.1 72202.5
0 121.522 121.522 70797
2 275.603 275.603 71057.2
4 233.528 233.528 71489
16 694.888 694.888 71880.9
14 738.388 738.388 72148.9
18 1004.92 1004.92 72309.4
10 1160.83 1160.83 72690.8
3 190.58 762.32 71939.3
5 128.731 128.731 71753.5
12 697.386 697.386 72471.2
13 102.919 411.678 71942.4
9 347.599 347.599 72393.6
0 365.949 365.949 72514.9
2 561.922 561.922 73310
16 1078.83 1078.83 73400.8
4 819.818 819.818 73416.5
11 456.488 1825.95 73478.8
12 1657.78 1657.78 74711.2
70
10 163.887 655.55 65924.6
3 128.83 515.322 65929.7
5 305.807 305.807 66156.2
4 228.495 228.495 66270.2
2 301.746 301.746 66358
12 398.122 1592.49 66459.6
7 596.818 2387.27 67094
6 265.698 265.698 66605.1
9 325.666 1302.67 66839.5
16 221.366 885.462 66626.8
11 474.883 1899.53 66946.3
0 560.882 560.882 67192.9
14 743.594 2974.38 67293.3
8 738.832 738.832 67151.9
15 455.201 1820.8 67069.4
10 575.5 575.5 67688.2
13 237.04 948.159 67187.8
1 244.565 2478.26 67635
6 916.498 916.498 68001.9
2 724.098 724.098 68170.2
19 219.973 219.973 67915.5
4 887.618 887.618 68478.9
12 239.924 239.924 67996.2
18 853.956 853.956 68680.9
8 1089.91 1089.91 69705.9
16 374.888 374.888 69261.9
14 472.902 472.902 69110.5
0 249.246 249.246 69147.1
3 274.068 2596.27 69203.3
17 312.93 312.93 69475.3
6 791.161 3164.65 69916.4
12 377.639 377.639 69785.7
4 1610.11 1610.11 71636.8
13 720.895 720.895 70942.5
2 1100.61 1100.61 71231
18 322.248 322.248 70451.7
1 664.275 664.275 71135.6
5 343.654 343.654 70544.7
0 704.047 2816.19 71418.7
15 482.712 1930.85 70873.3
7 515.387 3561.55 71422.6
10 106.566 106.566 70877
14 323.146 1292.59 71595.7
3 213.011 213.011 71147.2
16 516.555 516.555 71477.1
9 365.253 365.253 71688.3
11 184.726 184.726 71519.9
12 73.6228 73.6228 71450.6
10 1176.59 1176.59 72694.1
5 585.613 3842.45 72517.1
18 1113.33 1113.33 73294.9
19 825.503 3302.01 72452.6
17 825.733 4802.93 72547.4
15 792.88 3171.52 72917.2
3 1182.8 1182.8 73148.7
16 1461.3 5845.18 73445.5
12 1774.77 7099.09 73897.4
11 1370.65 1370.65 73504
14 1789.13 7156.51 74573.1
13 801.999 3207.99 73169.5
2 1623.5 1623.5 74054.1
9 1273.39 5093.55 73706.1
0 1759.98 1759.98 74413.8
10 1829.12 7316.5 74572.8
6 860.226 3440.9 73469.1
1 1117.39 4469.54 73722.2
5 1754.97 7019.86 74552.8
19 1566.48 1566.48 74432.9
17 1946.37 1946.37 74811.2
16 2525.93 10103.7 75398.4
60
3 141.2 141.2 65916.7
10 169.132 676.528 66111.5
2 153.595 153.595 66287
6 396.645 396.645 66268.5
9 283.324 283.324 66269.2
4 271.348 271.348 66483.7
5 282.45 282.45 66297.7
8 711.322 711.322 66424.5
11 442.435 442.435 66501.2
15 543.058 543.058 66624.7
13 674.361 2697.44 66819.8
1 608.26 608.26 66721.1
12 448.899 448.899 66657.3
17 688.8 688.8 67034.3
7 363.478 1863.48 66764
19 887.799 887.799 67268.9
3 1422.64 1422.64 67658.2
0 561.65 2246.6 66872.5
16 62.4269 249.708 66435.6
9 1232.03 1232.03 67596.8
14 800.753 800.753 67394.7
5 1435.43 1435.43 68482.7
6 1301.7 1301.7 68386.8
18 1020.02 1020.02 68146.2
10 910.203 3640.81 68146.9
11 1177.82 4711.29 68644.4
2 1211.44 4845.77 68594.3
15 1143.25 1143.25 68556.1
0 928.662 928.662 68404.8
16 897.554 897.554 69198.2
13 582.851 582.851 70172.2
12 623.703 2494.81 70823.8
4 380.927 1523.71 69837.6
14 569.526 569.526 70840.1
3 159.323 637.291 70087.1
5 404.794 1619.18 70523.5
2 135.548 135.548 70281.7
9 365.259 1461.04 71107
15 204.244 816.976 71010.4
16 322.201 1288.81 71636.8
18 566.23 566.23 72121.8
10 116.228 464.912 71183.5
4 475.916 475.916 71634.2
6 793.081 793.081 72569.8
0 393.728 393.728 71917.6
2 673.018 2692.07 71858.3
3 334.81 2839.24 71922.5
1 440.985 1763.94 72402.6
11 534.628 3638.51 72014.2
13 668.426 4173.7 72392.7
10 1186.51 1186.51 73037.5
19 586.315 586.315 72446.7
4 1133.99 1133.99 73640.1
9 412.522 1650.09 73141.7
12 562.961 562.961 73231.8
17 269.376 1077.5 72874.5
15 767.758 767.758 73315.4
2 1037.46 1037.46 73688.6
7 389.364 1557.46 73471.3
14 727.947 727.947 73530.2
59
10 163.887 655.55 65924.6
3 128.83 515.322 65929.7
5 305.807 305.807 66156.2
4 228.495 228.495 66270.2
2 301.746 301.746 66358
12 398.122 1592.49 66459.6
7 596.818 2387.27 67094
6 265.698 265.698 66605.1
9 325.666 1302.67 66839.5
16 221.366 885.462 66626.8
11 474.883 1899.53 66946.3
0 560.882 560.882 67192.9
14 743.594 2974.38 67293.3
8 738.832 738.832 67151.9
15 455.201 1820.8 67069.4
10 575.5 575.5 67688.2
13 237.04 948.159 67187.8
1 244.565 2478.26 67635
6 916.498 916.498 68001.9
2 724.098 724.098 68170.2
19 219.973 219.973 67915.5
4 887.618 887.618 68478.9
12 239.924 239.924 67996.2
18 853.956 853.956 68680.9
8 1089.91 1089.91 69705.9
16 374.888 374.888 69261.9
14 472.902 472.902 69110.5
0 249.246 249.246 69147.1
3 274.068 2596.27 69203.3
17 312.93 312.93 69475.3
6 791.161 3164.65 69916.4
7 411.329 1911.33 69764.9
5 456.304 1825.22 69703.6
9 324.218 324.218 69850.4
15 647.055 2588.22 70156
10 393.988 1575.95 70408
12 574.248 574.248 70737.6
2 315.185 315.185 70676.5
18 290.845 1163.38 70446.9
17 1216.7 1216.7 72280.9
4 188.227 188.227 71638.7
0 545.161 545.161 71703.4
8 886.549 886.549 72663.2
16 913.575 913.575 72437.4
3 174.654 2198.61 71359.9
9 223.22 2392.88 71811
5 371.244 1484.98 72332.9
14 771.857 3087.43 72251.4
18 513.107 2052.43 72237.4
2 814.732 814.732 72665.7
13 178.093 178.093 72038.5
10 880.233 880.233 73386.3
11 331.001 1324.01 73060.2
12 487.843 487.843 73156.7
19 214.526 858.102 72819.6
15 510.946 510.946 73058.6
0 882.594 882.594 73533.8
7 389.364 1557.46 73471.3
4 732.898 732.898 73535.1
72
10 147.319 147.319 65960.4
3 132.604 530.416 65941.9
4 139.91 559.642 66166.8
5 299.855 1199.42 66175.9
9 212.23 848.919 66148.4
2 297.732 1190.93 66208.5
11 406.826 406.826 66409.7
7 1005.02 1005.02 67038.7
12 190.372 761.489 66460
0 650.71 650.71 66749.5
15 475.753 1903.01 66454.3
19 188.465 753.862 66489.9
13 401.503 1606.01 66543.9
1 672.382 672.382 67070.5
17 1277.99 1277.99 67727.1
18 43.8039 43.8039 66537.9
3 1280.83 5123.33 67769.8
16 631.6 2526.4 66992.6
6 317.346 1269.39 67132.9
5 1495.48 5981.93 68122.9
14 723.991 2895.97 67552.8
8 411.658 7646.63 70245.2
9 1060.69 1060.69 68088.2
2 769.552 769.552 67788.6
4 1227.59 4910.35 68430.8
10 375.404 1501.62 67893.3
12 689.038 2756.15 68350
15 284.728 2638.91 68209
13 148.332 2093.33 68059.6
11 403.092 403.092 68857
0 449.373 449.373 68767.7
19 313.419 1253.68 69061.3
16 409.49 1637.96 69021.4
1 567.45 2269.8 69587.3
4 732.612 732.612 70080.4
3 185.281 741.125 69764.1
18 166.549 166.549 70182.1
6 481.32 1925.28 70394.5
5 305.738 305.738 71048.1
9 350.002 1400.01 71098.1
19 353.598 353.598 71460.5
0 436.936 1747.75 71275.1
15 104.125 416.499 71316.5
10 117.599 470.396 71282.7
3 393.739 393.739 71593.4
11 430.906 430.906 71634.1
13 578.656 578.656 71916
12 110.953 110.953 71379.4
2 160.372 641.487 71298.5
4 714.306 2857.22 72275
6 1205.99 1205.99 72887.5
16 680.363 2721.45 72087.2
14 777.764 3111.06 72069.1
8 811.531 3246.13 72267.4
18 1491.23 1491.23 72971.8
1 817.84 4771.36 72365
10 1448.39 1448.39 73254.2
2 1174.13 4696.51 73147.4
17 409.637 3138.55 72624.2
12 1236.85 1236.85 73141.2
5 1020.5 1020.5 73054.7
9 809.445 809.445 72606.8
0 1525.13 1525.13 73451.6
14 2145.04 2145.04 74350.6
15 1033.16 5632.64 73177.8
3 1210.9 6343.6 73720.9
16 1858.62 1858.62 74289.2
11 1244.42 6477.68 74258.1
13 823.481 4793.93 73201
4 2222.66 2222.66 74831.4
1 1151.65 4606.59 74171.8
8 1055.25 1055.25 73817.1
74
10 164.742 164.742 65938.8
4 238.928 238.928 66198
3 184.024 184.024 66222.7
5 225.508 225.508 66300
15 492.293 492.293 66401.7
9 369.049 369.049 66439.8
11 441.459 441.459 66505.8
2 283.638 1134.55 66427.7
13 572.806 572.806 66876.7
12 314.499 314.499 66397.3
0 614.118 614.118 66994.5
18 296.005 1184.02 66945.8
1 490.857 490.857 66784.7
16 703.156 703.156 67241.5
17 70.4666 281.867 66555
19 343.089 343.089 67631.6
6 164.005 164.005 67220.4
7 515.224 3560.89 67646.5
15 1374.42 1374.42 68464.3
3 1139.67 4558.66 68164.2
10 662.061 662.061 67769.3
14 787.466 787.466 68037.5
5 855.854 855.854 68389.7
9 642.667 642.667 68338.2
4 952.608 952.608 68543.9
12 177.653 177.653 67934
2 153.918 153.918 67980.8
18 1073.17 1073.17 69689.1
0 193.875 193.875 69080.9
16 599.952 599.952 69237.5
10 801.771 801.771 69699.7
11 469.569 3378.27 69398.8
1 304.972 304.972 69467.4
7 435.757 3243.03 69561
6 319.002 319.002 69672.6
3 443.456 1773.82 69690.8
13 569.72 569.72 70095.9
9 852.069 3408.28 70361
12 456.389 1825.56 70470.4
14 487.475 487.475 70650.8
2 315.185 315.185 70676.5
15 212.527 2350.11 70368.5
7 413.226 413.226 71477.4
4 188.227 188.227 71638.7
11 202.568 810.274 71415
16 623.278 2493.11 71788.3
5 316.203 316.203 71515.9
3 317.924 317.924 71521.1
13 730.074 730.074 72067.4
10 291.342 291.342 71559.8
0 721.416 2885.66 71859.6
18 448.944 1795.78 72009.6
6 1289.86 1289.86 72971.4
19 835.998 4843.99 72242.9
1 713.609 4354.44 72004.9
2 1242.79 4971.15 72698.6
12 1775.94 1775.94 73256.5
15 1094.63 5878.52 72641.8
14 1565.67 1565.67 73371.5
17 950.821 5303.29 72924.1
9 1036.2 5644.81 73250.7
10 1417.24 1417.24 73321.6
5 1488.28 1488.28 73522.4
3 1232.45 1232.45 73029.8
16 1410.84 1410.84 73337.3
4 1497.21 1497.21 73702.7
0 1456.3 5825.19 73600.9
11 1477 7408.01 73987
2 2470.02 2470.02 74900.6
1 1615.29 7961.18 74629
13 974.9 5399.6 73352.4
8 1822.77 1822.77 74431.5
19 1029.5 4118.02 74049.7
12 2044.33 2044.33 74806.2
64
10 147.319 147.319 65960.4
3 132.604 530.416 65941.9
4 139.91 559.642 66166.8
5 299.855 1199.42 66175.9
9 212.23 848.919 66148.4
2 297.732 1190.93 66208.5
11 406.826 406.826 66409.7
7 1005.02 1005.02 67038.7
12 190.372 761.489 66460
0 650.71 650.71 66749.5
15 475.753 1903.01 66454.3
19 188.465 753.862 66489.9
13 401.503 1606.01 66543.9
1 672.382 672.382 67070.5
17 1277.99 1277.99 67727.1
18 43.8039 43.8039 66537.9
3 1280.83 5123.33 67769.8
16 631.6 2526.4 66992.6
6 317.346 1269.39 67132.9
5 1495.48 5981.93 68122.9
14 723.991 2895.97 67552.8
8 411.658 7646.63 70245.2
9 1060.69 1060.69 68088.2
2 769.552 769.552 67788.6
4 1227.59 4910.35 68430.8
10 435.962 435.962 67920.1
13 592.515 592.515 68197.2
15 336.594 2846.38 67998.9
11 451.233 451.233 68450.8
16 672.837 672.837 68521
12 551.667 551.667 68794.5
7 473.093 1892.37 68967.5
6 947.264 3789.06 69422.1
0 340.886 1363.54 68915.3
14 651.576 651.576 69516.8
19 341.541 341.541 69234.6
18 235.36 235.36 69559
2 270.648 270.648 69541
4 732.612 732.612 70080.4
3 185.281 741.125 69764.1
16 701.365 701.365 70716.9
6 1259.26 5037.04 71172.4
5 305.738 305.738 71048.1
9 350.002 1400.01 71098.1
19 293.506 293.506 71400.4
0 436.936 1747.75 71275.1
10 119.063 119.063 71277.3
4 1302.5 1302.5 73079.2
18 387.284 387.284 71911.2
12 393.899 1575.6 71579.2
2 326.853 1307.41 71914.6
3 120.686 482.743 72082.3
8 681.687 2726.75 72161.3
14 193.324 773.298 71917.6
10 1280.35 1280.35 73131.4
13 178.093 178.093 72038.5
12 1078.98 1078.98 73585.1
11 331.001 1324.01 73060.2
16 542.883 542.883 73211.7
17 269.376 1077.5 72874.5
5 327.783 327.783 72875.5
2 1093.76 1093.76 73744.9
7 389.364 1557.46 73471.3
0 477.672 477.672 73279.9
66
10 164.742 164.742 65938.8
4 238.928 238.928 66198
3 184.024 184.024 66222.7
5 225.508 225.508 66300
15 492.293 492.293 66401.7
9 369.049 369.049 66439.8
11 441.459 441.459 66505.8
2 283.638 1134.55 66427.7
13 572.806 572.806 66876.7
12 314.499 314.499 66397.3
0 614.118 614.118 66994.5
18 296.005 1184.02 66945.8
1 490.857 490.857 66784.7
16 703.156 703.156 67241.5
17 70.4666 281.867 66555
19 343.089 343.089 67631.6
6 164.005 164.005 67220.4
7 515.224 3560.89 67646.5
15 1374.42 1374.42 68464.3
3 1139.67 4558.66 68164.2
10 662.061 662.061 67769.3
14 787.466 787.466 68037.5
5 855.854 855.854 68389.7
4 493.458 1973.83 68011.4
12 479.354 1917.42 68140.4
2 258.183 1032.73 68182.4
11 512.717 3550.87 68424
1 126.202 126.202 68580.1
0 663.281 663.281 68981.6
17 443.272 1773.09 69191.1
16 578.396 2313.58 69190.3
13 375.368 1501.47 69395.2
14 644.931 644.931 69992.7
3 183.925 735.699 69762.7
18 166.549 166.549 70182.1
6 481.32 1925.28 70394.5
5 305.738 305.738 71048.1
9 350.002 1400.01 71098.1
17 326.259 326.259 71433.1
0 436.936 1747.75 71275.1
4 188.745 188.745 71149.3
3 255.785 255.785 71578.9
11 184.726 184.726 71519.9
16 186.392 186.392 71563.4
10 163.248 163.248 71680.8
2 119.111 476.442 72050.6
12 633.264 633.264 72814.8
15 525.232 2100.93 72152.3
13 117.091 1968.36 71838.8
1 479.943 1919.77 72604.3
19 932.136 932.136 72898
4 1133.49 4533.94 73117.6
18 1083.53 4334.12 73206.2
5 751.466 751.466 72884.8
0 947.506 3790.02 73731.5
7 1199.1 4796.39 73566.6
14 795.685 795.685 73226.2
9 683.128 2732.51 73115.9
16 987.24 987.24 73641.1
10 815.787 3263.15 73559.5
6 860.226 3440.9 73469.1
11 729.359 2917.44 73334.1
3 1051.94 4207.78 73849.7
15 1266.2 1266.2 74132.7
13 1237.73 1237.73 74102.6
2 1460.28 5841.14 74332.7
55
10 147.319 147.319 65960.4
3 132.604 530.416 65941.9
4 139.91 559.642 66166.8
5 299.855 1199.42 66175.9
9 212.23 848.919 66148.4
2 297.732 1190.93 66208.5
11 406.826 406.826 66409.7
7 1005.02 1005.02 67038.7
12 190.372 761.489 66460
0 650.71 650.71 66749.5
15 475.753 1903.01 66454.3
19 188.465 753.862 66489.9
13 401.503 1606.01 66543.9
1 672.382 672.382 67070.5
17 1277.99 1277.99 67727.1
18 43.8039 43.8039 66537.9
3 1280.83 5123.33 67769.8
16 631.6 2526.4 66992.6
6 317.346 1269.39 67132.9
5 1495.48 5981.93 68122.9
14 723.991 2895.97 67552.8
8 411.658 7646.63 70245.2
9 1060.69 1060.69 68088.2
2 769.552 769.552 67788.6
4 1227.59 4910.35 68430.8
10 443.487 443.487 67919.6
18 851.277 851.277 69152
4 732.612 732.612 70080.4
3 185.281 741.125 69764.1
16 343.28 343.28 70358.8
6 481.32 1925.28 70394.5
5 305.738 305.738 71048.1
9 350.002 1400.01 71098.1
17 476.756 476.756 71583.6
0 436.936 1747.75 71275.1
10 108.929 435.717 71141.7
2 311.974 311.974 71448.7
12 419.509 1678.04 71702.6
14 777.205 777.205 71828.7
18 842.523 842.523 72110.6
19 183.664 2234.66 71763.5
3 263.258 2553.03 71802.4
8 616.963 616.963 72203.1
11 437.517 1750.07 72150.8
16 1199.1 1199.1 72918.5
15 523.416 2093.66 72467.6
10 1122.82 1122.82 73135.6
13 273.537 1094.15 72493.7
1 272.527 272.527 72494.1
2 1183.27 1183.27 73425.9
4 1039.5 1039.5 73428.6
12 869.704 3478.82 73042.8
7 1091.64 4366.57 73783.8
0 1197.31 4789.22 74105.9
5 258.608 1034.43 73191.7
63
10 147.319 147.319 65960.4
3 132.604 530.416 65941.9
4 139.91 559.642 66166.8
5 299.855 1199.42 66175.9
9 212.23 848.919 66148.4
2 297.732 1190.93 66208.5
11 406.826 406.826 66409.7
7 1005.02 1005.02 67038.7
12 190.372 761.489 66460
0 650.71 650.71 66749.5
15 475.753 1903.01 66454.3
19 188.465 753.862 66489.9
13 401.503 1606.01 66543.9
1 672.382 672.382 67070.5
17 1277.99 1277.99 67727.1
18 43.8039 43.8039 66537.9
3 1280.83 5123.33 67769.8
16 631.6 2526.4 66992.6
6 317.346 1269.39 67132.9
5 1495.48 5981.93 68122.9
14 723.991 2895.97 67552.8
8 411.658 7646.63 70245.2
9 1060.69 1060.69 68088.2
2 769.552 769.552 67788.6
4 1227.59 4910.35 68430.8
10 223.598 223.598 67970.1
12 463.646 1854.58 68463
11 533.138 533.138 68545.9
15 322.368 322.368 68345.5
18 1198.71 1198.71 70128.2
16 130.595 522.379 68736.8
0 277.643 1110.57 68730.5
6 1062.5 1062.5 70140.6
4 912.024 912.024 69931.2
3 149.771 599.082 69345.3
7 566.713 3766.85 70333.9
2 128.344 128.344 70150.1
9 225.932 225.932 69949.2
13 162.906 162.906 70073.5
1 170.653 682.611 70052.1
18 2196.11 2196.11 72620.2
16 213.501 213.501 70508.2
11 532.037 2128.15 71244.1
15 493.221 1972.88 70840
6 1707.46 1707.46 72293.8
12 92.2998 92.2998 70767.8
0 247.216 247.216 71028.8
10 110.104 110.104 71365.6
14 774.002 774.002 71960
8 909.786 909.786 72320.3
2 1158.23 1158.23 72462.7
16 1284.94 1284.94 72814.9
3 190.58 762.32 71939.3
9 119.725 119.725 71744.5
12 979.552 979.552 72753.3
13 107.104 428.415 71946.6
5 336.789 336.789 72382.8
4 314.747 314.747 72463.7
0 533.535 533.535 73281.6
10 1000.78 1000.78 73322.7
14 1154.3 1154.3 73750.9
15 395.465 1581.86 73417.8
4 1650.32 1650.32 74703.7
59
10 163.887 655.55 65924.6
3 128.83 515.322 65929.7
5 305.807 305.807 66156.2
4 228.495 228.495 66270.2
2 301.746 301.746 66358
12 398.122 1592.49 66459.6
7 596.818 2387.27 67094
6 265.698 265.698 66605.1
9 325.666 1302.67 66839.5
16 221.366 885.462 66626.8
11 474.883 1899.53 66946.3
0 560.882 560.882 67192.9
14 743.594 2974.38 67293.3
8 738.832 738.832 67151.9
15 455.201 1820.8 67069.4
10 575.5 575.5 67688.2
13 237.04 948.159 67187.8
1 244.565 2478.26 67635
6 916.498 916.498 68001.9
2 724.098 724.098 68170.2
12 507.758 507.758 67991.9
5 667.138 667.138 68271.8
3 185.015 2240.06 67847.4
19 848.891 848.891 68848.4
4 355.285 355.285 68203.5
16 428.208 428.208 68671
9 713.937 2855.75 69208.4
8 416.765 1667.06 68891.6
14 267.719 1070.88 68842.1
0 388.708 388.708 69253.9
17 251.731 251.731 69144.8
18 235.36 235.36 69559
10 370.777 370.777 69641.1
6 653.709 653.709 70007.3
3 147.058 588.231 69394.4
11 455.101 455.101 69981.3
15 647.055 2588.22 70156
12 456.389 1825.56 70470.4
2 677.017 677.017 70840.3
4 247.335 247.335 70608.6
14 429.798 1719.19 70585.8
7 357.911 357.911 71422.1
0 445.17 445.17 71895.6
16 663.544 663.544 71919
10 762.407 762.407 71948.4
18 1124.67 1124.67 72535.2
4 1301.36 1301.36 72605.9
14 1362.56 1362.56 72892.6
3 190.58 762.32 71939.3
5 128.731 128.731 71753.5
2 1319.07 1319.07 73092.8
13 102.919 411.678 71942.4
9 368.041 368.041 72414
12 385.228 385.228 72534.2
0 1400.36 1400.36 74148.5
10 1146.35 1146.35 73468.3
16 1249.83 1249.83 73846.5
15 419.934 1679.74 73442.2
6 1708.39 1708.39 74761.8
73
3 141.2 141.2 65916.7
10 169.132 676.528 66111.5
2 153.595 153.595 66287
6 396.645 396.645 66268.5
9 283.324 283.324 66269.2
4 271.348 271.348 66483.7
5 282.45 282.45 66297.7
8 711.322 711.322 66424.5
11 442.435 442.435 66501.2
15 543.058 543.058 66624.7
13 674.361 2697.44 66819.8
1 608.26 608.26 66721.1
12 448.899 448.899 66657.3
17 688.8 688.8 67034.3
7 363.478 1863.48 66764
19 887.799 887.799 67268.9
3 1422.64 1422.64 67658.2
0 561.65 2246.6 66872.5
16 62.4269 249.708 66435.6
9 1232.03 1232.03 67596.8
14 800.753 800.753 67394.7
5 1435.43 1435.43 68482.7
6 1301.7 1301.7 68386.8
18 1020.02 1020.02 68146.2
10 910.203 3640.81 68146.9
11 1177.82 4711.29 68644.4
2 1211.44 4845.77 68594.3
15 1143.25 1143.25 68556.1
0 928.662 928.662 68404.8
16 897.554 897.554 69198.2
14 366.166 366.166 69774.2
8 875.379 875.379 70902.1
5 579.666 579.666 70801.3
18 822.299 822.299 70952.6
0 94.1391 94.1391 70223.6
13 651.769 651.769 71123.1
3 162.574 162.574 70363.6
12 801.839 3207.36 71516.5
15 482.712 1930.85 70873.3
6 391.23 1564.92 71298.4
10 106.566 106.566 70877
2 192.652 770.608 71465.2
1 496.239 496.239 71430.5
11 202.568 810.274 71415
4 245.619 982.474 71410.7
9 345.986 345.986 71545.7
19 842.796 842.796 72046
3 997.798 997.798 72335.1
14 358.678 358.678 71627.2
0 1180.15 4720.59 72318.3
16 808.085 3232.34 72368.7
18 1340.98 1340.98 73022.5
10 1291.89 5167.55 72698.7
17 1037.71 5650.84 72329
15 1255.12 6520.48 72711
4 1747.2 1747.2 73227.7
1 1685.61 8242.46 73232.8
2 1835.01 1835.01 73640.8
9 1421.26 7185.02 73394.5
14 1692.48 6769.92 73907
12 2008.56 2008.56 73912.9
11 1806.72 1806.72 73840.9
19 1757.32 1757.32 73554.7
0 1940.82 1940.82 73867.3
8 2192.08 2192.08 74397.6
5 1549.32 7697.3 73694
10 2316.22 9264.9 74826.2
6 2196.96 2196.96 74627.5
13 1683.82 8235.27 74697.5
3 1242.62 6470.49 73620.1
16 2316.44 2316.44 74925.2
17 1115.69 4462.77 74135.9
4 2015.6 2015.6 74777.5
59
3 141.2 141.2 65916.7
10 169.132 676.528 66111.5
2 153.595 153.595 66287
6 396.645 396.645 66268.5
9 283.324 283.324 66269.2
4 271.348 271.348 66483.7
5 282.45 282.45 66297.7
8 711.322 711.322 66424.5
11 442.435 442.435 66501.2
15 543.058 543.058 66624.7
13 674.361 2697.44 66819.8
1 608.26 608.26 66721.1
12 448.899 448.899 66657.3
17 688.8 688.8 67034.3
7 363.478 1863.48 66764
19 887.799 887.799 67268.9
3 1422.64 1422.64 67658.2
0 561.65 2246.6 66872.5
16 62.4269 249.708 66435.6
9 1232.03 1232.03 67596.8
14 800.753 800.753 67394.7
5 1435.43 1435.43 68482.7
6 1301.7 1301.7 68386.8
18 1020.02 1020.02 68146.2
10 910.203 3640.81 68146.9
11 1177.82 4711.29 68644.4
2 1211.44 4845.77 68594.3
15 1143.25 1143.25 68556.1
0 928.662 928.662 68404.8
16 897.554 897.554 69198.2
19 406.568 1626.27 69602.1
8 496.539 1986.16 70263.7
12 259.708 259.708 70281.4
3 237.932 237.932 69961.2
13 162.906 162.906 70073.5
1 170.653 682.611 70052.1
6 315.965 315.965 70740.1
18 297.585 297.585 70592.3
5 591.218 2364.87 71303.3
15 493.221 1972.88 70840
16 1550.82 1550.82 72137.2
0 132.037 132.037 70807.5
2 275.603 275.603 71057.2
10 110.104 110.104 71365.6
4 296.836 296.836 71482.8
14 738.388 738.388 72148.9
12 1289.59 1289.59 72594.1
18 1369.02 1369.02 72899
3 245.615 982.462 71994.3
9 189.66 189.66 71814.4
0 1019.29 1019.29 72793.1
13 107.104 428.415 71946.6
11 487.231 487.231 72533.2
2 626.116 626.116 72775.1
10 1443.85 1443.85 74192
4 680.775 680.775 73002.7
14 1479.74 1479.74 74076.4
15 395.465 1581.86 73417.8
6 1897.62 1897.62 74951
80
3 141.2 141.2 65916.7
10 169.132 676.528 66111.5
2 153.595 153.595 66287
6 396.645 396.645 66268.5
9 283.324 283.324 66269.2
4 271.348 271.348 66483.7
5 282.45 282.45 66297.7
8 711.322 711.322 66424.5
11 442.435 442.435 66501.2
15 543.058 543.058 66624.7
13 674.361 2697.44 66819.8
1 608.26 608.26 66721.1
12 448.899 448.899 66657.3
17 688.8 688.8 67034.3
7 363.478 1863.48 66764
19 887.799 887.799 67268.9
3 1422.64 1422.64 67658.2
0 561.65 2246.6 66872.5
16 62.4269 249.708 66435.6
9 1232.03 1232.03 67596.8
14 800.753 800.753 67394.7
5 1435.43 1435.43 68482.7
6 1301.7 1301.7 68386.8
18 1020.02 1020.02 68146.2
10 910.203 3640.81 68146.9
11 1177.82 4711.29 68644.4
2 1211.44 4845.77 68594.3
15 1143.25 1143.25 68556.1
16 625.448 2501.79 68143.3
4 712.654 2850.62 68373.7
0 702.989 2811.96 68627.2
12 585.81 2343.24 68497.1
1 416.891 416.891 68870.8
14 885.016 885.016 69203.3
13 1028.07 4112.28 69775.9
19 605.752 3923.01 69217.7
3 716.054 2864.21 69735.9
16 91.3686 91.3686 69499.4
8 875.379 875.379 70902.1
5 579.666 579.666 70801.3
4 579.001 579.001 70709.3
18 224.885 224.885 70354.3
1 664.994 664.994 71136.3
9 374.977 374.977 70576
0 614.314 2457.26 71328.9
19 390.237 1560.95 70780.8
6 391.23 1564.92 71298.4
10 106.566 106.566 70877
2 192.652 770.608 71465.2
15 483.015 483.015 71417.2
11 202.568 810.274 71415
12 391.561 1566.24 71556.6
17 1199.37 1199.37 72399
9 1203.21 1203.21 72406.4
3 1325.28 1325.28 72662.6
16 286.721 286.721 71555.2
14 678.358 2713.43 71816.5
7 555.514 3722.06 72116.2
4 1097.68 1097.68 72779.2
18 1249.69 4998.77 72656.6
10 1126.36 4505.45 72417.7
13 1150.4 6101.59 72606.2
12 1893.14 1893.14 73373.7
19 1035.97 5643.87 72583.1
2 1835.01 1835.01 73640.8
15 1292.82 6671.27 73266
16 1620.52 6482.08 73835.1
0 1821.03 1821.03 73725.4
11 1806.72 1806.72 73840.9
5 2078.59 2078.59 73875.9
14 1439.03 1439.03 73365.5
8 2192.08 2192.08 74397.6
10 2014.41 8057.65 74159.1
18 2274.03 9096.12 74784
6 2196.96 2196.96 74627.5
1 1697.04 8288.17 74710.7
3 1570.1 7780.4 73947.6
4 2726.88 2726.88 75335.6
17 1185.7 4742.78 74205.9
14 2153.41 2153.41 74915.3
71
10 147.319 147.319 65960.4
3 132.604 530.416 65941.9
4 139.91 559.642 66166.8
5 299.855 1199.42 66175.9
9 212.23 848.919 66148.4
2 297.732 1190.93 66208.5
11 406.826 406.826 66409.7
7 1005.02 1005.02 67038.7
12 190.372 761.489 66460
0 650.71 650.71 66749.5
15 475.753 1903.01 66454.3
19 188.465 753.862 66489.9
13 401.503 1606.01 66543.9
1 672.382 672.382 67070.5
17 1277.99 1277.99 67727.1
18 43.8039 43.8039 66537.9
3 1280.83 5123.33 67769.8
16 631.6 2526.4 66992.6
6 317.346 1269.39 67132.9
5 1495.48 5981.93 68122.9
14 723.991 2895.97 67552.8
8 411.658 7646.63 70245.2
9 1060.69 1060.69 68088.2
2 769.552 769.552 67788.6
4 1227.59 4910.35 68430.8
10 435.962 435.962 67920.1
13 592.515 592.515 68197.2
15 336.594 2846.38 67998.9
11 451.233 451.233 68450.8
16 672.837 672.837 68521
12 551.667 551.667 68794.5
7 473.093 1892.37 68967.5
6 947.264 3789.06 69422.1
0 340.886 1363.54 68915.3
14 651.576 651.576 69516.8
19 341.541 341.541 69234.6
18 235.36 235.36 69559
2 270.648 270.648 69541
10 586.191 586.191 69994.2
4 1474.56 1474.56 71501.3
17 637.232 637.232 70858.8
12 1019.34 1019.34 71149.7
16 181.043 181.043 70310.5
13 651.769 651.769 71123.1
3 162.574 162.574 70363.6
0 1007.59 4030.35 71722.2
5 441.875 1767.5 70832.4
6 737.256 2949.02 71644.4
14 545.276 545.276 71315.7
9 341.204 2864.81 71613.8
15 483.015 483.015 71417.2
2 578.074 2312.3 71610.8
8 1084.82 1084.82 72221.6
11 423.711 3194.84 71706.8
10 1029.87 1029.87 72081.4
18 682.268 682.268 71950.3
19 183.664 2234.66 71763.5
1 653.71 4114.84 72192.9
16 740.604 740.604 72326.7
3 446.909 1787.63 72160.2
14 1169.17 1169.17 72888.6
5 876.345 3505.38 72820.5
2 1591.97 1591.97 73604.8
15 1003.88 4015.51 73224.1
9 1517.39 1517.39 73739
10 1815.92 1815.92 74058.5
8 1640.63 1640.63 74029.7
11 873.905 4995.62 73047
17 1086.9 4347.6 73779.1
12 678.261 2713.04 73586.8
3 1275.62 5102.46 74208.7
63
3 141.2 141.2 65916.7
10 169.132 676.528 66111.5
2 153.595 153.595 66287
6 396.645 396.645 66268.5
9 283.324 283.324 66269.2
4 271.348 271.348 66483.7
5 282.45 282.45 66297.7
8 711.322 711.322 66424.5
11 442.435 442.435 66501.2
15 543.058 543.058 66624.7
13 674.361 2697.44 66819.8
1 608.26 608.26 66721.1
12 448.899 448.899 66657.3
17 688.8 688.8 67034.3
7 363.478 1863.48 66764
19 887.799 887.799 67268.9
3 1422.64 1422.64 67658.2
0 561.65 2246.6 66872.5
16 62.4269 249.708 66435.6
9 1232.03 1232.03 67596.8
14 800.753 800.753 67394.7
5 1435.43 1435.43 68482.7
6 1301.7 1301.7 68386.8
18 1020.02 1020.02 68146.2
10 910.203 3640.81 68146.9
11 1177.82 4711.29 68644.4
2 1211.44 4845.77 68594.3
15 1143.25 1143.25 68556.1
16 625.448 2501.79 68143.3
4 712.654 2850.62 68373.7
0 702.989 2811.96 68627.2
12 585.81 2343.24 68497.1
1 416.891 416.891 68870.8
14 885.016 885.016 69203.3
13 1028.07 4112.28 69775.9
19 605.752 3923.01 69217.7
3 716.054 2864.21 69735.9
16 1036.81 1036.81 70384.6
9 516.233 2064.93 70095
4 229.121 229.121 70244.6
7 279.418 2617.67 70192.6
19 324.567 324.567 71066.9
11 469.149 1876.6 71217.2
17 476.756 476.756 71583.6
18 435.036 1740.14 71273.2
10 119.063 119.063 71277.3
6 793.081 793.081 72569.8
0 393.728 393.728 71917.6
2 170.314 681.257 71355.6
12 421.688 1686.75 72009.4
9 109.896 439.584 72071.6
14 771.857 3087.43 72251.4
15 157.192 2128.77 71881.4
4 1229.23 1229.23 73080.2
13 175.735 175.735 72036.1
10 777.138 777.138 73283.2
3 52.3599 209.44 72781.5
18 643.297 643.297 73312.1
1 343.903 1375.61 72949
5 295.149 295.149 72842.8
2 534.755 534.755 73185.9
7 389.364 1557.46 73471.3
16 487.867 487.867 73290.1
67
3 141.2 141.2 65916.7
10 169.132 676.528 66111.5
2 153.595 153.595 66287
6 396.645 396.645 66268.5
9 283.324 283.324 66269.2
4 271.348 271.348 66483.7
5 282.45 282.45 66297.7
8 711.322 711.322 66424.5
11 442.435 442.435 66501.2
15 543.058 543.058 66624.7
13 674.361 2697.44 66819.8
1 608.26 608.26 66721.1
12 448.899 448.899 66657.3
17 688.8 688.8 67034.3
7 363.478 1863.48 66764
19 887.799 887.799 67268.9
3 1422.64 1422.64 67658.2
0 561.65 2246.6 66872.5
16 62.4269 249.708 66435.6
9 1232.03 1232.03 67596.8
14 800.753 800.753 67394.7
5 1435.43 1435.43 68482.7
6 1301.7 1301.7 68386.8
18 1020.02 1020.02 68146.2
10 910.203 3640.81 68146.9
11 1177.82 4711.29 68644.4
2 1211.44 4845.77 68594.3
15 1143.25 1143.25 68556.1
16 625.448 2501.79 68143.3
4 712.654 2850.62 68373.7
0 702.989 2811.96 68627.2
12 585.81 2343.24 68497.1
1 416.891 416.891 68870.8
14 885.016 885.016 69203.3
13 1028.07 4112.28 69775.9
19 605.752 3923.01 69217.7
3 716.054 2864.21 69735.9
5 810.039 810.039 70399.4
16 919.723 3678.89 71119.8
18 648.831 2595.32 70105.6
4 346.857 346.857 70617.4
9 318.175 1272.7 70245.9
11 657.691 2630.76 70776.4
2 135.548 135.548 70281.7
19 323.22 1292.88 71064.9
15 204.244 816.976 71010.4
14 780.466 3121.86 72095.1
12 649.969 649.969 72205.5
10 116.228 464.912 71183.5
0 545.161 545.161 71703.4
6 793.081 793.081 72569.8
18 978.908 978.908 72502.8
2 673.018 2692.07 71858.3
9 493.662 3474.65 72081.4
1 440.985 1763.94 72402.6
3 780.698 4622.79 72260.3
13 432.984 3231.94 72157.2
10 1186.51 1186.51 73037.5
15 622.784 622.784 72483.1
0 1203.24 1203.24 73709.3
19 370.483 1481.93 73099.6
16 844.291 844.291 73513.1
17 269.376 1077.5 72874.5
5 677.265 677.265 73224.9
2 1037.46 1037.46 73688.6
7 389.364 1557.46 73471.3
4 557.823 557.823 73360.1
65
3 141.2 141.2 65916.7
10 169.132 676.528 66111.5
2 153.595 153.595 66287
6 396.645 396.645 66268.5
9 283.324 283.324 66269.2
4 271.348 271.348 66483.7
5 282.45 282.45 66297.7
8 711.322 711.322 66424.5
11 442.435 442.435 66501.2
15 543.058 543.058 66624.7
13 674.361 2697.44 66819.8
1 608.26 608.26 66721.1
12 448.899 448.899 66657.3
17 688.8 688.8 67034.3
7 363.478 1863.48 66764
19 887.799 887.799 67268.9
3 1422.64 1422.64 67658.2
0 561.65 2246.6 66872.5
16 62.4269 249.708 66435.6
9 1232.03 1232.03 67596.8
14 800.753 800.753 67394.7
5 1435.43 1435.43 68482.7
6 1301.7 1301.7 68386.8
18 1020.02 1020.02 68146.2
10 910.203 3640.81 68146.9
11 1177.82 4711.29 68644.4
2 1211.44 4845.77 68594.3
15 1143.25 1143.25 68556.1
1 1266.87 1266.87 68962.4
16 1024.63 1024.63 68615.9
0 652.828 652.828 68409.1
4 741.364 741.364 68568.3
8 989.363 989.363 69605.3
12 250.686 250.686 69137.7
14 574.255 574.255 69211.8
18 1202.07 1202.07 70100
19 464.148 3356.59 69393.4
13 415.833 415.833 69578.2
7 360.932 2943.73 69486.2
10 1563.49 1563.49 70911.3
3 253.608 1014.43 69832.4
0 589.467 589.467 70605
6 898.496 3593.98 70811.7
9 335.074 335.074 71077.4
11 469.149 1876.6 71217.2
17 476.756 476.756 71583.6
2 656.559 2626.24 71494.7
4 247.675 247.675 71405.9
8 941.601 941.601 72718.3
16 657.734 657.734 72181.6
3 223.658 2394.63 71408.9
12 516.081 2064.32 72103.8
15 413.439 1653.76 72375.1
18 706.047 2824.19 72185.6
14 193.324 773.298 71917.6
4 1408.96 1408.96 73260
13 178.093 178.093 72038.5
0 1089.23 1089.23 73595.3
5 248.651 994.604 72977.8
2 864.82 864.82 73533.6
19 214.526 858.102 72819.6
9 357.119 357.119 72904.8
12 1282.98 1282.98 73934.1
7 389.364 1557.46 73471.3
10 662.789 662.789 73465
84
3 141.2 141.2 65916.7
10 169.132 676.528 66111.5
2 153.595 153.595 66287
6 396.645 396.645 66268.5
9 283.324 283.324 66269.2
4 271.348 271.348 66483.7
5 282.45 282.45 66297.7
8 711.322 711.322 66424.5
11 442.435 442.435 66501.2
15 543.058 543.058 66624.7
13 674.361 2697.44 66819.8
1 608.26 608.26 66721.1
12 448.899 448.899 66657.3
17 688.8 688.8 67034.3
7 363.478 1863.48 66764
19 887.799 887.799 67268.9
3 1422.64 1422.64 67658.2
0 561.65 2246.6 66872.5
16 62.4269 249.708 66435.6
9 1232.03 1232.03 67596.8
14 800.753 800.753 67394.7
5 1435.43 1435.43 68482.7
6 1301.7 1301.7 68386.8
18 1020.02 1020.02 68146.2
10 910.203 3640.81 68146.9
11 1177.82 4711.29 68644.4
2 1211.44 4845.77 68594.3
15 1143.25 1143.25 68556.1
0 920.662 920.662 68404.8
1 1095.47 1095.47 68700.1
16 859.217 3436.87 68521.6
13 861.343 861.343 68860.9
4 703.197 703.197 68551.4
12 591.561 591.561 68834.4
19 962.319 3849.28 69456.8
8 645.537 2582.15 69120.4
14 369.072 1476.29 68943.4
18 1244.97 1244.97 70110.2
3 597.392 597.392 69490.5
0 1326.28 1326.28 70649.9
10 881.753 881.753 70152.1
9 540.044 2160.18 69735.6
7 263.216 2552.86 70030.4
16 485.932 485.932 70507.6
15 659.311 659.311 70382.6
1 770.731 770.731 70681.3
11 683.838 2735.35 70565.3
6 315.965 315.965 70740.1
4 303.451 303.451 70598.1
5 591.218 2364.87 71303.3
13 542.353 2169.41 70889.1
8 687.212 687.212 71273.6
14 197.423 197.423 70872.9
2 275.603 275.603 71057.2
9 464.255 1857.02 71676.7
12 543.672 2174.69 71708.7
15 1012.23 1012.23 72211.9
3 1090.65 1090.65 72293.8
19 1064.44 1064.44 72401.8
18 593.004 593.004 71861.5
10 1108.67 4434.68 72246.8
17 1346.27 6885.07 72906.9
0 1732.93 1732.93 73414.4
16 1402.99 5611.96 72809.8
4 1386.5 5545.99 72677.8
13 1270.96 6583.85 72726.8
14 1675.29 1675.29 73155.8
11 1291.36 6665.44 72838.5
2 1426.95 1426.95 73232.7
1 1064.58 5758.31 73037.8
18 1926.8 7707.22 74141.3
12 2057.35 2057.35 73961.7
9 2068.4 2068.4 74102.6
15 1923.28 1923.28 73720.6
10 1869.34 1869.34 73795.8
4 2753.77 2753.77 74959.3
3 1890.53 9062.13 74035.2
19 2027.73 9610.94 74537.7
6 2447.29 2447.29 74877.9
5 1863.96 8955.86 74877.6
16 2147.48 8589.9 74525
8 1929.31 1929.31 74538
13 1513.45 6053.79 74533.6
14 1943.69 1943.69 74705.6
66
10 147.319 147.319 65960.4
3 132.604 530.416 65941.9
4 139.91 559.642 66166.8
5 299.855 1199.42 66175.9
9 212.23 848.919 66148.4
2 297.732 1190.93 66208.5
11 406.826 406.826 66409.7
7 1005.02 1005.02 67038.7
12 190.372 761.489 66460
0 650.71 650.71 66749.5
15 475.753 1903.01 66454.3
19 188.465 753.862 66489.9
13 401.503 1606.01 66543.9
1 672.382 672.382 67070.5
17 1277.99 1277.99 67727.1
18 43.8039 43.8039 66537.9
3 1280.83 5123.33 67769.8
16 631.6 2526.4 66992.6
6 317.346 1269.39 67132.9
5 1495.48 5981.93 68122.9
14 723.991 2895.97 67552.8
8 411.658 7646.63 70245.2
9 1060.69 1060.69 68088.2
2 769.552 769.552 67788.6
4 1227.59 4910.35 68430.8
10 443.487 443.487 67919.6
18 851.277 851.277 69152
16 69.0397 69.0397 69477.1
6 96.2858 96.2858 70123
17 637.232 637.232 70858.8
4 523.139 523.139 70653.5
0 95.6437 95.6437 70225.1
13 651.769 651.769 71123.1
3 162.574 162.574 70363.6
14 555.316 2221.26 71269.9
5 441.875 1767.5 70832.4
7 515.387 3561.55 71422.6
10 106.566 106.566 70877
2 192.652 770.608 71465.2
15 483.015 483.015 71417.2
16 385.627 385.627 71346.2
9 365.253 365.253 71688.3
11 184.726 184.726 71519.9
12 246.613 246.613 71623.6
8 723.655 723.655 72241.2
0 774.575 3098.3 72706
18 627.4 627.4 72809
3 546.731 2186.92 72173.8
1 221.045 2384.18 71942.7
19 690.272 2761.09 72814.6
5 868.016 868.016 72833.9
10 884.413 3537.65 72868.6
16 1240.88 4963.53 73363.6
15 1120.59 1120.59 73254
2 1658.63 6634.53 74442.6
17 718.336 2873.34 73085.8
4 1065.89 1065.89 73496.4
11 1102.6 4410.42 73535.3
12 1047.46 1047.46 73701.3
9 823.323 4793.29 73567
14 652.789 2611.16 73261.7
1 959.494 3837.98 73564.3
13 1005.94 4023.74 73803.7
3 1287.7 1287.7 74154.2
5 1902.95 1902.95 74767.8
8 1173.66 4694.62 74046.1
66
10 163.887 655.55 65924.6
3 128.83 515.322 65929.7
5 305.807 305.807 66156.2
4 228.495 228.495 66270.2
2 301.746 301.746 66358
12 398.122 1592.49 66459.6
7 596.818 2387.27 67094
6 265.698 265.698 66605.1
9 325.666 1302.67 66839.5
16 221.366 885.462 66626.8
11 474.883 1899.53 66946.3
0 560.882 560.882 67192.9
14 743.594 2974.38 67293.3
8 738.832 738.832 67151.9
15 455.201 1820.8 67069.4
10 575.5 575.5 67688.2
13 237.04 948.159 67187.8
1 244.565 2478.26 67635
6 916.498 916.498 68001.9
2 724.098 724.098 68170.2
12 507.758 507.758 67991.9
5 667.138 667.138 68271.8
3 185.015 2240.06 67847.4
19 848.891 848.891 68848.4
4 355.285 355.285 68203.5
16 428.208 428.208 68671
9 713.937 2855.75 69208.4
8 416.765 1667.06 68891.6
14 267.719 1070.88 68842.1
0 388.708 388.708 69253.9
17 251.731 251.731 69144.8
18 235.36 235.36 69559
10 370.777 370.777 69641.1
3 170.93 683.718 69366.5
6 241.644 966.575 70008.9
2 136.302 136.302 70158
11 446.969 446.969 70170.2
13 162.906 162.906 70073.5
15 98.2287 392.915 69979.7
8 959.5 959.5 71383.6
12 190.938 190.938 70485.6
9 719.201 2876.8 71431.2
1 480.98 1923.92 70827.7
6 1361.2 1361.2 71947.6
14 253.738 253.738 70929.2
0 354.61 354.61 71136.2
4 26.725 106.9 71059.5
16 684.646 684.646 71821.4
3 163.037 2152.15 71446.1
10 679.003 679.003 71730.5
18 682.268 682.268 71950.3
19 183.664 2234.66 71763.5
5 310.176 2740.7 71849.4
2 588.112 588.112 72174.2
11 281.055 1124.22 71994.3
12 879.079 879.079 72598.5
15 523.416 2093.66 72467.6
4 1040.62 1040.62 73053.4
13 273.537 1094.15 72493.7
1 375.057 375.057 72596.7
14 1129.15 1129.15 73371.8
0 1054.97 1054.97 73444
3 613.232 3952.93 72786.4
7 1091.64 4366.57 73783.8
17 614.98 3959.92 73523.6
5 1084.45 4337.78 74017.5
51
10 163.887 655.55 65924.6
3 128.83 515.322 65929.7
5 305.807 305.807 66156.2
4 228.495 228.495 66270.2
2 301.746 301.746 66358
12 398.122 1592.49 66459.6
7 596.818 2387.27 67094
6 265.698 265.698 66605.1
9 325.666 1302.67 66839.5
16 221.366 885.462 66626.8
11 474.883 1899.53 66946.3
0 560.882 560.882 67192.9
14 743.594 2974.38 67293.3
8 738.832 738.832 67151.9
15 455.201 1820.8 67069.4
10 575.5 575.5 67688.2
13 237.04 948.159 67187.8
1 244.565 2478.26 67635
6 916.498 916.498 68001.9
2 724.098 724.098 68170.2
12 515.758 515.758 67991.9
18 884.867 884.867 69185.5
3 195.171 780.684 69390.7
6 241.644 966.575 70008.9
2 136.302 136.302 70158
5 291.905 291.905 70015.1
13 162.906 162.906 70073.5
15 98.2287 392.915 69979.7
8 545.84 545.84 70969.9
16 162.888 162.888 70457.6
1 866.105 3464.42 71578.1
9 560.112 2240.45 70906.9
6 1361.2 1361.2 71947.6
12 110.953 110.953 70786.4
0 23.4264 23.4264 70805
10 110.104 110.104 71365.6
4 296.836 296.836 71482.8
14 738.388 738.388 72148.9
2 1166.19 1166.19 72470.7
18 1120.33 1120.33 72650.3
3 190.58 762.32 71939.3
5 186.774 186.774 71811.6
16 669.336 669.336 72443.1
13 107.104 428.415 71946.6
11 487.231 487.231 72533.2
12 355.38 355.38 72504.3
0 529.557 529.557 73277.7
4 680.775 680.775 73002.7
10 696.394 696.394 73293
9 162.221 648.884 73184.5
16 1629.73 1629.73 74683.1
48
3 162.574 162.574 65884.6
18 182.647 730.589 66017.2
14 377.416 1509.66 66146.2
5 298.417 1193.67 66129.1
9 350.002 350.002 66407.1
10 106.358 106.358 66287
15 476.111 476.111 66423.5
11 479.205 1916.82 66879.1
4 241.838 241.838 66628.4
2 290.474 290.474 66742.5
13 540.233 540.233 67049
1 599.336 2397.35 67115.3
12 166.395 665.579 66957.8
19 924.099 924.099 67630.8
16 563.968 2255.87 67472.3
7 823.499 823.499 67328.7
17 1263.25 1263.25 68196.1
3 2748.8 2748.8 69463.9
18 583.153 583.153 68094.1
0 554.983 2219.93 67919.5
10 763.537 763.537 68239.7
14 925.308 925.308 69226
8 321.497 321.497 69675
19 417.903 1671.61 69665.2
5 296.023 296.023 69822.2
15 647.055 2588.22 70156
4 433.989 1735.96 70448
0 419.162 419.162 70582.5
10 124.246 124.246 70485.5
16 149.202 596.807 70305.2
3 326.366 326.366 71390.6
2 195.534 195.534 71646
12 403.336 403.336 71658.8
18 1000.97 1000.97 72187
10 1150.1 1150.1 72560.7
14 1301.17 1301.17 72605.7
16 1081.96 1081.96 72612
5 235.495 941.979 71984.2
9 189.66 189.66 71814.4
0 1061.22 1061.22 72835
13 102.919 411.678 71942.4
11 487.231 487.231 72533.2
4 395.676 395.676 72544.6
2 1150.73 1150.73 73898.8
12 1294.01 1294.01 73616
18 1381.27 1381.27 73977.9
15 419.934 1679.74 73442.2
6 1708.39 1708.39 74761.8
50
10 163.887 655.55 65924.6
3 128.83 515.322 65929.7
5 305.807 305.807 66156.2
4 228.495 228.495 66270.2
2 301.746 301.746 66358
12 398.122 1592.49 66459.6
7 596.818 2387.27 67094
6 265.698 265.698 66605.1
9 325.666 1302.67 66839.5
16 221.366 885.462 66626.8
11 474.883 1899.53 66946.3
0 560.882 560.882 67192.9
14 743.594 2974.38 67293.3
8 738.832 738.832 67151.9
15 455.201 1820.8 67069.4
10 575.5 575.5 67688.2
13 237.04 948.159 67187.8
1 244.565 2478.26 67635
6 916.498 916.498 68001.9
2 724.098 724.098 68170.2
12 515.758 515.758 67991.9
18 884.867 884.867 69185.5
8 235.447 235.447 69589
3 167.324 669.294 69414.6
5 296.023 296.023 69822.2
15 647.055 2588.22 70156
14 103.795 415.179 70117.8
0 419.162 419.162 70582.5
10 124.246 124.246 70485.5
16 149.202 596.807 70305.2
7 357.911 357.911 71422.1
4 188.227 188.227 71638.7
2 285.746 285.746 71444
6 793.081 793.081 72569.8
12 589.483 589.483 72113.4
3 174.654 2198.61 71359.9
5 241.293 2465.17 71829
13 419.404 1677.62 72381.1
1 489.665 3458.66 71969.2
16 371.464 1485.86 72095.7
10 623.793 623.793 72474.8
15 414.979 414.979 72275.3
14 759.122 759.122 73265.2
9 311.695 1246.78 73040.8
0 321.033 321.033 72989.8
19 214.526 858.102 72819.6
11 450.293 450.293 72998
2 623.179 623.179 73274.3
7 482.334 1929.34 73564.3
18 52.0793 52.0793 72854.3
67
10 163.887 655.55 65924.6
3 128.83 515.322 65929.7
5 305.807 305.807 66156.2
4 228.495 228.495 66270.2
2 301.746 301.746 66358
12 398.122 1592.49 66459.6
7 596.818 2387.27 67094
6 265.698 265.698 66605.1
9 325.666 1302.67 66839.5
16 221.366 885.462 66626.8
11 474.883 1899.53 66946.3
0 560.882 560.882 67192.9
14 743.594 2974.38 67293.3
8 738.832 738.832 67151.9
15 455.201 1820.8 67069.4
10 575.5 575.5 67688.2
13 237.04 948.159 67187.8
1 244.565 2478.26 67635
6 916.498 916.498 68001.9
2 724.098 724.098 68170.2
12 507.758 507.758 67991.9
5 667.138 667.138 68271.8
3 185.015 2240.06 67847.4
19 848.891 848.891 68848.4
4 355.285 355.285 68203.5
16 428.208 428.208 68671
9 713.937 2855.75 69208.4
8 416.765 1667.06 68891.6
14 267.719 1070.88 68842.1
0 388.708 388.708 69253.9
17 251.731 251.731 69144.8
18 235.36 235.36 69559
10 370.777 370.777 69641.1
6 1083.97 1083.97 70431.8
3 185.281 741.125 69764.1
12 454.214 454.214 70469.7
7 279.418 2617.67 70192.6
5 305.738 305.738 71048.1
19 457.558 1830.23 71205.6
17 358.69 358.69 71465.6
0 436.936 1747.75 71275.1
4 188.745 188.745 71149.3
3 256.965 256.965 71580.1
11 184.726 184.726 71519.9
16 186.392 186.392 71563.4
2 294.258 294.258 71811.8
10 232.583 930.333 72164.1
18 586.846 586.846 72768.4
9 483.62 1934.48 72110.7
14 407.115 1628.46 72128.8
15 419.934 1679.74 72544.2
13 603.39 603.39 72569.3
1 672.677 4190.71 72656.8
4 1044 4176 73166.7
5 751.466 751.466 72884.8
12 850.782 3403.13 73634.7
7 1199.1 4796.39 73566.6
0 849.285 849.285 73279.8
19 790.684 3162.74 73223.4
16 987.24 987.24 73641.1
2 946.796 3787.18 73690.5
6 303.477 1213.91 72912.4
11 729.359 2917.44 73334.1
3 1053.12 4212.5 73850.9
9 1224.59 1224.59 74091
13 1638.32 1638.32 74503.2
14 1538.5 6154 74410.9
53
3 162.574 162.574 65884.6
18 182.647 730.589 66017.2
14 377.416 1509.66 66146.2
5 298.417 1193.67 66129.1
9 350.002 350.002 66407.1
10 106.358 106.358 66287
15 476.111 476.111 66423.5
11 479.205 1916.82 66879.1
4 241.838 241.838 66628.4
2 290.474 290.474 66742.5
13 540.233 540.233 67049
1 599.336 2397.35 67115.3
12 166.395 665.579 66957.8
19 924.099 924.099 67630.8
16 563.968 2255.87 67472.3
7 823.499 823.499 67328.7
17 1263.25 1263.25 68196.1
3 2748.8 2748.8 69463.9
18 583.153 583.153 68094.1
0 554.983 2219.93 67919.5
10 541.951 541.951 68288.5
12 961.425 3845.7 68960.8
5 781.503 781.503 68794.3
9 221.196 221.196 68244.3
14 904.151 904.151 69833.6
2 215.183 860.734 68821.3
4 144.522 578.088 68597.4
16 466.472 466.472 69544.6
18 575.294 575.294 69594.5
0 1349.38 1349.38 70697.2
9 253.091 1012.37 69831.9
10 629.862 629.862 70645.4
6 481.32 1925.28 70394.5
11 462.143 462.143 71204.5
15 514.874 2059.5 71263
17 440.013 440.013 71546.9
12 507.887 2031.55 71346.1
4 233.528 233.528 71489
2 290.474 290.474 71476.5
18 1675.56 1675.56 73086.1
9 346.368 1846.37 71650.9
2 1756.47 1756.47 73286.5
5 302.163 1208.65 72050.9
13 461.766 461.766 72086.5
10 1124.12 1124.12 72897.9
1 177.308 709.231 72016.8
19 824.879 824.879 72870.9
16 569.816 569.816 72718.8
0 385.298 385.298 73133.4
4 1124.2 1124.2 73446.1
14 918.01 918.01 73514.7
11 226.106 904.425 73248.4
12 1163.39 1163.39 74216.8
61
3 162.574 162.574 65884.6
18 182.647 730.589 66017.2
14 377.416 1509.66 66146.2
5 298.417 1193.67 66129.1
9 350.002 350.002 66407.1
10 106.358 106.358 66287
15 476.111 476.111 66423.5
11 479.205 1916.82 66879.1
4 241.838 241.838 66628.4
2 290.474 290.474 66742.5
13 540.233 540.233 67049
1 599.336 2397.35 67115.3
12 166.395 665.579 66957.8
19 924.099 924.099 67630.8
16 563.968 2255.87 67472.3
7 823.499 823.499 67328.7
17 1263.25 1263.25 68196.1
3 2748.8 2748.8 69463.9
18 583.153 583.153 68094.1
0 554.983 2219.93 67919.5
10 541.951 541.951 68288.5
12 961.425 3845.7 68960.8
5 781.503 781.503 68794.3
9 221.196 221.196 68244.3
14 904.151 904.151 69833.6
2 215.183 860.734 68821.3
4 144.522 578.088 68597.4
16 466.472 466.472 69544.6
18 575.294 575.294 69594.5
15 535.727 535.727 70125.1
0 505.575 2022.3 70705.7
10 389.21 1556.84 69845.9
2 794.553 794.553 71065.1
9 216.352 865.409 70144.1
11 518.276 2073.1 70637
4 399.189 399.189 70545.4
13 566.155 2264.62 71307.9
1 295.023 1180.09 71101.2
12 626.947 2507.79 71941.5
18 940.041 940.041 72495.6
10 603.198 2412.79 71670.5
5 268.627 2574.51 71301.4
4 1258.13 1258.13 72394.9
9 822.9 4791.6 72106
19 665.88 2165.88 71717.4
0 1804.57 1804.57 73072.6
17 485.559 3442.23 72065.4
15 1594.93 7879.74 73134.1
16 1690.49 1690.49 73276.6
13 1391.12 5564.48 73104.4
10 1523.9 1523.9 73243.3
5 1341.53 5366.11 73285.7
14 1849 1849 73861.8
1 1095.4 4381.58 73315.6
3 1105.82 1105.82 73327.4
4 2129.43 2129.43 74372
2 2014.31 2014.31 74403.4
11 662.839 4151.36 72836
7 1091.64 4366.57 73783.8
12 1470.13 5880.51 74378.7
19 832.816 3331.27 73765.9
71
3 162.574 162.574 65884.6
18 182.647 730.589 66017.2
14 377.416 1509.66 66146.2
5 298.417 1193.67 66129.1
9 350.002 350.002 66407.1
10 106.358 106.358 66287
15 476.111 476.111 66423.5
11 479.205 1916.82 66879.1
4 241.838 241.838 66628.4
2 290.474 290.474 66742.5
13 540.233 540.233 67049
1 599.336 2397.35 67115.3
12 166.395 665.579 66957.8
19 924.099 924.099 67630.8
16 563.968 2255.87 67472.3
7 823.499 823.499 67328.7
17 1263.25 1263.25 68196.1
3 2748.8 2748.8 69463.9
18 583.153 583.153 68094.1
0 554.983 2219.93 67919.5
5 395.037 395.037 68090.5
14 189.661 189.661 67780.9
10 503.054 503.054 68259.4
2 459.389 459.389 68286.3
16 897.125 897.125 69513.1
4 268.359 268.359 69155.4
12 635.57 635.57 69273.1
0 951.98 951.98 69849.9
9 274.414 2597.65 69203.7
1 304.972 304.972 69467.4
6 632.778 2531.11 69758
8 321.497 321.497 69675
19 417.903 1671.61 69665.2
11 455.101 455.101 69981.3
5 604.44 2417.76 70113.4
14 256.845 1027.38 70270.8
18 565.651 565.651 70729
10 124.246 124.246 70485.5
2 411.71 1646.84 70567.7
3 326.366 326.366 71390.6
12 276.859 276.859 71727.3
15 104.125 416.499 71316.5
19 304.27 2717.08 71469.3
9 345.986 345.986 71545.7
13 550.368 550.368 71753.5
11 615.456 615.456 71952.8
0 434.362 434.362 71702.8
4 750.473 3001.89 71888.6
16 267.237 1068.95 71827.9
6 708.574 708.574 72390.1
10 1049.97 4199.87 72456.8
1 713.609 4354.44 72004.9
2 1448.03 5792.11 72903.9
14 1576.39 1576.39 73056.9
17 1182.91 6231.63 72730.1
18 1643.85 1643.85 73449.6
5 1129.36 6017.46 73102.6
15 1381.84 7027.34 73596.4
0 1560.26 1560.26 73464.6
19 1441.73 1441.73 73475.9
9 1257.03 1257.03 73054.4
4 1511.14 1511.14 73437.6
12 1585.84 1585.84 73791.4
13 1350.25 6900.98 73494.9
11 1578.75 7815.02 74088.7
10 2228.22 2228.22 74658.8
1 1615.29 7961.18 74629
2 2241.49 8965.97 74619
16 1775.59 1775.59 74384.3
17 1516.71 6066.85 74536.9
14 1844.79 1844.79 74606.7
57
3 162.574 162.574 65884.6
18 182.647 730.589 66017.2
14 377.416 1509.66 66146.2
5 298.417 1193.67 66129.1
9 350.002 350.002 66407.1
10 106.358 106.358 66287
15 476.111 476.111 66423.5
11 479.205 1916.82 66879.1
4 241.838 241.838 66628.4
2 290.474 290.474 66742.5
13 540.233 540.233 67049
1 599.336 2397.35 67115.3
12 166.395 665.579 66957.8
19 924.099 924.099 67630.8
16 563.968 2255.87 67472.3
7 823.499 823.499 67328.7
17 1263.25 1263.25 68196.1
3 2748.8 2748.8 69463.9
18 583.153 583.153 68094.1
0 554.983 2219.93 67919.5
10 541.951 541.951 68288.5
12 961.425 3845.7 68960.8
5 781.503 781.503 68794.3
9 221.196 221.196 68244.3
14 904.151 904.151 69833.6
2 215.183 860.734 68821.3
4 144.522 578.088 68597.4
16 466.472 466.472 69544.6
18 575.294 575.294 69594.5
8 321.497 321.497 69675
19 417.903 1671.61 69665.2
11 455.101 455.101 69981.3
15 647.055 2588.22 70156
0 588.337 2353.35 70602.3
2 617.812 617.812 70781.1
10 124.246 124.246 70485.5
1 93.6077 1874.43 70249.6
3 326.366 326.366 71390.6
4 188.227 188.227 71638.7
12 576.072 576.072 71734.3
16 775.575 775.575 72552.3
18 1132.22 1132.22 72656.1
19 292.568 2670.27 71477.8
11 304.498 2717.99 71892.2
5 415.238 1660.95 72376.9
13 472.96 3391.84 71952.5
10 584.416 2337.66 72308.7
0 1589.2 1589.2 73440.2
1 249.715 249.715 72110.1
12 1234.15 1234.15 73740.2
9 311.695 1246.78 73040.8
2 516.796 516.796 73185.6
17 269.376 1077.5 72874.5
15 510.946 510.946 73058.6
14 1192.38 1192.38 73843.5
7 389.364 1557.46 73471.3
4 732.898 732.898 73535.1
74
3 162.574 162.574 65884.6
18 182.647 730.589 66017.2
14 377.416 1509.66 66146.2
5 298.417 1193.67 66129.1
9 350.002 350.002 66407.1
10 106.358 106.358 66287
15 476.111 476.111 66423.5
11 479.205 1916.82 66879.1
4 241.838 241.838 66628.4
2 290.474 290.474 66742.5
13 540.233 540.233 67049
1 599.336 2397.35 67115.3
12 166.395 665.579 66957.8
19 924.099 924.099 67630.8
16 563.968 2255.87 67472.3
7 823.499 823.499 67328.7
17 1263.25 1263.25 68196.1
3 2748.8 2748.8 69463.9
18 583.153 583.153 68094.1
0 554.983 2219.93 67919.5
5 395.037 395.037 68090.5
14 189.661 189.661 67780.9
10 503.054 503.054 68259.4
2 459.389 459.389 68286.3
16 897.125 897.125 69513.1
4 268.359 268.359 69155.4
12 635.57 635.57 69273.1
0 951.98 951.98 69849.9
9 274.414 2597.65 69203.7
1 304.972 304.972 69467.4
6 632.778 2531.11 69758
19 455.914 1823.66 69651.5
8 496.539 1986.16 70263.7
10 223.743 223.743 70245.5
11 446.969 446.969 70170.2
13 162.906 162.906 70073.5
15 98.2287 392.915 69979.7
16 1581 1581 72005.1
2 333.604 333.604 70628.3
17 655.749 2623 71367.8
5 506.823 2027.29 70853.6
6 1324.87 1324.87 71911.2
12 348.924 348.924 71024.4
18 452.18 452.18 71233.8
19 380.125 1520.5 71592.5
9 318.102 2772.41 71483.2
11 799.893 799.893 71999.6
1 1067.56 1067.56 72270.7
15 1048.77 1048.77 72386.1
0 434.362 434.362 71702.8
4 750.473 3001.89 71888.6
3 217.434 2369.74 71778.1
14 1428.25 1428.25 73109.8
10 1140.8 4563.2 72547.7
13 861.886 4947.54 72153.2
2 1508.6 6034.38 72964.4
12 1826.79 1826.79 73307.3
5 1108.75 5935 72655.9
18 1603.53 1603.53 73409.3
9 1358.75 6935.01 73332
0 1768.16 7072.65 73982.7
4 2237.25 2237.25 74141.6
11 1971.97 1971.97 74006.1
19 1842.57 1842.57 73639.9
10 2170.16 2170.16 74096.7
8 2642.96 2642.96 74848.5
13 1749.94 8499.74 73894.6
1 1888.2 9052.8 74398.2
2 2735.83 2735.83 75166.4
17 1928.49 9213.98 74942.2
15 1293.6 6674.39 73671.1
6 2566.97 2566.97 75175.7
5 1442.56 5770.23 74462.8
12 2095.19 2095.19 74857.1
68
10 163.887 655.55 65924.6
3 128.83 515.322 65929.7
5 305.807 305.807 66156.2
4 228.495 228.495 66270.2
2 301.746 301.746 66358
12 398.122 1592.49 66459.6
7 596.818 2387.27 67094
6 265.698 265.698 66605.1
9 325.666 1302.67 66839.5
16 221.366 885.462 66626.8
11 474.883 1899.53 66946.3
0 560.882 560.882 67192.9
14 743.594 2974.38 67293.3
8 738.832 738.832 67151.9
15 455.201 1820.8 67069.4
10 575.5 575.5 67688.2
13 237.04 948.159 67187.8
1 244.565 2478.26 67635
6 916.498 916.498 68001.9
2 724.098 724.098 68170.2
4 565.601 2262.4 68083.5
18 527.562 2110.25 68188.6
12 290.085 1160.34 68214.3
16 220.045 880.179 68131.3
3 141.381 141.381 68595.3
14 783.663 783.663 69102
19 166.258 665.032 68914.1
0 537.465 2149.86 69149.4
13 279.213 1116.85 69299.1
4 44.9334 44.9334 69453
6 449.525 449.525 70476.2
3 723.678 723.678 70945.3
18 576.539 576.539 70706.9
12 117.654 117.654 70247.1
1 664.275 664.275 71135.6
5 343.654 343.654 70544.7
16 479.177 1916.71 71193.8
15 482.712 1930.85 70873.3
7 515.387 3561.55 71422.6
10 106.566 106.566 70877
2 192.652 770.608 71465.2
9 511.541 511.541 71445.8
14 233.994 233.994 71194.6
11 484.599 484.599 71807.7
13 606.746 606.746 71941.9
0 230.59 230.59 71607.6
4 325.796 325.796 71843.4
12 796.585 3186.34 72728.1
10 1367.62 1367.62 73549.2
5 727.811 2911.24 72354.9
19 571.317 3785.27 72293
15 792.88 3171.52 72917.2
17 1273.64 1273.64 73239.5
14 1178.74 4714.94 73162.9
9 1341.64 6866.58 73464.3
11 1511.05 1511.05 73644.4
2 1658.63 6634.53 74442.6
3 804.782 3219.13 73172.3
18 1099.43 1099.43 73530
13 1524.62 6098.5 73957.4
0 1031.44 1031.44 73685.3
4 978.335 3913.34 73722
16 576.651 2306.6 73185.5
1 1117.39 4469.54 73722.2
19 1530.88 6123.53 74328.7
5 1468.78 1468.78 74335.2
17 2308.57 2308.57 75173.4
12 2137.76 8551.04 75010.2
62
10 163.887 655.55 65924.6
3 128.83 515.322 65929.7
5 305.807 305.807 66156.2
4 228.495 228.495 66270.2
2 301.746 301.746 66358
12 398.122 1592.49 66459.6
7 596.818 2387.27 67094
6 265.698 265.698 66605.1
9 325.666 1302.67 66839.5
16 221.366 885.462 66626.8
11 474.883 1899.53 66946.3
0 560.882 560.882 67192.9
14 743.594 2974.38 67293.3
8 738.832 738.832 67151.9
15 455.201 1820.8 67069.4
10 575.5 575.5 67688.2
13 237.04 948.159 67187.8
1 244.565 2478.26 67635
6 916.498 916.498 68001.9
2 724.098 724.098 68170.2
12 507.758 507.758 67991.9
5 667.138 667.138 68271.8
3 185.015 2240.06 67847.4
19 848.891 848.891 68848.4
4 355.285 355.285 68203.5
16 428.208 428.208 68671
9 713.937 2855.75 69208.4
8 416.765 1667.06 68891.6
14 267.719 1070.88 68842.1
0 388.708 388.708 69253.9
17 251.731 251.731 69144.8
18 235.36 235.36 69559
10 370.777 370.777 69641.1
12 376.734 376.734 69784.8
6 449.525 449.525 70476.2
5 576.982 576.982 70798.6
16 895.878 895.878 71026.2
2 249.495 249.495 70379
13 651.769 651.769 71123.1
3 162.574 162.574 70363.6
14 934.778 3739.11 71649.4
19 459.761 1839.04 70850.3
8 675.133 2700.53 71582.3
4 234.425 234.425 71004.9
0 354.379 1417.51 71627
15 483.015 483.015 71417.2
10 788.164 788.164 72043.7
12 905.513 905.513 72091.5
18 1124.67 1124.67 72535.2
2 1387.13 1387.13 72691.6
4 1284.88 1284.88 72814.9
11 469.84 1879.36 72218.6
9 238.154 238.154 71862.9
1 202.885 1702.88 71976.7
3 282.702 1130.81 72122.2
19 614.327 614.327 72660.3
0 1195.9 1195.9 73344.8
16 714.324 714.324 73462.4
12 1289.45 1289.45 73611.4
10 1374.45 1374.45 73971.1
15 438.83 1755.32 73461.1
14 1172.78 1172.78 74226.2
62
3 141.2 141.2 65916.7
10 169.132 676.528 66111.5
2 153.595 153.595 66287
6 396.645 396.645 66268.5
9 283.324 283.324 66269.2
4 271.348 271.348 66483.7
5 282.45 282.45 66297.7
8 711.322 711.322 66424.5
11 442.435 442.435 66501.2
15 543.058 543.058 66624.7
13 674.361 2697.44 66819.8
1 608.26 608.26 66721.1
12 448.899 448.899 66657.3
17 688.8 688.8 67034.3
7 363.478 1863.48 66764
19 887.799 887.799 67268.9
3 1422.64 1422.64 67658.2
0 561.65 2246.6 66872.5
16 62.4269 249.708 66435.6
9 1232.03 1232.03 67596.8
14 800.753 800.753 67394.7
5 1435.43 1435.43 68482.7
6 1301.7 1301.7 68386.8
18 1020.02 1020.02 68146.2
10 910.203 3640.81 68146.9
11 1177.82 4711.29 68644.4
2 1211.44 4845.77 68594.3
15 1143.25 1143.25 68556.1
0 928.662 928.662 68404.8
16 897.554 897.554 69198.2
13 582.851 582.851 70172.2
12 623.703 2494.81 70823.8
4 380.927 1523.71 69837.6
14 569.526 569.526 70840.1
3 159.323 637.291 70087.1
5 404.794 1619.18 70523.5
2 135.548 135.548 70281.7
9 365.259 1461.04 71107
15 204.244 816.976 71010.4
16 322.201 1288.81 71636.8
18 566.23 566.23 72121.8
10 116.228 464.912 71183.5
0 538.021 2152.08 71570.8
4 550.394 550.394 71687.1
11 423.711 3194.84 71706.8
2 779.241 779.241 71830.7
1 179.94 1679.94 71448
19 183.664 2234.66 71763.5
3 578.284 3813.14 72117.5
10 1407.66 1407.66 72993.8
17 1180.63 4722.53 72893.9
4 1540.57 1540.57 73260
13 1097.44 4389.75 73041.6
0 1551.91 1551.91 73564.7
9 693.602 2774.41 72913.8
15 914.034 914.034 73135.6
12 1531.75 1531.75 73774.3
2 1249.81 1249.81 73638.9
5 548.363 3693.45 72721.5
7 1091.64 4366.57 73783.8
14 387.109 1548.43 73295.7
11 941.858 3767.43 73874.9
66
10 147.319 147.319 65960.4
3 132.604 530.416 65941.9
4 139.91 559.642 66166.8
5 299.855 1199.42 66175.9
9 212.23 848.919 66148.4
2 297.732 1190.93 66208.5
11 406.826 406.826 66409.7
7 1005.02 1005.02 67038.7
12 190.372 761.489 66460
0 650.71 650.71 66749.5
15 475.753 1903.01 66454.3
19 188.465 753.862 66489.9
13 401.503 1606.01 66543.9
1 672.382 672.382 67070.5
17 1277.99 1277.99 67727.1
18 43.8039 43.8039 66537.9
3 1280.83 5123.33 67769.8
16 631.6 2526.4 66992.6
6 317.346 1269.39 67132.9
5 1495.48 5981.93 68122.9
14 723.991 2895.97 67552.8
8 411.658 7646.63 70245.2
9 1060.69 1060.69 68088.2
2 769.552 769.552 67788.6
4 1227.59 4910.35 68430.8
10 443.487 443.487 67919.6
18 851.277 851.277 69152
16 69.0397 69.0397 69477.1
6 96.2858 96.2858 70123
17 637.232 637.232 70858.8
4 523.139 523.139 70653.5
0 95.6437 95.6437 70225.1
13 651.769 651.769 71123.1
3 162.574 162.574 70363.6
14 555.316 2221.26 71269.9
5 441.875 1767.5 70832.4
7 515.387 3561.55 71422.6
10 106.566 106.566 70877
2 192.652 770.608 71465.2
15 483.015 483.015 71417.2
16 385.627 385.627 71346.2
9 365.253 365.253 71688.3
11 184.726 184.726 71519.9
12 246.613 246.613 71623.6
8 723.655 723.655 72241.2
0 774.575 3098.3 72706
18 627.4 627.4 72809
3 546.731 2186.92 72173.8
1 221.045 2384.18 71942.7
19 690.272 2761.09 72814.6
5 868.016 868.016 72833.9
10 884.413 3537.65 72868.6
16 1240.88 4963.53 73363.6
15 1120.59 1120.59 73254
2 1658.63 6634.53 74442.6
17 718.336 2873.34 73085.8
4 1065.89 1065.89 73496.4
11 1102.6 4410.42 73535.3
12 1047.46 1047.46 73701.3
9 823.323 4793.29 73567
14 652.789 2611.16 73261.7
1 959.494 3837.98 73564.3
13 1005.94 4023.74 73803.7
3 1287.7 1287.7 74154.2
5 1902.95 1902.95 74767.8
8 1173.66 4694.62 74046.1
60
3 162.574 162.574 65884.6
18 182.647 730.589 66017.2
14 377.416 1509.66 66146.2
5 298.417 1193.67 66129.1
9 350.002 350.002 66407.1
10 106.358 106.358 66287
15 476.111 476.111 66423.5
11 479.205 1916.82 66879.1
4 241.838 241.838 66628.4
2 290.474 290.474 66742.5
13 540.233 540.233 67049
1 599.336 2397.35 67115.3
12 166.395 665.579 66957.8
19 924.099 924.099 67630.8
16 563.968 2255.87 67472.3
7 823.499 823.499 67328.7
17 1263.25 1263.25 68196.1
3 2748.8 2748.8 69463.9
18 583.153 583.153 68094.1
0 554.983 2219.93 67919.5
10 582.464 2329.86 68100.4
5 211.164 2344.66 67872.2
2 572.947 2291.79 68497.2
14 365.348 1461.39 68276.6
15 257.01 257.01 68710.9
4 303.099 303.099 68621.4
13 819.3 3277.2 69567.2
12 456.585 1826.34 69068.5
1 307.571 1230.29 69327.4
19 455.914 1823.66 69651.5
8 496.539 1986.16 70263.7
0 282.18 282.18 70303.9
9 322.959 322.959 70046.2
5 266.977 266.977 70177.6
11 374.448 1497.79 70255.9
6 323.48 323.48 70747.6
2 142.717 142.717 70437.4
17 655.749 2623 71367.8
15 511.162 2044.65 70857.9
8 1616.1 1616.1 72202.5
12 152.722 152.722 70828.2
16 420.66 420.66 71202.2
10 119.063 119.063 71277.3
14 1167.56 1167.56 72944.2
18 297.695 297.695 71821.6
4 372.695 1490.78 71558
9 301.258 2705.03 71889
1 440.985 1763.94 72402.6
0 892.193 3568.77 72371.8
2 503.653 2014.61 72227.9
10 1280.35 1280.35 73131.4
11 135.25 135.25 71995.6
12 803.065 803.065 73309.1
15 202.587 810.347 72931.7
16 679.044 679.044 73347.9
19 214.526 858.102 72819.6
5 295.149 295.149 72842.8
4 737.135 737.135 73388.3
7 389.364 1557.46 73471.3
18 767.814 767.814 73570.1
65
3 162.574 162.574 65884.6
18 182.647 730.589 66017.2
14 377.416 1509.66 66146.2
5 298.417 1193.67 66129.1
9 350.002 350.002 66407.1
10 106.358 106.358 66287
15 476.111 476.111 66423.5
11 479.205 1916.82 66879.1
4 241.838 241.838 66628.4
2 290.474 290.474 66742.5
13 540.233 540.233 67049
1 599.336 2397.35 67115.3
12 166.395 665.579 66957.8
19 924.099 924.099 67630.8
16 563.968 2255.87 67472.3
7 823.499 823.499 67328.7
17 1263.25 1263.25 68196.1
3 2748.8 2748.8 69463.9
18 583.153 583.153 68094.1
0 554.983 2219.93 67919.5
5 395.037 395.037 68090.5
14 189.661 189.661 67780.9
10 503.054 503.054 68259.4
2 459.389 459.389 68286.3
16 897.125 897.125 69513.1
4 268.359 268.359 69155.4
12 635.57 635.57 69273.1
0 951.98 951.98 69849.9
9 274.414 2597.65 69203.7
1 304.972 304.972 69467.4
6 632.778 2531.11 69758
18 395.882 395.882 69743.7
19 441.845 1767.38 70020.6
2 580.316 580.316 70595.8
7 279.418 2617.67 70192.6
5 305.738 305.738 71048.1
9 446.271 1785.09 71194.4
17 440.013 440.013 71546.9
12 635.315 2541.26 71473.5
14 300.036 300.036 71260.6
11 484.599 484.599 71807.7
15 415.999 415.999 71751.1
0 40.8885 40.8885 71417.9
10 163.248 163.248 71680.8
4 346.449 1385.8 72277.9
18 1215.61 1215.61 73397.2
19 403.209 1612.84 72030.3
13 117.091 1968.36 71838.8
1 479.943 1919.77 72604.3
5 1083.68 1083.68 73049.6
14 1244.78 4979.11 73228.9
2 1443.88 5775.52 73566.6
9 897.718 897.718 73031.1
12 1145.88 4583.54 73929.8
3 128.062 512.249 72495.6
16 815.357 815.357 73245.9
15 1333.88 5335.51 73766.6
0 841.737 841.737 73495.6
10 815.787 3263.15 73559.5
7 327.302 2809.21 72936.2
13 855.54 3422.16 73460.3
11 1280.76 5123.03 74078.6
19 1144.18 1144.18 74010.6
9 1957.93 1957.93 74822.8
4 1687.62 6750.49 74560.1
70
10 147.319 147.319 65960.4
3 132.604 530.416 65941.9
4 139.91 559.642 66166.8
5 299.855 1199.42 66175.9
9 212.23 848.919 66148.4
2 297.732 1190.93 66208.5
11 406.826 406.826 66409.7
7 1005.02 1005.02 67038.7
12 190.372 761.489 66460
0 650.71 650.71 66749.5
15 475.753 1903.01 66454.3
19 188.465 753.862 66489.9
13 401.503 1606.01 66543.9
1 672.382 672.382 67070.5
17 1277.99 1277.99 67727.1
18 43.8039 43.8039 66537.9
3 1280.83 5123.33 67769.8
16 631.6 2526.4 66992.6
6 317.346 1269.39 67132.9
5 1495.48 5981.93 68122.9
14 723.991 2895.97 67552.8
8 411.658 7646.63 70245.2
9 1060.69 1060.69 68088.2
2 769.552 769.552 67788.6
4 1227.59 4910.35 68430.8
10 443.487 443.487 67919.6
18 851.277 851.277 69152
3 149.771 599.082 69345.3
6 515.426 2061.7 70282.6
2 128.344 128.344 70150.1
9 225.932 225.932 69949.2
13 162.906 162.906 70073.5
15 98.2287 392.915 69979.7
4 1623.22 1623.22 72047.3
16 162.888 162.888 70457.6
1 866.105 3464.42 71578.1
5 506.823 2027.29 70853.6
18 1504.55 1504.55 72090.9
12 110.953 110.953 70786.4
0 23.4264 23.4264 70805
11 202.568 810.274 71415
10 117.599 470.396 71282.7
3 159.577 159.577 71359.3
9 576.335 576.335 71779.5
19 898.857 898.857 72236.2
14 561.079 561.079 71829.6
8 1041.33 4165.3 72179.5
7 555.514 3722.06 72116.2
2 1568.61 1568.61 73250.1
15 875 5000 72281.9
13 861.886 4947.54 72153.2
16 1337.88 5351.52 72793.7
12 1588.82 1588.82 73069.3
5 1108.75 5935 72655.9
0 1174.78 1174.78 72980.6
10 1158.25 4632.99 73131.5
17 409.637 3138.55 72624.2
14 1686.98 1686.98 73591.3
3 1331.66 1331.66 73365.8
9 1490.86 1490.86 73288.2
8 1801.99 1801.99 73728.5
6 2483.46 2483.46 74689
11 1131.6 6026.41 73276.2
13 1770.7 8582.8 74280.7
0 2351.31 2351.31 74781.9
15 1892.21 9068.84 74905.9
19 1143.68 6074.73 73521.2
4 2703.06 2703.06 75311.8
5 1442.56 5770.23 74462.8
16 1581.6 1581.6 74343.5
62
3 162.574 162.574 65884.6
18 182.647 730.589 66017.2
14 377.416 1509.66 66146.2
5 298.417 1193.67 66129.1
9 350.002 350.002 66407.1
10 106.358 106.358 66287
15 476.111 476.111 66423.5
11 479.205 1916.82 66879.1
4 241.838 241.838 66628.4
2 290.474 290.474 66742.5
13 540.233 540.233 67049
1 599.336 2397.35 67115.3
12 166.395 665.579 66957.8
19 924.099 924.099 67630.8
16 563.968 2255.87 67472.3
7 823.499 823.499 67328.7
17 1263.25 1263.25 68196.1
3 2748.8 2748.8 69463.9
18 583.153 583.153 68094.1
0 554.983 2219.93 67919.5
10 755.537 755.537 68239.7
5 661.668 661.668 68266.3
2 624.812 2499.25 68287.2
9 348.615 348.615 68348.2
4 699.195 699.195 68547.4
14 212.812 212.812 68455.7
15 540.581 2162.32 69035
8 805.223 3220.89 69280
12 470.521 1882.08 69044.9
0 880.738 880.738 69746
1 431.346 431.346 69324.4
16 1137.06 1137.06 70460.7
10 721.723 721.723 69992.1
2 668.548 668.548 70076.6
6 96.2858 96.2858 70123
5 580.436 580.436 70802
18 296.094 296.094 70426.4
4 249.501 249.501 70379
13 651.769 651.769 71123.1
9 374.977 374.977 70576
14 503.455 2013.82 71218.1
11 541.506 2166.03 70932.1
8 595.215 2380.86 71502.4
12 385.863 385.863 71156.3
0 537.719 2150.88 71810.3
19 651.229 651.229 71585.4
10 1139.11 1139.11 72394.6
2 1197.33 1197.33 72383.3
4 1416.74 1416.74 72827.3
12 1670.83 1670.83 72975.3
16 1729.23 1729.23 73259.2
15 544.95 2179.8 72293.7
1 546.168 546.168 72171
18 1564.31 1564.31 73338.1
9 495.106 1980.42 72334.6
11 696.073 696.073 72742.1
0 1379.24 1379.24 73528.2
14 906.181 906.181 73654.3
2 1581.27 1581.27 73903.2
10 1725.4 1725.4 74322
19 607.044 2428.18 73629.4
6 1708.39 1708.39 74761.8
68
3 141.2 141.2 65916.7
10 169.132 676.528 66111.5
2 153.595 153.595 66287
6 396.645 396.645 66268.5
9 283.324 283.324 66269.2
4 271.348 271.348 66483.7
5 282.45 282.45 66297.7
8 711.322 711.322 66424.5
11 442.435 442.435 66501.2
15 543.058 543.058 66624.7
13 674.361 2697.44 66819.8
1 608.26 608.26 66721.1
12 448.899 448.899 66657.3
17 688.8 688.8 67034.3
7 363.478 1863.48 66764
19 887.799 887.799 67268.9
3 1422.64 1422.64 67658.2
0 561.65 2246.6 66872.5
16 62.4269 249.708 66435.6
9 1232.03 1232.03 67596.8
14 800.753 800.753 67394.7
5 1435.43 1435.43 68482.7
6 1301.7 1301.7 68386.8
18 1020.02 1020.02 68146.2
10 910.203 3640.81 68146.9
11 1177.82 4711.29 68644.4
2 1211.44 4845.77 68594.3
15 1143.25 1143.25 68556.1
0 928.662 928.662 68404.8
16 897.554 897.554 69198.2
13 582.851 582.851 70172.2
12 623.703 2494.81 70823.8
4 380.927 1523.71 69837.6
14 569.526 569.526 70840.1
3 159.323 637.291 70087.1
5 404.794 1619.18 70523.5
2 135.548 135.548 70281.7
9 365.259 1461.04 71107
15 204.244 816.976 71010.4
16 322.201 1288.81 71636.8
18 566.23 566.23 72121.8
10 116.228 464.912 71183.5
0 579.643 579.643 71540.2
11 484.599 484.599 71807.7
3 578.059 578.059 71913.2
4 415.336 415.336 71792.3
2 581.301 581.301 72098.9
1 442.394 3269.57 72373.9
12 1565.36 1565.36 73746.9
19 825.503 3302.01 72452.6
17 825.733 4802.93 72547.4
9 1026.56 4106.22 73150.9
13 1090.57 1090.57 73056.5
10 1190.88 4763.53 73175
0 1434.9 5739.59 73557.6
15 1195.26 1195.26 73328.6
14 1904.44 7617.76 74688.4
5 621.493 2485.97 72989
4 1457.55 1457.55 73888.1
11 1392.73 5570.93 73825.5
2 1646.23 1646.23 74300.1
3 1434.59 7238.36 74178.3
7 327.302 2809.21 72936.2
1 1390.63 5562.52 73995.4
17 1785.3 7141.19 74583.1
19 1566.48 1566.48 74432.9
13 2125.5 2125.5 74990.4
16 2073.6 8294.42 74946
71
3 162.574 162.574 65884.6
18 182.647 730.589 66017.2
14 377.416 1509.66 66146.2
5 298.417 1193.67 66129.1
9 350.002 350.002 66407.1
10 106.358 106.358 66287
15 476.111 476.111 66423.5
11 479.205 1916.82 66879.1
4 241.838 241.838 66628.4
2 290.474 290.474 66742.5
13 540.233 540.233 67049
1 599.336 2397.35 67115.3
12 166.395 665.579 66957.8
19 924.099 924.099 67630.8
16 563.968 2255.87 67472.3
7 823.499 823.499 67328.7
17 1263.25 1263.25 68196.1
3 2748.8 2748.8 69463.9
18 583.153 583.153 68094.1
0 554.983 2219.93 67919.5
10 582.464 2329.86 68100.4
5 211.164 2344.66 67872.2
2 572.947 2291.79 68497.2
14 365.348 1461.39 68276.6
15 257.01 257.01 68710.9
4 303.099 303.099 68621.4
13 819.3 3277.2 69567.2
12 456.585 1826.34 69068.5
1 307.571 1230.29 69327.4
5 466.101 466.101 70055.4
0 505.575 2022.3 70705.7
4 722.14 2888.56 70178.9
16 147.347 147.347 70417.9
9 318.175 1272.7 70245.9
11 518.276 2073.1 70637
10 289.332 289.332 70435.5
15 523.941 2095.77 71265.6
1 617.418 2469.67 71423.6
14 598.716 2394.86 71913.3
18 566.23 566.23 72121.8
2 300.16 1200.64 71367.4
19 694.194 2776.77 71906.6
12 391.561 1566.24 71556.6
9 875.606 875.606 72075.3
13 1168.54 1168.54 72371.7
17 1339.41 1339.41 72676.7
4 661.654 661.654 71930.1
10 853.695 3414.78 71991.9
3 217.434 2369.74 71778.1
16 806.279 806.279 72487.8
2 1782.29 7129.16 73189.2
12 1805.96 7223.84 73097.3
5 1464.92 7359.7 72920.8
0 2014.82 2014.82 73495.3
15 1520.8 7583.2 73068
10 2157.59 2157.59 73963.4
11 1648.54 8094.16 73621.8
1 1488.91 7455.64 73703.4
4 1787.55 1787.55 73691.9
9 2047.69 2047.69 74081.8
13 2083.06 2083.06 73880.4
6 2686.64 2686.64 74613.1
14 2417.76 2417.76 74623.3
19 1623.23 7992.91 73767.9
17 2302.71 10710.8 74812.7
18 2258.82 2258.82 74689.4
12 2707.65 10830.6 75721.3
7 2115.93 9963.73 74493.4
8 1822.77 1822.77 74431.5
5 1707.41 6829.64 74727.6
2 1977.03 1977.03 74738.9
62
10 147.319 147.319 65960.4
3 132.604 530.416 65941.9
4 139.91 559.642 66166.8
5 299.855 1199.42 66175.9
9 212.23 848.919 66148.4
2 297.732 1190.93 66208.5
11 406.826 406.826 66409.7
7 1005.02 1005.02 67038.7
12 190.372 761.489 66460
0 650.71 650.71 66749.5
15 475.753 1903.01 66454.3
19 188.465 753.862 66489.9
13 401.503 1606.01 66543.9
1 672.382 672.382 67070.5
17 1277.99 1277.99 67727.1
18 43.8039 43.8039 66537.9
3 1280.83 5123.33 67769.8
16 631.6 2526.4 66992.6
6 317.346 1269.39 67132.9
5 1495.48 5981.93 68122.9
14 723.991 2895.97 67552.8
8 411.658 7646.63 70245.2
9 1060.69 1060.69 68088.2
2 769.552 769.552 67788.6
4 1227.59 4910.35 68430.8
10 375.404 1501.62 67893.3
12 689.038 2756.15 68350
15 284.728 2638.91 68209
13 148.332 2093.33 68059.6
11 403.092 403.092 68857
0 449.373 449.373 68767.7
19 313.419 1253.68 69061.3
16 409.49 1637.96 69021.4
1 567.45 2269.8 69587.3
4 732.612 732.612 70080.4
3 185.281 741.125 69764.1
18 166.549 166.549 70182.1
6 481.32 1925.28 70394.5
5 305.738 305.738 71048.1
9 350.002 1400.01 71098.1
19 353.598 353.598 71460.5
0 436.936 1747.75 71275.1
10 108.929 435.717 71141.7
2 311.974 311.974 71448.7
12 419.509 1678.04 71702.6
16 628.247 628.247 71679.7
14 446.248 446.248 71714.3
1 308.045 2732.18 71887.9
3 263.258 2553.03 71802.4
8 616.963 616.963 72203.1
11 437.517 1750.07 72150.8
18 1026.06 1026.06 72745.5
15 523.416 2093.66 72467.6
10 1122.82 1122.82 73135.6
13 273.537 1094.15 72493.7
5 595.411 595.411 72817
2 1183.27 1183.27 73425.9
4 1039.5 1039.5 73428.6
12 869.704 3478.82 73042.8
7 1091.64 4366.57 73783.8
17 614.98 3959.92 73523.6
9 265.826 1063.31 73198.9
63
10 147.319 147.319 65960.4
3 132.604 530.416 65941.9
4 139.91 559.642 66166.8
5 299.855 1199.42 66175.9
9 212.23 848.919 66148.4
2 297.732 1190.93 66208.5
11 406.826 406.826 66409.7
7 1005.02 1005.02 67038.7
12 190.372 761.489 66460
0 650.71 650.71 66749.5
15 475.753 1903.01 66454.3
19 188.465 753.862 66489.9
13 401.503 1606.01 66543.9
1 672.382 672.382 67070.5
17 1277.99 1277.99 67727.1
18 43.8039 43.8039 66537.9
3 1280.83 5123.33 67769.8
16 631.6 2526.4 66992.6
6 317.346 1269.39 67132.9
5 1495.48 5981.93 68122.9
14 723.991 2895.97 67552.8
8 411.658 7646.63 70245.2
9 1060.69 1060.69 68088.2
2 769.552 769.552 67788.6
4 1227.59 4910.35 68430.8
10 443.487 443.487 67919.6
18 851.277 851.277 69152
6 398.479 398.479 69752
3 140.754 563.017 69388.1
9 412.401 412.401 69938.6
17 618.695 2474.78 70127.6
14 103.795 415.179 70117.8
0 419.162 419.162 70582.5
10 124.246 124.246 70485.5
16 149.202 596.807 70305.2
7 357.911 357.911 71422.1
2 195.534 195.534 71646
4 246.882 246.882 71207.5
3 158.773 158.773 71481.9
5 18.0448 18.0448 71353.2
12 246.613 246.613 71623.6
8 723.655 723.655 72241.2
9 92.9782 1871.91 72024.4
18 627.4 627.4 72809
11 484.599 1938.39 72111.7
15 67.4008 1769.6 71789.1
13 443.767 1775.07 72568.1
1 674.209 674.209 72640.1
10 469.705 1878.82 72453.9
16 714.458 2857.83 72837.1
19 842.952 842.952 72976.3
0 932.308 3729.23 73716.3
17 240.134 960.535 72607.6
14 866.076 866.076 73296.6
5 935.923 3743.69 73368.7
12 1047.46 1047.46 73701.3
4 728.854 2915.41 73472.5
6 860.226 3440.9 73469.1
3 757.569 3030.27 73362.3
15 1026.97 4107.86 73824.8
11 1225.57 1225.57 74092
9 1423.4 1423.4 74288.3
2 1055.69 4222.75 73928.1
66
10 164.742 164.742 65938.8
4 238.928 238.928 66198
3 184.024 184.024 66222.7
5 225.508 225.508 66300
15 492.293 492.293 66401.7
9 369.049 369.049 66439.8
11 441.459 441.459 66505.8
2 283.638 1134.55 66427.7
13 572.806 572.806 66876.7
12 314.499 314.499 66397.3
0 614.118 614.118 66994.5
18 296.005 1184.02 66945.8
1 490.857 490.857 66784.7
16 703.156 703.156 67241.5
17 70.4666 281.867 66555
19 343.089 343.089 67631.6
6 164.005 164.005 67220.4
7 515.224 3560.89 67646.5
15 1374.42 1374.42 68464.3
3 1139.67 4558.66 68164.2
10 662.061 662.061 67769.3
14 787.466 787.466 68037.5
5 855.854 855.854 68389.7
4 453.414 453.414 68200
12 617.832 2471.33 68617.2
13 1000.18 1000.18 69012.9
9 245.084 245.084 68268.2
18 1267.95 1267.95 70197.4
2 215.183 860.734 68821.3
0 32.6592 130.637 68485.5
6 1090.52 1090.52 70168.6
16 1066.48 1066.48 70085.7
14 644.931 644.931 69992.7
3 183.925 735.699 69762.7
4 646.979 646.979 70662.5
7 279.418 2617.67 70192.6
5 305.738 305.738 71048.1
9 350.002 1400.01 71098.1
17 476.756 476.756 71583.6
0 436.936 1747.75 71275.1
10 317.735 317.735 71278.3
3 255.785 255.785 71578.9
11 184.726 184.726 71519.9
12 246.613 246.613 71623.6
2 294.258 294.258 71811.8
15 387.069 3048.28 72318.5
0 1313.43 1313.43 73495
13 567.541 2270.16 72194.6
1 221.045 2384.18 71942.7
19 690.272 2761.09 72814.6
5 1083.68 1083.68 73049.6
10 1262.48 5049.91 73246.6
14 1347.71 5390.82 73470.4
9 801.449 801.449 72934.8
4 1008.45 4033.81 73792.4
7 1199.1 4796.39 73566.6
16 637.306 637.306 73067.9
11 1102.6 4410.42 73535.3
12 1047.46 1047.46 73701.3
2 946.796 3787.18 73690.5
18 566.874 2267.5 73175.8
3 854.58 3418.32 73459.3
1 1180.61 4722.44 73978.4
13 1308.51 1308.51 74175
15 1717.49 1717.49 74582.3
9 1867.25 8969.01 74739.7
71
10 147.319 147.319 65960.4
3 132.604 530.416 65941.9
4 139.91 559.642 66166.8
5 299.855 1199.42 66175.9
9 212.23 848.919 66148.4
2 297.732 1190.93 66208.5
11 406.826 406.826 66409.7
7 1005.02 1005.02 67038.7
12 190.372 761.489 66460
0 650.71 650.71 66749.5
15 475.753 1903.01 66454.3
19 188.465 753.862 66489.9
13 401.503 1606.01 66543.9
1 672.382 672.382 67070.5
17 1277.99 1277.99 67727.1
18 43.8039 43.8039 66537.9
3 1280.83 5123.33 67769.8
16 631.6 2526.4 66992.6
6 317.346 1269.39 67132.9
5 1495.48 5981.93 68122.9
14 723.991 2895.97 67552.8
8 411.658 7646.63 70245.2
9 1060.69 1060.69 68088.2
2 769.552 769.552 67788.6
4 1227.59 4910.35 68430.8
10 435.962 435.962 67920.1
13 592.515 592.515 68197.2
15 336.594 2846.38 67998.9
11 451.233 451.233 68450.8
16 672.837 672.837 68521
12 551.667 551.667 68794.5
7 473.093 1892.37 68967.5
6 947.264 3789.06 69422.1
0 340.886 1363.54 68915.3
14 651.576 651.576 69516.8
19 341.541 341.541 69234.6
18 235.36 235.36 69559
2 270.648 270.648 69541
10 586.191 586.191 69994.2
4 1474.56 1474.56 71501.3
17 637.232 637.232 70858.8
12 1019.34 1019.34 71149.7
16 181.043 181.043 70310.5
13 651.769 651.769 71123.1
3 162.574 162.574 70363.6
0 1007.59 4030.35 71722.2
5 441.875 1767.5 70832.4
6 737.256 2949.02 71644.4
14 545.276 545.276 71315.7
9 341.204 2864.81 71613.8
15 483.015 483.015 71417.2
2 578.074 2312.3 71610.8
8 1084.82 1084.82 72221.6
11 423.711 3194.84 71706.8
10 1029.87 1029.87 72081.4
18 682.268 682.268 71950.3
19 183.664 2234.66 71763.5
1 653.71 4114.84 72192.9
16 740.604 740.604 72326.7
3 446.909 1787.63 72160.2
14 1169.17 1169.17 72888.6
5 876.345 3505.38 72820.5
2 1591.97 1591.97 73604.8
15 1003.88 4015.51 73224.1
9 1517.39 1517.39 73739
10 1815.92 1815.92 74058.5
8 1640.63 1640.63 74029.7
11 873.905 4995.62 73047
17 1086.9 4347.6 73779.1
12 678.261 2713.04 73586.8
3 1275.62 5102.46 74208.7
64
10 164.742 164.742 65938.8
4 238.928 238.928 66198
3 184.024 184.024 66222.7
5 225.508 225.508 66300
15 492.293 492.293 66401.7
9 369.049 369.049 66439.8
11 441.459 441.459 66505.8
2 283.638 1134.55 66427.7
13 572.806 572.806 66876.7
12 314.499 314.499 66397.3
0 614.118 614.118 66994.5
18 296.005 1184.02 66945.8
1 490.857 490.857 66784.7
16 703.156 703.156 67241.5
17 70.4666 281.867 66555
19 343.089 343.089 67631.6
6 164.005 164.005 67220.4
7 515.224 3560.89 67646.5
15 1374.42 1374.42 68464.3
3 1139.67 4558.66 68164.2
10 662.061 662.061 67769.3
14 787.466 787.466 68037.5
5 855.854 855.854 68389.7
12 445.487 445.487 67929.6
9 934.102 934.102 68538.7
2 310.048 1240.19 67972.4
11 447.363 447.363 68446.9
4 355.285 355.285 68203.5
0 928.734 928.734 69171.6
13 600.991 2403.96 69095.4
8 805.223 3220.89 69280
16 595.433 2381.73 69169.8
10 730.529 730.529 69595.8
17 251.731 251.731 69144.8
18 235.36 235.36 69559
12 411.672 411.672 69682
14 644.931 644.931 69992.7
3 183.925 735.699 69762.7
2 580.316 580.316 70595.8
6 481.32 1925.28 70394.5
5 305.738 305.738 71048.1
9 340.994 1363.97 71089.1
17 358.69 358.69 71465.6
19 183.651 2234.6 71021.8
4 26.725 106.9 71059.5
10 310.053 310.053 71446.8
16 676.383 2705.53 71959.4
12 717.698 717.698 71769.2
0 421.103 421.103 71689.2
18 267.735 1070.94 71847.6
3 262.054 2548.21 71801.2
4 1431.22 1431.22 73017.3
11 437.517 1750.07 72150.8
10 1300.23 1300.23 73019.7
15 523.416 2093.66 72467.6
14 1352.61 1352.61 73365.4
13 273.537 1094.15 72493.7
1 272.527 272.527 72494.1
2 1303.83 1303.83 73546.4
12 1188.26 1188.26 73577.3
5 652.154 4108.62 72825.3
7 1091.64 4366.57 73783.8
0 1016.57 4066.29 73925.2
9 261.523 1046.09 73194.6
78
3 141.2 141.2 65916.7
10 169.132 676.528 66111.5
2 153.595 153.595 66287
6 396.645 396.645 66268.5
9 283.324 283.324 66269.2
4 271.348 271.348 66483.7
5 282.45 282.45 66297.7
8 711.322 711.322 66424.5
11 442.435 442.435 66501.2
15 543.058 543.058 66624.7
13 674.361 2697.44 66819.8
1 608.26 608.26 66721.1
12 448.899 448.899 66657.3
17 688.8 688.8 67034.3
7 363.478 1863.48 66764
19 887.799 887.799 67268.9
3 1422.64 1422.64 67658.2
0 561.65 2246.6 66872.5
16 62.4269 249.708 66435.6
9 1232.03 1232.03 67596.8
14 800.753 800.753 67394.7
5 1435.43 1435.43 68482.7
6 1301.7 1301.7 68386.8
18 1020.02 1020.02 68146.2
10 910.203 3640.81 68146.9
11 1177.82 4711.29 68644.4
2 1211.44 4845.77 68594.3
15 1143.25 1143.25 68556.1
1 1266.87 1266.87 68962.4
16 1024.63 1024.63 68615.9
0 652.828 652.828 68409.1
4 741.364 741.364 68568.3
8 989.363 989.363 69605.3
12 250.686 250.686 69137.7
14 574.255 574.255 69211.8
18 1202.07 1202.07 70100
19 464.148 3356.59 69393.4
13 415.833 415.833 69578.2
7 360.932 2943.73 69486.2
10 552.296 552.296 69960.3
6 1091.71 1091.71 71118.4
5 579.666 579.666 70801.3
16 840.735 840.735 70971.1
0 95.5227 95.5227 70225
17 698.634 698.634 71170
3 162.574 162.574 70363.6
12 884.132 3536.53 71598.8
15 482.712 1930.85 70873.3
8 920.496 3681.98 71827.7
4 234.425 234.425 71004.9
2 192.652 770.608 71465.2
19 464.641 464.641 71398.9
14 179.069 179.069 71139.6
9 365.253 365.253 71688.3
11 184.726 184.726 71519.9
10 153.548 153.548 71530.5
18 893.264 893.264 72410.8
0 774.454 3097.81 72705.9
4 1495.48 1495.48 73677.1
3 546.731 2186.92 72173.8
1 221.045 2384.18 71942.7
13 518.365 2073.46 72642.7
15 908.853 908.853 72874.7
14 1123.81 4495.24 73108
19 1294.74 6678.97 73417.4
11 1370.65 1370.65 73504
2 1658.63 6634.53 74442.6
5 660.769 2643.08 73028.3
10 1195.76 1195.76 73626.3
9 1273.39 5093.55 73706.1
16 1312.39 1312.39 73966.2
18 1545.8 6183.21 74289.5
6 363.303 1453.21 72972.2
1 959.494 3837.98 73564.3
17 1042.51 4170.05 73840.3
3 1287.7 1287.7 74154.2
15 1943.79 1943.79 74808.6
12 2035.56 8142.23 74908
