44
2 143.405 143.405 65729.7
0 930.996 3723.98 66699.8
3 173.012 2192.05 65886.4
1 438.331 1938.33 66418.1
3 1610.63 6442.53 68010.5
2 2144.46 8577.82 68502.1
0 2779.66 2779.66 69294.6
1 2405.73 2405.73 68932.2
3 3288.87 3288.87 70015.8
1 6133.49 6133.49 73039.9
3 12641.5 14141.5 79659.2
0 3974.27 3974.27 71395.9
2 3091.66 18366.6 70601.2
0 15377.2 15377.2 82996.6
1 15071.6 16571.6 82810.7
2 14513.3 14513.3 82803
1 2037.5 9649.99 71004.8
0 15473.2 15473.2 84942.1
3 13875 15375 83545.8
1 15339.4 16839.4 84899.1
2 15862.9 15862.9 86412.5
0 17130.3 17130.3 87742.5
1 17977.3 17977.3 88387
0 5208.82 20835.3 75255.1
0 19974.3 19974.3 90344.7
3 1450.32 7301.27 71772.8
3 15452.1 16952.1 85807.9
2 1533.42 6133.69 72572.7
2 21606 21606 95222.4
2 17573.2 17573.2 89064
0 6726.27 32905.1 78031.9
1 3792.94 15171.7 75381.6
3 16989 18489 88675.4
3 2315.25 10761 74046.9
2 5100.91 26403.6 76871.5
1 20499.8 21999.8 92379.1
3 18863.7 20363.7 91618.7
1 21756.3 23256.3 93891.5
0 8519.29 40077.1 80980.9
0 21390.8 21390.8 93824.1
1 5118.13 20472.5 77645.7
3 3749.89 16499.6 76071.4
1 8069.12 33776.5 80730.4
2 6487.62 31950.5 79428.4
44
0 1309.64 5238.58 67061.2
3 134.389 134.389 66153.5
2 605.756 605.756 66651.2
0 3216.83 3216.83 69794.8
1 233.495 1733.49 66962.1
2 1692.62 1692.62 68578
3 1049.39 1049.39 67925.6
1 1798.03 7192.13 68860
0 5158.64 20634.5 72376.7
2 3312.64 13250.5 70597.2
0 7511.31 36045.3 74976.4
3 11190.2 11190.2 78595.3
2 11377.4 11377.4 79003.5
1 14113.9 15613.9 82209.8
2 12654.7 12654.7 80560
3 14508.3 14508.3 82883.6
3 1461.07 5844.28 70180.2
0 16783.3 16783.3 85396.5
1 17345.3 17345.3 86233.7
1 1962.72 7850.88 70944.6
2 13245.7 19245.7 83034
0 18422.4 18422.4 87685
1 3713 16352 73140.4
2 3331.47 13325.9 73550.9
3 2780.5 12622 72931.2
2 15400 15400 85458.2
0 7367.05 29468.2 77721.5
3 17075.6 17075.6 87772.3
0 20427.1 20427.1 91123.9
1 4750.97 20503.9 75878.5
0 8923.88 35695.5 80139.4
1 17732.5 19232.5 89493.6
2 16904.5 22904.5 87970.6
1 21295.2 21295.2 92708
3 3898.48 17093.9 75261.4
3 23674.8 23674.8 95279.7
2 20718.1 20718.1 92292.6
2 4644.69 18578.8 76293.6
3 17909.5 17909.5 89258.7
1 22668.7 22668.7 94371.5
1 7216.98 28867.9 79384.7
3 19379.3 19379.3 91929.8
0 20607.9 20607.9 93640.7
0 10096.4 46385.7 83204.4
44
0 1278.7 5114.8 67151.4
2 2028.2 2028.2 68746.1
1 392.543 1892.54 67017.3
3 847.573 4890.29 67822.3
0 1794.9 7179.58 68562.4
1 2999.73 11998.9 69989.4
3 3327.75 13311 70757.6
0 21901.9 27901.9 89184.3
2 3917.91 15671.6 74163.1
1 6032.85 25631.4 73473.5
3 16459.3 17959.3 84347.4
1 20267.2 21767.2 88330.8
3 18118.7 19618.7 86339.7
0 4873.44 25493.8 73476.2
0 22746.9 22746.9 92057.5
2 18845.4 18845.4 88018.5
0 2654.36 10617.5 71676.7
0 5806.16 23224.7 75346.3
1 21451.3 22951.3 90967.7
1 6155.41 26121.6 75774.7
3 3284.68 14638.7 73008.8
3 18300.4 18300.4 87881
2 19768.7 19768.7 90066
0 8302.65 39210.6 78347.4
3 5149.58 20598.3 75462.4
0 11679.8 46719.3 81802.6
2 6153.19 24612.7 76916
3 20141.4 20141.4 90641.5
1 8759.7 36538.8 79389.2
0 13202.7 58810.6 84834.7
3 6401.79 25607.2 77707.5
2 8220.06 38880.2 79808.7
1 21192.1 22692.1 92878.4
1 11631 48024.1 83362.6
3 8763.99 35056 80534.6
3 21052.5 22552.5 92931.8
2 21101 21101 93856
3 22308.9 23808.9 94444.1
0 14819.8 65279.2 87281.4
0 22922.6 22922.6 95355.9
2 9545.25 44181 82072.8
1 13065.7 53762.7 85387.2
3 9925.88 41203.5 82587.2
2 12703.8 56815.1 85644.5
37
2 225.118 900.472 66042.5
0 1502.61 1502.61 68259
2 1577.78 1577.78 68501.2
1 906.806 2406.81 68063.8
3 651.129 2604.52 67870.9
3 2710.24 12341 69865.6
1 2715.2 12360.8 70210.7
3 5863.04 23452.2 73401.4
0 16650.9 16650.9 84180
0 4333.79 4333.79 72073
2 13523.1 13523.1 81812.8
2 3436.04 13744.2 72403.4
3 12406.5 12406.5 82194.8
1 15034.6 16534.6 84297.2
2 640.533 2562.13 70067.9
0 4807.2 19228.8 75026.6
1 2163.35 10153.4 72314
0 15881.9 15881.9 85940.1
0 7417.31 29669.2 77771.8
2 15240.4 21240.4 85937.1
2 17305.9 17305.9 88002.7
1 3765.55 16562.2 74893.1
1 6682.95 28231.8 77898.4
2 3342.79 19371.2 74648.5
2 5952.53 29810.1 77541.2
1 15478.3 16978.3 87164.7
3 3606.88 15927.5 75338.5
0 8467.92 39871.7 80238.5
3 13117.1 14617.1 84996.4
3 16464.6 17964.6 89219.6
3 14373.6 15873.6 86508.8
0 9698.18 44792.7 82159.8
0 16986.1 16986.1 89419.4
2 7277.72 35110.9 79805.2
3 5041.53 21666.1 77363
3 7093.53 29874.1 79754.8
1 8529.45 34117.8 81470.2
37
0 1278.7 5114.8 67151.4
2 2028.2 2028.2 68746.1
1 392.543 1892.54 67017.3
3 847.573 4890.29 67822.3
0 1794.9 7179.58 68562.4
1 2999.73 11998.9 69989.4
3 3327.75 13311 70757.6
3 10687.6 10687.6 77970.1
1 5161.21 22144.8 75406.4
2 4789.55 19158.2 72230.2
0 17636.9 17636.9 85376.1
3 12427.5 13927.5 80717.2
0 2252.05 9008.21 71219.4
3 3519.88 15579.5 73060.1
1 13458.7 14958.7 82975
0 3901.27 15605.1 73520.6
0 5685.44 22741.7 75409.5
0 18064.5 24064.5 87645.1
3 13964.2 15464.2 84261.5
0 8365.84 39463.4 78410.6
2 4371.04 23484.2 74683.8
1 7865.42 32961.7 77988.2
3 4800.9 20703.6 75563.7
2 12642.7 18642.7 83142.8
2 7145.18 28580.7 77774.7
0 11308.6 51234.6 82940.7
1 13719.8 15219.8 85026.6
0 21360.7 21360.7 92726.4
1 9227.02 38408.1 81022.3
2 14959.1 14959.1 86868.1
1 14818.1 14818.1 86914.1
3 14862.7 14862.7 87791.9
1 16696.1 18196.1 89349.8
2 17395.9 17395.9 89951.3
0 18214.6 18214.6 90935.4
3 17404.4 17404.4 90333.1
2 8490.41 33961.6 81376.6
37
0 1309.64 5238.58 67061.2
3 134.389 134.389 66153.5
2 605.756 605.756 66651.2
0 3216.83 3216.83 69794.8
1 233.495 1733.49 66962.1
2 1692.62 1692.62 68578
3 1049.39 1049.39 67925.6
1 1798.03 7192.13 68860
0 8034.57 32138.3 75252.6
2 3312.64 13250.5 70597.2
1 4348.41 17393.7 71813.4
3 4921.8 4921.8 72326.8
3 8910.69 10410.7 76360.8
1 10280.3 11780.3 78015.5
1 13391.3 14891.3 81184.1
2 12472.9 18472.9 80117.9
3 10563.3 12063.3 78451.2
3 2043.3 8173.21 70339.5
0 15265.3 15265.3 83763
3 19131.3 19131.3 88199.9
3 13260.7 14760.7 81545
1 7010.97 29543.9 75907.2
0 3135.44 12541.8 71982.5
2 3798.01 15192 72652
2 12878.4 12878.4 82862.4
1 15419.1 16919.1 85011.6
0 16133 16133 85918.8
2 17567.6 17567.6 87821.4
0 7293.26 29173 78526.8
3 13420.9 14920.9 84370.3
0 9244.19 42976.8 80658.5
2 3443.08 19772.3 74822.2
3 2580 11820 74742.5
1 14802.2 16302.2 86588.8
0 15867 15867 88027.2
2 4999.29 19997.2 77832.8
2 16923.2 16923.2 89836.9
41
2 225.118 900.472 66042.5
0 1502.61 1502.61 68259
2 1577.78 1577.78 68501.2
1 906.806 2406.81 68063.8
3 651.129 2604.52 67870.9
3 2710.24 12341 69865.6
1 2715.2 12360.8 70210.7
0 4928.63 25714.5 72467
2 13216 13216 80745.1
3 12834.5 14334.5 80789.5
3 4918.85 19675.4 72755.5
1 13598.9 15098.9 81376
3 7325.9 29303.6 75037.4
1 15241.6 16741.6 83609.3
2 14433.8 20433.8 82979.1
0 6831.01 27324 75617.6
2 1976.05 13904.2 70084.9
0 18354.1 24354.1 88142.4
3 13469.5 14969.5 82732.2
1 3803.33 16713.3 73230.7
2 2678.25 10713 72897.7
0 8925.72 35702.9 79076.4
1 15903.9 17403.9 85962.2
1 5983.07 25432.3 76337.6
2 15736.8 21736.8 86433.5
3 15474.2 16974.2 86171
2 4349.19 17396.8 75476.7
0 10866.2 43465 82081.7
0 18863.3 18863.3 90624.4
1 17408.4 17408.4 88474.5
1 21008.8 21008.8 92421.6
2 6444.05 25776.2 77806.9
2 18961.8 24961.8 90566.7
3 18710.3 20210.3 90284.9
3 6068.8 25775.2 77717.8
1 18835.7 18835.7 90184.9
1 22382.3 22382.3 94085.1
1 6960.18 27840.7 79127.8
3 21053.7 21053.7 93604.3
0 23417.3 23417.3 96450.2
0 12038.8 54155.2 85146.8
48
0 1309.64 5238.58 67061.2
3 134.389 134.389 66153.5
2 605.756 605.756 66651.2
0 3216.83 3216.83 69794.8
1 233.495 1733.49 66962.1
2 1692.62 1692.62 68578
3 1049.39 1049.39 67925.6
1 1798.03 7192.13 68860
0 5158.64 20634.5 72376.7
2 3312.64 13250.5 70597.2
1 4348.41 17393.7 71813.4
2 12313.5 18313.5 79718.5
1 13670.2 15170.2 81120.4
3 13807.3 15307.3 81542.4
1 16381.9 17881.9 84174.6
2 14850.3 20850.3 82495.4
0 18926 18926 86813.9
3 2043.3 8173.21 70339.5
1 19568.4 21068.4 88066.1
3 15448.4 15448.4 84516.9
2 17304.9 17304.9 85589.2
0 6465.23 25860.9 75361.5
1 5154.08 22116.3 74001.1
2 3798.01 15192 72652
3 3177.95 14211.8 73441.9
0 20338.2 20338.2 89925.7
0 8038.59 32154.4 77657.5
0 22903.8 28903.8 92702.6
1 6683.19 28232.8 76716.9
3 16793.9 16793.9 86740.5
2 5110.99 26444 75087.3
0 9221.44 42885.8 78971.4
3 5987.13 23948.5 76372.9
2 19156.6 19156.6 89925.7
2 7156.16 34624.6 77904.5
1 19153.5 20653.5 90914.6
3 17751.8 17751.8 88817.9
1 24634.2 24634.2 96047
1 7684.21 32236.9 79047.1
2 20406.6 26406.6 92011.5
3 21565.4 23065.4 93139.9
0 10002.8 40011.3 81651.8
1 22461.1 22461.1 93810.3
3 25310.9 25310.9 97013.6
3 6735.07 26940.3 78902.7
2 22780.4 28780.4 95330.9
0 22664.9 22664.9 95697.8
0 11615.6 52462.2 84723.5
35
2 143.405 143.405 65875.7
3 176.658 706.631 66240.9
1 1519.31 1519.31 68100.4
3 2227.57 2227.57 69017.6
0 312.572 312.572 66599.5
3 4321.7 17286.8 70801.8
2 2770.28 11081.1 69402.5
0 2228.53 8914.14 69549.7
1 3892.32 15569.3 71003.4
1 6099.71 7599.71 73460.8
1 9655.75 11155.8 77394.9
3 7321.44 8821.44 75611.2
0 3870.85 15483.4 72838.2
0 12010.7 12010.7 81479.6
1 9901.75 11401.7 79572.6
3 9887.41 11387.4 79447.2
0 13801.2 13801.2 84350.8
2 11264.6 11264.6 81876.7
1 12112.2 12112.2 82521.9
2 3215.46 12861.8 73261.7
0 16582.7 16582.7 86953.1
0 4272.72 17090.9 74595.2
3 11894.7 13394.7 82250.6
3 2517.93 11571.7 73557.2
1 14274.2 15774.2 87890.5
2 13037.5 13037.5 84528.3
3 16339.1 16339.1 87923.1
3 13102 13102 84966.6
0 4920.49 19681.9 76853.3
1 3720.36 16381.4 75314.6
0 17278.4 17278.4 89333
2 14665.4 14665.4 86778
2 4805.79 25223.2 77589.1
0 6007.21 24028.8 78858.8
2 16137.3 16137.3 88804.6
42
0 1278.7 5114.8 67151.4
2 2028.2 2028.2 68746.1
1 392.543 1892.54 67017.3
3 847.573 4890.29 67822.3
0 1794.9 7179.58 68562.4
1 2999.73 11998.9 69989.4
3 3327.75 13311 70757.6
0 19861.1 25861.1 87143.6
2 3917.91 15671.6 74163.1
1 6032.85 25631.4 73473.5
1 18832.7 20332.7 86282.8
3 17415.3 18915.3 85150.4
2 17519.3 17519.3 85312.1
0 21444.8 27444.8 89089.8
1 20485.3 21985.3 88373.2
0 3702.09 20808.3 71998.3
2 20705.9 20705.9 89203.6
3 19056.4 19056.4 88124.9
0 23899.3 23899.3 92183.6
0 5341.73 21366.9 74238
0 9267.19 37068.8 78114.2
1 6674.3 28197.2 75528.3
3 3596.05 15884.2 73860
1 21897.5 23397.5 91485
0 11622.2 46488.7 81241.1
3 22791 22791 92589.8
2 7545.54 30182.2 77579.2
3 20401.9 20401.9 90348.5
3 5656.3 22625.2 75632.6
1 8480.81 33923.3 78230.8
0 14266.5 63065.9 84652.2
3 24709.2 26209.2 95478.4
2 10872.9 49491.6 81621.2
2 20576.1 26576.1 92160
1 21836.6 21836.6 93701.2
3 5730.9 24423.6 77663.7
1 8875.22 37000.9 80469.4
0 22011.3 22011.3 94065.9
2 22203.3 22203.3 94315.9
3 7793.72 31174.9 80577
1 10579.3 43817.2 83430.9
0 22917.2 22917.2 95584.5
43
2 143.405 143.405 65875.7
3 176.658 706.631 66240.9
1 1519.31 1519.31 68100.4
3 2227.57 2227.57 69017.6
0 312.572 312.572 66599.5
3 4321.7 17286.8 70801.8
2 2770.28 11081.1 69402.5
0 2228.53 8914.14 69549.7
1 3892.32 15569.3 71003.4
0 13961.5 13961.5 81322.6
3 9651.57 11151.6 77539.7
1 12837.3 14337.3 80900.8
2 9235.42 9235.42 77456.4
0 6605.65 32422.6 75208.4
2 11246.9 11246.9 80557.5
0 14065.8 14065.8 83239
2 4213.85 16855.4 73236.2
3 10016.3 11516.3 79485.2
1 13978.5 15478.5 83649.3
2 13746.6 13746.6 83306.4
3 11806.8 13306.8 82356.4
0 15077.5 15077.5 85689.6
0 17351.1 23351.1 87760.8
0 3362.62 13450.5 73408.9
1 15303.7 16803.7 85674.1
1 2514.98 11559.9 72837.5
3 13598.2 15098.2 83954.1
3 2517.93 11571.7 73557.2
2 17311.6 17311.6 90928
1 16391 17891 87881.8
0 19552.2 19552.2 91313.3
3 15994.6 15994.6 87060.7
1 25450.6 25450.6 96863.4
1 3806.6 16726.4 75169.5
1 19022.1 19022.1 90627
3 19808.2 21308.2 91382.8
0 6895.59 27582.4 78544.5
1 23570.4 23570.4 94919.6
2 21164.4 27164.4 92867.1
2 3296.41 19185.6 75464.1
3 22151.7 22151.7 94702.2
0 21275.6 21275.6 94308.5
1 5126.52 20506.1 78234.5
32
0 1278.7 5114.8 67151.4
2 2028.2 2028.2 68746.1
1 392.543 1892.54 67017.3
3 847.573 4890.29 67822.3
0 1794.9 7179.58 68562.4
1 2999.73 11998.9 69989.4
3 3327.75 13311 70757.6
3 5966.47 5966.47 73248.9
2 3917.91 15671.6 74163.1
1 6032.85 25631.4 73473.5
2 8726.37 8726.37 76465.6
0 12812.2 12812.2 81101.9
0 2252.05 9008.21 71219.4
1 11208.3 12708.3 80677.3
2 8972.37 8972.37 78643.2
3 8580.01 10080 78139.8
0 14161.8 14161.8 84711.4
2 10266.5 10266.5 80878.6
3 11218 11218 81627.6
0 3289.78 13159.1 73336.1
1 12909.1 14409.1 83279.5
0 5004.85 20019.4 75327.4
0 15953.2 15953.2 86309.1
0 8008.65 32034.6 79047.9
2 13420.6 13420.6 87037
1 13996.5 15496.5 85487.2
1 3666.7 14666.8 75045.9
3 3463.46 15353.8 75626
3 15814.4 17314.4 87601
3 13325 14825 85485.2
1 5222.91 22391.6 78056.5
0 16525.7 16525.7 89439.5
45
2 143.405 143.405 65875.7
3 176.658 706.631 66240.9
1 1519.31 1519.31 68100.4
3 2227.57 2227.57 69017.6
0 312.572 312.572 66599.5
0 7095.74 34383 73575.9
2 2770.28 11081.1 69402.5
0 2228.53 8914.14 69549.7
1 3892.32 15569.3 71003.4
2 14950 14950 82311.1
0 19579.6 19579.6 87534.6
3 4070.89 16283.6 71907.6
3 13701.3 15201.3 81478.3
0 4080.18 22320.7 71791.6
1 16117.8 17617.8 84485.5
1 18446.8 18446.8 86992.1
2 5089.22 20356.9 73875.8
1 5429.74 21719 73538.6
3 14278.9 15778.9 83747.9
2 15338.2 15338.2 85009
0 20488.6 20488.6 90048.3
3 16069.4 17569.4 86619
2 16632.3 16632.3 87244.4
1 18653.6 18653.6 89063.3
0 6677.76 26711 76724
0 21959.4 21959.4 92329.8
1 5523.87 23595.5 75846.4
3 17860.9 19360.9 88216.7
0 9942.97 39771.9 80982.2
2 19786.4 19786.4 93402.8
1 20982.3 22482.3 92473.1
3 2846.98 11387.9 74152.7
1 6119.03 24476.1 77707.7
2 23972.3 23972.3 95658.6
2 4923.53 19694.1 76655.1
0 13510.5 60041.8 85281.1
3 19654.4 21154.4 91533.7
0 22640.8 22640.8 95395.8
3 20910.9 22410.9 93046
3 4640 18560 77101.6
1 22782.6 24282.6 95215.9
2 6918.24 33673 79445.8
1 7538.93 31655.7 79860.4
1 9590.93 39863.7 82252.2
3 6717.73 26870.9 79658.5
42
2 143.405 143.405 65875.7
3 176.658 706.631 66240.9
1 1519.31 1519.31 68100.4
3 2227.57 2227.57 69017.6
0 312.572 312.572 66599.5
0 5459.88 27839.5 71940
2 2770.28 11081.1 69402.5
0 2228.53 8914.14 69549.7
1 3892.32 15569.3 71003.4
0 14714.1 14714.1 82075.2
3 11930.4 13430.4 79556.5
0 16804.4 16804.4 84900.3
1 14169.1 15669.1 82074.3
3 15469.6 15469.6 83844.8
3 2256.72 9026.88 70975.8
2 13020.4 13020.4 81633.6
1 15522.6 15522.6 84411
0 6073.76 30295 75055.7
2 3676.29 14705.2 73216.5
2 14069.9 14069.9 83586.3
1 3371.22 14984.9 72990.5
0 7220.52 28882.1 76944.6
0 17651.2 23651.2 87231.8
1 16806.3 18306.3 87103.6
3 2924.9 11699.6 72969.7
1 4593.9 18375.6 74906.7
1 6819.59 28778.4 76942.4
3 5697.87 24291.5 76460.7
2 14852.4 20852.4 85352.5
2 5677.81 22711.2 76307.3
0 8201 38804 79833
0 19006.5 19006.5 90313.3
3 16888.6 18388.6 88254.2
1 8181.19 34224.7 79976.5
1 17938.9 19438.9 89848
2 15143.9 21143.9 87239.9
3 20134.7 20134.7 93063.9
2 17021.9 17021.9 89675.7
2 19362.2 19362.2 91917.5
0 19856.2 19856.2 92577.1
3 17386.9 17386.9 90315.6
2 7023.03 28092.1 79909.2
41
0 1309.64 5238.58 67061.2
3 134.389 134.389 66153.5
2 605.756 605.756 66651.2
0 3216.83 3216.83 69794.8
1 233.495 1733.49 66962.1
2 1692.62 1692.62 68578
3 1049.39 1049.39 67925.6
1 1798.03 7192.13 68860
0 5158.64 20634.5 72376.7
2 3312.64 13250.5 70597.2
1 4348.41 17393.7 71813.4
2 10886.7 16886.7 78291.8
1 13470.6 14970.6 81358.7
2 12687.6 12687.6 80751.2
3 12017.9 13517.9 80238.9
3 1594.36 6377.45 70197.1
0 15760.8 15760.8 85071.4
1 14101.9 15601.9 83275.1
0 6097.94 24391.8 75120.3
1 6037.43 25649.7 76301.4
2 13901.4 13901.4 83488.9
2 3274.36 13097.5 72893.3
3 12089.7 12089.7 81888.5
3 3688.07 16252.3 73721.8
3 19995.2 19995.2 89941.8
0 7910.02 37640.1 77886.3
0 10102.2 46408.8 79852.1
2 5918.68 29674.7 76304.4
1 16132.7 17632.7 86901.9
1 8370.2 33480.8 79118.5
3 13663.2 15163.2 84970
0 16248.1 16248.1 87613.8
3 6210.36 26341.4 78005.7
2 15844.5 15844.5 87753.6
1 18696.2 18696.2 90792.2
3 14789 14789 87718.2
0 19266.2 19266.2 91920
2 18281.4 18281.4 90836.7
0 17156.7 17156.7 89877.6
3 19074.5 19074.5 92003.2
0 9837.46 39349.9 82723.7
33
2 225.118 900.472 66042.5
0 1502.61 1502.61 68259
2 1577.78 1577.78 68501.2
1 906.806 2406.81 68063.8
3 651.129 2604.52 67870.9
3 2710.24 12341 69865.6
1 2715.2 12360.8 70210.7
0 4928.63 25714.5 72467
3 7246.63 8746.63 74775.7
3 9074.21 10574.2 77029.2
3 4918.85 19675.4 72755.5
1 11059 12559 78836
1 4741.17 18964.7 72452.6
2 12630.1 12630.1 80997.7
0 14086.6 20086.6 82631.9
2 4263.5 17054 73050.1
2 1976.05 13904.2 70084.9
3 10527.7 12027.7 80511.7
1 11323.4 12823.4 80915.9
0 15643.4 15643.4 85429.3
1 12682.4 14182.4 82936.3
0 4130.37 16521.5 75364
2 11887.2 11887.2 82836.6
1 3490.94 13963.8 74905.3
3 13787.6 13787.6 85371.6
1 13462.4 13462.4 85327
0 5462.23 21848.9 77395.1
1 5549.73 23698.9 77143.9
0 15413.8 15413.8 87468.4
2 12973.7 12973.7 85086.4
2 3911.93 21647.7 76695.3
0 6548.95 26195.8 79400.6
2 14445.7 14445.7 87113
41
2 225.118 900.472 66042.5
0 1502.61 1502.61 68259
2 1577.78 1577.78 68501.2
1 906.806 2406.81 68063.8
3 651.129 2604.52 67870.9
3 2710.24 12341 69865.6
1 2715.2 12360.8 70210.7
0 4928.63 25714.5 72467
1 15092.4 16592.4 82621.5
0 17207 17207 85162
3 4918.85 19675.4 72755.5
3 13259.2 14759.2 81036.2
3 7325.9 29303.6 75037.4
1 16487.2 17987.2 84854.8
2 13860.3 19860.3 82405.6
0 6831.01 27324 75617.6
2 1976.05 13904.2 70084.9
1 4484.44 19437.8 74024.6
2 15874.8 15874.8 85391.2
2 3260.98 13043.9 72880.3
0 8114.63 32458.5 77838.7
3 13724.6 13724.6 83305.3
0 16912.2 16912.2 87209.5
1 6980.92 27923.7 77025.7
2 4483.65 23934.6 74796.5
0 9751.62 39006.5 79874.4
2 6537.3 26149.2 77300.1
1 17115.2 17115.2 87615.3
1 8291.15 34664.6 78920.6
3 7156.09 28624.3 78788.1
0 18984.1 18984.1 90290.9
3 14888.6 16388.6 86254.3
0 11113.2 44452.9 82908.5
2 20130.8 20130.8 92039.9
2 15182.6 21182.6 87278.6
3 18256.9 18256.9 91186.1
3 15784 17284 88437.8
2 16740.2 16740.2 89295.5
0 19833.9 19833.9 92554.7
1 16748 16748 89676.7
2 7285.43 29141.7 80171.6
28
2 225.118 900.472 66042.5
0 1502.61 1502.61 68259
2 1577.78 1577.78 68501.2
1 906.806 2406.81 68063.8
3 651.129 2604.52 67870.9
3 2710.24 12341 69865.6
1 2715.2 12360.8 70210.7
3 5863.04 23452.2 73401.4
2 9989.48 9989.48 77518.6
0 4333.79 4333.79 72073
2 5527.95 5527.95 73817.7
2 1869.29 7477.15 70836.6
1 9398.44 10898.4 79382.5
0 14484.6 14484.6 84077.1
1 13919.6 15419.6 83705.5
2 9761.79 9761.79 80015.6
0 3300.62 13202.5 74534.2
3 8472.41 9972.41 79421.8
1 2004.87 8019.47 73419.2
3 13510.4 13510.4 85094.3
3 10273.3 10273.3 82137.9
0 4632.48 18529.9 76565.3
1 4063.66 17754.6 75657.9
0 13904.8 13904.8 85959.4
2 10058.9 10058.9 82171.5
0 6695.3 32781.2 79478.6
3 3941.11 17264.5 76792.7
2 11530.8 11530.8 84198.1
38
2 143.405 143.405 65875.7
3 176.658 706.631 66240.9
1 1519.31 1519.31 68100.4
3 2227.57 2227.57 69017.6
0 312.572 312.572 66599.5
3 4321.7 17286.8 70801.8
2 2770.28 11081.1 69402.5
0 2228.53 8914.14 69549.7
1 3892.32 15569.3 71003.4
2 12762.3 12762.3 80123.3
1 13490.7 14990.7 81378.8
0 4771.66 4771.66 72835.2
0 16437.2 16437.2 84658.1
3 7949.63 31798.5 76552.4
3 11417.9 12917.9 80728.5
2 12866.5 12866.5 82039.7
2 4213.85 16855.4 73236.2
1 14877.3 16377.3 84861.3
0 18172.6 18172.6 87765.2
3 13617.3 15117.3 83403.2
2 14786.5 14786.5 85040.3
0 4875.85 19503.4 76109.4
3 19394.7 20894.7 90344.1
3 1840.13 7360.52 73254.5
1 2495.92 9983.7 73801.6
0 6862.43 33449.7 78451.1
1 17565.6 19065.6 89251.9
1 5369.77 22979.1 77101.4
2 3223.28 18893.1 74993.9
3 13814.2 15314.2 85693.5
3 15649.3 17149.3 88404.3
0 17142.3 17142.3 89277.5
0 7910.71 37642.8 80372.3
2 16706 16706 89139.2
2 4730.46 24921.9 77258
1 6804.42 28717.7 79125.9
0 9763.62 39054.5 82424.9
3 5721.99 22888 78662.7
38
2 225.118 900.472 66042.5
0 1502.61 1502.61 68259
2 1577.78 1577.78 68501.2
1 906.806 2406.81 68063.8
3 651.129 2604.52 67870.9
3 2710.24 12341 69865.6
1 2715.2 12360.8 70210.7
3 5863.04 23452.2 73401.4
2 7414.08 7414.08 74943.2
0 4333.79 4333.79 72073
3 8486.33 9986.33 76776
2 1869.29 7477.15 70836.6
2 7743.83 7743.83 77212.8
0 11917 11917 81587.8
1 11581.2 13081.2 81141
2 9534.34 9534.34 80083.9
3 9680.15 11180.2 80292.3
0 14127.4 20127.4 84537.1
2 2907.01 11628 72953.3
1 13052 14552 83422.4
0 3507.49 14030 73830
2 11325.8 11325.8 81681.6
1 1142.92 6071.68 72182.2
0 16289.4 16289.4 89905.8
3 11453.1 12953.1 82943.8
1 14509.8 16009.8 86270.9
2 13722.1 19722.1 84788.2
1 18072.6 18072.6 89485.4
0 4799.11 19196.5 76162
3 14084.2 14084.2 85689.1
2 21052.2 21052.2 92626.8
1 3906.46 17125.9 75555.4
2 15149.4 21149.4 86498.7
3 19344.2 19344.2 91046.9
0 6722.27 32889.1 78889.9
3 16458 16458 89008.5
2 15982.6 15982.6 89015.5
1 5519.19 22076.7 78627.2
36
2 225.118 900.472 66042.5
0 1502.61 1502.61 68259
2 1577.78 1577.78 68501.2
1 906.806 2406.81 68063.8
3 651.129 2604.52 67870.9
3 2710.24 12341 69865.6
1 2715.2 12360.8 70210.7
3 5863.04 23452.2 73401.4
0 15587.2 15587.2 83116.3
0 4333.79 4333.79 72073
2 11733.6 11733.6 80023.3
2 3436.04 13744.2 72403.4
3 9138.59 9138.59 78926.9
1 10229.1 11729.1 79491.8
2 640.533 2562.13 70067.9
0 4807.2 19228.8 75026.6
1 2163.35 10153.4 72314
1 11786.4 13286.4 81844.7
0 7417.31 29669.2 77771.8
0 14850.1 20850.1 85546.8
3 11143.8 12643.8 81840.6
1 3765.55 16562.2 74893.1
1 6682.95 28231.8 77898.4
2 11814.7 11814.7 83575.8
1 13290.9 13290.9 84357
1 16891.3 16891.3 88304.1
2 3372.48 13489.9 74735.4
3 14368.8 14368.8 85973.7
2 14874.5 14874.5 86449
2 5766.81 23067.2 77415.8
1 14718.2 14718.2 86067.4
1 18264.8 18264.8 89967.6
3 3763.6 15054.4 75931.3
3 16742.6 16742.6 89293.1
0 15030.7 15030.7 88063.6
0 7735.56 36942.2 80843.5
47
2 225.118 900.472 66042.5
0 1502.61 1502.61 68259
2 1577.78 1577.78 68501.2
1 906.806 2406.81 68063.8
3 651.129 2604.52 67870.9
3 2710.24 12341 69865.6
1 2715.2 12360.8 70210.7
0 10219.5 46878 77757.9
2 11255 11255 78784.1
3 9409.8 10909.8 76860
0 14370.7 14370.7 82105.8
3 12121.4 13621.4 79914.2
0 16701.1 22701.1 84346.2
2 13174.1 13174.1 81062
1 6016.93 24067.7 74313.1
1 14021.8 15521.8 82519.4
3 15456.1 15456.1 84524.6
0 19155.7 19155.7 87440
0 11101.3 44405.3 79997.6
0 1599.67 6398.7 70446.7
2 1738.69 6954.78 70592.7
2 13427 13427 82895.9
1 15546.4 17046.4 85217.3
0 19429.8 19429.8 88989.5
2 15217.5 15217.5 85767.1
1 16840.6 18340.6 87452.7
0 22067.7 28067.7 92477.4
3 2967.46 13369.8 73013.7
3 16025 17525 86395.4
2 2717.79 10871.2 73040.3
2 17008.9 17008.9 87364.7
0 1745.98 6983.91 72785.2
2 19906.7 19906.7 93523.1
3 17112.4 18612.4 88603.1
1 18655.9 20155.9 90417
1 24642.6 24642.6 95708.7
1 22218.6 22218.6 93631.4
1 5720.2 24380.8 77083.1
3 19743.5 19743.5 91348.4
0 22989.4 22989.4 94564
2 4300.26 17201 75949.2
1 26069.9 26069.9 97419.2
3 23519.3 23519.3 95222
3 3073.98 12295.9 75241.6
3 25264.8 25264.8 97815.3
2 23007 23007 96039.9
1 7040.12 28160.5 80148.1
38
2 225.118 900.472 66042.5
0 1502.61 1502.61 68259
2 1577.78 1577.78 68501.2
1 906.806 2406.81 68063.8
3 651.129 2604.52 67870.9
3 2710.24 12341 69865.6
1 2715.2 12360.8 70210.7
0 6931.59 33726.4 74470
0 4430.85 4430.85 71960
1 15341.7 16841.7 83229.8
3 12535.6 14035.6 80599.2
0 18831 18831 87051.9
1 5580.68 22322.7 74183.4
3 13649.8 15149.8 82960.4
2 14919.7 14919.7 84092.9
0 7427.48 29709.9 76449.8
2 1396.38 5585.52 70936.6
1 16152.6 17652.6 85669
3 3576.79 15807.1 73196.1
2 3114.66 12458.6 72838.8
3 18084.7 18084.7 87665.3
3 15826.7 17326.7 86124
1 7681.04 30724.2 77725.8
2 4979.56 25918.2 75292.4
0 8597.86 34391.5 78720.7
3 5395.09 23080.4 76157.9
1 16935.1 16935.1 87435.2
0 11069.3 44277.1 81698.8
2 6548.74 32195 78180.8
2 15465.4 21465.4 87049.3
1 17384.3 17384.3 89248.9
1 8837.76 36851 80770.6
3 6802.37 28709.5 78396.6
2 17293 17293 89347.6
0 17189 17189 89301.7
0 11072.1 50288.3 83855.4
2 8065.89 32263.5 80917.5
2 18198.9 18198.9 90866.2
31
2 143.405 143.405 65875.7
3 176.658 706.631 66240.9
1 1519.31 1519.31 68100.4
3 2227.57 2227.57 69017.6
0 312.572 312.572 66599.5
0 7095.74 34383 73575.9
2 2770.28 11081.1 69402.5
0 2228.53 8914.14 69549.7
1 3892.32 15569.3 71003.4
3 6505.48 8005.48 73866.6
2 8280.76 8280.76 76235.7
3 4070.89 16283.6 71907.6
0 13605.1 13605.1 81382.1
0 4080.18 22320.7 71791.6
2 10290.2 10290.2 78657.9
3 9676.03 9676.03 78221.3
2 5089.22 20356.9 73875.8
1 5429.74 21719 73538.6
1 9662.1 11162.1 79646.1
0 13869.5 13869.5 83462
2 11669.4 11669.4 81455.3
3 11490.1 12990.1 81744
0 5523.34 22093.4 76756.9
1 12075 13575 83024.5
1 4255.98 17023.9 75670.3
3 4608.19 18432.8 75987.4
0 6971.45 27885.8 79134
0 13252.6 13252.6 85039.2
2 11403.5 11403.5 83563.7
1 4830.51 20822 77664.1
3 10845.7 12345.7 83759.5
46
0 1309.64 5238.58 67061.2
3 134.389 134.389 66153.5
2 605.756 605.756 66651.2
0 3216.83 3216.83 69794.8
1 233.495 1733.49 66962.1
2 1692.62 1692.62 68578
3 1049.39 1049.39 67925.6
1 1798.03 7192.13 68860
0 5158.64 20634.5 72376.7
2 3312.64 13250.5 70597.2
1 4348.41 17393.7 71813.4
3 16419.5 16419.5 83824.5
1 18354.8 19854.8 86242.9
2 18799 18799 86862.6
3 18375.9 19875.9 86596.9
3 1594.36 6377.45 70197.1
0 21435.9 21435.9 90746.5
1 18986 20486 88159.2
0 6097.94 24391.8 75120.3
1 6087.2 25848.8 75627.4
1 21082 22582 90598.4
2 3279.11 13116.5 72898.4
3 2361.96 10947.9 72086.1
2 19625.2 25625.2 89205.8
3 19054.2 20554.2 89351.5
0 8617.87 40471.5 78662.6
0 12551.1 56204.4 82863.9
3 3998.95 17495.8 74121.7
2 5097.42 20389.7 75860.2
1 21864.5 21864.5 92364.6
1 8088.72 33854.9 78718.2
3 5521.78 22087.1 77153.8
0 13803.3 61213.2 85109
2 7164.29 34657.2 78752.9
1 22588.9 24088.9 94275.3
1 10960 45340.2 82691.7
3 7696.49 30786 79467.1
2 20643.5 20643.5 92522.8
3 20386.4 21886.4 93141.4
2 21900 21900 94035.1
1 12021 48083.8 84482.6
0 21611.6 21611.6 94044.9
2 8489.49 39958 81017
2 11597.5 46390 83919
3 8858.39 36933.5 81519.7
0 15740 68960 88680.8
