57
3 162.574 162.574 65884.6
0 532.056 2128.22 66366.6
4 856.912 3427.65 66625.7
5 298.417 1193.67 66129.1
9 350.002 350.002 66407.1
2 310.809 310.809 66491.5
1 499.495 499.495 66446.9
3 1608.83 6435.31 68008.7
4 5277.07 5277.07 71663.7
2 5361.13 5361.13 71813.1
1 1737.63 1737.63 68246.4
5 1421.09 5684.34 67937
9 1480.73 7422.92 68272.2
3 3291.45 3291.45 69998.2
0 1607.5 6429.99 68515.8
7 823.499 823.499 67328.7
7 8108.03 8108.03 75040.9
7 6096.03 6096.03 72811.2
8 3166.11 3166.11 70677
2 1066.79 4267.15 68431.3
6 2649.21 10596.8 70167.1
4 1576.6 6306.39 69237.6
5 1767.5 8569.99 69691.7
7 1850.37 8901.47 69761.6
1 9002.49 9002.49 77456.4
8 7840.83 7840.83 76159.2
1 2016.7 8066.79 70764.6
2 1391.22 5564.87 70003.1
9 1330.02 5320.1 70349.9
0 3850.62 3850.62 73198.4
5 2241.34 8965.36 71820.1
8 3348.28 3348.28 73363.8
0 855.395 3421.58 70768.6
9 6588.14 6588.14 77330.5
3 1228.27 4913.08 71976.4
5 6776.67 6776.67 77883.6
1 1893.57 9074.27 72731.7
4 2272.42 9089.67 73305.2
0 5414.95 5414.95 76551.7
6 1302.17 5208.68 72585.2
2 5509.92 5509.92 76561.4
4 5306.05 5306.05 76574.1
2 2442 9768 74021.8
9 1822.88 8791.52 73362.1
8 6383.31 6383.31 77969.4
3 2059.62 8238.49 73772.9
0 6405.13 6405.13 78124.6
9 3402.21 13608.8 75346.4
2 6368.23 6368.23 78381
1 3000.39 12001.6 75220.6
3 5683.91 5683.91 77905.5
4 6774.06 6774.06 79016.7
0 7543.62 7543.62 79932.7
4 2472.3 9889.22 74645.4
5 2451.13 9804.52 75143.3
6 2431.94 9727.78 75340.5
3 2888.33 11553.3 75821.4
59
2 289.286 1157.14 66050
3 128.83 515.322 65929.7
5 305.807 305.807 66156.2
4 228.495 228.495 66270.2
0 562.309 562.309 66618.5
9 303.073 2712.29 66364.6
7 596.818 2387.27 67094
6 265.698 265.698 66605.1
1 649.338 2597.35 67163.2
2 1553.69 6214.77 67959.1
3 1257.13 5028.51 67728.6
4 3551.43 3551.43 70183.4
4 1696.77 6787.08 68246.5
8 738.832 738.832 67151.9
5 1424.19 5696.75 68038.4
4 5334.61 5334.61 72447.3
9 1197.06 4788.25 68147.8
0 1009.33 4037.32 68399.8
6 916.498 916.498 68001.9
2 8202.61 8202.61 75648.7
4 8690.51 8690.51 76437
2 1962.71 7850.84 69962.1
9 2531.13 2531.13 70543.9
3 1519.7 1519.7 69542.8
8 1309.43 1309.43 70238.9
1 578.717 3814.87 69184.9
5 1011.33 5545.31 69464.2
7 1464.88 2964.88 70543
6 1154.97 1154.97 70174.2
5 2037.81 2037.81 71627.1
0 1176.14 4704.54 71376.2
3 1643.54 8074.14 71100.3
8 6400.57 6400.57 76671.2
3 3022 12088 72949.8
1 1444.52 5778.07 71563.2
2 7008.93 7008.93 77155.1
1 3655.19 14620.8 74396.9
9 1831.84 7327.37 72638
2 1015.2 4060.8 72329.8
8 2244.46 2244.46 73800
0 3106.77 12427.1 74174
4 7075.32 7075.32 78233.6
6 1396.27 1396.27 73172.9
0 6576.55 6576.55 78100.4
4 3378.69 13514.8 74564
3 3197.49 14290 74785.2
5 2795.09 11180.4 74756.7
0 4223.61 16894.5 75703.2
9 2704.27 12317.1 74428.5
2 7158.14 7158.14 79009.2
5 4369.11 4369.11 76229.5
4 7733.39 7733.39 80239.5
1 3702.45 14809.8 76431.6
0 7827.32 7827.32 80496.1
9 3799.52 15198.1 76404.6
3 4064.91 4064.91 76612.6
2 8188.32 8188.32 80839.5
7 389.364 1557.46 73471.3
8 6332 6332 79134.2
69
2 290.669 290.669 66064.8
4 238.928 238.928 66198
3 184.024 184.024 66222.7
5 225.508 225.508 66300
9 508.22 508.22 66417.6
1 627.799 627.799 66698.5
9 2167.96 2167.96 68232.3
0 542.908 2171.63 66687
5 2083.88 2083.88 68387.8
4 2063.1 2063.1 68145.9
0 2278.14 2278.14 68658.5
2 1789.99 7159.94 68439.7
9 3484.16 3484.16 69778
0 4094.84 4094.84 70633.2
7 1827.36 7309.42 68311.9
3 3599.67 3599.67 70888.1
6 164.005 164.005 67220.4
8 1265.98 5063.91 68397.3
1 3215.98 3215.98 70305.9
3 1139.67 4558.66 68164.2
4 4417.92 4417.92 71525.1
2 2975.74 2975.74 70225.7
9 9424.78 9424.78 76958.7
4 9087.57 9087.57 76571.7
5 4994.28 4994.28 72598.9
1 580.88 3823.52 68243.2
3 8992.62 8992.62 76992.2
0 10124 10124 77972.2
2 4406.89 4406.89 72649.7
5 2081.24 8324.95 70575.7
6 1034.76 4139.02 69509.6
4 1120.31 4481.25 69694.7
4 9532.96 9532.96 78398.2
7 1224.95 1224.95 70118
0 6130.78 6130.78 75454.4
2 8875.45 8875.45 78145.8
9 2101.56 8406.24 71297.1
8 610.552 2442.21 70377.8
0 9936.61 9936.61 79958.3
7 8612.21 8612.21 78335.5
1 8730.44 8730.44 78641.1
1 2245.31 8981.25 72126.7
6 1577.49 1577.49 72001.6
2 9612.5 9612.5 79907.2
7 1966.76 7867.05 72678.8
9 2483.9 9935.6 72830.7
8 1730.11 1730.11 72316.5
7 9415.75 10915.7 80091.2
4 9498.86 9498.86 80280.4
4 2246.05 8984.22 73278.8
9 9104.37 10604.4 80241.1
1 3261.8 14547.2 74544.9
2 10942.8 10942.8 81994.3
3 8972.22 10472.2 80240.3
0 1581.3 6325.21 73161.1
9 3321.88 14787.5 74861.1
0 10388.4 10388.4 81974.5
5 3179.51 12718 74892.8
4 10673.9 10673.9 82393.3
7 4427.31 17709.2 76371.5
9 10059.3 11559.3 82072.2
1 4439.63 17758.5 76659.8
5 6803.8 6803.8 79025.4
5 9956.08 11456.1 82198.7
2 11413.4 11413.4 83802.5
4 2445.94 9783.77 74619.1
3 1397.61 5590.45 74089.8
2 2250.95 9003.8 75159.5
5 4008.21 16032.9 76941.3
69
3 141.2 141.2 65916.7
4 291.339 1165.36 66233.7
2 153.595 153.595 66287
6 396.645 396.645 66268.5
9 283.324 283.324 66269.2
0 413.31 413.31 66625.6
5 282.45 282.45 66297.7
8 711.322 711.322 66424.5
1 643.599 643.599 66702.4
5 4376.63 4376.63 70458.3
3 1894.07 7576.28 68039.5
9 4257.44 4257.44 70370.3
2 10672 10672 76880.4
7 1298.22 1298.22 67643.7
6 2029.4 2029.4 68429.9
1 4895.72 4895.72 71276.8
7 8631.29 8631.29 74866.8
4 1878.61 7514.42 68189.5
2 1440.14 5760.55 67813.3
7 10363.6 10363.6 76728.4
0 10372.5 10372.5 76966.4
5 10115.9 10115.9 77163.2
8 1457.71 1457.71 68542.8
4 11615.9 11615.9 78742.1
9 1067.93 5771.7 68304.6
5 974.348 3897.39 68441
0 1550.05 6200.2 68932.9
7 11246.9 11246.9 78659.7
2 2003.16 8012.63 69521.1
1 1087.97 5851.88 68749
0 2763.42 11053.7 70687.7
4 2174.14 8696.56 70085.4
1 10655 10655 79108.9
0 10456.7 10456.7 78775
7 2177.2 8708.8 70925.1
2 3019.82 12079.3 71631.7
3 1536.46 6145.84 70556.3
5 9490.51 9490.51 79079.8
4 2861.79 11447.1 73061.9
9 2872.89 12991.5 72329.6
6 6910.81 6910.81 77181.4
5 2506.9 10027.6 72434.7
3 3286.27 13145.1 73405
6 10110.6 10110.6 80256.8
1 2527.99 10112 73269.7
7 2203.57 8814.28 73009.7
6 2995.63 11982.5 74310.2
2 8057.89 8057.89 79613.4
0 1911.61 7646.44 72978.9
2 2352.64 9410.57 73385.4
0 9487.8 9487.8 80624.5
9 3008.4 13533.6 74291.5
4 9618.38 9618.38 80669.9
7 9163.46 10663.5 80431.5
5 3063.52 13754.1 74643.4
0 3470.09 13880.4 75009.3
6 10480.9 10480.9 82067
1 3352.96 13411.8 75066.2
0 10478 10478 82197.4
3 4307.87 17231.5 76252
3 8453.45 9953.45 80466.3
1 4652.87 18611.5 76873.1
9 7808.82 7808.82 80030.4
4 10404.4 10404.4 82647
2 10572.8 10572.8 82961.8
2 2552.53 10210.1 74725.7
9 4570.28 18281.1 77262.4
4 2397.71 9590.84 75306.3
3 5487.09 21948.4 78420.2
61
2 290.669 290.669 66064.8
4 238.928 238.928 66198
3 184.024 184.024 66222.7
5 225.508 225.508 66300
9 508.22 508.22 66417.6
1 627.799 627.799 66698.5
9 2167.96 2167.96 68232.3
0 542.908 2171.63 66687
1 2375.71 2375.71 68679.6
4 6317.15 6317.15 72400
0 4609.03 4609.03 70989.4
2 1789.99 7159.94 68439.7
5 8405.39 8405.39 74699.2
0 6425.73 6425.73 72964.1
7 1827.36 7309.42 68311.9
7 4058.36 4058.36 71346.8
6 164.005 164.005 67220.4
8 1265.98 5063.91 68397.3
3 5488.66 5488.66 72578.6
3 1139.67 4558.66 68164.2
4 7123.22 7123.22 74230.5
2 2975.74 2975.74 70225.7
9 8704.8 8704.8 76238.7
5 595.385 3881.54 68113.3
4 583.626 2334.5 68244.6
4 2368.87 9475.48 70293.1
0 671.649 2686.6 68582.9
5 8040.73 8040.73 76494.6
0 6632.93 6632.93 74951.3
5 1908.25 7632.99 70656.1
9 1192.25 6269.01 69804.2
3 1345.52 5382.09 70365.4
1 1433.84 5735.37 70629.4
6 515.426 2061.7 70282.6
2 3098.61 3098.61 73120.3
7 6591.51 6591.51 76314.8
1 6336.11 6336.11 76246.7
1 2511.08 10044.3 72392.5
8 566.203 566.203 70990.3
2 4587 4587 74881.7
9 2047.63 8190.52 72759.7
5 2806.8 11227.2 73153.6
6 1634.99 1634.99 72221.3
0 6027.05 6027.05 76702.5
4 5331.11 5331.11 76112.7
8 7124.42 7124.42 78379.9
4 7233.44 7233.44 78419.4
0 7740.31 7740.31 79150.9
2 7875.39 7875.39 79179.9
4 8699.43 8699.43 80229.4
7 2602.02 10408.1 74350.8
3 5650.13 5650.13 77274.9
2 5093.45 5093.45 76867.2
1 2426 9704.01 74265.5
7 6078.75 6078.75 78124.7
6 7304.09 7304.09 79453
8 2205.81 2205.81 74953.9
8 8075.1 8075.1 80397
5 5959.6 7459.6 78556.2
3 2110.87 8443.48 75133.2
6 3663.71 3663.71 76717.1
70
2 289.286 1157.14 66050
3 128.83 515.322 65929.7
5 305.807 305.807 66156.2
4 228.495 228.495 66270.2
0 562.309 562.309 66618.5
9 303.073 2712.29 66364.6
7 596.818 2387.27 67094
6 265.698 265.698 66605.1
1 649.338 2597.35 67163.2
2 1553.69 6214.77 67959.1
3 1257.13 5028.51 67728.6
4 3551.43 3551.43 70183.4
4 1696.77 6787.08 68246.5
8 738.832 738.832 67151.9
5 1424.19 5696.75 68038.4
0 3550.46 3550.46 70663.2
9 1197.06 4788.25 68147.8
0 1009.33 4037.32 68399.8
6 916.498 916.498 68001.9
4 4698.21 4698.21 72144.3
1 1708.95 1708.95 69404.4
8 2265.48 2265.48 69856.7
0 9846.8 9846.8 77603.1
4 10767.7 10767.7 78594.7
2 4610.47 4610.47 73226.4
2 1561.74 1561.74 70448.8
2 10397.6 10397.6 79035.1
8 10172.5 10172.5 79070.4
3 909.72 5138.88 69839
9 988.393 988.393 70150.8
6 791.161 3164.65 69916.4
8 7488.59 7488.59 76896.6
7 639.011 2139.01 70665.7
5 1071.92 1071.92 71293.5
8 4410.12 4410.12 74540.5
0 9244.49 9244.49 79374
5 5523.88 5523.88 75995.2
3 1640.88 1640.88 71841.9
8 1603.16 6412.63 72317.8
1 1115.31 4461.26 71505.9
6 1231.57 4926.29 72138.7
4 9623.12 9623.12 80393.6
0 1915.75 7662.98 73188.3
3 7340.64 7340.64 78274.9
2 9809.28 9809.28 80769.9
9 7737.43 7737.43 79060.5
1 7603.35 7603.35 78938.5
4 10769.5 10769.5 82146.4
8 9863.7 9863.7 81381.3
4 2185.23 8740.93 74116.7
0 10035.6 10035.6 82217.1
9 1321.9 5287.59 72949
1 1584.01 7836.05 73305.7
3 1761.55 7046.19 73885.9
5 7471.79 7471.79 79437.7
9 2956.38 13325.5 74940.5
0 3512.49 14050 75635.2
3 7978.22 7978.22 80111.6
1 3499.09 15496.4 76283
5 1153.02 4612.09 73520.5
2 10944.2 10944.2 83374.8
3 3898.62 15594.5 76331.4
8 10928.6 10928.6 83582.5
4 3766.37 15065.5 76510
7 327.302 2809.21 72936.2
9 4150.03 16600.1 76754.8
7 4544.32 18177.3 77342.1
1 8074.94 8074.94 80941.4
9 7987.37 7987.37 80852.2
2 4345.58 17382.3 77218
60
3 141.2 141.2 65916.7
4 291.339 1165.36 66233.7
2 153.595 153.595 66287
6 396.645 396.645 66268.5
9 283.324 283.324 66269.2
0 413.31 413.31 66625.6
5 282.45 282.45 66297.7
8 711.322 711.322 66424.5
1 643.599 643.599 66702.4
3 3975.18 3975.18 70056.9
3 1894.07 7576.28 68039.5
1 2655.2 2655.2 68768
4 4012.34 4012.34 70220.7
7 1298.22 1298.22 67643.7
6 2029.4 2029.4 68429.9
9 4091.7 4091.7 70472.8
5 4222.78 4222.78 70458.3
4 1878.61 7514.42 68189.5
2 1440.14 5760.55 67813.3
1 6654.53 6654.53 73019.3
0 9476.59 9476.59 76070.5
1 3905.71 3905.71 70953
8 1457.71 1457.71 68542.8
4 10673.2 10673.2 77799.4
9 1067.93 5771.7 68304.6
5 974.348 3897.39 68441
0 1550.05 6200.2 68932.9
1 9320.18 9320.18 76733
0 10126.7 10126.7 77602.8
2 1821.72 1821.72 70122.4
7 4484.58 4484.58 74073.9
0 1464.63 5858.54 71664.7
4 2723.34 10893.4 72180.1
2 5152.18 5152.18 75422.8
3 2105.45 8421.8 72033.2
7 2038.56 8154.25 72157.3
0 8963.02 8963.02 79109.2
9 1723.97 6895.89 72465.7
5 1186.5 4746 71992.7
2 1236.99 4947.97 72551.6
6 4575.3 4575.3 76130.8
4 2937.33 11749.3 74004.6
4 8581.85 8581.85 79740.1
6 793.081 793.081 72569.8
5 4795.03 6295.03 76318.9
9 2856.95 12927.8 74042.2
4 4252.34 17009.4 75840.1
3 2039.22 8156.88 74000.9
1 3455.79 15323.1 74935.4
0 2286.45 9145.79 74010.7
2 8868.98 8868.98 80720
3 3613.24 3613.24 75473.6
0 8609.02 8609.02 81115.1
9 3347.79 13391.2 76076.9
6 6529.07 6529.07 79197.9
5 1363.67 5454.69 73968.8
3 5230 5230 77777.7
6 8843.11 8843.11 81494.3
8 532.635 8130.54 73614.6
2 5083.61 5083.61 77885.9
59
2 289.286 1157.14 66050
3 128.83 515.322 65929.7
5 305.807 305.807 66156.2
4 228.495 228.495 66270.2
0 562.309 562.309 66618.5
9 303.073 2712.29 66364.6
7 596.818 2387.27 67094
6 265.698 265.698 66605.1
1 649.338 2597.35 67163.2
2 1553.69 6214.77 67959.1
3 1257.13 5028.51 67728.6
4 3551.43 3551.43 70183.4
4 1696.77 6787.08 68246.5
8 738.832 738.832 67151.9
5 1424.19 5696.75 68038.4
0 3550.46 3550.46 70663.2
9 1197.06 4788.25 68147.8
0 1009.33 4037.32 68399.8
6 916.498 916.498 68001.9
4 4698.21 4698.21 72144.3
1 1708.95 1708.95 69404.4
8 2265.48 2265.48 69856.7
4 7760.13 7760.13 75516.4
0 8025.89 8025.89 75852.8
6 3854.37 3854.37 72470.3
2 1561.74 1561.74 70448.8
4 8696.01 8696.01 77333.6
0 8885.29 8885.29 77783.2
3 909.72 5138.88 69839
3 3265.54 3265.54 72427.9
6 791.161 3164.65 69916.4
7 652.771 2152.77 70006.3
5 719.327 2877.31 69966.6
9 6100.55 6100.55 75626.7
9 661.697 2646.79 70170.6
1 1582.2 7828.8 71596.2
8 2429.27 2429.27 72592.6
3 7284.81 8784.81 77646.1
5 1554.33 7717.33 71710.3
7 1592.43 1592.43 72656.7
5 6420.82 7920.82 77871.3
9 6363.19 7863.19 77521.5
2 1365.82 1365.82 73142.5
8 3400.47 3400.47 74924.3
0 1594.54 6378.18 72779.8
4 2392.08 9568.31 73979.8
9 1338.57 5354.28 73300.2
0 2829.4 11317.6 74309
5 1776.59 8606.38 73500.8
4 7336.58 7336.58 79187.6
1 4196.95 4196.95 76057.3
2 6937.53 6937.53 79443.6
1 1855.43 7421.72 74584.6
8 4648.82 4648.82 77317.6
3 1831.01 7324.04 74436.1
5 3257.24 3257.24 75804.9
8 6993.17 6993.17 79644.3
7 1716.86 6867.43 74798.8
2 3644.3 3644.3 76446.5
72
4 231.386 231.386 66044.5
3 132.604 530.416 65941.9
2 250.838 1003.35 66277.7
5 299.855 1199.42 66175.9
9 212.23 848.919 66148.4
0 556.263 2225.05 66467
1 673.715 673.715 66676.6
7 1005.02 1005.02 67038.7
4 2039.88 8159.53 68309.6
8 6107.98 6107.98 72206.7
1 2625.62 10502.5 68604.1
5 2094.36 8377.45 68395.8
3 1953.85 7815.39 68096.2
9 1734.5 1734.5 68132.6
7 7637.24 7637.24 74086.3
2 4627.64 4627.64 71121.8
7 3412.14 13648.5 69901.1
0 1660.06 6640.23 68021.1
6 317.346 1269.39 67132.9
9 3558.06 14232.2 70185.5
0 3141.5 12566 69970.3
8 411.658 7646.63 70245.2
9 8509.07 8509.07 75536.6
0 10122 10122 77141
2 1338.51 5354.06 68541.7
1 2995.64 13482.5 70513.5
4 2538.55 10154.2 70199.5
7 3731.57 16426.3 71655.8
5 2530.75 11623 70442
7 7779.57 7779.57 76233.5
8 9425.84 9425.84 77744.2
3 1891.18 7564.72 70639
0 3307.19 13228.8 71919.1
5 3499.89 13999.5 72519.7
6 5781.86 5781.86 75129.7
9 2584.45 10337.8 72163.2
4 7608.53 7608.53 77624.1
6 481.32 1925.28 70394.5
9 6630.95 6630.95 77373.3
1 2062.17 8248.68 72810.3
5 6411.81 6411.81 77518.7
4 1322.22 5288.9 72160.4
3 1974.87 7899.47 73187.3
0 2558.17 10232.7 73723.2
3 6518.07 6518.07 77717.8
7 7326.71 7326.71 78529.9
1 7549.91 7549.91 78887.2
0 7623.83 7623.83 78892.3
9 2581.39 11825.6 73719.6
6 1139.15 4556.59 72699.8
4 8707.06 8707.06 80388.6
1 3225.11 14400.5 74632
8 2841.86 11367.4 74133.2
0 4105.08 16420.3 75560.9
2 7873.34 7873.34 79353.9
8 4388.36 17553.4 75935.5
8 7909.89 7909.89 79715.7
1 4507.56 19530.2 76480.8
4 2722.75 10891 74937.3
0 8749.73 8749.73 80654
9 7345.71 7345.71 79379.9
3 7429.11 7429.11 79226.5
6 8452.72 8452.72 80379.2
6 5634.12 5634.12 77839.6
2 1318.75 5275 73463.4
2 4904.08 19616.3 77414
6 10150.6 10150.6 82581.2
5 2351.41 10905.6 75365.1
2 2900.62 11602.5 75278.1
8 9469.9 9469.9 82078.6
3 2381.46 9525.84 75401.7
2 8141.74 8141.74 80903.6
74
2 290.669 290.669 66064.8
4 238.928 238.928 66198
3 184.024 184.024 66222.7
5 225.508 225.508 66300
9 508.22 508.22 66417.6
1 627.799 627.799 66698.5
9 2167.96 2167.96 68232.3
0 542.908 2171.63 66687
5 2083.88 2083.88 68387.8
4 2063.1 2063.1 68145.9
0 2278.14 2278.14 68658.5
2 1789.99 7159.94 68439.7
3 3415.98 3415.98 69709.8
0 4094.84 4094.84 70633.2
7 1827.36 7309.42 68311.9
1 2134.06 2134.06 69422.5
6 164.005 164.005 67220.4
8 1265.98 5063.91 68397.3
9 3205.1 3205.1 70295
3 1139.67 4558.66 68164.2
2 10717.3 10717.3 77824.5
2 2975.74 2975.74 70225.7
5 4763.01 4763.01 72296.9
7 2779.52 2779.52 70475
6 3033.27 3033.27 70624.5
6 11101.4 11101.4 78857.8
2 11541.5 11541.5 79368.4
8 4249.72 4249.72 72865.7
4 7924.28 7924.28 76811.3
0 11606.2 11606.2 80243.7
4 10608.6 10608.6 79506.5
4 1327.08 5308.32 70256.3
9 3135.61 3135.61 72298
8 1186.51 4746.05 70311.8
8 5517.48 5517.48 74871
5 1068.69 4274.76 70316
7 5268.13 5268.13 74794.3
1 2287.83 9151.31 71796.7
4 2411.82 9647.29 72425.8
2 1993.05 1993.05 72156.4
6 10460.1 10460.1 80821.4
3 1297.5 6690.01 71453.5
1 3499.6 3499.6 74563.8
2 9979.28 9979.28 81429.7
7 1255.41 5021.65 72467.8
3 2564.28 11757.1 73729.3
9 3918.47 3918.47 75118.2
1 7428.19 7428.19 78631.4
9 8036.09 8036.09 79373.4
0 10726.5 10726.5 81995
0 1429.3 5717.22 72567.5
6 1637.61 6550.44 73198.3
8 6400.2 6400.2 78081.7
0 2982.33 11929.3 74389.2
7 5043.67 21674.7 76335
3 4111.18 17944.7 75567
4 10308.8 10308.8 81789.4
0 4644.35 18577.4 76191.5
2 11799.5 11799.5 83605.3
9 4993.74 21474.9 76967
2 2268.85 9075.4 74483.4
6 4445.89 4445.89 76350.2
7 8004.27 8004.27 80038.4
3 7851.84 7851.84 79649.2
4 11411.9 11411.9 83338.4
6 11217.8 11217.8 83423.3
0 5788.23 23152.9 77932.9
3 5184.5 22238 77694.5
0 11365.8 11365.8 83796.3
5 4168.99 18176 77182.7
7 5672.63 24190.5 78050.1
4 1458.52 1458.52 74067.2
5 1391.66 5566.64 74411.9
4 12126.2 12126.2 84888.1
