57
3 162.574 162.574 65884.6
0 532.056 2128.22 66366.6
4 856.912 3427.65 66625.7
5 298.417 1193.67 66129.1
9 350.002 350.002 66407.1
2 310.809 310.809 66491.5
1 499.495 499.495 66446.9
3 1608.83 6435.31 68008.7
4 5277.07 5277.07 71663.7
2 5361.13 5361.13 71813.1
1 1737.63 1737.63 68246.4
5 1421.09 5684.34 67937
9 1480.73 7422.92 68272.2
3 3291.45 3291.45 69998.2
0 1607.5 6429.99 68515.8
7 823.499 823.499 67328.7
7 8108.03 8108.03 75040.9
7 6096.03 6096.03 72811.2
8 3166.11 3166.11 70677
2 1066.79 4267.15 68431.3
6 2649.21 10596.8 70167.1
4 1576.6 6306.39 69237.6
5 1767.5 8569.99 69691.7
7 1850.37 8901.47 69761.6
1 9002.49 9002.49 77456.4
8 7840.83 7840.83 76159.2
1 2016.7 8066.79 70764.6
2 1391.22 5564.87 70003.1
9 1330.02 5320.1 70349.9
0 3850.62 3850.62 73198.4
5 2241.34 8965.36 71820.1
8 3348.28 3348.28 73363.8
0 855.395 3421.58 70768.6
9 6588.14 6588.14 77330.5
3 1228.27 4913.08 71976.4
5 6776.67 6776.67 77883.6
1 1893.57 9074.27 72731.7
4 2272.42 9089.67 73305.2
0 5414.95 5414.95 76551.7
6 1302.17 5208.68 72585.2
2 5509.92 5509.92 76561.4
4 5306.05 5306.05 76574.1
2 2442 9768 74021.8
9 1822.88 8791.52 73362.1
8 6383.31 6383.31 77969.4
3 2059.62 8238.49 73772.9
0 6405.13 6405.13 78124.6
9 3402.21 13608.8 75346.4
2 6368.23 6368.23 78381
1 3000.39 12001.6 75220.6
3 5683.91 5683.91 77905.5
4 6774.06 6774.06 79016.7
0 7543.62 7543.62 79932.7
4 2472.3 9889.22 74645.4
5 2451.13 9804.52 75143.3
6 2431.94 9727.78 75340.5
3 2888.33 11553.3 75821.4
59
2 289.286 1157.14 66050
3 128.83 515.322 65929.7
5 305.807 305.807 66156.2
4 228.495 228.495 66270.2
0 562.309 562.309 66618.5
9 303.073 2712.29 66364.6
7 596.818 2387.27 67094
6 265.698 265.698 66605.1
1 649.338 2597.35 67163.2
2 1553.69 6214.77 67959.1
3 1257.13 5028.51 67728.6
4 3551.43 3551.43 70183.4
4 1696.77 6787.08 68246.5
8 738.832 738.832 67151.9
5 1424.19 5696.75 68038.4
4 5334.61 5334.61 72447.3
9 1197.06 4788.25 68147.8
0 1009.33 4037.32 68399.8
6 916.498 916.498 68001.9
2 8202.61 8202.61 75648.7
4 8690.51 8690.51 76437
2 1962.71 7850.84 69962.1
9 2531.13 2531.13 70543.9
3 1519.7 1519.7 69542.8
8 1309.43 1309.43 70238.9
1 578.717 3814.87 69184.9
5 1011.33 5545.31 69464.2
7 1464.88 2964.88 70543
6 1154.97 1154.97 70174.2
5 2037.81 2037.81 71627.1
0 1176.14 4704.54 71376.2
3 1643.54 8074.14 71100.3
8 6400.57 6400.57 76671.2
3 3022 12088 72949.8
1 1444.52 5778.07 71563.2
2 7008.93 7008.93 77155.1
1 3655.19 14620.8 74396.9
9 1831.84 7327.37 72638
2 1015.2 4060.8 72329.8
8 2244.46 2244.46 73800
0 3106.77 12427.1 74174
4 7075.32 7075.32 78233.6
6 1396.27 1396.27 73172.9
0 6576.55 6576.55 78100.4
4 3378.69 13514.8 74564
3 3197.49 14290 74785.2
5 2795.09 11180.4 74756.7
0 4223.61 16894.5 75703.2
9 2704.27 12317.1 74428.5
2 7158.14 7158.14 79009.2
5 4369.11 4369.11 76229.5
4 7733.39 7733.39 80239.5
1 3702.45 14809.8 76431.6
0 7827.32 7827.32 80496.1
9 3799.52 15198.1 76404.6
3 4064.91 4064.91 76612.6
2 8188.32 8188.32 80839.5
7 389.364 1557.46 73471.3
8 6332 6332 79134.2
69
2 290.669 290.669 66064.8
4 238.928 238.928 66198
3 184.024 184.024 66222.7
5 225.508 225.508 66300
9 508.22 508.22 66417.6
1 627.799 627.799 66698.5
9 2167.96 2167.96 68232.3
0 542.908 2171.63 66687
5 2083.88 2083.88 68387.8
4 2063.1 2063.1 68145.9
0 2278.14 2278.14 68658.5
2 1789.99 7159.94 68439.7
9 3484.16 3484.16 69778
0 4094.84 4094.84 70633.2
7 1827.36 7309.42 68311.9
3 3599.67 3599.67 70888.1
6 164.005 164.005 67220.4
8 1265.98 5063.91 68397.3
1 3215.98 3215.98 70305.9
3 1139.67 4558.66 68164.2
4 4417.92 4417.92 71525.1
2 2975.74 2975.74 70225.7
9 9424.78 9424.78 76958.7
4 9087.57 9087.57 76571.7
5 4994.28 4994.28 72598.9
1 580.88 3823.52 68243.2
3 8992.62 8992.62 76992.2
0 10124 10124 77972.2
2 4406.89 4406.89 72649.7
5 2081.24 8324.95 70575.7
6 1034.76 4139.02 69509.6
4 1120.31 4481.25 69694.7
4 9532.96 9532.96 78398.2
7 1224.95 1224.95 70118
0 6130.78 6130.78 75454.4
2 8875.45 8875.45 78145.8
9 2101.56 8406.24 71297.1
8 610.552 2442.21 70377.8
0 9936.61 9936.61 79958.3
7 8612.21 8612.21 78335.5
1 8730.44 8730.44 78641.1
1 2245.31 8981.25 72126.7
6 1577.49 1577.49 72001.6
2 9612.5 9612.5 79907.2
7 1966.76 7867.05 72678.8
9 2483.9 9935.6 72830.7
8 1730.11 1730.11 72316.5
7 9415.75 10915.7 80091.2
4 9498.86 9498.86 80280.4
4 2246.05 8984.22 73278.8
9 9104.37 10604.4 80241.1
1 3261.8 14547.2 74544.9
2 10942.8 10942.8 81994.3
3 8972.22 10472.2 80240.3
0 1581.3 6325.21 73161.1
9 3321.88 14787.5 74861.1
0 10388.4 10388.4 81974.5
5 3179.51 12718 74892.8
4 10673.9 10673.9 82393.3
7 4427.31 17709.2 76371.5
9 10059.3 11559.3 82072.2
1 4439.63 17758.5 76659.8
5 6803.8 6803.8 79025.4
5 9956.08 11456.1 82198.7
2 11413.4 11413.4 83802.5
4 2445.94 9783.77 74619.1
3 1397.61 5590.45 74089.8
2 2250.95 9003.8 75159.5
5 4008.21 16032.9 76941.3
69
3 141.2 141.2 65916.7
4 291.339 1165.36 66233.7
2 153.595 153.595 66287
6 396.645 396.645 66268.5
9 283.324 283.324 66269.2
0 413.31 413.31 66625.6
5 282.45 282.45 66297.7
8 711.322 711.322 66424.5
1 643.599 643.599 66702.4
5 4376.63 4376.63 70458.3
3 1894.07 7576.28 68039.5
9 4257.44 4257.44 70370.3
2 10672 10672 76880.4
7 1298.22 1298.22 67643.7
6 2029.4 2029.4 68429.9
1 4895.72 4895.72 71276.8
7 8631.29 8631.29 74866.8
4 1878.61 7514.42 68189.5
2 1440.14 5760.55 67813.3
7 10363.6 10363.6 76728.4
0 10372.5 10372.5 76966.4
5 10115.9 10115.9 77163.2
8 1457.71 1457.71 68542.8
4 11615.9 11615.9 78742.1
9 1067.93 5771.7 68304.6
5 974.348 3897.39 68441
0 1550.05 6200.2 68932.9
7 11246.9 11246.9 78659.7
2 2003.16 8012.63 69521.1
1 1087.97 5851.88 68749
0 2763.42 11053.7 70687.7
4 2174.14 8696.56 70085.4
1 10655 10655 79108.9
0 10456.7 10456.7 78775
7 2177.2 8708.8 70925.1
2 3019.82 12079.3 71631.7
3 1536.46 6145.84 70556.3
5 9490.51 9490.51 79079.8
4 2861.79 11447.1 73061.9
9 2872.89 12991.5 72329.6
6 6910.81 6910.81 77181.4
5 2506.9 10027.6 72434.7
3 3286.27 13145.1 73405
6 10110.6 10110.6 80256.8
1 2527.99 10112 73269.7
7 2203.57 8814.28 73009.7
6 2995.63 11982.5 74310.2
2 8057.89 8057.89 79613.4
0 1911.61 7646.44 72978.9
2 2352.64 9410.57 73385.4
0 9487.8 9487.8 80624.5
9 3008.4 13533.6 74291.5
4 9618.38 9618.38 80669.9
7 9163.46 10663.5 80431.5
5 3063.52 13754.1 74643.4
0 3470.09 13880.4 75009.3
6 10480.9 10480.9 82067
1 3352.96 13411.8 75066.2
0 10478 10478 82197.4
3 4307.87 17231.5 76252
3 8453.45 9953.45 80466.3
1 4652.87 18611.5 76873.1
9 7808.82 7808.82 80030.4
4 10404.4 10404.4 82647
2 10572.8 10572.8 82961.8
2 2552.53 10210.1 74725.7
9 4570.28 18281.1 77262.4
4 2397.71 9590.84 75306.3
3 5487.09 21948.4 78420.2
61
2 290.669 290.669 66064.8
4 238.928 238.928 66198
3 184.024 184.024 66222.7
5 225.508 225.508 66300
9 508.22 508.22 66417.6
1 627.799 627.799 66698.5
9 2167.96 2167.96 68232.3
0 542.908 2171.63 66687
1 2375.71 2375.71 68679.6
4 6317.15 6317.15 72400
0 4609.03 4609.03 70989.4
2 1789.99 7159.94 68439.7
5 8405.39 8405.39 74699.2
0 6425.73 6425.73 72964.1
7 1827.36 7309.42 68311.9
7 4058.36 4058.36 71346.8
6 164.005 164.005 67220.4
8 1265.98 5063.91 68397.3
3 5488.66 5488.66 72578.6
3 1139.67 4558.66 68164.2
4 7123.22 7123.22 74230.5
2 2975.74 2975.74 70225.7
9 8704.8 8704.8 76238.7
5 595.385 3881.54 68113.3
4 583.626 2334.5 68244.6
4 2368.87 9475.48 70293.1
0 671.649 2686.6 68582.9
5 8040.73 8040.73 76494.6
0 6632.93 6632.93 74951.3
5 1908.25 7632.99 70656.1
9 1192.25 6269.01 69804.2
3 1345.52 5382.09 70365.4
1 1433.84 5735.37 70629.4
6 515.426 2061.7 70282.6
2 3098.61 3098.61 73120.3
7 6591.51 6591.51 76314.8
1 6336.11 6336.11 76246.7
1 2511.08 10044.3 72392.5
8 566.203 566.203 70990.3
2 4587 4587 74881.7
9 2047.63 8190.52 72759.7
5 2806.8 11227.2 73153.6
6 1634.99 1634.99 72221.3
0 6027.05 6027.05 76702.5
4 5331.11 5331.11 76112.7
8 7124.42 7124.42 78379.9
4 7233.44 7233.44 78419.4
0 7740.31 7740.31 79150.9
2 7875.39 7875.39 79179.9
4 8699.43 8699.43 80229.4
7 2602.02 10408.1 74350.8
3 5650.13 5650.13 77274.9
2 5093.45 5093.45 76867.2
1 2426 9704.01 74265.5
7 6078.75 6078.75 78124.7
6 7304.09 7304.09 79453
8 2205.81 2205.81 74953.9
8 8075.1 8075.1 80397
5 5959.6 7459.6 78556.2
3 2110.87 8443.48 75133.2
6 3663.71 3663.71 76717.1
70
2 289.286 1157.14 66050
3 128.83 515.322 65929.7
5 305.807 305.807 66156.2
4 228.495 228.495 66270.2
0 562.309 562.309 66618.5
9 303.073 2712.29 66364.6
7 596.818 2387.27 67094
6 265.698 265.698 66605.1
1 649.338 2597.35 67163.2
2 1553.69 6214.77 67959.1
3 1257.13 5028.51 67728.6
4 3551.43 3551.43 70183.4
4 1696.77 6787.08 68246.5
8 738.832 738.832 67151.9
5 1424.19 5696.75 68038.4
0 3550.46 3550.46 70663.2
9 1197.06 4788.25 68147.8
0 1009.33 4037.32 68399.8
6 916.498 916.498 68001.9
4 4698.21 4698.21 72144.3
1 1708.95 1708.95 69404.4
8 2265.48 2265.48 69856.7
0 9846.8 9846.8 77603.1
4 10767.7 10767.7 78594.7
2 4610.47 4610.47 73226.4
2 1561.74 1561.74 70448.8
2 10397.6 10397.6 79035.1
8 10172.5 10172.5 79070.4
3 909.72 5138.88 69839
9 988.393 988.393 70150.8
6 791.161 3164.65 69916.4
8 7488.59 7488.59 76896.6
7 639.011 2139.01 70665.7
5 1071.92 1071.92 71293.5
8 4410.12 4410.12 74540.5
0 9244.49 9244.49 79374
5 5523.88 5523.88 75995.2
3 1640.88 1640.88 71841.9
8 1603.16 6412.63 72317.8
1 1115.31 4461.26 71505.9
6 1231.57 4926.29 72138.7
4 9623.12 9623.12 80393.6
0 1915.75 7662.98 73188.3
3 7340.64 7340.64 78274.9
2 9809.28 9809.28 80769.9
9 7737.43 7737.43 79060.5
1 7603.35 7603.35 78938.5
4 10769.5 10769.5 82146.4
8 9863.7 9863.7 81381.3
4 2185.23 8740.93 74116.7
0 10035.6 10035.6 82217.1
9 1321.9 5287.59 72949
1 1584.01 7836.05 73305.7
3 1761.55 7046.19 73885.9
5 7471.79 7471.79 79437.7
9 2956.38 13325.5 74940.5
0 3512.49 14050 75635.2
3 7978.22 7978.22 80111.6
1 3499.09 15496.4 76283
5 1153.02 4612.09 73520.5
2 10944.2 10944.2 83374.8
3 3898.62 15594.5 76331.4
8 10928.6 10928.6 83582.5
4 3766.37 15065.5 76510
7 327.302 2809.21 72936.2
9 4150.03 16600.1 76754.8
7 4544.32 18177.3 77342.1
1 8074.94 8074.94 80941.4
9 7987.37 7987.37 80852.2
2 4345.58 17382.3 77218
60
3 141.2 141.2 65916.7
4 291.339 1165.36 66233.7
2 153.595 153.595 66287
6 396.645 396.645 66268.5
9 283.324 283.324 66269.2
0 413.31 413.31 66625.6
5 282.45 282.45 66297.7
8 711.322 711.322 66424.5
1 643.599 643.599 66702.4
3 3975.18 3975.18 70056.9
3 1894.07 7576.28 68039.5
1 2655.2 2655.2 68768
4 4012.34 4012.34 70220.7
7 1298.22 1298.22 67643.7
6 2029.4 2029.4 68429.9
9 4091.7 4091.7 70472.8
5 4222.78 4222.78 70458.3
4 1878.61 7514.42 68189.5
2 1440.14 5760.55 67813.3
1 6654.53 6654.53 73019.3
0 9476.59 9476.59 76070.5
1 3905.71 3905.71 70953
8 1457.71 1457.71 68542.8
4 10673.2 10673.2 77799.4
9 1067.93 5771.7 68304.6
5 974.348 3897.39 68441
0 1550.05 6200.2 68932.9
1 9320.18 9320.18 76733
0 10126.7 10126.7 77602.8
2 1821.72 1821.72 70122.4
7 4484.58 4484.58 74073.9
0 1464.63 5858.54 71664.7
4 2723.34 10893.4 72180.1
2 5152.18 5152.18 75422.8
3 2105.45 8421.8 72033.2
7 2038.56 8154.25 72157.3
0 8963.02 8963.02 79109.2
9 1723.97 6895.89 72465.7
5 1186.5 4746 71992.7
2 1236.99 4947.97 72551.6
6 4575.3 4575.3 76130.8
4 2937.33 11749.3 74004.6
4 8581.85 8581.85 79740.1
6 793.081 793.081 72569.8
5 4795.03 6295.03 76318.9
9 2856.95 12927.8 74042.2
4 4252.34 17009.4 75840.1
3 2039.22 8156.88 74000.9
1 3455.79 15323.1 74935.4
0 2286.45 9145.79 74010.7
2 8868.98 8868.98 80720
3 3613.24 3613.24 75473.6
0 8609.02 8609.02 81115.1
9 3347.79 13391.2 76076.9
6 6529.07 6529.07 79197.9
5 1363.67 5454.69 73968.8
3 5230 5230 77777.7
6 8843.11 8843.11 81494.3
8 532.635 8130.54 73614.6
2 5083.61 5083.61 77885.9
59
2 289.286 1157.14 66050
3 128.83 515.322 65929.7
5 305.807 305.807 66156.2
4 228.495 228.495 66270.2
0 562.309 562.309 66618.5
9 303.073 2712.29 66364.6
7 596.818 2387.27 67094
6 265.698 265.698 66605.1
1 649.338 2597.35 67163.2
2 1553.69 6214.77 67959.1
3 1257.13 5028.51 67728.6
4 3551.43 3551.43 70183.4
4 1696.77 6787.08 68246.5
8 738.832 738.832 67151.9
5 1424.19 5696.75 68038.4
0 3550.46 3550.46 70663.2
9 1197.06 4788.25 68147.8
0 1009.33 4037.32 68399.8
6 916.498 916.498 68001.9
4 4698.21 4698.21 72144.3
1 1708.95 1708.95 69404.4
8 2265.48 2265.48 69856.7
4 7760.13 7760.13 75516.4
0 8025.89 8025.89 75852.8
6 3854.37 3854.37 72470.3
2 1561.74 1561.74 70448.8
4 8696.01 8696.01 77333.6
0 8885.29 8885.29 77783.2
3 909.72 5138.88 69839
3 3265.54 3265.54 72427.9
6 791.161 3164.65 69916.4
7 652.771 2152.77 70006.3
5 719.327 2877.31 69966.6
9 6100.55 6100.55 75626.7
9 661.697 2646.79 70170.6
1 1582.2 7828.8 71596.2
8 2429.27 2429.27 72592.6
3 7284.81 8784.81 77646.1
5 1554.33 7717.33 71710.3
7 1592.43 1592.43 72656.7
5 6420.82 7920.82 77871.3
9 6363.19 7863.19 77521.5
2 1365.82 1365.82 73142.5
8 3400.47 3400.47 74924.3
0 1594.54 6378.18 72779.8
4 2392.08 9568.31 73979.8
9 1338.57 5354.28 73300.2
0 2829.4 11317.6 74309
5 1776.59 8606.38 73500.8
4 7336.58 7336.58 79187.6
1 4196.95 4196.95 76057.3
2 6937.53 6937.53 79443.6
1 1855.43 7421.72 74584.6
8 4648.82 4648.82 77317.6
3 1831.01 7324.04 74436.1
5 3257.24 3257.24 75804.9
8 6993.17 6993.17 79644.3
7 1716.86 6867.43 74798.8
2 3644.3 3644.3 76446.5
72
4 231.386 231.386 66044.5
3 132.604 530.416 65941.9
2 250.838 1003.35 66277.7
5 299.855 1199.42 66175.9
9 212.23 848.919 66148.4
0 556.263 2225.05 66467
1 673.715 673.715 66676.6
7 1005.02 1005.02 67038.7
4 2039.88 8159.53 68309.6
8 6107.98 6107.98 72206.7
1 2625.62 10502.5 68604.1
5 2094.36 8377.45 68395.8
3 1953.85 7815.39 68096.2
9 1734.5 1734.5 68132.6
7 7637.24 7637.24 74086.3
2 4627.64 4627.64 71121.8
7 3412.14 13648.5 69901.1
0 1660.06 6640.23 68021.1
6 317.346 1269.39 67132.9
9 3558.06 14232.2 70185.5
0 3141.5 12566 69970.3
8 411.658 7646.63 70245.2
9 8509.07 8509.07 75536.6
0 10122 10122 77141
2 1338.51 5354.06 68541.7
1 2995.64 13482.5 70513.5
4 2538.55 10154.2 70199.5
7 3731.57 16426.3 71655.8
5 2530.75 11623 70442
7 7779.57 7779.57 76233.5
8 9425.84 9425.84 77744.2
3 1891.18 7564.72 70639
0 3307.19 13228.8 71919.1
5 3499.89 13999.5 72519.7
6 5781.86 5781.86 75129.7
9 2584.45 10337.8 72163.2
4 7608.53 7608.53 77624.1
6 481.32 1925.28 70394.5
9 6630.95 6630.95 77373.3
1 2062.17 8248.68 72810.3
5 6411.81 6411.81 77518.7
4 1322.22 5288.9 72160.4
3 1974.87 7899.47 73187.3
0 2558.17 10232.7 73723.2
3 6518.07 6518.07 77717.8
7 7326.71 7326.71 78529.9
1 7549.91 7549.91 78887.2
0 7623.83 7623.83 78892.3
9 2581.39 11825.6 73719.6
6 1139.15 4556.59 72699.8
4 8707.06 8707.06 80388.6
1 3225.11 14400.5 74632
8 2841.86 11367.4 74133.2
0 4105.08 16420.3 75560.9
2 7873.34 7873.34 79353.9
8 4388.36 17553.4 75935.5
8 7909.89 7909.89 79715.7
1 4507.56 19530.2 76480.8
4 2722.75 10891 74937.3
0 8749.73 8749.73 80654
9 7345.71 7345.71 79379.9
3 7429.11 7429.11 79226.5
6 8452.72 8452.72 80379.2
6 5634.12 5634.12 77839.6
2 1318.75 5275 73463.4
2 4904.08 19616.3 77414
6 10150.6 10150.6 82581.2
5 2351.41 10905.6 75365.1
2 2900.62 11602.5 75278.1
8 9469.9 9469.9 82078.6
3 2381.46 9525.84 75401.7
2 8141.74 8141.74 80903.6
74
2 290.669 290.669 66064.8
4 238.928 238.928 66198
3 184.024 184.024 66222.7
5 225.508 225.508 66300
9 508.22 508.22 66417.6
1 627.799 627.799 66698.5
9 2167.96 2167.96 68232.3
0 542.908 2171.63 66687
5 2083.88 2083.88 68387.8
4 2063.1 2063.1 68145.9
0 2278.14 2278.14 68658.5
2 1789.99 7159.94 68439.7
3 3415.98 3415.98 69709.8
0 4094.84 4094.84 70633.2
7 1827.36 7309.42 68311.9
1 2134.06 2134.06 69422.5
6 164.005 164.005 67220.4
8 1265.98 5063.91 68397.3
9 3205.1 3205.1 70295
3 1139.67 4558.66 68164.2
2 10717.3 10717.3 77824.5
2 2975.74 2975.74 70225.7
5 4763.01 4763.01 72296.9
7 2779.52 2779.52 70475
6 3033.27 3033.27 70624.5
6 11101.4 11101.4 78857.8
2 11541.5 11541.5 79368.4
8 4249.72 4249.72 72865.7
4 7924.28 7924.28 76811.3
0 11606.2 11606.2 80243.7
4 10608.6 10608.6 79506.5
4 1327.08 5308.32 70256.3
9 3135.61 3135.61 72298
8 1186.51 4746.05 70311.8
8 5517.48 5517.48 74871
5 1068.69 4274.76 70316
7 5268.13 5268.13 74794.3
1 2287.83 9151.31 71796.7
4 2411.82 9647.29 72425.8
2 1993.05 1993.05 72156.4
6 10460.1 10460.1 80821.4
3 1297.5 6690.01 71453.5
1 3499.6 3499.6 74563.8
2 9979.28 9979.28 81429.7
7 1255.41 5021.65 72467.8
3 2564.28 11757.1 73729.3
9 3918.47 3918.47 75118.2
1 7428.19 7428.19 78631.4
9 8036.09 8036.09 79373.4
0 10726.5 10726.5 81995
0 1429.3 5717.22 72567.5
6 1637.61 6550.44 73198.3
8 6400.2 6400.2 78081.7
0 2982.33 11929.3 74389.2
7 5043.67 21674.7 76335
3 4111.18 17944.7 75567
4 10308.8 10308.8 81789.4
0 4644.35 18577.4 76191.5
2 11799.5 11799.5 83605.3
9 4993.74 21474.9 76967
2 2268.85 9075.4 74483.4
6 4445.89 4445.89 76350.2
7 8004.27 8004.27 80038.4
3 7851.84 7851.84 79649.2
4 11411.9 11411.9 83338.4
6 11217.8 11217.8 83423.3
0 5788.23 23152.9 77932.9
3 5184.5 22238 77694.5
0 11365.8 11365.8 83796.3
5 4168.99 18176 77182.7
7 5672.63 24190.5 78050.1
4 1458.52 1458.52 74067.2
5 1391.66 5566.64 74411.9
4 12126.2 12126.2 84888.1
64
4 231.386 231.386 66044.5
3 132.604 530.416 65941.9
2 250.838 1003.35 66277.7
5 299.855 1199.42 66175.9
9 212.23 848.919 66148.4
0 556.263 2225.05 66467
1 673.715 673.715 66676.6
7 1005.02 1005.02 67038.7
4 2039.88 8159.53 68309.6
0 5833.08 5833.08 71931.8
1 2625.62 10502.5 68604.1
5 2094.36 8377.45 68395.8
3 1953.85 7815.39 68096.2
9 1734.5 1734.5 68132.6
1 5710.84 5710.84 72159.9
2 4627.64 4627.64 71121.8
7 3412.14 13648.5 69901.1
0 1660.06 6640.23 68021.1
6 317.346 1269.39 67132.9
9 3558.06 14232.2 70185.5
0 3141.5 12566 69970.3
8 411.658 7646.63 70245.2
5 5764.71 5764.71 72792.2
4 7484.1 7484.1 74503.2
2 1338.51 5354.06 68541.7
8 7659.68 7659.68 75143.8
5 2904.69 2904.69 70509.3
4 2733.22 10932.9 70395.6
5 9158.84 9158.84 77158.4
0 7528.08 7528.08 75376.3
8 4179.51 4179.51 72422.3
3 1623.12 6492.48 70117.6
6 947.264 3789.06 69422.1
1 1578.5 7813.99 70152.9
4 7464.4 7464.4 76329.6
1 6912.52 6912.52 75805.6
2 6287.9 6287.9 75611.5
8 7625.86 7625.86 76896.2
6 4254.48 4254.48 73602.3
7 1909.87 7639.48 71488.6
0 7556.61 7556.61 77572.1
6 1259.26 5037.04 71172.4
3 7163.15 7163.15 77905.5
9 1415.63 5662.52 72163.7
1 6852.32 6852.32 77959.2
4 1479.63 5918.53 72317.8
4 6967.9 6967.9 78126.2
6 4824.37 4824.37 76601
2 6419.42 6419.42 77943.3
3 1679.46 8217.84 72864.7
9 2411.45 11145.8 73999.2
5 2798.25 11193 74759.9
0 2368.3 9473.19 73847.9
2 1743.48 6973.92 73467.7
8 7377.05 7377.05 79228.1
1 2112.95 2112.95 73973.3
4 7625.98 7625.98 80132.1
9 3304.76 13219 76033.9
0 7296.61 7296.61 79965.4
3 2481.94 9927.76 75087
9 5790.3 5790.3 78338
8 8407.23 8407.23 81058.4
7 2735.37 10941.5 75817.3
2 6889.54 6889.54 79691.8
66
2 290.669 290.669 66064.8
4 238.928 238.928 66198
3 184.024 184.024 66222.7
5 225.508 225.508 66300
9 508.22 508.22 66417.6
1 627.799 627.799 66698.5
9 2167.96 2167.96 68232.3
0 542.908 2171.63 66687
1 2375.71 2375.71 68679.6
1 4544.69 6044.69 70627.5
0 4609.03 4609.03 70989.4
2 1789.99 7159.94 68439.7
9 6643.54 6643.54 72937.4
4 6170.91 6170.91 72709.3
7 1827.36 7309.42 68311.9
7 4058.36 4058.36 71346.8
6 164.005 164.005 67220.4
8 1265.98 5063.91 68397.3
3 5488.66 5488.66 72578.6
3 1139.67 4558.66 68164.2
0 5864.97 5864.97 72972.2
2 2975.74 2975.74 70225.7
1 10820.3 10820.3 78354.2
5 595.385 3881.54 68113.3
4 583.626 2334.5 68244.6
4 2368.87 9475.48 70293.1
0 671.649 2686.6 68582.9
5 9747.89 9747.89 78201.8
2 6351.69 6351.69 74670
5 1908.25 7632.99 70656.1
9 1192.25 6269.01 69804.2
3 1345.52 5382.09 70365.4
6 2093.05 2093.05 71440.9
9 1812.94 7251.77 71391.7
6 6178.04 6178.04 76193.6
8 297.608 1190.43 70210.8
9 8668.56 8668.56 79410.9
1 1687.61 6750.45 72435.7
7 5377.64 5377.64 76484.5
2 1354.74 5418.94 72192.9
0 5797.85 5797.85 76758.4
3 8458.19 8458.19 79781.3
1 8559.37 8559.37 79894.5
2 6731.63 6731.63 78108.6
4 6930.07 6930.07 78447.6
0 3013.1 12052.4 74944.6
6 6935.14 6935.14 79116.7
1 2618.79 10475.1 74245.9
6 2614.57 10458.3 74336.2
9 2856.97 11427.9 74981.3
5 8667.03 8667.03 80632.9
4 2693.44 10773.7 74677.6
1 4141.77 18067.1 76264.4
9 9114.29 9114.29 81247.7
5 1002.05 5508.22 73786
7 1228.46 4913.82 73596
0 6932.78 6932.78 79363.3
9 4994.03 19976.1 77426.8
3 4328.6 5828.6 76982.5
2 3804.98 15219.9 76548.7
8 1422.55 5690.22 74031.5
5 3361.22 13444.9 75966
3 1816.45 7265.79 74614.2
3 8895.16 8895.16 81761.6
1 8963.55 8963.55 81828.4
4 3758.07 15032.3 76630.5
55
4 231.386 231.386 66044.5
3 132.604 530.416 65941.9
2 250.838 1003.35 66277.7
5 299.855 1199.42 66175.9
9 212.23 848.919 66148.4
0 556.263 2225.05 66467
1 673.715 673.715 66676.6
7 1005.02 1005.02 67038.7
4 2039.88 8159.53 68309.6
4 4613.46 4613.46 70712.2
1 2625.62 10502.5 68604.1
5 2094.36 8377.45 68395.8
3 1953.85 7815.39 68096.2
9 1734.5 1734.5 68132.6
3 4078.21 4078.21 70527.3
2 4627.64 4627.64 71121.8
7 3412.14 13648.5 69901.1
0 1660.06 6640.23 68021.1
6 317.346 1269.39 67132.9
9 3558.06 14232.2 70185.5
0 3141.5 12566 69970.3
8 411.658 7646.63 70245.2
1 3393.64 3393.64 70421.2
8 5194.47 5194.47 72213.5
2 1338.51 5354.06 68541.7
2 6155.71 6155.71 73631.9
5 2432.22 3932.22 70732.9
6 3476.54 3476.54 72824.4
7 1909.87 7639.48 71488.6
4 5289.68 5289.68 75305.2
6 481.32 1925.28 70394.5
3 5487 5487 76229.4
9 1415.63 5662.52 72163.7
5 2147.78 2147.78 73254.7
0 1496.49 5985.96 72334.7
7 2209.55 10338.2 73242.3
2 4344.6 4344.6 75481.4
1 1099.95 5899.81 72383
8 5119.97 5119.97 76171.5
2 5978.64 5978.64 77246.7
4 1660.32 6641.27 73240.2
8 2704.74 10819 74243.9
4 6258.7 6258.7 77844.8
3 754.76 3019.04 72468
8 6024.91 6024.91 77744.3
9 2207.61 8830.46 74151.8
0 6543.69 6543.69 78556.5
7 3137.07 12548.3 75357.3
5 4257.81 4257.81 76479.4
2 7446.65 7446.65 79689.3
3 5648.43 7148.43 78037.5
3 2072.08 9788.33 74245.2
1 2661.83 10647.3 75354
0 2256.86 9027.44 75165.4
9 3386.84 13547.3 76319.9
63
4 231.386 231.386 66044.5
3 132.604 530.416 65941.9
2 250.838 1003.35 66277.7
5 299.855 1199.42 66175.9
9 212.23 848.919 66148.4
0 556.263 2225.05 66467
1 673.715 673.715 66676.6
7 1005.02 1005.02 67038.7
4 2039.88 8159.53 68309.6
8 6107.98 6107.98 72206.7
1 2625.62 10502.5 68604.1
5 2094.36 8377.45 68395.8
3 1953.85 7815.39 68096.2
9 1734.5 1734.5 68132.6
3 4078.21 4078.21 70527.3
5 3823.5 5323.5 70317.6
7 3412.14 13648.5 69901.1
0 1660.06 6640.23 68021.1
6 317.346 1269.39 67132.9
9 3558.06 14232.2 70185.5
0 3141.5 12566 69970.3
8 411.658 7646.63 70245.2
3 5439.61 5439.61 72467.1
4 5858.82 5858.82 72877.9
2 1338.51 5354.06 68541.7
8 6461.66 6461.66 74208.2
4 2313.16 9252.63 70312.5
1 6872.17 6872.17 74884.9
3 6258.25 6258.25 74281.4
6 2008.61 2008.61 70938.1
0 3385.87 13543.5 71992
1 1866.41 8965.65 70319.3
2 5075.09 5075.09 74153.2
6 4091.15 4091.15 73110.4
7 2224.67 8898.67 71420.2
2 1544.28 6177.12 71311.5
4 4842.25 4842.25 74864
3 6384.61 6384.61 76107.9
9 6049.95 6049.95 75960.6
9 2224.92 8899.69 72106.3
0 5655.2 5655.2 76079.3
6 5597 5597 75891.7
5 2166.37 8665.46 72878.4
1 1948.33 7793.33 72295.1
2 5720.05 5720.05 76306.4
4 6041.45 6041.45 76716.9
8 5308.86 5308.86 76090.4
6 7038.69 7038.69 78294.2
8 7211.18 7211.18 78397.2
4 7754.72 7754.72 79165.3
9 7277.15 8777.15 78581.6
8 8677.18 8677.18 80207.2
7 1695.6 6782.41 73444.3
1 5837.76 5837.76 77462.5
6 8981.06 8981.06 80754.8
9 2139.84 8559.38 73979.3
3 5871.85 5871.85 77917.8
5 6337.94 7837.94 78486.9
5 2593.27 4093.27 75341.4
2 8562.29 8562.29 80884.2
4 8496.07 8496.07 81092.7
7 2771.31 11085.3 75793.6
0 7085.33 7085.33 80138.7
59
2 289.286 1157.14 66050
3 128.83 515.322 65929.7
5 305.807 305.807 66156.2
4 228.495 228.495 66270.2
0 562.309 562.309 66618.5
9 303.073 2712.29 66364.6
7 596.818 2387.27 67094
6 265.698 265.698 66605.1
1 649.338 2597.35 67163.2
2 1553.69 6214.77 67959.1
3 1257.13 5028.51 67728.6
0 4164.07 4164.07 70796.1
4 1696.77 6787.08 68246.5
8 738.832 738.832 67151.9
5 1424.19 5696.75 68038.4
2 5824.36 5824.36 72937.1
9 1197.06 4788.25 68147.8
0 1009.33 4037.32 68399.8
6 916.498 916.498 68001.9
0 5310.86 5310.86 72757
4 6128.39 6128.39 73612.5
7 3608.06 3608.06 71212.7
1 1455.8 7323.18 69118.1
5 3908.16 3908.16 71907.7
0 6437.18 6437.18 74285.4
2 1742.66 1742.66 69985.5
3 1670.02 6680.09 70164.5
8 416.765 1667.06 68891.6
4 1220.89 4883.58 69795.3
2 6373.41 6373.41 75238.7
9 3852.01 3852.01 72745.1
4 6534.01 6534.01 75857.7
0 6767.42 6767.42 76037.8
6 653.709 653.709 70007.3
5 719.327 2877.31 69966.6
3 5616.37 5616.37 75142.6
9 661.697 2646.79 70170.6
1 1516.64 7566.57 71530.6
2 7302.47 7302.47 77465.8
0 8104.58 8104.58 78465.9
4 1382.97 5531.89 71539
1 3233.47 3233.47 74297.7
5 6722.38 8222.38 78172.8
4 7517.15 7517.15 78772.6
3 6516.83 8016.83 77702.8
2 9014.51 9014.51 80425.1
9 6565.56 8065.56 77870.1
0 8933.4 8933.4 80463.4
3 1410.61 5642.46 73159.3
7 3737.15 3737.15 75361.9
1 6235.15 7735.15 78008.9
7 1246.2 4984.81 73085.7
9 3520.38 3520.38 75566.4
7 5643.54 7143.54 77792.5
6 2352.84 2352.84 75100.9
4 8407.82 8407.82 80729.8
1 7960.42 9460.42 80557.1
5 1234.69 4938.75 74257
6 4624.33 4624.33 77677.7
73
3 141.2 141.2 65916.7
4 291.339 1165.36 66233.7
2 153.595 153.595 66287
6 396.645 396.645 66268.5
9 283.324 283.324 66269.2
0 413.31 413.31 66625.6
5 282.45 282.45 66297.7
8 711.322 711.322 66424.5
1 643.599 643.599 66702.4
3 3975.18 3975.18 70056.9
3 1894.07 7576.28 68039.5
1 2655.2 2655.2 68768
4 4012.34 4012.34 70220.7
7 1298.22 1298.22 67643.7
6 2029.4 2029.4 68429.9
9 4091.7 4091.7 70472.8
5 4222.78 4222.78 70458.3
4 1878.61 7514.42 68189.5
2 1440.14 5760.55 67813.3
3 7445.86 7445.86 73810.7
4 5583.9 5583.9 72177.8
1 3905.71 3905.71 70953
8 1457.71 1457.71 68542.8
0 12143.2 12143.2 79269.4
9 1067.93 5771.7 68304.6
5 974.348 3897.39 68441
0 1550.05 6200.2 68932.9
5 9987.11 9987.11 77399.9
4 11662.2 11662.2 79138.3
2 1821.72 1821.72 70122.4
5 2406.35 3906.35 71814.4
6 1134.87 1134.87 71161.6
7 1645.61 1645.61 71867.2
0 3832.23 3832.23 73962.6
2 9984.07 9984.07 80113.5
7 3870.55 3870.55 74341.9
9 8273.9 8273.9 78475
0 1025.27 4101.08 71739.9
3 1605.23 6420.9 71995.8
8 1039.07 4156.29 71946.2
8 9902.38 9902.38 80672.8
9 1461.86 7347.46 72734.4
3 9440.2 9440.2 80374.4
1 2216.03 8864.1 73428.4
4 2816.91 11267.6 73982
1 7813.58 7813.58 79013.3
9 9102.13 9102.13 80305.3
5 8034.09 8034.09 79371.4
4 9621.11 9621.11 80889.6
9 3690.99 16263.9 74829.2
2 756.28 3025.12 72316.9
6 1973.06 1973.06 73654.6
4 4396.83 17587.3 75803.7
2 7051.36 28205.5 78342.7
9 5211 22344 76666.8
2 10915.9 10915.9 82396.4
4 6058.86 24235.4 77606
8 10838.6 10838.6 82644.3
3 6308.84 26735.4 78282.1
5 1879.69 9018.74 74094.2
0 9737.35 9737.35 81641.7
1 8985.66 8985.66 81019.8
5 9528.8 9528.8 81326.2
4 11050.2 11050.2 82976.7
2 3606.95 3606.95 75812.5
0 4710.79 18843.2 76855.4
8 6234.83 24939.3 78744.8
0 11170.2 11170.2 83600.8
1 3185.56 14242.2 76199.2
8 4231.37 16925.5 76608.9
8 1893.94 1893.94 74502.7
3 2905.41 11621.6 75925.6
3 9663.35 11163.4 82425.2
59
3 141.2 141.2 65916.7
4 291.339 1165.36 66233.7
2 153.595 153.595 66287
6 396.645 396.645 66268.5
9 283.324 283.324 66269.2
0 413.31 413.31 66625.6
5 282.45 282.45 66297.7
8 711.322 711.322 66424.5
1 643.599 643.599 66702.4
3 3975.18 3975.18 70056.9
3 1894.07 7576.28 68039.5
1 2655.2 2655.2 68768
4 4012.34 4012.34 70220.7
7 1298.22 1298.22 67643.7
6 2029.4 2029.4 68429.9
5 4228.04 4228.04 70609.1
1 4549.85 4549.85 70785.4
4 1878.61 7514.42 68189.5
2 1440.14 5760.55 67813.3
1 6282.17 6282.17 72647
0 3858.89 3858.89 70452.8
7 4983.01 4983.01 72030.3
8 1457.71 1457.71 68542.8
4 5138.92 5138.92 72265.1
9 1067.93 5771.7 68304.6
5 974.348 3897.39 68441
0 1550.05 6200.2 68932.9
7 8524.95 8524.95 75937.8
0 4508.98 4508.98 71985.1
2 1821.72 1821.72 70122.4
9 1058.83 4235.33 70254.4
6 895.148 3580.59 70662.4
2 3612.96 3612.96 73634.7
3 6440.49 6440.49 76163.7
5 6414.09 6414.09 76324.7
9 2136.07 8544.28 72017.5
8 545.84 545.84 70969.9
0 3488.63 3488.63 73783.3
3 2123.68 8494.71 72835.7
5 2238.15 8952.6 72584.9
6 2014.71 2014.71 72601.1
2 4812.16 4812.16 75487.6
4 3781.78 3781.78 74563.4
0 4930.32 4930.32 76185.8
4 5684.11 5684.11 76870.1
2 6525.43 6525.43 77936
0 6878.55 6878.55 78183.1
4 7150.1 7150.1 78680.1
9 2768.58 11074.3 74517.3
9 4620.09 4620.09 76244.9
0 8373.77 8373.77 80147.5
5 2503.98 10015.9 74343.5
1 5257 5257 77303
2 7712.87 7712.87 79861.8
7 6180.49 7680.49 78928.6
4 7878.04 7878.04 80200
2 9186.46 9186.46 81783.1
1 1973.94 7895.77 74996.3
6 7413.49 7413.49 80466.9
80
3 141.2 141.2 65916.7
4 291.339 1165.36 66233.7
2 153.595 153.595 66287
6 396.645 396.645 66268.5
9 283.324 283.324 66269.2
0 413.31 413.31 66625.6
5 282.45 282.45 66297.7
8 711.322 711.322 66424.5
1 643.599 643.599 66702.4
5 4376.63 4376.63 70458.3
3 1894.07 7576.28 68039.5
9 4257.44 4257.44 70370.3
8 12555.2 12555.2 78763.6
7 1298.22 1298.22 67643.7
6 2029.4 2029.4 68429.9
1 4895.72 4895.72 71276.8
5 6240.13 6240.13 72475.7
4 1878.61 7514.42 68189.5
2 1440.14 5760.55 67813.3
1 6239.59 6239.59 72604.4
2 12748.2 12748.2 79342.1
7 6355.94 6355.94 73403.2
8 1457.71 1457.71 68542.8
0 13671.5 13671.5 80797.7
9 1067.93 5771.7 68304.6
5 974.348 3897.39 68441
0 1550.05 6200.2 68932.9
5 9685.48 9685.48 77098.3
2 2003.16 8012.63 69521.1
1 1087.97 5851.88 68749
0 2763.42 11053.7 70687.7
4 2174.14 8696.56 70085.4
1 9674.68 9674.68 78128.6
8 12432.5 12432.5 80750.8
7 2177.2 8708.8 70925.1
2 3019.82 12079.3 71631.7
3 1536.46 6145.84 70556.3
6 7113.25 7113.25 76521.3
6 1134.87 1134.87 71161.6
7 5500.18 5500.18 75721.8
4 4449.27 4449.27 74579.6
0 8254.26 8254.26 78383.7
7 7725.12 7725.12 78196.5
5 8705.36 8705.36 78906.4
4 1642.31 6569.25 72356.9
9 1918.63 7674.54 72309.2
8 1039.07 4156.29 71946.2
2 10370.6 10370.6 81141.1
0 1940.25 7760.99 73212.8
9 8595.54 8595.54 79529.8
3 1892.14 7568.56 73104.5
2 2270.8 9083.19 73435.9
1 9244.99 9244.99 80444.7
3 9689.94 9689.94 80893.1
5 9540.59 9540.59 80877.9
8 11233.6 11233.6 82502.1
9 2727.37 12409.5 73865.5
6 1906.22 7624.87 73466.9
6 7939.83 7939.83 79621.3
2 3850.72 15402.9 75257.6
1 3239.5 14458 74530.8
9 4247.38 18489.5 75703.2
0 11257 11257 82737.5
1 4786 20644 76333.2
2 11306.8 11306.8 83112.6
5 2858.9 12935.6 74832.1
0 3278.14 13112.6 75492.7
4 7247.9 7247.9 79152.2
9 9502.15 9502.15 81536.3
1 10156 10156 81953.4
4 11725.8 11725.8 83652.3
4 5084.06 5084.06 77289.6
9 5299.93 22699.7 77444.6
2 4875.06 19500.2 77385
4 8680.78 8680.78 81111.3
3 5076.07 21804.3 78089.7
8 4231.37 16925.5 76608.9
8 1893.94 1893.94 74502.7
3 2298.73 9194.93 75318.9
3 9914.82 11414.8 82676.7
71
4 231.386 231.386 66044.5
3 132.604 530.416 65941.9
2 250.838 1003.35 66277.7
5 299.855 1199.42 66175.9
9 212.23 848.919 66148.4
0 556.263 2225.05 66467
1 673.715 673.715 66676.6
7 1005.02 1005.02 67038.7
4 2039.88 8159.53 68309.6
0 5833.08 5833.08 71931.8
1 2625.62 10502.5 68604.1
5 2094.36 8377.45 68395.8
3 1953.85 7815.39 68096.2
9 1734.5 1734.5 68132.6
7 5459.06 5459.06 71908.2
2 4627.64 4627.64 71121.8
7 3412.14 13648.5 69901.1
0 1660.06 6640.23 68021.1
6 317.346 1269.39 67132.9
9 3558.06 14232.2 70185.5
0 3141.5 12566 69970.3
8 411.658 7646.63 70245.2
9 5097.81 5097.81 72125.3
4 4956.62 4956.62 71975.7
2 1338.51 5354.06 68541.7
4 8406.04 8406.04 75890.2
5 2904.69 2904.69 70509.3
4 2733.22 10932.9 70395.6
5 9486.96 9486.96 77486.5
0 8984.38 8984.38 76832.6
6 9394.17 9394.17 77637
3 1623.12 6492.48 70117.6
6 947.264 3789.06 69422.1
1 1578.5 7813.99 70152.9
4 8851.43 8851.43 77716.7
1 8258.6 8258.6 77151.7
2 6377.07 6377.07 75700.7
0 9314.62 9314.62 78585
2 8207.12 8207.12 77615.1
8 4239.56 4239.56 74266.3
3 5735.6 5735.6 75957.2
8 7055.9 7055.9 77186.2
4 9358.04 9358.04 79487.5
7 6845.83 6845.83 77317.2
9 8125.78 8125.78 78326.9
6 1929.01 7716.05 72643.6
1 1325.44 5301.78 71716
3 1953.24 9312.96 72860.4
6 9795.62 9795.62 80566.1
5 1761.91 8547.64 73034.5
3 8141.23 8141.23 79075.4
0 2540.6 10162.4 73573.4
0 9770.73 9770.73 80907.5
4 2654.48 10617.9 73937.5
2 10499 10499 81550.5
2 8195.23 8195.23 79463.3
2 1827.59 7310.35 73407.4
9 2616.54 11966.2 74155.7
4 9917.6 9917.6 81503.7
1 1799.28 7197.13 73512.6
6 10419.5 10419.5 82138.9
5 3501.27 14005.1 75445.4
0 10714.3 10714.3 82727.1
1 3099.2 12396.8 75319.4
5 7349.01 7349.01 79570.6
2 11285 11285 83527.6
4 11425.3 11425.3 83814.4
0 2740.49 10961.9 74913.6
7 2186.98 8747.9 74879.1
6 2172.22 8688.86 75080.8
9 3390.81 13563.2 76323.9
63
3 141.2 141.2 65916.7
4 291.339 1165.36 66233.7
2 153.595 153.595 66287
6 396.645 396.645 66268.5
9 283.324 283.324 66269.2
0 413.31 413.31 66625.6
5 282.45 282.45 66297.7
8 711.322 711.322 66424.5
1 643.599 643.599 66702.4
5 4376.63 4376.63 70458.3
3 1894.07 7576.28 68039.5
9 4257.44 4257.44 70370.3
4 6387.05 6387.05 72595.4
7 1298.22 1298.22 67643.7
6 2029.4 2029.4 68429.9
5 6245.39 6245.39 72626.5
1 6383.29 6383.29 72618.8
4 1878.61 7514.42 68189.5
2 1440.14 5760.55 67813.3
7 9383.96 9383.96 75748.8
2 8134.23 8134.23 74728.2
3 5987.19 5987.19 73034.5
8 1457.71 1457.71 68542.8
4 9344.6 9344.6 76470.8
9 1067.93 5771.7 68304.6
5 974.348 3897.39 68441
0 1550.05 6200.2 68932.9
9 8568.76 8568.76 75981.6
2 2003.16 8012.63 69521.1
1 1087.97 5851.88 68749
0 2763.42 11053.7 70687.7
4 2174.14 8696.56 70085.4
1 8191.24 8191.24 76645.1
2 8218.49 8218.49 76536.8
7 2177.2 8708.8 70925.1
2 3019.82 12079.3 71631.7
3 1536.46 6145.84 70556.3
6 2270.78 2270.78 71618.6
1 1298.56 5194.23 70877.3
0 4822.21 4822.21 74837.7
8 1046.94 4187.75 70960.1
7 6990.54 6990.54 77732.9
9 1600.38 6401.52 72348.5
5 6189.55 6189.55 77296.4
0 1810.35 7241.4 72648.5
0 6452.98 6452.98 77611.3
8 2140.79 2140.79 73917.5
2 7410.17 7410.17 78934
2 2023.01 8092.04 73208.3
9 2596.2 11884.8 74183.9
7 1925.52 7702.1 73887.2
4 3031.89 12127.6 74511.5
1 2685.08 12240.3 74409.3
4 6611.57 6611.57 78462.6
3 5624.87 5624.87 77485.2
0 7111.06 7111.06 79617.1
3 3283.36 13133.4 76012.5
4 7828.04 7828.04 80496.9
5 2537.74 10150.9 75142.8
9 5261.26 5261.26 77808.9
0 8915.43 8915.43 81566.6
6 1444.68 11778.7 74526.7
2 7880.29 7880.29 80682.5
67
3 141.2 141.2 65916.7
4 291.339 1165.36 66233.7
2 153.595 153.595 66287
6 396.645 396.645 66268.5
9 283.324 283.324 66269.2
0 413.31 413.31 66625.6
5 282.45 282.45 66297.7
8 711.322 711.322 66424.5
1 643.599 643.599 66702.4
5 4376.63 4376.63 70458.3
3 1894.07 7576.28 68039.5
9 4257.44 4257.44 70370.3
2 10560.3 10560.3 76768.7
7 1298.22 1298.22 67643.7
6 2029.4 2029.4 68429.9
1 4895.72 4895.72 71276.8
5 10038.3 10038.3 76273.8
4 1878.61 7514.42 68189.5
2 1440.14 5760.55 67813.3
1 10435.1 10435.1 76799.9
0 9740.3 9740.3 76334.2
7 10503.5 10503.5 77550.8
8 1457.71 1457.71 68542.8
0 11167.4 11167.4 78293.6
9 1067.93 5771.7 68304.6
5 974.348 3897.39 68441
0 1550.05 6200.2 68932.9
9 11025.1 11025.1 78437.9
2 2003.16 8012.63 69521.1
1 1087.97 5851.88 68749
0 2763.42 11053.7 70687.7
4 2174.14 8696.56 70085.4
5 10055.7 10055.7 78509.6
2 10437.5 10437.5 78755.8
7 2177.2 8708.8 70925.1
2 3019.82 12079.3 71631.7
3 1536.46 6145.84 70556.3
3 9037.15 9037.15 78626.5
4 2861.79 11447.1 73061.9
9 2872.89 12991.5 72329.6
4 5214.21 5214.21 75484.8
5 2506.9 10027.6 72434.7
3 3286.27 13145.1 73405
6 9947.51 9947.51 80093.7
9 3395.3 13581.2 74137
7 2203.57 8814.28 73009.7
1 2691.88 12267.5 74006.5
6 5462.81 5462.81 77018.3
0 1911.61 7646.44 72978.9
0 9076.01 9076.01 80234.3
6 793.081 793.081 72569.8
4 7022.01 7022.01 78545.9
2 2023.01 8092.04 73208.3
0 3226.62 12906.5 74814.4
7 3549.41 14197.6 75511.1
2 3257.86 13031.4 74737.4
5 2692.46 12269.8 74416.7
2 8758.86 8758.86 80609.9
1 6752.93 6752.93 78613.3
6 9593.51 9593.51 82099.6
9 3442.57 13770.3 76171.7
0 9599.74 9599.74 82268.6
3 3566.71 14266.8 76171.8
9 7717.56 7717.56 80265.2
2 9789.03 9789.03 82440.2
8 532.635 8130.54 73614.6
4 7492.13 7492.13 80294.4
65
3 141.2 141.2 65916.7
4 291.339 1165.36 66233.7
2 153.595 153.595 66287
6 396.645 396.645 66268.5
9 283.324 283.324 66269.2
0 413.31 413.31 66625.6
5 282.45 282.45 66297.7
8 711.322 711.322 66424.5
1 643.599 643.599 66702.4
3 3975.18 3975.18 70056.9
3 1894.07 7576.28 68039.5
1 2655.2 2655.2 68768
0 4755.82 4755.82 70964.2
7 1298.22 1298.22 67643.7
6 2029.4 2029.4 68429.9
9 4091.7 4091.7 70472.8
5 4222.78 4222.78 70458.3
4 1878.61 7514.42 68189.5
2 1440.14 5760.55 67813.3
1 6195.79 6195.79 72560.6
0 9380.87 9380.87 75974.8
3 5194.55 5194.55 72241.8
8 1457.71 1457.71 68542.8
2 10613.1 10613.1 77739.3
9 1067.93 5771.7 68304.6
5 974.348 3897.39 68441
0 1550.05 6200.2 68932.9
7 9658.26 9658.26 77071.1
5 4619.81 4619.81 72315.3
2 2402.34 2402.34 69993.6
4 9604.68 9604.68 77361
0 9691.73 9691.73 77518.6
6 3135.06 3135.06 71751
2 10938.7 10938.7 79825.7
4 10540.6 10540.6 79178.1
0 10551.1 10551.1 79449
4 1370.61 5482.46 70299.9
7 5137.22 5137.22 74299.6
7 703.219 4312.88 69828.5
2 2965.15 2965.15 72313
1 1166.95 4667.82 70745.7
4 4837.92 4837.92 74853.4
8 1046.94 4187.75 70960.1
1 6498.38 6498.38 77240.7
9 1702.89 6811.56 72451
3 3856.73 3856.73 74963.6
4 1826.05 7304.21 72664.2
4 9816.38 9816.38 80974.6
8 2140.79 2140.79 73917.5
1 8439.39 9939.39 79963.3
0 1740.5 6962 72925.8
9 2698.71 12294.9 74286.5
1 2960.88 11843.5 74922.5
0 2975.35 11901.4 74454.9
5 2381.56 11026.2 74105.8
0 9929.84 9929.84 81780.9
9 5933.53 5933.53 77793.9
3 8784.98 10285 81291.1
9 3592.02 14368.1 76321.2
2 10112.9 10112.9 82781.7
5 3476.81 13907.2 76081.9
3 5746.68 5746.68 78294.4
4 10153.8 10153.8 82805
6 811.228 9244.91 73893.2
2 2010.85 2010.85 74813.1
84
3 141.2 141.2 65916.7
4 291.339 1165.36 66233.7
2 153.595 153.595 66287
6 396.645 396.645 66268.5
9 283.324 283.324 66269.2
0 413.31 413.31 66625.6
5 282.45 282.45 66297.7
8 711.322 711.322 66424.5
1 643.599 643.599 66702.4
9 4240.29 4240.29 70322
3 1894.07 7576.28 68039.5
3 3992.33 3992.33 70105.2
4 5561.09 5561.09 71769.5
7 1298.22 1298.22 67643.7
6 2029.4 2029.4 68429.9
5 4228.04 4228.04 70609.1
1 4163.3 4163.3 70398.8
4 1878.61 7514.42 68189.5
2 1440.14 5760.55 67813.3
9 11225.7 11225.7 77590.5
0 5378.04 5378.04 71972
1 5391.3 5391.3 72438.6
8 1457.71 1457.71 68542.8
4 10085 10085 77211.2
9 1067.93 5771.7 68304.6
5 974.348 3897.39 68441
0 1550.05 6200.2 68932.9
1 11176.5 11176.5 78589.3
0 10231.9 10231.9 77716.1
1 6857.19 6857.19 74461.8
1 995.006 5480.03 68657.3
9 11632 11632 79631.6
8 11215.7 11215.7 79063.9
2 1596.81 1596.81 69839.7
7 1655.21 6620.85 70149.6
6 2244.33 8977.33 70719.2
4 1163.85 4655.38 69738.2
4 10310 10310 79175.2
7 8822.44 8822.44 77715.5
6 7964.06 7964.06 77287.7
0 10198.1 10198.1 79468.5
0 1256.52 11026.1 70452.1
8 1008 4032 70775.2
8 11028.3 11028.3 81050
3 10526.8 10526.8 80250.1
5 9519.16 9519.16 79429.8
3 2144.56 8578.24 72026
8 2677.3 2677.3 73101.4
2 10574.4 10574.4 80869.1
7 1660.48 6641.9 72372.5
9 1951 7803.99 72297.8
2 3980.23 3980.23 74566.6
4 10251 10251 80926.5
2 8326.12 8326.12 79107.7
3 2806.38 11225.5 74018.8
4 2546.14 10184.6 73711.2
9 10421.6 10421.6 81621.3
3 10877.2 10877.2 82080.4
1 9223.43 9223.43 80560.8
2 11453.5 11453.5 82722
5 1405.22 7120.87 72543.4
2 852.721 3410.88 72413.4
7 2773.89 4273.89 74455.4
0 2386.84 9547.35 73793.7
4 3960.54 15842.2 75251.9
9 2679.61 12218.4 74135.4
0 10270.9 10270.9 81751.4
5 2798.55 12694.2 74345.7
4 11296.3 11296.3 83102
0 3669.28 14677.1 75642.5
6 2093.55 8374.19 74308.1
6 7246.02 7246.02 79150.3
1 10514.9 10514.9 82549.1
5 9679.82 9679.82 81477.2
8 11210.7 11210.7 83137.2
6 8929.85 8929.85 81135.4
1 4178.47 18213.9 76323.1
9 3752.92 16511.7 76262.9
6 10663.9 10663.9 83094.5
5 3956.06 17324.2 76969.7
3 3456.02 15324.1 75833.5
8 3757.14 3757.14 76365.9
3 4928.27 19713.1 77948.5
0 10539.3 10539.3 83301.1
66
4 231.386 231.386 66044.5
3 132.604 530.416 65941.9
2 250.838 1003.35 66277.7
5 299.855 1199.42 66175.9
9 212.23 848.919 66148.4
0 556.263 2225.05 66467
1 673.715 673.715 66676.6
7 1005.02 1005.02 67038.7
4 2039.88 8159.53 68309.6
4 4613.46 4613.46 70712.2
1 2625.62 10502.5 68604.1
5 2094.36 8377.45 68395.8
3 1953.85 7815.39 68096.2
9 1734.5 1734.5 68132.6
3 4078.21 4078.21 70527.3
2 4627.64 4627.64 71121.8
7 3412.14 13648.5 69901.1
0 1660.06 6640.23 68021.1
6 317.346 1269.39 67132.9
9 3558.06 14232.2 70185.5
0 3141.5 12566 69970.3
8 411.658 7646.63 70245.2
1 3393.64 3393.64 70421.2
8 5194.47 5194.47 72213.5
2 1338.51 5354.06 68541.7
4 5188.72 5188.72 72664.9
0 6196.28 6196.28 74497
0 7445.1 7445.1 76853.1
6 96.2858 96.2858 70123
5 651.319 651.319 70872.9
6 7421.27 7421.27 77551.6
4 7546.72 7546.72 77676.2
9 2447.52 2447.52 72918.9
5 6243.59 6243.59 76444.7
0 1988.99 7955.94 72703.6
7 1073.66 4294.66 71464.2
6 1438.14 5752.58 72345.3
2 7131.84 7131.84 77902.3
1 1212.89 6351.58 72485.5
1 6117.19 6117.19 77051.4
8 7323.42 7323.42 78284
9 6492.15 6492.15 77815.2
7 6087.23 6087.23 77422.4
2 8278.19 8278.19 79655.2
0 7646.42 7646.42 79164
7 1505.13 7520.51 73436.6
4 8337.8 8337.8 80519.4
3 895.137 3580.55 72522.2
2 1805.73 7222.91 73527.4
3 2441.83 9767.31 74566.1
5 6480.23 6480.23 78446.1
8 2220.91 8883.65 74205.1
2 3851.58 15406.3 75974.3
3 6551.65 6551.65 78685
4 2591.02 10364.1 75375
5 732.423 2929.69 73099.9
8 8458.35 8458.35 80888.9
7 3449.35 13797.4 75882.1
0 8711.35 8711.35 81365.2
8 3726.47 14905.9 76470.1
6 1590.21 6360.84 74199.1
9 2904.74 11619 75509.5
1 1723.36 6893.43 74521.2
1 6165.28 6165.28 79031.7
7 6491.41 6491.41 79356.3
3 3975.84 17403.4 76848.3
66
2 289.286 1157.14 66050
3 128.83 515.322 65929.7
5 305.807 305.807 66156.2
4 228.495 228.495 66270.2
0 562.309 562.309 66618.5
9 303.073 2712.29 66364.6
7 596.818 2387.27 67094
6 265.698 265.698 66605.1
1 649.338 2597.35 67163.2
2 1553.69 6214.77 67959.1
3 1257.13 5028.51 67728.6
0 4164.07 4164.07 70796.1
4 1696.77 6787.08 68246.5
8 738.832 738.832 67151.9
5 1424.19 5696.75 68038.4
4 4446.19 4446.19 71558.9
9 1197.06 4788.25 68147.8
0 1009.33 4037.32 68399.8
6 916.498 916.498 68001.9
2 9252.17 9252.17 76698.3
2 5222.83 5222.83 72707
7 3608.06 3608.06 71212.7
1 1455.8 7323.18 69118.1
9 2546.72 2546.72 70546.3
0 7993.61 7993.61 75841.8
2 1742.66 1742.66 69985.5
3 1670.02 6680.09 70164.5
8 416.765 1667.06 68891.6
4 1220.89 4883.58 69795.3
0 8803.05 8803.05 77668.3
3 3845.84 3845.84 72738.9
4 8592.59 8592.59 77916.2
2 9180.33 9180.33 78450.7
5 792.653 3170.61 69988.2
6 241.644 966.575 70008.9
0 9632.66 9632.66 79654.4
9 6750.87 6750.87 76474.1
7 7360.66 7360.66 77271.3
5 1869.89 7479.56 71751.3
8 959.5 959.5 71383.6
2 9917.38 9917.38 80212.1
1 1361.6 5446.39 72073.6
9 2175.29 8701.18 72522.1
6 1361.2 1361.2 71947.6
2 11389.6 11389.6 82065
0 10911.9 10911.9 81693.5
5 2776.82 12607.3 73809.6
4 9606.39 9606.39 80743.1
4 2693.96 10775.8 73977
3 8928.13 10428.1 79979.6
4 11240.4 11240.4 82508.5
0 1744.16 6976.66 73324
2 3198.19 12792.8 74737.4
0 12123.6 12123.6 83709.7
7 1769.93 7079.73 73483.2
3 10583.1 12083.1 82302.6
9 2565.96 10263.9 74510.1
5 8274.53 9774.53 80287.3
7 3069.85 12279.4 75290
1 5328.04 5328.04 77549.7
9 8153 9653 80395.6
2 11983.8 11983.8 84372.9
4 3144.15 12576.6 75317.3
1 2059.1 8236.4 74751.3
3 2074.74 9798.98 74983.3
5 3044.66 12178.6 75977.7
51
2 289.286 1157.14 66050
3 128.83 515.322 65929.7
5 305.807 305.807 66156.2
4 228.495 228.495 66270.2
0 562.309 562.309 66618.5
9 303.073 2712.29 66364.6
7 596.818 2387.27 67094
6 265.698 265.698 66605.1
1 649.338 2597.35 67163.2
2 1553.69 6214.77 67959.1
3 1257.13 5028.51 67728.6
4 3551.43 3551.43 70183.4
4 1696.77 6787.08 68246.5
8 738.832 738.832 67151.9
5 1424.19 5696.75 68038.4
2 3110.89 3110.89 70223.6
9 1197.06 4788.25 68147.8
0 1009.33 4037.32 68399.8
6 916.498 916.498 68001.9
0 3244.56 3244.56 70690.7
4 4659.92 4659.92 72136.1
8 1285.53 1285.53 69586.2
3 158.023 632.091 69353.6
6 241.644 966.575 70008.9
0 2655.06 2655.06 72676.8
5 304.577 304.577 70027.8
1 188.994 188.994 70099.6
9 147.496 589.984 70028.9
6 1910.95 1910.95 72335
2 1690.28 1690.28 71985
7 1175.21 4700.84 71887.3
3 540.364 2161.46 70887.1
8 1952.97 1952.97 72539.3
2 3162.45 3162.45 73837.9
4 3236.73 3236.73 74018.3
0 3823.79 3823.79 75079.3
3 3321.12 4821.12 74507.1
9 3195.51 4695.51 74606.1
2 4846.11 4846.11 76150.6
4 4795.06 4795.06 76325.1
5 317.694 1270.78 72066.4
9 549.242 549.242 72174
1 4040.19 5540.19 75814
1 190.43 761.719 72029.9
3 651.129 651.129 72697.1
0 4856.17 4856.17 77005.1
6 4832.17 4832.17 77580.3
4 5523 5523 77844.9
0 6329.75 6329.75 78926.4
5 1393.4 5573.62 74415.7
2 5878.43 5878.43 78931.8
48
3 162.574 162.574 65884.6
0 532.056 2128.22 66366.6
4 856.912 3427.65 66625.7
5 298.417 1193.67 66129.1
9 350.002 350.002 66407.1
2 310.809 310.809 66491.5
1 499.495 499.495 66446.9
3 1608.83 6435.31 68008.7
4 3144.86 3144.86 69531.4
2 3789.3 3789.3 70241.3
1 1737.63 1737.63 68246.4
5 1421.09 5684.34 67937
9 1480.73 7422.92 68272.2
5 3220.59 3220.59 69927.3
0 1607.5 6429.99 68515.8
7 823.499 823.499 67328.7
9 4314.18 4314.18 71247
7 2791.41 2791.41 69506.6
6 2799.8 2799.8 70310.7
2 1066.79 4267.15 68431.3
2 4297.45 4297.45 71773.6
8 1690.28 1690.28 69991
8 3432.39 3432.39 72785.9
1 525.692 2102.77 69773
3 465.768 465.768 69992
5 2541.41 10165.7 72050.3
0 1546.16 6184.65 71560.1
6 2782.28 2782.28 72945.6
2 3375.91 3375.91 73737.2
4 1278.42 5113.69 71434.4
7 358.777 358.777 71423
2 4534.05 4534.05 75984.5
9 4399.5 5899.5 75655
4 4540.72 4540.72 75726.7
6 6013.78 6013.78 77424.3
4 6241.21 6241.21 77545.7
2 6761.24 6761.24 78291.2
3 273.29 1093.16 72022
1 546.168 546.168 72171
4 1646.2 1646.2 73420
3 2134.62 8538.5 73974.1
5 2844.29 2844.29 74890.3
0 1472.36 1472.36 73621.3
0 3126.04 3126.04 75874.2
6 3113.58 3113.58 75435.5
0 6229.13 6229.13 78825.8
1 1497.93 5991.73 74520.2
3 3160.75 4660.75 76214.1
50
2 289.286 1157.14 66050
3 128.83 515.322 65929.7
5 305.807 305.807 66156.2
4 228.495 228.495 66270.2
0 562.309 562.309 66618.5
9 303.073 2712.29 66364.6
7 596.818 2387.27 67094
6 265.698 265.698 66605.1
1 649.338 2597.35 67163.2
2 1553.69 6214.77 67959.1
3 1257.13 5028.51 67728.6
4 3551.43 3551.43 70183.4
4 1696.77 6787.08 68246.5
8 738.832 738.832 67151.9
5 1424.19 5696.75 68038.4
0 3550.46 3550.46 70663.2
9 1197.06 4788.25 68147.8
0 1009.33 4037.32 68399.8
6 916.498 916.498 68001.9
1 3065.45 4565.45 70511.6
4 4659.92 4659.92 72136.1
8 1285.53 1285.53 69586.2
6 653.709 653.709 70007.3
3 154.089 616.358 69401.4
5 495.466 495.466 70021.7
9 661.697 2646.79 70170.6
2 363.307 1453.23 70377.3
8 2057.77 2057.77 72221.1
4 3738.39 3738.39 74099.7
3 989.095 5456.38 71145.1
7 357.911 357.911 71422.1
4 4896.52 4896.52 76347
0 3369.31 3369.31 74527.6
2 1294.32 1294.32 73071
8 3028.97 3028.97 74552.8
5 412.938 3151.75 71598.2
1 759.317 4537.27 72347.1
9 1369.02 5476.09 73330.7
0 1251.47 5005.87 72731
3 1211.36 6345.43 72935.6
0 4530.6 4530.6 76381.6
9 2943.04 2943.04 74803.4
2 4761.61 4761.61 77267.7
1 1652.62 6610.49 74381.8
1 3878.21 5378.21 76547
5 1215.42 4861.68 73820.5
3 2692 2692 75239.7
8 4705.04 4705.04 77356.2
7 482.334 1929.34 73564.3
5 3775.36 5275.36 76577.6
67
2 289.286 1157.14 66050
3 128.83 515.322 65929.7
5 305.807 305.807 66156.2
4 228.495 228.495 66270.2
0 562.309 562.309 66618.5
9 303.073 2712.29 66364.6
7 596.818 2387.27 67094
6 265.698 265.698 66605.1
1 649.338 2597.35 67163.2
2 1553.69 6214.77 67959.1
3 1257.13 5028.51 67728.6
0 4164.07 4164.07 70796.1
4 1696.77 6787.08 68246.5
8 738.832 738.832 67151.9
5 1424.19 5696.75 68038.4
4 4446.19 4446.19 71558.9
9 1197.06 4788.25 68147.8
0 1009.33 4037.32 68399.8
6 916.498 916.498 68001.9
0 5310.86 5310.86 72757
2 5222.83 5222.83 72707
9 2196.43 2196.43 69801.1
1 1455.8 7323.18 69118.1
5 2079.98 2079.98 70079.5
2 8726.28 8726.28 76574.5
2 1742.66 1742.66 69985.5
3 1670.02 6680.09 70164.5
8 416.765 1667.06 68891.6
4 1220.89 4883.58 69795.3
6 9188.03 9188.03 78053.3
3 3845.84 3845.84 72738.9
4 9253.33 9253.33 78577
2 9056.52 9056.52 78326.9
6 1083.97 1083.97 70431.8
1 1126.91 4507.65 70705.7
6 3103.03 3103.03 73118.6
7 279.418 2617.67 70192.6
5 7127.48 7127.48 77869.8
5 1309.65 5238.58 72057.7
7 2364.42 2364.42 73471.3
9 923.756 5195.02 71761.9
0 7475.59 7475.59 78436.2
3 6755.66 6755.66 78078.8
1 6856.09 6856.09 78191.2
2 8509.87 8509.87 79886.8
0 8914.59 8914.59 80432.2
4 2108.36 8433.44 74039.8
6 8543.87 8543.87 80725.4
5 2240.82 8963.28 73867.9
2 2785.1 11140.4 74506.8
3 3648.71 14594.8 75773
9 7148.35 7148.35 79114.2
0 2764.37 11057.5 74748.5
6 3966.6 15866.4 76089.3
5 7573.21 7573.21 79706.6
9 1434.33 7237.3 74218.3
1 1143.36 4573.43 73510.9
2 9552.08 9552.08 81982.6
5 3452.95 13811.8 75885.7
4 8276.83 8276.83 80930.7
4 3689.5 14758 76433.2
8 1063.69 4254.76 73672.6
1 3503.88 14015.5 76108.6
9 3366.07 13464.3 76163.9
3 7192.64 7192.64 80059.1
1 7260.27 7260.27 80125.1
0 3829 15316 76701.4
53
3 162.574 162.574 65884.6
0 532.056 2128.22 66366.6
4 856.912 3427.65 66625.7
5 298.417 1193.67 66129.1
9 350.002 350.002 66407.1
2 310.809 310.809 66491.5
1 499.495 499.495 66446.9
3 1608.83 6435.31 68008.7
2 4016.4 4016.4 70403
0 5400.53 5400.53 71852.5
1 1737.63 1737.63 68246.4
5 1421.09 5684.34 67937
9 1480.73 7422.92 68272.2
1 3529.96 3529.96 70236.7
0 1607.5 6429.99 68515.8
7 823.499 823.499 67328.7
9 4314.18 4314.18 71247
7 2791.41 2791.41 69506.6
6 2799.8 2799.8 70310.7
2 1066.79 4267.15 68431.3
4 4538.75 4538.75 72285.3
4 1432.87 5731.5 69432.3
1 4360.12 4360.12 72372.9
3 7345.49 7345.49 75368.6
8 1640.94 1640.94 70570.4
5 1072.26 5789.02 69678.4
3 981.629 5426.51 69434.5
6 3304.89 3304.89 72383
6 5536.06 5536.06 74555.3
0 5281.63 5281.63 74629.4
3 1833.45 7333.79 71412.2
8 4002.28 4002.28 74017.8
7 1343.72 6874.9 71256.9
5 5309.53 5309.53 76051.9
5 1227.06 4908.22 71975.1
9 3432.46 3432.46 74539.3
2 1929.16 7716.65 72767.3
4 2973.12 2973.12 74228.6
2 4055.73 4055.73 75241.7
2 5819.98 5819.98 77230.5
4 4921.34 4921.34 76225.8
4 6505.84 6505.84 78035.8
3 1687.58 6750.34 73436.3
3 5538.76 5538.76 77163.5
8 4496.54 4496.54 76270.3
5 1894.2 7576.81 73733.7
1 5778.27 5778.27 77824.3
6 4930.68 4930.68 77079.6
0 4317.55 4317.55 77065.7
8 6008.19 6008.19 78330.1
6 6404.27 6404.27 79000.9
1 2495.21 9980.85 75517.5
0 6589.45 6589.45 79642.8
