44
6 528.699 2028.7 66115
4 856.912 3427.65 66625.7
1 173.012 2192.05 65886.4
0 451.768 451.768 66431.6
0 286.783 1147.13 66686.7
2 1250.71 5002.85 67608.3
0 347.073 1847.07 66862
0 489.584 489.584 67016.1
6 2321.01 8321.01 69047.9
8 2652.63 8652.63 69559.1
3 2385.9 3885.9 69403.7
4 1884.23 1884.23 69305.9
5 2509.03 10036.1 70018.6
0 1032.89 1032.89 68652.2
9 246.006 1746.01 67985.2
1 1957.62 3457.62 70247.3
7 410.457 3141.83 69377.8
2 956.663 956.663 70425.6
9 491.998 1992 70162.8
8 4383.93 4383.93 73943.7
0 525.543 525.543 71075.1
6 671.24 671.24 71283.4
7 1917.41 1917.41 72327.1
8 5473.96 21895.8 75520.2
8 1059.49 1059.49 71429.9
2 4727.57 18910.3 75050.1
3 1349.16 2849.16 71705
4 238.106 952.425 71277.4
5 1770.86 3270.86 75387.2
1 2166.38 3666.38 73657.1
1 4538.81 18155.2 75844.5
9 435.451 1741.8 72024.1
2 1606.69 1606.69 73293
6 4441.05 17764.2 76172.7
9 2048.71 8194.84 73819.3
7 4439.92 5939.92 76319.2
4 3854.39 3854.39 76609.4
6 2232.28 2232.28 74367.4
3 4241.39 16965.6 76703
0 1384.65 1384.65 73817.9
3 1226.52 4906.09 73754
2 4881.35 19525.4 77202.9
0 5709.55 22838.2 78370.8
9 3435.42 13741.7 76376.2
44
6 1154.22 4616.89 66905.8
6 324.699 324.699 66343.8
0 448.876 448.876 66494.3
0 471.566 1971.57 67049.5
2 532.333 2032.33 67260.9
1 250.254 250.254 67135.7
2 542.507 542.507 67418.7
0 293.095 7172.38 67355.1
8 1622.01 6488.05 68840
0 207.869 2331.48 67492.5
1 2980.87 11923.5 70445.9
9 752.845 752.845 68157.9
0 933.806 933.806 68560
6 956.239 956.239 69052.2
2 1328.23 1328.23 69233.5
7 687.938 687.938 69063.2
4 890.59 9562.36 69609.7
3 372.057 1872.06 68985.2
5 1037.96 1037.96 69926.4
3 2087.93 8351.72 71069.8
9 843.637 843.637 70631.9
0 2115.41 2115.41 71378.1
8 5757.36 23029.5 75184.7
4 3850.33 15401.3 74069.7
6 1004.85 4019.38 71155.5
8 1206.06 1206.06 71264.3
6 6259.98 25039.9 76614.5
7 3255.2 3255.2 73951.9
2 485.861 485.861 71182.7
4 509.381 2037.52 71636.9
0 4167.3 16669.2 75382.8
2 2168.99 2168.99 73930.1
3 1539.95 1539.95 72606.1
5 851.427 851.427 72264.2
0 1726.94 6907.75 73089.8
1 844.792 844.792 72449.7
6 1667.54 1667.54 73242.1
2 4961.57 19846.3 76610.5
5 2832.18 2832.18 74181.4
9 967.57 967.57 72670.3
9 2498.94 9995.76 74666.6
1 3218.59 3218.59 75769.1
8 585.133 585.133 73618
3 1799.68 7198.71 74907.7
44
6 1232.92 4931.67 67105.6
0 282.488 1782.49 67000.3
0 542.876 542.876 67167.7
2 679.002 2716.01 67653.8
4 1505.08 6020.31 68272.6
1 1685.54 6742.14 68675.2
0 155.487 621.948 67585.3
5 1128.89 1128.89 68411.4
8 400.625 1602.5 70645.8
9 577.699 3810.79 68018.4
6 1676.72 1676.72 69564.8
0 1306.72 1306.72 69370.3
7 1211.62 2711.62 69432.6
3 921.753 3687.01 69524.5
4 2063.17 2063.17 71373.8
2 396.956 396.956 69570.1
8 5126.82 20507.3 74149.1
2 6384.03 25536.1 75924.2
9 454.738 1954.74 69971.1
8 6338.47 25353.9 75957.8
2 2067.21 8268.84 71791.3
5 770.767 770.767 70351.4
0 2236.6 2236.6 72533.9
1 777.908 3111.63 70822.7
3 1127.87 4511.47 71440.7
6 1387.6 5550.4 71510.4
1 5445.83 23283.3 76208.6
7 1692.96 1692.96 72193.1
1 2088.14 9852.55 72717.6
3 4492.3 17969.2 76124.3
9 910.493 3641.97 72216.2
7 2465.7 9862.8 74054.3
5 1532.52 3032.52 73218.9
4 4144.64 16578.5 75876.2
3 1465.3 5861.18 73235.9
8 723.215 723.215 72602.5
6 1821.39 1821.39 74576.4
4 1935.87 1935.87 74071
5 2678.52 10714.1 75140.2
0 2843.41 2843.41 75276.7
9 1737.69 6950.75 74265.2
9 4845.69 20882.8 77167.2
2 1182.58 4730.31 73843.8
7 3670.42 14681.7 76611.2
37
3 295.963 2683.85 66113.3
6 938.747 938.747 67695.2
0 425.729 425.729 67349.1
2 1242.79 1242.79 68399.7
0 191.999 767.997 67411.8
4 1257.26 5029.05 68412.6
7 631.729 4026.92 68127.2
5 308.958 1235.83 67847.3
9 861.907 2361.91 68391
8 2926.15 2926.15 70665.3
3 1957.62 3457.62 70247.3
0 410.457 1641.83 69377.8
0 514.309 514.309 70302.6
6 986.321 986.321 70249
5 829.209 4816.84 70256.6
2 618.776 2475.11 70838.2
4 454.861 1819.44 70605.5
0 415.465 1915.47 70473.7
9 1477.37 7409.48 71831.9
3 3674.93 3674.93 74371.6
0 1095.22 1095.22 71792
6 1148.65 4594.58 72276.2
4 2395.39 9581.56 73610.9
5 985.474 3941.89 72291.1
7 3419.27 13677.1 75007.9
1 1333.91 2833.91 73020.3
8 4656.45 18625.8 76388.1
1 3044.89 12179.6 74815.5
7 1387.27 2887.27 73266.6
8 853.694 853.694 73608.7
2 2501.36 2501.36 74636.5
4 4098.23 22392.9 76559.9
9 2696.93 4196.93 75130.2
5 1812.67 7250.67 74340.2
6 3645.19 14580.8 75966.7
0 1153.16 4612.66 73814.4
0 3430.52 19722.1 76371.3
37
6 1232.92 4931.67 67105.6
0 282.488 1782.49 67000.3
0 542.876 542.876 67167.7
2 679.002 2716.01 67653.8
4 1505.08 6020.31 68272.6
1 1685.54 6742.14 68675.2
0 155.487 621.948 67585.3
5 1128.89 1128.89 68411.4
8 400.625 1602.5 70645.8
9 577.699 3810.79 68018.4
7 3075.1 4575.1 70814.3
6 823.406 823.406 69113.1
0 410.457 1641.83 69377.8
0 205.109 820.436 69745.3
0 336.091 1836.09 69852.4
9 611.701 3946.8 70231
4 1407.11 5628.46 71131.2
5 770.767 770.767 70351.4
0 1669.89 1669.89 71967.2
1 777.908 3111.63 70822.7
9 1834.38 7337.51 72147.2
4 3044.1 12176.4 73166.9
1 3550.88 15703.5 74313.7
3 1118.54 1118.54 71618.6
6 378.599 1514.4 71008.1
7 4101.76 16407 75733.8
2 490.091 490.091 71796.9
8 1207.6 1207.6 72573.2
5 6353.17 26912.7 78148.5
5 1186.67 2686.67 73095.8
7 605.704 605.704 72701.7
9 1966.23 1966.23 74895.4
6 2227.89 2227.89 74881.7
0 992.516 992.516 73547.8
2 1339.85 1339.85 74060.7
3 751.336 751.336 73680
8 1541.45 6165.78 74427.6
37
6 1154.22 4616.89 66905.8
6 324.699 324.699 66343.8
0 448.876 448.876 66494.3
0 471.566 1971.57 67049.5
2 532.333 2032.33 67260.9
1 250.254 250.254 67135.7
2 542.507 542.507 67418.7
0 293.095 7172.38 67355.1
8 1622.01 6488.05 68840
0 207.869 2331.48 67492.5
7 3968.19 15872.8 71433.2
9 752.845 752.845 68157.9
5 2142 3642 69592.2
0 867.461 867.461 68602.6
1 2868.35 4368.35 70661.1
7 1689.59 1689.59 69334.7
6 631.707 631.707 68519.6
9 1821.01 7284.03 70117.2
2 1031.58 1031.58 69529.2
3 1166.83 1166.83 70235.4
4 1134.73 1134.73 69419.1
4 3912.74 15651 72809
6 4379.13 17516.5 73226.2
8 5387.48 21549.9 74241.5
6 1280.05 1280.05 71264.1
4 1367.61 1367.61 70960.2
0 676.436 676.436 70462.3
8 1580.56 1580.56 71834.4
3 1448.96 7295.82 72682.5
2 519.612 519.612 71469
5 309.503 1238.01 71723.8
9 572.485 2289.94 71951.7
5 2668.06 12172.3 74830.6
0 791.407 791.407 72578
1 2358.47 3858.47 74518.7
7 946.775 5287.1 73780.3
2 2012.95 2012.95 74926.7
41
3 295.963 2683.85 66113.3
6 938.747 938.747 67695.2
0 425.729 425.729 67349.1
2 1242.79 1242.79 68399.7
0 191.999 767.997 67411.8
4 1257.26 5029.05 68412.6
7 631.729 4026.92 68127.2
5 308.958 1235.83 67847.3
9 861.907 2361.91 68391
0 339.85 1839.85 68294.8
8 2807.81 17231.2 70644.5
6 3209.95 3209.95 70987
1 3523.18 14092.7 71234.6
0 1403.6 1403.6 69771.3
1 1128.42 1128.42 69673.7
2 3303.8 13215.2 72090.4
3 1769.73 7078.93 69878.6
5 147.139 147.139 69935.4
7 1246.94 2746.94 70509.6
9 738.513 4454.05 70165.9
4 351.268 1405.07 70570.7
0 3751.13 15004.5 73901.8
8 2346.33 2346.33 72404.6
0 6292.49 25169.9 76647
5 2162.89 2162.89 72859.6
8 4629.41 4629.41 75326.2
0 670.929 2683.72 71798.5
6 4569.77 18279.1 75785.3
6 1731.15 1731.15 73492.3
3 3513.52 3513.52 74579.6
3 1089.5 1089.5 72502.3
4 4395.82 17583.3 75758.7
9 5164.52 5164.52 76769.4
4 1082.71 1082.71 72657.2
1 4180.55 18222.2 75829.5
9 1287.06 1287.06 72636.3
7 1266.28 1266.28 72969
7 2797.65 11190.6 74965.3
1 1151.06 1151.06 73701.6
2 1411.21 1411.21 74444.1
5 2440.25 9760.98 75548.2
48
6 1154.22 4616.89 66905.8
6 324.699 324.699 66343.8
0 448.876 448.876 66494.3
0 471.566 1971.57 67049.5
2 532.333 2032.33 67260.9
1 250.254 250.254 67135.7
2 542.507 542.507 67418.7
0 293.095 7172.38 67355.1
8 1622.01 6488.05 68840
0 207.869 2331.48 67492.5
8 9146.71 42586.8 76611.7
9 752.845 752.845 68157.9
5 2142 3642 69592.2
0 867.461 867.461 68602.6
1 2868.35 4368.35 70661.1
7 1689.59 1689.59 69334.7
6 631.707 631.707 68519.6
9 1821.01 7284.03 70117.2
2 1031.58 1031.58 69529.2
3 1166.83 1166.83 70235.4
4 1134.73 1134.73 69419.1
4 2371.66 9486.63 71267.9
1 5779.9 24619.6 74626.9
0 6532.97 26131.9 75387
0 3031.5 12126 73295.4
0 1098.5 1098.5 70686
6 494.556 1978.22 70113.5
7 1185.47 1185.47 70984.3
8 1522.35 6089.4 71556
5 1869.15 1869.15 71815.8
4 5141.93 26567.7 75118.3
7 2548.22 10192.9 72298.2
1 9060.64 36242.5 79446.4
2 2386.86 2386.86 73156
5 4971.42 19885.7 75719.7
6 1316.59 1316.59 73077.7
5 2827 2827 73893.1
3 1446.24 1446.24 72859
6 3426.59 13706.4 74789.5
1 1059.96 1059.96 72664.9
8 2068.08 2068.08 73642.6
2 4880.27 19521.1 76529.2
9 254.429 254.429 71603.7
9 1840.09 1840.09 73542.8
3 2687.68 10750.7 74855.3
7 2214.59 2214.59 74765.1
4 312.76 312.76 73345.6
9 2688.31 10753.2 75796.3
35
6 528.699 2028.7 66261
1 176.658 706.631 66240.9
7 1059.06 1059.06 67640.2
1 617.584 617.584 67407.6
1 509.921 509.921 66796.9
5 1452.4 5809.62 67932.5
6 947.477 3789.91 67579.7
8 1422.04 5688.16 68743.2
0 238.976 6955.9 67350
0 253.477 253.477 67614.6
3 371.886 1871.89 68111.1
2 1957.62 1957.62 70247.3
4 466.888 1867.55 69434.2
0 956.663 956.663 70425.6
0 334.331 1834.33 70005.1
0 489.482 1989.48 70049.2
0 416.257 416.257 70965.8
0 466.762 1966.76 71078.9
0 560.666 560.666 70970.4
9 512.795 3551.18 70559.1
0 481.349 481.349 70851.8
5 3949.66 17298.6 74272.2
4 1340.48 1340.48 71696.3
2 1179.57 4718.26 72218.8
0 2967.55 2967.55 76583.9
3 1340.64 2840.64 72831.4
5 854.122 854.122 72438.1
9 910.688 910.688 72775.3
1 2082.32 9829.29 74015.2
9 3034.86 13639.4 74629.1
8 1177.08 1177.08 73231.7
6 1102.98 1102.98 73215.6
7 1208.91 4835.63 73992.2
2 2367.36 9469.46 75219
4 1321.28 1321.28 73988.6
42
6 1232.92 4931.67 67105.6
0 282.488 1782.49 67000.3
0 542.876 542.876 67167.7
2 679.002 2716.01 67653.8
4 1505.08 6020.31 68272.6
1 1685.54 6742.14 68675.2
0 155.487 621.948 67585.3
5 1128.89 1128.89 68411.4
8 400.625 1602.5 70645.8
9 577.699 3810.79 68018.4
2 1821.92 1821.92 69272.1
0 1540.8 1540.8 69275.9
1 2723.9 4223.9 70516.6
7 1640.4 1640.4 69285.5
6 831.506 831.506 68719.4
0 7325.89 35303.6 75622.1
9 1914.3 3414.3 70412
3 1741.58 1741.58 70810.1
2 3489.69 3489.69 71774
0 4311.91 17247.7 73208.1
6 4051.29 16205.2 72898.3
6 8411.56 33646.2 77265.6
8 5521.75 22087 75785.7
0 1771.84 1771.84 71359.3
4 247.534 990.135 69866.4
5 567.829 567.829 70366.6
6 676.958 2707.83 70710.7
9 2688.95 2688.95 72635.6
7 2737.44 10949.8 72713.8
7 849.403 3397.61 70599.3
2 5820.77 29283.1 76206.5
4 1985.88 1985.88 72755
5 5151.51 20606.1 75899.8
1 3031.52 3031.52 74615.5
5 1218.07 1218.07 73082.7
3 908.396 5133.58 72841.2
9 2561.78 11747.1 74156
8 889.477 889.477 72944
7 3014.32 4514.32 75127
3 2971.22 11884.9 75754.5
4 2903.55 11614.2 75755.2
2 1136.54 1136.54 73803.9
43
6 528.699 2028.7 66261
1 176.658 706.631 66240.9
7 1059.06 1059.06 67640.2
1 617.584 617.584 67407.6
1 509.921 509.921 66796.9
5 1452.4 5809.62 67932.5
6 947.477 3789.91 67579.7
8 1422.04 5688.16 68743.2
0 238.976 6955.9 67350
0 253.477 253.477 67614.6
0 358.972 1858.97 68247.1
9 751.235 2251.23 68814.8
2 809.167 809.167 69030.1
4 686.462 8745.85 69289.2
1 644.797 2144.8 69955.4
0 387.353 387.353 69560.5
6 489.905 1959.62 69512.2
7 956.663 2456.66 70425.6
5 2200.16 3700.16 71871
3 1201.09 2701.09 70760.8
4 1512.24 1512.24 72061.8
8 1647.32 1647.32 72259.5
9 1056.96 1056.96 71466.7
6 6664.27 26657.1 76710.5
6 1423.3 1423.3 71793.7
5 5299.75 22699 75622.3
2 271.963 271.963 70627.8
9 4769.71 20578.8 75809
0 2842.23 2842.23 76458.6
2 1788.56 1788.56 73279.3
4 3264.95 3264.95 75026.1
3 1230.95 1230.95 72297.1
1 1437.92 1437.92 72850.7
8 2608.35 10433.4 73971.2
9 1865.54 1865.54 73470.4
2 4577.99 4577.99 76152.5
8 5002.68 20010.7 76651.6
5 2438.93 2438.93 73788.2
7 1182.27 1182.27 72885
1 2679.35 10717.4 74847
3 2762.45 2762.45 75313
6 1114.56 1114.56 74147.4
7 2030.48 8121.91 75138.5
32
6 1232.92 4931.67 67105.6
0 282.488 1782.49 67000.3
0 542.876 542.876 67167.7
2 679.002 2716.01 67653.8
4 1505.08 6020.31 68272.6
1 1685.54 6742.14 68675.2
0 155.487 621.948 67585.3
5 1128.89 1128.89 68411.4
8 400.625 1602.5 70645.8
9 577.699 3810.79 68018.4
7 3075.1 4575.1 70814.3
6 823.406 823.406 69113.1
0 410.457 1641.83 69377.8
2 956.663 956.663 70425.6
0 180.679 1680.68 69851.5
0 489.482 1989.48 70049.2
0 416.257 416.257 70965.8
0 466.762 1966.76 71078.9
1 582.851 582.851 70992.5
9 3891.67 17066.7 73937.9
0 1032.16 1032.16 71402.6
7 2248.8 10495.2 72571.3
6 1058.62 1058.62 71414.5
1 1924.78 9199.11 72964
4 3507.81 3507.81 77124.2
3 625.773 2125.77 72116.5
9 442.127 1768.51 71821.3
6 2358.7 9434.79 74521.2
2 1786.83 1786.83 73573.4
8 690.431 690.431 72850.6
5 239.132 2456.53 73072.7
0 1458.37 1458.37 74372.1
45
6 528.699 2028.7 66261
1 176.658 706.631 66240.9
7 1059.06 1059.06 67640.2
1 617.584 617.584 67407.6
1 509.921 509.921 66796.9
5 1452.4 5809.62 67932.5
6 947.477 3789.91 67579.7
8 1422.04 5688.16 68743.2
0 238.976 6955.9 67350
0 253.477 253.477 67614.6
9 607.665 2107.66 68562.7
3 421.391 1685.57 68258.1
4 1392.81 1392.81 69169.8
6 2110.22 14440.9 69821.7
2 662.522 662.522 69030.2
1 1368.92 1368.92 69914.2
0 1793.11 7172.44 70579.7
7 2149.89 8599.55 70258.8
5 956.663 2456.66 70425.6
3 764.889 2264.89 70435.7
0 3533.69 3533.69 73093.5
9 435.985 1935.99 70985.6
8 1647.32 1647.32 72259.5
1 1575.72 1575.72 71985.4
4 5220.05 20880.2 75266.3
4 824.198 824.198 71194.6
5 4727.57 20410.3 75050.1
2 272.018 272.018 70627.9
6 4189.3 16757.2 75228.6
7 4835.31 6335.31 78451.7
6 982.431 982.431 72473.2
7 987.67 3950.68 72293.3
3 2503.59 10014.3 74092.2
5 1606.69 3106.69 73293
3 4634.63 20038.5 76366.2
3 460.327 1841.31 72230.9
8 3697.18 3697.18 75576.5
2 1662.77 1662.77 74417.8
4 1554.61 1554.61 73689.8
9 3521.96 14087.8 75983.6
1 1527.15 3027.15 73960.4
9 507.094 2028.38 73034.6
2 4260.7 17042.8 76582.2
0 2208.99 8835.97 74870.3
1 6005.42 24021.7 78946.2
42
6 528.699 2028.7 66261
1 176.658 706.631 66240.9
7 1059.06 1059.06 67640.2
1 617.584 617.584 67407.6
1 509.921 509.921 66796.9
5 1452.4 5809.62 67932.5
6 947.477 3789.91 67579.7
8 1422.04 5688.16 68743.2
0 238.976 6955.9 67350
0 253.477 253.477 67614.6
0 484.653 1984.65 68110.8
9 1480.25 2980.25 69576.2
2 989.462 989.462 68894.7
1 1783.02 1783.02 70158.3
0 1031.04 10124.1 69750.2
4 730.478 730.478 69343.6
6 2715.25 8715.25 71603.7
7 1379.13 5516.53 70361.1
5 1459.88 7339.52 71000.1
3 339.054 1839.05 69855.4
2 1084.01 4336.04 70703.3
4 1521.74 6086.96 71245.8
9 2327.04 2327.04 71907.7
8 1990.21 1990.21 72287.5
9 3856.75 15427 73901.5
7 1964.41 7857.63 72277.2
5 4710.29 20341.2 74833.1
0 4572.46 18289.8 75335.3
3 1121.51 1121.51 71621.6
1 4561.14 19744.6 75190.6
3 4939.37 19757.5 76571.4
0 1524.81 1524.81 72831.6
2 1128.64 1128.64 72494.3
4 4188.7 16754.8 75984
1 703.353 2203.35 72612.4
5 791.484 791.484 72887.5
7 2096.26 2096.26 75025.5
4 775.613 775.613 73429.4
8 1312.83 1312.83 73868.2
6 1358.9 1358.9 74079.8
3 754.298 754.298 73683
2 1462.48 5849.92 74348.7
41
6 1154.22 4616.89 66905.8
6 324.699 324.699 66343.8
0 448.876 448.876 66494.3
0 471.566 1971.57 67049.5
2 532.333 2032.33 67260.9
1 250.254 250.254 67135.7
2 542.507 542.507 67418.7
0 293.095 7172.38 67355.1
8 1622.01 6488.05 68840
0 207.869 2331.48 67492.5
7 1784.58 7138.3 69249.6
9 752.845 752.845 68157.9
0 366.497 366.497 68254.6
2 1274.71 1274.71 69338.2
6 358.729 358.729 68579.7
3 929.698 3718.79 69532.5
4 644.797 644.797 69955.4
0 387.353 1887.35 69560.5
5 489.905 3459.62 69512.2
9 538.362 3653.45 70802.3
0 1181.19 1181.19 70768.7
6 554.599 2218.4 70173.5
7 1880.66 1880.66 71679.5
8 1522.35 6089.4 71556
5 1311.77 1311.77 71258.4
1 1356.86 5427.44 71333.2
7 3243.42 12973.7 72993.4
3 2963.53 11854.1 73349.3
2 1859.63 1859.63 72628.8
3 610.768 2443.07 71359.1
0 1203.92 1203.92 72510.7
4 1132.13 1132.13 72497.8
2 5886.18 23544.7 77681.5
6 1008.76 1008.76 72917.9
9 324.309 324.309 72420.3
5 1077.43 1077.43 74006.6
9 2202.31 3702.31 74856.1
8 1317.83 1317.83 73873.2
4 2040.73 2040.73 74761.6
1 945.711 945.711 73874.4
0 1478.92 5915.7 74365.1
33
3 295.963 2683.85 66113.3
6 938.747 938.747 67695.2
0 425.729 425.729 67349.1
2 1242.79 1242.79 68399.7
0 191.999 767.997 67411.8
4 1257.26 5029.05 68412.6
7 631.729 4026.92 68127.2
5 308.958 1235.83 67847.3
9 861.907 2361.91 68391
0 339.85 1839.85 68294.8
8 2807.81 17231.2 70644.5
6 3209.95 3209.95 70987
7 2657.69 10630.8 70369.1
0 1403.6 1403.6 69771.3
1 1128.42 1128.42 69673.7
4 3316.63 13266.5 72103.2
5 2273.69 9094.76 70382.6
2 1160.15 1160.15 71144.2
9 878.369 2378.37 70470.9
3 664.872 2164.87 70450.7
0 3040.07 3040.07 73293.9
8 3392.57 13570.3 74626.2
1 563.151 2063.15 71512.6
5 1099.93 4399.73 72514.3
3 1299.69 1299.69 72883.6
7 1220.58 1220.58 73085.2
4 2201.47 8805.88 74134.3
8 570.71 2282.84 72164.9
9 298.573 1798.57 72353.1
6 997.475 997.475 73110.1
9 3370.66 13482.6 76154
2 1292.72 5170.9 74144.3
1 1137.55 2637.55 73804.9
41
3 295.963 2683.85 66113.3
6 938.747 938.747 67695.2
0 425.729 425.729 67349.1
2 1242.79 1242.79 68399.7
0 191.999 767.997 67411.8
4 1257.26 5029.05 68412.6
7 631.729 4026.92 68127.2
5 308.958 1235.83 67847.3
9 861.907 2361.91 68391
0 339.85 1839.85 68294.8
8 2807.81 17231.2 70644.5
6 3209.95 3209.95 70987
7 2657.69 10630.8 70369.1
0 1403.6 1403.6 69771.3
1 1128.42 1128.42 69673.7
2 9121.46 36485.8 77908
5 2273.69 9094.76 70382.6
8 3184.67 12738.7 72724.9
9 827.357 2327.36 70343.7
4 5724.29 22897.2 75343.6
4 1547.07 6188.27 71271.2
3 654.253 654.253 70234.9
2 857.032 857.032 71154.3
3 2183.96 8735.85 72228.7
7 7772.97 31091.9 78085.8
5 2205.38 10321.5 72328.2
0 4593.56 18374.2 75356.4
1 1934.1 1934.1 72434.2
2 2805.3 11221.2 73434.8
9 5582.75 22331 77214.8
0 1545.91 1545.91 72852.7
9 899.351 2399.35 72265
6 3929.83 15719.3 75725.1
7 1204.4 2704.4 73113.5
3 3269.93 3269.93 75365.9
5 2197.37 2197.37 75126.6
6 516.745 516.745 73170.5
1 2120.69 3620.69 74676
4 814.121 814.121 73535
9 1397.68 1397.68 74326.4
8 1693.05 6772.21 74579.3
28
3 295.963 2683.85 66113.3
6 938.747 938.747 67695.2
0 425.729 425.729 67349.1
2 1242.79 1242.79 68399.7
0 191.999 767.997 67411.8
4 1257.26 5029.05 68412.6
7 631.729 4026.92 68127.2
5 308.958 1235.83 67847.3
9 861.907 2361.91 68391
8 2926.15 2926.15 70665.3
3 1957.62 3457.62 70247.3
0 410.457 1641.83 69377.8
0 186.1 186.1 70170.1
1 153.221 1653.22 69745.8
0 153.033 1653.03 69938.9
4 649.338 649.338 70903.2
0 510.567 2042.27 71744.1
2 1110.38 1110.38 72059.8
7 626.971 2507.89 72041.3
1 673.811 673.811 72257.8
0 217.694 217.694 72082.3
9 721.936 4387.74 72654.8
6 1591.04 6364.16 73185.3
0 189.447 1689.45 72244
8 1071.15 1071.15 73183.8
4 2463.43 15853.7 75246.8
7 1195.18 6280.7 74046.8
0 1022.15 1022.15 73689.5
38
6 528.699 2028.7 66261
1 176.658 706.631 66240.9
7 1059.06 1059.06 67640.2
1 617.584 617.584 67407.6
1 509.921 509.921 66796.9
5 1452.4 5809.62 67932.5
6 947.477 3789.91 67579.7
8 1422.04 5688.16 68743.2
0 238.976 6955.9 67350
0 253.477 253.477 67614.6
0 358.972 1858.97 68247.1
9 751.235 2251.23 68814.8
2 809.167 809.167 69030.1
4 686.462 8745.85 69289.2
1 644.797 2144.8 69955.4
0 387.353 387.353 69560.5
6 489.905 1959.62 69512.2
0 186.1 1686.1 70170.1
0 485.244 1985.24 70077.8
0 153.033 1653.03 69938.9
8 2683.8 2683.8 72937.6
4 510.567 2042.27 71744.1
2 1110.38 1110.38 72059.8
9 626.971 2507.89 72041.3
0 760.442 9041.77 72066.1
0 130.728 522.914 71719.4
0 149.929 1649.93 71836.3
6 596.185 2384.74 72327.8
0 156.949 627.797 71927.6
5 2487.3 3987.3 74366.6
4 2055.15 2055.15 74810.1
3 1754.73 3254.73 73889.9
1 1179.01 4716.03 73640.6
9 2350.81 3850.81 74784.1
7 1664.13 6656.52 74191.6
0 2646.6 10586.4 74968.1
2 2483.29 9933.14 75144.6
6 1497.39 11989.6 74438.1
38
3 295.963 2683.85 66113.3
6 938.747 938.747 67695.2
0 425.729 425.729 67349.1
2 1242.79 1242.79 68399.7
0 191.999 767.997 67411.8
4 1257.26 5029.05 68412.6
7 631.729 4026.92 68127.2
5 308.958 1235.83 67847.3
9 861.907 2361.91 68391
8 2926.15 2926.15 70665.3
3 1957.62 3457.62 70247.3
0 410.457 1641.83 69377.8
6 1104.78 1104.78 70573.7
1 186.547 1686.55 69857.4
0 489.482 1989.48 70049.2
0 416.257 416.257 70965.8
0 466.762 466.762 71078.9
0 560.666 560.666 70970.4
9 512.795 3551.18 70559.1
0 1032.16 1032.16 71402.6
9 3781.08 16624.3 74103.6
6 1815.54 1815.54 72171.4
4 4506.78 18027.1 75546.1
3 3316.1 4816.1 76932.5
8 1439.61 1439.61 72930.4
2 2168.97 2168.97 73930.1
1 519.345 519.345 71585.4
5 634.154 634.154 72046.9
4 1427.8 5711.18 72790.7
3 646.213 646.213 72251.1
6 3470.05 3470.05 75044.6
8 3961.82 15847.3 75610.8
9 920.269 920.269 72269.5
7 2375.28 2375.28 74078
5 1875.59 7502.36 74043.3
1 2050.84 2050.84 74601.4
0 723.423 723.423 73756.3
0 3008.27 18033.1 76116.3
36
3 295.963 2683.85 66113.3
6 938.747 938.747 67695.2
0 425.729 425.729 67349.1
2 1242.79 1242.79 68399.7
0 191.999 767.997 67411.8
4 1257.26 5029.05 68412.6
7 631.729 4026.92 68127.2
5 308.958 1235.83 67847.3
9 861.907 2361.91 68391
8 2926.15 2926.15 70665.3
3 1957.62 3457.62 70247.3
0 410.457 1641.83 69377.8
0 514.309 514.309 70302.6
6 986.321 986.321 70249
5 829.209 4816.84 70256.6
2 618.776 2475.11 70838.2
4 454.861 1819.44 70605.5
0 415.465 1915.47 70473.7
9 1477.37 7409.48 71831.9
1 4074.75 4074.75 74771.4
0 1095.22 1095.22 71792
6 1148.65 4594.58 72276.2
4 5253.08 21012.3 76468.6
8 1409.51 1409.51 73170.6
3 5779.06 5779.06 76845.2
5 1467.45 1467.45 72880.2
2 1805.51 7222.04 73168.4
3 646.213 646.213 72251.1
4 1117.55 1117.55 72692.1
6 3370 13480 75019
7 1594.86 1594.86 72944.1
1 638.242 638.242 72341
5 2708.89 10835.6 74876.6
9 1090.39 1090.39 73640.9
0 1276 1276 74308.9
7 2524.74 10099 75632.7
47
3 295.963 2683.85 66113.3
6 938.747 938.747 67695.2
0 425.729 425.729 67349.1
2 1242.79 1242.79 68399.7
0 191.999 767.997 67411.8
4 1257.26 5029.05 68412.6
7 631.729 4026.92 68127.2
5 308.958 1235.83 67847.3
9 861.907 2361.91 68391
8 2152.64 2152.64 69602.8
3 486.448 1986.45 68221.6
6 1743.92 1743.92 69536.7
1 1712.94 1712.94 69358
7 2535.65 4035.65 70423.6
5 7290.72 29162.9 75586.9
0 1222.76 1222.76 69720.4
5 2003.58 2003.58 71072.1
9 2170.66 3670.66 70455
4 4480.69 17922.8 73376.9
2 8920.02 35680.1 77767.1
9 7453.72 31314.9 76307.7
2 764.666 764.666 70233.6
3 728.395 2228.39 70399.2
4 1968.35 1968.35 71528.1
0 3464.56 3464.56 74014.2
8 3998.64 3998.64 74610.8
1 1019.5 1019.5 71429.2
7 9765.1 40560.4 79811.4
0 1220.82 1220.82 71591.2
8 6956.12 27824.5 77278.6
2 1475.43 1475.43 71831.3
6 468.89 1875.56 71508.2
6 2573.15 2573.15 76189.5
8 319.725 319.725 71810.5
2 3034.39 3034.39 74795.5
3 3073.89 3073.89 74140
9 807.079 807.079 72219.9
0 4363.02 17452.1 75725.9
7 1563.95 1563.95 73168.9
7 3607.39 5107.39 75181.9
1 4557.08 19728.3 76206
5 2193.3 2193.3 73542.5
3 359.936 359.936 72062.7
9 2048.51 8194.06 74216.2
1 1527.59 1527.59 74078.1
4 2421.79 2421.79 75454.6
3 3333.62 13334.5 76441.6
38
3 295.963 2683.85 66113.3
6 938.747 938.747 67695.2
0 425.729 425.729 67349.1
2 1242.79 1242.79 68399.7
0 191.999 767.997 67411.8
4 1257.26 5029.05 68412.6
7 631.729 4026.92 68127.2
5 308.958 1235.83 67847.3
9 861.907 2361.91 68391
0 358.972 1858.97 68247.1
8 2412.19 2412.19 70475.7
0 1120.44 1120.44 69341.4
1 1584.46 6337.83 70187.2
5 602.514 2102.51 69913.1
6 1697.35 1697.35 70870.5
8 6367.57 25470.3 75389.9
4 1939.94 7759.77 71480.1
7 2306.61 3806.61 71823
6 6493.12 25972.5 76112.4
2 1534.24 6136.94 71258.3
3 606.477 606.477 70187.1
9 683.096 2183.1 70980.4
3 2136.19 8544.75 72180.9
1 1790.57 7162.29 72103.4
2 4691.65 18766.6 74814.4
5 4214.41 18357.6 74977.2
5 1973.47 1973.47 72473.6
0 992.383 3969.53 71621.9
1 3359.76 13439 74991.8
7 2671.94 2671.94 74255.9
9 1831.81 1831.81 73696.4
4 3324.01 13296 75256.8
2 1184.55 4738.19 72778.8
8 1248.89 1248.89 73303.5
6 1171.1 1171.1 73283.7
3 1554.25 6217.02 74337.6
0 1003.48 4013.91 73855.1
4 331.44 331.44 72998.8
31
6 528.699 2028.7 66261
1 176.658 706.631 66240.9
7 1059.06 1059.06 67640.2
1 617.584 617.584 67407.6
1 509.921 509.921 66796.9
5 1452.4 5809.62 67932.5
6 947.477 3789.91 67579.7
8 1422.04 5688.16 68743.2
0 238.976 6955.9 67350
0 253.477 253.477 67614.6
9 607.665 2107.66 68562.7
3 421.391 1685.57 68258.1
4 1392.81 1392.81 69169.8
6 2110.22 14440.9 69821.7
2 662.522 662.522 69030.2
1 1368.92 1368.92 69914.2
0 1793.11 7172.44 70579.7
7 2149.89 8599.55 70258.8
5 2163.88 3663.88 72147.9
9 1475.74 2975.74 71068.3
3 331.918 1831.92 70117.8
8 2683.8 2683.8 72937.6
2 510.567 2042.27 71744.1
4 980.912 980.912 71930.3
6 859.996 9439.98 72274.3
0 172.698 690.792 71551.9
3 465.806 3363.22 72628.3
0 513.673 2013.67 72300.3
0 956.793 956.793 73117
9 1786.23 8644.91 74619.8
1 1083.62 2583.62 73997.4
46
6 1154.22 4616.89 66905.8
6 324.699 324.699 66343.8
0 448.876 448.876 66494.3
0 471.566 1971.57 67049.5
2 532.333 2032.33 67260.9
1 250.254 250.254 67135.7
2 542.507 542.507 67418.7
0 293.095 7172.38 67355.1
8 1622.01 6488.05 68840
0 207.869 2331.48 67492.5
7 1784.58 7138.3 69249.6
9 752.845 752.845 68157.9
0 366.497 366.497 68254.6
2 1274.71 1274.71 69338.2
6 358.729 358.729 68579.7
3 929.698 3718.79 69532.5
4 644.797 644.797 69955.4
0 387.353 1887.35 69560.5
5 489.905 3459.62 69512.2
4 3273.52 13094.1 72813.7
9 386.127 1886.13 69902.5
8 9176.33 36705.3 78795.7
0 751.653 3006.61 70475.8
7 2000.46 2000.46 71581.1
6 1036.98 1036.98 71334.3
7 3530.17 14120.7 73574.9
3 1135.81 4543.25 71448.6
1 1383.34 7033.34 71506.1
8 512.634 2050.54 71275.4
5 812.197 812.197 71312.3
2 1292.23 5168.93 71921.7
3 4566.27 18265.1 76198.3
9 841.882 3367.53 72147.6
3 1721.26 6885.02 73309.9
0 700.11 700.11 72386.5
4 3356.1 13424.4 75087.7
5 1336.92 5347.68 73107.5
9 3585.25 5085.25 75464.5
6 2369.18 2369.18 75124.2
2 3584.88 3584.88 75720
5 2567.19 10268.7 75028.8
8 1584.96 1584.96 74018.2
1 949.057 3796.23 73476.6
7 4943.93 21275.7 77265.4
0 1777.74 7110.95 74439
1 4107.59 16430.3 77048.3
