57
2 289.3 6289.3 66011.4
1 530.441 3621.76 66365
0 930.996 3723.98 66699.8
3 161.318 645.273 65992
3 1743.13 1743.13 67800.2
2 1770.52 1770.52 67951.2
1 2956.73 2956.73 68904.1
0 3308.47 19233.9 69708.4
3 3385.31 4885.31 69771.9
2 3496.72 3496.72 69948.7
1 4194.86 4194.86 70703.6
0 5136.86 26547.4 71652.8
3 5156.48 22125.9 71947.9
2 5232.29 11232.3 71939
1 6567.18 27768.7 73475.5
0 7982.7 13982.7 74487.9
2 8422.02 14422 75354.9
3 8282.3 8282.3 74997.4
1 8496.43 9996.43 76007.3
0 10431.4 41725.5 77795.9
3 10807.1 44728.6 78325
2 11332.5 45329.8 78993.4
1 11156 46123.8 79080.2
0 11780.6 47122.2 79691.8
3 12106.9 12106.9 80560.8
2 12976.3 12976.3 81294.6
1 12875.2 51500.7 81623
0 13190.6 52762.4 81802.5
3 13618.7 54474.9 82638.6
2 14723.7 14723.7 84071.6
1 14615.6 58462.3 84194.3
0 13982.8 13982.8 83998.4
3 15690.9 64263.7 85604.1
0 16074.5 22074.5 86816.9
2 16649 72595.9 87397.1
1 15865.5 15865.5 86972.4
3 18254.5 74518 89092.7
0 17537.8 70151 88570.5
1 19183.9 20683.9 90320.6
2 18075.9 72303.4 89358.9
0 19446.6 19446.6 90498.1
3 20106.6 21606.6 91374.6
2 20307 81228.1 91886.9
1 20811.8 84747.3 92351
0 20722.2 20722.2 92308.3
3 21931.9 87727.5 93645.1
2 22727.2 22727.2 94446.6
0 22775.1 97100.4 94719.2
1 22332.2 23832.2 94345
3 23231.8 92927.2 95452
1 23892.3 23892.3 96113.9
2 24181.1 24181.1 96423.7
0 24333.1 24333.1 96722.2
3 25218.1 102372 97391.2
1 26319.5 105278 99011.6
2 26270.4 105082 99179
0 25837.6 109351 98770.7
59
3 157.414 2129.66 65918.1
2 283.517 7134.07 66084.4
1 614.095 614.095 66464.5
0 567.822 567.822 66609.5
3 1692.34 3192.34 67748.6
2 1847.85 7391.42 67909.3
1 4461.94 17847.7 70959.1
0 3986.38 3986.38 70325.8
3 3255.09 13020.3 69768.9
2 3413.05 13652.2 69818.5
3 5277.26 21109 71748.7
2 5582.78 5582.78 72214.8
0 7796.98 31187.9 74346.7
1 6626.02 8126.02 73039.1
3 7016.71 28066.9 73631
2 7365.96 7365.96 74478.7
1 9060.37 36241.5 76011.1
3 8237.81 34451.2 75628.2
0 10941.6 10941.6 78027
2 9323.47 9323.47 76769.6
3 10231.7 11731.7 77978.2
1 10014.7 41558.8 78014.1
2 11346.7 17346.7 79359.4
3 11769.4 11769.4 79792.5
1 12336.3 13836.3 81265.8
0 13055.7 52222.7 81661.8
2 13114.9 52459.7 81567.8
3 14358 15858 83436.1
1 14418.8 15918.8 83438
2 14141.4 20141.4 83730.7
0 14438.2 57752.9 84638.3
3 17822.1 72788.5 87278.9
1 16038.6 17538.6 86309.2
2 16628.2 72512.7 86555.9
0 17368.3 75473.1 87487
1 19238.4 20738.4 89384.6
2 17621.6 76486.5 88363.3
3 18358.3 73433.1 89164.5
0 18554.5 74217.8 89869
2 19642.6 19642.6 91198.1
3 20388.4 83053.6 91455.7
1 20022.9 21522.9 91181.1
0 21091.1 21091.1 92867.8
1 22054.5 23554.5 93578.4
2 23161 92644.2 94346.3
3 21703.4 88313.6 93291.2
0 25147.5 106590 97109.1
3 23340.7 94862.9 94820.3
1 24200.1 98300.3 95924.3
2 24349.3 24349.3 96200.3
3 24784 24784 96644.4
1 25898.7 27398.7 98404.8
2 25505.9 108024 98235.1
3 26121.2 27621.2 98790
0 26480.1 111920 99085.2
2 27991.5 33991.5 100539
1 27703.1 29203.1 100354
3 29509.7 118039 102592
0 28031.4 28031.4 100834
69
2 290.669 290.669 66064.8
0 651.029 651.029 66610.1
1 645.799 645.799 66684.4
3 199.731 199.731 66274.2
2 1724.13 7724.13 67633.5
3 2220.28 2220.28 68291
0 2498.8 8498.8 68563.2
1 2476.67 11406.7 68620.7
2 3310.67 9310.67 69614.6
3 3775.86 5275.86 69858.7
0 4154.33 4154.33 70534.7
1 4345.96 18883.8 70995.7
2 5295.31 11295.3 71589.1
3 5321.43 6821.43 71859.8
0 6663.79 32655.2 73148.3
1 6742.2 6742.2 74030.7
2 8956.25 8956.25 76012.6
3 8082.7 33830.8 75214
0 8271.61 14271.6 75361.5
1 9802.7 39210.8 76827.2
3 12124.6 13624.6 79231.8
0 9955.15 9955.15 77205.1
2 13385.3 19385.3 80919.2
1 10875.3 12375.3 78359.5
0 11714.1 17714.1 79318.7
1 12241.8 50467.3 79904.2
3 13173.3 13173.3 81172.9
0 13538.2 13538.2 81386.4
1 14089.3 15589.3 82332.1
2 14612.6 64450.4 83107
3 16380.9 67023.5 84855.7
0 14360.8 57443.2 82935.2
1 16277.1 17777.1 85142.4
0 16237.7 22237.7 85130.8
2 16745.4 16745.4 86069.1
3 19276.6 20776.6 88547
0 18428.6 79714.5 87624.2
1 19635 80040 89402.2
2 18941.4 18941.4 88963.1
0 19727.4 25727.4 89450.7
3 20617.6 20617.6 90528.2
2 20902.6 89610.3 90784
1 21304.3 22804.3 91728.4
0 20954.2 20954.2 91248.9
3 22261.3 89045 92973.3
2 22509.3 96037.1 92856
0 24512.3 24512.3 95098.7
1 25426.3 26926.3 96101.8
2 23956.7 23956.7 94738.3
3 24996.1 101485 96028.9
2 25924 25924 97060.8
0 28686.9 114748 99970
3 26904.9 28404.9 97956.4
1 26681.9 28181.9 97950
2 27689.6 110759 99269.5
1 28920.8 117183 100460
3 28180.6 29680.6 99766.7
2 30329.7 127319 102043
3 30160.2 31660.2 101880
0 30010.1 126041 101954
1 30441.1 31941.1 102454
3 31466.2 125865 103686
0 31816.8 37816.8 104038
2 31777.5 31777.5 104020
1 31873 33373 104262
3 33452.5 135310 105626
2 34299 143196 106991
0 33365.8 133463 106274
1 33377.5 133510 106311
69
2 300.611 6300.61 66076.1
3 193.183 2272.73 66135.6
0 411.509 411.509 66544.9
1 1897.85 3397.85 67769.7
2 2214.29 8214.29 68200.2
3 2272.54 3772.54 68484.9
0 3101.41 9101.41 69116.7
1 3546.92 5046.92 69260.1
2 4226.97 10227 70285.8
3 4850.03 4850.03 70931.7
0 5108.13 26432.5 71253.6
1 7257.54 7257.54 73370.4
2 6232.13 6232.13 72440.5
3 7321.38 7321.38 73666.9
0 8964 8964 75364.5
2 8227.59 14227.6 74608.7
1 9152.18 9152.18 75387.7
3 10680.8 44223.4 76991.7
2 10064.4 40257.4 76437.5
0 13088 19088 79452.8
1 10853.6 12353.6 77447.6
2 11429.9 17429.9 78477.2
3 14249.6 15749.6 81334.7
1 12280.7 13780.7 79406.9
2 14125.8 56503.1 81362.5
1 14083.5 56334 81550.1
0 14041.1 56164.2 81423.9
3 18653.1 18653.1 86065.9
2 15657.9 62631.6 83175.8
0 15506 62023.9 83167
1 15782.6 64630.2 83706.8
0 16760.2 67040.9 84671.5
2 16957.7 22957.7 85411.6
1 17689.7 19189.7 86008
0 18466.5 79865.8 87214.3
2 18910.4 75641.5 87522.3
1 19189.4 76757.5 88209.2
3 18902.1 18902.1 88491.4
0 20118.4 80473.6 90318.5
2 19623 78492 89079.7
1 20361.6 21861.6 90632.1
3 21388.8 85555.3 91316.6
2 21542.4 92169.6 91661.1
0 22651.7 22651.7 92797.9
1 23223.2 92892.8 93964.9
3 22396 89584.1 93202.2
2 22728.6 90914.3 94043.2
0 24077.1 24077.1 95632.7
3 24426.1 99204.5 95493.4
1 24685.8 100243 95718.6
2 26254.6 26254.6 97391.4
3 26172.2 106189 97455.3
0 27700.5 27700.5 98752
1 26379.2 27879.2 97647.3
2 28020.2 112081 99600.1
3 28072.5 113790 99611.6
1 28077.4 29577.4 99663.5
0 28835.3 121341 100549
2 30440.4 30440.4 102160
3 29651.8 118607 101596
1 29962.2 31462.2 101975
0 30135.2 126541 102355
3 31458.4 31458.4 103680
1 31709.6 33209.6 103952
2 31578.9 31578.9 103968
0 32121.5 128486 104295
3 33885.6 135542 106578
1 33798.9 136696 106708
2 33083.4 138333 106016
61
2 290.669 290.669 66064.8
0 651.029 651.029 66610.1
1 645.799 645.799 66684.4
3 199.731 199.731 66274.2
2 1724.13 7724.13 67633.5
3 2220.28 2220.28 68291
0 2498.8 8498.8 68563.2
1 2476.67 11406.7 68620.7
2 3310.67 9310.67 69614.6
3 3775.86 5275.86 69858.7
0 4154.33 4154.33 70534.7
1 4345.96 18883.8 70995.7
2 5295.31 11295.3 71589.1
3 5321.43 6821.43 71859.8
0 6663.79 32655.2 73148.3
1 6742.2 6742.2 74030.7
2 8956.25 8956.25 76012.6
3 8082.7 33830.8 75214
0 8271.61 14271.6 75361.5
1 9802.7 39210.8 76827.2
3 12124.6 13624.6 79231.8
0 9955.15 9955.15 77205.1
2 13385.3 19385.3 80919.2
1 11218.7 46374.8 78736.6
0 11900.4 47601.8 79561.4
1 12860.8 52943.4 80785.1
3 13216.5 54365.9 81127.7
0 13343.3 19343.3 81797.2
1 14768 16268 83086.3
2 15125.6 66502.3 83873.4
3 14626.5 60006 83238.4
0 14855.1 65420.4 83875
1 15409.9 61639.5 84605.4
3 17731.1 72424.3 87498.3
2 16745.8 16745.8 86767.5
0 16956.4 22956.4 86679.6
1 16437.3 16437.3 86348
1 18287.4 73149.5 88168.8
0 20857.4 20857.4 91281.5
2 18234.2 18234.2 88528.9
3 20536.7 82146.9 91248.8
1 19894.1 79576.4 90240.9
2 21792.4 21792.4 92378.7
1 21316.7 22816.7 91992.1
3 23483.7 24983.7 94265.3
0 24885.9 24885.9 96141.4
1 23112.9 24612.9 94298.9
2 25868.9 25868.9 97279.5
3 25273.4 26773.4 96577.9
1 24578.9 26078.9 96108.9
1 26384.2 105537 98133
0 26244.2 32244.2 97869
3 26768.7 28268.7 98542.4
2 27392.1 115568 99231.6
0 27820.5 33820.5 99866.5
1 27909.9 29409.9 100059
3 28047.2 29547.2 100795
2 28969.5 28969.5 101291
0 29060.8 29060.8 101657
1 29591.1 118364 102613
3 30318.6 31818.6 103372
70
3 157.414 2129.66 65918.1
2 283.517 7134.07 66084.4
1 614.095 614.095 66464.5
0 567.822 567.822 66609.5
3 1692.34 3192.34 67748.6
2 1847.85 7391.42 67909.3
1 4461.94 17847.7 70959.1
0 3986.38 3986.38 70325.8
3 3255.09 13020.3 69768.9
2 3413.05 13652.2 69818.5
3 5277.26 21109 71748.7
2 5582.78 5582.78 72214.8
0 7796.98 31187.9 74346.7
1 6626.02 8126.02 73039.1
3 7016.71 28066.9 73631
2 7365.96 7365.96 74478.7
1 9060.37 36241.5 76011.1
3 8237.81 34451.2 75628.2
0 10941.6 10941.6 78027
2 9323.47 9323.47 76769.6
3 9789.73 9789.73 77485.2
1 10600.2 12100.2 78191.4
2 10549.9 10549.9 78306.2
3 11742.9 13242.9 79569.8
0 11965 11965 80580.9
1 12048.5 13548.5 80935.5
2 11485.8 11485.8 80123.3
3 12602.3 14102.3 81500.2
2 13304.5 53218 82233.8
0 14971.1 20971.1 84133.5
1 14362 58948.1 83487.3
3 13448.2 14948.2 82856.3
2 16228.1 16228.1 86254.8
3 14984.7 14984.7 85206.3
1 16276.9 17776.9 86407.2
0 16305.2 16305.2 86434.7
3 17209.6 17209.6 87680.9
2 20075.2 26075.2 90276.2
1 18233.9 74435.4 88948.5
0 18145.6 78582.3 88536.1
3 19412.2 79148.6 90319.3
0 19564.6 19564.6 90335.1
1 21229.8 86419.3 92502.4
2 20886.4 26886.4 91820.7
3 22728.7 24228.7 93689.2
0 20822.2 26822.2 92145.2
2 22311.7 28311.7 93646.8
0 22521.1 22521.1 93898.1
1 23295.7 24795.7 94813.3
2 24017.7 96071 95949.2
3 24663.3 26163.3 96844.9
0 24576.7 104307 96203.8
1 24891.4 101066 96613.1
2 26379.5 111518 98503.8
0 26239.4 32239.4 98205.3
1 27035.5 109642 99019.6
3 27693 112272 99815.6
0 28056.1 34056.1 100189
2 28697.2 114789 101481
1 29382 117528 101749
3 29990 31490 102421
0 29774.5 125098 102207
2 31181 31181 103835
1 32432.3 131229 105176
0 33005.3 132021 105614
3 31995.7 127983 104601
2 32982.7 137931 105780
3 34147.2 34147.2 107014
1 34574.9 34574.9 107440
0 36727 146908 109599
60
2 300.611 6300.61 66076.1
3 193.183 2272.73 66135.6
0 411.509 411.509 66544.9
1 1897.85 3397.85 67769.7
2 2214.29 8214.29 68200.2
3 2272.54 3772.54 68484.9
0 3101.41 9101.41 69116.7
1 3546.92 5046.92 69260.1
2 4226.97 10227 70285.8
3 4850.03 4850.03 70931.7
0 5108.13 26432.5 71253.6
1 7257.54 7257.54 73370.4
2 6232.13 6232.13 72440.5
3 7321.38 7321.38 73666.9
0 8964 8964 75364.5
2 8227.59 14227.6 74608.7
1 9152.18 9152.18 75387.7
3 10680.8 44223.4 76991.7
2 10064.4 40257.4 76437.5
0 13088 19088 79452.8
1 10853.6 12353.6 77447.6
2 11429.9 17429.9 78477.2
3 14249.6 15749.6 81334.7
1 12280.7 13780.7 79406.9
2 14125.8 56503.1 81362.5
1 14083.5 56334 81550.1
0 14041.1 56164.2 81423.9
3 18653.1 18653.1 86065.9
2 15839 15839 83315.1
0 15972.3 15972.3 84273
1 14123.7 14123.7 83713
2 15846.8 63387.2 86046.9
1 16993.2 69472.9 86450
0 16873.6 16873.6 87144.1
2 18946.1 81784.2 88873.8
3 18528.6 74114.4 88647.3
1 17810.1 19310.1 87956.3
0 19735.2 84940.8 90476.9
1 19035.8 76143.1 89842
3 19714.8 80359.2 91029.4
2 20153.1 20153.1 91708.6
1 21065.9 85763.6 92133.2
0 21115.2 21115.2 92273.4
3 22251.5 23751.5 94028.1
2 23245.8 23245.8 94769.7
1 22524.4 91597.7 93709.7
0 22521.2 90084.7 94108.9
1 23715.7 94862.9 95677.4
3 26358 106932 97837.6
0 24366.7 97466.9 96091
2 25752.8 25752.8 97603.8
1 25289.8 25289.8 97150.1
0 26065.3 26065.3 98571.4
1 26869.3 107477 99598.4
2 26969.3 26969.3 99638.1
3 27454.8 109819 100060
0 27991.5 33991.5 100539
1 29243.7 30743.7 101895
2 30357.8 127431 103440
3 29006.1 30506.1 101808
59
3 157.414 2129.66 65918.1
2 283.517 7134.07 66084.4
1 614.095 614.095 66464.5
0 567.822 567.822 66609.5
3 1692.34 3192.34 67748.6
2 1847.85 7391.42 67909.3
1 4461.94 17847.7 70959.1
0 3986.38 3986.38 70325.8
3 3255.09 13020.3 69768.9
2 3413.05 13652.2 69818.5
3 5277.26 21109 71748.7
2 5582.78 5582.78 72214.8
0 7796.98 31187.9 74346.7
1 6626.02 8126.02 73039.1
3 7016.71 28066.9 73631
2 7365.96 7365.96 74478.7
1 9060.37 36241.5 76011.1
3 8237.81 34451.2 75628.2
0 10941.6 10941.6 78027
2 9323.47 9323.47 76769.6
3 9789.73 9789.73 77485.2
1 10600.2 12100.2 78191.4
2 10549.9 10549.9 78306.2
3 11742.9 13242.9 79569.8
0 11965 11965 80580.9
1 12048.5 13548.5 80935.5
2 11485.8 11485.8 80123.3
3 12602.3 14102.3 81500.2
2 13304.5 53218 82233.8
0 14971.1 20971.1 84133.5
1 14362 58948.1 83487.3
3 15888.6 17388.6 85242.2
2 14914.7 65658.6 84162
1 17987.5 17987.5 87513.7
0 16998.8 73995.2 86507.7
2 16560.5 66241.8 86574.4
3 19255.4 20755.4 89418.7
0 19069.3 19069.3 89430.6
2 18697.3 74789.3 88853.3
1 20009.5 20009.5 91073.7
2 19917.8 19917.8 91368.2
3 21033.9 22533.9 92192.2
0 21212.7 21212.7 92989.4
1 23396.7 24896.7 94920.6
2 22299.6 89198.4 93484.9
3 22439.9 91259.8 94027.7
0 25269.1 107076 97230.7
2 23534.5 94137.8 95014
3 24285.5 98642 96009.7
1 25903.7 27403.7 97754.7
2 24977.8 30977.8 96838.1
3 25984.1 27484.1 98490.2
2 26557.3 112229 99286.4
0 26707.5 26707.5 99376.3
1 27371.9 109488 99977
3 27910.3 27910.3 100458
2 28931.7 28931.7 101583
0 30096 126384 103178
1 28923.2 30423.2 101725
72
2 393.879 393.879 66207
3 132.604 530.416 65941.9
1 361.891 2947.56 66388.8
0 574.115 8296.46 66450.1
3 1997.26 7989.04 67933.4
2 2238.24 8952.95 68149
1 2816.1 2816.1 68819
0 3566.79 9566.79 69600.4
3 3928.81 17215.3 70198.5
2 4040.45 4040.45 70139.2
1 4768 19072 70746.5
0 6105.63 30422.5 72407
2 6030.43 30121.7 72172.8
3 6216.94 6216.94 72615
1 6304.47 6304.47 72753.6
2 7621.74 7621.74 74115.9
0 8736.34 40945.4 75225.3
3 8187.81 34251.2 74548.8
1 10039.1 41656.3 76854.6
2 10405.4 47621.7 77032.9
3 9669.25 40177 76498.1
0 13105.7 58422.6 82939.2
3 11410.4 11410.4 78437.9
1 14469.5 15969.5 81488.6
2 12631 50524.2 79834.3
3 12829.4 52817.6 80347.3
2 15092.2 60368.7 82753.2
3 14471.5 59386.2 82395.8
1 15473.2 63393 83384.5
3 16177.7 16177.7 84631.6
2 16736 16736 85054.4
0 17145.6 74582.5 85893.5
1 16883.3 69033.1 85495.2
3 17689.5 70757.9 86709.3
2 18483.5 18483.5 87831.3
1 17504 70015.8 87082.7
0 17943 17943 87958.5
3 19761.7 80546.7 89674.8
1 18177.1 18177.1 88919.5
2 20408.7 87634.8 91156.8
0 19005.3 25005.3 90112.2
1 20003.5 81514.1 90841.7
3 22100.3 88401.1 93312.7
0 22249.2 88996.7 93414.2
1 22143.1 22143.1 93342.7
2 21783.9 27783.9 92987.1
2 23621.3 29621.3 94958.6
3 23897.2 25397.2 95165.6
1 23760.9 96543.7 94899.1
0 25357.2 101429 96917.9
1 26854.5 28354.5 98536
2 25523 102092 96929.9
3 25954 105316 97245.3
0 29509.9 118040 100966
2 27266.4 27266.4 98746.9
3 27500.5 111502 99047.7
1 30569.4 32069.4 102375
2 28622.5 114490 100596
3 29617.4 119969 101832
2 30453.2 30453.2 102357
0 30938.1 36938.1 102972
3 33109.2 33109.2 104907
2 32970.6 32970.6 104897
1 32233.8 33733.8 104439
0 32839.3 131357 104984
1 35021.4 141586 107531
2 34668.5 34668.5 107099
3 34516.9 139568 107531
0 34421.2 137685 106799
0 36686 36686 109295
2 36787 153148 109807
3 37307.6 38807.6 110070
74
2 290.669 290.669 66064.8
0 651.029 651.029 66610.1
1 645.799 645.799 66684.4
3 199.731 199.731 66274.2
2 1724.13 7724.13 67633.5
3 2220.28 2220.28 68291
0 2498.8 8498.8 68563.2
1 2476.67 11406.7 68620.7
2 3310.67 9310.67 69614.6
3 3775.86 5275.86 69858.7
0 4154.33 4154.33 70534.7
1 4345.96 18883.8 70995.7
2 5295.31 11295.3 71589.1
3 5321.43 6821.43 71859.8
0 6663.79 32655.2 73148.3
1 6742.2 6742.2 74030.7
2 8956.25 8956.25 76012.6
3 8082.7 33830.8 75214
0 8271.61 14271.6 75361.5
1 9802.7 39210.8 76827.2
3 12124.6 13624.6 79231.8
0 9955.15 9955.15 77205.1
2 13385.3 19385.3 80919.2
1 11030.1 11030.1 78725.6
0 12116.2 12116.2 79707.5
1 13046.2 14546.2 80802.5
3 12948.7 14448.7 80775.6
0 13869.1 13869.1 82485.1
3 14377.4 15877.4 83264.4
1 13982.1 15482.1 82619.6
2 13975 13975 82872.9
0 17778.8 71115 86708
1 15677.1 15677.1 84839.5
2 16762.7 67050.8 85887.9
3 17175.3 18675.3 86528.8
1 18105.2 72420.6 87352.5
2 20388.2 26388.2 89914.4
3 20665 82660.1 90173.9
0 18863.5 75454 88877.5
1 19416.3 20916.3 89579.6
0 21439.1 21439.1 91800.4
1 21422.7 87190.6 91578.7
2 22410.1 28410.1 93474.4
3 21782.1 23282.1 93232.6
1 22359.1 89436.2 93571.5
0 22577 90308.1 93742.1
3 24349 24349 95548.7
2 26264.2 32264.2 97467.4
1 24640.6 24640.6 95977.9
0 24224.9 24224.9 95493.4
0 26449.9 105800 97588.1
3 27491.7 111467 99052.3
1 27894.7 29394.7 99576.2
2 27882.2 111529 99289.1
0 27837.4 111350 99128.8
3 31644.3 128077 103100
0 29465.3 29465.3 100946
2 29544.3 118177 101091
1 31609.7 33109.7 103415
0 30821.4 123286 102795
2 31661.1 126644 103876
0 32652 32652 104556
3 33072.6 33072.6 105107
1 33665.5 33665.5 105463
2 35068.5 35068.5 106995
0 34335.9 34335.9 106541
3 34973.8 141395 107118
1 35080.3 141821 107590
0 36069.9 36069.9 108501
2 36605.3 146421 109619
3 36555.6 147723 108933
1 37477.6 38977.6 110086
0 38188.5 158754 111209
3 38105.4 39605.4 110867
64
2 393.879 393.879 66207
3 132.604 530.416 65941.9
1 361.891 2947.56 66388.8
0 574.115 8296.46 66450.1
3 1997.26 7989.04 67933.4
2 2238.24 8952.95 68149
1 2816.1 2816.1 68819
0 3566.79 9566.79 69600.4
3 3928.81 17215.3 70198.5
2 4040.45 4040.45 70139.2
1 4768 19072 70746.5
0 6105.63 30422.5 72407
2 6030.43 30121.7 72172.8
3 6216.94 6216.94 72615
1 6304.47 6304.47 72753.6
2 7621.74 7621.74 74115.9
0 8736.34 40945.4 75225.3
3 8187.81 34251.2 74548.8
1 10039.1 41656.3 76854.6
2 10405.4 47621.7 77032.9
3 9669.25 40177 76498.1
0 13105.7 58422.6 82939.2
3 11410.4 11410.4 78437.9
1 14469.5 15969.5 81488.6
2 12631 50524.2 79834.3
3 12486 13986 79970.2
2 14639.3 20639.3 82243.9
3 13852.5 56910.1 81514.9
1 15430.1 15430.1 83429.6
3 15195.1 16695.1 83043.3
2 16027.5 16027.5 84270.3
0 16632.7 72530.7 85127.1
3 18350.8 74903.1 86825.6
1 16783.6 68634.2 85357.9
2 18215.3 18215.3 87080.6
0 18808.5 24808.5 87701.6
1 18279.4 19779.4 87603
3 21246.5 22746.5 90516.9
2 20509.7 20509.7 89857.5
1 20595.6 82382.3 90174.4
0 19751.1 19751.1 89766.6
0 22819 91275.8 92732.1
2 22460.6 28460.6 93203
1 21234.4 84937.7 91982.5
3 21662.4 21662.4 92769.3
1 23066.6 93766.4 93904.8
0 25546.5 25546.5 96704.8
3 23991.3 25491.3 95768
2 24076.4 24076.4 95600.2
1 24905.8 101123 96091.1
2 26836.8 107347 98424.6
3 28047.7 112191 100009
1 26140.7 106063 97620.3
0 26962.6 107850 98686.9
1 27623.3 29123.3 99474.3
2 28388.3 34388.3 100249
0 28661.2 28661.2 101167
1 28779.9 115119 101509
3 29486.1 30986.1 102155
2 29619.7 124479 102225
0 30587.4 36587.4 103135
1 31154.2 32654.2 103805
3 32874.6 131498 105957
2 31171 31171 103973
66
2 290.669 290.669 66064.8
0 651.029 651.029 66610.1
1 645.799 645.799 66684.4
3 199.731 199.731 66274.2
2 1724.13 7724.13 67633.5
3 2220.28 2220.28 68291
0 2498.8 8498.8 68563.2
1 2476.67 11406.7 68620.7
2 3310.67 9310.67 69614.6
3 3775.86 5275.86 69858.7
0 4154.33 4154.33 70534.7
1 4345.96 18883.8 70995.7
2 5295.31 11295.3 71589.1
3 5321.43 6821.43 71859.8
0 6663.79 32655.2 73148.3
1 6742.2 6742.2 74030.7
2 8956.25 8956.25 76012.6
3 8082.7 33830.8 75214
0 8271.61 14271.6 75361.5
1 9802.7 39210.8 76827.2
3 12124.6 13624.6 79231.8
0 9955.15 9955.15 77205.1
2 13385.3 19385.3 80919.2
1 11218.7 46374.8 78736.6
0 11900.4 47601.8 79561.4
1 12860.8 52943.4 80785.1
3 13216.5 54365.9 81127.7
0 13343.3 19343.3 81797.2
1 14768 16268 83086.3
2 15125.6 66502.3 83873.4
3 14626.5 60006 83238.4
0 14855.1 65420.4 83875
1 16515.4 18015.4 85863.2
3 15247.2 60988.8 84826
2 15923 15923 85938.5
0 16927.3 67709.3 86840.5
3 15920.3 15920.3 86662.7
1 18440.6 73762.5 89188.7
2 16985.2 22985.2 88092.1
3 17746.8 72487.1 88584.9
0 19249.8 19249.8 90210.4
2 20104.5 26104.5 91427.6
3 19770 19770 91105.1
1 19564.6 21064.6 90941.6
0 20688.8 20688.8 92206.4
1 21491 87464.2 93422.5
3 22079.2 23579.2 94260.8
2 21610.7 92442.8 93237.8
0 22284.5 89138 94006.2
2 23157.4 98629.6 95281.7
1 23882.1 23882.1 95848
0 24428.6 97714.4 96412.8
3 25108.8 101935 97231.5
2 25466.5 31466.5 97599.9
1 26275.1 106600 99059.1
0 26775.1 113100 99142.6
3 27405.9 28905.9 99836.4
2 27184.9 114740 99617.7
1 28758.9 30258.9 101413
0 29825.4 119302 102569
2 30415.8 121663 103025
3 29411.6 117646 102016
1 30560.6 122242 103358
3 31563.1 31563.1 104430
0 31968.1 37968.1 104833
2 34137.5 136550 107010
55
2 393.879 393.879 66207
3 132.604 530.416 65941.9
1 361.891 2947.56 66388.8
0 574.115 8296.46 66450.1
3 1997.26 7989.04 67933.4
2 2238.24 8952.95 68149
1 2816.1 2816.1 68819
0 3566.79 9566.79 69600.4
3 3928.81 17215.3 70198.5
2 4040.45 4040.45 70139.2
1 4768 19072 70746.5
0 6105.63 30422.5 72407
2 6030.43 30121.7 72172.8
3 6216.94 6216.94 72615
1 6304.47 6304.47 72753.6
2 7621.74 7621.74 74115.9
0 8736.34 40945.4 75225.3
3 8187.81 34251.2 74548.8
1 10039.1 41656.3 76854.6
2 10405.4 47621.7 77032.9
3 9669.25 40177 76498.1
0 13105.7 58422.6 82939.2
3 11410.4 11410.4 78437.9
1 14469.5 15969.5 81488.6
2 12631 50524.2 79834.3
3 12494 13994 79970.2
2 13326.9 13326.9 81627.6
3 13399.3 14899.3 82747.1
1 13497.3 53989.4 83076.1
2 14298.9 14298.9 84314.4
3 15086.7 61846.7 84999.8
0 14181 20181 84923.4
1 14136.2 56544.8 84884.3
2 15361.1 21361.1 86468
1 15968.4 65373.4 86806.5
0 15644.3 62577.2 86677
3 17884.1 19384.1 89020.8
2 18625.3 74501.2 89908.4
0 17553.1 17553.1 88604.6
1 17820.4 19320.4 89088.5
0 19233.5 76933.9 90813.3
3 19512 79548.1 91051.2
1 19518.6 21018.6 91104.7
2 20135.8 86543.2 91849.1
0 21653.6 21653.6 93373
3 21091.4 84365.4 93035.5
1 21403.5 22903.5 93416.3
2 21435.7 91742.9 93655.9
3 22898 22898 95119.6
0 23107.6 23107.6 95350.2
1 22835.4 24335.4 95224.4
2 23422 93688.1 95595.2
3 25325.2 101301 98017.3
1 25093.1 101872 98001.6
0 24585.3 104341 97518.3
63
2 393.879 393.879 66207
3 132.604 530.416 65941.9
1 361.891 2947.56 66388.8
0 574.115 8296.46 66450.1
3 1997.26 7989.04 67933.4
2 2238.24 8952.95 68149
1 2816.1 2816.1 68819
0 3566.79 9566.79 69600.4
3 3928.81 17215.3 70198.5
2 4040.45 4040.45 70139.2
1 4768 19072 70746.5
0 6105.63 30422.5 72407
2 6030.43 30121.7 72172.8
3 6216.94 6216.94 72615
1 6304.47 6304.47 72753.6
2 7621.74 7621.74 74115.9
0 8736.34 40945.4 75225.3
3 8187.81 34251.2 74548.8
1 10039.1 41656.3 76854.6
2 10405.4 47621.7 77032.9
3 9669.25 40177 76498.1
0 13105.7 58422.6 82939.2
3 11410.4 11410.4 78437.9
1 14469.5 15969.5 81488.6
2 12631 50524.2 79834.3
3 12564.4 14064.4 80311
2 14612.8 58451.2 82612.2
3 14888 14888 82900.8
1 15279.7 15279.7 83302.8
2 16934.4 16934.4 85863.9
3 16890 69059.8 85496.1
0 15912.1 63648.5 84365
1 17868.3 19368.3 86946.4
0 18102.9 18102.9 87122.2
3 18360.5 73441.9 87556
2 18077.2 72308.6 87844.4
1 21167.2 22667.2 91188.9
0 20726.9 26726.9 90450.2
3 19387.9 19387.9 89298.6
2 22284.3 95137.3 92165.8
3 22961.7 24461.7 93385.8
0 21953.7 21953.7 92248.3
1 22921.9 91687.8 93634
2 23891 101564 94237.8
0 25511.8 25511.8 96098.2
3 27083.8 28583.8 97759.2
1 25868.9 27368.9 96650.5
2 24925.6 24925.6 96181.1
0 29697.4 29697.4 100883
2 26845.7 26845.7 98256.2
1 27658.7 29158.7 98963.2
3 28536 30036 100066
2 28649 120596 100398
1 29133.3 29133.3 100758
3 30256.7 31756.7 102030
2 30510.3 128041 102350
1 30709.6 30709.6 102756
0 30821 30821 102970
3 31535.2 33035.2 104283
2 32087.7 32087.7 104410
1 31949.9 33449.9 104547
0 32502.3 136009 105525
3 33806.7 35306.7 106860
59
3 157.414 2129.66 65918.1
2 283.517 7134.07 66084.4
1 614.095 614.095 66464.5
0 567.822 567.822 66609.5
3 1692.34 3192.34 67748.6
2 1847.85 7391.42 67909.3
1 4461.94 17847.7 70959.1
0 3986.38 3986.38 70325.8
3 3255.09 13020.3 69768.9
2 3413.05 13652.2 69818.5
3 5277.26 21109 71748.7
2 5582.78 5582.78 72214.8
0 7796.98 31187.9 74346.7
1 6626.02 8126.02 73039.1
3 7016.71 28066.9 73631
2 7365.96 7365.96 74478.7
1 9060.37 36241.5 76011.1
3 8237.81 34451.2 75628.2
0 10941.6 10941.6 78027
2 9323.47 9323.47 76769.6
3 10217.6 11717.6 77701.8
1 10059.7 10059.7 77664.4
2 10651.9 42607.7 78314.3
1 12063.3 12063.3 80062.9
3 11382 12882 79230.2
0 12911 12911 81153.8
2 12255.7 55022.9 80750.2
3 14537.7 59650.8 83012.5
1 13416.8 55167.1 81991.1
2 14695.2 14695.2 83560.4
0 14835.2 20835.2 83728.2
1 14912.6 16412.6 84236.3
3 17433.4 18933.4 86703.8
2 18483 18483 87836.5
0 16993.9 73975.6 86241.2
1 17539.6 17539.6 87065.8
0 19152.7 82610.6 88661.6
3 18881.6 77026.3 88895.5
1 19129.6 20629.6 89292.9
2 22362 22362 92723.3
0 20784.5 83137.9 90940.5
3 20598.4 20598.4 91662.6
1 20862.3 22362.3 92312.7
0 22087.5 22087.5 93343
3 24495.4 25995.4 95681.4
1 23350.5 24850.5 94761.1
2 23416.1 23416.1 94720.6
0 23810.5 23810.5 95340.5
2 24995.9 105984 96744.7
1 24863.9 24863.9 96488.6
0 25531.2 25531.2 97305
3 25600.4 102402 97439.9
1 26440.2 26440.2 98486.2
2 26521.6 26521.6 98670.5
0 26809.7 26809.7 99557.8
3 27177.8 28677.8 99499.8
1 27680.5 29180.5 100277
2 28202.8 118811 101225
3 29227.6 30727.6 102281
73
2 300.611 6300.61 66076.1
3 193.183 2272.73 66135.6
0 411.509 411.509 66544.9
1 1897.85 3397.85 67769.7
2 2214.29 8214.29 68200.2
3 2272.54 3772.54 68484.9
0 3101.41 9101.41 69116.7
1 3546.92 5046.92 69260.1
2 4226.97 10227 70285.8
3 4850.03 4850.03 70931.7
0 5108.13 26432.5 71253.6
1 7257.54 7257.54 73370.4
2 6232.13 6232.13 72440.5
3 7321.38 7321.38 73666.9
0 8964 8964 75364.5
2 8227.59 14227.6 74608.7
1 9152.18 9152.18 75387.7
3 10680.8 44223.4 76991.7
2 10064.4 40257.4 76437.5
0 13088 19088 79452.8
1 10853.6 12353.6 77447.6
2 11429.9 17429.9 78477.2
3 14249.6 15749.6 81334.7
1 12280.7 13780.7 79406.9
2 14125.8 56503.1 81362.5
1 14083.5 56334 81550.1
0 14041.1 56164.2 81423.9
3 18653.1 18653.1 86065.9
2 15839 15839 83315.1
0 15972.3 15972.3 84273
1 13955.5 15455.5 83363.5
2 17592.5 17592.5 87619.1
1 15491.9 15491.9 85713.5
0 16365.3 16365.3 86495.6
1 18475.1 19975.1 88604.6
3 18397.6 18397.6 88868.9
0 19632.8 25632.8 89833.9
2 20126.1 80504.3 90840.7
1 20315.4 81261.8 90706
3 20600.1 83900.5 91507.3
0 20862.3 20862.3 91632.8
1 21497.8 87491 92770.3
2 23022.8 29022.8 93957
3 23932.7 95730.9 95145.1
0 22271.9 89087.5 93436.9
1 23886.7 23886.7 95086.4
0 24064.1 30064.1 95267.3
2 24591.1 30591.1 95928.5
1 25569.2 27069.2 96837.7
3 26101.7 105907 97239.8
0 27210.2 108841 98770.9
2 27845.3 27845.3 99526.8
1 27733 112432 99139.9
3 27489.2 111457 98780.5
0 31362.9 125452 102819
3 29117 30617 100598
1 29395.1 119080 100942
2 31560.2 31560.2 103366
3 30473.1 123393 102446
1 31511.9 127548 103726
3 32303.8 33803.8 104208
0 32791.1 38791.1 104825
2 33616.1 39616.1 105413
1 34919.3 36419.3 106846
3 33987.6 35487.6 106193
0 34692.4 138769 106837
2 35030.9 140124 107541
3 35721.7 37221.7 108152
0 36594.1 146377 109608
1 36183.4 146234 108561
2 37428.1 37428.1 110037
3 37840.2 151361 110860
1 37733.2 39233.2 110495
59
2 300.611 6300.61 66076.1
3 193.183 2272.73 66135.6
0 411.509 411.509 66544.9
1 1897.85 3397.85 67769.7
2 2214.29 8214.29 68200.2
3 2272.54 3772.54 68484.9
0 3101.41 9101.41 69116.7
1 3546.92 5046.92 69260.1
2 4226.97 10227 70285.8
3 4850.03 4850.03 70931.7
0 5108.13 26432.5 71253.6
1 7257.54 7257.54 73370.4
2 6232.13 6232.13 72440.5
3 7321.38 7321.38 73666.9
0 8964 8964 75364.5
2 8227.59 14227.6 74608.7
1 9152.18 9152.18 75387.7
3 10680.8 44223.4 76991.7
2 10064.4 40257.4 76437.5
0 13088 19088 79452.8
1 10853.6 12353.6 77447.6
2 11429.9 17429.9 78477.2
3 14249.6 15749.6 81334.7
1 12280.7 13780.7 79406.9
2 14125.8 56503.1 81362.5
1 14083.5 56334 81550.1
0 14041.1 56164.2 81423.9
3 18653.1 18653.1 86065.9
2 15839 15839 83315.1
0 15972.3 15972.3 84273
1 14304.3 57217.3 83499.9
2 17807.8 71231.1 87575
1 15464.3 16964.3 85486
0 17877.7 23877.7 87601
1 17556.6 17556.6 87467.2
3 17947.6 71790.4 87829
1 21130.4 22630.4 91554.5
2 21517.6 21517.6 91812.3
0 19844.4 85377.8 90556.5
3 19554.3 78217.2 89901.1
3 23692.4 25192.4 94278.8
0 22757.5 22757.5 93433
1 25309.2 26809.2 96090.8
2 22959.3 22959.3 94214.8
0 24553.7 24553.7 95739.7
2 24879.4 24879.4 96290
3 27763.2 29263.2 99067.7
0 26019.7 26019.7 97549.7
1 26841.9 107367 98590.6
2 26392.7 32392.7 98017.5
0 27740.4 27740.4 99514.2
2 28130.1 118520 99969.6
1 28542.1 28542.1 100588
3 29005.4 30505.4 101154
0 29018.9 29018.9 101767
2 29707.5 29707.5 102029
1 29782.4 31282.4 102379
3 30686.6 122746 103709
0 31290.4 31290.4 104344
80
2 300.611 6300.61 66076.1
3 193.183 2272.73 66135.6
0 411.509 411.509 66544.9
1 1897.85 3397.85 67769.7
2 2214.29 8214.29 68200.2
3 2272.54 3772.54 68484.9
0 3101.41 9101.41 69116.7
1 3546.92 5046.92 69260.1
2 4226.97 10227 70285.8
3 4850.03 4850.03 70931.7
0 5108.13 26432.5 71253.6
1 7257.54 7257.54 73370.4
2 6232.13 6232.13 72440.5
3 7321.38 7321.38 73666.9
0 8964 8964 75364.5
2 8227.59 14227.6 74608.7
1 9152.18 9152.18 75387.7
3 10680.8 44223.4 76991.7
2 10064.4 40257.4 76437.5
0 13088 19088 79452.8
1 10853.6 12353.6 77447.6
2 11429.9 17429.9 78477.2
3 14249.6 15749.6 81334.7
1 12280.7 13780.7 79406.9
2 14125.8 56503.1 81362.5
1 14083.5 56334 81550.1
0 14041.1 56164.2 81423.9
3 18653.1 18653.1 86065.9
2 15657.9 62631.6 83175.8
0 15506 62023.9 83167
1 15782.6 64630.2 83706.8
0 16760.2 67040.9 84671.5
2 16957.7 22957.7 85411.6
1 17689.7 19189.7 86008
0 18466.5 79865.8 87214.3
2 18910.4 75641.5 87522.3
1 19189.4 76757.5 88209.2
3 18447.3 19947.3 87855.3
0 20942.8 20942.8 90969.4
2 20172.2 26172.2 90393.8
3 19978.3 21478.3 90108.7
1 20381 21881 90510.4
3 22112 22112 92583.3
2 23531 29531 93732.1
1 22067.3 89769.4 92782
0 24421.3 103685 94811.9
3 24314.6 98758.2 95221.7
1 25302.1 26802.1 96072.6
2 24523.8 98095.2 95796.4
0 25422.1 31422.1 96356.3
3 27647.2 110589 98859.6
2 26907.2 107629 98072.2
1 26702.3 26702.3 97902
0 26983.5 32983.5 98186.6
1 28536.1 28536.1 99873.5
2 28555 28555 99823.5
0 28604.8 114419 99743
3 30271.7 122587 101832
0 31698.4 31698.4 103380
2 30718.8 122875 102126
1 30508.6 123534 101800
1 32181.8 130227 103638
3 34332.1 35832.1 105813
2 32380.9 129523 103928
0 35413.3 35413.3 107219
1 33513.2 135553 105486
2 34497.7 137991 106712
1 35343.8 36843.8 107248
3 35785 35785 107819
2 37989.6 43989.6 109787
0 37379.7 37379.7 109306
1 37027.7 38527.7 109233
3 37686.2 152245 109831
1 39815.3 160761 112325
0 39077.6 39077.6 111508
2 39397.3 157589 112411
3 39268.1 158572 111646
0 41453 41453 114062
3 40740.4 162961 113761
1 41497.6 42997.6 114259
71
2 393.879 393.879 66207
3 132.604 530.416 65941.9
1 361.891 2947.56 66388.8
0 574.115 8296.46 66450.1
3 1997.26 7989.04 67933.4
2 2238.24 8952.95 68149
1 2816.1 2816.1 68819
0 3566.79 9566.79 69600.4
3 3928.81 17215.3 70198.5
2 4040.45 4040.45 70139.2
1 4768 19072 70746.5
0 6105.63 30422.5 72407
2 6030.43 30121.7 72172.8
3 6216.94 6216.94 72615
1 6304.47 6304.47 72753.6
2 7621.74 7621.74 74115.9
0 8736.34 40945.4 75225.3
3 8187.81 34251.2 74548.8
1 10039.1 41656.3 76854.6
2 10405.4 47621.7 77032.9
3 9669.25 40177 76498.1
0 13105.7 58422.6 82939.2
3 11410.4 11410.4 78437.9
1 14469.5 15969.5 81488.6
2 12631 50524.2 79834.3
3 12486 13986 79970.2
2 14639.3 20639.3 82243.9
3 13852.5 56910.1 81514.9
1 15430.1 15430.1 83429.6
3 15195.1 16695.1 83043.3
2 16027.5 16027.5 84270.3
0 16632.7 72530.7 85127.1
3 18350.8 74903.1 86825.6
1 16783.6 68634.2 85357.9
2 18215.3 18215.3 87080.6
0 18808.5 24808.5 87701.6
1 18279.4 19779.4 87603
3 21246.5 22746.5 90516.9
2 19462 19462 88870
1 21331.5 22831.5 91358.2
0 19957.1 25957.1 90178.7
2 20993 20993 91123.3
0 22940.3 22940.3 93069.8
3 22311.1 22311.1 92782.4
2 24260.5 30260.5 94461.5
1 23865.1 96960.4 94579.7
3 25525.5 102102 95916
0 25513.9 102055 96421
2 25490 25490 96260.4
1 26861 108944 98133.6
3 26526.2 26526.2 97460.5
2 26981.4 107925 98014.1
0 29305.3 29305.3 100442
3 28139.3 114057 99422.3
2 28890.2 28890.2 99941.7
1 28713.7 30213.7 99981.8
3 30370.4 122982 101950
2 30432.9 121731 101972
1 30411.9 31911.9 101998
0 30525.3 128101 102239
3 32790.5 34290.5 104510
2 32012.2 134049 103956
1 32296.8 33796.8 104310
0 31825.2 133301 104045
2 33818.8 39818.8 106040
0 34245.3 34245.3 106488
1 33728.6 35228.6 106118
3 34114 137956 106287
2 36246 150984 108938
1 35986.3 145445 108895
3 35522.2 142089 108455
63
2 300.611 6300.61 66076.1
3 193.183 2272.73 66135.6
0 411.509 411.509 66544.9
1 1897.85 3397.85 67769.7
2 2214.29 8214.29 68200.2
3 2272.54 3772.54 68484.9
0 3101.41 9101.41 69116.7
1 3546.92 5046.92 69260.1
2 4226.97 10227 70285.8
3 4850.03 4850.03 70931.7
0 5108.13 26432.5 71253.6
1 7257.54 7257.54 73370.4
2 6232.13 6232.13 72440.5
3 7321.38 7321.38 73666.9
0 8964 8964 75364.5
2 8227.59 14227.6 74608.7
1 9152.18 9152.18 75387.7
3 10680.8 44223.4 76991.7
2 10064.4 40257.4 76437.5
0 13088 19088 79452.8
1 10853.6 12353.6 77447.6
2 11429.9 17429.9 78477.2
3 14249.6 15749.6 81334.7
1 12280.7 13780.7 79406.9
2 14125.8 56503.1 81362.5
1 14083.5 56334 81550.1
0 14041.1 56164.2 81423.9
3 18653.1 18653.1 86065.9
2 15657.9 62631.6 83175.8
0 15506 62023.9 83167
1 15782.6 64630.2 83706.8
0 16760.2 67040.9 84671.5
2 16957.7 22957.7 85411.6
1 17689.7 19189.7 86008
0 18466.5 79865.8 87214.3
2 18910.4 75641.5 87522.3
1 19189.4 76757.5 88209.2
3 19495 20995 88842.8
0 20206.9 86827.4 89785.6
2 19702.6 19702.6 89718.1
1 21261.6 86546.3 91174.7
3 21446 21446 92188.4
2 21763.1 93052.3 92511.1
0 21456.8 27456.8 92563.7
1 23825.1 96800.5 94663.3
3 22826.6 24326.6 93984.9
2 24607 24607 96383.7
0 24100.9 24100.9 95624.8
3 24376.2 99004.7 95561.4
1 25573 103792 97160.7
3 25567.5 102270 97529.1
0 26664.6 106659 98144.2
2 28022.5 112090 99746.8
1 27163.7 28663.7 99014.7
3 27141.5 27141.5 99001.9
0 27644 27644 100150
3 28721 114884 101450
1 28380.2 29880.2 101049
2 29117.8 122471 101723
0 29570.2 35570.2 102118
1 30694.2 32194.2 103345
3 32169.8 128679 105252
2 30669.1 30669.1 103471
67
2 300.611 6300.61 66076.1
3 193.183 2272.73 66135.6
0 411.509 411.509 66544.9
1 1897.85 3397.85 67769.7
2 2214.29 8214.29 68200.2
3 2272.54 3772.54 68484.9
0 3101.41 9101.41 69116.7
1 3546.92 5046.92 69260.1
2 4226.97 10227 70285.8
3 4850.03 4850.03 70931.7
0 5108.13 26432.5 71253.6
1 7257.54 7257.54 73370.4
2 6232.13 6232.13 72440.5
3 7321.38 7321.38 73666.9
0 8964 8964 75364.5
2 8227.59 14227.6 74608.7
1 9152.18 9152.18 75387.7
3 10680.8 44223.4 76991.7
2 10064.4 40257.4 76437.5
0 13088 19088 79452.8
1 10853.6 12353.6 77447.6
2 11429.9 17429.9 78477.2
3 14249.6 15749.6 81334.7
1 12280.7 13780.7 79406.9
2 14125.8 56503.1 81362.5
1 14083.5 56334 81550.1
0 14041.1 56164.2 81423.9
3 18653.1 18653.1 86065.9
2 15657.9 62631.6 83175.8
0 15506 62023.9 83167
1 15782.6 64630.2 83706.8
0 16760.2 67040.9 84671.5
2 16957.7 22957.7 85411.6
1 17689.7 19189.7 86008
0 18466.5 79865.8 87214.3
2 18910.4 75641.5 87522.3
1 19189.4 76757.5 88209.2
3 18902.1 18902.1 88491.4
0 20118.4 80473.6 90318.5
2 19623 78492 89079.7
1 20361.6 21861.6 90632.1
3 21388.8 85555.3 91316.6
2 21542.4 92169.6 91661.1
0 22651.7 22651.7 92797.9
1 23223.2 92892.8 93964.9
3 22396 89584.1 93202.2
2 22728.6 90914.3 94043.2
0 24077.1 24077.1 95632.7
3 24426.1 99204.5 95493.4
1 24603.2 26103.2 95761.4
2 25265.2 25265.2 97041.9
3 26366.8 27866.8 97890.6
0 27595.6 110382 98780.8
1 26009.2 105537 97596.9
2 29321.6 123286 101283
1 27646.5 112086 99126.1
3 28512.4 115549 100237
0 28783.9 28783.9 100635
1 29089.8 29089.8 100950
3 30211 31711 102717
0 29940.4 125762 102670
1 30427 31927 103096
2 30654.2 128617 103259
0 32426 38426 104974
3 32015.3 33515.3 104666
1 33815.4 135262 106897
2 32205.6 32205.6 105008
65
2 300.611 6300.61 66076.1
3 193.183 2272.73 66135.6
0 411.509 411.509 66544.9
1 1897.85 3397.85 67769.7
2 2214.29 8214.29 68200.2
3 2272.54 3772.54 68484.9
0 3101.41 9101.41 69116.7
1 3546.92 5046.92 69260.1
2 4226.97 10227 70285.8
3 4850.03 4850.03 70931.7
0 5108.13 26432.5 71253.6
1 7257.54 7257.54 73370.4
2 6232.13 6232.13 72440.5
3 7321.38 7321.38 73666.9
0 8964 8964 75364.5
2 8227.59 14227.6 74608.7
1 9152.18 9152.18 75387.7
3 10680.8 44223.4 76991.7
2 10064.4 40257.4 76437.5
0 13088 19088 79452.8
1 10853.6 12353.6 77447.6
2 11429.9 17429.9 78477.2
3 14249.6 15749.6 81334.7
1 12280.7 13780.7 79406.9
2 14125.8 56503.1 81362.5
1 14083.5 56334 81550.1
0 14041.1 56164.2 81423.9
3 18653.1 18653.1 86065.9
2 15908.3 21908.3 83603.8
0 16373 16373 83964.3
1 15761.7 17261.7 83518
1 17235 18735 85061.9
2 17952.2 17952.2 86568.2
0 17821.3 17821.3 86708.4
1 18241.4 19741.4 86879
3 19098.4 20598.4 87996.3
2 21861.8 87447.2 90791.1
0 20352.6 26352.6 89515
1 21297.1 86688.5 90422.4
3 20889.8 22389.8 90237.6
0 22507.5 96030.1 92086.3
3 22908.8 24408.8 92924.4
1 22259.6 90538.2 92172.7
2 22032.9 28032.9 92775.2
0 23146.4 98585.5 93894.5
1 24344.6 24344.6 95451.4
2 23859.3 95437.2 94697.5
3 24539.6 26039.6 95697.9
0 25990.3 25990.3 97767
2 25142.2 25142.2 96666.1
1 27414.3 111157 98599.6
3 25945.6 105282 97533.3
2 27666.6 116666 99628.2
3 27582.9 111832 99062.5
0 29405.9 117623 101130
1 28602.6 30102.6 100454
3 29026.2 29026.2 100887
2 29602.6 29602.6 102109
1 29759.2 119037 102488
3 30363.4 31863.4 103032
0 30501.1 128004 103106
2 31528.8 37528.8 104076
1 32133.6 33633.6 104785
3 33751.9 135007 106834
0 32052.4 32052.4 104855
84
2 300.611 6300.61 66076.1
3 193.183 2272.73 66135.6
0 411.509 411.509 66544.9
1 1897.85 3397.85 67769.7
2 2214.29 8214.29 68200.2
3 2272.54 3772.54 68484.9
0 3101.41 9101.41 69116.7
1 3546.92 5046.92 69260.1
2 4226.97 10227 70285.8
3 4850.03 4850.03 70931.7
0 5108.13 26432.5 71253.6
1 7257.54 7257.54 73370.4
2 6232.13 6232.13 72440.5
3 7321.38 7321.38 73666.9
0 8964 8964 75364.5
2 8227.59 14227.6 74608.7
1 9152.18 9152.18 75387.7
3 10680.8 44223.4 76991.7
2 10064.4 40257.4 76437.5
0 13088 19088 79452.8
1 10853.6 12353.6 77447.6
2 11429.9 17429.9 78477.2
3 14249.6 15749.6 81334.7
1 12280.7 13780.7 79406.9
2 14125.8 56503.1 81362.5
1 14083.5 56334 81550.1
0 14041.1 56164.2 81423.9
3 18653.1 18653.1 86065.9
2 15831 15831 83315.1
0 15918.3 21918.3 83522.9
1 15842.7 64870.9 83505.1
2 17256.7 23256.7 85256.2
1 17185.3 18685.3 85033.5
0 17306.5 17306.5 85549.3
1 18974.9 75899.7 87469.4
2 20464.2 81856.8 88939
0 19687.3 78749.1 88261.6
3 19027.2 20527.2 87892.4
1 21150.7 21150.7 90043.8
3 20813.9 22313.9 90137.5
0 20743.7 20743.7 90014.1
2 23549.8 100199 92745.4
0 23970.6 95882.5 93737.8
1 22916.2 24416.2 92937.9
3 23218.9 23218.9 92942.2
2 24577.3 30577.3 94487.9
1 24877.3 99509.3 94758.7
3 27120 28620 97544.1
0 27680.5 27680.5 97975.2
2 26221 110884 96933
1 26484 105936 96830.8
1 30622.1 32122.1 101208
2 29134 29134 99809.5
3 31298.8 32798.8 102080
0 28755.6 121022 99968
2 30920.3 123681 102085
0 31084.4 37084.4 102284
1 34763.1 34763.1 105966
3 33149.5 33149.5 104487
2 32568.1 32568.1 103837
0 32702.2 130809 103840
2 35248.7 140995 106809
0 35795.8 35795.8 107477
3 35051.2 141705 106458
1 36215.6 146363 107507
3 36839.9 148860 108296
2 39309.2 39309.2 110790
0 39903.9 159616 111451
1 37672.7 39172.7 109478
3 38171.4 154185 110145
1 39543.8 159675 111758
3 40002 41502 111906
2 40762.1 46762.1 112796
0 41162.4 47162.4 112960
1 42951.2 44451.2 114878
3 41685.8 43185.8 113891
2 42663.3 170653 114808
0 42577.3 170309 115087
3 43419.9 44919.9 115850
2 44565.1 178260 117579
1 44215.3 178361 116593
0 44974.5 44974.5 117583
3 45538.5 182154 118559
1 45765.1 47265.1 118527
66
2 393.879 393.879 66207
3 132.604 530.416 65941.9
1 361.891 2947.56 66388.8
0 574.115 8296.46 66450.1
3 1997.26 7989.04 67933.4
2 2238.24 8952.95 68149
1 2816.1 2816.1 68819
0 3566.79 9566.79 69600.4
3 3928.81 17215.3 70198.5
2 4040.45 4040.45 70139.2
1 4768 19072 70746.5
0 6105.63 30422.5 72407
2 6030.43 30121.7 72172.8
3 6216.94 6216.94 72615
1 6304.47 6304.47 72753.6
2 7621.74 7621.74 74115.9
0 8736.34 40945.4 75225.3
3 8187.81 34251.2 74548.8
1 10039.1 41656.3 76854.6
2 10405.4 47621.7 77032.9
3 9669.25 40177 76498.1
0 13105.7 58422.6 82939.2
3 11410.4 11410.4 78437.9
1 14469.5 15969.5 81488.6
2 12631 50524.2 79834.3
3 12494 13994 79970.2
2 13326.9 13326.9 81627.6
3 12351.6 13851.6 81759.6
1 15765.9 17265.9 85792.6
2 13879.2 19879.2 84100.8
3 13882.6 15382.6 84012.9
0 14919.4 14919.4 85048.8
3 16016.3 16016.3 86487.6
2 17238 23238 87439
0 16605.7 66422.9 87320.3
1 19244.4 76977.8 89635
3 18218.8 74375.2 89126
0 19840.5 19840.5 90611
2 18230.8 72923.1 89503.4
3 22020.5 22020.5 92954.7
2 20356.6 20356.6 91317.2
1 20122.1 20122.1 91445.2
0 21102 27102 92437.1
2 21891.4 21891.4 93268.3
1 21744.7 23244.7 93262.3
0 22808.1 91232.3 94739.5
3 23445.3 24945.3 95626.9
1 23445.4 93781.6 95072.5
2 23418 93672.1 95139.7
0 25169.8 106679 97294.2
1 25108.1 25108.1 97074
2 25562.1 102249 97546.3
3 26474.9 107400 98597.6
1 26924.7 26924.7 99058.1
0 27487.6 109950 100272
2 27908.6 117635 100276
3 28771.9 30271.9 101202
1 28643.1 114573 101076
0 29971.4 29971.4 102625
2 30958.9 123836 103703
1 31874 128996 104483
3 30777.7 123111 103382
0 31773 133092 104571
3 32929.1 32929.1 105796
2 33101.6 39101.6 105966
1 35595.7 143883 108468
66
3 157.414 2129.66 65918.1
2 283.517 7134.07 66084.4
1 614.095 614.095 66464.5
0 567.822 567.822 66609.5
3 1692.34 3192.34 67748.6
2 1847.85 7391.42 67909.3
1 4461.94 17847.7 70959.1
0 3986.38 3986.38 70325.8
3 3255.09 13020.3 69768.9
2 3413.05 13652.2 69818.5
3 5277.26 21109 71748.7
2 5582.78 5582.78 72214.8
0 7796.98 31187.9 74346.7
1 6626.02 8126.02 73039.1
3 7016.71 28066.9 73631
2 7365.96 7365.96 74478.7
1 9060.37 36241.5 76011.1
3 8237.81 34451.2 75628.2
0 10941.6 10941.6 78027
2 9323.47 9323.47 76769.6
3 10217.6 11717.6 77701.8
1 10059.7 10059.7 77664.4
2 10651.9 42607.7 78314.3
1 12063.3 12063.3 80062.9
3 11382 12882 79230.2
0 12911 12911 81153.8
2 12255.7 55022.9 80750.2
3 14537.7 59650.8 83012.5
1 13416.8 55167.1 81991.1
2 14695.2 14695.2 83560.4
0 14835.2 20835.2 83728.2
1 14912.6 16412.6 84236.3
3 17433.4 18933.4 86703.8
2 15884 69536 85079.6
0 17470.5 69882.1 87237.7
1 17108.6 18608.6 87130.3
2 17182.8 23182.8 86906
3 18774.4 18774.4 88685
2 18787.7 81150.8 88669.1
1 20793.5 22293.5 91217.6
0 21180.4 21180.4 91475.1
2 20402.2 87608.7 91114.2
3 20410.3 81641.3 90757.1
3 24548.4 26048.4 95134.8
2 23315.2 23315.2 93990.7
1 24972.3 26472.3 95753.9
0 22500.6 90002.3 93533.3
0 24372.9 24372.9 95509.7
2 25125.8 100503 96408.8
3 28681.5 30181.5 99733
0 26007 26007 97275
1 26238.6 106454 97818.4
2 27026 108104 98565.2
0 27705.1 27705.1 99291.2
1 28878.7 115515 100592
2 28803.9 28803.9 100523
0 29758 125032 101702
3 29539.8 31039.8 101553
2 30109.9 126440 102330
1 30139.2 30139.2 102361
3 31287.2 32787.2 103530
0 31316.1 31316.1 103705
2 32096.2 128385 104269
1 32566.4 130266 105259
3 33376.5 135006 106285
0 32820.6 137282 105754
