57
3 162.574 162.574 65884.6
17 133.544 2034.18 65968.1
14 377.416 1509.66 66146.2
5 298.417 1193.67 66129.1
9 350.002 350.002 66407.1
10 106.358 106.358 66287
15 476.111 476.111 66423.5
11 479.205 1916.82 66879.1
4 241.838 241.838 66628.4
2 290.474 290.474 66742.5
13 540.233 540.233 67049
1 599.336 2397.35 67115.3
12 166.395 665.579 66957.8
3 1168.21 1168.21 67874.9
16 563.968 2255.87 67472.3
7 823.499 823.499 67328.7
17 1766.01 1766.01 68698.9
7 2791.41 2791.41 69506.6
0 735.715 735.715 68246.6
10 862.336 3449.34 68226.9
14 846.032 3384.13 68363.9
5 211.164 2344.66 67872.2
2 572.947 2291.79 68497.2
12 551.085 2204.34 68462.4
15 257.01 257.01 68710.9
4 303.099 303.099 68621.4
13 819.3 3277.2 69567.2
1 296.569 2686.28 68908.5
11 703.354 2813.42 69723.2
16 248.723 248.723 69596.5
3 273.85 1095.4 69852.6
14 243.483 243.483 70259
6 481.32 1925.28 70394.5
5 305.738 305.738 71048.1
9 350.002 1400.01 71098.1
1 593.688 593.688 71700.6
0 437.651 1750.61 71275.8
4 26.725 106.9 71059.5
10 136.098 136.098 71272.8
2 325.188 1300.75 71608.3
12 304.131 304.131 71355.6
16 1208.02 1208.02 72476.1
13 310.584 2742.34 71890.4
3 344.358 2877.43 71883.5
14 1211.96 1211.96 72798.1
15 490.568 1962.27 72203.8
10 1126.28 1126.28 72845.7
11 757.793 3031.17 72701.9
12 1162.44 1162.44 73175.3
5 634.749 2538.99 72854.9
9 645.394 645.394 72867
2 1448.86 1448.86 73691.5
0 1400.54 1400.54 73789.6
4 226.613 906.451 72399.7
7 1091.64 4366.57 73783.8
17 614.98 3959.92 73523.6
3 1118.63 4474.51 74051.7
59
10 163.887 655.55 65924.6
3 128.83 515.322 65929.7
5 305.807 305.807 66156.2
4 228.495 228.495 66270.2
2 301.746 301.746 66358
12 398.122 1592.49 66459.6
7 596.818 2387.27 67094
6 265.698 265.698 66605.1
9 325.666 1302.67 66839.5
16 221.366 885.462 66626.8
11 474.883 1899.53 66946.3
0 560.882 560.882 67192.9
14 743.594 2974.38 67293.3
8 738.832 738.832 67151.9
15 455.201 1820.8 67069.4
2 1008.89 1008.89 68121.6
13 237.04 948.159 67187.8
10 315.378 1261.51 67705.8
6 916.498 916.498 68001.9
4 787.441 787.441 68233.6
12 586.148 586.148 68332.7
16 630.384 2521.54 68629.8
5 798.399 798.399 68811.2
3 135.092 135.092 68158.2
8 1309.43 1309.43 70238.9
14 428.575 1714.3 69034.7
0 165.766 663.065 68618.7
6 1068.03 1068.03 70146.1
10 980.361 980.361 69999.6
15 535.727 535.727 70125.1
4 765.252 3061.01 70965.3
12 433.408 1733.63 69890.1
2 315.547 315.547 70586.1
3 159.323 637.291 70087.1
11 518.276 2073.1 70637
0 453.966 453.966 70600.2
9 365.259 1461.04 71107
13 215.832 863.33 71022
16 545.367 2181.47 71860
14 383.293 383.293 71938.8
12 647.396 2589.58 71714.7
12 2352.93 2352.93 73511.2
10 1221.66 1221.66 72998.3
4 1773.21 1773.21 73297.1
3 478.347 3413.39 71663.6
5 357.39 2929.56 71945.1
1 440.985 1763.94 72402.6
0 649.735 2598.94 72129.3
13 1088.26 5853.06 72812.5
0 2132.33 2132.33 73983.3
15 386.112 386.112 72246.5
14 2946.82 2946.82 75452.9
9 412.522 1650.09 73141.7
2 997.402 997.402 73666.2
17 269.376 1077.5 72874.5
11 905.612 905.612 73453.3
3 1138.53 2638.53 73789.7
7 389.364 1557.46 73471.3
16 1520.8 1520.8 74323
69
10 164.742 164.742 65938.8
4 238.928 238.928 66198
3 184.024 184.024 66222.7
5 225.508 225.508 66300
15 492.293 492.293 66401.7
9 369.049 369.049 66439.8
11 441.459 441.459 66505.8
2 283.638 1134.55 66427.7
13 572.806 572.806 66876.7
12 314.499 314.499 66397.3
0 614.118 614.118 66994.5
16 632.046 2528.18 67281.8
1 490.857 490.857 66784.7
14 707.237 707.237 67245.6
17 70.4666 281.867 66555
15 1837.18 1837.18 69125.7
6 164.005 164.005 67220.4
7 515.224 3560.89 67646.5
9 1412.55 1412.55 68502.5
3 1139.67 4558.66 68164.2
10 662.061 662.061 67769.3
12 1345.56 1345.56 68595.5
11 952.847 952.847 68486.7
4 697.915 697.915 68182.1
5 674.346 674.346 68279
2 310.048 1240.19 67972.4
1 726.212 726.212 68725.8
0 1065.22 1065.22 68913.4
14 1179.89 1179.89 69422.7
13 600.991 2403.96 69095.4
8 805.223 3220.89 69280
10 743.667 2974.67 69318
2 933.629 933.629 69798.9
17 251.731 251.731 69144.8
16 383.879 383.879 69707.5
4 664.101 664.101 69934.5
3 487.726 1950.9 69683.3
6 515.426 2061.7 70282.6
0 877.796 877.796 70899.5
11 727.503 727.503 70450.7
5 358.401 358.401 70269
9 441.88 1767.52 70323.3
8 1347.96 1347.96 71772.1
12 617.372 617.372 70912.1
13 606.255 2425.02 71318.3
1 476.854 1907.42 70823.6
6 1634.99 1634.99 72221.3
10 393.838 393.838 71069.3
4 1192.05 1192.05 71973.6
2 519.777 2079.11 71552.5
14 1113.77 1113.77 72250.5
3 365.642 2962.57 71648.7
0 1935.16 1935.16 72986.7
12 1492.13 1492.13 72760.2
16 474.686 1898.74 72054.5
15 656.529 4126.12 72195.7
10 1499.42 1499.42 73085.5
11 534.011 2136.05 72247.3
14 2103.95 2103.95 73823.4
5 742.885 2971.54 72687
4 2292.93 2292.93 74305.7
9 356.353 1425.41 72576.5
1 370.931 370.931 72592.5
0 2721.21 2721.21 74963.8
2 2525.18 2525.18 74914.2
2 719.664 2878.66 72892.8
7 1091.64 4366.57 73783.8
17 614.98 3959.92 73523.6
3 883.789 3535.16 73816.9
69
3 141.2 141.2 65916.7
10 169.132 676.528 66111.5
2 153.595 153.595 66287
6 396.645 396.645 66268.5
9 283.324 283.324 66269.2
4 271.348 271.348 66483.7
5 282.45 282.45 66297.7
8 711.322 711.322 66424.5
11 442.435 442.435 66501.2
15 543.058 543.058 66624.7
13 674.361 2697.44 66819.8
1 608.26 608.26 66721.1
12 448.899 448.899 66657.3
17 688.8 688.8 67034.3
7 363.478 1863.48 66764
3 1584.12 1584.12 67965.2
5 2079.56 2079.56 68315.1
0 561.65 2246.6 66872.5
16 62.4269 249.708 66435.6
11 1464.01 1464.01 67828.8
14 800.753 800.753 67394.7
15 1762.42 1762.42 68809.7
6 1301.7 1301.7 68386.8
12 1575.47 1575.47 68701.7
10 910.203 3640.81 68146.9
9 945.845 3783.38 68412.5
2 1211.44 4845.77 68594.3
1 1239.6 1239.6 68652.4
16 625.448 2501.79 68143.3
4 712.654 2850.62 68373.7
0 702.989 2811.96 68627.2
14 1379.37 5517.47 69290.6
13 513.023 513.023 68966.9
12 2370.5 2370.5 70688.8
17 1567.78 6271.12 70315.6
10 1483.77 5935.07 70095.7
11 1325.75 5303.02 70345.6
3 640.889 640.889 70230.2
16 919.723 3678.89 71119.8
2 695.059 2780.24 70151.8
4 346.857 346.857 70617.4
9 461.049 1844.2 70388.8
5 671.04 2684.16 70789.7
0 546.321 546.321 70692.5
13 566.155 2264.62 71307.9
15 149.366 597.465 70955.5
14 488.659 1954.64 71803.3
4 1962.97 1962.97 73518.5
10 852.951 3411.8 71920.2
2 872.687 3490.75 71905.4
10 2632.97 2632.97 73769.7
12 1367.62 5470.47 72650.7
12 3526.73 3526.73 74578.2
16 2218.72 2218.72 73486.8
1 208.338 2333.35 71788.2
0 1183.73 4734.91 72722.9
0 3094.65 3094.65 74680.8
9 472.066 1888.27 72185.3
14 3367.08 3367.08 75086.5
3 1135.73 4542.93 73079.9
2 3226.83 3226.83 75239.6
11 844.776 3379.1 73065
13 855.161 855.161 73076.8
10 3504.27 3504.27 75746.9
16 3582.47 3582.47 75971.5
2 1072.57 4290.3 73245.7
5 697.22 2788.88 73389.4
15 594.465 3877.86 73503.1
9 1300.77 5203.09 74233.9
61
10 164.742 164.742 65938.8
4 238.928 238.928 66198
3 184.024 184.024 66222.7
5 225.508 225.508 66300
15 492.293 492.293 66401.7
9 369.049 369.049 66439.8
11 441.459 441.459 66505.8
2 283.638 1134.55 66427.7
13 572.806 572.806 66876.7
12 314.499 314.499 66397.3
0 614.118 614.118 66994.5
16 632.046 2528.18 67281.8
1 490.857 490.857 66784.7
14 707.237 707.237 67245.6
17 70.4666 281.867 66555
15 1837.18 1837.18 69125.7
6 164.005 164.005 67220.4
7 515.224 3560.89 67646.5
9 1412.55 1412.55 68502.5
3 1139.67 4558.66 68164.2
10 662.061 662.061 67769.3
2 1375.92 1375.92 68625.9
5 865.49 865.49 68399.4
4 493.458 1973.83 68011.4
12 479.354 1917.42 68140.4
11 336.309 2845.23 68260.6
0 922.982 3691.93 68834.2
1 126.202 126.202 68580.1
14 914.433 914.433 69232.8
17 443.272 1773.09 69191.1
10 729.206 2916.82 69341.1
13 375.368 1501.47 69395.2
3 487.726 1950.9 69683.3
8 496.539 1986.16 70263.7
4 535.415 535.415 70557.1
5 640.145 640.145 70363.4
11 354.061 354.061 70264.7
9 441.88 1767.52 70323.3
6 323.48 323.48 70747.6
16 162.888 162.888 70457.6
1 866.105 3464.42 71578.1
3 870.067 3480.27 71216.8
8 1616.1 1616.1 72202.5
0 92.7836 92.7836 70768.3
12 221.449 221.449 71003
10 110.104 110.104 71365.6
2 290.474 290.474 71476.5
14 634.45 634.45 72045
16 1465.74 1465.74 72770.2
4 1333.88 1333.88 72863.9
15 544.95 2179.8 72293.7
13 461.766 461.766 72086.5
0 980.036 980.036 72753.8
5 282.448 1129.79 72121.9
11 604.537 604.537 72650.5
12 571.962 571.962 72720.9
10 1443.85 1443.85 74192
2 674.412 674.412 72996.4
14 1375.81 1375.81 73972.4
3 238.434 953.738 73260.7
12 1907.54 1907.54 74960.9
70
10 163.887 655.55 65924.6
3 128.83 515.322 65929.7
5 305.807 305.807 66156.2
4 228.495 228.495 66270.2
2 301.746 301.746 66358
12 398.122 1592.49 66459.6
7 596.818 2387.27 67094
6 265.698 265.698 66605.1
9 325.666 1302.67 66839.5
16 221.366 885.462 66626.8
11 474.883 1899.53 66946.3
0 560.882 560.882 67192.9
14 743.594 2974.38 67293.3
8 738.832 738.832 67151.9
15 455.201 1820.8 67069.4
2 1008.89 1008.89 68121.6
13 237.04 948.159 67187.8
10 315.378 1261.51 67705.8
6 916.498 916.498 68001.9
12 825.733 825.733 68271.9
1 145.192 145.192 67840.7
4 887.618 887.618 68478.9
16 947.416 947.416 68703.7
14 1010.26 1010.26 68837.2
8 1089.91 1089.91 69705.9
0 392.298 392.298 69279.3
10 1379.1 1379.1 70016.7
12 1304.34 1304.34 70202.2
3 300.41 2701.64 69229.7
17 312.93 312.93 69475.3
6 791.161 3164.65 69916.4
2 74.6469 74.6469 69482.7
4 1610.11 1610.11 71636.8
13 720.895 720.895 70942.5
16 1367.42 1367.42 71497.8
14 478.552 478.552 70608
1 664.275 664.275 71135.6
5 343.654 343.654 70544.7
15 647.154 4088.62 71361.8
9 491.565 1966.26 70882.1
7 515.387 3561.55 71422.6
2 977.375 977.375 71747.8
3 219.277 2377.11 71491.9
11 554.318 554.318 71488.5
0 529.124 529.124 71489.7
3 2474.49 2474.49 73797.6
9 3673.49 3673.49 75008.6
14 2662.35 2662.35 74039.3
10 316.219 316.219 71833.8
12 751.7 3006.8 72683.2
16 3023.94 3023.94 75205.5
5 727.811 2911.24 72354.9
14 757.695 3030.78 72479.4
9 801.734 3206.94 72926
11 3536.21 3536.21 75502.1
0 1473.87 5895.46 73458
2 1643.72 6574.89 73766.4
3 3500.94 3500.94 75634.3
17 747.445 4489.78 73531.4
13 801.999 3207.99 73169.5
12 2348.4 2348.4 74779
11 1073.58 4294.31 73506.3
4 2820.53 2820.53 75474.4
10 968.757 3875.03 73712.4
6 860.226 3440.9 73469.1
1 1128.59 4514.34 73733.4
15 1254.01 5016.04 74051.8
5 3273.67 3273.67 76140.1
1 3381.93 3381.93 76246.8
5 1287.34 6649.37 74159.8
60
3 141.2 141.2 65916.7
10 169.132 676.528 66111.5
2 153.595 153.595 66287
6 396.645 396.645 66268.5
9 283.324 283.324 66269.2
4 271.348 271.348 66483.7
5 282.45 282.45 66297.7
8 711.322 711.322 66424.5
11 442.435 442.435 66501.2
15 543.058 543.058 66624.7
13 674.361 2697.44 66819.8
1 608.26 608.26 66721.1
12 448.899 448.899 66657.3
17 688.8 688.8 67034.3
7 363.478 1863.48 66764
3 1584.12 1584.12 67965.2
5 2079.56 2079.56 68315.1
0 561.65 2246.6 66872.5
16 62.4269 249.708 66435.6
11 1464.01 1464.01 67828.8
14 800.753 800.753 67394.7
15 1762.42 1762.42 68809.7
6 1301.7 1301.7 68386.8
12 1575.47 1575.47 68701.7
10 910.203 3640.81 68146.9
9 945.845 3783.38 68412.5
2 1211.44 4845.77 68594.3
1 1239.6 1239.6 68652.4
0 928.662 928.662 68404.8
16 897.554 897.554 69198.2
13 582.851 582.851 70172.2
4 912.846 3651.38 71112.9
0 505.53 2022.12 69962.2
14 569.526 569.526 70840.1
3 159.323 637.291 70087.1
11 518.276 2073.1 70637
2 135.548 135.548 70281.7
5 333.696 1334.78 71075.4
15 149.366 597.465 70955.5
16 322.201 1288.81 71636.8
12 649.969 649.969 72205.5
10 116.228 464.912 71183.5
10 1821.77 1821.77 72980
6 793.081 793.081 72569.8
4 1920.81 1920.81 73444.7
0 353.526 1414.1 71538.8
2 529.481 2117.92 72117.2
3 100.184 400.737 72061.8
1 656.406 4125.63 72136
9 588.388 3853.55 72312.6
0 1541.82 1541.82 73392.8
13 420.6 420.6 72281
2 1617.03 1617.03 74123.1
5 380.959 1523.84 73110.1
16 2077.25 2077.25 74746.1
17 269.376 1077.5 72874.5
15 717.402 717.402 73265.1
10 2159.2 2159.2 74810.4
7 389.364 1557.46 73471.3
14 727.947 727.947 73530.2
59
10 163.887 655.55 65924.6
3 128.83 515.322 65929.7
5 305.807 305.807 66156.2
4 228.495 228.495 66270.2
2 301.746 301.746 66358
12 398.122 1592.49 66459.6
7 596.818 2387.27 67094
6 265.698 265.698 66605.1
9 325.666 1302.67 66839.5
16 221.366 885.462 66626.8
11 474.883 1899.53 66946.3
0 560.882 560.882 67192.9
14 743.594 2974.38 67293.3
8 738.832 738.832 67151.9
15 455.201 1820.8 67069.4
2 1008.89 1008.89 68121.6
13 237.04 948.159 67187.8
10 315.378 1261.51 67705.8
6 916.498 916.498 68001.9
12 825.733 825.733 68271.9
1 145.192 145.192 67840.7
4 887.618 887.618 68478.9
16 947.416 947.416 68703.7
14 1010.26 1010.26 68837.2
8 1089.91 1089.91 69705.9
0 392.298 392.298 69279.3
10 1379.1 1379.1 70016.7
12 1304.34 1304.34 70202.2
3 300.41 2701.64 69229.7
17 312.93 312.93 69475.3
6 791.161 3164.65 69916.4
7 652.771 2152.77 70006.3
5 456.304 1825.22 69703.6
9 324.218 324.218 69850.4
15 647.055 2588.22 70156
2 341.213 1364.85 70355.2
16 767.547 767.547 70930.9
4 1040.5 1040.5 71401.8
14 424.881 1699.52 70580.9
17 1216.7 1216.7 72280.9
0 1004.96 1004.96 72455.4
12 1314.46 1314.46 72472.7
8 886.549 886.549 72663.2
14 1394.12 1394.12 72918
10 407.935 1631.74 71593.2
3 172.778 2191.11 71760.5
9 226.018 904.07 72187.7
5 402.473 3109.89 71882
13 241.324 2465.29 71965.6
2 1349.79 1349.79 73200.8
1 249.715 249.715 72110.1
4 1021.88 1021.88 73528
11 331.001 1324.01 73060.2
16 672.906 672.906 73341.7
15 580.735 2322.94 73185.8
3 1040.2 1040.2 73587.9
10 772.376 772.376 73423.5
7 389.364 1557.46 73471.3
0 1549.63 1549.63 74351.9
72
10 147.319 147.319 65960.4
3 132.604 530.416 65941.9
4 139.91 559.642 66166.8
5 299.855 1199.42 66175.9
9 212.23 848.919 66148.4
2 297.732 1190.93 66208.5
11 406.826 406.826 66409.7
7 1005.02 1005.02 67038.7
12 190.372 761.489 66460
0 650.71 650.71 66749.5
15 475.753 1903.01 66454.3
1 304.972 1219.89 66606.4
13 401.503 1606.01 66543.9
17 1272.5 1272.5 67670.6
9 1697.5 1697.5 68146.6
16 532.227 532.227 67026.3
3 1280.83 5123.33 67769.8
14 781.052 3124.21 67142.1
6 317.346 1269.39 67132.9
5 1495.48 5981.93 68122.9
10 1197.25 4789 68026.1
8 411.658 7646.63 70245.2
15 1243.77 1243.77 68271.3
2 769.552 769.552 67788.6
4 1227.59 4910.35 68430.8
12 649.936 2599.75 68167.8
0 1135.06 4540.24 68796.1
14 972.561 3890.24 68896.8
13 148.332 2093.33 68059.6
11 403.092 403.092 68857
16 1663.56 1663.56 69981.9
1 523.677 2094.71 69271.5
2 748.527 2994.11 69360.4
3 951.161 3804.64 69971
4 732.612 732.612 70080.4
15 280.058 1120.23 69858.8
12 301.611 301.611 70317.1
6 481.32 1925.28 70394.5
5 305.738 305.738 71048.1
9 350.002 1400.01 71098.1
1 318.273 318.273 71425.2
0 436.936 1747.75 71275.1
11 202.568 810.274 71415
10 117.599 470.396 71282.7
15 488.516 488.516 71688.2
13 721.201 721.201 71924.4
17 1365.91 1365.91 72703.2
2 242.578 242.578 71511.1
16 400.049 1600.2 71538.2
4 714.306 2857.22 72275
6 1205.99 1205.99 72887.5
8 809.65 3238.6 72216.5
14 838.645 3354.58 72130
10 1664.5 6658.01 73120.3
8 2553.03 2553.03 74033.5
9 1416.13 7164.51 72963.3
10 3286.07 3286.07 75091.8
16 1413.8 5655.22 73387
12 429.613 1718.45 72644.1
2 1368.48 1368.48 73272.8
3 891.054 891.054 72925.2
5 759.462 759.462 72556.8
16 3547.69 3547.69 75474.2
2 3052.31 3052.31 75257.8
11 1194.1 6276.4 73338.7
15 1305.68 6722.7 73815.6
12 2832.16 2832.16 75262.7
0 417.9 1671.6 73431.6
14 1467.61 5870.43 73845.1
4 2222.66 2222.66 74831.4
13 711.011 2844.05 73731.2
8 2821.42 2821.42 75583.3
74
10 164.742 164.742 65938.8
4 238.928 238.928 66198
3 184.024 184.024 66222.7
5 225.508 225.508 66300
15 492.293 492.293 66401.7
9 369.049 369.049 66439.8
11 441.459 441.459 66505.8
2 283.638 1134.55 66427.7
13 572.806 572.806 66876.7
12 314.499 314.499 66397.3
0 614.118 614.118 66994.5
16 632.046 2528.18 67281.8
1 490.857 490.857 66784.7
14 707.237 707.237 67245.6
17 70.4666 281.867 66555
15 1837.18 1837.18 69125.7
6 164.005 164.005 67220.4
7 515.224 3560.89 67646.5
9 1412.55 1412.55 68502.5
3 1139.67 4558.66 68164.2
10 662.061 662.061 67769.3
12 1345.56 1345.56 68595.5
5 865.49 865.49 68399.4
11 708.712 708.712 68404.2
4 952.608 952.608 68543.9
2 208.022 208.022 67964.3
0 1110.96 1110.96 68937.9
16 1409.21 1409.21 70025.2
14 445.027 445.027 69332.1
2 1143.9 1143.9 69781.5
0 1970.36 1970.36 70868.3
10 950.436 3801.74 69879.7
1 304.972 304.972 69467.4
7 435.757 3243.03 69561
6 319.002 319.002 69672.6
3 443.456 1773.82 69690.8
11 1204.53 1204.53 70730.7
13 698.507 2794.03 70207.4
5 554.857 3719.43 70568.8
12 363.091 363.091 70526.4
2 1383.77 1383.77 71745.1
4 748.944 2995.78 70905
7 413.226 413.226 71477.4
0 3558.87 3558.87 75009.3
9 398.922 1595.69 71611.3
10 656.368 2625.47 71821.4
3 320.444 320.444 71520.1
15 750.773 750.773 71953.9
1 1057.03 1057.03 72394.4
4 3723.9 3723.9 74992.4
14 914.717 3658.87 72052.9
16 769.83 3079.32 72330.5
6 1414.9 1414.9 73096.4
11 1145.58 6082.34 72552.4
0 1656.62 6626.49 72948
4 1785.26 7141.05 73241.1
10 3960.27 3960.27 75440.8
10 2076.59 8306.37 73623.8
2 3991.37 3991.37 75797.1
14 1928.47 7713.89 73901.7
12 638.892 2555.57 72853.4
12 3346.65 3346.65 75251
13 1121.15 1121.15 73155.3
3 1231.49 1231.49 73028.8
14 4062.36 4062.36 75988.9
4 4850.92 4850.92 77056.4
17 1026.81 5607.23 73171.4
2 1371.03 5484.13 73881
0 4380.06 4380.06 76810.6
15 1705.34 8321.37 74719
9 1073.51 5794.06 73451
16 2278.19 2278.19 74886.9
5 592.342 2369.37 73612.5
3 2675.46 4175.46 75437.3
64
10 147.319 147.319 65960.4
3 132.604 530.416 65941.9
4 139.91 559.642 66166.8
5 299.855 1199.42 66175.9
9 212.23 848.919 66148.4
2 297.732 1190.93 66208.5
11 406.826 406.826 66409.7
7 1005.02 1005.02 67038.7
12 190.372 761.489 66460
0 650.71 650.71 66749.5
15 475.753 1903.01 66454.3
1 304.972 1219.89 66606.4
13 401.503 1606.01 66543.9
17 1272.5 1272.5 67670.6
9 1697.5 1697.5 68146.6
16 532.227 532.227 67026.3
3 1280.83 5123.33 67769.8
14 781.052 3124.21 67142.1
6 317.346 1269.39 67132.9
5 1495.48 5981.93 68122.9
10 1197.25 4789 68026.1
8 411.658 7646.63 70245.2
15 1243.77 1243.77 68271.3
2 769.552 769.552 67788.6
4 1227.59 4910.35 68430.8
14 1190.23 1190.23 68674.4
13 592.515 592.515 68197.2
12 883.706 3534.82 68546
11 493.062 493.062 68492.6
0 820.233 820.233 68668.4
16 1207.51 1207.51 69450.3
7 473.093 1892.37 68967.5
6 947.264 3789.06 69422.1
2 762.988 3051.95 69337.4
10 1124.83 1124.83 69990.1
1 385.46 385.46 69278.5
12 1467.51 1467.51 70791.2
0 1150.47 1150.47 70420.8
4 732.612 732.612 70080.4
3 185.281 741.125 69764.1
14 854.707 854.707 70870.2
6 1259.26 5037.04 71172.4
5 305.738 305.738 71048.1
9 350.002 1400.01 71098.1
1 325.259 325.259 71432.1
2 656.559 2626.24 71494.7
8 1027.67 1027.67 72185.9
16 830.959 830.959 72607.6
12 1599.03 1599.03 73122.9
10 381.349 1525.4 71566.6
3 172.778 2191.11 71760.5
15 413.439 1653.76 72375.1
13 603.186 3912.75 72082.8
0 487.099 1948.4 72211.4
10 1569.64 1569.64 73420.7
11 441.16 441.16 72301.5
4 1106.92 1106.92 73613
5 353.668 1414.67 73082.8
14 657.592 657.592 73326.4
17 269.376 1077.5 72874.5
9 377.765 377.765 72925.4
8 1365.1 1365.1 74016.3
7 389.364 1557.46 73471.3
2 668.023 668.023 73470.3
66
10 164.742 164.742 65938.8
4 238.928 238.928 66198
3 184.024 184.024 66222.7
5 225.508 225.508 66300
15 492.293 492.293 66401.7
9 369.049 369.049 66439.8
11 441.459 441.459 66505.8
2 283.638 1134.55 66427.7
13 572.806 572.806 66876.7
12 314.499 314.499 66397.3
0 614.118 614.118 66994.5
16 632.046 2528.18 67281.8
1 490.857 490.857 66784.7
14 707.237 707.237 67245.6
17 70.4666 281.867 66555
15 1837.18 1837.18 69125.7
6 164.005 164.005 67220.4
7 515.224 3560.89 67646.5
9 1412.55 1412.55 68502.5
3 1139.67 4558.66 68164.2
10 662.061 662.061 67769.3
2 1375.92 1375.92 68625.9
5 865.49 865.49 68399.4
4 493.458 1973.83 68011.4
12 479.354 1917.42 68140.4
11 336.309 2845.23 68260.6
0 922.982 3691.93 68834.2
1 126.202 126.202 68580.1
14 914.433 914.433 69232.8
17 443.272 1773.09 69191.1
10 729.206 2916.82 69341.1
13 375.368 1501.47 69395.2
16 878.09 878.09 70225.9
3 183.925 735.699 69762.7
12 320.627 320.627 70336.2
6 481.32 1925.28 70394.5
5 305.738 305.738 71048.1
9 341.821 1367.28 71089.9
15 229.62 229.62 71336.5
0 436.936 1747.75 71275.1
14 174.581 174.581 71135.2
3 255.785 255.785 71578.9
11 184.726 184.726 71519.9
2 390.847 390.847 71767.8
10 163.248 163.248 71680.8
4 264.891 1059.56 72196.4
12 1077.73 1077.73 73259.3
13 592.22 2368.88 72219.3
1 221.045 2384.18 71942.7
5 967.702 3870.81 73092
1 2525.52 2525.52 74491.4
14 1119.32 4477.29 73103.5
10 1576.7 6306.78 73699.4
15 2549.4 2549.4 74682.8
0 947.506 3790.02 73731.5
17 747.927 2991.71 73115.4
16 723.761 723.761 73154.3
9 674.947 2699.79 73107.7
4 1620.23 1620.23 74274.1
2 1417.49 5669.98 74161.2
7 327.302 2809.21 72936.2
11 729.359 2917.44 73334.1
3 1051.94 4207.78 73849.7
9 2244.14 2244.14 75110.6
5 2492.1 2492.1 75357
13 1151.75 6107.01 74024.2
55
10 147.319 147.319 65960.4
3 132.604 530.416 65941.9
4 139.91 559.642 66166.8
5 299.855 1199.42 66175.9
9 212.23 848.919 66148.4
2 297.732 1190.93 66208.5
11 406.826 406.826 66409.7
7 1005.02 1005.02 67038.7
12 190.372 761.489 66460
0 650.71 650.71 66749.5
15 475.753 1903.01 66454.3
1 304.972 1219.89 66606.4
13 401.503 1606.01 66543.9
17 1272.5 1272.5 67670.6
9 1697.5 1697.5 68146.6
16 532.227 532.227 67026.3
3 1280.83 5123.33 67769.8
14 781.052 3124.21 67142.1
6 317.346 1269.39 67132.9
5 1495.48 5981.93 68122.9
10 1197.25 4789 68026.1
8 411.658 7646.63 70245.2
15 1243.77 1243.77 68271.3
2 769.552 769.552 67788.6
4 1227.59 4910.35 68430.8
12 1057.45 1057.45 68533.6
16 907.233 907.233 69207.9
4 732.612 732.612 70080.4
3 185.281 741.125 69764.1
0 346.374 346.374 70361.9
6 481.32 1925.28 70394.5
5 305.738 305.738 71048.1
9 350.002 1400.01 71098.1
17 476.756 476.756 71583.6
12 635.315 2541.26 71473.5
10 108.929 435.717 71141.7
2 311.974 311.974 71448.7
14 722.895 2891.58 72006
8 1121.27 1121.27 72172.8
16 820.656 820.656 72088.7
1 208.338 2333.35 71788.2
3 263.258 2553.03 71802.4
0 1314.85 1314.85 72901
11 437.517 1750.07 72150.8
2 1302.15 1302.15 73021.6
15 523.416 2093.66 72467.6
12 1948.32 1948.32 73961.1
13 273.537 1094.15 72493.7
5 595.411 595.411 72817
14 1846.57 1846.57 74089.2
8 1591.84 1591.84 73980.9
10 308.817 1235.27 72481.9
7 1091.64 4366.57 73783.8
4 399.886 1599.55 73308.5
9 265.826 1063.31 73198.9
63
10 147.319 147.319 65960.4
3 132.604 530.416 65941.9
4 139.91 559.642 66166.8
5 299.855 1199.42 66175.9
9 212.23 848.919 66148.4
2 297.732 1190.93 66208.5
11 406.826 406.826 66409.7
7 1005.02 1005.02 67038.7
12 190.372 761.489 66460
0 650.71 650.71 66749.5
15 475.753 1903.01 66454.3
1 304.972 1219.89 66606.4
13 401.503 1606.01 66543.9
17 1272.5 1272.5 67670.6
9 1697.5 1697.5 68146.6
16 532.227 532.227 67026.3
3 1280.83 5123.33 67769.8
14 781.052 3124.21 67142.1
6 317.346 1269.39 67132.9
5 1495.48 5981.93 68122.9
10 1197.25 4789 68026.1
8 411.658 7646.63 70245.2
15 1243.77 1243.77 68271.3
2 769.552 769.552 67788.6
4 1227.59 4910.35 68430.8
0 1004.38 1004.38 68750.9
12 463.646 1854.58 68463
11 533.138 533.138 68545.9
13 797.787 797.787 68820.9
16 1348.53 1348.53 70278
14 277.318 1109.27 68883.5
1 589.594 3858.38 69042.5
6 1062.5 1062.5 70140.6
4 912.024 912.024 69931.2
3 149.771 599.082 69345.3
7 566.713 3766.85 70333.9
2 128.344 128.344 70150.1
5 373.894 373.894 70097.1
15 108.889 108.889 70019.5
17 324.105 1296.42 70205.5
6 2208.52 2208.52 72632.6
0 300.481 300.481 70595.2
11 532.037 2128.15 71244.1
13 325.641 1302.57 70672.4
16 1844.87 1844.87 72431.2
12 92.2998 92.2998 70767.8
10 528.412 528.412 71310
14 716.427 716.427 71971.9
8 1056.75 1056.75 72242.7
0 1632.94 1632.94 73043.5
12 1775.96 1775.96 73080.5
10 2086.74 2086.74 73616.7
3 190.58 762.32 71939.3
9 189.66 189.66 71814.4
2 370.927 370.927 72144.7
15 125.658 502.633 71965.2
5 330.053 330.053 72376.1
4 314.747 314.747 72463.7
2 1649.44 1649.44 74397.5
8 1440.69 1440.69 73762.6
14 1302.72 1302.72 73899.4
13 443.767 1775.07 73466.1
4 1650.32 1650.32 74703.7
59
10 163.887 655.55 65924.6
3 128.83 515.322 65929.7
5 305.807 305.807 66156.2
4 228.495 228.495 66270.2
2 301.746 301.746 66358
12 398.122 1592.49 66459.6
7 596.818 2387.27 67094
6 265.698 265.698 66605.1
9 325.666 1302.67 66839.5
16 221.366 885.462 66626.8
11 474.883 1899.53 66946.3
0 560.882 560.882 67192.9
14 743.594 2974.38 67293.3
8 738.832 738.832 67151.9
15 455.201 1820.8 67069.4
2 1008.89 1008.89 68121.6
13 237.04 948.159 67187.8
10 315.378 1261.51 67705.8
6 916.498 916.498 68001.9
4 787.441 787.441 68233.6
16 1216.19 1216.19 68700.3
1 428.454 428.454 68033.1
12 341.95 1367.8 68004.3
3 146.565 146.565 68146.1
14 973.546 973.546 68821.8
0 1127.16 1127.16 69370
9 713.937 2855.75 69208.4
8 416.765 1667.06 68891.6
11 506.641 3526.56 69081
12 965.531 965.531 69830.8
17 251.731 251.731 69144.8
10 525.969 525.969 69849.6
4 715.601 715.601 69986
6 653.709 653.709 70007.3
5 456.304 1825.22 69703.6
15 518.691 518.691 70044.9
1 607.256 2429.02 70116.2
2 341.213 1364.85 70355.2
16 764.152 764.152 70927.5
14 424.065 424.065 70785.4
13 120.368 1981.47 70276.4
7 357.911 357.911 71422.1
12 441.679 441.679 71892.1
0 1082.35 1082.35 72337.8
4 1106.73 1106.73 72292.7
10 1398.55 1398.55 72809.1
14 1478.09 1478.09 72782.6
16 2196 2196 73726
3 190.58 762.32 71939.3
5 128.731 128.731 71753.5
12 2103.89 2103.89 73877.7
15 60.8352 243.341 71900.3
9 368.041 368.041 72414
2 280.165 280.165 72429.1
2 1933.85 1933.85 74682
4 1490.67 1490.67 73812.6
0 1668.64 1668.64 74265.3
13 443.767 1775.07 73466.1
14 2510.41 2510.41 75563.8
73
3 141.2 141.2 65916.7
10 169.132 676.528 66111.5
2 153.595 153.595 66287
6 396.645 396.645 66268.5
9 283.324 283.324 66269.2
4 271.348 271.348 66483.7
5 282.45 282.45 66297.7
8 711.322 711.322 66424.5
11 442.435 442.435 66501.2
15 543.058 543.058 66624.7
13 674.361 2697.44 66819.8
1 608.26 608.26 66721.1
12 448.899 448.899 66657.3
17 688.8 688.8 67034.3
7 363.478 1863.48 66764
3 1584.12 1584.12 67965.2
5 2079.56 2079.56 68315.1
0 561.65 2246.6 66872.5
16 62.4269 249.708 66435.6
11 1464.01 1464.01 67828.8
14 800.753 800.753 67394.7
15 1762.42 1762.42 68809.7
6 1301.7 1301.7 68386.8
12 1575.47 1575.47 68701.7
10 910.203 3640.81 68146.9
9 945.845 3783.38 68412.5
2 1211.44 4845.77 68594.3
1 1239.6 1239.6 68652.4
0 928.662 928.662 68404.8
16 897.554 897.554 69198.2
14 366.166 366.166 69774.2
8 875.379 875.379 70902.1
5 550.774 550.774 70772.4
0 1073.09 1073.09 71203.4
2 235.713 235.713 70365.2
13 651.769 651.769 71123.1
3 162.574 162.574 70363.6
12 817.031 3268.12 71531.6
9 491.565 1966.26 70882.1
6 391.23 1564.92 71298.4
10 106.566 106.566 70877
4 197.398 789.592 71470
1 496.239 496.239 71430.5
15 123.308 493.234 71335.7
11 435.093 3240.37 71600.2
11 2229.84 2229.84 73429.5
5 2952.16 2952.16 74155.3
13 3223.2 3223.2 74560.5
16 818.439 818.439 72086.9
14 730.736 2922.95 71868.9
7 555.514 3722.06 72116.2
0 1591.78 1591.78 73273.3
3 778.5 4614 72185.4
10 1126.36 4505.45 72417.7
2 1245.49 4981.94 72701.3
10 2754.22 2754.22 74234.7
9 1137.29 6049.18 72684.5
2 2867.05 2867.05 74672.8
1 1306.04 6724.16 73279.3
17 576.813 3807.25 72791.3
4 3188.66 3188.66 75093
9 2656.85 2656.85 74691
11 3140.88 3140.88 74938.2
10 3857.23 3857.23 75783.7
2 4531.37 4531.37 76736.9
4 1186.61 4746.45 73331.2
14 1486.38 5945.52 73996.3
12 3937.31 3937.31 76367.9
16 1844.06 7376.26 74857.7
15 780.851 4623.41 73158.3
12 1191.07 1191.07 73799.8
3 972.007 3888.03 73992.2
14 3554.75 3554.75 76316.6
59
3 141.2 141.2 65916.7
10 169.132 676.528 66111.5
2 153.595 153.595 66287
6 396.645 396.645 66268.5
9 283.324 283.324 66269.2
4 271.348 271.348 66483.7
5 282.45 282.45 66297.7
8 711.322 711.322 66424.5
11 442.435 442.435 66501.2
15 543.058 543.058 66624.7
13 674.361 2697.44 66819.8
1 608.26 608.26 66721.1
12 448.899 448.899 66657.3
17 688.8 688.8 67034.3
7 363.478 1863.48 66764
3 1584.12 1584.12 67965.2
5 2079.56 2079.56 68315.1
0 561.65 2246.6 66872.5
16 62.4269 249.708 66435.6
11 1464.01 1464.01 67828.8
14 800.753 800.753 67394.7
15 1762.42 1762.42 68809.7
6 1301.7 1301.7 68386.8
12 1575.47 1575.47 68701.7
10 910.203 3640.81 68146.9
9 945.845 3783.38 68412.5
2 1211.44 4845.77 68594.3
1 1239.6 1239.6 68652.4
0 928.662 928.662 68404.8
16 897.554 897.554 69198.2
13 474.142 1896.57 69669.7
8 496.539 1986.16 70263.7
0 369.184 369.184 70390.9
3 233.159 233.159 69956.4
5 386.679 386.679 70297.3
11 374.448 1497.79 70255.9
6 315.965 315.965 70740.1
12 276.475 276.475 70571.2
15 384.65 1538.6 71096.7
1 480.98 1923.92 70827.7
16 1550.82 1550.82 72137.2
2 242.578 242.578 70918.1
10 528.412 528.412 71310
4 233.528 233.528 71489
14 774.002 774.002 71960
0 1428.68 1428.68 72839.2
12 1579.33 1579.33 72883.8
2 1694.82 1694.82 73224.8
3 241.394 965.576 71990.1
9 189.66 189.66 71814.4
10 1521.75 1521.75 73295.5
13 102.919 411.678 71942.4
5 589.544 589.544 72635.5
4 1265.91 1265.91 73414.9
14 1991.06 1991.06 74739.2
12 2081.77 2081.77 74403.7
0 2170.21 2170.21 74766.9
11 456.488 1825.95 73478.8
15 970.481 2470.48 74023.9
80
3 141.2 141.2 65916.7
10 169.132 676.528 66111.5
2 153.595 153.595 66287
6 396.645 396.645 66268.5
9 283.324 283.324 66269.2
4 271.348 271.348 66483.7
5 282.45 282.45 66297.7
8 711.322 711.322 66424.5
11 442.435 442.435 66501.2
15 543.058 543.058 66624.7
13 674.361 2697.44 66819.8
1 608.26 608.26 66721.1
12 448.899 448.899 66657.3
17 688.8 688.8 67034.3
7 363.478 1863.48 66764
3 1584.12 1584.12 67965.2
5 2079.56 2079.56 68315.1
0 561.65 2246.6 66872.5
16 62.4269 249.708 66435.6
11 1464.01 1464.01 67828.8
14 800.753 800.753 67394.7
15 1762.42 1762.42 68809.7
6 1301.7 1301.7 68386.8
12 1575.47 1575.47 68701.7
10 910.203 3640.81 68146.9
9 945.845 3783.38 68412.5
2 1211.44 4845.77 68594.3
1 1239.6 1239.6 68652.4
16 625.448 2501.79 68143.3
4 712.654 2850.62 68373.7
0 702.989 2811.96 68627.2
14 1379.37 5517.47 69290.6
13 513.023 513.023 68966.9
2 2084.66 2084.66 70403
17 1567.78 6271.12 70315.6
10 1483.77 5935.07 70095.7
11 1325.75 5303.02 70345.6
16 91.3686 91.3686 69499.4
8 875.379 875.379 70902.1
5 550.774 550.774 70772.4
4 579.001 579.001 70709.3
0 374.701 374.701 70504.2
13 761.127 761.127 71232.5
3 162.574 162.574 70363.6
12 817.031 3268.12 71531.6
9 491.565 1966.26 70882.1
6 391.23 1564.92 71298.4
14 785.334 785.334 71555.8
16 751.972 3007.89 72024.5
1 496.239 496.239 71430.5
15 123.308 493.234 71335.7
10 734.745 2938.98 71899.8
3 993.323 993.323 72193
1 2057.62 2057.62 73260.8
15 2406.49 2406.49 73743.8
0 3289.16 3289.16 74557.7
2 821.15 3284.6 71959.3
7 555.514 3722.06 72116.2
4 1097.68 1097.68 72779.2
0 1399.51 5598.04 72806.4
9 1131.47 6025.88 72422.8
14 1937.64 7750.54 73393.5
14 3729.99 3729.99 75210.5
10 2154.97 8619.88 73702.1
10 3867.85 3867.85 75673.6
2 1834.91 7339.62 73808.1
11 464.522 3358.09 72679.1
2 3665.55 3665.55 75569.9
13 2661.93 2661.93 74696.1
1 2972.14 2972.14 74769.5
16 4046.48 4046.48 75973
4 4273.9 4273.9 76479.4
16 1741.19 6964.74 73885.8
3 1810.48 8741.93 74320.4
0 3928.4 3928.4 76359
17 595.832 3883.33 73609.5
5 1145 6080.01 73522.5
12 1191.07 1191.07 73799.8
9 1209.45 4837.82 74229.6
12 3755.8 3755.8 76517.7
71
10 147.319 147.319 65960.4
3 132.604 530.416 65941.9
4 139.91 559.642 66166.8
5 299.855 1199.42 66175.9
9 212.23 848.919 66148.4
2 297.732 1190.93 66208.5
11 406.826 406.826 66409.7
7 1005.02 1005.02 67038.7
12 190.372 761.489 66460
0 650.71 650.71 66749.5
15 475.753 1903.01 66454.3
1 304.972 1219.89 66606.4
13 401.503 1606.01 66543.9
17 1272.5 1272.5 67670.6
9 1697.5 1697.5 68146.6
16 532.227 532.227 67026.3
3 1280.83 5123.33 67769.8
14 781.052 3124.21 67142.1
6 317.346 1269.39 67132.9
5 1495.48 5981.93 68122.9
10 1197.25 4789 68026.1
8 411.658 7646.63 70245.2
15 1243.77 1243.77 68271.3
2 769.552 769.552 67788.6
4 1227.59 4910.35 68430.8
14 1190.23 1190.23 68674.4
13 592.515 592.515 68197.2
12 883.706 3534.82 68546
11 493.062 493.062 68492.6
0 820.233 820.233 68668.4
16 1207.51 1207.51 69450.3
7 473.093 1892.37 68967.5
6 947.264 3789.06 69422.1
2 762.988 3051.95 69337.4
10 1124.83 1124.83 69990.1
1 385.46 385.46 69278.5
12 1467.51 1467.51 70791.2
0 1150.47 1150.47 70420.8
14 1055.78 1055.78 70463.8
4 1474.56 1474.56 71501.3
17 641.581 641.581 70863.2
16 1675.18 1675.18 71805.5
2 978.739 978.739 71108.2
13 651.769 651.769 71123.1
3 162.574 162.574 70363.6
15 647.154 4088.62 71361.8
5 441.875 1767.5 70832.4
6 737.256 2949.02 71644.4
0 1915.55 1915.55 72686
9 341.204 2864.81 71613.8
11 554.318 554.318 71488.5
10 710.981 2843.92 71743.7
14 1649.54 1649.54 72786.3
8 1012.29 4049.17 72295.4
2 2143.86 2143.86 73195.4
8 2955.98 2955.98 74224.1
1 142.434 2069.74 71722.3
3 854.853 4919.41 72394
0 2910.17 2910.17 74496.3
5 915.713 3662.85 72629
14 2639.72 2639.72 74359.2
11 1532.43 6129.74 73476.6
2 3002.17 3002.17 75015
9 1607.98 6431.91 73828.2
13 2059.84 2059.84 74281.5
10 2924.6 2924.6 75167.2
16 3008.12 3008.12 75397.2
10 910.869 3643.47 73084
17 1084.96 4339.86 73777.1
12 417.828 1671.31 73326.4
3 1629.12 6516.49 74562.2
63
3 141.2 141.2 65916.7
10 169.132 676.528 66111.5
2 153.595 153.595 66287
6 396.645 396.645 66268.5
9 283.324 283.324 66269.2
4 271.348 271.348 66483.7
5 282.45 282.45 66297.7
8 711.322 711.322 66424.5
11 442.435 442.435 66501.2
15 543.058 543.058 66624.7
13 674.361 2697.44 66819.8
1 608.26 608.26 66721.1
12 448.899 448.899 66657.3
17 688.8 688.8 67034.3
7 363.478 1863.48 66764
3 1584.12 1584.12 67965.2
5 2079.56 2079.56 68315.1
0 561.65 2246.6 66872.5
16 62.4269 249.708 66435.6
11 1464.01 1464.01 67828.8
14 800.753 800.753 67394.7
15 1762.42 1762.42 68809.7
6 1301.7 1301.7 68386.8
12 1575.47 1575.47 68701.7
10 910.203 3640.81 68146.9
9 945.845 3783.38 68412.5
2 1211.44 4845.77 68594.3
1 1239.6 1239.6 68652.4
16 625.448 2501.79 68143.3
4 712.654 2850.62 68373.7
0 702.989 2811.96 68627.2
14 1379.37 5517.47 69290.6
13 513.023 513.023 68966.9
2 2084.66 2084.66 70403
17 1567.78 6271.12 70315.6
10 1483.77 5935.07 70095.7
11 1325.75 5303.02 70345.6
16 1036.81 1036.81 70384.6
3 364.135 1456.54 69942.9
4 229.121 229.121 70244.6
7 279.418 2617.67 70192.6
5 305.738 305.738 71048.1
9 350.002 1400.01 71098.1
1 593.688 593.688 71700.6
0 436.936 1747.75 71275.1
12 388.855 388.855 71547.1
6 793.081 793.081 72569.8
4 1052.52 1052.52 72576.4
10 486.958 1947.83 71672.2
3 217.33 2369.32 71805.1
15 413.439 1653.76 72375.1
2 452.557 1810.23 71932.1
14 193.324 773.298 71917.6
12 1550.14 1550.14 73401.2
13 178.093 178.093 72038.5
10 1172.04 1172.04 73678.1
5 353.668 1414.67 73082.8
0 645.197 645.197 73314
17 269.376 1077.5 72874.5
9 377.765 377.765 72925.4
2 1111.3 1111.3 73762.5
7 389.364 1557.46 73471.3
16 487.867 487.867 73290.1
67
3 141.2 141.2 65916.7
10 169.132 676.528 66111.5
2 153.595 153.595 66287
6 396.645 396.645 66268.5
9 283.324 283.324 66269.2
4 271.348 271.348 66483.7
5 282.45 282.45 66297.7
8 711.322 711.322 66424.5
11 442.435 442.435 66501.2
15 543.058 543.058 66624.7
13 674.361 2697.44 66819.8
1 608.26 608.26 66721.1
12 448.899 448.899 66657.3
17 688.8 688.8 67034.3
7 363.478 1863.48 66764
3 1584.12 1584.12 67965.2
5 2079.56 2079.56 68315.1
0 561.65 2246.6 66872.5
16 62.4269 249.708 66435.6
11 1464.01 1464.01 67828.8
14 800.753 800.753 67394.7
15 1762.42 1762.42 68809.7
6 1301.7 1301.7 68386.8
12 1575.47 1575.47 68701.7
10 910.203 3640.81 68146.9
9 945.845 3783.38 68412.5
2 1211.44 4845.77 68594.3
1 1239.6 1239.6 68652.4
16 625.448 2501.79 68143.3
4 712.654 2850.62 68373.7
0 702.989 2811.96 68627.2
14 1379.37 5517.47 69290.6
13 513.023 513.023 68966.9
12 2370.5 2370.5 70688.8
17 1567.78 6271.12 70315.6
10 1483.77 5935.07 70095.7
11 1325.75 5303.02 70345.6
3 640.889 640.889 70230.2
16 919.723 3678.89 71119.8
2 695.059 2780.24 70151.8
4 346.857 346.857 70617.4
9 461.049 1844.2 70388.8
5 671.04 2684.16 70789.7
0 546.321 546.321 70692.5
13 566.155 2264.62 71307.9
15 149.366 597.465 70955.5
14 488.659 1954.64 71803.3
4 1962.97 1962.97 73518.5
10 852.951 3411.8 71920.2
2 2366.6 2366.6 73524.9
6 793.081 793.081 72569.8
16 1927.68 1927.68 73451.6
2 543.055 2172.22 71728.3
12 936.557 3746.23 72524.3
9 394.819 1579.28 72356.5
0 742.091 2968.36 72221.7
1 352.407 2909.63 72076.7
10 1923.23 1923.23 73774.2
3 507.804 507.804 72368.2
0 1721.47 1721.47 74227.6
13 613.418 2453.67 73342.6
12 1889.76 1889.76 74558.6
17 269.376 1077.5 72874.5
15 782.404 782.404 73330.1
2 2704.03 2704.03 75355.2
7 389.364 1557.46 73471.3
14 1501.64 1501.64 74303.9
65
3 141.2 141.2 65916.7
10 169.132 676.528 66111.5
2 153.595 153.595 66287
6 396.645 396.645 66268.5
9 283.324 283.324 66269.2
4 271.348 271.348 66483.7
5 282.45 282.45 66297.7
8 711.322 711.322 66424.5
11 442.435 442.435 66501.2
15 543.058 543.058 66624.7
13 674.361 2697.44 66819.8
1 608.26 608.26 66721.1
12 448.899 448.899 66657.3
17 688.8 688.8 67034.3
7 363.478 1863.48 66764
3 1584.12 1584.12 67965.2
5 2079.56 2079.56 68315.1
0 561.65 2246.6 66872.5
16 62.4269 249.708 66435.6
11 1464.01 1464.01 67828.8
14 800.753 800.753 67394.7
15 1762.42 1762.42 68809.7
6 1301.7 1301.7 68386.8
12 1575.47 1575.47 68701.7
10 910.203 3640.81 68146.9
9 945.845 3783.38 68412.5
2 1211.44 4845.77 68594.3
1 1239.6 1239.6 68652.4
13 1365.58 1365.58 69061.1
16 1024.63 1024.63 68615.9
0 652.828 652.828 68409.1
4 849.189 849.189 68676.1
8 989.363 989.363 69605.3
10 1346.32 1346.32 70233.4
0 1588.7 1588.7 70226.3
2 1626.82 1626.82 70524.7
14 575.841 2303.36 69505.1
17 678.107 678.107 69840.5
7 360.932 2943.73 69486.2
16 1587.44 1587.44 70935.3
3 364.135 1456.54 69942.9
4 856.431 856.431 70872
6 898.496 3593.98 70811.7
5 305.738 305.738 71048.1
9 350.002 1400.01 71098.1
13 574.249 574.249 71681.1
12 635.315 2541.26 71473.5
14 565.728 565.728 71724
8 941.601 941.601 72718.3
4 1679.83 1679.83 73203.7
0 617.539 2470.16 71802.8
11 650.906 4103.62 72238.6
3 110.616 442.465 72072.3
15 579.509 3818.04 72059.1
2 590.969 2363.88 72315.2
10 1220.3 1220.3 73071.3
1 249.715 249.715 72110.1
14 1223.8 1223.8 73729.9
5 353.668 1414.67 73082.8
12 843.576 843.576 73512.4
17 269.376 1077.5 72874.5
9 377.765 377.765 72925.4
0 981.98 981.98 73633.1
7 389.364 1557.46 73471.3
16 726.573 726.573 73528.8
84
3 141.2 141.2 65916.7
10 169.132 676.528 66111.5
2 153.595 153.595 66287
6 396.645 396.645 66268.5
9 283.324 283.324 66269.2
4 271.348 271.348 66483.7
5 282.45 282.45 66297.7
8 711.322 711.322 66424.5
11 442.435 442.435 66501.2
15 543.058 543.058 66624.7
13 674.361 2697.44 66819.8
1 608.26 608.26 66721.1
12 448.899 448.899 66657.3
17 688.8 688.8 67034.3
7 363.478 1863.48 66764
3 1584.12 1584.12 67965.2
5 2079.56 2079.56 68315.1
0 561.65 2246.6 66872.5
16 62.4269 249.708 66435.6
11 1464.01 1464.01 67828.8
14 800.753 800.753 67394.7
15 1762.42 1762.42 68809.7
6 1301.7 1301.7 68386.8
12 1575.47 1575.47 68701.7
10 910.203 3640.81 68146.9
9 945.845 3783.38 68412.5
2 1211.44 4845.77 68594.3
1 1239.6 1239.6 68652.4
4 1191.98 1191.98 68676.1
13 1194.18 1194.18 68798.8
0 754.854 3019.42 68417.2
11 1870.35 1870.35 69869.9
14 1074.9 1074.9 68923.1
16 401.539 401.539 68644.4
17 1045.79 4183.17 69540.2
8 645.537 2582.15 69120.4
0 1391.57 5566.29 69965.9
10 1245.65 1245.65 70110.9
5 1254.31 1254.31 70147.4
2 1515.81 1515.81 70839.4
4 1158.17 1158.17 70428.5
3 719.421 2877.68 69915
7 263.216 2552.86 70030.4
14 887.477 887.477 70909.2
9 653.215 653.215 70376.5
13 869.443 869.443 70780.1
1 534.087 2136.35 70415.5
6 315.965 315.965 70740.1
12 276.475 276.475 70571.2
15 384.65 1538.6 71096.7
3 1101.76 4407.05 71448.5
8 687.212 687.212 71273.6
16 567.507 567.507 71243
12 4007.97 4007.97 74789.5
11 493.318 1973.27 71705.7
0 605.013 2420.05 71770.1
1 1531.91 1531.91 72731.6
5 1755.31 1755.31 72958.5
13 1849.18 1849.18 73186.5
14 3665.24 3665.24 74933.7
10 529.062 2116.25 71667.2
17 800.607 4702.43 72361.3
6 2321.27 2321.27 74002.8
9 791.315 4665.26 72198.2
4 1216.9 4867.62 72508.2
12 1451.47 5805.87 72907.3
10 4318.43 4318.43 75798.9
14 1635.29 6541.14 73182.4
0 4007.89 4007.89 75813.7
10 1542.82 6171.27 73516
2 951.927 3807.71 73166.5
16 2961.68 2961.68 74866
3 1420.93 1420.93 73455.1
9 1909.54 1909.54 73706.9
12 4950.2 4950.2 76876.7
2 3708.78 3708.78 75914.3
16 959.631 3838.52 73104.3
0 1387.55 5550.21 73897.5
14 4304.48 4304.48 76735
4 2118.59 8474.36 75132.3
15 1672.54 8190.17 74050
8 2404.85 2404.85 75013.6
11 899.911 3599.64 73920.1
10 4586.83 4586.83 77348.7
66
10 147.319 147.319 65960.4
3 132.604 530.416 65941.9
4 139.91 559.642 66166.8
5 299.855 1199.42 66175.9
9 212.23 848.919 66148.4
2 297.732 1190.93 66208.5
11 406.826 406.826 66409.7
7 1005.02 1005.02 67038.7
12 190.372 761.489 66460
0 650.71 650.71 66749.5
15 475.753 1903.01 66454.3
1 304.972 1219.89 66606.4
13 401.503 1606.01 66543.9
17 1272.5 1272.5 67670.6
9 1697.5 1697.5 68146.6
16 532.227 532.227 67026.3
3 1280.83 5123.33 67769.8
14 781.052 3124.21 67142.1
6 317.346 1269.39 67132.9
5 1495.48 5981.93 68122.9
10 1197.25 4789 68026.1
8 411.658 7646.63 70245.2
15 1243.77 1243.77 68271.3
2 769.552 769.552 67788.6
4 1227.59 4910.35 68430.8
12 1057.45 1057.45 68533.6
16 907.233 907.233 69207.9
14 366.166 366.166 69774.2
6 96.2858 96.2858 70123
17 641.581 641.581 70863.2
4 523.139 523.139 70653.5
0 95.6437 95.6437 70225.1
13 651.769 651.769 71123.1
3 162.574 162.574 70363.6
12 801.839 3207.36 71516.5
5 441.875 1767.5 70832.4
7 515.387 3561.55 71422.6
10 106.566 106.566 70877
2 192.652 770.608 71465.2
15 483.015 483.015 71417.2
14 627.48 627.48 71588.1
9 365.253 365.253 71688.3
11 184.726 184.726 71519.9
0 408.086 408.086 71785.1
0 2578.36 2578.36 74095.9
8 616.178 2464.71 72547.6
16 2766.09 2766.09 74947.7
3 546.731 2186.92 72173.8
16 382.795 1531.18 72104.5
1 596.582 2386.33 72720.9
5 868.016 868.016 72833.9
10 884.413 3537.65 72868.6
14 1482.74 5930.94 73605.4
5 2684.69 2684.69 74818.1
2 1658.63 6634.53 74442.6
17 722.685 2890.74 73090.2
4 1086.05 1086.05 73516.6
15 1002.27 4009.1 73435
12 1878.04 1878.04 74531.9
9 823.323 4793.29 73567
6 860.226 3440.9 73469.1
11 729.359 2917.44 73334.1
13 1033.38 4133.51 73831.2
1 2300.13 2300.13 75166.6
15 2504.05 2504.05 75368.9
3 1106.26 5925.05 73978.7
66
10 163.887 655.55 65924.6
3 128.83 515.322 65929.7
5 305.807 305.807 66156.2
4 228.495 228.495 66270.2
2 301.746 301.746 66358
12 398.122 1592.49 66459.6
7 596.818 2387.27 67094
6 265.698 265.698 66605.1
9 325.666 1302.67 66839.5
16 221.366 885.462 66626.8
11 474.883 1899.53 66946.3
0 560.882 560.882 67192.9
14 743.594 2974.38 67293.3
8 738.832 738.832 67151.9
15 455.201 1820.8 67069.4
2 1008.89 1008.89 68121.6
13 237.04 948.159 67187.8
10 315.378 1261.51 67705.8
6 916.498 916.498 68001.9
4 787.441 787.441 68233.6
16 1216.19 1216.19 68700.3
1 428.454 428.454 68033.1
12 341.95 1367.8 68004.3
3 146.565 146.565 68146.1
14 973.546 973.546 68821.8
0 1127.16 1127.16 69370
9 713.937 2855.75 69208.4
8 416.765 1667.06 68891.6
11 506.641 3526.56 69081
12 965.531 965.531 69830.8
17 251.731 251.731 69144.8
10 525.969 525.969 69849.6
4 715.601 715.601 69986
13 474.142 1896.57 69669.7
6 241.644 966.575 70008.9
2 594.96 594.96 70616.7
5 291.905 291.905 70015.1
1 188.994 188.994 70099.6
15 98.2287 392.915 69979.7
8 959.5 959.5 71383.6
16 206.239 206.239 70500.9
9 719.201 2876.8 71431.2
3 214.869 859.477 70561.6
6 1361.2 1361.2 71947.6
14 268.252 268.252 70943.7
4 1243.55 1243.55 72025.1
12 551.679 2206.72 71584.4
0 1128.11 1128.11 72264.9
11 596.481 3885.93 71879.5
16 1536.57 1536.57 72588.1
2 1196.75 1196.75 72464.8
10 564.656 2258.62 72144.5
13 493.956 3475.82 72033.1
14 1373.84 1373.84 72959.9
5 188.921 755.685 71902.2
0 2118.29 2118.29 73837.7
15 523.416 2093.66 72467.6
4 2340.58 2340.58 74353.4
3 148.283 593.134 72368.5
1 275.164 275.164 72496.8
16 2322.63 2322.63 74565.2
2 2387.48 2387.48 74776.5
12 751.567 3006.27 72924.7
7 1091.64 4366.57 73783.8
17 614.98 3959.92 73523.6
5 1017.63 4070.51 73950.7
51
10 163.887 655.55 65924.6
3 128.83 515.322 65929.7
5 305.807 305.807 66156.2
4 228.495 228.495 66270.2
2 301.746 301.746 66358
12 398.122 1592.49 66459.6
7 596.818 2387.27 67094
6 265.698 265.698 66605.1
9 325.666 1302.67 66839.5
16 221.366 885.462 66626.8
11 474.883 1899.53 66946.3
0 560.882 560.882 67192.9
14 743.594 2974.38 67293.3
8 738.832 738.832 67151.9
15 455.201 1820.8 67069.4
2 1008.89 1008.89 68121.6
13 237.04 948.159 67187.8
10 315.378 1261.51 67705.8
6 916.498 916.498 68001.9
4 787.441 787.441 68233.6
12 515.758 515.758 67991.9
16 897.554 897.554 69198.2
3 195.171 780.684 69390.7
6 241.644 966.575 70008.9
4 197.938 197.938 70219.7
5 291.905 291.905 70015.1
13 162.906 162.906 70073.5
15 98.2287 392.915 69979.7
8 545.84 545.84 70969.9
12 190.938 190.938 70485.6
1 866.105 3464.42 71578.1
9 560.112 2240.45 70906.9
6 1361.2 1361.2 71947.6
0 132.037 132.037 70807.5
2 275.603 275.603 71057.2
10 110.104 110.104 71365.6
14 774.002 774.002 71960
4 1257.43 1257.43 72668
16 1237.13 1237.13 72541.6
12 1262.37 1262.37 72792.4
3 190.58 762.32 71939.3
5 186.774 186.774 71811.6
0 1019.29 1019.29 72793.1
13 107.104 428.415 71946.6
11 487.231 487.231 72533.2
2 626.116 626.116 72775.1
10 1443.85 1443.85 74192
14 1157.94 1157.94 73479.9
16 1735.94 1735.94 74332.6
9 162.221 648.884 73184.5
2 1961.69 1961.69 75015.1
48
3 162.574 162.574 65884.6
17 133.544 2034.18 65968.1
14 377.416 1509.66 66146.2
5 298.417 1193.67 66129.1
9 350.002 350.002 66407.1
10 106.358 106.358 66287
15 476.111 476.111 66423.5
11 479.205 1916.82 66879.1
4 241.838 241.838 66628.4
2 290.474 290.474 66742.5
13 540.233 540.233 67049
1 599.336 2397.35 67115.3
12 166.395 665.579 66957.8
3 1168.21 1168.21 67874.9
16 563.968 2255.87 67472.3
7 823.499 823.499 67328.7
17 1766.01 1766.01 68698.9
7 2791.41 2791.41 69506.6
0 735.715 735.715 68246.6
10 862.336 3449.34 68226.9
2 798.62 798.62 68274.8
14 925.308 925.308 69226
8 321.497 321.497 69675
5 456.304 1825.22 69703.6
9 324.218 324.218 69850.4
15 647.055 2588.22 70156
4 433.989 1735.96 70448
16 509.571 509.571 70672.9
10 124.246 124.246 70485.5
12 263.163 1052.65 70419.2
7 358.777 358.777 71423
2 195.534 195.534 71646
0 571.052 571.052 71826.5
10 1297.07 1297.07 72483.1
14 1450.93 1450.93 72861.5
4 1983.12 1983.12 73287.6
16 1941.42 1941.42 73471.4
3 190.58 762.32 71939.3
9 23.7611 23.7611 71648.5
12 630.938 630.938 72404.7
13 102.919 411.678 71942.4
5 336.789 336.789 72382.8
2 1214.92 1214.92 73363.9
0 1904.8 1904.8 74652.9
10 1681 1681 74002.9
14 2192.29 2192.29 74788.9
15 419.934 1679.74 73442.2
12 1591.34 1591.34 74644.7
50
10 163.887 655.55 65924.6
3 128.83 515.322 65929.7
5 305.807 305.807 66156.2
4 228.495 228.495 66270.2
2 301.746 301.746 66358
12 398.122 1592.49 66459.6
7 596.818 2387.27 67094
6 265.698 265.698 66605.1
9 325.666 1302.67 66839.5
16 221.366 885.462 66626.8
11 474.883 1899.53 66946.3
0 560.882 560.882 67192.9
14 743.594 2974.38 67293.3
8 738.832 738.832 67151.9
15 455.201 1820.8 67069.4
2 1008.89 1008.89 68121.6
13 237.04 948.159 67187.8
10 315.378 1261.51 67705.8
6 916.498 916.498 68001.9
4 787.441 787.441 68233.6
12 515.758 515.758 67991.9
16 897.554 897.554 69198.2
8 235.447 235.447 69589
3 167.324 669.294 69414.6
5 296.023 296.023 69822.2
15 647.055 2588.22 70156
14 103.795 415.179 70117.8
0 419.162 419.162 70582.5
10 124.246 124.246 70485.5
12 263.163 1052.65 70419.2
7 357.911 357.911 71422.1
4 188.227 188.227 71638.7
2 285.746 285.746 71444
6 793.081 793.081 72569.8
16 861.109 861.109 72385
3 174.654 2198.61 71359.9
5 241.293 2465.17 71829
13 419.404 1677.62 72381.1
1 489.665 3458.66 71969.2
12 485.425 1941.7 72209.7
10 623.793 623.793 72474.8
15 414.979 414.979 72275.3
14 759.122 759.122 73265.2
9 311.695 1246.78 73040.8
0 321.033 321.033 72989.8
17 269.376 1077.5 72874.5
11 450.293 450.293 72998
2 623.179 623.179 73274.3
7 482.334 1929.34 73564.3
4 732.898 732.898 73535.1
67
10 163.887 655.55 65924.6
3 128.83 515.322 65929.7
5 305.807 305.807 66156.2
4 228.495 228.495 66270.2
2 301.746 301.746 66358
12 398.122 1592.49 66459.6
7 596.818 2387.27 67094
6 265.698 265.698 66605.1
9 325.666 1302.67 66839.5
16 221.366 885.462 66626.8
11 474.883 1899.53 66946.3
0 560.882 560.882 67192.9
14 743.594 2974.38 67293.3
8 738.832 738.832 67151.9
15 455.201 1820.8 67069.4
2 1008.89 1008.89 68121.6
13 237.04 948.159 67187.8
10 315.378 1261.51 67705.8
6 916.498 916.498 68001.9
4 787.441 787.441 68233.6
16 1216.19 1216.19 68700.3
1 428.454 428.454 68033.1
12 341.95 1367.8 68004.3
3 146.565 146.565 68146.1
14 973.546 973.546 68821.8
0 1127.16 1127.16 69370
9 713.937 2855.75 69208.4
8 416.765 1667.06 68891.6
11 506.641 3526.56 69081
12 965.531 965.531 69830.8
17 251.731 251.731 69144.8
10 525.969 525.969 69849.6
4 715.601 715.601 69986
2 1015.06 1015.06 70362.9
5 467.539 1870.16 70046.3
16 880.66 880.66 70896.2
6 337.655 1350.62 70250.8
3 158.879 158.879 70901.2
11 289.795 1159.18 71037.9
17 358.69 358.69 71465.6
12 914.846 3659.38 71753
14 300.036 300.036 71260.6
15 525.232 525.232 71848.3
9 284.332 284.332 71619.5
4 173.047 173.047 71550
0 794.963 794.963 72312.5
5 102.65 1910.6 72034.1
10 705.752 705.752 72887.3
13 567.541 2270.16 72194.6
1 221.045 2384.18 71942.7
3 820.842 3283.37 72945.2
13 2230.21 2230.21 74196.1
14 1244.78 4979.11 73228.9
4 1874.2 7496.79 73996.9
17 2903.3 2903.3 75036.7
11 964.032 5356.13 73748
7 1199.1 4796.39 73566.6
16 576.736 576.736 73007.3
9 1202.21 4808.84 73634.9
2 717.673 717.673 73371.5
15 983.302 5433.21 73727
6 860.226 3440.9 73469.1
1 959.494 3837.98 73564.3
5 1272 5088.01 74069.8
3 2491.81 2491.81 75358.3
9 2703.99 2703.99 75568.8
0 1244.96 4979.85 74117.4
53
3 162.574 162.574 65884.6
17 133.544 2034.18 65968.1
14 377.416 1509.66 66146.2
5 298.417 1193.67 66129.1
9 350.002 350.002 66407.1
10 106.358 106.358 66287
15 476.111 476.111 66423.5
11 479.205 1916.82 66879.1
4 241.838 241.838 66628.4
2 290.474 290.474 66742.5
13 540.233 540.233 67049
1 599.336 2397.35 67115.3
12 166.395 665.579 66957.8
3 1168.21 1168.21 67874.9
16 563.968 2255.87 67472.3
7 823.499 823.499 67328.7
17 1766.01 1766.01 68698.9
7 2791.41 2791.41 69506.6
0 735.715 735.715 68246.6
10 862.336 3449.34 68226.9
2 869.01 869.01 68615.5
12 961.425 3845.7 68960.8
5 781.503 781.503 68794.3
9 221.196 221.196 68244.3
14 904.151 904.151 69833.6
4 371.301 1485.2 68977.5
11 80.4124 1821.65 68533.3
16 466.472 466.472 69544.6
0 727.855 727.855 69747.1
12 1568.29 1568.29 70916.1
9 253.091 1012.37 69831.9
10 676.854 676.854 70692.4
6 481.32 1925.28 70394.5
3 158.879 158.879 70901.2
11 469.149 1876.6 71217.2
1 593.688 593.688 71700.6
2 656.559 2626.24 71494.7
4 233.528 233.528 71489
0 1897.79 1897.79 73083.8
5 334.924 1834.92 71745.5
9 346.368 1846.37 71650.9
4 1956.54 1956.54 73486.5
15 544.95 2179.8 72293.7
13 461.766 461.766 72086.5
10 1171.11 1171.11 72944.9
3 820.306 3281.22 72659.8
11 981.229 981.229 73027.2
16 569.816 569.816 72718.8
14 557.09 557.09 73305.2
2 1274.12 1274.12 73596.1
16 2043.4 2043.4 74640
9 672.469 2689.88 73694.8
12 441.543 441.543 73494.9
61
3 162.574 162.574 65884.6
17 133.544 2034.18 65968.1
14 377.416 1509.66 66146.2
5 298.417 1193.67 66129.1
9 350.002 350.002 66407.1
10 106.358 106.358 66287
15 476.111 476.111 66423.5
11 479.205 1916.82 66879.1
4 241.838 241.838 66628.4
2 290.474 290.474 66742.5
13 540.233 540.233 67049
1 599.336 2397.35 67115.3
12 166.395 665.579 66957.8
3 1168.21 1168.21 67874.9
16 563.968 2255.87 67472.3
7 823.499 823.499 67328.7
17 1766.01 1766.01 68698.9
7 2791.41 2791.41 69506.6
0 735.715 735.715 68246.6
10 862.336 3449.34 68226.9
2 869.01 869.01 68615.5
12 961.425 3845.7 68960.8
5 781.503 781.503 68794.3
9 221.196 221.196 68244.3
14 904.151 904.151 69833.6
4 371.301 1485.2 68977.5
11 80.4124 1821.65 68533.3
16 466.472 466.472 69544.6
0 727.855 727.855 69747.1
15 535.727 535.727 70125.1
10 758.54 3034.16 70958.6
2 716.269 2865.08 70173
4 950.671 950.671 71221.3
3 159.323 637.291 70087.1
11 546.562 2186.25 70665.3
12 1294.2 1294.2 71440.4
9 365.259 1461.04 71107
13 215.832 863.33 71022
0 861.674 3446.7 72176.3
16 1550.35 1550.35 73105.9
5 536.866 3647.46 71604.1
1 518.285 3573.14 71551
14 2746.08 2746.08 73882.8
2 851.789 3407.16 72134.9
2 3010.9 3010.9 74062.4
4 2857.55 2857.55 74125.6
3 879.408 5017.63 72459.2
12 1931.61 7726.42 73470.8
0 3633.54 3633.54 75219.6
9 1190.23 4760.9 72903.5
12 3709.46 3709.46 75428.9
15 1044.65 4178.6 72988.8
14 3689.64 3689.64 75702.5
13 1016.21 4064.83 73236.4
17 1913.97 1913.97 74135.6
2 3796.95 3796.95 76039.6
4 4044.42 4044.42 76433.5
1 718.172 4372.69 72891.3
11 822.879 3291.51 73515
10 384.912 1539.65 73293.5
5 719.572 2878.29 73652.7
71
3 162.574 162.574 65884.6
17 133.544 2034.18 65968.1
14 377.416 1509.66 66146.2
5 298.417 1193.67 66129.1
9 350.002 350.002 66407.1
10 106.358 106.358 66287
15 476.111 476.111 66423.5
11 479.205 1916.82 66879.1
4 241.838 241.838 66628.4
2 290.474 290.474 66742.5
13 540.233 540.233 67049
1 599.336 2397.35 67115.3
12 166.395 665.579 66957.8
3 1168.21 1168.21 67874.9
16 563.968 2255.87 67472.3
7 823.499 823.499 67328.7
17 1766.01 1766.01 68698.9
7 2791.41 2791.41 69506.6
0 735.715 735.715 68246.6
10 862.336 3449.34 68226.9
5 395.037 395.037 68090.5
14 189.661 189.661 67780.9
2 522.786 522.786 68279.1
4 746.111 746.111 68573
16 897.125 897.125 69513.1
12 560.459 560.459 69447.5
10 1406.41 1406.41 70044
2 1311.58 1311.58 70209.5
9 274.414 2597.65 69203.7
1 304.972 304.972 69467.4
6 632.778 2531.11 69758
8 321.497 321.497 69675
15 473.93 1895.72 69721.2
3 342.585 342.585 69868.8
5 604.44 2417.76 70113.4
14 256.845 1027.38 70270.8
4 675.516 675.516 70838.8
0 1356.76 1356.76 71718.1
13 104.617 1918.47 70260.6
7 358.777 358.777 71423
4 2408.18 2408.18 73858.6
11 202.568 810.274 71415
10 683.034 2732.14 71848.1
9 345.986 345.986 71545.7
15 348.398 348.398 71551.6
3 502.94 502.94 71840.3
2 2994.48 2994.48 74263
12 1040.6 4162.39 72178.8
16 267.237 1068.95 71827.9
6 708.574 708.574 72390.1
2 1104.82 4419.29 72511.7
1 783.837 4635.35 72075.2
13 1140.94 6063.74 72596.8
14 3390.46 3390.46 74871
14 1506.79 6027.14 73053.9
10 3959.23 3959.23 75765
5 1134.08 6036.31 73107.3
17 395.708 3082.83 72610.2
4 3716.04 3716.04 75620.4
9 1518.07 1518.07 73552.2
15 1262.92 1262.92 73060.3
0 3855.03 3855.03 75781.5
2 4121.5 4121.5 76327
10 1444.81 5779.24 73589.4
0 1344.02 5376.1 73854
12 4331.34 4331.34 76761.9
12 1789.11 7156.46 74802.8
3 747.765 4491.06 73125.3
16 1775.59 1775.59 74384.3
11 651.774 2607.1 73672
14 3658.86 3658.86 76420.7
57
3 162.574 162.574 65884.6
17 133.544 2034.18 65968.1
14 377.416 1509.66 66146.2
5 298.417 1193.67 66129.1
9 350.002 350.002 66407.1
10 106.358 106.358 66287
15 476.111 476.111 66423.5
11 479.205 1916.82 66879.1
4 241.838 241.838 66628.4
2 290.474 290.474 66742.5
13 540.233 540.233 67049
1 599.336 2397.35 67115.3
12 166.395 665.579 66957.8
3 1168.21 1168.21 67874.9
16 563.968 2255.87 67472.3
7 823.499 823.499 67328.7
17 1766.01 1766.01 68698.9
7 2791.41 2791.41 69506.6
0 735.715 735.715 68246.6
10 862.336 3449.34 68226.9
2 869.01 869.01 68615.5
12 961.425 3845.7 68960.8
5 781.503 781.503 68794.3
9 221.196 221.196 68244.3
14 904.151 904.151 69833.6
4 371.301 1485.2 68977.5
11 80.4124 1821.65 68533.3
16 466.472 466.472 69544.6
0 727.855 727.855 69747.1
8 321.497 321.497 69675
15 473.93 1895.72 69721.2
3 342.585 342.585 69868.8
13 698.507 2794.03 70207.4
10 625.357 2501.43 70639.3
2 679.365 679.365 70842.7
12 1535.68 1535.68 71897
4 321.473 1285.89 70477.5
7 358.777 358.777 71423
10 2247.53 2247.53 73698
2 2457.93 2457.93 73616.2
16 775.575 775.575 72552.3
0 1284.74 1284.74 72808.6
15 252.918 2511.67 71438.2
3 172.778 2191.11 71760.5
5 415.238 1660.95 72376.9
1 489.665 3458.66 71969.2
4 543.735 2174.94 72268
14 2026.08 2026.08 73877.1
11 441.16 441.16 72301.5
12 1517.06 1517.06 74023.1
9 311.695 1246.78 73040.8
4 1744.8 1744.8 74413.6
17 269.376 1077.5 72874.5
13 619.777 619.777 73167.5
3 1277.21 2777.21 73928.4
7 483.201 1932.8 73565.2
0 1754.86 1754.86 74557.1
74
3 162.574 162.574 65884.6
17 133.544 2034.18 65968.1
14 377.416 1509.66 66146.2
5 298.417 1193.67 66129.1
9 350.002 350.002 66407.1
10 106.358 106.358 66287
15 476.111 476.111 66423.5
11 479.205 1916.82 66879.1
4 241.838 241.838 66628.4
2 290.474 290.474 66742.5
13 540.233 540.233 67049
1 599.336 2397.35 67115.3
12 166.395 665.579 66957.8
3 1168.21 1168.21 67874.9
16 563.968 2255.87 67472.3
7 823.499 823.499 67328.7
17 1766.01 1766.01 68698.9
7 2791.41 2791.41 69506.6
0 735.715 735.715 68246.6
10 862.336 3449.34 68226.9
5 395.037 395.037 68090.5
14 189.661 189.661 67780.9
2 522.786 522.786 68279.1
4 746.111 746.111 68573
16 897.125 897.125 69513.1
12 560.459 560.459 69447.5
10 1406.41 1406.41 70044
2 1311.58 1311.58 70209.5
9 274.414 2597.65 69203.7
1 304.972 304.972 69467.4
6 632.778 2531.11 69758
13 474.142 1896.57 69669.7
8 496.539 1986.16 70263.7
4 537.403 537.403 70559.1
3 172.418 172.418 69895.7
15 201.203 201.203 70111.8
5 127.809 511.238 70009.2
16 1581 1581 72005.1
14 371.54 371.54 70666.2
11 941.653 3766.61 71653.7
9 832.713 3330.85 71179.5
6 1324.87 1324.87 71911.2
0 458.725 458.725 71134.2
14 4103.03 4103.03 74884.6
13 398.354 1593.41 71610.8
10 683.034 2732.14 71848.1
3 525.341 525.341 71725
1 1067.56 1067.56 72270.7
5 1078.35 1078.35 72415.7
10 4281.4 4281.4 75549.9
2 1166.02 4664.09 72304.2
7 555.514 3722.06 72116.2
12 1256.8 1256.8 72938.3
15 1011.77 5547.07 72418.6
4 1347.48 5389.92 72638.8
14 1546.53 6186.12 73002.4
2 4847.92 4847.92 76328.4
9 1434.64 7238.57 72981.8
16 4814.14 4814.14 76619.9
10 1723.68 6894.73 73696.9
0 1199.53 4798.1 73414.1
0 3906.25 3906.25 75810.6
13 2006.75 2006.75 74040.9
1 1982.09 1982.09 73779.4
4 4767.3 4767.3 76693.8
12 4324.14 4324.14 76529.7
2 1900.9 7603.61 74045.5
4 2256.29 9025.17 74766.3
14 4255.36 4255.36 76685.9
17 739.043 4456.17 73752.7
5 1323.18 6792.72 73700.7
8 1822.77 1822.77 74431.5
3 511.671 2046.68 73531.9
10 4876.94 4876.94 77638.8
68
10 163.887 655.55 65924.6
3 128.83 515.322 65929.7
5 305.807 305.807 66156.2
4 228.495 228.495 66270.2
2 301.746 301.746 66358
12 398.122 1592.49 66459.6
7 596.818 2387.27 67094
6 265.698 265.698 66605.1
9 325.666 1302.67 66839.5
16 221.366 885.462 66626.8
11 474.883 1899.53 66946.3
0 560.882 560.882 67192.9
14 743.594 2974.38 67293.3
8 738.832 738.832 67151.9
15 455.201 1820.8 67069.4
2 1008.89 1008.89 68121.6
13 237.04 948.159 67187.8
10 315.378 1261.51 67705.8
6 916.498 916.498 68001.9
16 1471.59 1471.59 68917.7
4 565.601 2262.4 68083.5
12 541.625 2166.5 68202.6
1 357.199 2928.8 68281.4
3 669.844 4179.38 68581.1
11 287.851 287.851 68741.8
14 783.663 783.663 69102
17 443.272 1773.09 69191.1
0 556.011 2224.04 69167.9
13 279.213 1116.85 69299.1
4 44.9334 44.9334 69453
6 449.525 449.525 70476.2
1 616.778 616.778 70838.4
12 757.322 757.322 70887.7
2 168.679 168.679 70298.1
3 476.639 476.639 70948
5 343.654 343.654 70544.7
11 455.27 3321.08 71169.9
15 482.712 1930.85 70873.3
7 515.387 3561.55 71422.6
10 106.566 106.566 70877
14 329.906 1319.62 71602.5
9 511.541 511.541 71445.8
4 322.614 322.614 71283.2
13 787.889 787.889 72111
15 3664.64 3664.64 74999.8
16 186.392 186.392 71563.4
0 555.124 555.124 72072.7
2 847.61 3390.44 72779.1
16 2224.99 2224.99 74406.6
5 727.811 2911.24 72354.9
10 955.155 3820.62 72676.8
15 792.88 3171.52 72917.2
9 3494.21 3494.21 75460.1
4 1267.35 5069.42 73251.5
9 1341.64 6866.58 73464.3
5 3863.15 3863.15 75996.5
17 1005.47 5521.89 73789.4
1 697.882 2791.53 73065.4
14 1267.72 1267.72 73698.3
13 1696.02 6784.09 74128.8
10 2100.7 2100.7 74754.6
0 1207.66 4830.65 73951.3
12 641.851 2567.41 73250.7
11 1152.99 4611.95 73757.8
3 861.686 3446.74 73659.5
13 3265.21 3265.21 76131.7
11 3279.62 3279.62 76144.5
5 1287.34 6649.37 74159.8
62
10 163.887 655.55 65924.6
3 128.83 515.322 65929.7
5 305.807 305.807 66156.2
4 228.495 228.495 66270.2
2 301.746 301.746 66358
12 398.122 1592.49 66459.6
7 596.818 2387.27 67094
6 265.698 265.698 66605.1
9 325.666 1302.67 66839.5
16 221.366 885.462 66626.8
11 474.883 1899.53 66946.3
0 560.882 560.882 67192.9
14 743.594 2974.38 67293.3
8 738.832 738.832 67151.9
15 455.201 1820.8 67069.4
2 1008.89 1008.89 68121.6
13 237.04 948.159 67187.8
10 315.378 1261.51 67705.8
6 916.498 916.498 68001.9
4 787.441 787.441 68233.6
16 1216.19 1216.19 68700.3
1 428.454 428.454 68033.1
12 341.95 1367.8 68004.3
3 146.565 146.565 68146.1
14 973.546 973.546 68821.8
0 1127.16 1127.16 69370
9 713.937 2855.75 69208.4
8 416.765 1667.06 68891.6
11 506.641 3526.56 69081
12 965.531 965.531 69830.8
17 251.731 251.731 69144.8
10 525.969 525.969 69849.6
4 715.601 715.601 69986
2 74.6469 74.6469 69482.7
6 449.525 449.525 70476.2
13 720.895 720.895 70942.5
16 1364.03 1364.03 71494.4
14 463.124 463.124 70592.6
1 664.275 664.275 71135.6
3 162.574 162.574 70363.6
15 647.154 4088.62 71361.8
11 253.587 1014.35 70644.2
8 675.133 2700.53 71582.3
2 1006.26 1006.26 71776.7
12 622.512 2490.05 71895.1
5 460.453 460.453 71394.7
0 1082.35 1082.35 72337.8
4 1106.73 1106.73 72292.7
10 1398.55 1398.55 72809.1
14 1600.76 1600.76 72905.3
2 2056.71 2056.71 73586.7
9 493.145 1972.58 72241.9
11 814.306 814.306 72439.1
12 2106.86 2106.86 73880.6
3 282.702 1130.81 72122.2
17 2043.71 2043.71 74089.7
0 2114.73 2114.73 74263.7
16 1182.47 1182.47 73930.6
4 1490.67 1490.67 73812.6
14 2099.57 2099.57 74696.2
5 416.268 1665.07 73438.6
10 2510.67 2510.67 75564
62
3 141.2 141.2 65916.7
10 169.132 676.528 66111.5
2 153.595 153.595 66287
6 396.645 396.645 66268.5
9 283.324 283.324 66269.2
4 271.348 271.348 66483.7
5 282.45 282.45 66297.7
8 711.322 711.322 66424.5
11 442.435 442.435 66501.2
15 543.058 543.058 66624.7
13 674.361 2697.44 66819.8
1 608.26 608.26 66721.1
12 448.899 448.899 66657.3
17 688.8 688.8 67034.3
7 363.478 1863.48 66764
3 1584.12 1584.12 67965.2
5 2079.56 2079.56 68315.1
0 561.65 2246.6 66872.5
16 62.4269 249.708 66435.6
11 1464.01 1464.01 67828.8
14 800.753 800.753 67394.7
15 1762.42 1762.42 68809.7
6 1301.7 1301.7 68386.8
12 1575.47 1575.47 68701.7
10 910.203 3640.81 68146.9
9 945.845 3783.38 68412.5
2 1211.44 4845.77 68594.3
1 1239.6 1239.6 68652.4
0 928.662 928.662 68404.8
16 897.554 897.554 69198.2
13 582.851 582.851 70172.2
4 912.846 3651.38 71112.9
0 505.53 2022.12 69962.2
14 569.526 569.526 70840.1
3 159.323 637.291 70087.1
11 518.276 2073.1 70637
2 135.548 135.548 70281.7
5 333.696 1334.78 71075.4
15 149.366 597.465 70955.5
16 322.201 1288.81 71636.8
12 649.969 649.969 72205.5
10 116.228 464.912 71183.5
9 193.31 2273.24 71226.1
10 1896.24 1896.24 73033
0 641.05 2564.2 71924.1
4 2604.47 2604.47 73656
0 2584.74 2584.74 73852.8
1 208.338 2333.35 71788.2
2 772.955 3091.82 72312.1
2 2683.88 2683.88 74270
3 178.349 713.395 71891.6
10 2886.42 2886.42 74605.9
13 1097.44 4389.75 73041.6
16 3223.5 3223.5 75236.3
5 662.039 2648.16 72882.2
15 873.535 873.535 73095.1
4 3390.52 3390.52 75633.1
12 3180.27 3180.27 75569.3
9 393.197 3072.79 72566.3
11 851 3404 73543.2
14 387.109 1548.43 73295.7
3 1007.06 4028.22 73940.1
66
10 147.319 147.319 65960.4
3 132.604 530.416 65941.9
4 139.91 559.642 66166.8
5 299.855 1199.42 66175.9
9 212.23 848.919 66148.4
2 297.732 1190.93 66208.5
11 406.826 406.826 66409.7
7 1005.02 1005.02 67038.7
12 190.372 761.489 66460
0 650.71 650.71 66749.5
15 475.753 1903.01 66454.3
1 304.972 1219.89 66606.4
13 401.503 1606.01 66543.9
17 1272.5 1272.5 67670.6
9 1697.5 1697.5 68146.6
16 532.227 532.227 67026.3
3 1280.83 5123.33 67769.8
14 781.052 3124.21 67142.1
6 317.346 1269.39 67132.9
5 1495.48 5981.93 68122.9
10 1197.25 4789 68026.1
8 411.658 7646.63 70245.2
15 1243.77 1243.77 68271.3
2 769.552 769.552 67788.6
4 1227.59 4910.35 68430.8
12 1057.45 1057.45 68533.6
16 907.233 907.233 69207.9
14 366.166 366.166 69774.2
6 96.2858 96.2858 70123
17 641.581 641.581 70863.2
4 523.139 523.139 70653.5
0 95.6437 95.6437 70225.1
13 651.769 651.769 71123.1
3 162.574 162.574 70363.6
12 801.839 3207.36 71516.5
5 441.875 1767.5 70832.4
7 515.387 3561.55 71422.6
10 106.566 106.566 70877
2 192.652 770.608 71465.2
15 483.015 483.015 71417.2
14 627.48 627.48 71588.1
9 365.253 365.253 71688.3
11 184.726 184.726 71519.9
0 408.086 408.086 71785.1
0 2578.36 2578.36 74095.9
8 616.178 2464.71 72547.6
16 2766.09 2766.09 74947.7
3 546.731 2186.92 72173.8
16 382.795 1531.18 72104.5
1 596.582 2386.33 72720.9
5 868.016 868.016 72833.9
10 884.413 3537.65 72868.6
14 1482.74 5930.94 73605.4
5 2684.69 2684.69 74818.1
2 1658.63 6634.53 74442.6
17 722.685 2890.74 73090.2
4 1086.05 1086.05 73516.6
15 1002.27 4009.1 73435
12 1878.04 1878.04 74531.9
9 823.323 4793.29 73567
6 860.226 3440.9 73469.1
11 729.359 2917.44 73334.1
13 1033.38 4133.51 73831.2
1 2300.13 2300.13 75166.6
15 2504.05 2504.05 75368.9
3 1106.26 5925.05 73978.7
60
3 162.574 162.574 65884.6
17 133.544 2034.18 65968.1
14 377.416 1509.66 66146.2
5 298.417 1193.67 66129.1
9 350.002 350.002 66407.1
10 106.358 106.358 66287
15 476.111 476.111 66423.5
11 479.205 1916.82 66879.1
4 241.838 241.838 66628.4
2 290.474 290.474 66742.5
13 540.233 540.233 67049
1 599.336 2397.35 67115.3
12 166.395 665.579 66957.8
3 1168.21 1168.21 67874.9
16 563.968 2255.87 67472.3
7 823.499 823.499 67328.7
17 1766.01 1766.01 68698.9
7 2791.41 2791.41 69506.6
0 735.715 735.715 68246.6
10 862.336 3449.34 68226.9
14 846.032 3384.13 68363.9
5 211.164 2344.66 67872.2
2 572.947 2291.79 68497.2
12 551.085 2204.34 68462.4
15 257.01 257.01 68710.9
4 303.099 303.099 68621.4
13 819.3 3277.2 69567.2
1 296.569 2686.28 68908.5
11 703.354 2813.42 69723.2
9 540.044 2160.18 69735.6
8 496.539 1986.16 70263.7
10 191.225 191.225 70212.9
3 172.418 172.418 69895.7
5 266.977 266.977 70177.6
15 650.339 2601.36 70531.8
6 323.48 323.48 70747.6
2 142.717 142.717 70437.4
17 1004.09 4016.35 71716.1
1 233.322 933.289 70580.1
8 1616.1 1616.1 72202.5
12 110.953 110.953 70786.4
16 420.66 420.66 71202.2
4 247.675 247.675 71405.9
14 1167.56 1167.56 72944.2
0 393.728 393.728 71917.6
9 182.675 2230.7 71368
3 177.26 2209.04 71765
1 586.112 2344.45 72547.8
10 801.238 3204.95 72280.8
2 503.653 2014.61 72227.9
12 1267.26 1267.26 73118.3
11 108.311 108.311 71968.7
4 905.75 905.75 73411.8
5 248.651 994.604 72977.8
16 679.044 679.044 73347.9
13 451.594 1806.38 73056.7
15 508.552 508.552 73056.2
10 1459.98 1459.98 74111.1
7 389.364 1557.46 73471.3
0 863.847 863.847 73666.1
65
3 162.574 162.574 65884.6
17 133.544 2034.18 65968.1
14 377.416 1509.66 66146.2
5 298.417 1193.67 66129.1
9 350.002 350.002 66407.1
10 106.358 106.358 66287
15 476.111 476.111 66423.5
11 479.205 1916.82 66879.1
4 241.838 241.838 66628.4
2 290.474 290.474 66742.5
13 540.233 540.233 67049
1 599.336 2397.35 67115.3
12 166.395 665.579 66957.8
3 1168.21 1168.21 67874.9
16 563.968 2255.87 67472.3
7 823.499 823.499 67328.7
17 1766.01 1766.01 68698.9
7 2791.41 2791.41 69506.6
0 735.715 735.715 68246.6
10 862.336 3449.34 68226.9
5 395.037 395.037 68090.5
14 189.661 189.661 67780.9
2 522.786 522.786 68279.1
4 746.111 746.111 68573
16 897.125 897.125 69513.1
12 560.459 560.459 69447.5
10 1406.41 1406.41 70044
2 1311.58 1311.58 70209.5
9 274.414 2597.65 69203.7
1 304.972 304.972 69467.4
6 632.778 2531.11 69758
0 548.444 548.444 69896.3
3 273.85 1095.4 69852.6
14 659.688 659.688 70675.2
17 536.035 3644.14 70449.2
5 305.738 305.738 71048.1
9 446.271 1785.09 71194.4
1 514.097 514.097 71621
4 962.55 3850.2 71800.7
12 637.959 637.959 71598.5
3 339.716 339.716 71662.8
11 184.726 184.726 71519.9
0 1101.13 1101.13 72478.1
10 343.53 343.53 71861.1
2 758.945 3035.78 72690.4
14 1416.79 1416.79 73598.4
15 525.232 2100.93 72152.3
13 140.569 2062.27 71862.2
5 967.702 3870.81 73092
3 1698.38 1698.38 73664.3
9 1201.74 6306.96 73185.9
12 1493.21 5972.85 73615.9
9 3036.69 3036.69 75170.1
4 1473.12 5892.48 74257.1
17 1005.21 4020.85 73372.7
16 815.357 815.357 73245.9
11 1102.6 4410.42 73535.3
0 1901.97 1901.97 74555.8
10 996.069 3984.27 73739.7
7 327.302 2809.21 72936.2
13 879.018 3516.07 73483.8
1 1511.63 6046.5 74309.4
5 2642.56 2642.56 75509
11 2604.38 2604.38 75469.2
15 1084.76 5839.06 73957.2
70
10 147.319 147.319 65960.4
3 132.604 530.416 65941.9
4 139.91 559.642 66166.8
5 299.855 1199.42 66175.9
9 212.23 848.919 66148.4
2 297.732 1190.93 66208.5
11 406.826 406.826 66409.7
7 1005.02 1005.02 67038.7
12 190.372 761.489 66460
0 650.71 650.71 66749.5
15 475.753 1903.01 66454.3
1 304.972 1219.89 66606.4
13 401.503 1606.01 66543.9
17 1272.5 1272.5 67670.6
9 1697.5 1697.5 68146.6
16 532.227 532.227 67026.3
3 1280.83 5123.33 67769.8
14 781.052 3124.21 67142.1
6 317.346 1269.39 67132.9
5 1495.48 5981.93 68122.9
10 1197.25 4789 68026.1
8 411.658 7646.63 70245.2
15 1243.77 1243.77 68271.3
2 769.552 769.552 67788.6
4 1227.59 4910.35 68430.8
12 1057.45 1057.45 68533.6
16 907.233 907.233 69207.9
3 149.771 599.082 69345.3
6 515.426 2061.7 70282.6
2 128.344 128.344 70150.1
5 373.894 373.894 70097.1
15 108.889 108.889 70019.5
13 78.7382 314.953 69960.2
4 1623.22 1623.22 72047.3
12 190.938 190.938 70485.6
1 866.105 3464.42 71578.1
3 532.112 2128.45 70878.9
16 1560.5 1560.5 72146.9
0 132.037 132.037 70807.5
10 528.412 528.412 71310
11 202.568 810.274 71415
9 318.102 2772.41 71483.2
13 1077.15 1077.15 72276.8
15 1115.55 1115.55 72318.7
15 2952.88 2952.88 74290.2
14 561.079 561.079 71829.6
5 515.302 3561.21 71653.5
7 555.514 3722.06 72116.2
2 1568.61 1568.61 73250.1
8 809.65 3238.6 72216.5
12 1273.99 5095.94 72565.3
3 1260.72 6542.88 72716.6
8 2553.03 2553.03 74033.5
10 2036.08 8144.32 73583.2
12 2731.05 2731.05 74536.8
9 1358.75 6935.01 73332
0 872.837 3491.35 73087.4
0 3579.47 3579.47 75483.8
3 2688.96 2688.96 74723.1
1 2855.83 2855.83 74653.2
10 3205.74 3205.74 75132.2
14 4040.71 4040.71 76246.2
11 1161.36 6145.45 73306
5 1270.95 6583.79 73780.9
8 3804.94 3804.94 76235.5
17 595.832 3883.33 73609.5
14 1266.8 5067.21 73644.3
6 1311.02 1311.02 73919.7
13 1063.48 4253.92 74083.7
12 3863.88 3863.88 76625.8
62
3 162.574 162.574 65884.6
17 133.544 2034.18 65968.1
14 377.416 1509.66 66146.2
5 298.417 1193.67 66129.1
9 350.002 350.002 66407.1
10 106.358 106.358 66287
15 476.111 476.111 66423.5
11 479.205 1916.82 66879.1
4 241.838 241.838 66628.4
2 290.474 290.474 66742.5
13 540.233 540.233 67049
1 599.336 2397.35 67115.3
12 166.395 665.579 66957.8
3 1168.21 1168.21 67874.9
16 563.968 2255.87 67472.3
7 823.499 823.499 67328.7
17 1766.01 1766.01 68698.9
7 2791.41 2791.41 69506.6
0 735.715 735.715 68246.6
10 862.336 3449.34 68226.9
4 1098.67 1098.67 68582.8
5 661.668 661.668 68266.3
2 624.812 2499.25 68287.2
9 348.615 348.615 68348.2
12 1177.31 1177.31 69025.5
14 212.812 212.812 68455.7
15 540.581 2162.32 69035
8 805.223 3220.89 69280
1 259.09 2536.36 68833.5
10 1188.09 1188.09 70053.3
13 473.134 473.134 69366.2
16 1137.06 1137.06 70460.7
2 769.19 769.19 70039.6
4 964.216 964.216 70372.2
6 96.2858 96.2858 70123
5 580.436 580.436 70802
0 355.194 355.194 70485.5
12 666.891 666.891 70796.4
11 866.86 866.86 71338.2
3 162.574 162.574 70363.6
14 503.455 2013.82 71218.1
1 357.076 1428.3 70747.6
8 595.215 2380.86 71502.4
10 1081.79 1081.79 71852.3
9 341.204 2864.81 71613.8
15 827.255 827.255 71761.5
2 1187.33 1187.33 72442.8
4 1492.99 1492.99 72679
12 1834.13 1834.13 73244.7
10 2366.75 2366.75 73671.3
2 2910.34 2910.34 74440.3
13 637.543 2550.17 72386.3
1 917.794 917.794 72542.6
16 939.436 939.436 72713.2
3 282.702 1130.81 72122.2
17 1396.68 1396.68 73442.7
0 895.336 895.336 73044.3
14 906.181 906.181 73654.3
4 1876.93 1876.93 74198.9
16 2037.84 2037.84 74634.5
15 783.07 3132.28 73805.4
0 2230.91 2230.91 75284.3
68
3 141.2 141.2 65916.7
10 169.132 676.528 66111.5
2 153.595 153.595 66287
6 396.645 396.645 66268.5
9 283.324 283.324 66269.2
4 271.348 271.348 66483.7
5 282.45 282.45 66297.7
8 711.322 711.322 66424.5
11 442.435 442.435 66501.2
15 543.058 543.058 66624.7
13 674.361 2697.44 66819.8
1 608.26 608.26 66721.1
12 448.899 448.899 66657.3
17 688.8 688.8 67034.3
7 363.478 1863.48 66764
3 1584.12 1584.12 67965.2
5 2079.56 2079.56 68315.1
0 561.65 2246.6 66872.5
16 62.4269 249.708 66435.6
11 1464.01 1464.01 67828.8
14 800.753 800.753 67394.7
15 1762.42 1762.42 68809.7
6 1301.7 1301.7 68386.8
12 1575.47 1575.47 68701.7
10 910.203 3640.81 68146.9
9 945.845 3783.38 68412.5
2 1211.44 4845.77 68594.3
1 1239.6 1239.6 68652.4
0 928.662 928.662 68404.8
16 897.554 897.554 69198.2
13 582.851 582.851 70172.2
4 912.846 3651.38 71112.9
0 505.53 2022.12 69962.2
14 569.526 569.526 70840.1
3 159.323 637.291 70087.1
11 518.276 2073.1 70637
2 135.548 135.548 70281.7
5 333.696 1334.78 71075.4
15 149.366 597.465 70955.5
16 322.201 1288.81 71636.8
12 649.969 649.969 72205.5
10 116.228 464.912 71183.5
0 736.393 736.393 71697
9 365.253 365.253 71688.3
3 578.059 578.059 71913.2
16 2853.95 2853.95 74230.9
10 3776.6 3776.6 75294.2
2 322.635 1290.54 72254.1
12 3793.7 3793.7 75975.3
1 614.118 2456.47 72241.2
10 1261.62 5046.5 72983.3
5 994.993 3979.97 73119.3
13 1090.57 1090.57 73056.5
0 1681.13 6724.53 73665.3
3 1807.87 8731.5 73930.5
13 2907.25 2907.25 75040.6
17 1311.94 6747.77 74095.9
11 615.662 2462.65 72983.2
4 793.483 793.483 73224
15 969.838 3879.35 73402.6
4 2923.89 2923.89 75577.7
9 823.323 4793.29 73567
14 645.385 2581.54 73254.3
1 1516.91 6067.65 74121.7
5 2357.19 9428.75 75155
15 2539.03 2539.03 75405.5
9 2965.95 2965.95 75830.8
2 1663.81 6655.24 74536.2
71
3 162.574 162.574 65884.6
17 133.544 2034.18 65968.1
14 377.416 1509.66 66146.2
5 298.417 1193.67 66129.1
9 350.002 350.002 66407.1
10 106.358 106.358 66287
15 476.111 476.111 66423.5
11 479.205 1916.82 66879.1
4 241.838 241.838 66628.4
2 290.474 290.474 66742.5
13 540.233 540.233 67049
1 599.336 2397.35 67115.3
12 166.395 665.579 66957.8
3 1168.21 1168.21 67874.9
16 563.968 2255.87 67472.3
7 823.499 823.499 67328.7
17 1766.01 1766.01 68698.9
7 2791.41 2791.41 69506.6
0 735.715 735.715 68246.6
10 862.336 3449.34 68226.9
14 846.032 3384.13 68363.9
5 211.164 2344.66 67872.2
2 572.947 2291.79 68497.2
12 551.085 2204.34 68462.4
15 257.01 257.01 68710.9
4 303.099 303.099 68621.4
13 819.3 3277.2 69567.2
1 296.569 2686.28 68908.5
11 703.354 2813.42 69723.2
5 466.101 466.101 70055.4
10 758.54 3034.16 70958.6
4 722.14 2888.56 70178.9
16 147.347 147.347 70417.9
3 159.323 637.291 70087.1
9 699.402 2797.61 70818.1
12 364.733 364.733 70510.9
15 523.941 2095.77 71265.6
1 295.023 1180.09 71101.2
14 598.716 2394.86 71913.3
0 566.745 566.745 72122.3
2 300.16 1200.64 71367.4
3 815.709 3262.83 72028.1
4 817.923 3271.69 71983
13 1192.68 1192.68 72392.4
11 1351.13 1351.13 72554.3
5 1580.31 1580.31 72917.6
4 4006.45 4006.45 75274.9
12 929.096 3716.38 72067.3
6 856.816 3427.26 72417.5
16 806.279 806.279 72487.8
2 1782.29 7129.16 73189.2
4 2232.32 8929.29 73523.7
12 2449.11 9796.42 73904.9
12 4241.46 4241.46 75722
13 2647.52 12090.1 74194.7
14 5039.08 5039.08 76844.9
11 2429.88 11219.5 74403.1
17 334.295 2837.18 72548.8
10 916.946 916.946 72821.3
15 1238.03 1238.03 73272.2
1 1359.52 1359.52 73156.9
0 5302.98 5302.98 77229.5
16 3881.93 3881.93 76087.4
3 1746.15 8484.61 73890.8
2 2806.63 11226.5 75316.6
0 2259.33 2259.33 74689.9
10 2652.93 10611.7 75666.6
5 1825.14 8800.55 74202.6
14 1572.73 1572.73 74181.5
9 697.809 2791.23 73718
2 4488.9 4488.9 77250.8
62
10 147.319 147.319 65960.4
3 132.604 530.416 65941.9
4 139.91 559.642 66166.8
5 299.855 1199.42 66175.9
9 212.23 848.919 66148.4
2 297.732 1190.93 66208.5
11 406.826 406.826 66409.7
7 1005.02 1005.02 67038.7
12 190.372 761.489 66460
0 650.71 650.71 66749.5
15 475.753 1903.01 66454.3
1 304.972 1219.89 66606.4
13 401.503 1606.01 66543.9
17 1272.5 1272.5 67670.6
9 1697.5 1697.5 68146.6
16 532.227 532.227 67026.3
3 1280.83 5123.33 67769.8
14 781.052 3124.21 67142.1
6 317.346 1269.39 67132.9
5 1495.48 5981.93 68122.9
10 1197.25 4789 68026.1
8 411.658 7646.63 70245.2
15 1243.77 1243.77 68271.3
2 769.552 769.552 67788.6
4 1227.59 4910.35 68430.8
12 649.936 2599.75 68167.8
0 1135.06 4540.24 68796.1
14 972.561 3890.24 68896.8
13 148.332 2093.33 68059.6
11 403.092 403.092 68857
16 1663.56 1663.56 69981.9
1 523.677 2094.71 69271.5
2 748.527 2994.11 69360.4
3 951.161 3804.64 69971
4 732.612 732.612 70080.4
15 280.058 1120.23 69858.8
12 301.611 301.611 70317.1
6 481.32 1925.28 70394.5
5 305.738 305.738 71048.1
9 350.002 1400.01 71098.1
1 318.273 318.273 71425.2
0 436.936 1747.75 71275.1
10 108.929 435.717 71141.7
2 311.974 311.974 71448.7
16 660.681 2642.72 71943.7
12 1805.22 1805.22 72856.7
14 446.248 446.248 71714.3
13 470.026 3380.1 72049.9
8 862.416 3449.66 72401.6
10 1513.43 1513.43 73099.5
11 437.517 1750.07 72150.8
0 1761.95 1761.95 73481.4
15 523.416 2093.66 72467.6
16 1924.88 1924.88 73937.7
3 459.005 1836.02 72679.2
5 595.411 595.411 72817
14 2079.39 2079.39 74322
8 2015.5 2015.5 74404.6
2 1052.77 4211.09 73225.9
7 1091.64 4366.57 73783.8
4 399.886 1599.55 73308.5
9 265.826 1063.31 73198.9
63
10 147.319 147.319 65960.4
3 132.604 530.416 65941.9
4 139.91 559.642 66166.8
5 299.855 1199.42 66175.9
9 212.23 848.919 66148.4
2 297.732 1190.93 66208.5
11 406.826 406.826 66409.7
7 1005.02 1005.02 67038.7
12 190.372 761.489 66460
0 650.71 650.71 66749.5
15 475.753 1903.01 66454.3
1 304.972 1219.89 66606.4
13 401.503 1606.01 66543.9
17 1272.5 1272.5 67670.6
9 1697.5 1697.5 68146.6
16 532.227 532.227 67026.3
3 1280.83 5123.33 67769.8
14 781.052 3124.21 67142.1
6 317.346 1269.39 67132.9
5 1495.48 5981.93 68122.9
10 1197.25 4789 68026.1
8 411.658 7646.63 70245.2
15 1243.77 1243.77 68271.3
2 769.552 769.552 67788.6
4 1227.59 4910.35 68430.8
12 1057.45 1057.45 68533.6
16 907.233 907.233 69207.9
6 398.479 398.479 69752
3 140.754 563.017 69388.1
11 455.101 455.101 69981.3
17 625.854 2503.42 70134.8
14 103.795 415.179 70117.8
0 419.162 419.162 70582.5
10 124.246 124.246 70485.5
12 263.163 1052.65 70419.2
7 357.911 357.911 71422.1
2 195.534 195.534 71646
4 246.882 246.882 71207.5
3 158.773 158.773 71481.9
5 18.0448 18.0448 71353.2
16 436.182 436.182 71813.2
10 963.972 963.972 72481.5
11 133.058 2032.23 72064.5
12 1080.79 1080.79 73262.4
9 365.253 1461.01 71992.3
8 417.771 1671.08 72139.5
15 419.934 1679.74 72544.2
13 603.39 603.39 72569.3
14 974.309 3897.24 72958.5
1 683.381 4233.53 72806.1
17 1110.88 1110.88 73244.2
0 932.308 3729.23 73716.3
5 1715.53 6862.13 74083
16 1478.4 1478.4 73908.9
3 1066.91 4267.63 73499.6
8 1563.32 1563.32 74217.2
4 728.854 2915.41 73472.5
6 860.226 3440.9 73469.1
11 1081.3 4325.18 73686.1
15 1782.13 7128.52 74579.9
9 1106.23 1106.23 73972.7
13 1638.32 1638.32 74503.2
2 1055.69 4222.75 73928.1
66
10 164.742 164.742 65938.8
4 238.928 238.928 66198
3 184.024 184.024 66222.7
5 225.508 225.508 66300
15 492.293 492.293 66401.7
9 369.049 369.049 66439.8
11 441.459 441.459 66505.8
2 283.638 1134.55 66427.7
13 572.806 572.806 66876.7
12 314.499 314.499 66397.3
0 614.118 614.118 66994.5
16 632.046 2528.18 67281.8
1 490.857 490.857 66784.7
14 707.237 707.237 67245.6
17 70.4666 281.867 66555
15 1837.18 1837.18 69125.7
6 164.005 164.005 67220.4
7 515.224 3560.89 67646.5
9 1412.55 1412.55 68502.5
3 1139.67 4558.66 68164.2
10 662.061 662.061 67769.3
12 1345.56 1345.56 68595.5
11 952.847 952.847 68486.7
4 453.414 453.414 68200
2 648.201 2592.8 68647.6
5 570.921 570.921 68583.7
1 575.802 575.802 68598.9
0 1442.06 1442.06 70371.5
14 661.156 2644.62 69267.3
13 369.184 2976.74 68822.1
6 1090.52 1090.52 70168.6
16 843.555 843.555 69862.8
12 1203.02 1203.02 70550.8
3 183.925 735.699 69762.7
2 697.116 697.116 70712.6
7 279.418 2617.67 70192.6
9 328.613 328.613 71071
11 469.149 1876.6 71217.2
15 229.62 229.62 71336.5
17 462.018 3348.07 71300.2
4 188.745 188.745 71149.3
3 255.785 255.785 71578.9
5 18.0448 18.0448 71353.2
14 504.919 504.919 71881.9
10 163.248 163.248 71680.8
13 407.061 3128.25 72338.5
16 1373.8 1373.8 73555.4
1 614.118 2456.47 72241.2
4 1321.87 5287.47 73043.5
9 990.577 3962.31 73114.9
13 2798.13 2798.13 74764
11 1224.62 6398.48 73208.8
10 1576.7 6306.78 73699.4
11 3059.57 3059.57 75192.9
2 1058.59 4234.36 73842.5
15 1196.01 4784.05 73563.5
12 961.283 961.283 73391.8
5 935.923 3743.69 73368.7
4 2467.42 2467.42 75121.3
14 1531.57 6126.27 74275.2
0 417.18 1668.72 73026.1
3 854.58 3418.32 73459.3
17 467.847 1871.39 73265.6
5 2505.11 2505.11 75371.6
9 2544.43 2544.43 75409.3
1 1173.65 6194.6 74046.1
71
10 147.319 147.319 65960.4
3 132.604 530.416 65941.9
4 139.91 559.642 66166.8
5 299.855 1199.42 66175.9
9 212.23 848.919 66148.4
2 297.732 1190.93 66208.5
11 406.826 406.826 66409.7
7 1005.02 1005.02 67038.7
12 190.372 761.489 66460
0 650.71 650.71 66749.5
15 475.753 1903.01 66454.3
1 304.972 1219.89 66606.4
13 401.503 1606.01 66543.9
17 1272.5 1272.5 67670.6
9 1697.5 1697.5 68146.6
16 532.227 532.227 67026.3
3 1280.83 5123.33 67769.8
14 781.052 3124.21 67142.1
6 317.346 1269.39 67132.9
5 1495.48 5981.93 68122.9
10 1197.25 4789 68026.1
8 411.658 7646.63 70245.2
15 1243.77 1243.77 68271.3
2 769.552 769.552 67788.6
4 1227.59 4910.35 68430.8
14 1190.23 1190.23 68674.4
13 592.515 592.515 68197.2
12 883.706 3534.82 68546
11 493.062 493.062 68492.6
0 820.233 820.233 68668.4
16 1207.51 1207.51 69450.3
7 473.093 1892.37 68967.5
6 947.264 3789.06 69422.1
2 762.988 3051.95 69337.4
10 1124.83 1124.83 69990.1
1 385.46 385.46 69278.5
12 1467.51 1467.51 70791.2
0 1150.47 1150.47 70420.8
14 1055.78 1055.78 70463.8
4 1474.56 1474.56 71501.3
17 641.581 641.581 70863.2
16 1675.18 1675.18 71805.5
2 978.739 978.739 71108.2
13 651.769 651.769 71123.1
3 162.574 162.574 70363.6
15 647.154 4088.62 71361.8
5 441.875 1767.5 70832.4
6 737.256 2949.02 71644.4
0 1915.55 1915.55 72686
9 341.204 2864.81 71613.8
11 554.318 554.318 71488.5
10 710.981 2843.92 71743.7
14 1649.54 1649.54 72786.3
8 1012.29 4049.17 72295.4
2 2143.86 2143.86 73195.4
8 2955.98 2955.98 74224.1
1 142.434 2069.74 71722.3
3 854.853 4919.41 72394
0 2910.17 2910.17 74496.3
5 915.713 3662.85 72629
14 2639.72 2639.72 74359.2
11 1532.43 6129.74 73476.6
2 3002.17 3002.17 75015
9 1607.98 6431.91 73828.2
13 2059.84 2059.84 74281.5
10 2924.6 2924.6 75167.2
16 3008.12 3008.12 75397.2
10 910.869 3643.47 73084
17 1084.96 4339.86 73777.1
12 417.828 1671.31 73326.4
3 1629.12 6516.49 74562.2
64
10 164.742 164.742 65938.8
4 238.928 238.928 66198
3 184.024 184.024 66222.7
5 225.508 225.508 66300
15 492.293 492.293 66401.7
9 369.049 369.049 66439.8
11 441.459 441.459 66505.8
2 283.638 1134.55 66427.7
13 572.806 572.806 66876.7
12 314.499 314.499 66397.3
0 614.118 614.118 66994.5
16 632.046 2528.18 67281.8
1 490.857 490.857 66784.7
14 707.237 707.237 67245.6
17 70.4666 281.867 66555
15 1837.18 1837.18 69125.7
6 164.005 164.005 67220.4
7 515.224 3560.89 67646.5
9 1412.55 1412.55 68502.5
3 1139.67 4558.66 68164.2
10 662.061 662.061 67769.3
12 1345.56 1345.56 68595.5
11 952.847 952.847 68486.7
4 697.915 697.915 68182.1
5 674.346 674.346 68279
2 310.048 1240.19 67972.4
1 726.212 726.212 68725.8
0 1065.22 1065.22 68913.4
14 1179.89 1179.89 69422.7
13 600.991 2403.96 69095.4
8 805.223 3220.89 69280
10 743.667 2974.67 69318
2 933.629 933.629 69798.9
17 251.731 251.731 69144.8
16 383.879 383.879 69707.5
4 664.101 664.101 69934.5
12 1203.02 1203.02 70550.8
3 183.925 735.699 69762.7
0 1093.75 1093.75 71109.3
6 481.32 1925.28 70394.5
5 305.738 305.738 71048.1
9 341.821 1367.28 71089.9
15 229.62 229.62 71336.5
16 836.532 3346.13 71674.7
10 108.929 435.717 71141.7
14 1113.77 1113.77 72250.5
2 477.668 1910.67 71760.7
10 2017.74 2017.74 73069.2
0 2209.81 2209.81 73477.9
4 419.164 1676.66 71999
3 262.054 2548.21 71801.2
14 2474.68 2474.68 74060.8
11 437.517 1750.07 72150.8
16 2496.76 2496.76 74216.2
13 594.551 2378.21 72538.7
4 2799.15 2799.15 74812
1 320.399 1281.6 72540.6
5 595.411 595.411 72817
10 2803.79 2803.79 75046.4
2 2714.88 2714.88 75103.9
2 927.863 3711.45 73101
7 1091.64 4366.57 73783.8
12 92.327 369.308 73000.9
9 261.909 1047.63 73195
78
3 141.2 141.2 65916.7
10 169.132 676.528 66111.5
2 153.595 153.595 66287
6 396.645 396.645 66268.5
9 283.324 283.324 66269.2
4 271.348 271.348 66483.7
5 282.45 282.45 66297.7
8 711.322 711.322 66424.5
11 442.435 442.435 66501.2
15 543.058 543.058 66624.7
13 674.361 2697.44 66819.8
1 608.26 608.26 66721.1
12 448.899 448.899 66657.3
17 688.8 688.8 67034.3
7 363.478 1863.48 66764
3 1584.12 1584.12 67965.2
5 2079.56 2079.56 68315.1
0 561.65 2246.6 66872.5
16 62.4269 249.708 66435.6
11 1464.01 1464.01 67828.8
14 800.753 800.753 67394.7
15 1762.42 1762.42 68809.7
6 1301.7 1301.7 68386.8
12 1575.47 1575.47 68701.7
10 910.203 3640.81 68146.9
9 945.845 3783.38 68412.5
2 1211.44 4845.77 68594.3
1 1239.6 1239.6 68652.4
13 1365.58 1365.58 69061.1
16 1024.63 1024.63 68615.9
0 652.828 652.828 68409.1
4 849.189 849.189 68676.1
8 989.363 989.363 69605.3
10 1346.32 1346.32 70233.4
0 1588.7 1588.7 70226.3
2 1626.82 1626.82 70524.7
14 575.841 2303.36 69505.1
17 678.107 678.107 69840.5
7 360.932 2943.73 69486.2
4 1057.5 1057.5 70465.5
6 1091.71 1091.71 71118.4
5 550.774 550.774 70772.4
16 840.735 840.735 70971.1
12 681.796 681.796 70811.3
15 776.409 776.409 71247.8
3 162.574 162.574 70363.6
13 617.982 3971.93 71332.6
9 491.565 1966.26 70882.1
8 920.496 3681.98 71827.7
0 1254.72 1254.72 72025.2
14 494.198 1976.79 71766.8
1 496.239 496.239 71430.5
2 1378 1378 72338.6
11 484.599 484.599 71807.7
3 3083.45 3083.45 74418.6
14 1949.75 1949.75 73326.7
10 1553.98 1553.98 73071.5
3 404.533 3118.13 72336
4 2998.5 2998.5 75180.1
9 1065.23 4260.9 72692.3
4 615.207 2460.83 72336.9
1 1350.05 5400.22 73474.4
11 3855.36 3855.36 75821.3
12 1233.68 4934.73 73217.8
0 1921.07 7684.29 74043.7
1 3659.2 3659.2 75792.6
17 1010.58 5542.32 73794.5
5 631.877 2527.51 72999.4
16 1363.62 1363.62 73794.2
11 1392.73 5570.93 73825.5
10 2618.91 2618.91 75272.8
2 1859.98 7439.9 74603.6
6 363.303 1453.21 72972.2
13 1319.59 5278.35 73924.4
15 1149.68 4598.72 73947.5
13 3471.02 3471.02 76337.5
9 3424.05 3424.05 76288.9
9 1624.76 7999.03 74497.2
