57
3 162.574 162.574 65884.6
0 532.056 2128.22 66366.6
12 851.343 3405.37 66620.1
5 298.417 1193.67 66129.1
9 350.002 350.002 66407.1
10 106.358 106.358 66287
13 482.117 482.117 66429.5
11 479.205 1916.82 66879.1
4 241.838 241.838 66628.4
2 290.474 290.474 66742.5
1 595.176 595.176 67103.9
3 1176.58 4706.31 67692.5
5 1202.79 6311.17 67994.2
9 1690.66 1690.66 68397.4
0 1607.5 6429.99 68515.8
7 823.499 823.499 67328.7
7 2388.88 2388.88 69321.7
7 4260.88 4260.88 70976
12 1880.42 1880.42 69391.3
10 862.336 3449.34 68226.9
4 923.856 3695.42 68441.8
2 824.487 3297.95 68485.5
1 934.41 5237.64 68858.7
11 807.647 4730.59 68718.9
13 276.768 276.768 68730.7
4 2424.62 2424.62 70742.9
3 1462.82 5851.29 70210.7
10 1186.77 4747.07 69798.7
5 1052.09 4208.35 70071.9
0 817.639 817.639 70165.5
9 796.294 3185.18 70375.1
2 327.275 327.275 70342.8
6 481.32 1925.28 70394.5
11 479.704 479.704 71222.1
13 559.937 2239.75 71308
1 593.688 593.688 71700.6
10 882.759 3531.04 71720.9
12 1423.26 5693.03 72456
0 2400.31 2400.31 73537.1
4 1421.74 5686.98 72704.8
10 2845.96 2845.96 73897.5
12 3116.64 3116.64 74384.7
2 1048.63 4194.54 72628.5
11 1713.28 8353.13 73252.5
4 3076.55 3076.55 74662.6
9 458.338 1833.35 72171.6
0 3390.49 3390.49 75109.9
5 1068.28 4273.1 73012.4
2 3428.89 3428.89 75441.7
3 698.671 2794.68 72918.9
3 2822.48 2822.48 75044.1
10 3632.01 3632.01 75874.6
12 4303.5 4303.5 76692.6
13 912.072 5148.29 73085.2
7 1091.64 4366.57 73783.8
1 1229.16 6416.63 74137.7
9 1287.04 5148.18 74220.1
59
10 163.887 655.55 65924.6
3 128.83 515.322 65929.7
5 305.807 305.807 66156.2
4 228.495 228.495 66270.2
2 301.746 301.746 66358
12 398.122 1592.49 66459.6
7 596.818 2387.27 67094
6 265.698 265.698 66605.1
9 325.666 1302.67 66839.5
0 414.304 1657.21 66819.7
11 474.883 1899.53 66946.3
10 1229.5 1229.5 67861.5
13 566.396 3765.58 67116.1
8 738.832 738.832 67151.9
1 652.979 2611.92 67267.2
12 1110.52 1110.52 68223.2
3 762.182 3048.73 67712.9
2 748.768 2995.07 68139.2
6 916.498 916.498 68001.9
4 787.441 787.441 68233.6
10 2116.4 2116.4 69862.9
0 823.322 3293.29 68822.7
5 798.399 798.399 68811.2
11 737.451 737.451 68760.6
8 1309.43 1309.43 70238.9
13 251.377 2505.51 68857.5
1 240.118 2460.47 68693
6 1068.03 1068.03 70146.1
2 1413.75 1413.75 70433
3 624.379 624.379 70213.7
4 765.252 3061.01 70965.3
12 865.096 3460.38 70321.8
0 975.045 975.045 71245.6
9 318.175 1272.7 70245.9
1 706.268 2825.07 70825
12 3258.56 3258.56 73404.8
11 481.332 1925.33 71223
13 215.832 863.33 71022
5 788.571 4654.28 72103.2
2 1778.5 1778.5 73334
10 620.212 2480.85 71687.5
10 3854.9 3854.9 75013.2
6 1326.82 1326.82 73103.5
4 1773.21 1773.21 73297.1
12 713.092 2852.37 71898.4
11 1470.77 7383.07 73058.5
9 251.945 1007.78 72213.6
10 1737.06 6948.23 73216.6
3 711.081 4344.32 72435.3
12 3407.77 3407.77 75258.8
13 634.372 634.372 72494.7
4 3777.67 3777.67 76283.7
1 1122.31 4489.23 73851.5
0 3436.23 3436.23 76105
9 1584.6 6338.4 74189.7
3 2191.73 2191.73 74739.4
2 4007.85 4007.85 76659
7 389.364 1557.46 73471.3
0 909.508 909.508 73711.8
69
10 164.742 164.742 65938.8
4 238.928 238.928 66198
3 184.024 184.024 66222.7
5 225.508 225.508 66300
13 495.139 495.139 66404.5
9 369.049 369.049 66439.8
11 441.459 441.459 66505.8
2 283.638 1134.55 66427.7
1 630.522 630.522 66934.4
12 314.499 314.499 66397.3
0 614.118 614.118 66994.5
10 1664.06 6656.23 68313.8
13 1656.33 1656.33 67950.2
4 1634.4 1634.4 68172.8
7 1827.36 7309.42 68311.9
9 1875.31 1875.31 69163.8
6 164.005 164.005 67220.4
8 1265.98 5063.91 68397.3
11 1478.59 1478.59 68568.5
3 1139.67 4558.66 68164.2
12 1120.57 1120.57 68227.8
2 1375.92 1375.92 68625.9
1 1490.34 1490.34 69024.2
0 2997.57 2997.57 70481.7
5 674.346 674.346 68279
0 1287.08 5148.33 68949.4
13 1891.69 1891.69 69891.2
2 3295.74 3295.74 71143.9
4 2107.05 2107.05 70349.9
5 1805.9 7223.59 70300.3
6 1034.76 4139.02 69509.6
12 1202.17 4808.69 69776.5
12 2737.79 2737.79 71603
7 1224.95 1224.95 70118
10 1283.46 1283.46 70607.1
12 4085.06 4085.06 73355.4
3 487.726 1950.9 69683.3
8 610.552 2442.21 70377.8
0 4695.4 4695.4 74717.1
1 1264.99 1264.99 70988.2
13 2035.27 2035.27 71945.9
11 507.925 2031.7 70389.4
6 1577.49 1577.49 72001.6
4 2444.44 2444.44 72739.1
9 1012.52 4050.1 71724.6
3 870.067 3480.27 71216.8
8 1730.11 1730.11 72316.5
4 3916.61 3916.61 74592.1
10 4491.1 4491.1 75272.7
0 1202.63 4810.52 72235.4
2 3945.41 3945.41 75082.2
2 1822.75 7290.98 73105.8
12 4391.09 4391.09 75442.6
1 3660.9 5160.9 74929
10 1312.94 5251.76 72892.8
3 1708.05 8332.19 73247.2
4 5022.2 5022.2 76608.3
11 946.576 3786.3 72659.8
2 4935.59 4935.59 76655
1 1032.13 4128.53 72976.3
3 3234.88 4734.88 75247.7
13 1940.08 7760.31 74160.3
11 2207.15 2207.15 74428.8
0 5076.87 5076.87 77319.5
12 4861.65 4861.65 77250.7
5 325.444 2801.78 72498.6
7 977.145 3908.58 73669.3
9 1253.15 6512.6 74161.7
5 1733.65 6934.61 74666.7
69
3 141.2 141.2 65916.7
10 169.132 676.528 66111.5
2 153.595 153.595 66287
6 396.645 396.645 66268.5
9 283.324 283.324 66269.2
4 271.348 271.348 66483.7
5 282.45 282.45 66297.7
8 711.322 711.322 66424.5
11 442.435 442.435 66501.2
13 613.502 613.502 66695.2
1 740.099 2960.4 66885.5
3 1753.09 1753.09 67865.9
12 448.899 448.899 66657.3
7 1298.22 1298.22 67643.7
6 2029.4 2029.4 68429.9
5 2084.82 2084.82 68465.9
11 2283.03 2283.03 68518.6
0 561.65 2246.6 66872.5
2 1440.14 5760.55 67813.3
13 1657.97 1657.97 68022.8
12 3554.38 3554.38 70148.3
11 3511.03 3511.03 70558.3
8 1457.71 1457.71 68542.8
10 4928.81 4928.81 72055
10 910.203 3640.81 68146.9
9 945.845 3783.38 68412.5
12 1245.54 4982.17 68628.4
9 2930.97 2930.97 70343.8
4 673.553 2694.21 68191.4
0 954.529 3818.12 68615.5
1 1117.99 5971.95 69042.2
2 1406.53 5626.11 69317.8
5 2159.13 2159.13 70613
12 3638.64 3638.64 71957
3 2072.32 8289.28 70820.2
10 1483.77 5935.07 70095.7
13 1519.72 6078.88 70539.6
11 2885.64 2885.64 72475
4 967.827 3871.31 71167.9
2 1959.65 7838.61 71416.4
0 588.733 588.733 70859.3
1 1436.98 5747.91 71364.7
7 2312.77 9251.1 72431.5
2 4601.1 4601.1 74747.3
9 1409.49 5637.96 72151.2
5 1341.21 5364.82 72147.4
6 1570.57 6282.29 72885.2
0 2204.85 2204.85 73760.4
2 2173.64 8694.56 73240.9
10 2663.77 10655.1 73696.5
10 4536.12 4536.12 75672.9
12 2635.77 10543.1 73918.8
12 4794.88 4794.88 75846.4
4 5030.95 5030.95 76299
13 1251.73 6506.91 72831.6
9 2642.4 12069.6 74181.6
2 4971.46 4971.46 76557.6
1 1447.99 5791.97 73161.3
0 5201.89 5201.89 76921.3
5 2614.28 10457.1 74558.4
10 5479.68 5479.68 77492.5
1 2747.91 10991.6 74968.1
13 3230.17 3230.17 75451.8
12 5580.93 5580.93 77823.5
4 6217.81 6217.81 78606.9
7 2456.2 11324.8 74629.3
3 1394.38 5577.52 74086.5
4 503.752 2015.01 73412.3
11 2566.48 10265.9 75499.6
61
10 164.742 164.742 65938.8
4 238.928 238.928 66198
3 184.024 184.024 66222.7
5 225.508 225.508 66300
13 495.139 495.139 66404.5
9 369.049 369.049 66439.8
11 441.459 441.459 66505.8
2 283.638 1134.55 66427.7
1 630.522 630.522 66934.4
12 314.499 314.499 66397.3
0 614.118 614.118 66994.5
10 1664.06 6656.23 68313.8
13 1656.33 1656.33 67950.2
4 1634.4 1634.4 68172.8
7 1827.36 7309.42 68311.9
9 1875.31 1875.31 69163.8
6 164.005 164.005 67220.4
8 1265.98 5063.91 68397.3
11 1478.59 1478.59 68568.5
3 1139.67 4558.66 68164.2
4 3048.37 3048.37 70155.6
10 2849.81 2849.81 70099.8
5 865.836 865.836 68399.7
12 788.854 3155.41 68306.7
2 509.723 2038.89 68170.7
0 1226.91 4907.63 69151.2
2 1763.99 7055.94 69675.3
11 2350.4 2350.4 70804.3
12 2289.62 2289.62 70607.9
1 1140.85 4563.38 69888.7
13 910.073 5140.29 69522
3 1345.52 5382.09 70365.4
5 1153.95 4615.79 70349.5
6 515.426 2061.7 70282.6
0 1622.87 1622.87 71644.6
5 2452.76 2452.76 72176
1 2438.19 2438.19 72348.8
7 1170.55 4682.2 71052
8 566.203 566.203 70990.3
2 1141.93 1141.93 71436.6
9 1012.52 4050.1 71724.6
13 708.757 2835.03 71055.5
6 1634.99 1634.99 72221.3
4 1231.4 1231.4 71906.9
10 1700.86 1700.86 72482.4
12 1295.77 1295.77 72551.3
2 2557.37 2557.37 73743.4
0 2682.36 2682.36 74092.9
4 2915.06 2915.06 74219.6
12 3018.79 3018.79 74548.8
13 1330.89 5323.54 73079.6
3 1432.41 1432.41 73057.2
10 2694.2 2694.2 74468
11 837.798 3351.19 72677.3
7 1319.59 1319.59 73365.6
9 2100.08 3600.08 74249
6 3571.78 3571.78 76319.9
2 2941.31 2941.31 75263.2
4 3413.86 3413.86 76010.5
5 1197.6 4790.4 74219.9
11 1863.93 3363.93 74917.3
70
10 163.887 655.55 65924.6
3 128.83 515.322 65929.7
5 305.807 305.807 66156.2
4 228.495 228.495 66270.2
2 301.746 301.746 66358
12 398.122 1592.49 66459.6
7 596.818 2387.27 67094
6 265.698 265.698 66605.1
9 325.666 1302.67 66839.5
0 414.304 1657.21 66819.7
11 474.883 1899.53 66946.3
10 1229.5 1229.5 67861.5
13 566.396 3765.58 67116.1
8 738.832 738.832 67151.9
1 652.979 2611.92 67267.2
12 1110.52 1110.52 68223.2
3 762.182 3048.73 67712.9
2 748.768 2995.07 68139.2
6 916.498 916.498 68001.9
0 1664.53 1664.53 69110.6
5 376.855 376.855 68072.3
4 887.618 887.618 68478.9
10 2073.12 2073.12 69829.4
2 2396.9 2396.9 70223.8
8 1089.91 1089.91 69705.9
12 1825.87 1825.87 70712.9
0 2290.21 2290.21 70927.8
10 2861.92 2861.92 71759.8
9 274.414 2597.65 69203.7
13 415.833 415.833 69578.2
6 791.161 3164.65 69916.4
4 1133.77 1133.77 70541.8
8 2150.56 2150.56 72177.3
5 719.3 719.3 70940.9
4 2664.77 2664.77 72795.1
0 2569.14 2569.14 72698.6
1 664.275 664.275 71135.6
3 162.574 162.574 70363.6
9 1222.35 6389.38 71937
11 541.506 2166.03 70932.1
7 515.387 3561.55 71422.6
12 2725.39 2725.39 73495.9
2 1015.56 4062.24 72288.1
3 5108.51 5108.51 76042.7
10 4574.98 4574.98 75535.6
13 5101.54 5101.54 76424.6
1 5204.7 5204.7 76539.8
2 5309.13 5309.13 76686.1
12 5600.3 5600.3 77117.9
3 404.533 3118.13 72336
4 6359.78 6359.78 78541.4
11 1115.17 4460.67 72742.3
13 262.544 2550.18 71984.2
5 2404.1 9616.39 74528.4
5 4988.01 4988.01 76953.9
10 2182.23 8728.94 74166.4
2 2612.31 10449.2 74735
11 4805.74 4805.74 76939.1
0 2892.01 11568 75676
1 995.126 3980.51 73362.6
4 3187.66 3187.66 75618.2
13 1996.98 7987.93 74429.7
0 5375.81 5375.81 78029.7
11 1877.24 9008.95 74620.9
6 860.226 3440.9 73469.1
3 1352.77 5411.08 73957.5
9 1939.08 7756.31 74736.9
9 4804.82 4804.82 77671.3
3 4969.58 4969.58 77834.4
12 2428.3 9713.18 75300.7
60
3 141.2 141.2 65916.7
10 169.132 676.528 66111.5
2 153.595 153.595 66287
6 396.645 396.645 66268.5
9 283.324 283.324 66269.2
4 271.348 271.348 66483.7
5 282.45 282.45 66297.7
8 711.322 711.322 66424.5
11 442.435 442.435 66501.2
13 613.502 613.502 66695.2
1 740.099 2960.4 66885.5
3 1753.09 1753.09 67865.9
12 448.899 448.899 66657.3
7 1298.22 1298.22 67643.7
6 2029.4 2029.4 68429.9
5 2084.82 2084.82 68465.9
11 2283.03 2283.03 68518.6
0 561.65 2246.6 66872.5
2 1440.14 5760.55 67813.3
13 1657.97 1657.97 68022.8
0 1798.45 1798.45 68392.4
1 2023.22 2023.22 69070.5
8 1457.71 1457.71 68542.8
10 3065.09 3065.09 70191.3
10 910.203 3640.81 68146.9
9 945.845 3783.38 68412.5
12 1245.54 4982.17 68628.4
3 2384.44 2384.44 69797.3
2 2410.67 2410.67 69886.8
4 1082.6 1082.6 69383.3
13 601.116 601.116 70190.4
0 924.085 3696.34 71124.2
12 729.159 2916.64 70185.9
4 1983.87 1983.87 72254.5
9 461.049 1844.2 70388.8
5 542.594 2170.37 70661.3
10 1987.87 1987.87 72134.1
11 483.881 1935.52 71225.6
1 359.041 1436.16 71165.2
2 1391.42 5565.69 72706
0 2230.75 2230.75 73786.3
3 558.078 3732.31 71625.3
10 2772.34 2772.34 73930.6
6 793.081 793.081 72569.8
4 3791.68 3791.68 75315.6
12 577.155 2308.62 71762.4
9 636.536 4046.15 72224.3
11 1231.6 4926.4 73193.3
12 1812.01 7248.03 73291.6
13 688.606 4254.42 72412.9
12 3294.6 3294.6 75145.6
5 1093.85 1093.85 72954.2
10 3430.41 3430.41 75936.5
3 930.913 3723.65 73660.1
0 4185.28 4185.28 76854.1
1 536.214 2144.86 73141.3
9 1503.96 1503.96 74051.6
12 4324.78 4324.78 76975.9
7 389.364 1557.46 73471.3
2 2366.86 2366.86 75169.1
59
10 163.887 655.55 65924.6
3 128.83 515.322 65929.7
5 305.807 305.807 66156.2
4 228.495 228.495 66270.2
2 301.746 301.746 66358
12 398.122 1592.49 66459.6
7 596.818 2387.27 67094
6 265.698 265.698 66605.1
9 325.666 1302.67 66839.5
0 414.304 1657.21 66819.7
11 474.883 1899.53 66946.3
10 1229.5 1229.5 67861.5
13 566.396 3765.58 67116.1
8 738.832 738.832 67151.9
1 652.979 2611.92 67267.2
12 1110.52 1110.52 68223.2
3 762.182 3048.73 67712.9
2 748.768 2995.07 68139.2
6 916.498 916.498 68001.9
0 1664.53 1664.53 69110.6
5 376.855 376.855 68072.3
4 887.618 887.618 68478.9
10 2073.12 2073.12 69829.4
2 2396.9 2396.9 70223.8
8 1089.91 1089.91 69705.9
12 1825.87 1825.87 70712.9
0 2290.21 2290.21 70927.8
10 2861.92 2861.92 71759.8
9 274.414 2597.65 69203.7
13 415.833 415.833 69578.2
6 791.161 3164.65 69916.4
7 652.771 2152.77 70006.3
1 487.565 1950.26 69734.9
11 455.101 455.101 69981.3
5 586.257 2345.03 70095.2
3 512.402 3549.61 70526.4
4 1092.46 1092.46 71255.8
12 3286.68 3286.68 73648
9 950.657 5302.63 71106.7
13 1258.72 1258.72 72322.9
2 2411.28 2411.28 73861.7
0 3095.19 3095.19 74253.5
8 886.549 886.549 72663.2
4 2063.66 2063.66 73587.5
2 615.095 2460.38 71800.4
1 781.618 4626.47 72369.4
11 172.814 691.254 72134.5
0 977.345 3909.38 72456.9
5 603.121 3912.48 72327.4
12 3786.23 3786.23 75637.2
9 719.028 719.028 72579.4
0 3753.26 3753.26 76259.3
3 775.382 3101.53 73504.5
4 3312.02 3312.02 75980.8
11 1505.47 6021.87 74110.5
1 1649.04 1649.04 74196.7
2 3543.54 3543.54 76194.7
7 389.364 1557.46 73471.3
10 854.039 854.039 73656.3
72
10 147.319 147.319 65960.4
3 132.604 530.416 65941.9
4 139.91 559.642 66166.8
5 299.855 1199.42 66175.9
9 212.23 848.919 66148.4
2 297.732 1190.93 66208.5
11 406.826 406.826 66409.7
7 1005.02 1005.02 67038.7
12 190.372 761.489 66460
0 650.71 650.71 66749.5
13 482.009 1928.04 66460.5
1 304.972 1219.89 66606.4
3 1953.85 7815.39 68096.2
9 1734.5 1734.5 68132.6
11 1958.79 1958.79 68407.9
12 3616.77 3616.77 70110.9
5 1514.83 6059.32 68003.8
2 1401.53 5606.11 67762.6
6 317.346 1269.39 67132.9
13 1780.12 7120.49 68407.6
10 1197.25 4789 68026.1
8 411.658 7646.63 70245.2
1 2368.52 2368.52 69396
0 3897.63 3897.63 70916.7
4 1227.59 4910.35 68430.8
12 649.936 2599.75 68167.8
0 1135.06 4540.24 68796.1
2 1593.04 6372.14 69517.3
7 1192.96 6271.84 69104.2
9 1825.83 1825.83 70279.7
10 3465.18 3465.18 71783.5
5 1774.1 7096.39 70522
10 1362.95 5451.78 69974.9
3 1154.08 4616.34 70173.9
4 732.612 732.612 70080.4
13 806.508 3226.03 70385.3
2 1359.08 1359.08 71374.6
6 481.32 1925.28 70394.5
11 462.143 462.143 71204.5
1 456.119 1824.48 71204.2
7 275.242 275.242 71382.1
12 1239.9 4959.6 72078.1
9 1060.13 4240.52 72272.5
8 1021.89 4087.56 72187
11 3671.87 3671.87 74871.6
9 3365.76 3365.76 74568.9
5 3955.74 3955.74 75293.1
10 4068.62 4068.62 75337.1
13 803.452 4713.81 71941.6
4 714.306 2857.22 72275
6 1205.99 1205.99 72887.5
0 1331.55 5326.2 72738.4
1 1453.54 7314.16 72744.9
11 1586.35 7845.39 73042.2
8 4838.15 4838.15 76318.7
10 2038.66 8154.66 73585.8
0 4976.23 4976.23 76782
8 2062.54 8250.16 74035.8
3 290.098 2660.39 72504.6
12 2426.97 2426.97 74331.3
3 3909.4 3909.4 75943.6
13 3998.51 3998.51 75795.9
2 4833.02 4833.02 76759.5
12 4110.8 4110.8 76316.3
5 734.095 4436.38 72878.7
0 2355.89 9423.54 74865.8
10 4707.86 4707.86 77138.4
2 1206.27 4825.07 74219.9
1 2082.5 9830.01 74460
4 2222.66 2222.66 74831.4
13 728.266 2913.07 73748.5
4 4797.22 4797.22 77559.1
74
10 164.742 164.742 65938.8
4 238.928 238.928 66198
3 184.024 184.024 66222.7
5 225.508 225.508 66300
13 495.139 495.139 66404.5
9 369.049 369.049 66439.8
11 441.459 441.459 66505.8
2 283.638 1134.55 66427.7
1 630.522 630.522 66934.4
12 314.499 314.499 66397.3
0 614.118 614.118 66994.5
10 1664.06 6656.23 68313.8
13 1656.33 1656.33 67950.2
4 1634.4 1634.4 68172.8
7 1827.36 7309.42 68311.9
9 1875.31 1875.31 69163.8
6 164.005 164.005 67220.4
8 1265.98 5063.91 68397.3
11 1478.59 1478.59 68568.5
3 1139.67 4558.66 68164.2
12 1120.57 1120.57 68227.8
2 1375.92 1375.92 68625.9
5 865.836 865.836 68399.7
1 1480.23 1480.23 69175.7
0 1564.97 1564.97 69156.2
12 2008.11 2008.11 69764.4
10 3015.88 3015.88 70842.8
6 1925.49 1925.49 70541.5
2 2786.32 2786.32 71673.4
12 2943.98 2943.98 71581.5
4 3353.17 3353.17 72251.1
4 1368.04 5472.14 70297.3
13 1007.65 1007.65 70170
8 1186.51 4746.05 70311.8
8 2963.55 2963.55 72317.1
3 443.456 1773.82 69690.8
3 2014.96 2014.96 71541.2
5 1013.84 4055.37 70522.8
11 746.253 4485.01 70760.2
0 1728.76 1728.76 71892.1
2 4234.96 4234.96 74596.3
1 519.73 3578.92 70675.7
7 87.2539 87.2539 71151.5
2 5393.1 5393.1 76843.5
9 499.943 1999.77 71712.3
10 1481.86 5927.45 72646.9
13 1784 1784 72983.7
5 2118.23 2118.23 73321.4
3 2175.31 2175.31 73512.6
12 5458.36 5458.36 76726.8
12 1999.71 7998.85 73137.9
6 1286.11 5144.44 72846.8
6 3658.27 3658.27 75339.8
9 2607.68 11930.7 74014.5
10 2896.26 11585 74187.6
12 3519.72 14078.9 74975.6
10 6838.8 6838.8 78319.3
5 3576.56 15806.2 75123.7
12 7096.62 7096.62 78902.4
10 4063.19 16252.7 76036.4
1 741.053 4464.21 72955.6
4 3969.75 3969.75 75874.1
11 2820.6 2820.6 74854.8
9 3725.91 3725.91 75523.3
2 7004.2 7004.2 78930.7
0 4516.93 4516.93 76722.4
4 1967.7 7870.8 74112.3
3 3138.61 14054.4 75648.6
4 5402.63 5402.63 77833.2
0 1723.75 6895.01 74737.4
11 488.954 3455.82 72866.4
8 3772.65 3772.65 76381.4
13 1770.33 7081.34 74790.5
0 6499.77 6499.77 79261.7
64
10 147.319 147.319 65960.4
3 132.604 530.416 65941.9
4 139.91 559.642 66166.8
5 299.855 1199.42 66175.9
9 212.23 848.919 66148.4
2 297.732 1190.93 66208.5
11 406.826 406.826 66409.7
7 1005.02 1005.02 67038.7
12 190.372 761.489 66460
0 650.71 650.71 66749.5
13 482.009 1928.04 66460.5
1 304.972 1219.89 66606.4
3 1953.85 7815.39 68096.2
9 1734.5 1734.5 68132.6
11 1958.79 1958.79 68407.9
12 1908.98 1908.98 68403.1
5 1514.83 6059.32 68003.8
2 1401.53 5606.11 67762.6
6 317.346 1269.39 67132.9
13 1780.12 7120.49 68407.6
10 1197.25 4789 68026.1
8 411.658 7646.63 70245.2
1 2368.52 2368.52 69396
10 2975.31 2975.31 69994.4
4 1227.59 4910.35 68430.8
0 2752.59 2752.59 70236.7
7 1457.27 1457.27 69061.9
0 1042.1 4168.39 68704.4
5 1945.32 1945.32 69944.9
2 2991.52 2991.52 70839.7
12 2584.26 2584.26 70827.1
3 1623.12 6492.48 70117.6
6 947.264 3789.06 69422.1
2 736.937 2947.75 69311.3
10 2955.61 2955.61 71820.9
9 1662.04 1662.04 70555.1
8 3520.54 3520.54 72844.2
2 3321.76 3321.76 72592.1
4 732.612 732.612 70080.4
13 806.508 3226.03 70385.3
12 3468.67 3468.67 73484.2
6 1259.26 5037.04 71172.4
11 462.143 462.143 71204.5
1 456.119 1824.48 71204.2
7 245.796 245.796 71352.7
0 1320.81 5283.25 72159
10 2459.12 2459.12 73617.4
4 1302.5 1302.5 73079.2
0 2603.75 2603.75 74127.6
13 776.559 4606.24 71961.8
5 515.546 3562.18 72103.3
1 1210.22 4840.9 73171.9
11 1254.08 6516.33 72733.7
3 615.3 3961.2 72339.6
2 3072.95 3072.95 74924
9 726.131 726.131 72586.5
10 3117.19 3117.19 75623.3
13 1267.4 5069.6 73996.6
8 2568.66 2568.66 75237.5
7 1449.95 5799.8 74055
5 1382.97 1382.97 73930.6
2 4103.13 4103.13 76754.3
6 266.779 7067.12 73348.8
12 2430.44 2430.44 75232.7
66
10 164.742 164.742 65938.8
4 238.928 238.928 66198
3 184.024 184.024 66222.7
5 225.508 225.508 66300
13 495.139 495.139 66404.5
9 369.049 369.049 66439.8
11 441.459 441.459 66505.8
2 283.638 1134.55 66427.7
1 630.522 630.522 66934.4
12 314.499 314.499 66397.3
0 614.118 614.118 66994.5
10 1664.06 6656.23 68313.8
13 1656.33 1656.33 67950.2
4 1634.4 1634.4 68172.8
7 1827.36 7309.42 68311.9
9 1875.31 1875.31 69163.8
6 164.005 164.005 67220.4
8 1265.98 5063.91 68397.3
11 1478.59 1478.59 68568.5
3 1139.67 4558.66 68164.2
4 3048.37 3048.37 70155.6
10 2849.81 2849.81 70099.8
5 865.836 865.836 68399.7
12 788.854 3155.41 68306.7
2 509.723 2038.89 68170.7
0 1226.91 4907.63 69151.2
2 1763.99 7055.94 69675.3
5 2092.96 2092.96 70546.9
12 2289.62 2289.62 70607.9
1 1140.85 4563.38 69888.7
13 910.073 5140.29 69522
3 1345.52 5382.09 70365.4
8 1479.32 1479.32 70827.1
11 1118.09 4472.36 70696.9
0 992.946 992.946 71008.5
6 481.32 1925.28 70394.5
13 4563.49 4563.49 75305.9
13 582.072 2328.29 71330.2
9 244.778 244.778 71351.7
2 797.93 3191.72 71636.1
4 929.745 929.745 71890.3
5 4131.79 4131.79 75454.9
3 4649.71 4649.71 75984.9
10 752.488 752.488 72129.5
0 2295.37 2295.37 73812.9
12 648.836 2595.34 72580.3
0 4303.53 4303.53 76485.1
11 879.957 3519.83 72507
1 642.988 4071.95 72364.7
5 1001.68 4006.72 73126
9 4396.26 4396.26 76362.1
13 1337.54 6850.16 73321.7
4 1785 7140 73907.7
11 4375.62 4375.62 76509
2 1308.5 5234 74092.4
3 561.834 2247.34 72929.3
2 3773 3773 76203.5
11 2092.09 8368.36 74524.8
4 3770.63 3770.63 76424.5
10 1779.14 7116.54 74522.8
8 212.533 850.132 72821.4
9 1331.89 5327.55 73936.7
1 1602.55 6410.21 74400.3
13 4419.74 4419.74 77286.2
5 4381.73 4381.73 77246.6
12 1990.01 7960.04 74862.5
55
10 147.319 147.319 65960.4
3 132.604 530.416 65941.9
4 139.91 559.642 66166.8
5 299.855 1199.42 66175.9
9 212.23 848.919 66148.4
2 297.732 1190.93 66208.5
11 406.826 406.826 66409.7
7 1005.02 1005.02 67038.7
12 190.372 761.489 66460
0 650.71 650.71 66749.5
13 482.009 1928.04 66460.5
1 304.972 1219.89 66606.4
3 1953.85 7815.39 68096.2
9 1734.5 1734.5 68132.6
11 1958.79 1958.79 68407.9
12 1908.98 1908.98 68403.1
5 1514.83 6059.32 68003.8
2 1401.53 5606.11 67762.6
6 317.346 1269.39 67132.9
13 1780.12 7120.49 68407.6
10 1197.25 4789 68026.1
8 411.658 7646.63 70245.2
1 2368.52 2368.52 69396
0 1698.71 1698.71 68717.8
4 1227.59 4910.35 68430.8
2 1818.71 1818.71 69294.9
4 1923.48 1923.48 70224.2
6 1940.94 1940.94 71288.8
5 246.377 985.508 69825.2
12 452.624 452.624 70468.1
7 279.418 2617.67 70192.6
3 158.879 158.879 70901.2
9 350.002 1400.01 71098.1
13 622.635 622.635 71729.5
0 436.936 1747.75 71275.1
10 108.929 435.717 71141.7
2 311.974 311.974 71448.7
11 423.711 3194.84 71706.8
8 1121.27 1121.27 72172.8
12 1567.06 1567.06 72835.1
1 208.338 2333.35 71788.2
5 326.947 2807.79 71866.1
10 1513.43 1513.43 73099.5
3 984.512 3938.05 72697.8
0 1761.95 1761.95 73481.4
9 1141.99 4567.94 73086.1
8 1979.59 1979.59 73992.4
11 1601.54 6406.14 73821.7
1 2182.29 2182.29 74403.9
12 3035.07 3035.07 75277.7
2 2839.79 2839.79 75228.9
2 1052.77 4211.09 73225.9
7 1091.64 4366.57 73783.8
4 259.174 1036.7 73167.8
5 1101.22 4404.87 74034.3
63
10 147.319 147.319 65960.4
3 132.604 530.416 65941.9
4 139.91 559.642 66166.8
5 299.855 1199.42 66175.9
9 212.23 848.919 66148.4
2 297.732 1190.93 66208.5
11 406.826 406.826 66409.7
7 1005.02 1005.02 67038.7
12 190.372 761.489 66460
0 650.71 650.71 66749.5
13 482.009 1928.04 66460.5
1 304.972 1219.89 66606.4
3 1953.85 7815.39 68096.2
9 1734.5 1734.5 68132.6
11 1958.79 1958.79 68407.9
12 1908.98 1908.98 68403.1
5 1514.83 6059.32 68003.8
2 1401.53 5606.11 67762.6
6 317.346 1269.39 67132.9
13 1780.12 7120.49 68407.6
10 1197.25 4789 68026.1
8 411.658 7646.63 70245.2
1 2368.52 2368.52 69396
12 3949.37 3949.37 70968.4
4 1227.59 4910.35 68430.8
10 3706.77 3706.77 71453.3
0 1273.83 5095.31 69273.2
7 1097.43 1097.43 69110.2
5 1794.91 1794.91 69818
6 2008.61 2008.61 70938.1
2 897.793 3591.17 69504
10 998.963 3995.85 69451.9
0 2980.7 2980.7 72058.8
2 2778.51 2778.51 71797.7
9 886.819 3547.28 70082.4
4 1433.35 5733.41 71200.6
8 2705.24 2705.24 72727
13 648.339 648.339 70371.6
3 178.576 178.576 70089.2
11 447.301 1789.2 70328.7
6 3006.01 3006.01 73430.1
12 2471.93 2471.93 72766.6
7 621.029 2484.12 71333.1
1 582.805 2331.22 70929.6
4 2552.91 2552.91 73139.3
10 2529.1 2529.1 73204.6
8 3984.52 3984.52 74766.1
11 2241.96 3741.96 73497.5
12 3887.37 3887.37 75073.4
10 4242.37 4242.37 75652.9
3 3570.72 5070.72 74875.2
5 3516.38 5016.38 75046.4
5 235.394 941.574 71984.1
9 252.613 252.613 71877.4
2 2935.62 2935.62 74709.4
3 123.593 494.371 71963.1
13 438.642 438.642 72484.6
2 4278.32 4278.32 76427.3
0 2512.76 2512.76 75260.9
13 2717.18 4217.18 75039.1
8 4090.74 4090.74 76687.4
1 371.95 1487.8 73394.3
4 4211.03 4211.03 77264.4
59
10 163.887 655.55 65924.6
3 128.83 515.322 65929.7
5 305.807 305.807 66156.2
4 228.495 228.495 66270.2
2 301.746 301.746 66358
12 398.122 1592.49 66459.6
7 596.818 2387.27 67094
6 265.698 265.698 66605.1
9 325.666 1302.67 66839.5
0 414.304 1657.21 66819.7
11 474.883 1899.53 66946.3
10 1229.5 1229.5 67861.5
13 566.396 3765.58 67116.1
8 738.832 738.832 67151.9
1 652.979 2611.92 67267.2
12 1110.52 1110.52 68223.2
3 762.182 3048.73 67712.9
2 748.768 2995.07 68139.2
6 916.498 916.498 68001.9
4 787.441 787.441 68233.6
0 1409.13 1409.13 68893.3
5 667.138 667.138 68271.8
11 828.671 4814.68 68491
9 881.041 881.041 68880.6
4 1913.77 1913.77 69762
10 1795.77 1795.77 70038.6
1 960.668 3842.67 69455.1
8 416.765 1667.06 68891.6
13 254.742 2518.97 68829.1
0 1854.51 1854.51 70719.8
3 652.116 652.116 69545.2
2 959.359 959.359 70283
4 2244.01 2244.01 71514.4
6 653.709 653.709 70007.3
11 770.316 3081.26 70017.6
13 1153.31 1153.31 70679.5
5 785.691 3142.76 70294.6
12 400.986 1603.94 70415
2 2050.33 2050.33 72213.7
0 2322.07 2322.07 72683.4
9 647.409 4089.63 70803.4
7 357.911 357.911 71422.1
12 2033.17 2033.17 73483.6
4 2661.4 2661.4 73916.9
0 3494.89 3494.89 74680.9
12 4521.39 4521.39 75932
4 4609.62 4609.62 75914.1
0 4960.88 4960.88 76490.9
11 333.971 1335.89 72082.7
1 605.603 605.603 72230.4
10 2618.8 2618.8 74392.6
3 111.851 447.403 71951.3
13 443.508 443.508 72489.5
10 258.095 258.095 72407
2 1572.94 1572.94 74321
4 5112.06 5112.06 77434
10 3717.21 3717.21 76313.9
9 424.667 1698.67 73447
2 3845.04 3845.04 76898.4
73
3 141.2 141.2 65916.7
10 169.132 676.528 66111.5
2 153.595 153.595 66287
6 396.645 396.645 66268.5
9 283.324 283.324 66269.2
4 271.348 271.348 66483.7
5 282.45 282.45 66297.7
8 711.322 711.322 66424.5
11 442.435 442.435 66501.2
13 613.502 613.502 66695.2
1 740.099 2960.4 66885.5
3 1753.09 1753.09 67865.9
12 448.899 448.899 66657.3
7 1298.22 1298.22 67643.7
6 2029.4 2029.4 68429.9
5 2084.82 2084.82 68465.9
11 2283.03 2283.03 68518.6
0 561.65 2246.6 66872.5
2 1440.14 5760.55 67813.3
13 1657.97 1657.97 68022.8
0 1798.45 1798.45 68392.4
1 2023.22 2023.22 69070.5
8 1457.71 1457.71 68542.8
10 3065.09 3065.09 70191.3
10 910.203 3640.81 68146.9
9 945.845 3783.38 68412.5
12 1245.54 4982.17 68628.4
3 2384.44 2384.44 69797.3
2 2410.67 2410.67 69886.8
4 1082.6 1082.6 69383.3
0 773.791 773.791 70181.8
6 1134.87 1134.87 71161.6
11 646.97 646.97 70868.6
12 1292.13 1292.13 71422.5
0 1929.28 1929.28 72058.7
13 651.769 651.769 71123.1
5 343.654 343.654 70544.7
1 816.918 4767.67 71531.5
9 491.565 1966.26 70882.1
7 515.387 3561.55 71422.6
12 5697.97 5697.97 76468.4
2 678.561 2714.24 71951.1
3 2908.85 2908.85 73843.1
3 525.894 2103.57 71738.3
10 967.945 3871.78 72133
13 3270.69 3270.69 74470.4
13 5097.54 5097.54 76300.7
9 5175.7 5175.7 76513
0 4855.39 4855.39 76123.9
5 962.888 5351.55 72101.1
4 637.914 2551.66 72198.6
8 1348.65 1348.65 73030.1
9 1296.99 6687.98 72703.9
10 2382.35 9529.38 73673.7
9 3085.7 13842.8 74541.5
10 5812.52 5812.52 77293
10 3928.84 15715.4 75476
2 5737.51 5737.51 77543.3
3 3718.65 16374.6 75691.9
11 1488.36 7453.45 73702.9
0 1916.16 1916.16 73820.5
11 5116.96 5116.96 77151.1
1 5840.04 5840.04 77637.4
12 6090.93 6090.93 78017.4
4 3488.58 3488.58 75694.1
2 1667.78 6671.1 73812.4
5 3969.93 17379.7 76479.9
6 5148.12 5148.12 77578.7
1 2149.07 10096.3 75162.7
2 3249.65 12998.6 75627.1
12 1081.89 1081.89 73690.6
5 887.703 3550.81 73907.9
0 5522.29 5522.29 78284.2
59
3 141.2 141.2 65916.7
10 169.132 676.528 66111.5
2 153.595 153.595 66287
6 396.645 396.645 66268.5
9 283.324 283.324 66269.2
4 271.348 271.348 66483.7
5 282.45 282.45 66297.7
8 711.322 711.322 66424.5
11 442.435 442.435 66501.2
13 613.502 613.502 66695.2
1 740.099 2960.4 66885.5
3 1753.09 1753.09 67865.9
12 448.899 448.899 66657.3
7 1298.22 1298.22 67643.7
6 2029.4 2029.4 68429.9
5 2084.82 2084.82 68465.9
11 2283.03 2283.03 68518.6
0 561.65 2246.6 66872.5
2 1440.14 5760.55 67813.3
13 1657.97 1657.97 68022.8
0 1798.45 1798.45 68392.4
1 2023.22 2023.22 69070.5
8 1457.71 1457.71 68542.8
10 3065.09 3065.09 70191.3
10 910.203 3640.81 68146.9
9 945.845 3783.38 68412.5
12 1245.54 4982.17 68628.4
3 2384.44 2384.44 69797.3
2 2410.67 2410.67 69886.8
4 1082.6 1082.6 69383.3
13 776.982 3107.93 69972.6
6 895.148 3580.59 70662.4
0 356.77 356.77 70378.5
9 653.215 653.215 70376.5
5 656.598 656.598 70567.2
11 458.002 1832.01 70339.4
8 545.84 545.84 70969.9
12 190.938 190.938 70485.6
1 581.339 2325.36 71293.4
3 984.024 3936.1 71330.8
4 1735.87 1735.87 72322.2
2 962.614 962.614 71638.1
0 1636.06 1636.06 72417.6
10 982.774 982.774 72238.3
12 1606.37 1606.37 72792.4
2 2675.88 2675.88 74086.4
10 2931 2931 74235.5
12 3072.37 3072.37 74602.4
13 425.115 1700.46 72173.8
11 859.235 859.235 72484
0 2629.39 2629.39 74403.2
9 295.518 1182.07 72135
5 827.966 827.966 72874
2 3863.33 3863.33 76012.3
4 3553.07 3553.07 76301.2
10 3433.44 3433.44 75755.4
13 1889.58 3389.58 74486.2
3 352.391 1409.57 73374.7
6 3335.76 3335.76 76389.1
80
3 141.2 141.2 65916.7
10 169.132 676.528 66111.5
2 153.595 153.595 66287
6 396.645 396.645 66268.5
9 283.324 283.324 66269.2
4 271.348 271.348 66483.7
5 282.45 282.45 66297.7
8 711.322 711.322 66424.5
11 442.435 442.435 66501.2
13 613.502 613.502 66695.2
1 740.099 2960.4 66885.5
3 1753.09 1753.09 67865.9
12 448.899 448.899 66657.3
7 1298.22 1298.22 67643.7
6 2029.4 2029.4 68429.9
5 2084.82 2084.82 68465.9
11 2283.03 2283.03 68518.6
0 561.65 2246.6 66872.5
2 1440.14 5760.55 67813.3
13 1657.97 1657.97 68022.8
12 3554.38 3554.38 70148.3
11 3511.03 3511.03 70558.3
8 1457.71 1457.71 68542.8
2 4605.54 4605.54 71731.7
10 910.203 3640.81 68146.9
9 945.845 3783.38 68412.5
12 1245.54 4982.17 68628.4
9 2930.97 2930.97 70343.8
4 673.553 2694.21 68191.4
0 954.529 3818.12 68615.5
1 1117.99 5971.95 69042.2
2 1406.53 5626.11 69317.8
5 2159.13 2159.13 70613
10 3586 3586 71904.3
3 2072.32 8289.28 70820.2
10 1483.77 5935.07 70095.7
13 1519.72 6078.88 70539.6
4 139.473 139.473 69547.5
6 1134.87 1134.87 71161.6
1 1170.63 1170.63 71392.2
0 738.502 738.502 70868.8
10 6939.72 6939.72 77069.2
7 1732.16 1732.16 72203.5
11 3200.4 3200.4 73401.5
4 1104.41 4417.62 71819
9 1516.36 6065.45 71906.9
8 1039.07 4156.29 71946.2
2 7016.98 7016.98 77787.4
12 940.065 3760.26 72212.6
3 2415.65 2415.65 73349.9
5 1393.43 5573.7 72605.8
2 2508.4 10033.6 73673.5
3 3979.55 3979.55 75179.2
11 4028.63 4028.63 75231.8
13 4961.45 4961.45 76298.8
8 6665.05 6665.05 77933.5
10 2322.49 9289.97 73460.7
0 1502.72 6010.89 73063.4
6 1973.06 1973.06 73654.6
9 2321.79 10787.2 73728.7
12 3001.01 12004 74292.3
10 3842.5 15370 75298.3
12 6879.08 6879.08 78359.6
5 3331.92 14827.7 74879.1
10 7438.96 7438.96 79244.7
2 3549.04 14196.2 75522.3
13 652.051 4108.2 72866.6
8 3725.82 3725.82 75630.1
5 4851.47 4851.47 76885.6
3 4890.6 4890.6 76688
2 7409.94 7409.94 79336.4
0 6174.14 6174.14 78379.7
9 3325.37 14801.5 75470
12 3909.82 15639.3 76419.8
0 3964.06 3964.06 76394.6
4 4705.4 18821.6 77719.1
1 4080.41 17821.6 76457.9
4 1478.45 1478.45 74087.2
1 1622.98 6491.91 74643.2
12 7147.48 7147.48 79909.4
71
10 147.319 147.319 65960.4
3 132.604 530.416 65941.9
4 139.91 559.642 66166.8
5 299.855 1199.42 66175.9
9 212.23 848.919 66148.4
2 297.732 1190.93 66208.5
11 406.826 406.826 66409.7
7 1005.02 1005.02 67038.7
12 190.372 761.489 66460
0 650.71 650.71 66749.5
13 482.009 1928.04 66460.5
1 304.972 1219.89 66606.4
3 1953.85 7815.39 68096.2
9 1734.5 1734.5 68132.6
11 1958.79 1958.79 68407.9
12 1908.98 1908.98 68403.1
5 1514.83 6059.32 68003.8
2 1401.53 5606.11 67762.6
6 317.346 1269.39 67132.9
13 1780.12 7120.49 68407.6
10 1197.25 4789 68026.1
8 411.658 7646.63 70245.2
1 2368.52 2368.52 69396
10 2975.31 2975.31 69994.4
4 1227.59 4910.35 68430.8
0 2752.59 2752.59 70236.7
7 1457.27 1457.27 69061.9
0 1042.1 4168.39 68704.4
5 1945.32 1945.32 69944.9
2 2991.52 2991.52 70839.7
12 2584.26 2584.26 70827.1
3 1623.12 6492.48 70117.6
6 947.264 3789.06 69422.1
2 736.937 2947.75 69311.3
10 2955.61 2955.61 71820.9
9 1662.04 1662.04 70555.1
8 3520.54 3520.54 72844.2
12 4177.43 4177.43 73447.8
0 4249.08 4249.08 73657.1
4 1474.56 1474.56 71501.3
13 923.303 923.303 71144.9
6 2211.73 2211.73 72342.1
8 5015.93 5015.93 75145.4
9 2437.08 2437.08 72908.4
11 493.377 493.377 70694.4
7 618.817 3975.27 71333.4
1 568.606 2274.42 70959.2
3 1953.24 9312.96 72860.4
4 4696.69 4696.69 75467.2
0 1028.48 4113.91 72301.1
5 954.15 954.15 71888.4
2 1560.63 6242.52 72593.4
12 4633.54 4633.54 75770.3
1 1637.98 8051.9 72921
0 4692.76 4692.76 75744.3
2 4594.27 4594.27 75862.3
10 2449.72 9798.89 74029.6
5 2379.58 11018.3 73918.8
10 4982.51 4982.51 76568.6
11 777.712 3110.85 72491
4 5320.59 5320.59 77040
11 2534.88 10139.5 74479
0 5551.07 5551.07 77563.9
1 2815.8 11263.2 75036
9 3931.68 3931.68 76153.3
12 5504.84 5504.84 77747.4
2 5781.13 5781.13 78170.2
2 1760.52 7042.07 73933.6
13 1130.36 4521.44 73822.5
7 862.021 4948.08 73770.6
5 3153.85 12615.4 76086.9
63
3 141.2 141.2 65916.7
10 169.132 676.528 66111.5
2 153.595 153.595 66287
6 396.645 396.645 66268.5
9 283.324 283.324 66269.2
4 271.348 271.348 66483.7
5 282.45 282.45 66297.7
8 711.322 711.322 66424.5
11 442.435 442.435 66501.2
13 613.502 613.502 66695.2
1 740.099 2960.4 66885.5
3 1753.09 1753.09 67865.9
12 448.899 448.899 66657.3
7 1298.22 1298.22 67643.7
6 2029.4 2029.4 68429.9
5 2084.82 2084.82 68465.9
11 2283.03 2283.03 68518.6
0 561.65 2246.6 66872.5
2 1440.14 5760.55 67813.3
13 1657.97 1657.97 68022.8
12 3554.38 3554.38 70148.3
11 3511.03 3511.03 70558.3
8 1457.71 1457.71 68542.8
2 4605.54 4605.54 71731.7
10 910.203 3640.81 68146.9
9 945.845 3783.38 68412.5
12 1245.54 4982.17 68628.4
9 2930.97 2930.97 70343.8
4 673.553 2694.21 68191.4
0 954.529 3818.12 68615.5
1 1117.99 5971.95 69042.2
2 1406.53 5626.11 69317.8
5 2159.13 2159.13 70613
10 3586 3586 71904.3
3 2072.32 8289.28 70820.2
10 1483.77 5935.07 70095.7
13 1519.72 6078.88 70539.6
4 1084.91 1084.91 70432.7
1 1591.83 6367.32 71170.6
0 457.317 457.317 70472.8
7 279.418 2617.67 70192.6
5 4039.78 4039.78 74782.1
9 1403.88 5615.5 72152
13 1586.31 1586.31 72693.2
12 1232.4 4929.6 72070.6
2 2514.18 2514.18 73672.4
6 793.081 793.081 72569.8
4 1977.36 1977.36 73501.2
0 1850.69 7402.77 73036
5 1357.67 6930.69 72945.4
1 1176.63 4706.5 73138.3
10 1953.9 7815.6 73433.5
11 1057.26 5729.05 72781.5
12 2750.06 2750.06 74601.1
3 991.207 991.207 72851.6
0 2535.77 2535.77 75041.9
9 1457.52 5830.1 74186.7
10 2798.94 2798.94 75467.7
11 2152.51 8610.04 74757.6
3 2608.03 2608.03 75155.7
2 2851.61 2851.61 75502.8
7 389.364 1557.46 73471.3
4 2447.48 2447.48 75249.7
67
3 141.2 141.2 65916.7
10 169.132 676.528 66111.5
2 153.595 153.595 66287
6 396.645 396.645 66268.5
9 283.324 283.324 66269.2
4 271.348 271.348 66483.7
5 282.45 282.45 66297.7
8 711.322 711.322 66424.5
11 442.435 442.435 66501.2
13 613.502 613.502 66695.2
1 740.099 2960.4 66885.5
3 1753.09 1753.09 67865.9
12 448.899 448.899 66657.3
7 1298.22 1298.22 67643.7
6 2029.4 2029.4 68429.9
5 2084.82 2084.82 68465.9
11 2283.03 2283.03 68518.6
0 561.65 2246.6 66872.5
2 1440.14 5760.55 67813.3
13 1657.97 1657.97 68022.8
12 3554.38 3554.38 70148.3
11 3511.03 3511.03 70558.3
8 1457.71 1457.71 68542.8
10 4928.81 4928.81 72055
10 910.203 3640.81 68146.9
9 945.845 3783.38 68412.5
12 1245.54 4982.17 68628.4
9 2930.97 2930.97 70343.8
4 673.553 2694.21 68191.4
0 954.529 3818.12 68615.5
1 1117.99 5971.95 69042.2
2 1406.53 5626.11 69317.8
5 2159.13 2159.13 70613
12 3638.64 3638.64 71957
3 2072.32 8289.28 70820.2
10 1483.77 5935.07 70095.7
13 1519.72 6078.88 70539.6
11 2885.64 2885.64 72475
4 967.827 3871.31 71167.9
2 1959.65 7838.61 71416.4
0 588.733 588.733 70859.3
1 1436.98 5747.91 71364.7
7 2312.77 9251.1 72431.5
2 4601.1 4601.1 74747.3
9 1409.49 5637.96 72151.2
5 1341.21 5364.82 72147.4
6 1570.57 6282.29 72885.2
0 2204.85 2204.85 73760.4
2 2173.64 8694.56 73240.9
12 4171.79 4171.79 75330.1
8 1482.96 1482.96 73259.6
4 1975.79 1975.79 73499.7
12 2348.24 9392.97 73533.5
10 2484.11 9936.45 74071.9
1 1370.75 5482.99 73332.4
9 2200.76 10303.1 73680.3
13 1164.35 6157.42 72888.6
10 4074.87 4074.87 75925.9
3 991.207 991.207 72851.6
2 4247.1 4247.1 76753.2
3 2570.72 10282.9 75299.9
0 4174.31 4174.31 76843.1
5 1518.38 6073.51 74123.5
13 2645 2645 75192.7
12 4509.22 4509.22 77160.4
7 2626.96 10507.8 75708.9
4 2445.91 2445.91 75248.2
65
3 141.2 141.2 65916.7
10 169.132 676.528 66111.5
2 153.595 153.595 66287
6 396.645 396.645 66268.5
9 283.324 283.324 66269.2
4 271.348 271.348 66483.7
5 282.45 282.45 66297.7
8 711.322 711.322 66424.5
11 442.435 442.435 66501.2
13 613.502 613.502 66695.2
1 740.099 2960.4 66885.5
3 1753.09 1753.09 67865.9
12 448.899 448.899 66657.3
7 1298.22 1298.22 67643.7
6 2029.4 2029.4 68429.9
5 2084.82 2084.82 68465.9
11 2283.03 2283.03 68518.6
0 561.65 2246.6 66872.5
2 1440.14 5760.55 67813.3
13 1657.97 1657.97 68022.8
0 1798.45 1798.45 68392.4
1 2023.22 2023.22 69070.5
8 1457.71 1457.71 68542.8
0 3225.53 3225.53 70351.7
10 910.203 3640.81 68146.9
9 945.845 3783.38 68412.5
12 1245.54 4982.17 68628.4
3 2384.44 2384.44 69797.3
13 2568.55 2568.55 70264
4 1072.74 1072.74 68664
2 2133.9 2133.9 69890.2
12 2345.36 2345.36 70172.3
4 2825.7 2825.7 71441.7
10 3470.85 3470.85 72357.9
2 3069.77 3069.77 71707.3
12 3204.76 3204.76 72102.7
10 1342.16 5368.65 70271.4
11 1359.18 1359.18 70521.6
7 703.219 4312.88 69828.5
8 2487.72 2487.72 71835.5
9 811.384 3245.54 70390.2
12 3944.44 3944.44 73960
6 935.225 3740.9 70848.4
5 305.738 305.738 71048.1
3 857.339 3429.35 71605.4
1 689.036 689.036 71795.9
13 1386.72 7046.9 72224.9
0 2951.57 2951.57 74109.8
6 2029.07 2029.07 73805.7
4 3888.93 3888.93 75412.8
0 1128.03 4512.1 72313.3
9 637.898 4051.59 72225.6
5 1054.12 4216.5 73015.8
2 1756.91 7027.64 73236.5
11 1143.3 6073.19 72867.6
2 3239.5 3239.5 75090.5
9 2189.38 2189.38 74049.7
0 3609.65 3609.65 76115.7
3 910.987 3643.95 73640.1
12 3696.77 3696.77 76365.6
13 1654.93 6619.72 74260
1 2585.81 2585.81 75133.5
2 4269.68 4269.68 76920.8
7 389.364 1557.46 73471.3
10 2186.23 2186.23 74988.5
84
3 141.2 141.2 65916.7
10 169.132 676.528 66111.5
2 153.595 153.595 66287
6 396.645 396.645 66268.5
9 283.324 283.324 66269.2
4 271.348 271.348 66483.7
5 282.45 282.45 66297.7
8 711.322 711.322 66424.5
11 442.435 442.435 66501.2
13 613.502 613.502 66695.2
1 740.099 2960.4 66885.5
3 1753.09 1753.09 67865.9
12 448.899 448.899 66657.3
7 1298.22 1298.22 67643.7
6 2029.4 2029.4 68429.9
5 2084.82 2084.82 68465.9
11 2283.03 2283.03 68518.6
0 561.65 2246.6 66872.5
2 1440.14 5760.55 67813.3
13 1657.97 1657.97 68022.8
2 3279.15 3279.15 69873.1
1 2023.22 2023.22 69070.5
8 1457.71 1457.71 68542.8
10 3065.09 3065.09 70191.3
10 910.203 3640.81 68146.9
9 945.845 3783.38 68412.5
12 1245.54 4982.17 68628.4
13 2541.28 2541.28 69954.1
12 2676.59 2676.59 70160.7
11 2567.22 2567.22 70171.9
0 754.854 3019.42 68417.2
5 2507.45 2507.45 70507
4 3550.52 3550.52 71398.7
4 457.825 457.825 68700.7
3 1559.36 6237.43 70053.8
7 1388.26 7053.04 69863.1
0 1391.57 5566.29 69965.9
2 2834.33 2834.33 71699.6
11 3111.07 3111.07 72004.1
0 2887.42 2887.42 72211.1
12 2642.77 2642.77 71913.1
9 1166.67 4666.68 70362.2
6 895.148 3580.59 70662.4
10 5935.06 5935.06 75956.8
13 3590.88 3590.88 73314.1
1 3622.79 3622.79 73533.4
1 1670.75 6682.98 71552.2
8 545.84 545.84 70969.9
4 6535.94 6535.94 76830.6
3 1564.62 6258.49 72276.7
13 1140.87 4563.49 71487.6
6 2014.71 2014.71 72601.1
0 6684.49 6684.49 77360
2 6884.36 6884.36 77665.9
9 1090.88 4363.53 72303.3
10 967.945 3871.78 72133
1 4649.8 4649.8 75849.5
5 4870.75 4870.75 76073.9
9 5237.86 5237.86 76575.2
10 6541.26 6541.26 77809.7
5 1303.09 6712.37 72441.3
7 607.742 3930.97 72168.4
8 2499.1 2499.1 74180.6
4 1813.58 7254.33 73220.4
2 1948.91 7795.63 73240.2
10 2514.85 10059.4 73970.7
6 7350.93 7350.93 78831.5
5 2696.42 12285.7 74243.6
4 7200.4 7200.4 79006.2
4 3096.03 12384.1 75069.3
12 1978.46 7913.84 74193
11 1963.6 3463.6 73867.9
11 4804.67 4804.67 76838.8
13 5186.62 5186.62 76984
12 7516.05 7516.05 79442.5
12 4697.45 4697.45 76903
9 2019.92 9579.67 74164.6
2 2857.72 11430.9 75367.7
0 6730.73 6730.73 79161.3
0 2042.73 8170.9 75056.4
13 2651.74 12107 75029.2
6 3256.8 3256.8 75865.5
3 2505.21 10020.8 75525.4
2 6992.98 6992.98 79754.9
66
10 147.319 147.319 65960.4
3 132.604 530.416 65941.9
4 139.91 559.642 66166.8
5 299.855 1199.42 66175.9
9 212.23 848.919 66148.4
2 297.732 1190.93 66208.5
11 406.826 406.826 66409.7
7 1005.02 1005.02 67038.7
12 190.372 761.489 66460
0 650.71 650.71 66749.5
13 482.009 1928.04 66460.5
1 304.972 1219.89 66606.4
3 1953.85 7815.39 68096.2
9 1734.5 1734.5 68132.6
11 1958.79 1958.79 68407.9
12 1908.98 1908.98 68403.1
5 1514.83 6059.32 68003.8
2 1401.53 5606.11 67762.6
6 317.346 1269.39 67132.9
13 1780.12 7120.49 68407.6
10 1197.25 4789 68026.1
8 411.658 7646.63 70245.2
1 2368.52 2368.52 69396
0 1698.71 1698.71 68717.8
4 1227.59 4910.35 68430.8
2 1818.71 1818.71 69294.9
4 1923.48 1923.48 70224.2
10 543.272 543.272 69951.3
6 96.2858 96.2858 70123
3 764.156 764.156 70985.8
12 505.074 505.074 70635.4
0 359.14 359.14 70488.6
13 751.101 751.101 71222.4
5 343.654 343.654 70544.7
11 833.479 4833.92 71548.1
9 491.565 1966.26 70882.1
7 515.387 3561.55 71422.6
2 323.319 323.319 71093.8
1 211.396 2345.58 71484
9 4077.02 4077.02 75011.2
2 3493.91 3493.91 74454.5
1 4601.29 4601.29 75924.4
13 4575.61 4575.61 75910.7
10 147.717 147.717 71524.7
10 4449.97 4449.97 75967.5
8 616.178 2464.71 72547.6
12 2158.4 2158.4 74340
5 727.811 2911.24 72354.9
0 638.283 2553.13 72360
9 801.734 3206.94 72926
3 4688.22 4688.22 76654.1
2 1101.17 4404.67 73085.3
10 1848.87 7395.47 73971.5
5 4418.39 4418.39 76551.7
0 2553.36 10213.5 75337.3
3 845.259 3381.04 73212.8
4 755.288 755.288 73185.8
1 1496.73 5986.93 73929.5
4 2885.69 2885.69 75539.5
5 1489.88 7459.52 74233.5
6 860.226 3440.9 73469.1
13 1205.53 4822.12 73810.3
11 1420 5680.02 74217.8
9 4125.11 4125.11 76991.6
11 4231.06 4231.06 77095.9
8 1957.35 7829.41 74829.8
66
10 163.887 655.55 65924.6
3 128.83 515.322 65929.7
5 305.807 305.807 66156.2
4 228.495 228.495 66270.2
2 301.746 301.746 66358
12 398.122 1592.49 66459.6
7 596.818 2387.27 67094
6 265.698 265.698 66605.1
9 325.666 1302.67 66839.5
0 414.304 1657.21 66819.7
11 474.883 1899.53 66946.3
10 1229.5 1229.5 67861.5
13 566.396 3765.58 67116.1
8 738.832 738.832 67151.9
1 652.979 2611.92 67267.2
12 1110.52 1110.52 68223.2
3 762.182 3048.73 67712.9
2 748.768 2995.07 68139.2
6 916.498 916.498 68001.9
4 787.441 787.441 68233.6
0 1409.13 1409.13 68893.3
5 667.138 667.138 68271.8
11 828.671 4814.68 68491
9 881.041 881.041 68880.6
4 1913.77 1913.77 69762
10 1795.77 1795.77 70038.6
1 960.668 3842.67 69455.1
8 416.765 1667.06 68891.6
13 254.742 2518.97 68829.1
12 1659.9 1659.9 70525.1
3 652.116 652.116 69545.2
2 959.359 959.359 70283
0 1375.31 1375.31 70645.7
11 814.586 3258.34 70010.2
6 241.644 966.575 70008.9
4 1726.35 1726.35 71748.1
13 932.358 932.358 70655.6
9 1024.62 1024.62 70935.2
5 223.764 895.056 70105.2
8 959.5 959.5 71383.6
0 2112.37 2112.37 72407
1 965.932 3863.73 71678
11 1196.93 4787.71 71543.7
6 1361.2 1361.2 71947.6
0 3584.53 3584.53 74260
2 1884.32 1884.32 72665.9
12 1246.05 4984.2 72278.8
10 3781.69 3781.69 74918.4
10 1659.03 6636.11 72942.1
2 3701.54 3701.54 74753
12 4279.69 4279.69 75547.8
3 270.387 2581.55 71850.2
13 1146.81 6087.24 72686
0 4690.12 4690.12 76276.2
5 671.578 2686.31 72384.8
2 4606.48 4606.48 76325.9
9 1402.02 5608.08 73346.2
10 4725.25 4725.25 76738.1
11 1130.34 4521.36 73350.5
3 2244.34 2244.34 74466
4 5213.78 5213.78 77456.4
12 5466.55 5466.55 77855.6
12 1445.94 5783.75 73619.1
7 1091.64 4366.57 73783.8
4 1075.45 4301.8 73984
5 1500.28 6001.14 74433.4
51
10 163.887 655.55 65924.6
3 128.83 515.322 65929.7
5 305.807 305.807 66156.2
4 228.495 228.495 66270.2
2 301.746 301.746 66358
12 398.122 1592.49 66459.6
7 596.818 2387.27 67094
6 265.698 265.698 66605.1
9 325.666 1302.67 66839.5
0 414.304 1657.21 66819.7
11 474.883 1899.53 66946.3
10 1229.5 1229.5 67861.5
13 566.396 3765.58 67116.1
8 738.832 738.832 67151.9
1 652.979 2611.92 67267.2
12 1110.52 1110.52 68223.2
3 762.182 3048.73 67712.9
2 748.768 2995.07 68139.2
6 916.498 916.498 68001.9
4 787.441 787.441 68233.6
0 1417.13 1417.13 68893.3
8 1285.53 1285.53 69586.2
13 474.142 1896.57 69669.7
6 241.644 966.575 70008.9
4 197.938 197.938 70219.7
5 291.905 291.905 70015.1
1 188.994 188.994 70099.6
3 331.679 1326.72 70213.1
6 1910.95 1910.95 72335
12 190.938 190.938 70485.6
11 941.653 3766.61 71653.7
9 560.112 2240.45 70906.9
8 1952.97 1952.97 72539.3
0 132.037 132.037 70807.5
2 275.603 275.603 71057.2
10 110.104 110.104 71365.6
4 1340.4 1340.4 72526.4
12 1523.4 1523.4 72934
0 1815.7 1815.7 73120.2
10 1833.12 1833.12 73363.1
5 309.325 1237.3 72058.1
13 461.766 461.766 72086.5
2 1268.94 1268.94 73042.7
1 190.43 761.719 72029.9
3 473.924 473.924 72519.9
4 2464.06 2464.06 74613
2 2547.45 2547.45 75295.6
0 2318.14 2318.14 74640.1
12 2264.76 2264.76 74861.4
9 162.221 648.884 73184.5
10 3090.93 3090.93 76144.3
48
3 162.574 162.574 65884.6
0 532.056 2128.22 66366.6
12 851.343 3405.37 66620.1
5 298.417 1193.67 66129.1
9 350.002 350.002 66407.1
10 106.358 106.358 66287
13 482.117 482.117 66429.5
11 479.205 1916.82 66879.1
4 241.838 241.838 66628.4
2 290.474 290.474 66742.5
1 595.176 595.176 67103.9
3 1176.58 4706.31 67692.5
5 1202.79 6311.17 67994.2
9 1690.66 1690.66 68397.4
0 1607.5 6429.99 68515.8
7 823.499 823.499 67328.7
7 2388.88 2388.88 69321.7
13 3878.55 3878.55 70593.7
12 1880.42 1880.42 69391.3
10 862.336 3449.34 68226.9
2 798.62 798.62 68274.8
6 1284.51 1284.51 69585.2
8 321.497 321.497 69675
3 167.324 669.294 69414.6
11 455.101 455.101 69981.3
5 576.119 2304.47 70085
4 433.989 1735.96 70448
2 677.017 677.017 70840.3
10 124.246 124.246 70485.5
1 93.6077 1874.43 70249.6
7 357.911 357.911 71422.1
0 676.303 676.303 72126.7
10 1277.03 1277.03 72532.5
4 2100.3 2100.3 73286.3
2 2389.06 2389.06 73799.6
0 3134.92 3134.92 74439.4
10 3000.05 3000.05 74530
3 190.58 762.32 71939.3
9 189.66 189.66 71814.4
12 570.91 570.91 72344.7
11 249.178 996.714 72088.7
1 614.675 614.675 72660.7
12 1913.62 1913.62 74062.6
4 3317.36 3317.36 76065.5
2 3434.8 3434.8 75756.7
12 3387.2 3387.2 75983.8
5 360.301 1441.2 73382.6
0 4167.24 4167.24 77220.6
50
10 163.887 655.55 65924.6
3 128.83 515.322 65929.7
5 305.807 305.807 66156.2
4 228.495 228.495 66270.2
2 301.746 301.746 66358
12 398.122 1592.49 66459.6
7 596.818 2387.27 67094
6 265.698 265.698 66605.1
9 325.666 1302.67 66839.5
0 414.304 1657.21 66819.7
11 474.883 1899.53 66946.3
10 1229.5 1229.5 67861.5
13 566.396 3765.58 67116.1
8 738.832 738.832 67151.9
1 652.979 2611.92 67267.2
12 1110.52 1110.52 68223.2
3 762.182 3048.73 67712.9
2 748.768 2995.07 68139.2
6 916.498 916.498 68001.9
4 787.441 787.441 68233.6
0 1417.13 1417.13 68893.3
8 1285.53 1285.53 69586.2
6 653.709 653.709 70007.3
5 456.304 1825.22 69703.6
9 324.218 324.218 69850.4
11 666.761 2667.04 70175.7
2 343.38 1373.52 70357.4
12 550.19 550.19 70713.5
10 124.246 124.246 70485.5
1 93.6077 1874.43 70249.6
7 357.911 357.911 71422.1
4 188.227 188.227 71638.7
0 545.161 545.161 71703.4
8 887.476 887.476 72664.2
12 1521.39 1521.39 73045.3
3 174.654 2198.61 71359.9
9 223.22 2392.88 71811
5 371.244 1484.98 72332.9
13 472.96 3391.84 71952.5
10 584.416 2337.66 72308.7
2 1348.27 1348.27 73199.3
1 249.715 249.715 72110.1
0 1203.24 1203.24 73709.3
11 446.113 1784.45 73175.3
10 1785.48 1785.48 74454.3
3 977.134 3908.54 73582.2
9 1090.64 1090.64 73638.3
2 2378.45 2378.45 75029.6
7 482.334 1929.34 73564.3
4 732.898 732.898 73535.1
67
10 163.887 655.55 65924.6
3 128.83 515.322 65929.7
5 305.807 305.807 66156.2
4 228.495 228.495 66270.2
2 301.746 301.746 66358
12 398.122 1592.49 66459.6
7 596.818 2387.27 67094
6 265.698 265.698 66605.1
9 325.666 1302.67 66839.5
0 414.304 1657.21 66819.7
11 474.883 1899.53 66946.3
10 1229.5 1229.5 67861.5
13 566.396 3765.58 67116.1
8 738.832 738.832 67151.9
1 652.979 2611.92 67267.2
12 1110.52 1110.52 68223.2
3 762.182 3048.73 67712.9
2 748.768 2995.07 68139.2
6 916.498 916.498 68001.9
4 787.441 787.441 68233.6
0 1409.13 1409.13 68893.3
5 667.138 667.138 68271.8
11 828.671 4814.68 68491
9 881.041 881.041 68880.6
4 1913.77 1913.77 69762
10 1795.77 1795.77 70038.6
1 960.668 3842.67 69455.1
8 416.765 1667.06 68891.6
13 254.742 2518.97 68829.1
0 1854.51 1854.51 70719.8
3 652.116 652.116 69545.2
2 959.359 959.359 70283
4 2244.01 2244.01 71514.4
12 1116.69 1116.69 70464.5
11 499.787 1999.15 70078.6
2 2332.53 2332.53 72348.1
6 337.655 1350.62 70250.8
5 305.738 305.738 71048.1
9 350.002 1400.01 71098.1
3 591.916 591.916 71698.8
13 855.668 4922.67 71693.8
10 1213.44 1213.44 72174
11 565.653 565.653 71888.7
1 750.422 750.422 72085.6
12 1667.65 1667.65 73044.6
12 3837.93 3837.93 75355.5
0 760.647 3042.59 72692.1
2 3089.63 3089.63 75271.2
5 1231.19 4924.77 72858.3
9 1176.21 6204.85 72897.9
11 1808.34 7233.37 73932.7
1 4130.93 4130.93 76096.8
4 1936.8 7747.21 73921
10 2068.7 8274.79 74191.4
11 4154.23 4154.23 76287.6
13 1366.24 6964.95 74150.2
7 1199.1 4796.39 73566.6
4 4095.32 4095.32 76525.9
1 1668.3 6673.2 74101
10 4054.33 4054.33 76708.2
0 2341.78 9367.13 75085.5
6 860.226 3440.9 73469.1
9 1914.66 7658.65 74519.4
3 1596.9 6387.59 74394.7
5 3777.05 3777.05 76643.5
9 3932.92 3932.92 76797.8
5 1790.73 8662.9 74663.2
53
3 162.574 162.574 65884.6
0 532.056 2128.22 66366.6
12 851.343 3405.37 66620.1
5 298.417 1193.67 66129.1
9 350.002 350.002 66407.1
10 106.358 106.358 66287
13 482.117 482.117 66429.5
11 479.205 1916.82 66879.1
4 241.838 241.838 66628.4
2 290.474 290.474 66742.5
1 595.176 595.176 67103.9
3 1176.58 4706.31 67692.5
5 1202.79 6311.17 67994.2
9 1690.66 1690.66 68397.4
0 1607.5 6429.99 68515.8
7 823.499 823.499 67328.7
7 2388.88 2388.88 69321.7
7 4260.88 4260.88 70976
12 1880.42 1880.42 69391.3
10 862.336 3449.34 68226.9
4 889.061 889.061 68635.6
2 962.964 3851.86 68962.4
11 1002.57 1002.57 69015.3
13 358.595 358.595 68381.7
6 1040.94 1040.94 69970.4
1 239.167 2456.67 68845.3
3 954.805 5319.22 69407.7
8 1154.33 1154.33 70232.4
0 997.051 997.051 70016.3
2 1569.83 1569.83 70917.6
13 390.49 1561.96 69969.3
10 676.854 676.854 70692.4
12 1730.91 6923.62 71644.1
5 305.738 305.738 71048.1
9 350.002 1400.01 71098.1
1 593.688 593.688 71700.6
4 962.55 3850.2 71800.7
3 226.769 1726.77 71482.3
13 593.262 2093.26 71779.3
11 536.892 2036.89 71947.5
0 2053.87 2053.87 73358.4
10 1960.9 1960.9 73490.9
5 1323.46 5293.85 73072.2
3 1585.04 1585.04 73209.8
4 2031.33 2031.33 73805.1
9 1017.15 4068.59 72856.6
11 1898.97 1898.97 73945
2 1293.05 1293.05 73442
6 1743.86 1743.86 74492
0 2556.32 2556.32 74878.3
10 2685.2 2685.2 75281.8
13 800.859 3203.43 73823.2
12 1878.68 1878.68 74932.1
61
3 162.574 162.574 65884.6
0 532.056 2128.22 66366.6
12 851.343 3405.37 66620.1
5 298.417 1193.67 66129.1
9 350.002 350.002 66407.1
10 106.358 106.358 66287
13 482.117 482.117 66429.5
11 479.205 1916.82 66879.1
4 241.838 241.838 66628.4
2 290.474 290.474 66742.5
1 595.176 595.176 67103.9
3 1176.58 4706.31 67692.5
5 1202.79 6311.17 67994.2
9 1690.66 1690.66 68397.4
0 1607.5 6429.99 68515.8
7 823.499 823.499 67328.7
7 2388.88 2388.88 69321.7
7 4260.88 4260.88 70976
12 1880.42 1880.42 69391.3
10 862.336 3449.34 68226.9
4 889.061 889.061 68635.6
2 962.964 3851.86 68962.4
11 1002.57 1002.57 69015.3
13 358.595 358.595 68381.7
6 1040.94 1040.94 69970.4
1 239.167 2456.67 68845.3
3 954.805 5319.22 69407.7
8 1154.33 1154.33 70232.4
0 997.051 997.051 70016.3
5 462.544 462.544 70051.9
10 758.54 3034.16 70958.6
4 736.32 2945.28 70193
2 1114.69 1114.69 71385.3
13 337.317 1349.27 70265.1
9 591.834 2367.33 70710.5
4 3743.3 3743.3 73889.5
1 612.697 2450.79 71354.4
11 415.733 1662.93 71221.9
12 511.432 2045.73 71826
0 1361.8 1361.8 72917.3
3 298.96 2695.84 71366.2
4 913.948 3655.79 71946.7
12 4038.12 4038.12 75174.9
13 943.865 5275.46 72226.9
4 4386.99 4386.99 75438.5
10 4343.21 4343.21 75611.3
10 1664.46 6657.84 73244.3
5 1523.47 7593.88 73062.7
0 4439.39 4439.39 76025.5
1 1437.66 5750.66 73150.9
12 5028.3 5028.3 76747.7
3 1410.13 5640.52 73354.3
2 5175.76 5175.76 77188.6
11 1261.85 5047.39 73482
1 2698.24 2698.24 74919.9
4 5173.04 5173.04 77415.6
10 5530.07 5530.07 77919.1
9 735.502 4442.01 72908.6
7 1091.64 4366.57 73783.8
2 913.861 3655.44 73822.4
13 1462.01 5848.05 74395.1
71
3 162.574 162.574 65884.6
0 532.056 2128.22 66366.6
12 851.343 3405.37 66620.1
5 298.417 1193.67 66129.1
9 350.002 350.002 66407.1
10 106.358 106.358 66287
13 482.117 482.117 66429.5
11 479.205 1916.82 66879.1
4 241.838 241.838 66628.4
2 290.474 290.474 66742.5
1 595.176 595.176 67103.9
3 1176.58 4706.31 67692.5
5 1202.79 6311.17 67994.2
9 1690.66 1690.66 68397.4
0 1607.5 6429.99 68515.8
7 823.499 823.499 67328.7
7 2388.88 2388.88 69321.7
7 4260.88 4260.88 70976
12 1880.42 1880.42 69391.3
10 862.336 3449.34 68226.9
13 632.373 632.373 68327.9
4 1198.95 1198.95 68790.2
2 522.786 522.786 68279.1
10 1943.77 1943.77 69770.7
6 1104.44 1104.44 69720.4
11 92.3131 1592.31 68979.3
2 1458.66 1458.66 70096.2
4 2587.46 2587.46 71485.4
1 585.786 3843.14 69515.1
3 750.008 750.008 69912.4
8 1069.3 4277.22 70194.5
0 1957.26 1957.26 71310.8
5 814.127 3256.51 70061.4
1 1972.08 1972.08 71498.3
13 841.776 3367.1 70350.7
9 552.837 3711.35 70566.8
12 1898.58 1898.58 72061.9
12 6491.4 6491.4 76852.7
10 1358.39 5433.56 71514.4
3 1592.89 1592.89 72657.1
0 6224.48 6224.48 77674.9
11 298.103 1192.41 71510.5
2 735.284 2941.14 71900.3
5 691.115 691.115 71890.8
11 2708.22 2708.22 73911.4
9 2091.6 2091.6 73428.9
2 5874.33 5874.33 77142.8
1 1916.45 9165.8 73054.6
6 567.484 2269.94 72128.1
8 1006.05 1006.05 72687.5
13 1760.14 8540.58 73167
2 2149.68 8598.74 73441
12 3433.25 13733 74889.1
10 6446.93 6446.93 77927.4
1 3309.78 14739.1 74856.9
13 5309.24 6809.24 77115
2 3316.61 13266.4 75289.8
4 1550.67 6202.68 73765.2
10 3233.08 3233.08 75137.4
13 3139.4 3139.4 75173.6
1 4568.3 4568.3 76365.7
3 4892.27 6392.27 76818.8
4 4269.66 4269.66 76475.2
10 1231.04 4924.14 73375.7
11 3528.86 15615.4 76038.8
4 6003.74 6003.74 78434.3
5 3454.78 15319.1 76468.4
9 2336.42 10845.7 74713.9
0 1980.25 1980.25 74589
5 677.445 2709.78 73697.6
9 4399.6 5899.6 77161.5
57
3 162.574 162.574 65884.6
0 532.056 2128.22 66366.6
12 851.343 3405.37 66620.1
5 298.417 1193.67 66129.1
9 350.002 350.002 66407.1
10 106.358 106.358 66287
13 482.117 482.117 66429.5
11 479.205 1916.82 66879.1
4 241.838 241.838 66628.4
2 290.474 290.474 66742.5
1 595.176 595.176 67103.9
3 1176.58 4706.31 67692.5
5 1202.79 6311.17 67994.2
9 1690.66 1690.66 68397.4
0 1607.5 6429.99 68515.8
7 823.499 823.499 67328.7
7 2388.88 2388.88 69321.7
7 4260.88 4260.88 70976
12 1880.42 1880.42 69391.3
10 862.336 3449.34 68226.9
4 889.061 889.061 68635.6
2 962.964 3851.86 68962.4
11 1002.57 1002.57 69015.3
13 358.595 358.595 68381.7
6 1040.94 1040.94 69970.4
1 239.167 2456.67 68845.3
3 954.805 5319.22 69407.7
8 1154.33 1154.33 70232.4
0 997.051 997.051 70016.3
6 2622.23 2622.23 71975.8
13 661.02 2644.08 69908.3
9 854.394 854.394 70380.6
5 576.119 2304.47 70085
10 625.357 2501.43 70639.3
4 699.416 699.416 70862.7
2 1537.22 1537.22 71898.5
1 189.338 2257.35 70345.3
11 1569.9 1569.9 72634.1
12 1484.63 1484.63 72935.1
3 214.634 1714.63 71372.9
0 1238.35 1238.35 73015
4 1670.62 1670.62 73194.5
13 299.6 2698.4 71484.9
9 628.329 4013.32 72216.1
5 1270.16 5080.64 73231.8
3 1422.48 7189.92 72902.1
1 411.601 3146.4 72135.9
10 1626.22 1626.22 73477.2
9 2179.81 2179.81 74040.2
2 1518.6 1518.6 74024.7
13 790.442 3161.77 73519.6
12 2411.88 2411.88 75080.7
1 1506.85 6027.4 74111.9
3 2181.74 2181.74 74729.4
10 2656.4 2656.4 75307.6
7 389.364 1557.46 73471.3
4 2140.73 2140.73 74943
74
3 162.574 162.574 65884.6
0 532.056 2128.22 66366.6
12 851.343 3405.37 66620.1
5 298.417 1193.67 66129.1
9 350.002 350.002 66407.1
10 106.358 106.358 66287
13 482.117 482.117 66429.5
11 479.205 1916.82 66879.1
4 241.838 241.838 66628.4
2 290.474 290.474 66742.5
1 595.176 595.176 67103.9
3 1176.58 4706.31 67692.5
5 1202.79 6311.17 67994.2
9 1690.66 1690.66 68397.4
0 1607.5 6429.99 68515.8
7 823.499 823.499 67328.7
7 2388.88 2388.88 69321.7
7 4260.88 4260.88 70976
12 1880.42 1880.42 69391.3
10 862.336 3449.34 68226.9
13 632.373 632.373 68327.9
4 1198.95 1198.95 68790.2
2 522.786 522.786 68279.1
10 1943.77 1943.77 69770.7
6 1104.44 1104.44 69720.4
11 92.3131 1592.31 68979.3
2 1458.66 1458.66 70096.2
4 2587.46 2587.46 71485.4
1 585.786 3843.14 69515.1
3 750.008 750.008 69912.4
8 1069.3 4277.22 70194.5
5 858.569 3434.28 70054.1
0 1518.38 6073.52 71285.6
10 1735.06 1735.06 71756.8
9 638.125 638.125 70361.4
13 398.482 398.482 70309.1
1 1554.46 6217.84 71435.9
6 1788.32 1788.32 72212.4
10 3223.46 3223.46 73518.1
11 490.179 1960.72 71202.2
5 1240.91 4963.64 71587.7
8 1761.4 1761.4 72347.8
10 6717.96 6717.96 77393.4
2 6828.46 6828.46 77610
13 1089.49 4357.98 72301.9
2 735.284 2941.14 71900.3
5 2217.36 2217.36 73417
9 4085.54 4085.54 75288.7
1 2550.05 2550.05 73887.4
0 6833.2 6833.2 78101.7
9 779.533 4618.13 71917.7
12 683.746 2734.99 72244.4
0 2814.75 2814.75 74496.3
2 2315.21 9260.83 73722.1
9 2167.04 10168.2 73458.4
11 3139.42 14057.7 74595.3
9 5764.96 7264.96 77245.5
13 3027.99 13611.9 74575.1
4 7032.31 7032.31 78838.1
2 3597.65 14390.6 75570.9
3 160.673 2142.69 72375.2
6 5310.1 5310.1 77214.4
3 3787.47 3787.47 75821.6
13 4286.51 4286.51 76083.9
13 5771.71 7271.71 77698.2
6 6993.94 6993.94 79199.5
4 1201.99 4807.98 73346.6
1 3513.35 15553.4 76023.3
12 4938.34 4938.34 77368.9
4 3103.77 12415.1 76117.4
10 2955.37 11821.5 75332.9
12 2192.1 2192.1 74800.8
5 2203.69 8814.77 75223.9
3 4993.98 6493.98 77755.9
68
10 163.887 655.55 65924.6
3 128.83 515.322 65929.7
5 305.807 305.807 66156.2
4 228.495 228.495 66270.2
2 301.746 301.746 66358
12 398.122 1592.49 66459.6
7 596.818 2387.27 67094
6 265.698 265.698 66605.1
9 325.666 1302.67 66839.5
0 414.304 1657.21 66819.7
11 474.883 1899.53 66946.3
10 1229.5 1229.5 67861.5
13 566.396 3765.58 67116.1
8 738.832 738.832 67151.9
1 652.979 2611.92 67267.2
0 1970.42 1970.42 69083.1
3 762.182 3048.73 67712.9
2 748.768 2995.07 68139.2
6 916.498 916.498 68001.9
10 2376.28 2376.28 69822.4
4 565.601 2262.4 68083.5
12 541.625 2166.5 68202.6
5 538.749 3654.99 68463
9 768.024 4572.1 68679.3
13 457.664 457.664 68911.6
4 2066.37 2066.37 70384.7
11 716.639 2866.55 69464.5
1 604.101 3916.4 69216
3 770.778 3083.11 69790.6
2 87.2189 87.2189 69495.2
6 449.525 449.525 70476.2
5 591.392 591.392 70813
12 757.322 757.322 70887.7
2 1242.71 1242.71 71372.2
9 473.49 473.49 70944.8
13 1089.51 1089.51 71290.6
0 640.036 2560.14 71354.7
1 388.586 1554.34 70779.2
7 515.387 3561.55 71422.6
10 5450.9 5450.9 76221.4
10 614.147 2456.59 71886.7
11 1072.33 1072.33 72006.5
2 6299.82 6299.82 77260.4
3 1265.77 1265.77 72588.9
11 4230.25 4230.25 75565.4
0 5689.08 5689.08 77066.1
10 6520.92 6520.92 78038.5
4 425.584 1702.33 72357.1
0 2854.82 2854.82 75036.4
1 962.247 3848.99 72589.3
2 1521.85 6087.4 73243.5
13 1210.17 4840.69 73334.5
9 3992.43 3992.43 75958.3
10 2309.15 9236.58 74293.3
11 1902.43 9109.73 74025.1
5 4277.81 4277.81 76411.2
4 2550.45 10201.8 75334.4
5 672.495 2689.98 73040
12 4424.73 4424.73 76855.3
3 2173.91 8695.63 74606.6
4 5034.26 5034.26 77688.1
1 1724.32 8397.27 74468
12 641.851 2567.41 73250.7
9 928.058 3712.23 73532.8
13 2572.37 10289.5 75370.2
3 3743.1 3743.1 76609.5
1 3897.82 3897.82 76762.7
2 2653.24 10612.9 75525.7
62
10 163.887 655.55 65924.6
3 128.83 515.322 65929.7
5 305.807 305.807 66156.2
4 228.495 228.495 66270.2
2 301.746 301.746 66358
12 398.122 1592.49 66459.6
7 596.818 2387.27 67094
6 265.698 265.698 66605.1
9 325.666 1302.67 66839.5
0 414.304 1657.21 66819.7
11 474.883 1899.53 66946.3
10 1229.5 1229.5 67861.5
13 566.396 3765.58 67116.1
8 738.832 738.832 67151.9
1 652.979 2611.92 67267.2
12 1110.52 1110.52 68223.2
3 762.182 3048.73 67712.9
2 748.768 2995.07 68139.2
6 916.498 916.498 68001.9
4 787.441 787.441 68233.6
0 1409.13 1409.13 68893.3
5 667.138 667.138 68271.8
11 828.671 4814.68 68491
9 881.041 881.041 68880.6
4 1913.77 1913.77 69762
10 1795.77 1795.77 70038.6
1 960.668 3842.67 69455.1
8 416.765 1667.06 68891.6
13 254.742 2518.97 68829.1
0 1854.51 1854.51 70719.8
3 652.116 652.116 69545.2
2 959.359 959.359 70283
4 2244.01 2244.01 71514.4
12 171.256 171.256 69579.3
6 449.525 449.525 70476.2
5 576.982 576.982 70798.6
8 1684.6 1684.6 71814.9
4 3261.85 3261.85 73391.3
11 911.233 911.233 71382.6
13 436.184 436.184 70637.2
12 1136.19 4544.75 71850.8
9 508.946 2035.78 70899.5
7 515.387 3561.55 71422.6
10 3901.74 3901.74 74672.2
0 1511.49 6045.98 72784.1
3 1140.85 1140.85 72075.1
2 3682.51 3682.51 74938
0 3904.83 3904.83 75090.8
4 4429.09 4429.09 75839.6
10 5186.7 5186.7 76491.2
0 5370.82 5370.82 76900.8
1 833.941 3335.76 72582.7
9 1069.66 1069.66 72694.4
2 761.732 761.732 72535.5
13 556.313 2225.25 72395.8
5 2149.85 2149.85 74195.9
10 258.095 258.095 72407
8 1503.05 1503.05 74251.2
12 5194.47 5194.47 77516.4
2 4268.8 4268.8 76865.4
3 1096.66 4386.64 74119
12 1374.19 1374.19 74427.6
62
3 141.2 141.2 65916.7
10 169.132 676.528 66111.5
2 153.595 153.595 66287
6 396.645 396.645 66268.5
9 283.324 283.324 66269.2
4 271.348 271.348 66483.7
5 282.45 282.45 66297.7
8 711.322 711.322 66424.5
11 442.435 442.435 66501.2
13 613.502 613.502 66695.2
1 740.099 2960.4 66885.5
3 1753.09 1753.09 67865.9
12 448.899 448.899 66657.3
7 1298.22 1298.22 67643.7
6 2029.4 2029.4 68429.9
5 2084.82 2084.82 68465.9
11 2283.03 2283.03 68518.6
0 561.65 2246.6 66872.5
2 1440.14 5760.55 67813.3
13 1657.97 1657.97 68022.8
0 1798.45 1798.45 68392.4
1 2023.22 2023.22 69070.5
8 1457.71 1457.71 68542.8
10 3065.09 3065.09 70191.3
10 910.203 3640.81 68146.9
9 945.845 3783.38 68412.5
12 1245.54 4982.17 68628.4
3 2384.44 2384.44 69797.3
2 2410.67 2410.67 69886.8
4 1082.6 1082.6 69383.3
13 601.116 601.116 70190.4
0 924.085 3696.34 71124.2
12 729.159 2916.64 70185.9
4 1983.87 1983.87 72254.5
9 461.049 1844.2 70388.8
5 542.594 2170.37 70661.3
0 3457.34 3457.34 73603.5
11 483.881 1935.52 71225.6
1 359.041 1436.16 71165.2
2 1391.42 5565.69 72706
12 3325.22 3325.22 74880.7
3 558.078 3732.31 71625.3
10 800.042 3200.17 71832.8
10 4012.65 4012.65 75149.4
12 864.679 3458.72 72147.7
0 4101.04 4101.04 75152.5
4 3891.16 3891.16 75159.2
9 1017.67 5570.67 72597.5
13 1679.42 8217.7 73218.6
2 4174.99 4174.99 75761.1
11 1308.85 5235.39 73022.1
10 5002.83 5002.83 76722.3
3 1669.25 6676.99 73613.4
0 4959.35 4959.35 76972.2
11 2608.76 10435.1 74829
9 3011.22 3011.22 75232.8
4 5359.16 5359.16 77601.8
2 5679.87 5679.87 78068.9
10 999.93 3999.72 73173.1
5 824.166 3296.66 73516.3
1 492.61 3470.44 73401.2
13 2453.69 9814.77 75386.8
66
10 147.319 147.319 65960.4
3 132.604 530.416 65941.9
4 139.91 559.642 66166.8
5 299.855 1199.42 66175.9
9 212.23 848.919 66148.4
2 297.732 1190.93 66208.5
11 406.826 406.826 66409.7
7 1005.02 1005.02 67038.7
12 190.372 761.489 66460
0 650.71 650.71 66749.5
13 482.009 1928.04 66460.5
1 304.972 1219.89 66606.4
3 1953.85 7815.39 68096.2
9 1734.5 1734.5 68132.6
11 1958.79 1958.79 68407.9
12 1908.98 1908.98 68403.1
5 1514.83 6059.32 68003.8
2 1401.53 5606.11 67762.6
6 317.346 1269.39 67132.9
13 1780.12 7120.49 68407.6
10 1197.25 4789 68026.1
8 411.658 7646.63 70245.2
1 2368.52 2368.52 69396
0 1698.71 1698.71 68717.8
4 1227.59 4910.35 68430.8
2 1818.71 1818.71 69294.9
4 1923.48 1923.48 70224.2
10 543.272 543.272 69951.3
6 96.2858 96.2858 70123
3 764.156 764.156 70985.8
12 505.074 505.074 70635.4
0 359.14 359.14 70488.6
13 751.101 751.101 71222.4
5 343.654 343.654 70544.7
11 833.479 4833.92 71548.1
9 491.565 1966.26 70882.1
7 515.387 3561.55 71422.6
2 323.319 323.319 71093.8
1 211.396 2345.58 71484
9 4077.02 4077.02 75011.2
2 3493.91 3493.91 74454.5
1 4601.29 4601.29 75924.4
13 4575.61 4575.61 75910.7
10 147.717 147.717 71524.7
10 4449.97 4449.97 75967.5
8 616.178 2464.71 72547.6
12 2158.4 2158.4 74340
5 727.811 2911.24 72354.9
0 638.283 2553.13 72360
9 801.734 3206.94 72926
3 4688.22 4688.22 76654.1
2 1101.17 4404.67 73085.3
10 1848.87 7395.47 73971.5
5 4418.39 4418.39 76551.7
0 2553.36 10213.5 75337.3
3 845.259 3381.04 73212.8
4 755.288 755.288 73185.8
1 1496.73 5986.93 73929.5
4 2885.69 2885.69 75539.5
5 1489.88 7459.52 74233.5
6 860.226 3440.9 73469.1
13 1205.53 4822.12 73810.3
11 1420 5680.02 74217.8
9 4125.11 4125.11 76991.6
11 4231.06 4231.06 77095.9
8 1957.35 7829.41 74829.8
60
3 162.574 162.574 65884.6
0 532.056 2128.22 66366.6
12 851.343 3405.37 66620.1
5 298.417 1193.67 66129.1
9 350.002 350.002 66407.1
10 106.358 106.358 66287
13 482.117 482.117 66429.5
11 479.205 1916.82 66879.1
4 241.838 241.838 66628.4
2 290.474 290.474 66742.5
1 595.176 595.176 67103.9
3 1176.58 4706.31 67692.5
5 1202.79 6311.17 67994.2
9 1690.66 1690.66 68397.4
0 1607.5 6429.99 68515.8
7 823.499 823.499 67328.7
7 2388.88 2388.88 69321.7
7 4260.88 4260.88 70976
12 1880.42 1880.42 69391.3
10 862.336 3449.34 68226.9
4 923.856 3695.42 68441.8
2 824.487 3297.95 68485.5
1 934.41 5237.64 68858.7
11 807.647 4730.59 68718.9
13 276.768 276.768 68730.7
4 2424.62 2424.62 70742.9
3 1462.82 5851.29 70210.7
10 1186.77 4747.07 69798.7
5 1052.09 4208.35 70071.9
9 1151.58 4606.32 70347.2
8 496.539 1986.16 70263.7
2 957.197 957.197 70978.9
13 1309.02 1309.02 71032.3
1 929.273 929.273 70839.9
11 658.338 2633.35 70539.8
6 323.48 323.48 70747.6
0 1012.68 1012.68 71307.4
5 1920.69 7682.75 72632.7
9 1533.92 6135.69 71880.7
8 1616.1 1616.1 72202.5
10 874.478 874.478 71550
2 2236.48 2236.48 73018.1
10 2662.19 2662.19 73820.5
12 953.644 953.644 72730.3
4 3192.85 3192.85 74716.7
4 1134.22 4536.88 72319.5
13 1280 6620 72867.7
9 1886.71 7546.85 73848.4
0 1895.66 7582.66 73375.2
11 606.018 3924.07 72330.3
0 3378.25 3378.25 75229.3
3 421.631 421.631 72282
10 3320.26 3320.26 75826.3
3 2001.15 8004.58 74730.3
2 2494.87 2494.87 75163.7
1 335.279 1341.12 72940.4
11 2086.67 2086.67 74634.3
0 4408.43 4408.43 77059.6
7 389.364 1557.46 73471.3
12 3212.75 3212.75 76015
65
3 162.574 162.574 65884.6
0 532.056 2128.22 66366.6
12 851.343 3405.37 66620.1
5 298.417 1193.67 66129.1
9 350.002 350.002 66407.1
10 106.358 106.358 66287
13 482.117 482.117 66429.5
11 479.205 1916.82 66879.1
4 241.838 241.838 66628.4
2 290.474 290.474 66742.5
1 595.176 595.176 67103.9
3 1176.58 4706.31 67692.5
5 1202.79 6311.17 67994.2
9 1690.66 1690.66 68397.4
0 1607.5 6429.99 68515.8
7 823.499 823.499 67328.7
7 2388.88 2388.88 69321.7
7 4260.88 4260.88 70976
12 1880.42 1880.42 69391.3
10 862.336 3449.34 68226.9
13 632.373 632.373 68327.9
4 1198.95 1198.95 68790.2
2 522.786 522.786 68279.1
10 1943.77 1943.77 69770.7
6 1104.44 1104.44 69720.4
11 92.3131 1592.31 68979.3
2 1458.66 1458.66 70096.2
4 2587.46 2587.46 71485.4
1 585.786 3843.14 69515.1
3 750.008 750.008 69912.4
8 1069.3 4277.22 70194.5
0 817.639 817.639 70165.5
5 594.396 2377.58 70173.2
10 1951.01 1951.01 71966.5
6 1557.58 6230.31 71470.7
9 335.074 335.074 71077.4
13 559.937 2239.75 71308
11 763.265 763.265 71870.1
2 1180.3 4721.19 72018.5
12 1229.18 1229.18 72189.8
1 478.575 478.575 71801.7
3 1222.58 1222.58 72557.7
0 1368.34 1368.34 72745.3
4 4150.01 4150.01 75667.6
5 214.064 2356.25 72145.5
10 2725.54 2725.54 74907.1
9 1260.53 5042.12 72887.6
4 1635.04 6540.14 73356.7
13 1227.62 4910.48 73351.9
13 3811.53 3811.53 75777.4
12 2173.93 8695.7 74158.1
1 1697.55 8290.22 73820.2
1 3671.02 3671.02 75804.4
2 1690.87 6763.46 74474.8
7 1622.54 6490.15 73990
2 4155.36 4155.36 76585.9
3 2140.46 8561.85 74573.2
12 4021.04 4021.04 76674.9
0 2394.99 9579.95 75138.7
6 715.646 2862.58 73324.5
5 1162.3 4649.2 73767.1
11 1825 7300.01 74622.8
5 3315.82 3315.82 76182.3
9 3619.35 3619.35 76484.2
9 1820.06 8780.25 74692.5
70
10 147.319 147.319 65960.4
3 132.604 530.416 65941.9
4 139.91 559.642 66166.8
5 299.855 1199.42 66175.9
9 212.23 848.919 66148.4
2 297.732 1190.93 66208.5
11 406.826 406.826 66409.7
7 1005.02 1005.02 67038.7
12 190.372 761.489 66460
0 650.71 650.71 66749.5
13 482.009 1928.04 66460.5
1 304.972 1219.89 66606.4
3 1953.85 7815.39 68096.2
9 1734.5 1734.5 68132.6
11 1958.79 1958.79 68407.9
12 1908.98 1908.98 68403.1
5 1514.83 6059.32 68003.8
2 1401.53 5606.11 67762.6
6 317.346 1269.39 67132.9
13 1780.12 7120.49 68407.6
10 1197.25 4789 68026.1
8 411.658 7646.63 70245.2
1 2368.52 2368.52 69396
0 1698.71 1698.71 68717.8
4 1227.59 4910.35 68430.8
2 1818.71 1818.71 69294.9
4 1923.48 1923.48 70224.2
5 327.361 1309.45 69522.9
6 515.426 2061.7 70282.6
10 503.464 503.464 70525.2
9 397.505 397.505 70120.7
3 178.576 178.576 70089.2
13 446.985 1787.94 70328.4
6 2184.73 2184.73 72608.8
0 296.565 296.565 70591.2
11 941.653 3766.61 71653.7
1 582.805 2331.22 70929.6
7 1849.51 3349.51 72435.9
12 35.0847 35.0847 70710.6
2 395.521 395.521 71177.1
5 287.961 1151.84 71500.4
8 1021.89 4087.56 72187
3 1205.6 1205.6 72405.3
13 1421.64 1421.64 72624.8
13 3258.97 3258.97 74596.3
12 3529.52 3529.52 74798
9 538.913 3655.65 71677.1
4 858.037 3432.15 72418.7
4 3230.19 3230.19 74911.7
10 1420.52 5682.08 72827.4
0 1379.61 5518.45 72670.9
12 1590.88 6363.52 73046.7
2 4335.94 4335.94 75816.5
1 1184.73 6238.93 72731.9
8 4424.77 4424.77 76230.5
2 1560.33 6241.3 73533.6
5 1565.67 7762.69 73780.2
12 4655.41 4655.41 76559.7
1 2704.29 2704.29 74738.4
11 3076.48 3076.48 74873.8
10 4543.54 4543.54 76470
0 5074.48 5074.48 77280
9 1273.79 6595.18 73418.4
8 1804.43 7217.72 74314.4
2 5587.85 5587.85 78018.4
0 2281.3 9125.19 75295
10 2165.01 8660.03 74542.5
6 3534.59 3534.59 76143.3
3 1191.93 4767.7 74212.1
10 5257.93 5257.93 78019.8
62
3 162.574 162.574 65884.6
0 532.056 2128.22 66366.6
12 851.343 3405.37 66620.1
5 298.417 1193.67 66129.1
9 350.002 350.002 66407.1
10 106.358 106.358 66287
13 482.117 482.117 66429.5
11 479.205 1916.82 66879.1
4 241.838 241.838 66628.4
2 290.474 290.474 66742.5
1 595.176 595.176 67103.9
3 1176.58 4706.31 67692.5
5 1202.79 6311.17 67994.2
9 1690.66 1690.66 68397.4
0 1607.5 6429.99 68515.8
7 823.499 823.499 67328.7
7 2388.88 2388.88 69321.7
7 4260.88 4260.88 70976
12 1880.42 1880.42 69391.3
10 862.336 3449.34 68226.9
10 2275 2275 69759.1
13 923.808 923.808 68528.5
2 624.812 2499.25 68287.2
11 920.664 920.664 68920.2
2 1967.36 1967.36 69815.6
4 606.214 606.214 68849.1
1 1045.38 4181.53 69539.8
8 805.223 3220.89 69280
3 666.891 4167.56 69241.3
10 2720.39 2720.39 71585.6
5 933.425 933.425 69826.5
0 2171.81 2171.81 71495.4
4 2199.38 2199.38 71469.8
2 2196.96 2196.96 71605
6 96.2858 96.2858 70123
13 656.847 656.847 70878.4
6 2912.62 2912.62 73043
4 3217.22 3217.22 73346.7
9 1116.16 1116.16 71587.5
11 722.103 722.103 70923.2
12 1217.96 4871.83 71932.6
3 413.837 1655.35 70804.4
8 595.215 2380.86 71502.4
10 2614.09 2614.09 73384.5
5 1581.6 7826.38 72854.2
1 1327.89 1327.89 72262.1
2 2752 2752 74007.5
10 4008.55 4008.55 75194.5
2 4672.05 4672.05 76082.6
0 5652.24 5652.24 76956.7
10 5474.54 5474.54 77004.5
3 1079.77 4319.07 72828.5
13 2399.38 2399.38 74024.2
12 3070.45 3070.45 74844.2
11 842.232 3368.93 72681.7
3 2780.02 2780.02 74826
4 2915.62 2915.62 75064.6
0 854.738 854.738 73602.8
4 4830.16 4830.16 77152.1
12 4168.86 4168.86 76765.5
1 1283.71 5134.83 74306
6 3061.82 3061.82 76115.2
68
3 141.2 141.2 65916.7
10 169.132 676.528 66111.5
2 153.595 153.595 66287
6 396.645 396.645 66268.5
9 283.324 283.324 66269.2
4 271.348 271.348 66483.7
5 282.45 282.45 66297.7
8 711.322 711.322 66424.5
11 442.435 442.435 66501.2
13 613.502 613.502 66695.2
1 740.099 2960.4 66885.5
3 1753.09 1753.09 67865.9
12 448.899 448.899 66657.3
7 1298.22 1298.22 67643.7
6 2029.4 2029.4 68429.9
5 2084.82 2084.82 68465.9
11 2283.03 2283.03 68518.6
0 561.65 2246.6 66872.5
2 1440.14 5760.55 67813.3
13 1657.97 1657.97 68022.8
0 1798.45 1798.45 68392.4
1 2023.22 2023.22 69070.5
8 1457.71 1457.71 68542.8
10 3065.09 3065.09 70191.3
10 910.203 3640.81 68146.9
9 945.845 3783.38 68412.5
12 1245.54 4982.17 68628.4
3 2384.44 2384.44 69797.3
2 2410.67 2410.67 69886.8
4 1082.6 1082.6 69383.3
13 601.116 601.116 70190.4
0 924.085 3696.34 71124.2
12 729.159 2916.64 70185.9
4 1983.87 1983.87 72254.5
9 461.049 1844.2 70388.8
5 542.594 2170.37 70661.3
10 1987.87 1987.87 72134.1
11 483.881 1935.52 71225.6
1 359.041 1436.16 71165.2
2 1391.42 5565.69 72706
4 3599.98 3599.98 75155.5
12 943.148 3772.59 72010.4
10 4561.21 4561.21 75521.8
3 286.339 286.339 71609.4
3 4400.79 4400.79 75735.9
2 3908.91 3908.91 75285.9
0 5540.97 5540.97 77058.5
9 429.691 3218.76 72361.2
1 3473.02 4973.02 75654.6
11 1408.67 5634.68 73035.8
13 954.832 5319.33 72676.5
3 1529.03 6116.12 73653.3
5 4467.99 4467.99 76433.9
12 2017.8 8071.21 74002
10 2029.96 8119.82 74152.6
9 4657.44 4657.44 76790.8
0 1470.12 5880.48 74254.1
5 624.987 2499.95 72992.5
2 4951.12 4951.12 77381.7
9 2373.92 9495.67 74806.7
10 5384.74 5384.74 78038.6
11 2170.74 10183 74914.4
7 327.302 2809.21 72936.2
1 206.634 826.535 72811.4
13 1914.4 7657.59 74712.2
11 4461.07 4461.07 77327.5
13 4617.28 4617.28 77482.1
12 3082.44 12329.8 75954.9
71
3 162.574 162.574 65884.6
0 532.056 2128.22 66366.6
12 851.343 3405.37 66620.1
5 298.417 1193.67 66129.1
9 350.002 350.002 66407.1
10 106.358 106.358 66287
13 482.117 482.117 66429.5
11 479.205 1916.82 66879.1
4 241.838 241.838 66628.4
2 290.474 290.474 66742.5
1 595.176 595.176 67103.9
3 1176.58 4706.31 67692.5
5 1202.79 6311.17 67994.2
9 1690.66 1690.66 68397.4
0 1607.5 6429.99 68515.8
7 823.499 823.499 67328.7
7 2388.88 2388.88 69321.7
7 4260.88 4260.88 70976
12 1880.42 1880.42 69391.3
10 862.336 3449.34 68226.9
4 923.856 3695.42 68441.8
2 824.487 3297.95 68485.5
1 934.41 5237.64 68858.7
11 807.647 4730.59 68718.9
13 276.768 276.768 68730.7
4 2424.62 2424.62 70742.9
3 1462.82 5851.29 70210.7
10 1186.77 4747.07 69798.7
5 1052.09 4208.35 70071.9
9 970.959 970.959 70560.3
2 1261.86 5047.45 71462
11 1360.77 6943.08 70817.5
0 1116.42 1116.42 71387
13 1125.41 4501.64 71053.2
1 1118.3 4473.18 71237
10 1158.88 1158.88 71305.1
11 1883.19 7532.75 72624.9
5 1350.45 5401.81 72156.6
12 511.432 2045.73 71826
12 3171.55 3171.55 74727.1
4 1500.21 6000.85 72567.5
13 1781.8 7127.18 72994.2
10 1944.13 7776.54 73109.2
9 2212.18 2212.18 73411.9
1 2830.97 2830.97 74034.1
1 4668.29 4668.29 76005.6
12 6335.35 6335.35 77603.8
2 2870.3 11481.2 74008.5
6 856.816 3427.26 72417.5
8 1348.65 1348.65 73030.1
4 2982.34 11929.4 74389.2
11 2874.22 12996.9 74165.6
10 3491.04 13964.2 74946.9
2 6659.67 6659.67 78140.2
9 3667.02 16168.1 75214.2
4 6627.02 6627.02 78432.8
2 3884.05 15536.2 75857.3
3 323.159 2792.64 72537.7
0 4175.59 4175.59 76079.9
11 4137.95 4137.95 76172.1
5 4621.07 4621.07 76418.4
3 6119.07 7619.07 78045.6
0 5859.43 5859.43 78064.9
13 2713.71 12354.9 74858.4
4 4006.68 16026.7 76516.6
12 6974.58 6974.58 79405.1
10 4557.23 18228.9 77570.9
3 2950.36 13301.5 75327.9
0 1046.43 1046.43 73655.2
5 1350.83 5403.3 74371
5 5309.27 6809.27 78071.2
62
10 147.319 147.319 65960.4
3 132.604 530.416 65941.9
4 139.91 559.642 66166.8
5 299.855 1199.42 66175.9
9 212.23 848.919 66148.4
2 297.732 1190.93 66208.5
11 406.826 406.826 66409.7
7 1005.02 1005.02 67038.7
12 190.372 761.489 66460
0 650.71 650.71 66749.5
13 482.009 1928.04 66460.5
1 304.972 1219.89 66606.4
3 1953.85 7815.39 68096.2
9 1734.5 1734.5 68132.6
11 1958.79 1958.79 68407.9
12 3616.77 3616.77 70110.9
5 1514.83 6059.32 68003.8
2 1401.53 5606.11 67762.6
6 317.346 1269.39 67132.9
13 1780.12 7120.49 68407.6
10 1197.25 4789 68026.1
8 411.658 7646.63 70245.2
1 2368.52 2368.52 69396
0 3897.63 3897.63 70916.7
4 1227.59 4910.35 68430.8
12 649.936 2599.75 68167.8
0 1135.06 4540.24 68796.1
2 1593.04 6372.14 69517.3
7 1192.96 6271.84 69104.2
9 1825.83 1825.83 70279.7
10 3465.18 3465.18 71783.5
5 1774.1 7096.39 70522
10 1362.95 5451.78 69974.9
3 1154.08 4616.34 70173.9
4 732.612 732.612 70080.4
13 806.508 3226.03 70385.3
2 1359.08 1359.08 71374.6
6 481.32 1925.28 70394.5
11 462.143 462.143 71204.5
1 456.119 1824.48 71204.2
7 275.242 275.242 71382.1
12 1239.9 4959.6 72078.1
8 853.986 3415.95 71886.7
4 2297.71 2297.71 73434.5
13 1064.08 5756.33 72347.1
10 2281 2281 73332.5
12 3091.98 3091.98 74360.1
9 764.424 4557.69 72344.3
0 1407.9 5631.61 72947.1
0 3318.83 3318.83 74904.9
3 1234.19 4936.77 72947.5
10 3185.94 3185.94 74905.4
1 1248.1 4992.41 73192.2
4 3241.27 3241.27 75254.1
11 791.153 3164.61 73011.3
3 2494.77 2494.77 74716.4
8 3458.73 3458.73 75701.3
12 4278.84 4278.84 76667.9
8 1053.87 4215.5 73227
5 1308.01 5232.06 74000.2
2 710.439 2841.76 73619
13 1582.23 6328.92 74515.3
63
10 147.319 147.319 65960.4
3 132.604 530.416 65941.9
4 139.91 559.642 66166.8
5 299.855 1199.42 66175.9
9 212.23 848.919 66148.4
2 297.732 1190.93 66208.5
11 406.826 406.826 66409.7
7 1005.02 1005.02 67038.7
12 190.372 761.489 66460
0 650.71 650.71 66749.5
13 482.009 1928.04 66460.5
1 304.972 1219.89 66606.4
3 1953.85 7815.39 68096.2
9 1734.5 1734.5 68132.6
11 1958.79 1958.79 68407.9
12 1908.98 1908.98 68403.1
5 1514.83 6059.32 68003.8
2 1401.53 5606.11 67762.6
6 317.346 1269.39 67132.9
13 1780.12 7120.49 68407.6
10 1197.25 4789 68026.1
8 411.658 7646.63 70245.2
1 2368.52 2368.52 69396
0 1698.71 1698.71 68717.8
4 1227.59 4910.35 68430.8
2 1818.71 1818.71 69294.9
4 1923.48 1923.48 70224.2
6 398.479 398.479 69752
5 283.092 1132.37 69530.4
9 589.632 589.632 70115.8
3 610.123 2440.49 70119
10 408.13 1632.52 70422.1
12 204.565 204.565 70367.9
0 334.52 334.52 70695.8
13 161.643 2146.57 70317.7
7 357.911 357.911 71422.1
2 195.534 195.534 71646
8 653.806 653.806 71614.4
5 239.188 239.188 71562.3
11 184.726 184.726 71519.9
12 1020.58 1020.58 72397.6
8 2092.81 2092.81 73610.4
9 156.721 2126.88 72088.2
12 3059.17 3059.17 75240.7
1 614.118 2456.47 72241.2
13 467.331 3369.32 72189
3 1139.43 4557.73 73263.7
11 3565.23 3565.23 75531.1
0 679.979 2719.92 72664.1
10 1182.08 4728.31 73304.8
3 3448.72 3448.72 75582.1
2 1839.38 7357.53 74623.3
4 93.8253 6375.3 72461.3
0 2838.49 2838.49 75269
11 1102.6 4410.42 73535.3
4 2819.72 2819.72 75473.6
5 697.258 4289.03 73440.9
6 860.226 3440.9 73469.1
9 1104.96 4419.83 73709.7
13 1426.9 5707.59 74224.7
5 2991.5 2991.5 75857.9
1 2972.94 2972.94 75837.8
1 1173.65 6194.6 74046.1
66
10 164.742 164.742 65938.8
4 238.928 238.928 66198
3 184.024 184.024 66222.7
5 225.508 225.508 66300
13 495.139 495.139 66404.5
9 369.049 369.049 66439.8
11 441.459 441.459 66505.8
2 283.638 1134.55 66427.7
1 630.522 630.522 66934.4
12 314.499 314.499 66397.3
0 614.118 614.118 66994.5
10 1664.06 6656.23 68313.8
13 1656.33 1656.33 67950.2
4 1634.4 1634.4 68172.8
7 1827.36 7309.42 68311.9
9 1875.31 1875.31 69163.8
6 164.005 164.005 67220.4
8 1265.98 5063.91 68397.3
11 1478.59 1478.59 68568.5
3 1139.67 4558.66 68164.2
12 1120.57 1120.57 68227.8
2 1375.92 1375.92 68625.9
1 1490.34 1490.34 69024.2
10 3420.31 3420.31 71166.8
0 1518.81 6075.25 69518.2
5 570.921 570.921 68583.7
13 1741.28 1741.28 69764.4
6 2096.1 2096.1 71025.6
12 1363.03 5452.11 69969.2
4 1145.66 4582.63 69598.5
8 1463.38 1463.38 70541.5
2 1689.97 1689.97 70709.2
0 2125.68 2125.68 71473.5
3 183.925 735.699 69762.7
2 3392.36 3392.36 73407.9
5 1270.41 6581.66 71183.6
1 446.778 446.778 71189.1
11 469.149 1876.6 71217.2
9 244.778 244.778 71351.7
12 1091.87 4367.48 71930
4 91.7268 91.7268 71052.3
3 255.785 255.785 71578.9
13 474.882 474.882 71810
4 3129.51 3129.51 74506.5
2 4694.79 4694.79 76212.3
10 1207.74 4830.96 73139.2
12 5127.96 5127.96 77309.5
1 1372.23 5488.93 72999.3
4 1224.85 4899.4 72946.5
11 1136.83 4547.33 73261.1
3 3600.32 3600.32 75566.2
3 1586.26 7845.05 73570.4
13 1704.7 8318.79 73827.4
11 3528.45 3528.45 75661.8
12 1602.44 6409.76 74386.4
7 1199.1 4796.39 73566.6
4 4171.72 4171.72 76602.3
1 2584.37 10337.5 75017.1
0 4331.11 4331.11 76985
0 2163.57 8654.29 74907.2
6 367.198 1468.79 72976.1
5 1840.12 7360.48 74444.9
9 1286.35 5145.38 74084.1
13 2963.82 2963.82 75830.3
5 3843.85 3843.85 76708.7
10 2548.91 10195.7 75421.4
71
10 147.319 147.319 65960.4
3 132.604 530.416 65941.9
4 139.91 559.642 66166.8
5 299.855 1199.42 66175.9
9 212.23 848.919 66148.4
2 297.732 1190.93 66208.5
11 406.826 406.826 66409.7
7 1005.02 1005.02 67038.7
12 190.372 761.489 66460
0 650.71 650.71 66749.5
13 482.009 1928.04 66460.5
1 304.972 1219.89 66606.4
3 1953.85 7815.39 68096.2
9 1734.5 1734.5 68132.6
11 1958.79 1958.79 68407.9
12 1908.98 1908.98 68403.1
5 1514.83 6059.32 68003.8
2 1401.53 5606.11 67762.6
6 317.346 1269.39 67132.9
13 1780.12 7120.49 68407.6
10 1197.25 4789 68026.1
8 411.658 7646.63 70245.2
1 2368.52 2368.52 69396
10 2975.31 2975.31 69994.4
4 1227.59 4910.35 68430.8
0 2752.59 2752.59 70236.7
7 1457.27 1457.27 69061.9
0 1042.1 4168.39 68704.4
5 1945.32 1945.32 69944.9
2 2991.52 2991.52 70839.7
12 2584.26 2584.26 70827.1
3 1623.12 6492.48 70117.6
6 947.264 3789.06 69422.1
2 736.937 2947.75 69311.3
10 2955.61 2955.61 71820.9
9 1662.04 1662.04 70555.1
8 3520.54 3520.54 72844.2
12 4177.43 4177.43 73447.8
0 4249.08 4249.08 73657.1
4 1474.56 1474.56 71501.3
13 923.303 923.303 71144.9
6 2211.73 2211.73 72342.1
8 5015.93 5015.93 75145.4
9 2437.08 2437.08 72908.4
11 493.377 493.377 70694.4
7 618.817 3975.27 71333.4
1 568.606 2274.42 70959.2
3 1953.24 9312.96 72860.4
4 4696.69 4696.69 75467.2
0 1028.48 4113.91 72301.1
5 954.15 954.15 71888.4
2 1560.63 6242.52 72593.4
12 4633.54 4633.54 75770.3
1 1637.98 8051.9 72921
0 4692.76 4692.76 75744.3
2 4594.27 4594.27 75862.3
10 2449.72 9798.89 74029.6
5 2379.58 11018.3 73918.8
10 4982.51 4982.51 76568.6
11 777.712 3110.85 72491
4 5320.59 5320.59 77040
11 2534.88 10139.5 74479
0 5551.07 5551.07 77563.9
1 2815.8 11263.2 75036
9 3931.68 3931.68 76153.3
12 5504.84 5504.84 77747.4
2 5781.13 5781.13 78170.2
2 1760.52 7042.07 73933.6
13 1130.36 4521.44 73822.5
7 862.021 4948.08 73770.6
5 3153.85 12615.4 76086.9
64
10 164.742 164.742 65938.8
4 238.928 238.928 66198
3 184.024 184.024 66222.7
5 225.508 225.508 66300
13 495.139 495.139 66404.5
9 369.049 369.049 66439.8
11 441.459 441.459 66505.8
2 283.638 1134.55 66427.7
1 630.522 630.522 66934.4
12 314.499 314.499 66397.3
0 614.118 614.118 66994.5
10 1664.06 6656.23 68313.8
13 1656.33 1656.33 67950.2
4 1634.4 1634.4 68172.8
7 1827.36 7309.42 68311.9
9 1875.31 1875.31 69163.8
6 164.005 164.005 67220.4
8 1265.98 5063.91 68397.3
11 1478.59 1478.59 68568.5
3 1139.67 4558.66 68164.2
12 1120.57 1120.57 68227.8
2 1375.92 1375.92 68625.9
1 1490.34 1490.34 69024.2
0 2997.57 2997.57 70481.7
5 674.346 674.346 68279
0 1287.08 5148.33 68949.4
13 1891.69 1891.69 69891.2
12 3456.75 3456.75 71305
4 2107.05 2107.05 70349.9
5 1805.9 7223.59 70300.3
6 1034.76 4139.02 69509.6
12 1202.17 4808.69 69776.5
0 5542.35 5542.35 74407.6
7 1224.95 1224.95 70118
10 1283.46 1283.46 70607.1
4 3707.13 3707.13 72977.5
2 1233.39 1233.39 70581.2
3 183.925 735.699 69762.7
2 3252.85 3252.85 73268.4
8 297.608 1190.43 70210.8
1 446.778 446.778 71189.1
11 469.149 1876.6 71217.2
9 244.778 244.778 71351.7
3 874.4 4997.6 71712.6
13 499.995 3499.98 71532.8
4 4163.24 4163.24 75300
0 1160.52 4642.09 72443.6
12 4211.41 4211.41 75262.9
10 3991.76 3991.76 75259.8
10 1312.94 5251.76 72892.8
12 1796.17 7184.68 73335.4
2 4222.86 4222.86 75809
1 1272.41 5089.64 72985.7
0 4261.02 4261.02 75980.5
5 1203.32 4813.29 73147.5
12 5069.72 5069.72 77082.5
11 803.878 3215.51 73024.1
1 2532.99 2532.99 74754.6
4 5034.54 5034.54 77277.1
10 5179.18 5179.18 77568.2
13 699.883 4299.53 72873
7 977.145 3908.58 73669.3
9 880.248 5020.99 73788.8
3 1498.04 5992.16 74431.1
78
3 141.2 141.2 65916.7
10 169.132 676.528 66111.5
2 153.595 153.595 66287
6 396.645 396.645 66268.5
9 283.324 283.324 66269.2
4 271.348 271.348 66483.7
5 282.45 282.45 66297.7
8 711.322 711.322 66424.5
11 442.435 442.435 66501.2
13 613.502 613.502 66695.2
1 740.099 2960.4 66885.5
3 1753.09 1753.09 67865.9
12 448.899 448.899 66657.3
7 1298.22 1298.22 67643.7
6 2029.4 2029.4 68429.9
5 2084.82 2084.82 68465.9
11 2283.03 2283.03 68518.6
0 561.65 2246.6 66872.5
2 1440.14 5760.55 67813.3
13 1657.97 1657.97 68022.8
0 1798.45 1798.45 68392.4
1 2023.22 2023.22 69070.5
8 1457.71 1457.71 68542.8
0 3225.53 3225.53 70351.7
10 910.203 3640.81 68146.9
9 945.845 3783.38 68412.5
12 1245.54 4982.17 68628.4
3 2384.44 2384.44 69797.3
13 2568.55 2568.55 70264
4 1072.74 1072.74 68664
2 2133.9 2133.9 69890.2
12 2345.36 2345.36 70172.3
4 2825.7 2825.7 71441.7
10 3470.85 3470.85 72357.9
2 3069.77 3069.77 71707.3
0 3407.59 3407.59 72305.5
10 1342.16 5368.65 70271.4
11 1359.18 1359.18 70521.6
7 703.219 4312.88 69828.5
10 5012.76 5012.76 74420.8
6 1134.87 1134.87 71161.6
5 1081.58 1081.58 71303.2
8 2206.35 2206.35 72336.7
10 6168.25 6168.25 76297.7
13 2058.25 2058.25 72529.6
9 374.977 374.977 70576
1 816.918 4767.67 71531.5
3 969.825 3879.3 71360.4
7 1143.63 6074.53 72050.8
12 5841.03 5841.03 76611.5
12 964.018 3856.07 72236.6
11 5700.72 5700.72 76634.9
2 6425.94 6425.94 77386.5
1 5661.01 5661.01 76984.1
3 5796.67 5796.67 77131.8
8 5812.47 5812.47 77189.5
12 6911.05 6911.05 78428.6
9 616.936 3967.74 72548.4
4 3803.84 3803.84 75985.4
3 1543.49 6173.94 73170.6
11 1206.53 6326.13 72928.2
9 2978.71 11914.9 75103
5 5001.47 5001.47 76967.4
2 1714.72 6858.88 73698.9
12 2560.77 10243.1 74683.4
9 5287.86 5287.86 77421.2
0 2498.88 9995.54 75282.8
5 1162.68 4650.73 73530.2
8 2729.24 2729.24 75159.8
1 2556.45 10225.8 74989.2
0 4982.69 4982.69 77636.5
3 2305.56 10722.2 75049.2
6 406.46 1625.84 73015.4
11 1944.98 7779.93 74549.8
13 2460.22 9840.89 75258
13 5325.96 5325.96 78192.4
11 5561.79 5561.79 78426.6
2 2779.36 11117.4 75651.8
