57
2 289.3 6289.3 66011.4
1 530.441 3621.76 66365
4 856.912 3427.65 66625.7
3 161.318 645.273 65992
9 350.002 350.002 66407.1
0 567.822 567.822 66748.5
7 2456.01 2456.01 68403.4
5 286.783 1147.13 66686.7
6 2667.41 2667.41 69054
8 3260.58 3260.58 69712.6
3 1282.81 1282.81 67791.6
2 1303.3 11213.2 67819.2
1 2387.76 11051.1 69179.2
9 1690.66 1690.66 68397.4
4 2262.47 9049.87 69170.8
5 2938.61 2938.61 69443.8
0 3231.52 9231.52 70164.4
3 4655.73 4655.73 71370.9
2 3109.65 3109.65 70620.6
9 2972.66 13390.7 70337.2
7 2794.91 12679.6 70312.8
6 3439.59 13758.4 71100.6
4 4319.41 17277.6 72243.7
1 2772.45 12589.8 70683.7
5 4258.86 4258.86 72712.8
8 3202.89 3202.89 71521.2
0 5484.84 27939.3 74232.7
7 3811.57 16746.3 72423.5
9 3518.55 14074.2 72538.4
2 2922.38 2922.38 72270.2
1 3233.31 12933.2 72812.1
6 2942.38 2942.38 72957.9
3 3208.04 14332.2 73121.2
8 2615.58 8615.58 73357.9
4 3792.29 21169.2 74540.4
2 3685.08 9685.08 74792
7 3507.56 15530.2 74345.7
9 4106.89 17927.6 75139.6
5 3898.5 5398.5 75035.2
1 3490.88 15463.5 74774
6 4446 4446 75497.5
3 5431.1 6931.1 76699.2
8 3986.81 15947.3 75566.6
0 5705.7 22822.8 77244.9
7 5175.53 6675.53 76761.6
4 4623.65 24494.6 76336.9
1 5012.61 6512.61 76732
2 6270.67 31082.7 78214.8
5 4842.06 6342.06 76854.9
9 5034.41 20137.6 77254.6
6 5044.8 11044.8 77266.4
8 6274.6 6274.6 78517.2
4 5755.98 5755.98 78145
3 6465.28 27361.1 78638.4
1 7363.06 29452.2 80055.2
7 6089.02 25856.1 78997.6
5 5970.31 23881.2 78903.4
59
3 157.414 2129.66 65918.1
4 243.007 6972.03 66043.9
5 305.807 305.807 66156.2
2 310.809 310.809 66352.5
0 562.309 562.309 66618.5
9 303.073 2712.29 66364.6
6 194.549 6778.2 66691.7
8 717.6 717.6 67057
1 649.338 2597.35 67163.2
7 2014.64 9558.54 68420
3 1245.56 4982.23 67717
4 1348.77 1348.77 67980.8
5 1455.93 7323.71 68005.7
2 3383.94 3383.94 69797
9 1632.57 6530.28 68246.8
0 1269.45 1269.45 68382.2
6 3484.06 19936.2 70434.8
8 3417.27 13669.1 70807.7
1 3604.18 5104.18 70689.6
3 2083.13 3583.13 69529.3
4 2235.68 2235.68 69982.2
5 2226.17 10404.7 70225.6
9 2370.27 2370.27 70383
0 2636.08 8636.08 70659.2
7 2651.07 4151.07 71580.6
3 2664.49 12157.9 71270.6
2 4773.83 19095.3 73226.7
4 4547.72 4547.72 73625.8
5 3289.62 4789.62 72308.8
9 2710.37 2710.37 72299.7
6 3211.16 12844.7 73411.2
0 2759.92 11039.7 72216.6
1 4028.5 5528.5 74299.1
8 3202.44 18809.7 73130.2
3 3530.29 14121.1 73649
7 5227.95 6727.95 75374.1
0 3282.33 19129.3 74024
9 3587.63 14350.5 74393.8
5 3423.43 15193.7 74738
8 4409.47 4409.47 75965
2 4105.97 16423.9 75173.2
6 5026.49 5026.49 76184.8
4 4806.51 4806.51 76583.2
3 5272.69 6772.69 76796.6
0 4415.31 17661.2 75600.6
1 6073.49 25794 77661.2
9 4933.47 19733.9 76895.1
5 6358.34 26933.3 77837.9
2 5431.05 21724.2 77155.3
7 5377.16 6877.16 77228.2
0 5564.33 11564.3 77424.7
8 6964.74 6964.74 79470.8
6 5490.33 27961.3 78219.5
4 7745.49 7745.49 80414.3
3 6199.64 24798.6 78804.7
9 6651.52 6651.52 79199.2
2 6800.54 6800.54 79451.7
7 8474.89 33899.6 81556.9
0 6518.92 6518.92 79321.2
69
2 290.669 290.669 66064.8
9 226.399 1726.4 66185.5
4 285.073 6285.07 66323.7
5 225.508 225.508 66300
0 408.176 6408.18 66317.5
1 627.799 627.799 66698.5
7 2484.55 2484.55 68548.9
3 129.823 2019.29 66273.9
6 2681.16 8681.16 68985.1
8 3215.68 3215.68 69298.5
2 1655.92 1655.92 68036.3
9 2309.11 10736.4 68958.9
3 1525.72 1525.72 67819.5
5 1736.33 3236.33 68274.7
0 2149.76 14599 68634.3
4 2252.17 8252.17 69540.6
1 4065.65 5565.65 71122
3 4176.39 18205.5 71307.7
2 3384.96 9384.96 70474.9
5 3191.7 12766.8 70216.2
7 3272.16 4772.16 70379.4
0 3170.28 3170.28 70420.3
9 4380.25 4380.25 71914.1
6 3453.58 3453.58 70937.7
8 3792.84 9792.84 71397.5
4 4403.81 17615.3 72066.2
5 4157.71 4157.71 72157.3
7 4059.59 5559.59 71907.8
0 4601.43 4601.43 72844.3
2 4001.77 22007.1 72496.2
6 6245.23 24980.9 74720.1
1 7145.92 30083.7 75720.3
3 6444.88 7944.88 75310.1
8 4336.69 10336.7 73229.8
7 4829.26 6329.26 74152.9
9 4649 6149 73919.4
4 4389.73 23558.9 73585.3
5 6473.96 27395.8 76241.2
2 5669.39 5669.39 75691.1
0 5931.29 11931.3 75654.5
8 5779.19 11779.2 75689.8
4 5466.97 27867.9 75348.4
9 7582.54 9082.54 78006.6
7 6163.32 7663.32 76458
6 6995.63 33982.5 77707.7
3 6496.89 25987.5 76843.7
4 8611.87 8611.87 79198.2
0 6730.32 6730.32 77405.8
8 6947.37 6947.37 77728.9
2 6716.6 26866.4 77749.4
1 6433.04 7933.04 77569.8
5 9829.43 40817.7 81112.5
7 7493.65 8993.65 78545.2
3 7340.94 8840.94 78609
0 7890.5 31562 79470.3
1 8061 33744 79600.2
6 9164.94 9164.94 80751
8 8286.17 39144.7 79999.4
2 7988.02 7988.02 79707.5
9 10898.6 43594.3 82842.7
7 8351.96 9851.96 80364.8
3 8603.22 34412.9 80823.4
4 11607.7 17607.7 83829.4
0 10178.3 10178.3 82420.9
1 9214.08 10714.1 81603.2
2 9311.51 37246 81484.6
8 10630.5 48521.8 83322.6
7 10233.4 42433.5 83142
6 10345.8 47383.1 83278.9
69
4 237.274 6237.27 66012.8
3 193.183 2272.73 66135.6
5 332.15 1832.15 66465.6
6 396.645 396.645 66268.5
2 439.942 6439.94 66425.9
9 413.925 1913.92 66626.2
0 704.735 6704.74 66720
8 711.322 711.322 66424.5
1 643.599 643.599 66702.4
7 2505.1 2505.1 68586.8
4 1990.14 13960.6 68135.6
3 2088.39 2088.39 68201.2
6 4268.11 4268.11 70476.5
8 3177.75 9177.75 69523.2
2 4136.28 4136.28 70536.8
5 2612.32 2612.32 68993.4
9 2247.78 2247.78 68483.3
1 2347.26 10889 68658.1
0 2175.7 8702.81 68548.8
4 3098.37 9098.37 69463.2
3 3564.4 5064.4 70158.3
9 3475.77 3475.77 70523.1
0 5278.11 5278.11 72363.2
7 3504.97 5004.97 70631.2
1 3360.37 14941.5 70597.1
5 3670.01 14680 71136.6
4 4051.43 16205.7 71434.3
8 5402.45 11402.5 72815.3
3 4549.85 19699.4 72067.7
6 4862.08 19448.3 72523.1
9 5368.32 22973.3 73292.6
2 6502.09 26008.4 74413.4
1 4290.28 4290.28 72744.2
7 4299.99 5799.99 72618.3
5 5343.02 21372.1 74090.9
4 4394.24 17577 73006.2
3 5125.62 20502.5 74145.5
0 6610.72 12610.7 76200.1
6 5299.46 21197.8 75499.5
7 4719.03 20376.1 74175.7
1 4717.39 6217.39 74988
8 4737.02 24948.1 74664.8
4 5468.84 27875.4 75587.5
9 5193.19 6693.19 75339.4
5 6144.57 24578.3 76886.3
3 5423.99 21695.9 76230.2
7 5680.35 24221.4 76994.9
2 5187.07 5187.07 76742.6
8 5422.03 21688.1 76489.3
1 7010.83 29543.3 78043.6
9 6052.14 7552.14 77188.9
6 7146.23 28584.9 78429.3
4 7247.94 7247.94 78299.4
0 7435.56 7435.56 78703.6
3 6714.85 28359.4 78294.7
8 6980.52 27922.1 78519.7
2 8199.86 8199.86 79786
5 6969.54 27878.2 78682.8
7 8419.97 9919.97 80139.4
9 7232.78 28931.1 79176.9
1 8024.72 9524.72 80037.5
3 8782.68 35130.7 81002.9
4 7846.75 13846.7 80068.4
6 8269.9 8269.9 80512.5
8 8133.6 8133.6 80522.7
5 8286.86 34647.4 80460
0 8909.21 41636.8 81601.4
9 9023.63 37594.5 81932.2
2 9380.71 43522.8 82313.8
61
2 290.669 290.669 66064.8
9 226.399 1726.4 66185.5
4 285.073 6285.07 66323.7
5 225.508 225.508 66300
0 408.176 6408.18 66317.5
1 627.799 627.799 66698.5
7 2484.55 2484.55 68548.9
3 129.823 2019.29 66273.9
6 2681.16 8681.16 68985.1
8 3215.68 3215.68 69298.5
2 1655.92 1655.92 68036.3
9 2309.11 10736.4 68958.9
3 1525.72 1525.72 67819.5
5 1736.33 3236.33 68274.7
0 2149.76 14599 68634.3
4 2252.17 8252.17 69540.6
1 4065.65 5565.65 71122
3 4176.39 18205.5 71307.7
2 3384.96 9384.96 70474.9
5 3191.7 12766.8 70216.2
7 3272.16 4772.16 70379.4
0 3170.28 3170.28 70420.3
9 4380.25 4380.25 71914.1
6 3280.51 13122 70798.4
8 3380.54 13522.2 71041.5
4 4104.95 16419.8 72029.2
5 4200.85 18303.4 72112.1
7 3720.91 3720.91 72174.8
0 4897.3 4897.3 73215.6
2 4269.83 23079.3 73017.7
6 4297.17 17188.7 72909.1
8 4099.41 22397.6 73119.3
1 6503.62 26014.5 75699.2
3 3520.96 15583.8 73288.2
9 4374.16 5874.16 74395.9
4 4607.55 10607.5 74330.8
5 4182.74 4182.74 74093.4
7 4114.23 16456.9 73995.7
6 7086.86 7086.86 77511
2 5028.1 5028.1 75322.8
8 4968.01 25872 75680
0 4402.39 23609.5 74749.2
3 4640.52 6140.52 75226.9
7 5173.15 6673.15 75848.6
5 5350.92 6850.92 76132.5
4 5018.62 5018.62 76274.1
9 5516.62 7016.62 76702.6
0 5327.4 5327.4 76738
3 8711.32 10211.3 80015.8
2 6099.54 6099.54 77629.5
8 7456.42 35825.7 79205.1
1 5869.34 5869.34 77494.1
7 6060.4 7560.4 77834.2
5 6165.99 24664 78005.5
4 6225.63 12225.6 78271.6
9 6640.27 8140.27 78789.2
0 6816.22 6816.22 79564.3
1 7129.31 8629.31 79451.2
6 9323.74 9323.74 81920.4
2 6651.13 32604.5 79673.4
7 7020.8 8520.8 80074.2
70
3 157.414 2129.66 65918.1
4 243.007 6972.03 66043.9
5 305.807 305.807 66156.2
2 310.809 310.809 66352.5
0 562.309 562.309 66618.5
9 303.073 2712.29 66364.6
6 194.549 6778.2 66691.7
8 717.6 717.6 67057
1 649.338 2597.35 67163.2
7 2014.64 9558.54 68420
3 1245.56 4982.23 67717
4 1348.77 1348.77 67980.8
5 1455.93 7323.71 68005.7
2 3383.94 3383.94 69797
9 1632.57 6530.28 68246.8
0 1269.45 1269.45 68382.2
6 3484.06 19936.2 70434.8
8 3417.27 13669.1 70807.7
1 3604.18 5104.18 70689.6
3 2083.13 3583.13 69529.3
4 2526.55 8526.55 70222
5 2954.77 4454.77 70546
9 2458.45 3958.45 70214.8
0 2639.87 2639.87 70466.8
7 2768.49 4268.49 71384.5
3 3131.03 4631.03 72018.1
2 5180.52 5180.52 73818.1
9 3247.25 4747.25 72145.1
4 3848.43 15393.7 72777.7
6 3275.39 9275.39 72437.8
0 4884.92 19539.7 74010.2
5 3200.91 4700.91 72608.9
1 3134.29 4634.29 73161
8 2936.09 8936.09 73157.7
7 4174.1 5674.1 74304.4
3 4526.96 6026.96 74656.4
9 3939.34 3939.34 74410.7
6 5034.52 11034.5 75235.6
5 4165.85 18163.4 74880.5
4 4326.07 23304.3 74716.6
8 4888.89 19555.6 75796.1
1 6354.49 7854.49 77124.9
2 4609.82 18439.3 75882.4
0 6904.68 12904.7 77838.9
7 6095.14 7595.14 77055.7
9 6423.1 6423.1 77746.2
3 5403.87 5403.87 76739
4 5092.53 5092.53 76469.5
5 6703.21 8203.21 78220.8
6 5276.48 21105.9 77207.9
8 8051.61 8051.61 80233.2
2 6561.03 32244.1 78188.1
4 6619.19 26476.7 78340.9
3 6963.99 27855.9 79088.3
7 7085.61 7085.61 79051.5
1 7132.33 30029.3 79116.5
6 7532.12 30128.5 79654.8
9 7449.55 7449.55 79582.9
0 7765.05 31060.2 80549
2 8625.79 40503.2 80993.3
5 8059.09 9559.09 80489.6
4 8353.63 39414.5 80786.4
7 8914.45 10414.5 81568.3
3 8737.97 36451.9 81481.6
1 9914.58 41158.3 82523.5
9 8858.62 35434.5 81463.4
6 9438.83 43755.3 82236.6
8 10301.1 16301.1 83167.6
5 10392.3 10392.3 83257.2
0 10460.4 41841.7 83332.9
60
4 237.274 6237.27 66012.8
3 193.183 2272.73 66135.6
5 332.15 1832.15 66465.6
6 396.645 396.645 66268.5
2 439.942 6439.94 66425.9
9 413.925 1913.92 66626.2
0 704.735 6704.74 66720
8 711.322 711.322 66424.5
1 643.599 643.599 66702.4
7 2505.1 2505.1 68586.8
4 1990.14 13960.6 68135.6
3 2088.39 2088.39 68201.2
6 4268.11 4268.11 70476.5
8 3177.75 9177.75 69523.2
2 4136.28 4136.28 70536.8
5 2612.32 2612.32 68993.4
9 2247.78 2247.78 68483.3
1 2347.26 10889 68658.1
0 2175.7 8702.81 68548.8
4 3098.37 9098.37 69463.2
3 3564.4 5064.4 70158.3
9 3475.77 3475.77 70523.1
0 5278.11 5278.11 72363.2
7 3504.97 5004.97 70631.2
1 3360.37 14941.5 70597.1
5 3670.01 14680 71136.6
4 4051.43 16205.7 71434.3
8 5402.45 11402.5 72815.3
3 4214.49 5714.49 71690.6
6 4926.84 4926.84 73227.5
9 2850.38 2850.38 72439.7
2 5706.43 22825.7 75906.5
1 3099.68 13898.7 72556.4
7 3197.19 4697.19 73467.8
5 3185.21 12740.8 73113
4 3897.01 21588 74015.7
3 3050.83 4550.83 73197
0 6402.38 31609.5 77144.1
9 3727.65 14910.6 74533.8
1 4061 17744 75375.6
8 4094.55 4094.55 75650.1
5 3870.23 16980.9 74937.5
3 3835.29 5335.29 74993.6
6 4449.59 4449.59 76226.3
7 5005 6505 76528.9
4 5576.67 22306.7 76761.9
9 5278.47 22613.9 76866.2
5 4943.52 19774.1 76905.2
3 5043.14 21672.6 76522.7
1 6368.24 26973 78092.5
8 7157.35 7157.35 79008.4
2 6077.54 12077.5 77937.9
6 7897.68 7897.68 80403.8
3 5828.28 23313.1 78557.4
7 6253.35 7753.35 78922.2
4 6379.15 31516.6 78984.2
9 6145.89 6145.89 78693.6
5 6550.41 8050.41 79201.6
0 8390.8 39563.2 81472.8
2 7032.13 7032.13 79834.4
59
3 157.414 2129.66 65918.1
4 243.007 6972.03 66043.9
5 305.807 305.807 66156.2
2 310.809 310.809 66352.5
0 562.309 562.309 66618.5
9 303.073 2712.29 66364.6
6 194.549 6778.2 66691.7
8 717.6 717.6 67057
1 649.338 2597.35 67163.2
7 2014.64 9558.54 68420
3 1245.56 4982.23 67717
4 1348.77 1348.77 67980.8
5 1455.93 7323.71 68005.7
2 3383.94 3383.94 69797
9 1632.57 6530.28 68246.8
0 1269.45 1269.45 68382.2
6 3484.06 19936.2 70434.8
8 3417.27 13669.1 70807.7
1 3604.18 5104.18 70689.6
3 2083.13 3583.13 69529.3
4 2526.55 8526.55 70222
5 2954.77 4454.77 70546
9 2458.45 3958.45 70214.8
0 2639.87 2639.87 70466.8
7 2768.49 4268.49 71384.5
3 3131.03 4631.03 72018.1
2 5180.52 5180.52 73818.1
9 3247.25 4747.25 72145.1
4 3848.43 15393.7 72777.7
6 3275.39 9275.39 72437.8
0 4884.92 19539.7 74010.2
5 4456.89 5956.89 73810.4
1 5252.93 21011.7 74500.2
8 3608.02 9608.02 73134.2
7 4776.69 19106.8 74285.6
3 4488.04 19452.2 74502
9 3941.61 5441.61 74104.9
6 5012.64 5012.64 75373.9
4 4524.68 18098.7 74680.7
8 5630.01 11630 76694.2
5 7351.22 8851.22 78801.7
2 4456.35 4456.35 75614.6
0 5190.84 5190.84 76967.5
9 4912.81 6412.81 76436.7
7 5846.58 24886.3 77031.9
1 4747.98 20491.9 76335.7
3 5669.97 22679.9 77631.6
4 5268.99 21075.9 76748.6
6 5472.81 21891.3 77197.1
2 5617.63 5617.63 77468.6
1 6299.46 6299.46 78159.8
9 6915.35 8415.35 79421.4
8 8113.94 38455.8 80843.1
4 6114.02 6114.02 78782.8
0 7842.67 37370.7 80447.8
7 6311.54 6311.54 78859.2
6 6842.3 6842.3 79493.5
2 8715.37 40861.5 81797.3
3 6725.86 8225.86 79528.1
72
9 221.688 1721.69 66034.8
3 132.604 530.416 65941.9
4 139.91 559.642 66166.8
5 299.855 1199.42 66175.9
2 397.795 7591.18 66334
0 556.263 2225.05 66467
1 673.715 673.715 66676.6
7 1005.02 1005.02 67038.7
6 2566.04 10264.2 68835.7
8 3218.67 3218.67 69317.4
3 1512.37 6049.49 67490.9
9 2257.15 9028.61 68558.5
4 1713.17 12852.7 67855.5
5 1773.67 1773.67 68171.8
2 1883.06 7883.06 68332.2
0 2201.06 2201.06 68695.2
1 2208.46 8833.85 68697.4
7 3395.89 15083.6 69756.9
3 4989.22 21456.9 71804.7
4 3635.8 20543.2 70263.3
5 3408.6 15134.4 70237.4
2 5993.73 29974.9 75827.3
9 4320.7 4320.7 71348.2
0 4241.45 4241.45 71260.5
1 4289.39 18657.6 71492.6
6 3025.61 12102.4 70543.5
8 3703.02 14812.1 71364
7 3587.4 15849.6 71511.6
5 4165.95 18163.8 72077.2
4 3956.48 9956.48 72410.4
6 4526.37 4526.37 72844.7
0 5030.82 26123.3 73778.7
9 4308.13 18732.5 72920.1
8 4421.89 23687.6 73441.7
1 3794.42 5294.42 73142.2
7 4061.24 16245 73640
3 6004.87 7504.87 76020.4
5 5261.65 22546.6 75174.8
4 3986.22 9986.22 74728.6
6 3904.78 21619.1 74652.9
9 4591.26 4591.26 75698.1
1 5005.45 21521.8 75843.6
8 4777.57 25110.3 75990
7 4279.08 18616.3 75444.1
0 5392.64 11392.6 76592.3
6 5280.03 11280 76483.2
4 5362.74 11362.7 76700.1
5 7508.43 9008.43 78776.9
7 5862.31 24949.2 77000.5
9 6332.03 26828.1 77892.7
2 7744.12 7744.12 79425.6
1 6935.44 29241.8 78342.3
8 6778.33 27113.3 78069.7
3 7391.74 31067 78847.6
6 6819.71 6819.71 78300.2
0 6847.49 27389.9 78394.6
4 6810.45 6810.45 78616.2
7 6876.07 29004.3 78849.3
9 9267.07 38568.3 81481.6
8 8418.28 8418.28 80322.6
6 8272.62 14272.6 80306.8
1 8053.66 8053.66 79851
0 8017.15 8017.15 79943.6
4 8474.77 8474.77 80680.3
5 8493.55 35474.2 80638.2
3 8465.06 35360.2 80975
7 8220.05 9720.05 80650.6
2 10770.8 43083.2 83784.5
1 9188.65 38254.6 81566.1
0 10141.4 10141.4 82750.1
6 9401.53 43606.1 82421.7
8 10099.6 10099.6 82861.5
74
2 290.669 290.669 66064.8
9 226.399 1726.4 66185.5
4 285.073 6285.07 66323.7
5 225.508 225.508 66300
0 408.176 6408.18 66317.5
1 627.799 627.799 66698.5
7 2484.55 2484.55 68548.9
3 129.823 2019.29 66273.9
6 2681.16 8681.16 68985.1
8 3215.68 3215.68 69298.5
2 1655.92 1655.92 68036.3
9 2309.11 10736.4 68958.9
3 1525.72 1525.72 67819.5
5 1736.33 3236.33 68274.7
0 2149.76 14599 68634.3
4 2252.17 8252.17 69540.6
1 4065.65 5565.65 71122
3 4176.39 18205.5 71307.7
2 3384.96 9384.96 70474.9
5 3191.7 12766.8 70216.2
7 3272.16 4772.16 70379.4
0 3170.28 3170.28 70420.3
9 4380.25 4380.25 71914.1
6 3530.87 9530.87 71226.4
8 4247.61 4247.61 71838.9
4 4291.88 4291.88 72048.2
5 3933.1 5433.1 71760
7 5269.07 6769.07 73885
0 4580.68 4580.68 73467.7
2 4148.16 4148.16 72785.7
1 6846.82 8346.82 75744.7
6 4852.75 19411 73782
3 5697.85 5697.85 74860.2
5 6178.15 26212.6 75303.4
8 5749.74 5749.74 75103.3
9 4595.03 18380.1 73842.3
4 4372.39 10372.4 73898.6
2 5697.18 28788.7 75206.1
0 5937.69 23750.8 75951.7
6 6133.03 6133.03 76296.3
9 5444.65 6944.65 75805.9
7 6978.25 29413 77134.3
4 6394.38 12394.4 77458.6
3 6429.58 7929.58 77880
8 8293.3 39173.2 79505.7
2 6826.98 27307.9 77992
5 8125.93 8125.93 79325.6
1 6837.94 6837.94 78041.1
9 6471.28 6471.28 77808.6
0 7280.68 7280.68 78549.2
6 7704.7 30818.8 78842.9
7 8546.35 35685.4 80107
4 8270.1 8270.1 79951.6
9 8373.04 34992.2 79779.9
3 8668.39 36173.5 79959.7
2 8373.89 33495.5 79829.7
1 8377.62 9877.62 79858.1
0 9275.26 37101.1 80822.4
6 9008.59 9008.59 80814.4
5 9201.2 38304.8 81174.4
8 9571.01 38284.1 81785.5
9 10128.5 11628.5 82032.8
2 9802.12 15802.1 81836.3
1 9569.5 9569.5 81366.9
4 11853.2 11853.2 83779.7
3 10035.7 11535.7 82241.2
7 11570.5 47782 83715.1
6 10876.4 43505.6 83386.4
0 10593.8 10593.8 83024.4
5 10931.6 45226.3 83945.2
1 10704.5 44317.9 83082
8 11445 11445 84053.7
2 10931 49724.1 83951.2
9 11809.9 13309.9 84571.7
64
9 221.688 1721.69 66034.8
3 132.604 530.416 65941.9
4 139.91 559.642 66166.8
5 299.855 1199.42 66175.9
2 397.795 7591.18 66334
0 556.263 2225.05 66467
1 673.715 673.715 66676.6
7 1005.02 1005.02 67038.7
6 2566.04 10264.2 68835.7
8 3218.67 3218.67 69317.4
3 1512.37 6049.49 67490.9
9 2257.15 9028.61 68558.5
4 1713.17 12852.7 67855.5
5 1773.67 1773.67 68171.8
2 1883.06 7883.06 68332.2
0 2201.06 2201.06 68695.2
1 2208.46 8833.85 68697.4
7 3395.89 15083.6 69756.9
3 4989.22 21456.9 71804.7
4 3635.8 20543.2 70263.3
5 3408.6 15134.4 70237.4
2 5993.73 29974.9 75827.3
9 4320.7 4320.7 71348.2
0 4241.45 4241.45 71260.5
1 4289.39 18657.6 71492.6
6 3425.12 3425.12 70909.3
8 3691.82 9691.82 71296.5
7 3639.27 16057.1 71301.6
5 4278.97 4278.97 72278.5
4 4334.02 4334.02 72182.2
6 5094.35 5094.35 73337.2
0 5201.96 26807.8 73696.4
8 6062.76 24251 74537.6
7 4275.98 18603.9 72850.4
9 4309.46 5809.46 73174.7
1 5075.68 5075.68 73968.7
3 6998.36 8498.36 76322
4 4664.26 4664.26 73934.6
5 5695.11 7195.11 75042.9
7 4859.14 19436.5 74437.9
9 5355.02 6855.02 75370.5
6 6023.91 24095.7 75937.1
0 5784.59 11784.6 76527
4 5483.27 27933.1 76231.4
1 5015.48 5015.48 76122.4
7 5521.99 23587.9 76360.2
8 7351.99 7351.99 78510.3
5 6265 7765 78041.7
9 6178.42 7678.42 77702.3
2 6603.6 26414.4 77788.9
6 8392.71 33570.8 79980.4
1 7694.66 30778.7 79656.3
4 6280.93 25123.7 77760.5
3 6943.73 29274.9 78668
7 7039.65 8539.65 78890.7
0 6490.7 12490.7 78351.1
9 8180.97 9680.97 80687.1
4 7066.07 34264.3 79795.2
2 7154.34 7154.34 79823.2
5 8916.83 35667.3 81521.9
0 8107.46 14107.5 80655.1
8 7689.42 7689.42 80340.6
3 9387.63 37550.5 82469.6
7 8309.43 9809.43 81111.7
66
2 290.669 290.669 66064.8
9 226.399 1726.4 66185.5
4 285.073 6285.07 66323.7
5 225.508 225.508 66300
0 408.176 6408.18 66317.5
1 627.799 627.799 66698.5
7 2484.55 2484.55 68548.9
3 129.823 2019.29 66273.9
6 2681.16 8681.16 68985.1
8 3215.68 3215.68 69298.5
2 1655.92 1655.92 68036.3
9 2309.11 10736.4 68958.9
3 1525.72 1525.72 67819.5
5 1736.33 3236.33 68274.7
0 2149.76 14599 68634.3
4 2252.17 8252.17 69540.6
1 4065.65 5565.65 71122
3 4176.39 18205.5 71307.7
2 3384.96 9384.96 70474.9
5 3191.7 12766.8 70216.2
7 3272.16 4772.16 70379.4
0 3170.28 3170.28 70420.3
9 4380.25 4380.25 71914.1
6 3280.51 13122 70798.4
8 3380.54 13522.2 71041.5
4 4104.95 16419.8 72029.2
5 4200.85 18303.4 72112.1
7 3720.91 3720.91 72174.8
0 4897.3 4897.3 73215.6
2 4269.83 23079.3 73017.7
6 4297.17 17188.7 72909.1
8 4099.41 22397.6 73119.3
1 4962.84 6462.84 74310.7
3 5600.71 22402.8 75179.5
9 4318.94 5818.94 74334.5
4 5213.63 20854.5 75126.8
5 3687.96 3687.96 74430.3
7 3723.45 14893.8 74471.5
6 4580.29 10580.3 75687.2
2 4146.7 16586.8 74984.9
8 4532.55 4532.55 75493.1
0 3702.71 9702.71 75025.8
1 6022.73 6022.73 77357.9
9 4987.15 6487.15 76364.1
5 4729.88 6229.88 76247.4
7 4512.42 19549.7 76443.9
2 5023.19 5023.19 77204.8
0 5208.89 26835.6 76836
4 6988.38 27953.5 78710.1
3 5099.08 20396.3 77223.4
8 5523.02 11523 77488.9
6 7118.87 28475.5 79103
5 6143.33 26073.3 78266
9 6548.97 6548.97 78682.3
7 6637.29 28049.2 79421.2
0 7273.65 35094.6 79641.2
2 6885.31 6885.31 79315.9
3 7236.15 28944.6 79668.9
1 7220.82 8720.82 79874.7
8 7010.3 28041.2 79754
5 9064.09 37756.3 81673
9 7958.03 31832.1 80562.8
4 7947.95 37791.8 80745.7
6 8239.48 14239.5 81105.9
2 9218.53 15218.5 82083.4
7 9332.66 38830.7 82205.1
55
9 221.688 1721.69 66034.8
3 132.604 530.416 65941.9
4 139.91 559.642 66166.8
5 299.855 1199.42 66175.9
2 397.795 7591.18 66334
0 556.263 2225.05 66467
1 673.715 673.715 66676.6
7 1005.02 1005.02 67038.7
6 2566.04 10264.2 68835.7
8 3218.67 3218.67 69317.4
3 1512.37 6049.49 67490.9
9 2257.15 9028.61 68558.5
4 1713.17 12852.7 67855.5
5 1773.67 1773.67 68171.8
2 1883.06 7883.06 68332.2
0 2201.06 2201.06 68695.2
1 2208.46 8833.85 68697.4
7 3395.89 15083.6 69756.9
3 4989.22 21456.9 71804.7
4 3635.8 20543.2 70263.3
5 3408.6 15134.4 70237.4
2 5993.73 29974.9 75827.3
9 4320.7 4320.7 71348.2
0 4241.45 4241.45 71260.5
1 4289.39 18657.6 71492.6
6 3433.12 3433.12 70909.3
8 3767.78 3767.78 72068.5
7 3186.03 4686.03 72533.8
5 2636.35 10545.4 72215.1
4 2668.05 2668.05 72683.6
6 4620.04 18480.2 74533.2
0 2354.87 8354.87 73097.2
9 2408.3 9633.21 73156.4
1 2907.49 2907.49 74014.4
3 5209.53 22338.1 76047.7
8 4091.31 16365.2 75124.1
5 2927.88 4427.88 74064.6
7 4691.12 20264.5 75974.2
4 4171.66 4171.66 75223.2
0 3594.53 3594.53 74862.6
9 3785.25 16641 75365.1
1 6011.19 25544.8 77550.4
5 4288.78 5788.78 75874.9
6 6792.62 33170.5 78505.9
0 5256.06 5256.06 76975.5
8 5164.21 26656.8 77108.4
4 5029.97 5029.97 77042.8
9 5853.08 23412.3 78073.3
2 5689.8 11689.8 77911.4
5 6074.81 7574.81 78317.4
7 5588.08 7088.08 77977.1
3 6323.61 26794.4 78496.7
0 7606.51 36426 80298.7
4 6911.4 27645.6 79820
8 6343.43 31373.7 79276.5
63
9 221.688 1721.69 66034.8
3 132.604 530.416 65941.9
4 139.91 559.642 66166.8
5 299.855 1199.42 66175.9
2 397.795 7591.18 66334
0 556.263 2225.05 66467
1 673.715 673.715 66676.6
7 1005.02 1005.02 67038.7
6 2566.04 10264.2 68835.7
8 3218.67 3218.67 69317.4
3 1512.37 6049.49 67490.9
9 2257.15 9028.61 68558.5
4 1713.17 12852.7 67855.5
5 1773.67 1773.67 68171.8
2 1883.06 7883.06 68332.2
0 2201.06 2201.06 68695.2
1 2208.46 8833.85 68697.4
7 3395.89 15083.6 69756.9
3 4989.22 21456.9 71804.7
4 3635.8 20543.2 70263.3
5 3408.6 15134.4 70237.4
2 5993.73 29974.9 75827.3
9 4320.7 4320.7 71348.2
0 4241.45 4241.45 71260.5
1 4289.39 18657.6 71492.6
6 3439.17 3439.17 71185.7
8 3841.79 15367.2 71841.2
7 4333.99 4333.99 72346.8
5 4146.6 4146.6 72169.7
4 4710.86 4710.86 73640.4
6 4320.94 17283.8 72927.1
0 4522.8 18091.2 72975.7
9 5913.72 7413.72 74991.8
1 3973.83 5473.83 72993.1
3 7186.36 28745.4 76381.9
8 5583.46 22333.8 75350.7
5 4134.1 5634.1 74155.8
7 5433.78 5433.78 75157
6 4997.72 10997.7 74908.3
0 5015.1 26060.4 74896.5
1 5812.51 7312.51 76236.6
4 6814.06 6814.06 77108.7
5 5888.84 23555.4 76600.9
0 6621.81 32487.2 76968.6
6 8171.81 8171.81 78758.2
9 7918.44 9418.44 78593.9
7 6257.69 7757.69 77039.3
8 8955.11 8955.11 80210.6
2 6638.82 6638.82 77824.8
1 9726.83 11226.8 81137.4
3 6896.44 8396.44 78200.9
5 8407.59 9907.59 79937.6
0 7243.94 34975.8 78992.7
7 7556.21 7556.21 79181
4 7320.51 7320.51 79094.3
2 7743.88 36975.5 79583.4
3 7964.93 7964.93 80010.9
9 8162.86 9662.86 80311.8
6 9973.68 9973.68 82721.8
0 8627.85 8627.85 80949.8
4 8418.92 8418.92 81015.6
7 8507.97 34031.9 81530.3
2 8770.01 8770.01 81823.4
59
3 157.414 2129.66 65918.1
4 243.007 6972.03 66043.9
5 305.807 305.807 66156.2
2 310.809 310.809 66352.5
0 562.309 562.309 66618.5
9 303.073 2712.29 66364.6
6 194.549 6778.2 66691.7
8 717.6 717.6 67057
1 649.338 2597.35 67163.2
7 2014.64 9558.54 68420
3 1245.56 4982.23 67717
4 1348.77 1348.77 67980.8
5 1455.93 7323.71 68005.7
2 3383.94 3383.94 69797
9 1632.57 6530.28 68246.8
0 1269.45 1269.45 68382.2
6 3484.06 19936.2 70434.8
8 3417.27 13669.1 70807.7
1 3604.18 5104.18 70689.6
3 2083.13 3583.13 69529.3
4 2449.26 2449.26 69933.4
5 2499.99 2499.99 70104.6
9 2539.45 11657.8 70201.8
0 2781.09 8781.09 70780.6
7 2639.54 4139.54 70487.7
3 3714.34 5214.34 71957.2
2 4373.64 23494.6 72868.1
4 5240.91 20963.7 73715.7
5 3617.33 15969.3 72191.7
9 3163.03 4663.03 72028.3
6 3373.99 9373.99 72267.1
7 3409.21 4909.21 72732.9
1 5110.5 6610.5 74380.9
0 5513.01 5513.01 74866.6
8 3627.61 20510.4 72874.9
3 5262.73 5262.73 74788.9
9 4939.73 19758.9 74448.7
5 4590.21 19860.8 74604.2
6 4034.38 4034.38 74197.7
7 5307.72 6807.72 75669
2 4990.97 19963.9 75147
8 5370.7 11370.7 76434.9
4 6489.67 6489.67 77940.1
6 5854.55 5854.55 77110
1 5501.63 7001.63 76687.6
9 5968.18 7468.18 77378.7
5 6139.33 7639.33 77443.8
3 5068.92 6568.92 76598.9
0 8078.56 38314.3 79827.3
2 5663.92 11663.9 77288.7
7 6243.44 7743.44 78017.2
8 8202.53 38810.1 80042
3 6362.92 6362.92 78408.9
1 6625.28 8125.28 78774.2
6 7188.3 7188.3 79936.4
2 6923.89 6923.89 79245.8
9 6709.54 8209.54 79306.2
5 6465.43 25861.7 79487.7
4 7126.75 7126.75 80180.1
73
4 237.274 6237.27 66012.8
3 193.183 2272.73 66135.6
5 332.15 1832.15 66465.6
6 396.645 396.645 66268.5
2 439.942 6439.94 66425.9
9 413.925 1913.92 66626.2
0 704.735 6704.74 66720
8 711.322 711.322 66424.5
1 643.599 643.599 66702.4
7 2505.1 2505.1 68586.8
4 1990.14 13960.6 68135.6
3 2088.39 2088.39 68201.2
6 4268.11 4268.11 70476.5
8 3177.75 9177.75 69523.2
2 4136.28 4136.28 70536.8
5 2612.32 2612.32 68993.4
9 2247.78 2247.78 68483.3
1 2347.26 10889 68658.1
0 2175.7 8702.81 68548.8
4 3098.37 9098.37 69463.2
3 3564.4 5064.4 70158.3
9 3475.77 3475.77 70523.1
0 5278.11 5278.11 72363.2
7 3504.97 5004.97 70631.2
1 3360.37 14941.5 70597.1
5 3670.01 14680 71136.6
4 4051.43 16205.7 71434.3
8 5402.45 11402.5 72815.3
3 4214.49 5714.49 71690.6
6 4926.84 4926.84 73227.5
9 3177.93 4677.93 72586
2 3241.75 3241.75 73268.4
1 3112.78 3112.78 73334.4
7 3233.04 4733.04 73363.4
5 3116.74 4616.74 73246.2
4 3765.98 9765.98 74237.3
3 3297.7 3297.7 73498.8
0 5641.01 22564.1 76355.6
9 4296.83 17187.3 74687.4
8 5764.52 23058.1 76671.7
6 5747.7 5747.7 76518.2
5 4498.78 19495.1 75771.4
2 6162.96 12163 77097.2
1 5102.49 20410 76314.9
7 5500.38 23501.5 76665.4
3 4128.45 4128.45 75328.1
4 6355.41 12355.4 77558.6
9 5321.55 5321.55 76658.9
3 5810.93 7310.93 77079.4
5 6727.91 28411.6 77866.1
1 7726.99 32408 79287.6
0 6743.97 6743.97 78425.5
6 6933.02 27732.1 78339.9
9 7294.01 30676 78585.3
7 7047.29 29689.2 78503.1
8 9171.49 9171.49 80652
3 7805.51 32722 79352.7
2 7262.9 7262.9 79068.7
4 7434.16 29736.6 79407.4
5 8435.77 35243.1 80650.3
6 8688.49 8688.49 80592.8
0 10476.7 16476.7 82510.8
7 8214.49 8214.49 80011.8
9 8207.84 9707.84 80134.3
2 8927.22 8927.22 81132.7
1 10751.1 44504.6 82895.8
3 8970.15 37380.6 81480.1
4 8778.14 8778.14 81208.7
7 9622.2 39988.8 82635.9
9 9471.97 39387.9 81849.5
6 10537.6 10537.6 83146.4
5 10877.1 43508.5 83897.3
8 9439.89 9439.89 82201.8
59
4 237.274 6237.27 66012.8
3 193.183 2272.73 66135.6
5 332.15 1832.15 66465.6
6 396.645 396.645 66268.5
2 439.942 6439.94 66425.9
9 413.925 1913.92 66626.2
0 704.735 6704.74 66720
8 711.322 711.322 66424.5
1 643.599 643.599 66702.4
7 2505.1 2505.1 68586.8
4 1990.14 13960.6 68135.6
3 2088.39 2088.39 68201.2
6 4268.11 4268.11 70476.5
8 3177.75 9177.75 69523.2
2 4136.28 4136.28 70536.8
5 2612.32 2612.32 68993.4
9 2247.78 2247.78 68483.3
1 2347.26 10889 68658.1
0 2175.7 8702.81 68548.8
4 3098.37 9098.37 69463.2
3 3564.4 5064.4 70158.3
9 3475.77 3475.77 70523.1
0 5278.11 5278.11 72363.2
7 3504.97 5004.97 70631.2
1 3360.37 14941.5 70597.1
5 3670.01 14680 71136.6
4 4051.43 16205.7 71434.3
8 5402.45 11402.5 72815.3
3 4214.49 5714.49 71690.6
6 4926.84 4926.84 73227.5
9 4040.86 16163.4 73236.4
2 3002.03 12008.1 72769.2
1 3057.07 4557.07 73078.8
7 2871.92 2871.92 72595.2
5 3280.65 3280.65 73191.3
4 3315.99 19264 73197.4
3 5868.42 7368.42 76292.5
0 6305.85 6305.85 76600.5
7 4838.62 19354.5 75550.7
2 7013.23 34052.9 77360
8 6606.61 6606.61 77193
1 4256.27 5756.27 74931.8
5 4448.84 5948.84 75230.4
4 4344.43 4344.43 75599.9
6 5378.23 5378.23 76564.2
9 3814.68 5314.68 75225.2
1 5939.93 7439.93 77244.4
9 5692.76 7192.76 77222.8
5 5981.49 23926 77730.2
7 7071.16 7071.16 78695.9
4 6174.34 6174.34 77948.1
3 8830.24 35321 80669.7
6 6328.22 12328.2 78374.2
0 6169.47 6169.47 78318.4
8 8408.48 8408.48 81156.6
9 6420.7 7920.7 78742.6
1 6438.73 7938.73 79035.4
2 6381.59 31526.4 79403.9
5 7431.78 8931.78 80485.2
80
4 237.274 6237.27 66012.8
3 193.183 2272.73 66135.6
5 332.15 1832.15 66465.6
6 396.645 396.645 66268.5
2 439.942 6439.94 66425.9
9 413.925 1913.92 66626.2
0 704.735 6704.74 66720
8 711.322 711.322 66424.5
1 643.599 643.599 66702.4
7 2505.1 2505.1 68586.8
4 1990.14 13960.6 68135.6
3 2088.39 2088.39 68201.2
6 4268.11 4268.11 70476.5
8 3177.75 9177.75 69523.2
2 4136.28 4136.28 70536.8
5 2612.32 2612.32 68993.4
9 2247.78 2247.78 68483.3
1 2347.26 10889 68658.1
0 2175.7 8702.81 68548.8
4 3098.37 9098.37 69463.2
3 3564.4 5064.4 70158.3
9 3475.77 3475.77 70523.1
0 5278.11 5278.11 72363.2
7 3504.97 5004.97 70631.2
1 3360.37 14941.5 70597.1
5 3670.01 14680 71136.6
4 4051.43 16205.7 71434.3
8 5402.45 11402.5 72815.3
3 4549.85 19699.4 72067.7
6 4862.08 19448.3 72523.1
9 5368.32 22973.3 73292.6
2 6502.09 26008.4 74413.4
1 4290.28 4290.28 72744.2
7 4299.99 5799.99 72618.3
5 5343.02 21372.1 74090.9
4 4394.24 17577 73006.2
3 5125.62 20502.5 74145.5
0 6780.11 6780.11 76188.1
6 6301.67 6301.67 76328.4
7 5268.27 5268.27 75489.9
1 4867.16 6367.16 74997.5
8 4456.64 4456.64 74586.1
4 5337.81 11337.8 75809.2
9 5399.35 5399.35 75600.4
5 5773.01 24592.1 76487.6
3 6308.19 25232.8 76698.8
2 6857.45 27429.8 77764.6
8 6080.81 6080.81 76851.3
1 7278.84 30615.4 78551.4
7 7671.94 7671.94 78606.2
9 6329.05 25316.2 77541.5
4 7946.16 31784.6 79111.2
0 7304.53 13304.5 78504.2
6 9118.21 15118.2 80321.4
5 8572.99 8572.99 79910.3
3 7181.56 8681.56 78450
8 7269.44 29077.8 78407.6
9 8953.55 37314.2 80514.2
2 8576.12 8576.12 80257.6
8 8822.47 35289.9 80229.3
3 9238.41 38453.6 80529.7
0 8886.06 35544.2 80341.9
1 9353.8 10853.8 80834.3
7 8861.31 36945.2 80408.5
4 9276.95 9276.95 81082.7
5 10176.8 42207.1 82150
8 10799 43196.1 83013.6
2 11505.2 11505.2 83409.6
6 10293.8 16293.8 82327.9
0 10053.3 16053.3 81850.6
7 10031 11531 81957.5
9 11804.2 13304.2 84009.7
3 10126.5 42005.8 82271.1
1 10451.8 43307.2 82961.8
4 10453.5 10453.5 82884
0 11461 45843.9 84474.6
7 11295.1 46680.4 83672.6
5 11904.2 13404.2 84513
3 11465.3 45861.2 84485.5
6 11500.2 11500.2 84262.1
71
9 221.688 1721.69 66034.8
3 132.604 530.416 65941.9
4 139.91 559.642 66166.8
5 299.855 1199.42 66175.9
2 397.795 7591.18 66334
0 556.263 2225.05 66467
1 673.715 673.715 66676.6
7 1005.02 1005.02 67038.7
6 2566.04 10264.2 68835.7
8 3218.67 3218.67 69317.4
3 1512.37 6049.49 67490.9
9 2257.15 9028.61 68558.5
4 1713.17 12852.7 67855.5
5 1773.67 1773.67 68171.8
2 1883.06 7883.06 68332.2
0 2201.06 2201.06 68695.2
1 2208.46 8833.85 68697.4
7 3395.89 15083.6 69756.9
3 4989.22 21456.9 71804.7
4 3635.8 20543.2 70263.3
5 3408.6 15134.4 70237.4
2 5993.73 29974.9 75827.3
9 4320.7 4320.7 71348.2
0 4241.45 4241.45 71260.5
1 4289.39 18657.6 71492.6
6 3425.12 3425.12 70909.3
8 3691.82 9691.82 71296.5
7 3639.27 16057.1 71301.6
5 4278.97 4278.97 72278.5
4 4334.02 4334.02 72182.2
6 5094.35 5094.35 73337.2
0 5201.96 26807.8 73696.4
8 6062.76 24251 74537.6
7 4275.98 18603.9 72850.4
9 4309.46 5809.46 73174.7
1 5075.68 5075.68 73968.7
3 6998.36 8498.36 76322
4 4664.26 4664.26 73934.6
5 4683.92 6183.92 74091.9
7 7127.7 8627.7 77154.4
9 5824.66 5824.66 76046.3
6 5562.02 5562.02 75692.4
0 6205.29 6205.29 76334.7
4 5728.83 11728.8 76200.2
1 6565.48 6565.48 76766.5
5 5648.85 24095.4 76363.5
8 7989.42 37957.7 78380
6 7423.57 29694.3 78330.7
2 6984.89 6984.89 77755.4
9 8327.59 34810.4 79600.2
4 8382.25 14382.2 79316.5
3 7890.49 33062 78923.3
0 7520.49 7520.49 78657.2
5 8520.76 35583 79803.8
1 7264.05 8764.05 78315.5
7 9464.28 10964.3 80732.4
2 8384.22 33536.9 79964.1
1 8806.76 36727 80346
6 10476.6 10476.6 82062.7
8 8463.26 39853 80176.5
0 8510.67 8510.67 80230.1
3 8963.39 35853.6 80907.5
4 9123.27 9123.27 81136.1
9 9594.36 38377.5 81814.6
5 9666.32 9666.32 81887.9
2 10672 10672 82914.6
8 9595.6 9595.6 81984.7
0 9834.15 39336.6 82007.3
1 10624.8 42499 83316.9
7 10059.7 41739 82968.3
3 10142.6 40570.5 83075.7
63
4 237.274 6237.27 66012.8
3 193.183 2272.73 66135.6
5 332.15 1832.15 66465.6
6 396.645 396.645 66268.5
2 439.942 6439.94 66425.9
9 413.925 1913.92 66626.2
0 704.735 6704.74 66720
8 711.322 711.322 66424.5
1 643.599 643.599 66702.4
7 2505.1 2505.1 68586.8
4 1990.14 13960.6 68135.6
3 2088.39 2088.39 68201.2
6 4268.11 4268.11 70476.5
8 3177.75 9177.75 69523.2
2 4136.28 4136.28 70536.8
5 2612.32 2612.32 68993.4
9 2247.78 2247.78 68483.3
1 2347.26 10889 68658.1
0 2175.7 8702.81 68548.8
4 3098.37 9098.37 69463.2
3 3564.4 5064.4 70158.3
9 3475.77 3475.77 70523.1
0 5278.11 5278.11 72363.2
7 3504.97 5004.97 70631.2
1 3360.37 14941.5 70597.1
5 3670.01 14680 71136.6
4 4051.43 16205.7 71434.3
8 5402.45 11402.5 72815.3
3 4549.85 19699.4 72067.7
6 4862.08 19448.3 72523.1
9 5368.32 22973.3 73292.6
2 6502.09 26008.4 74413.4
1 4290.28 4290.28 72744.2
7 4299.99 5799.99 72618.3
5 5343.02 21372.1 74090.9
4 4394.24 17577 73006.2
3 5125.62 20502.5 74145.5
0 6204.03 6204.03 75551.8
6 5072.67 26290.7 74651.4
7 4798.63 6298.63 74814.2
1 5928.62 25214.5 75841.8
8 3909.63 9909.63 74652
4 4066.24 22265 74814.3
9 4438.06 4438.06 75544.9
5 5219.89 22379.6 76058.1
3 5760.72 7260.72 76919
2 6045.37 6045.37 77822
6 5524.8 5524.8 77048.7
8 5043.27 20173.1 76228.6
7 6050.77 25703.1 77638.5
4 4820.35 25281.4 76782
9 7165.25 30161 78644.8
0 6544.49 26177.9 78268.7
1 8023.1 9523.1 79874.1
5 6376.51 6376.51 78236.9
8 5728.36 5728.36 78234.4
4 6501.16 32004.6 79230.3
3 6284.45 7784.45 78953.3
6 6451.75 31807 79056.8
7 6918.19 6918.19 79465.9
2 9163.89 9163.89 81815.1
8 9265.45 43061.8 82347.4
5 7331.1 8831.1 80133.3
67
4 237.274 6237.27 66012.8
3 193.183 2272.73 66135.6
5 332.15 1832.15 66465.6
6 396.645 396.645 66268.5
2 439.942 6439.94 66425.9
9 413.925 1913.92 66626.2
0 704.735 6704.74 66720
8 711.322 711.322 66424.5
1 643.599 643.599 66702.4
7 2505.1 2505.1 68586.8
4 1990.14 13960.6 68135.6
3 2088.39 2088.39 68201.2
6 4268.11 4268.11 70476.5
8 3177.75 9177.75 69523.2
2 4136.28 4136.28 70536.8
5 2612.32 2612.32 68993.4
9 2247.78 2247.78 68483.3
1 2347.26 10889 68658.1
0 2175.7 8702.81 68548.8
4 3098.37 9098.37 69463.2
3 3564.4 5064.4 70158.3
9 3475.77 3475.77 70523.1
0 5278.11 5278.11 72363.2
7 3504.97 5004.97 70631.2
1 3360.37 14941.5 70597.1
5 3670.01 14680 71136.6
4 4051.43 16205.7 71434.3
8 5402.45 11402.5 72815.3
3 4549.85 19699.4 72067.7
6 4862.08 19448.3 72523.1
9 5368.32 22973.3 73292.6
2 6502.09 26008.4 74413.4
1 4290.28 4290.28 72744.2
7 4299.99 5799.99 72618.3
5 5343.02 21372.1 74090.9
4 4394.24 17577 73006.2
3 5125.62 20502.5 74145.5
0 6610.72 12610.7 76200.1
6 5299.46 21197.8 75499.5
7 4719.03 20376.1 74175.7
1 4717.39 6217.39 74988
8 4737.02 24948.1 74664.8
4 5468.84 27875.4 75587.5
9 5193.19 6693.19 75339.4
5 6144.57 24578.3 76886.3
3 5423.99 21695.9 76230.2
7 5680.35 24221.4 76994.9
2 5187.07 5187.07 76742.6
8 5422.03 21688.1 76489.3
1 7126.93 8626.93 78285.2
9 7435.22 8935.22 79211.9
6 6307.42 6307.42 77831.3
4 7148.5 28594 78333.8
0 7472.5 29890 79060.2
3 6769.82 27079.3 78731.5
8 6538.88 26155.5 78018.5
2 7735.24 30941 79459.5
5 6889.28 8389.28 78740.3
7 7591.43 7591.43 79451.8
6 8309.96 8309.96 80816
8 7324.02 35296.1 80053.2
1 7650.65 9150.65 80319.5
4 7950.98 37803.9 80556.1
3 8487.87 8487.87 81035.6
5 7919.46 9419.46 80570.6
0 10307 47227.9 83388.9
9 9657.43 11157.4 82459.7
65
4 237.274 6237.27 66012.8
3 193.183 2272.73 66135.6
5 332.15 1832.15 66465.6
6 396.645 396.645 66268.5
2 439.942 6439.94 66425.9
9 413.925 1913.92 66626.2
0 704.735 6704.74 66720
8 711.322 711.322 66424.5
1 643.599 643.599 66702.4
7 2505.1 2505.1 68586.8
4 1990.14 13960.6 68135.6
3 2088.39 2088.39 68201.2
6 4268.11 4268.11 70476.5
8 3177.75 9177.75 69523.2
2 4136.28 4136.28 70536.8
5 2612.32 2612.32 68993.4
9 2247.78 2247.78 68483.3
1 2347.26 10889 68658.1
0 2175.7 8702.81 68548.8
4 3098.37 9098.37 69463.2
3 3564.4 5064.4 70158.3
9 3475.77 3475.77 70523.1
0 5278.11 5278.11 72363.2
7 3504.97 5004.97 70631.2
1 3360.37 14941.5 70597.1
5 3670.01 14680 71136.6
4 4051.43 16205.7 71434.3
8 5402.45 11402.5 72815.3
3 4361.22 4361.22 72056.7
6 5047 5047 72638.3
9 5498.88 6998.88 73255.2
2 7308.53 7308.53 75135.4
1 5392.87 6892.87 74008.8
7 3830.58 5330.58 72717.6
5 4495.04 5995.04 73132.6
4 4466.81 4466.81 73364.7
3 5683.1 24232.4 74612.4
0 7517.54 13517.5 76679.9
6 6064.77 24259.1 75190
7 5689.16 7189.16 75037
8 4824.04 25296.2 74402.8
5 5312.93 6812.93 75328.5
9 6965.97 29363.9 76879.1
4 4940.54 10940.5 75682.9
1 7265.57 29062.3 78013.6
8 6074.03 12074 77180.9
3 6138.54 26054.2 76976.7
7 7175.91 8675.91 78334.2
2 7231.28 7231.28 79008
6 7513 7513 79036.9
5 6706.3 28325.2 77891.6
4 5930.64 23722.6 77518.4
0 7680.4 36721.6 79642.1
9 9209.05 38336.2 80688.6
3 7712.59 32350.4 79436.8
8 8688.19 8688.19 80539.2
4 7482.13 13482.1 79342.5
5 7391.38 8891.38 79897.5
1 7319.21 29276.9 80048.4
7 7699.64 9199.64 80368.5
2 9883.11 45532.4 82488.2
6 9295.64 15295.6 81843.3
4 8987.72 8987.72 81638.9
3 10156.5 40626 83238.5
0 8736.28 8736.28 81538.5
84
4 237.274 6237.27 66012.8
3 193.183 2272.73 66135.6
5 332.15 1832.15 66465.6
6 396.645 396.645 66268.5
2 439.942 6439.94 66425.9
9 413.925 1913.92 66626.2
0 704.735 6704.74 66720
8 711.322 711.322 66424.5
1 643.599 643.599 66702.4
7 2505.1 2505.1 68586.8
4 1990.14 13960.6 68135.6
3 2088.39 2088.39 68201.2
6 4268.11 4268.11 70476.5
8 3177.75 9177.75 69523.2
2 4136.28 4136.28 70536.8
5 2612.32 2612.32 68993.4
9 2247.78 2247.78 68483.3
1 2347.26 10889 68658.1
0 2175.7 8702.81 68548.8
4 3098.37 9098.37 69463.2
3 3564.4 5064.4 70158.3
9 3475.77 3475.77 70523.1
0 5278.11 5278.11 72363.2
7 3504.97 5004.97 70631.2
1 3360.37 14941.5 70597.1
5 3670.01 14680 71136.6
4 4051.43 16205.7 71434.3
8 5402.45 11402.5 72815.3
3 4206.49 5706.49 71690.6
6 4850.87 10850.9 72455.5
9 5589.31 23857.3 73251.7
2 7392.24 13392.2 75391.8
1 4667.82 6167.82 72516
7 4565.44 6065.44 72808.3
5 4830.06 19320.2 73324.5
4 6741.83 26967.3 75216.7
3 4665.01 20160.1 73239.4
0 8265.64 8265.64 77130.9
6 5394.73 11394.7 74287.8
1 5437.5 6937.5 74761.1
7 6158.61 7658.61 75429
8 5138.84 26555.4 74334.4
3 7732.05 32428.2 77499.3
9 5216.03 6716.03 75237.7
5 6411.51 6411.51 76134.8
6 6837.22 12837.2 76747.8
8 6216.08 30864.3 76097.5
1 8305.88 9805.88 78730
4 8390.37 8390.37 78685
9 6970.77 27883.1 77682.8
2 7020.82 34083.3 77367.6
7 8692.46 10192.5 79278.8
8 7274.99 7274.99 77950.5
5 7235.41 8735.41 78017
6 7528.24 36112.9 78740.6
0 7769.94 31079.8 78935
2 7997.27 13997.3 79197
3 11053.9 11053.9 82257.1
9 9768.17 9768.17 81105.5
8 8534.97 8534.97 79803.5
5 8973.53 37394.1 80111.7
4 10097.2 40388.6 81657.8
1 10259.1 11759.1 81940.6
6 9635.98 38543.9 81042.8
0 9184.34 36737.4 80475.7
2 9578.79 38315.2 81034.6
7 12543.6 14043.6 84024.1
8 10529.5 42118.2 82076.7
5 10277.4 11777.4 82083.2
0 10351.3 41405.1 82324.5
2 11604.3 46417.3 83818.9
6 11391.4 11391.4 83295.8
9 11059.7 11059.7 83093.8
4 13655.5 19655.5 85452.8
1 13842.3 15342.3 85768.8
8 12152.6 12152.6 84358.2
5 11799.8 48699.4 83944.5
3 11874.5 48998.2 84384.5
0 11695.2 11695.2 84125.8
9 13180.2 54221 86193.9
6 13293 53172.1 85670.5
2 13478.3 13478.3 86087
5 13138.7 52554.7 86158.9
7 12812 14312 85573.8
66
9 221.688 1721.69 66034.8
3 132.604 530.416 65941.9
4 139.91 559.642 66166.8
5 299.855 1199.42 66175.9
2 397.795 7591.18 66334
0 556.263 2225.05 66467
1 673.715 673.715 66676.6
7 1005.02 1005.02 67038.7
6 2566.04 10264.2 68835.7
8 3218.67 3218.67 69317.4
3 1512.37 6049.49 67490.9
9 2257.15 9028.61 68558.5
4 1713.17 12852.7 67855.5
5 1773.67 1773.67 68171.8
2 1883.06 7883.06 68332.2
0 2201.06 2201.06 68695.2
1 2208.46 8833.85 68697.4
7 3395.89 15083.6 69756.9
3 4989.22 21456.9 71804.7
4 3635.8 20543.2 70263.3
5 3408.6 15134.4 70237.4
2 5993.73 29974.9 75827.3
9 4320.7 4320.7 71348.2
0 4241.45 4241.45 71260.5
1 4289.39 18657.6 71492.6
6 3433.12 3433.12 70909.3
8 3767.78 3767.78 72068.5
7 2138.32 3638.32 71546.3
5 4231.76 5731.76 74258.5
4 2778.98 8778.98 73000.6
6 3572.96 3572.96 73703.3
0 2901.88 2901.88 73031.3
9 3679.87 3679.87 74151.2
1 4629.77 4629.77 74830.8
7 3103.25 13913 73817.9
3 6026.66 24106.6 76417.2
8 3799.67 15198.7 74706.8
4 5520.75 5520.75 76291.2
0 4283.92 17135.7 75556.5
6 5885.37 11885.4 76819.6
7 5608.57 7108.57 76569.1
9 6163.63 6163.63 77486.7
5 6587.98 6587.98 77923.1
8 6636.74 6636.74 78013.7
1 5130.4 6630.4 76648
0 6105.97 24423.9 78037.4
2 6801.41 6801.41 78983
4 6474.3 31897.2 78101.4
3 6495.36 27481.4 78217
7 6794.13 27176.5 78918.4
1 6683.53 6683.53 78649.4
6 6826.97 27307.9 78811.1
9 7382.6 31030.4 79505.3
5 7773.9 7773.9 79907.3
8 8207.12 32828.5 80991.1
0 7935.62 37742.5 80303.1
4 7939.71 7939.71 80370.3
3 8229.8 32919.2 80662.5
1 8512.37 10012.4 81166.2
6 8332.52 33330.1 81076.2
7 9290.44 38661.8 81899.3
2 8558.2 40232.8 81163
9 9289.31 37157.3 82087.1
5 9021.15 9021.15 81887.6
0 10728.6 16728.6 83593.5
4 10281.7 41126.8 83154.1
66
3 157.414 2129.66 65918.1
4 243.007 6972.03 66043.9
5 305.807 305.807 66156.2
2 310.809 310.809 66352.5
0 562.309 562.309 66618.5
9 303.073 2712.29 66364.6
6 194.549 6778.2 66691.7
8 717.6 717.6 67057
1 649.338 2597.35 67163.2
7 2014.64 9558.54 68420
3 1245.56 4982.23 67717
4 1348.77 1348.77 67980.8
5 1455.93 7323.71 68005.7
2 3383.94 3383.94 69797
9 1632.57 6530.28 68246.8
0 1269.45 1269.45 68382.2
6 3484.06 19936.2 70434.8
8 3417.27 13669.1 70807.7
1 3604.18 5104.18 70689.6
3 2083.13 3583.13 69529.3
4 2449.26 2449.26 69933.4
5 2499.99 2499.99 70104.6
9 2539.45 11657.8 70201.8
0 2781.09 8781.09 70780.6
7 2639.54 4139.54 70487.7
3 3714.34 5214.34 71957.2
2 4373.64 23494.6 72868.1
4 5240.91 20963.7 73715.7
5 3617.33 15969.3 72191.7
9 3163.03 4663.03 72028.3
6 3373.99 9373.99 72267.1
7 3409.21 4909.21 72732.9
1 5110.5 6610.5 74380.9
0 3534.85 20139.4 72730.4
8 4764.26 19057 74531.5
3 5130.36 6630.36 75152.1
9 4131.51 4131.51 73854.7
5 4023.61 4023.61 73934.2
6 4726.39 24905.6 74607.8
0 6908.2 6908.2 77332.3
7 4743.27 6243.27 75038
2 4378.91 23515.6 75090.9
4 7188.75 34755 77535.5
9 7646.09 9146.09 78232.4
5 5111.71 6611.71 75787.2
1 5638.45 7138.45 76420
8 7961.97 31847.9 78994.7
6 5793.56 5793.56 76930.3
7 6173.01 26192.1 77456.1
2 7158.78 7158.78 78210.3
3 5732.15 7232.15 77000.2
5 6271.89 26587.6 77851.7
1 7390.79 31063.1 78930
6 7154.47 7154.47 78740.6
3 7557.45 30229.8 79270.7
0 10238.5 10238.5 81957.9
7 7496.22 29984.9 79440.4
4 7342.33 7342.33 79355.1
5 8339.71 33358.8 80559.9
2 7757.59 13757.6 79979.2
9 10890.3 12390.3 83132.9
6 8659.35 8659.35 81048.4
1 8097.1 33888.4 80270.2
8 9273.54 43094.2 81965.7
3 9139.33 38057.3 82047.9
4 8470.58 39882.3 81403.7
