57
3 162.574 162.574 65884.6
0 532.056 2128.22 66366.6
4 856.912 3427.65 66625.7
5 298.417 1193.67 66129.1
9 350.002 350.002 66407.1
2 310.809 310.809 66491.5
1 499.495 499.495 66446.9
3 1608.83 6435.31 68008.7
2 6225.5 6225.5 72612.1
4 6308.17 6308.17 72760.2
1 1737.63 1737.63 68246.4
5 1421.09 5684.34 67937
9 1480.73 7422.92 68272.2
3 3291.45 3291.45 69998.2
0 1607.5 6429.99 68515.8
7 823.499 823.499 67328.7
7 5803.66 5803.66 72736.5
9 6533.67 6533.67 73248.8
6 2799.8 2799.8 70310.7
2 1066.79 4267.15 68431.3
4 1321.6 5286.4 68839.5
5 2019.04 9576.16 69680
2 2261.78 9047.11 70186
7 1850.37 8901.47 69761.6
3 3691.38 3691.38 72145.3
6 8241.87 8241.87 76560.2
1 2016.7 8066.79 70764.6
4 2338.26 9353.04 70950.2
9 1330.02 5320.1 70349.9
0 817.639 817.639 70165.5
5 2229.63 8918.51 71808.4
0 2836.74 2836.74 72852.3
8 999.289 3997.16 70912.5
7 7569.44 7569.44 78311.8
1 2809.49 11238 73557.6
9 5602.52 5602.52 76709.4
5 2892.48 13069.9 73730.6
2 3220.85 12883.4 74253.6
4 5561.63 5561.63 76698.4
4 3438.97 13755.9 74722
2 6469.91 6469.91 77521.4
6 2990.92 2990.92 74259
3 2629.98 12019.9 74209.8
0 4325.27 17301.1 75864.5
0 6236.19 6236.19 77822.3
1 3640.85 14563.4 75354.1
6 6413.62 6413.62 78133.1
5 4469.65 17878.6 76413.8
4 6505.19 6505.19 78518
3 4697.8 18791.2 76918
5 6276.29 6276.29 78497.9
2 7255.96 7255.96 79498.6
6 7552.12 7552.12 79941.2
2 3420.74 13682.9 75593.9
7 2789.09 11156.3 75481.2
8 1516.32 6065.26 74424.9
1 4469.55 17878.2 77402.6
59
2 289.286 1157.14 66050
3 128.83 515.322 65929.7
5 305.807 305.807 66156.2
4 228.495 228.495 66270.2
0 562.309 562.309 66618.5
9 303.073 2712.29 66364.6
7 596.818 2387.27 67094
6 265.698 265.698 66605.1
1 649.338 2597.35 67163.2
2 1553.69 6214.77 67959.1
3 1257.13 5028.51 67728.6
4 3551.43 3551.43 70183.4
4 1696.77 6787.08 68246.5
8 738.832 738.832 67151.9
5 1424.19 5696.75 68038.4
0 3550.46 3550.46 70663.2
9 1197.06 4788.25 68147.8
0 1009.33 4037.32 68399.8
6 916.498 916.498 68001.9
4 4698.21 4698.21 72144.3
4 9930.89 9930.89 77677.4
2 1962.71 7850.84 69962.1
1 1286.62 1286.62 69299.4
9 2401.7 2401.7 70424.8
8 1309.43 1309.43 70238.9
3 863.807 4955.23 69470
5 1011.33 5545.31 69464.2
6 1068.03 1068.03 70146.1
2 3026.16 3026.16 72045.4
7 2967.09 2967.09 72556.4
3 2246.35 10485.4 72446.4
5 1966.84 9367.35 71423.6
8 4426.05 4426.05 74696.6
9 2346.57 9386.29 72274.3
1 1220.08 4880.33 71338.8
0 8342.12 8342.12 78488.3
5 2489.26 9957.02 73231
9 3353.75 13415 74159.9
0 1633.26 6533.04 72947.9
2 3390.91 3390.91 74946.4
4 2901.61 11606.4 73968.9
4 8315.7 8315.7 79474
6 1326.82 1326.82 73103.5
0 4485.08 4485.08 76009
5 3622.23 15988.9 74807.5
4 4216.61 16866.5 75804.4
9 4699.59 18798.4 76661.3
5 4857.08 20928.3 76336.7
7 3052.1 13708.4 74776.4
8 8244.52 8244.52 80095.5
7 4388.72 4388.72 76249.1
2 7890.42 7890.42 80396.5
3 4689.39 18757.5 77418.5
8 5094.89 5094.89 77763.7
3 1849.52 7398.06 74454.6
5 5616.34 5616.34 78164
0 7667.48 7667.48 80318.6
1 1534.26 6137.06 74616.2
2 4607.27 4607.27 77409.5
69
2 290.669 290.669 66064.8
4 238.928 238.928 66198
3 184.024 184.024 66222.7
5 225.508 225.508 66300
9 508.22 508.22 66417.6
1 627.799 627.799 66698.5
9 2167.96 2167.96 68232.3
0 542.908 2171.63 66687
5 2083.88 2083.88 68387.8
4 2063.1 2063.1 68145.9
0 2278.14 2278.14 68658.5
2 1789.99 7159.94 68439.7
1 1950.36 1950.36 68244.2
0 4094.84 4094.84 70633.2
7 1827.36 7309.42 68311.9
9 3667.86 3667.86 70956.3
6 164.005 164.005 67220.4
8 1265.98 5063.91 68397.3
1 3216.95 3216.95 70306.9
3 1139.67 4558.66 68164.2
4 4413.85 4413.85 71521.1
2 2975.74 2975.74 70225.7
3 9351.89 9351.89 76885.8
0 5101.7 5101.7 72585.9
5 4994.28 4994.28 72598.9
4 2028.28 8113.11 69690.6
5 9057.75 9057.75 77057.3
0 8618.48 8618.48 76466.7
2 4406.89 4406.89 72649.7
5 2081.24 8324.95 70575.7
6 1034.76 4139.02 69509.6
3 1138.53 6054.12 69712.9
4 7713.76 7713.76 76579
7 1224.95 1224.95 70118
2 8815.51 8815.51 78139.2
0 8948.73 8948.73 78219.1
3 2036.48 8145.92 71232.1
8 610.552 2442.21 70377.8
4 8543.37 8543.37 78565.1
7 8443.44 8443.44 78166.7
9 8020.8 8020.8 77931.4
1 2246.28 8985.12 72127.7
6 1577.49 1577.49 72001.6
0 9685.78 9685.78 79980.5
7 1966.76 7867.05 72678.8
3 2418.82 9675.28 72765.6
8 1730.11 1730.11 72316.5
4 9742.57 9742.57 80418.1
2 9738.24 9738.24 80519.8
4 2241.98 8967.93 73274.7
3 7725.38 9225.38 78862.1
0 3264.65 13058.6 74547.7
9 9326.42 10826.4 80377.9
7 8995.5 10495.5 80263.6
9 1662.16 8148.65 73242
3 3256.8 14527.2 74796
0 10410.6 10410.6 81996.7
1 2684.93 10739.7 74398.2
3 8715.56 10215.6 80435
5 3072.06 12288.2 75016.2
4 10716.8 10716.8 82729.7
9 3729.99 14919.9 75950.2
1 6309.22 6309.22 78530.8
5 6897.9 8397.9 79140.5
2 10438.6 10438.6 82827.7
4 2441.87 9767.48 74615
7 2664.27 10657.1 75356.4
2 2250.95 9003.8 75159.5
1 3513.64 14054.5 76446.7
69
3 141.2 141.2 65916.7
4 291.339 1165.36 66233.7
2 153.595 153.595 66287
6 396.645 396.645 66268.5
9 283.324 283.324 66269.2
0 413.31 413.31 66625.6
5 282.45 282.45 66297.7
8 711.322 711.322 66424.5
1 643.599 643.599 66702.4
3 3975.18 3975.18 70056.9
3 1894.07 7576.28 68039.5
9 4257.44 4257.44 70370.3
0 6327.65 6327.65 72536
7 1298.22 1298.22 67643.7
6 2029.4 2029.4 68429.9
5 4228.04 4228.04 70609.1
5 6390.94 6390.94 72626.5
4 1878.61 7514.42 68189.5
2 1440.14 5760.55 67813.3
3 11292.5 11292.5 77657.3
2 10861.4 10861.4 77455.3
9 7565.5 7565.5 74612.8
8 1457.71 1457.71 68542.8
0 10436 10436 77562.2
9 1067.93 5771.7 68304.6
5 974.348 3897.39 68441
0 1550.05 6200.2 68932.9
5 12012.9 12012.9 79425.7
1 997.802 5491.21 68515.7
2 2042.26 8169.04 69703.3
4 2019.94 8079.78 69944.2
1 2108.96 9935.85 70020.2
9 11193.6 11193.6 79647.5
4 9566.54 9566.54 77884.9
7 2177.2 8708.8 70925.1
0 1892.86 7571.45 70504.8
1 3078.1 12312.4 72098
1 7426.85 7426.85 77016.2
2 2479.64 9918.54 72679.7
4 2586.05 10344.2 72042.8
6 4165.07 4165.07 74435.7
3 2105.45 8421.8 72033.2
9 2383.52 9534.09 72502.2
2 8815.5 8815.5 78961.7
7 2978.75 11915 73720.4
3 3112.63 12450.5 73918.8
1 3151.05 14104.2 74465.6
8 3259.64 3259.64 74815.2
4 2800.04 11200.2 73867.3
0 3144.79 12579.2 74177.6
0 8401.79 8401.79 79538.5
5 3761.54 16546.2 75044.6
4 8382.36 8382.36 79433.9
2 9458.99 9458.99 80727.1
2 3385.56 13542.2 74965.4
4 4358.52 17434.1 75897.7
4 9658.02 9658.02 81244.1
7 3803.72 15214.9 75517
0 9391.97 9391.97 81111.4
3 4385.59 17542.4 76329.7
3 9195.24 10695.2 81208
5 4939.37 19757.5 77159.6
7 7428.01 7428.01 79649.6
5 9192.94 10692.9 81435.5
0 10530.5 10530.5 82919.5
0 3344.68 13378.7 75517.8
9 4034.94 16139.8 76727.1
6 3964.25 15857 76872.8
7 4632.42 18529.7 77565.5
61
2 290.669 290.669 66064.8
4 238.928 238.928 66198
3 184.024 184.024 66222.7
5 225.508 225.508 66300
9 508.22 508.22 66417.6
1 627.799 627.799 66698.5
9 2167.96 2167.96 68232.3
0 542.908 2171.63 66687
5 2083.88 2083.88 68387.8
4 2063.1 2063.1 68145.9
4 5926.78 5926.78 72307.1
2 1789.99 7159.94 68439.7
5 4068.52 4068.52 70362.3
0 5978.71 5978.71 72517.1
7 1827.36 7309.42 68311.9
7 4058.36 4058.36 71346.8
6 164.005 164.005 67220.4
8 1265.98 5063.91 68397.3
3 5805.6 5805.6 72895.5
3 1139.67 4558.66 68164.2
2 5931.43 5931.43 73038.7
2 2975.74 2975.74 70225.7
7 6768.21 6768.21 74302.1
0 1078.49 4313.97 68596.4
1 780.555 4622.22 68441.6
4 1976.41 7905.64 69900.7
0 2189.65 8758.61 70100.9
1 7895.09 7895.09 76349
4 5975.94 5975.94 74294.3
3 1934.46 7737.85 70682.3
9 1192.25 6269.01 69804.2
1 1499.42 5997.69 70519.3
9 2127.74 8510.97 71323.3
6 515.426 2061.7 70282.6
0 4977.09 4977.09 74998.8
7 6542.87 6542.87 76266.1
9 6686.03 6686.03 76596.6
5 2244.01 8976.05 72125.4
8 566.203 566.203 70990.3
2 4542.16 4542.16 74836.8
1 2368.02 9472.09 73080.1
9 2510.08 10040.3 72856.9
6 1634.99 1634.99 72221.3
4 5370.06 5370.06 76045.5
2 6094.41 6094.41 76876
0 6145.81 6145.81 77401.3
4 7166.3 7166.3 78352.3
2 7913.76 7913.76 79324.3
0 8094.04 8094.04 79398.5
4 8632.29 8632.29 80162.3
5 2876.52 11506.1 74625.3
5 4728.04 4728.04 76352.8
8 6180.69 6180.69 77954.5
9 2775.91 11103.7 74615.4
3 5710.88 5710.88 77756.9
8 7523.4 7523.4 79672.3
8 2205.81 2205.81 74953.9
0 8596.48 8596.48 80918.4
2 8664.71 8664.71 81261.3
3 2427.82 9711.26 75450.1
6 3582.04 3582.04 76635.4
70
2 289.286 1157.14 66050
3 128.83 515.322 65929.7
5 305.807 305.807 66156.2
4 228.495 228.495 66270.2
0 562.309 562.309 66618.5
9 303.073 2712.29 66364.6
7 596.818 2387.27 67094
6 265.698 265.698 66605.1
1 649.338 2597.35 67163.2
2 1553.69 6214.77 67959.1
3 1257.13 5028.51 67728.6
4 3551.43 3551.43 70183.4
4 1696.77 6787.08 68246.5
8 738.832 738.832 67151.9
5 1424.19 5696.75 68038.4
0 3550.46 3550.46 70663.2
9 1197.06 4788.25 68147.8
0 1009.33 4037.32 68399.8
6 916.498 916.498 68001.9
4 4698.21 4698.21 72144.3
1 1708.95 1708.95 69404.4
8 2265.48 2265.48 69856.7
0 9806.54 9806.54 77562.9
4 10767.7 10767.7 78594.7
6 3854.37 3854.37 72470.3
2 1561.74 1561.74 70448.8
2 10363.2 10363.2 79000.7
0 10595.3 10595.3 79493.2
3 909.72 5138.88 69839
9 988.393 988.393 70150.8
6 791.161 3164.65 69916.4
8 2511.62 2511.62 71919.6
7 639.011 2139.01 70665.7
5 1071.92 1071.92 71293.5
6 5259.98 5259.98 75390.3
4 10236 10236 80365.5
9 2032.75 2032.75 72504.1
9 7195.88 7195.88 77396.9
1 961.351 5345.4 71676
3 1387.36 5549.44 71777.9
2 2284.47 9137.86 73191.6
2 10029.2 10029.2 80799.6
0 1915.75 7662.98 73188.3
1 6414.96 6414.96 77349.2
8 9651.31 9651.31 80611.9
3 6278.49 6278.49 77601.6
5 7183.62 7183.62 78518.8
8 7421.05 7421.05 78798
0 10286.5 10286.5 81804.1
4 2185.23 8740.93 74116.7
6 9337.22 9337.22 81518.8
3 1961.02 7844.08 73588.1
8 2069.33 8277.31 73791
1 3139.68 12558.7 75264
1 7384.75 7384.75 79350.6
0 3610.74 14443 75594.9
3 3484 15436 75606.7
9 7100.31 7100.31 79233.7
8 3984.41 15937.6 76768.4
5 1153.02 4612.09 73520.5
6 6163 6163 78593.5
5 4545.74 18183 76978.5
4 9789.37 9789.37 82443.2
4 3766.37 15065.5 76510
7 327.302 2809.21 72936.2
9 2484.32 9937.29 75089.1
7 4246.57 16986.3 77044.4
3 6715.47 6715.47 79581.9
5 7587.8 7587.8 80452.6
2 4311.16 17244.7 77183.6
60
3 141.2 141.2 65916.7
4 291.339 1165.36 66233.7
2 153.595 153.595 66287
6 396.645 396.645 66268.5
9 283.324 283.324 66269.2
0 413.31 413.31 66625.6
5 282.45 282.45 66297.7
8 711.322 711.322 66424.5
1 643.599 643.599 66702.4
1 2638.05 2638.05 68719.7
3 1894.07 7576.28 68039.5
3 3992.33 3992.33 70105.2
4 4012.34 4012.34 70220.7
7 1298.22 1298.22 67643.7
6 2029.4 2029.4 68429.9
9 4091.7 4091.7 70472.8
5 4222.78 4222.78 70458.3
4 1878.61 7514.42 68189.5
2 1440.14 5760.55 67813.3
1 3682.52 3682.52 70047.3
0 3858.89 3858.89 70452.8
7 4934.72 4934.72 71982
8 1457.71 1457.71 68542.8
4 5138.92 5138.92 72265.1
9 1067.93 5771.7 68304.6
5 974.348 3897.39 68441
0 1550.05 6200.2 68932.9
5 9328.38 9328.38 76741.2
0 9760.14 9760.14 77236.3
2 1821.72 1821.72 70122.4
7 4309.33 4309.33 73898.7
0 2984.52 11938.1 73184.6
9 2975.4 13401.6 72432.1
8 4563.97 4563.97 74834.6
1 2095.91 8383.64 72023.7
3 2118.41 8473.65 72237.1
2 7273.92 7273.92 77420.1
1 3089.35 12357.4 73831.1
5 1186.5 4746 71992.7
2 1236.99 4947.97 72551.6
6 5439.13 5439.13 76994.7
4 3144.36 12577.4 74211.6
4 7305.92 7305.92 78464.2
6 793.081 793.081 72569.8
8 6371.77 6371.77 77895.6
9 2823.39 12793.6 74008.7
2 4325.99 17304 75913.7
1 3837.07 15348.3 75798.7
0 4224.42 16897.7 75704
4 4469.44 17877.8 76193.7
0 7239.31 7239.31 79090.3
7 4306.23 4306.23 76166.6
2 6919.92 6919.92 79426
9 3314.24 13256.9 76043.4
8 7620.13 7620.13 80288.9
5 1363.67 5454.69 73968.8
1 5555.13 5555.13 78102.8
4 7643.35 7643.35 80294.5
3 2432.59 9730.38 75514.6
0 8509.09 8509.09 81311.3
59
2 289.286 1157.14 66050
3 128.83 515.322 65929.7
5 305.807 305.807 66156.2
4 228.495 228.495 66270.2
0 562.309 562.309 66618.5
9 303.073 2712.29 66364.6
7 596.818 2387.27 67094
6 265.698 265.698 66605.1
1 649.338 2597.35 67163.2
2 1553.69 6214.77 67959.1
3 1257.13 5028.51 67728.6
4 3551.43 3551.43 70183.4
4 1696.77 6787.08 68246.5
8 738.832 738.832 67151.9
5 1424.19 5696.75 68038.4
0 3550.46 3550.46 70663.2
9 1197.06 4788.25 68147.8
0 1009.33 4037.32 68399.8
6 916.498 916.498 68001.9
4 4698.21 4698.21 72144.3
1 1708.95 1708.95 69404.4
8 2265.48 2265.48 69856.7
0 4983.8 4983.8 72740.1
0 8292.52 8292.52 76119.4
6 3854.37 3854.37 72470.3
2 1561.74 1561.74 70448.8
4 8429.6 8429.6 77067.2
0 9151.92 9151.92 78049.8
3 909.72 5138.88 69839
9 988.393 988.393 70150.8
6 791.161 3164.65 69916.4
7 652.771 2152.77 70006.3
5 719.327 2877.31 69966.6
3 2306.83 2306.83 71833
1 1918.35 7673.41 71427.3
8 2326.73 9306.91 72340.7
8 5469.22 5469.22 75632.5
4 8669.48 8669.48 79030.8
5 1554.33 7717.33 71710.3
7 1592.43 1592.43 72656.7
3 7496.52 8996.52 78947
0 9162.04 9162.04 80320.3
2 1365.82 1365.82 73142.5
8 6440.42 6440.42 77964.3
4 2535.61 10142.5 73720.9
0 2987.86 11951.4 74575.6
9 1151.25 4604.99 73112.9
4 3770.47 15081.9 75250
5 1776.59 8606.38 73500.8
8 9088.7 9088.7 80939.7
5 3113.21 3113.21 74973.6
5 6520.91 8020.91 79027
3 1138.6 4554.38 73867.7
2 6145.72 6145.72 78814.5
9 2483.9 9935.61 75089
3 3624.14 3624.14 76171.8
4 8329.06 8329.06 80980.2
1 1622.76 6491.05 74704.7
2 3618.99 3618.99 76421.2
72
4 231.386 231.386 66044.5
3 132.604 530.416 65941.9
2 250.838 1003.35 66277.7
5 299.855 1199.42 66175.9
9 212.23 848.919 66148.4
0 556.263 2225.05 66467
1 673.715 673.715 66676.6
7 1005.02 1005.02 67038.7
3 1550.85 7703.41 67820.5
2 5854.13 5854.13 71952.9
5 1746.37 6985.48 67724.9
1 2898.94 11595.7 69200.3
9 2039.61 8158.45 68182
3 5814.34 5814.34 72212.4
3 7761.55 7761.55 74210.7
4 5170.24 5170.24 71664.4
5 3063.83 12255.3 69552.8
4 1617.26 6469.03 67978.3
6 317.346 1269.39 67132.9
3 3600.78 14403.1 70228.2
0 1587.43 6349.72 68416.3
8 411.658 7646.63 70245.2
1 7510.2 7510.2 74537.7
8 5194.47 5194.47 72213.5
2 1338.51 5354.06 68541.7
7 1734.59 8438.37 69252.5
4 2060.31 8241.22 69721.3
0 2648.71 10594.8 70573
9 1775.24 8600.98 69686.5
9 9752.2 9752.2 78206.1
2 9187.26 9187.26 77505.6
1 3000.19 12000.7 71748
5 2512.7 11550.8 71124.6
7 2310.36 9241.43 71330.2
6 5781.86 5781.86 75129.7
9 2236.1 8944.41 71814.9
4 6662.62 6662.62 76678.1
6 481.32 1925.28 70394.5
3 7588.37 7588.37 78330.7
5 2184.7 8738.81 72932.8
7 2376.95 2376.95 73483.8
0 1695.64 6782.55 72533.8
9 2543.51 10174.1 73755.9
2 2729.55 10918.2 73894.6
1 7408.04 7408.04 78607.7
5 7417.11 7417.11 78620.3
3 8964.89 8964.89 80302.2
4 7713.06 7713.06 78981.5
8 2631.69 10526.8 73769.9
6 1139.15 4556.59 72699.8
6 5518.01 5518.01 77199.5
0 3625.63 14502.5 75032.5
5 3182.12 14228.5 74473.5
8 4151.7 16606.8 75607.5
8 7781.96 7781.96 79262.5
2 4149.77 16599.1 75696.9
2 7671.3 7671.3 79477.1
5 4349.04 18896.2 76322.3
4 1776.84 7107.35 73991.4
0 7614.83 7614.83 79519.1
1 8580.12 8580.12 80614.3
5 8331.63 8331.63 80129
8 8884.97 8884.97 80811.5
4 8840.08 8840.08 81045.6
1 4134.43 18037.7 76279.1
3 3836.62 16846.5 76346.6
2 8847.83 8847.83 81278.4
0 4642.84 18571.4 77656.5
8 4945.17 19780.7 77322.7
6 7147.21 7147.21 79755.9
9 2950.11 11800.4 75970.3
0 9296.17 9296.17 82058.1
74
2 290.669 290.669 66064.8
4 238.928 238.928 66198
3 184.024 184.024 66222.7
5 225.508 225.508 66300
9 508.22 508.22 66417.6
1 627.799 627.799 66698.5
9 2167.96 2167.96 68232.3
0 542.908 2171.63 66687
5 2083.88 2083.88 68387.8
4 2063.1 2063.1 68145.9
0 2278.14 2278.14 68658.5
2 1789.99 7159.94 68439.7
1 1950.36 1950.36 68244.2
0 4094.84 4094.84 70633.2
7 1827.36 7309.42 68311.9
3 3599.67 3599.67 70888.1
6 164.005 164.005 67220.4
8 1265.98 5063.91 68397.3
9 3205.1 3205.1 70295
3 1139.67 4558.66 68164.2
0 5508.81 5508.81 72616
2 2975.74 2975.74 70225.7
1 2691.2 2691.2 70225.1
7 2779.52 2779.52 70475
6 3033.27 3033.27 70624.5
7 10136.6 11636.6 77892.9
0 11790.7 11790.7 79617.6
8 4249.72 4249.72 72865.7
2 8983.72 8983.72 77870.8
4 11862.8 11862.8 80500.3
2 11668 11668 80565.9
4 1327.08 5308.32 70256.3
1 4901.52 4901.52 74063.9
8 1186.51 4746.05 70311.8
8 5517.48 5517.48 74871
5 1068.69 4274.76 70316
9 5623.39 5623.39 75149.6
9 2808.91 11235.6 72317.8
4 2411.82 9647.29 72425.8
2 1993.05 1993.05 72156.4
8 10697.1 10697.1 81058.4
7 1819.02 8776.09 71975
1 5744.4 5744.4 76808.6
5 8668.47 10168.5 80118.9
1 848.52 3394.08 72060.9
5 955.056 5320.22 72120.1
7 5156.57 5156.57 76356.3
5 6841.91 6841.91 78045.1
3 8065.11 8065.11 79402.4
0 10100.4 10100.4 81368.9
3 2296.49 10686 73434.7
6 1637.61 6550.44 73198.3
6 4009.77 4009.77 75691.3
5 2534.98 11639.9 73941.8
0 2865.38 11461.5 74156.7
3 3816.5 16766 75272.3
4 10836.9 10836.9 82317.4
0 4411.87 17647.5 75959
2 10935.7 10935.7 82741.4
9 5025.17 21600.7 76998.4
2 2268.85 9075.4 74483.4
4 2946.24 2946.24 74850.6
7 7865.28 7865.28 79899.4
9 7248.45 7248.45 79045.8
8 11059.4 11059.4 82985.9
6 7408.07 7408.07 79613.6
7 1691.67 8266.67 73836.3
3 4889.82 21059.3 77399.8
6 9142.15 9142.15 81572.7
4 4682.23 18728.9 77695.9
0 5296.66 21186.6 77674.2
8 5526.78 5526.78 78135.5
5 2728.49 10913.9 75748.7
0 10695.9 10695.9 83457.8
64
4 231.386 231.386 66044.5
3 132.604 530.416 65941.9
2 250.838 1003.35 66277.7
5 299.855 1199.42 66175.9
9 212.23 848.919 66148.4
0 556.263 2225.05 66467
1 673.715 673.715 66676.6
7 1005.02 1005.02 67038.7
3 1550.85 7703.41 67820.5
4 5414.43 5414.43 71513.2
5 1746.37 6985.48 67724.9
1 2898.94 11595.7 69200.3
9 2039.61 8158.45 68182
7 5080.36 5080.36 71478.5
3 5777.34 5777.34 72226.4
2 4627.64 4627.64 71121.8
5 3063.83 12255.3 69552.8
4 1617.26 6469.03 67978.3
6 317.346 1269.39 67132.9
3 3600.78 14403.1 70228.2
0 1587.43 6349.72 68416.3
8 411.658 7646.63 70245.2
7 6390.77 6390.77 73418.3
0 4905.6 4905.6 71924.7
2 1338.51 5354.06 68541.7
4 7522.91 7522.91 75007.1
7 1457.27 1457.27 69061.9
4 1860.63 7442.52 69523
5 8419.18 8419.18 76418.7
0 7440.34 7440.34 75288.5
8 4179.51 4179.51 72422.3
9 1708.89 6835.54 70203.3
6 947.264 3789.06 69422.1
0 1770.16 7080.66 70344.5
4 7968.3 7968.3 76833.5
1 2113.39 2113.39 71006.5
2 5875.55 5875.55 75199.2
8 7324.66 7324.66 76595
6 4254.48 4254.48 73602.3
5 1561.56 6246.25 71140.3
2 7248.72 7248.72 77264.2
6 1259.26 5037.04 71172.4
3 6164.24 6164.24 76906.6
5 2200.42 8801.67 72948.5
9 1781.44 1781.44 72888.3
2 2250.76 9003.06 73088.9
0 5926.82 5926.82 77085.1
6 4824.37 4824.37 76601
8 7408.27 7408.27 78932.1
4 2289.49 9157.95 73474.8
0 2172.4 8689.6 73760.1
3 2626.74 10507 74588.4
5 2998.08 13492.3 74477.7
8 2918.04 11672.1 74642.3
4 6836.55 6836.55 78687.6
1 3185.64 3185.64 75046
0 6584.89 6584.89 79091
7 2723.85 10895.4 75453
2 6988.73 6988.73 79657.5
1 409.53 1638.12 73014.6
1 4802.39 4802.39 77350.1
3 6273.47 7773.47 78924.6
9 2714.42 10857.7 75796.4
8 7878.39 7878.39 80680.6
66
2 290.669 290.669 66064.8
4 238.928 238.928 66198
3 184.024 184.024 66222.7
5 225.508 225.508 66300
9 508.22 508.22 66417.6
1 627.799 627.799 66698.5
9 2167.96 2167.96 68232.3
0 542.908 2171.63 66687
5 2083.88 2083.88 68387.8
4 2063.1 2063.1 68145.9
4 5926.78 5926.78 72307.1
2 1789.99 7159.94 68439.7
5 4068.52 4068.52 70362.3
0 5978.71 5978.71 72517.1
7 1827.36 7309.42 68311.9
7 4058.36 4058.36 71346.8
6 164.005 164.005 67220.4
8 1265.98 5063.91 68397.3
5 5335.11 5335.11 72425
3 1139.67 4558.66 68164.2
2 5931.43 5931.43 73038.7
2 2975.74 2975.74 70225.7
5 9177.75 9177.75 76711.6
0 1078.49 4313.97 68596.4
1 780.555 4622.22 68441.6
4 1976.41 7905.64 69900.7
0 2189.65 8758.61 70100.9
9 8910.89 8910.89 77364.8
4 8592.4 8592.4 76910.7
3 1934.46 7737.85 70682.3
9 1192.25 6269.01 69804.2
1 1499.42 5997.69 70519.3
6 2106.53 2106.53 71454.3
9 1812.94 7251.77 71391.7
8 3672.46 3672.46 73688
8 297.608 1190.43 70210.8
5 7953.43 7953.43 78695.8
9 2451.8 9807.2 73199.9
1 6356.4 6356.4 77463.3
1 1648.29 8093.15 72486.5
2 5465.8 5465.8 76426.4
3 8220.31 8220.31 79543.4
9 8112.24 8112.24 79447.4
6 5955.3 5955.3 77332.3
0 6737.87 6737.87 78255.4
4 2678.06 10712.3 74609.5
8 7215.84 7215.84 79397.4
5 3103.65 12414.6 74730.7
3 1366.29 6965.17 73088
1 3086.6 12346.4 75210.9
5 8731.37 8731.37 80697.3
0 2501.24 10004.9 74485.4
2 2934.54 11738.2 75057.2
1 8717.94 8717.94 80851.3
6 2518.66 10074.7 75302.6
7 1228.46 4913.82 73596
2 6630.84 6630.84 79061.4
9 2784.93 11139.7 75217.7
4 6458.09 6458.09 79111.9
8 3810.55 15242.2 76554.2
7 2978.82 13415.3 75587.7
3 2104.74 8418.97 74709.5
3 3947.4 15789.6 76745.2
9 8583.83 8583.83 81450.3
3 8470.25 8470.25 81335.1
0 3565.87 14263.5 76438.3
55
4 231.386 231.386 66044.5
3 132.604 530.416 65941.9
2 250.838 1003.35 66277.7
5 299.855 1199.42 66175.9
9 212.23 848.919 66148.4
0 556.263 2225.05 66467
1 673.715 673.715 66676.6
7 1005.02 1005.02 67038.7
3 1550.85 7703.41 67820.5
4 3869.75 3869.75 69968.5
5 1746.37 6985.48 67724.9
1 2898.94 11595.7 69200.3
9 2039.61 8158.45 68182
9 4200.43 4200.43 70598.5
3 5777.34 5777.34 72226.4
0 4429.92 4429.92 70924
5 3063.83 12255.3 69552.8
4 1617.26 6469.03 67978.3
6 317.346 1269.39 67132.9
3 3600.78 14403.1 70228.2
0 1587.43 6349.72 68416.3
8 411.658 7646.63 70245.2
9 9477.07 9477.07 76504.6
2 4674.59 4674.59 71693.6
2 1338.51 5354.06 68541.7
4 4445 4445 71921.2
7 2677.22 4177.22 70977.9
1 1807.8 3307.8 71155.6
5 1561.56 6246.25 71140.3
0 5259.23 5259.23 75274.8
6 481.32 1925.28 70394.5
5 6584.79 6584.79 77327.2
9 1828.65 7314.61 72576.7
7 2392.78 2392.78 73499.7
8 1771.39 7085.58 72609.6
5 1861.24 8944.98 72894
4 4791.15 4791.15 75927.9
2 2372.45 9489.79 73655.5
2 5871.82 5871.82 76923.3
0 6373.67 6373.67 77641.7
0 1629.87 6519.49 73209.7
4 2412.36 9649.46 73951.6
4 6152.06 6152.06 77738.2
3 2453.89 9815.55 74167.2
2 6776.75 6776.75 78496.2
9 2620.64 10482.5 74564.8
0 7940.54 7940.54 79953.3
5 2788.76 11155 75009
1 4393.7 4393.7 76615.3
4 7938.08 7938.08 80180.7
2 7915.25 7915.25 80304.3
2 2822.64 11290.6 74995.8
1 1141.08 4564.31 73833.2
8 2531.76 10127.1 75440.3
3 3282.59 13130.4 76215.7
63
4 231.386 231.386 66044.5
3 132.604 530.416 65941.9
2 250.838 1003.35 66277.7
5 299.855 1199.42 66175.9
9 212.23 848.919 66148.4
0 556.263 2225.05 66467
1 673.715 673.715 66676.6
7 1005.02 1005.02 67038.7
3 1550.85 7703.41 67820.5
8 6107.98 6107.98 72206.7
5 1746.37 6985.48 67724.9
1 2898.94 11595.7 69200.3
9 2039.61 8158.45 68182
9 4200.43 4200.43 70598.5
5 6629.9 6629.9 73079
4 5574.29 5574.29 72068.4
5 3063.83 12255.3 69552.8
4 1617.26 6469.03 67978.3
6 317.346 1269.39 67132.9
3 3600.78 14403.1 70228.2
0 1587.43 6349.72 68416.3
8 411.658 7646.63 70245.2
3 9277.44 9277.44 76305
0 5539.54 5539.54 72558.6
2 1338.51 5354.06 68541.7
2 5595.82 5595.82 73342.4
4 2198.78 8795.13 70198.2
7 1097.43 1097.43 69110.2
9 8507.6 8507.6 76530.7
6 2008.61 2008.61 70938.1
0 1831.81 7327.23 70438
2 2888.01 11552 71340.9
6 4004.21 4004.21 73082.3
4 5132.47 5132.47 74151.7
5 1876.36 7505.44 71071.9
7 2620.86 11983.4 72388.1
0 4522.97 4522.97 74544.7
5 8006.64 8006.64 77729.9
1 7671.42 7671.42 77582
3 2267.64 9070.57 72149.1
6 5150.24 5150.24 75574.3
8 3768.43 3768.43 74063.1
1 1049.07 4196.28 71761.1
9 2227.57 8910.27 72574.3
7 4583.74 6083.74 75170.1
2 4418.15 4418.15 75093.6
8 5320.68 5320.68 76102.3
0 5691.7 5691.7 76947.2
2 6214.39 6214.39 77400.4
8 7140.03 7140.03 78550.6
0 7639.92 7639.92 78944.4
2 7680.38 7680.38 79210.4
9 2849.7 11398.8 74598.4
3 6475.11 6475.11 78099.9
8 9125.01 9125.01 80898.8
3 2182.56 8730.25 74022.1
9 6294.72 6294.72 78340.7
4 7104.71 7104.71 79253.6
1 1816.51 3316.51 74564.6
0 8142.37 8142.37 80464.3
2 8404.69 8404.69 81001.3
5 2405.98 9623.94 75428.3
4 3675.07 3675.07 76728.4
59
2 289.286 1157.14 66050
3 128.83 515.322 65929.7
5 305.807 305.807 66156.2
4 228.495 228.495 66270.2
0 562.309 562.309 66618.5
9 303.073 2712.29 66364.6
7 596.818 2387.27 67094
6 265.698 265.698 66605.1
1 649.338 2597.35 67163.2
2 1553.69 6214.77 67959.1
3 1257.13 5028.51 67728.6
0 4164.07 4164.07 70796.1
4 1696.77 6787.08 68246.5
8 738.832 738.832 67151.9
5 1424.19 5696.75 68038.4
2 5824.36 5824.36 72937.1
9 1197.06 4788.25 68147.8
0 1009.33 4037.32 68399.8
6 916.498 916.498 68001.9
0 5310.86 5310.86 72757
0 6805.13 6805.13 74289.3
9 2196.43 2196.43 69801.1
1 1455.8 7323.18 69118.1
5 2079.98 2079.98 70079.5
2 7156.56 7156.56 75004.8
2 1742.66 1742.66 69985.5
3 1670.02 6680.09 70164.5
8 416.765 1667.06 68891.6
4 1220.89 4883.58 69795.3
0 7250.52 7250.52 76115.8
5 3608.97 3608.97 72502
6 5579.52 5579.52 74903.2
2 7486.8 7486.8 76757.2
6 653.709 653.709 70007.3
1 1397.44 5589.76 70644.7
1 2968.94 2968.94 72495.1
7 1543.09 6172.37 71052
4 2193.78 8775.11 72207.8
4 6065.38 6065.38 76228.7
0 7718.07 7718.07 78079.4
9 1145.09 6080.34 71301.1
3 1867.3 1867.3 72931.5
4 7798.04 7798.04 79248.5
2 7904.18 7904.18 79159.7
3 7236.2 8736.2 78422.2
0 8743.93 8743.93 80154.5
2 9852.41 9852.41 81156.9
4 10025.2 10025.2 81555.2
9 2052.18 8208.71 73800.9
5 3556.38 3556.38 75181.2
6 8148.44 8148.44 79922.2
7 2152.13 8608.54 73991.6
9 3752.43 3752.43 75798.4
4 2119.97 2119.97 74268.9
6 4262.45 4262.45 77010.6
6 9660.09 9660.09 81982
0 9485.28 9485.28 82081.9
1 1516.74 6066.94 74539
2 10884.7 10884.7 83938.1
73
3 141.2 141.2 65916.7
4 291.339 1165.36 66233.7
2 153.595 153.595 66287
6 396.645 396.645 66268.5
9 283.324 283.324 66269.2
0 413.31 413.31 66625.6
5 282.45 282.45 66297.7
8 711.322 711.322 66424.5
1 643.599 643.599 66702.4
1 2638.05 2638.05 68719.7
3 1894.07 7576.28 68039.5
3 3992.33 3992.33 70105.2
4 4012.34 4012.34 70220.7
7 1298.22 1298.22 67643.7
6 2029.4 2029.4 68429.9
9 4091.7 4091.7 70472.8
5 4222.78 4222.78 70458.3
4 1878.61 7514.42 68189.5
2 1440.14 5760.55 67813.3
1 3682.52 3682.52 70047.3
0 3858.89 3858.89 70452.8
7 4934.72 4934.72 71982
8 1457.71 1457.71 68542.8
4 5138.92 5138.92 72265.1
9 1067.93 5771.7 68304.6
5 974.348 3897.39 68441
0 1550.05 6200.2 68932.9
3 4623.67 4623.67 72036.5
0 4508.98 4508.98 71985.1
2 1821.72 1821.72 70122.4
5 2406.35 3906.35 71814.4
6 1134.87 1134.87 71161.6
7 4078.96 4078.96 74300.5
2 4755.98 4755.98 74886.3
2 9454.48 9454.48 79583.9
3 6189.86 6189.86 76661.2
1 7456.22 7456.22 77657.3
2 1949.02 7796.07 72663.6
1 1595.68 6382.74 71986.3
8 1039.07 4156.29 71946.2
0 8876.61 8876.61 79647.1
9 1461.86 7347.46 72734.4
9 7962.91 7962.91 78897.1
5 2594.77 10379.1 73807.2
0 2624.19 10496.8 73789.3
5 8247.29 8247.29 79447
1 8284.45 8284.45 79487.6
3 8751.66 8751.66 80089
6 8955.5 8955.5 80224
1 2404.42 11117.7 73542.6
6 1906.22 7624.87 73466.9
8 2757.74 2757.74 74439.2
3 2451.35 11305.4 73858.2
4 2900.23 11600.9 74191.6
9 3614.75 15959 75070.6
0 9983.58 9983.58 81464.1
0 4044.42 16177.7 75591.6
4 9726.06 9726.06 81531.8
4 4067.15 16268.6 76040.4
5 3872.48 16989.9 76087
2 5378.41 5378.41 77282.7
9 8869.52 8869.52 80903.7
5 9158.33 9158.33 80955.7
6 10384.6 10384.6 82311.1
2 9442.48 9442.48 81648
9 4667.3 20169.2 76811.9
0 5209.05 20836.2 77719
4 10902.6 10902.6 83333.2
4 5797.52 23190.1 78811.2
6 5785.91 23143.6 78163.4
6 3414.57 3414.57 76023.3
1 2329.24 9316.95 75349.4
0 10252 10252 83013.9
59
3 141.2 141.2 65916.7
4 291.339 1165.36 66233.7
2 153.595 153.595 66287
6 396.645 396.645 66268.5
9 283.324 283.324 66269.2
0 413.31 413.31 66625.6
5 282.45 282.45 66297.7
8 711.322 711.322 66424.5
1 643.599 643.599 66702.4
1 2638.05 2638.05 68719.7
3 1894.07 7576.28 68039.5
3 3992.33 3992.33 70105.2
4 4012.34 4012.34 70220.7
7 1298.22 1298.22 67643.7
6 2029.4 2029.4 68429.9
9 4091.7 4091.7 70472.8
5 4222.78 4222.78 70458.3
4 1878.61 7514.42 68189.5
2 1440.14 5760.55 67813.3
1 3682.52 3682.52 70047.3
0 5378.04 5378.04 71972
7 4934.72 4934.72 71982
8 1457.71 1457.71 68542.8
4 5138.92 5138.92 72265.1
9 1067.93 5771.7 68304.6
5 974.348 3897.39 68441
0 1550.05 6200.2 68932.9
5 7293.51 7293.51 74706.3
2 5749.42 5749.42 73225.6
2 1821.72 1821.72 70122.4
0 1256.52 11026.1 70452.1
6 895.148 3580.59 70662.4
0 3936.35 3936.35 73958.1
3 6488.79 6488.79 76212
5 2528.94 2528.94 72439.6
1 2086.72 8346.88 71968.1
8 545.84 545.84 70969.9
4 3826.79 3826.79 74121.5
3 2171.98 8687.91 72884
9 2101.81 8407.23 72448.6
6 2014.71 2014.71 72601.1
2 4301.37 4301.37 74976.9
0 5215.64 5215.64 75997.2
4 5268.49 5268.49 76524
2 6097.61 6097.61 77283.6
9 5493.39 6993.39 76903.9
0 7005.38 7005.38 78309.9
4 6991.5 6991.5 78521.5
1 2719.23 10876.9 74468
1 4570.75 4570.75 76195.5
2 7474.32 7474.32 79248.1
9 2367.64 9470.55 74207.1
5 4470.33 4470.33 76516.3
0 8247.54 8247.54 80396.5
6 8097.46 8097.46 80845.6
4 7719.44 7719.44 80041.4
2 8572.73 8572.73 81169.4
7 2928.05 11712.2 75950.4
0 9583.11 9583.11 82636.5
80
3 141.2 141.2 65916.7
4 291.339 1165.36 66233.7
2 153.595 153.595 66287
6 396.645 396.645 66268.5
9 283.324 283.324 66269.2
0 413.31 413.31 66625.6
5 282.45 282.45 66297.7
8 711.322 711.322 66424.5
1 643.599 643.599 66702.4
3 3975.18 3975.18 70056.9
3 1894.07 7576.28 68039.5
9 4257.44 4257.44 70370.3
2 6004.9 6004.9 72213.3
7 1298.22 1298.22 67643.7
6 2029.4 2029.4 68429.9
5 4228.04 4228.04 70609.1
3 5838.68 5838.68 72074.2
4 1878.61 7514.42 68189.5
2 1440.14 5760.55 67813.3
5 5571.91 5571.91 71936.7
4 5410.08 5410.08 72004
7 6355.94 6355.94 73403.2
8 1457.71 1457.71 68542.8
6 13047.7 13047.7 80173.9
9 1067.93 5771.7 68304.6
5 974.348 3897.39 68441
0 1550.05 6200.2 68932.9
5 8633.02 8633.02 76045.8
1 997.802 5491.21 68515.7
2 2042.26 8169.04 69703.3
4 2019.94 8079.78 69944.2
1 2108.96 9935.85 70020.2
3 9169.09 9169.09 77623
4 13335.8 13335.8 81654.1
7 2177.2 8708.8 70925.1
0 1892.86 7571.45 70504.8
1 3078.1 12312.4 72098
4 6016.37 6016.37 75424.4
6 1134.87 1134.87 71161.6
1 4353.52 4353.52 74575.1
0 5404.06 5404.06 75534.4
2 11922 11922 82051.4
7 5369.92 5369.92 75841.3
7 9352.9 9352.9 79554
0 2597.1 10388.4 73311.7
9 1918.63 7674.54 72309.2
8 1039.07 4156.29 71946.2
6 11331.5 11331.5 82101.9
4 2795.76 11183.1 74068.3
5 8458.37 8458.37 79392.6
5 2560.13 10240.5 73772.5
2 2989.94 11959.8 74155
3 8739.42 8739.42 79939.1
1 8744.09 8744.09 79947.3
1 6660.47 6660.47 77997.8
0 11811.1 11811.1 83079.5
9 2727.37 12409.5 73865.5
6 1906.22 7624.87 73466.9
8 2757.74 2757.74 74439.2
2 4569.87 18279.5 75976.7
4 6212.76 24851 77504.1
2 6358.57 25434.3 77814.4
3 10340.1 11840.1 81820.6
5 6301 26704 77848.2
4 11819.8 11819.8 83625.6
4 7379.68 29518.7 79352.9
3 2139.53 10058.1 74354.1
0 6026.5 6026.5 77930.8
5 9364.98 9364.98 81399.1
9 8015.65 8015.65 79813
6 11724.4 11724.4 83650.9
2 11910 11910 84115.5
9 5582.65 23830.6 77727.3
2 7431.88 29727.5 79941.8
0 12450.3 12450.3 84880.9
0 7762.48 31049.9 80776.1
6 5752.01 23008 78129.5
6 3414.57 3414.57 76023.3
9 2652.19 10608.7 75672.4
3 10875.7 12375.7 83637.6
71
4 231.386 231.386 66044.5
3 132.604 530.416 65941.9
2 250.838 1003.35 66277.7
5 299.855 1199.42 66175.9
9 212.23 848.919 66148.4
0 556.263 2225.05 66467
1 673.715 673.715 66676.6
7 1005.02 1005.02 67038.7
3 1550.85 7703.41 67820.5
4 5414.43 5414.43 71513.2
5 1746.37 6985.48 67724.9
1 2898.94 11595.7 69200.3
9 2039.61 8158.45 68182
7 5080.36 5080.36 71478.5
5 5110.75 5110.75 71559.9
2 4627.64 4627.64 71121.8
5 3063.83 12255.3 69552.8
4 1617.26 6469.03 67978.3
6 317.346 1269.39 67132.9
3 3600.78 14403.1 70228.2
0 1587.43 6349.72 68416.3
8 411.658 7646.63 70245.2
7 6390.77 6390.77 73418.3
0 4905.6 4905.6 71924.7
2 1338.51 5354.06 68541.7
0 9695.28 9695.28 77179.4
7 1457.27 1457.27 69061.9
4 1860.63 7442.52 69523
7 9447.87 9447.87 77447.4
4 9947.09 9947.09 77795.3
6 6812.03 6812.03 75054.9
9 1708.89 6835.54 70203.3
6 947.264 3789.06 69422.1
0 1770.16 7080.66 70344.5
2 9640.25 9640.25 78505.5
1 2113.39 2113.39 71006.5
2 6377.07 6377.07 75700.7
4 6457.22 6457.22 75727.6
8 8958.73 8958.73 78366.8
6 1866.78 1866.78 71893.5
1 3262.02 3262.02 73483.6
6 7279.7 7279.7 77410
0 8820.8 8820.8 78950.3
1 5486.96 5486.96 75958.3
9 8332.68 8332.68 78533.7
8 2263.89 9055.56 72978.5
3 1776.61 7106.42 72167.2
9 2039 9656.02 72946.2
4 8823.75 8823.75 79594.2
4 2502.27 10009.1 73774.9
3 7463.5 7463.5 78397.7
5 2168.62 10174.5 73201.4
2 9218.24 9218.24 80355
0 2603.46 10413.8 73886.5
0 9985.92 9985.92 81037.4
8 8946.84 8946.84 80214.9
2 1827.59 7310.35 73407.4
3 2658.39 12133.6 74197.6
4 9818.38 9818.38 81404.5
5 3428.82 13715.3 75142.1
2 10208.4 10208.4 81927.9
7 3462.18 13848.7 75406.3
8 10784.8 10784.8 82797.6
3 4092.33 16369.3 76312.5
1 6896.84 6896.84 79118.5
0 10772 10772 83014.6
4 11323.3 11323.3 83712.3
0 3053.65 12214.6 75226.8
9 2998.75 11995 75690.9
8 2507.09 10028.4 75415.7
5 4257.53 17030.1 77190.6
63
3 141.2 141.2 65916.7
4 291.339 1165.36 66233.7
2 153.595 153.595 66287
6 396.645 396.645 66268.5
9 283.324 283.324 66269.2
0 413.31 413.31 66625.6
5 282.45 282.45 66297.7
8 711.322 711.322 66424.5
1 643.599 643.599 66702.4
3 3975.18 3975.18 70056.9
3 1894.07 7576.28 68039.5
9 4257.44 4257.44 70370.3
2 6004.9 6004.9 72213.3
7 1298.22 1298.22 67643.7
6 2029.4 2029.4 68429.9
5 4228.04 4228.04 70609.1
9 6152.09 6152.09 72387.6
4 1878.61 7514.42 68189.5
2 1440.14 5760.55 67813.3
5 5571.91 5571.91 71936.7
4 5410.08 5410.08 72004
5 7074.4 7074.4 74121.7
8 1457.71 1457.71 68542.8
0 5337.91 5337.91 72464.1
9 1067.93 5771.7 68304.6
5 974.348 3897.39 68441
0 1550.05 6200.2 68932.9
1 9464.76 9464.76 76877.6
1 997.802 5491.21 68515.7
2 2042.26 8169.04 69703.3
4 2019.94 8079.78 69944.2
1 2108.96 9935.85 70020.2
9 8670.85 8670.85 77124.8
2 7720.44 7720.44 76038.8
7 2177.2 8708.8 70925.1
0 1892.86 7571.45 70504.8
1 3078.1 12312.4 72098
6 2270.78 2270.78 71618.6
3 2455.79 9823.14 72034.6
4 6099.96 6099.96 76115.5
8 1046.94 4187.75 70960.1
3 7169.01 7169.01 77911.4
7 2970 11880 73718.1
7 6898.29 6898.29 78005.2
4 3088.1 12352.4 73926.3
0 5018.41 5018.41 76176.7
8 2140.79 2140.79 73917.5
6 4889.55 4889.55 76413.4
3 2425.84 11203.3 73611.1
2 2642.38 10569.5 74230.1
9 2927.29 11709.1 74888.9
0 2900.57 11602.3 74380.1
3 3868.92 16975.7 75593.2
2 6041.78 6041.78 77892.8
9 6737.11 6737.11 78597.5
0 5676.49 5676.49 78182.6
7 3023.64 12094.6 75752.8
4 5849.74 5849.74 78518.5
1 1501.03 6004.12 74106.1
1 6157.26 6157.26 78704.9
6 6565.62 6565.62 79216.8
5 4317.17 17268.7 77399.1
6 1279.43 1279.43 74081.7
67
3 141.2 141.2 65916.7
4 291.339 1165.36 66233.7
2 153.595 153.595 66287
6 396.645 396.645 66268.5
9 283.324 283.324 66269.2
0 413.31 413.31 66625.6
5 282.45 282.45 66297.7
8 711.322 711.322 66424.5
1 643.599 643.599 66702.4
3 3975.18 3975.18 70056.9
3 1894.07 7576.28 68039.5
9 4257.44 4257.44 70370.3
0 6327.65 6327.65 72536
7 1298.22 1298.22 67643.7
6 2029.4 2029.4 68429.9
5 4228.04 4228.04 70609.1
5 6390.94 6390.94 72626.5
4 1878.61 7514.42 68189.5
2 1440.14 5760.55 67813.3
9 10314.3 10314.3 76679.1
0 9423.55 9423.55 76017.5
9 7565.5 7565.5 74612.8
8 1457.71 1457.71 68542.8
2 10032.2 10032.2 77158.4
9 1067.93 5771.7 68304.6
5 974.348 3897.39 68441
0 1550.05 6200.2 68932.9
5 9343.69 9343.69 76756.5
1 997.802 5491.21 68515.7
2 2042.26 8169.04 69703.3
4 2019.94 8079.78 69944.2
1 2108.96 9935.85 70020.2
7 9470.03 9470.03 77923.9
0 9507.81 9507.81 77826.1
7 2177.2 8708.8 70925.1
0 1892.86 7571.45 70504.8
1 3078.1 12312.4 72098
3 8803.87 8803.87 78393.2
2 2479.64 9918.54 72679.7
4 2586.05 10344.2 72042.8
8 7415.75 7415.75 77686.3
3 2105.45 8421.8 72033.2
9 2383.52 9534.09 72502.2
2 8955.03 8955.03 79101.2
7 2978.75 11915 73720.4
3 3112.63 12450.5 73918.8
1 3151.05 14104.2 74465.6
8 3259.64 3259.64 74815.2
4 2800.04 11200.2 73867.3
0 8464.4 8464.4 79622.7
6 793.081 793.081 72569.8
4 6662.61 6662.61 78186.5
0 3312.33 13249.3 74497.6
5 3371.13 14984.5 74958.9
7 3726.47 14905.9 75688.1
2 3719.54 14878.1 75199.1
4 4125.12 16500.5 75849.4
2 9104.24 9104.24 80955.3
9 6632.12 6632.12 78492.5
0 9122.48 9122.48 81628.6
3 3637.96 14551.8 76367.1
4 7910.96 7910.96 80579.8
1 4562.92 18251.7 77168
5 6036.19 6036.19 78583.9
3 8631.89 10131.9 81283.1
6 1629.96 12519.8 74711.9
8 8347.43 8347.43 81149.7
65
3 141.2 141.2 65916.7
4 291.339 1165.36 66233.7
2 153.595 153.595 66287
6 396.645 396.645 66268.5
9 283.324 283.324 66269.2
0 413.31 413.31 66625.6
5 282.45 282.45 66297.7
8 711.322 711.322 66424.5
1 643.599 643.599 66702.4
1 2638.05 2638.05 68719.7
3 1894.07 7576.28 68039.5
3 3992.33 3992.33 70105.2
0 4755.82 4755.82 70964.2
7 1298.22 1298.22 67643.7
6 2029.4 2029.4 68429.9
9 4091.7 4091.7 70472.8
5 4222.78 4222.78 70458.3
4 1878.61 7514.42 68189.5
2 1440.14 5760.55 67813.3
1 3682.52 3682.52 70047.3
4 5663.07 5663.07 72257
3 5242.84 5242.84 72290.1
8 1457.71 1457.71 68542.8
2 8622.61 8622.61 75748.8
9 1067.93 5771.7 68304.6
5 974.348 3897.39 68441
0 1550.05 6200.2 68932.9
7 9804.17 9804.17 77217
5 4619.81 4619.81 72315.3
2 2402.34 2402.34 69993.6
4 9143.03 9143.03 76899.3
2 9865.31 9865.31 77692.2
6 3135.06 3135.06 71751
4 10501.1 10501.1 79388.2
2 10871.8 10871.8 79509.4
0 11662.4 11662.4 80560.3
4 1370.61 5482.46 70299.9
7 4864.27 4864.27 74026.7
7 703.219 4312.88 69828.5
2 2965.15 2965.15 72313
1 2446.24 9784.98 72025
0 5502.23 5502.23 75517.8
8 1046.94 4187.75 70960.1
5 7154.38 7154.38 77896.7
9 1702.89 6811.56 72451
3 3880.29 3880.29 74987.2
0 2490.37 9961.47 73328.5
9 8512.07 10012.1 79670.3
8 2140.79 2140.79 73917.5
0 6325.63 6325.63 77849.5
4 2648.29 10593.1 73833.6
9 2698.71 12294.9 74286.5
1 2031.04 8124.16 73992.7
4 3883.14 15532.6 75362.7
5 2381.56 11026.2 74105.8
5 7899.75 9399.75 79750.8
5 3718.18 3718.18 75578.5
2 9009.16 9009.16 81515.2
9 3592.02 14368.1 76321.2
8 6889.72 6889.72 79558.5
1 3363.69 13454.8 75968.8
3 5770.46 5770.46 78318.1
8 9203.76 9203.76 81854.9
6 811.228 9244.91 73893.2
8 4362.99 4362.99 77165.2
84
3 141.2 141.2 65916.7
4 291.339 1165.36 66233.7
2 153.595 153.595 66287
6 396.645 396.645 66268.5
9 283.324 283.324 66269.2
0 413.31 413.31 66625.6
5 282.45 282.45 66297.7
8 711.322 711.322 66424.5
1 643.599 643.599 66702.4
1 2638.05 2638.05 68719.7
3 1894.07 7576.28 68039.5
3 3992.33 3992.33 70105.2
4 5557.02 5557.02 71765.4
7 1298.22 1298.22 67643.7
6 2029.4 2029.4 68429.9
9 4091.7 4091.7 70472.8
5 4222.78 4222.78 70458.3
4 1878.61 7514.42 68189.5
2 1440.14 5760.55 67813.3
1 3682.52 3682.52 70047.3
0 5407.64 5407.64 72001.6
5 5450.77 5450.77 72498.1
8 1457.71 1457.71 68542.8
2 11569 11569 78695.2
9 1067.93 5771.7 68304.6
5 974.348 3897.39 68441
0 1550.05 6200.2 68932.9
5 7860.37 7860.37 75273.2
4 11693.1 11693.1 79177.2
3 6074.63 6074.63 73679.3
4 2071.81 8287.24 69734.2
1 10201.6 10201.6 78201.1
0 12689.2 12689.2 80537.4
2 1596.81 1596.81 69839.7
7 1655.21 6620.85 70149.6
6 2244.33 8977.33 70719.2
0 1907.32 7629.29 70481.7
2 11794 11794 80659.2
3 6618.48 6618.48 75511.5
6 11639.1 11639.1 80962.7
4 11659.3 11659.3 80929.6
1 2801.53 11206.1 71997.1
8 1008 4032 70775.2
0 12501.8 12501.8 82523.5
9 8416.42 8416.42 78139.7
5 9150.64 9150.64 79061.3
3 2144.56 8578.24 72026
8 2677.3 2677.3 73101.4
2 1926.49 1926.49 72221.2
7 1660.48 6641.9 72372.5
9 2101.81 8407.23 72448.6
8 4453.75 4453.75 75040.1
2 11735 11735 82410.5
4 12187.2 12187.2 82968.8
1 2725.74 10903 73938.1
4 2542.07 10168.3 73707.1
9 8769.34 8769.34 79969
1 8947.41 8947.41 80150.6
5 10130.4 10130.4 81467.7
6 11997.6 11997.6 83266.1
0 2419.75 9679.01 73557.9
6 1463.81 5855.26 73024.5
6 3835.97 3835.97 75517.5
2 3116.51 12466.1 74523.4
9 2697.91 12291.6 73989.2
0 3939.76 15759 75395.6
3 11128.9 12628.9 82609.4
4 3962.29 15849.2 75509.5
8 12243.9 12243.9 84049.7
9 3864.83 16959.3 75838.1
7 2991.05 13464.2 75205.6
6 6765.09 6765.09 78669.4
9 9941.42 9941.42 81975.6
3 8198.44 8198.44 79995.8
2 12571.1 12571.1 84497.6
3 5291.06 6791.06 77496.6
1 3658.01 16132 75802.6
2 4140.85 16563.4 76650.8
8 8898.48 8898.48 81329
0 5005.95 20023.8 78019.6
4 4847.08 19388.3 77224.6
8 6152.24 6152.24 78761
5 4059.83 16239.3 77080
0 11850.6 11850.6 84612.4
66
4 231.386 231.386 66044.5
3 132.604 530.416 65941.9
2 250.838 1003.35 66277.7
5 299.855 1199.42 66175.9
9 212.23 848.919 66148.4
0 556.263 2225.05 66467
1 673.715 673.715 66676.6
7 1005.02 1005.02 67038.7
3 1550.85 7703.41 67820.5
4 3869.75 3869.75 69968.5
5 1746.37 6985.48 67724.9
1 2898.94 11595.7 69200.3
9 2039.61 8158.45 68182
9 4200.43 4200.43 70598.5
5 5110.75 5110.75 71559.9
0 4429.92 4429.92 70924
5 3063.83 12255.3 69552.8
4 1617.26 6469.03 67978.3
6 317.346 1269.39 67132.9
3 3600.78 14403.1 70228.2
0 1587.43 6349.72 68416.3
8 411.658 7646.63 70245.2
9 5510.83 5510.83 72538.4
2 4674.59 4674.59 71693.6
2 1338.51 5354.06 68541.7
4 4445 4445 71921.2
8 4695.58 4695.58 72996.3
2 8099.33 8099.33 77507.4
6 96.2858 96.2858 70123
7 1255.89 1255.89 71477.5
8 5088.6 5088.6 75218.9
0 7756.67 7756.67 77886.1
1 3600.42 3600.42 74071.8
3 7939.41 7939.41 78140.5
1 882.462 5029.85 71597.1
3 1776.61 7106.42 72167.2
6 1438.14 5752.58 72345.3
4 7204.12 7204.12 77974.6
2 2485.39 9941.55 73758
9 7554.66 7554.66 78488.9
2 8360.64 8360.64 79321.2
5 7751.99 7751.99 79075.1
1 8052.81 8052.81 79387.9
0 8069.11 8069.11 79446.1
4 8274.14 8274.14 79791.7
4 1962.04 7848.18 73893.5
6 8870.26 8870.26 81051.8
5 1927.68 7710.71 73554.8
0 1608.01 6432.04 73329.7
3 2086.77 8347.1 74211.1
3 8176.05 8176.05 80141.9
9 2545.74 11682.9 74529.9
0 3653.86 14615.4 75776.5
9 8192.24 8192.24 80325.6
5 3480.92 15423.7 76264.9
7 1337 5347.99 73704.5
6 5373.08 5373.08 77803.6
9 4112.64 16450.6 76545.4
8 5560.25 5560.25 78214.1
2 3407.63 13630.5 76151.3
6 1590.21 6360.84 74199.1
3 3227.85 12911.4 75832.6
1 3953.4 15813.6 76751.2
5 8188.96 8188.96 81055.4
1 8456.99 8456.99 81321.8
4 3303.22 13212.9 76175.7
66
2 289.286 1157.14 66050
3 128.83 515.322 65929.7
5 305.807 305.807 66156.2
4 228.495 228.495 66270.2
0 562.309 562.309 66618.5
9 303.073 2712.29 66364.6
7 596.818 2387.27 67094
6 265.698 265.698 66605.1
1 649.338 2597.35 67163.2
2 1553.69 6214.77 67959.1
3 1257.13 5028.51 67728.6
0 4164.07 4164.07 70796.1
4 1696.77 6787.08 68246.5
8 738.832 738.832 67151.9
5 1424.19 5696.75 68038.4
4 4446.19 4446.19 71558.9
9 1197.06 4788.25 68147.8
0 1009.33 4037.32 68399.8
6 916.498 916.498 68001.9
0 5310.86 5310.86 72757
2 5222.83 5222.83 72707
9 2196.43 2196.43 69801.1
1 1455.8 7323.18 69118.1
5 2079.98 2079.98 70079.5
4 7687.92 7687.92 75536.1
2 1742.66 1742.66 69985.5
3 1670.02 6680.09 70164.5
8 416.765 1667.06 68891.6
4 1220.89 4883.58 69795.3
0 7632.92 7632.92 76498.2
3 3845.84 3845.84 72738.9
2 8012.69 8012.69 77336.3
4 8018.16 8018.16 77288.5
1 1441.71 5766.84 70637.3
6 241.644 966.575 70008.9
0 8462.53 8462.53 78484.2
9 6273.61 6273.61 75996.9
7 7324.28 7324.28 77234.9
9 1740.5 6962.01 71621.9
8 959.5 959.5 71383.6
4 8755.22 8755.22 79049.9
7 1175.21 4700.84 71887.3
5 1708.56 6834.25 72055.3
6 1361.2 1361.2 71947.6
2 8964.25 8964.25 79639.7
0 9741.82 9741.82 80523.4
4 2584.4 10337.6 73617.2
5 8013.94 9513.94 79150.7
5 2734.13 12436.5 74017.2
4 10085.6 10085.6 81137.1
2 10219.8 10219.8 81487.9
1 1266.15 6564.62 72846
2 3198.19 12792.8 74737.4
0 10953.5 10953.5 82539.6
3 3799.15 15196.6 75512.4
4 10990.5 10990.5 82709.9
9 2088.71 8354.85 74032.9
9 7190.67 8690.67 79203.5
1 3333.98 13335.9 75554.2
3 5059.73 5059.73 77281.3
3 9204.76 10704.8 81447.4
2 11406.7 11406.7 83795.7
0 2361.03 9444.13 74534.2
7 1872.71 7490.86 74564.9
6 3419.89 13679.6 76328.5
5 3252.28 13009.1 76185.4
51
2 289.286 1157.14 66050
3 128.83 515.322 65929.7
5 305.807 305.807 66156.2
4 228.495 228.495 66270.2
0 562.309 562.309 66618.5
9 303.073 2712.29 66364.6
7 596.818 2387.27 67094
6 265.698 265.698 66605.1
1 649.338 2597.35 67163.2
2 1553.69 6214.77 67959.1
3 1257.13 5028.51 67728.6
4 3551.43 3551.43 70183.4
4 1696.77 6787.08 68246.5
8 738.832 738.832 67151.9
5 1424.19 5696.75 68038.4
2 3110.89 3110.89 70223.6
9 1197.06 4788.25 68147.8
0 1009.33 4037.32 68399.8
6 916.498 916.498 68001.9
0 3244.56 3244.56 70690.7
4 4659.92 4659.92 72136.1
8 1285.53 1285.53 69586.2
3 158.023 632.091 69353.6
6 241.644 966.575 70008.9
0 2655.06 2655.06 72676.8
5 304.577 304.577 70027.8
1 188.994 188.994 70099.6
9 147.496 589.984 70028.9
6 1910.95 1910.95 72335
2 1690.28 1690.28 71985
7 1175.21 4700.84 71887.3
3 540.364 2161.46 70887.1
8 1952.97 1952.97 72539.3
2 3162.45 3162.45 73837.9
4 3236.73 3236.73 74018.3
0 3823.79 3823.79 75079.3
3 3321.12 4821.12 74507.1
9 3195.51 4695.51 74606.1
2 4846.11 4846.11 76150.6
4 4795.06 4795.06 76325.1
5 317.694 1270.78 72066.4
9 549.242 549.242 72174
1 4040.19 5540.19 75814
1 190.43 761.719 72029.9
3 651.129 651.129 72697.1
0 4856.17 4856.17 77005.1
6 4832.17 4832.17 77580.3
2 5348.55 5348.55 77670.5
4 5519.36 5519.36 78116
5 1393.4 5573.62 74415.7
0 6191.74 6191.74 79245.1
48
3 162.574 162.574 65884.6
0 532.056 2128.22 66366.6
4 856.912 3427.65 66625.7
5 298.417 1193.67 66129.1
9 350.002 350.002 66407.1
2 310.809 310.809 66491.5
1 499.495 499.495 66446.9
3 1608.83 6435.31 68008.7
4 3144.86 3144.86 69531.4
2 3789.3 3789.3 70241.3
1 1737.63 1737.63 68246.4
5 1421.09 5684.34 67937
9 1480.73 7422.92 68272.2
5 3220.59 3220.59 69927.3
0 1607.5 6429.99 68515.8
7 823.499 823.499 67328.7
7 2388.88 2388.88 69321.7
7 4260.88 4260.88 70976
6 2799.8 2799.8 70310.7
2 1066.79 4267.15 68431.3
4 4007.95 4007.95 71484.1
8 1690.28 1690.28 69991
8 3432.39 3432.39 72785.9
1 525.692 2102.77 69773
3 465.768 465.768 69992
9 786.063 3144.25 70295
0 1546.16 6184.65 71560.1
2 2305.11 2305.11 72468.4
4 3086.41 3086.41 73447.7
1 1360.7 6942.79 71516.7
7 1828.25 1828.25 72892.5
0 3168.34 3168.34 74618.8
5 2545.01 4045.01 73800.5
2 4080.96 4080.96 75267
4 4112.27 4112.27 75522.8
9 4021.77 5521.77 75326.3
0 5395.54 5395.54 76925.5
3 273.29 1093.16 72022
5 128.731 128.731 71753.5
6 1448.6 1448.6 73222.4
9 993.153 3972.61 72832.6
3 1973.54 1973.54 74019.5
6 2791.3 2791.3 74940.2
6 4444.99 4444.99 77193.1
2 4464.9 4464.9 76786.8
4 4853.62 4853.62 77450.3
1 1049.02 4196.07 74071.3
1 4941.31 6441.31 77994.7
50
2 289.286 1157.14 66050
3 128.83 515.322 65929.7
5 305.807 305.807 66156.2
4 228.495 228.495 66270.2
0 562.309 562.309 66618.5
9 303.073 2712.29 66364.6
7 596.818 2387.27 67094
6 265.698 265.698 66605.1
1 649.338 2597.35 67163.2
2 1553.69 6214.77 67959.1
3 1257.13 5028.51 67728.6
4 3551.43 3551.43 70183.4
4 1696.77 6787.08 68246.5
8 738.832 738.832 67151.9
5 1424.19 5696.75 68038.4
0 3550.46 3550.46 70663.2
9 1197.06 4788.25 68147.8
0 1009.33 4037.32 68399.8
6 916.498 916.498 68001.9
1 3065.45 4565.45 70511.6
4 4659.92 4659.92 72136.1
8 1285.53 1285.53 69586.2
6 653.709 653.709 70007.3
3 154.089 616.358 69401.4
5 495.466 495.466 70021.7
9 661.697 2646.79 70170.6
2 363.307 1453.23 70377.3
8 2057.77 2057.77 72221.1
4 3738.39 3738.39 74099.7
3 989.095 5456.38 71145.1
7 357.911 357.911 71422.1
0 3341.95 3341.95 74792.4
4 4882.13 4882.13 76040.4
2 1294.32 1294.32 73071
8 3028.97 3028.97 74552.8
5 412.938 3151.75 71598.2
1 759.317 4537.27 72347.1
9 1369.02 5476.09 73330.7
0 1251.47 5005.87 72731
3 1211.36 6345.43 72935.6
2 5261.1 5261.1 77112.1
3 2547.97 2547.97 74408.3
0 4766.75 4766.75 77272.8
5 903.78 3615.12 73632.9
4 5405.86 5405.86 78074.7
1 1964.26 7857.05 74569.3
9 3087.07 3087.07 75634.8
2 6291.28 6291.28 78942.4
7 482.334 1929.34 73564.3
8 3499.09 3499.09 76301.3
67
2 289.286 1157.14 66050
3 128.83 515.322 65929.7
5 305.807 305.807 66156.2
4 228.495 228.495 66270.2
0 562.309 562.309 66618.5
9 303.073 2712.29 66364.6
7 596.818 2387.27 67094
6 265.698 265.698 66605.1
1 649.338 2597.35 67163.2
2 1553.69 6214.77 67959.1
3 1257.13 5028.51 67728.6
0 4164.07 4164.07 70796.1
4 1696.77 6787.08 68246.5
8 738.832 738.832 67151.9
5 1424.19 5696.75 68038.4
4 4446.19 4446.19 71558.9
9 1197.06 4788.25 68147.8
0 1009.33 4037.32 68399.8
6 916.498 916.498 68001.9
0 5310.86 5310.86 72757
2 5222.83 5222.83 72707
9 2196.43 2196.43 69801.1
1 1455.8 7323.18 69118.1
5 2079.98 2079.98 70079.5
2 8726.28 8726.28 76574.5
2 1742.66 1742.66 69985.5
3 1670.02 6680.09 70164.5
8 416.765 1667.06 68891.6
4 1220.89 4883.58 69795.3
6 9188.03 9188.03 78053.3
9 2740.28 2740.28 71633.3
4 9253.33 9253.33 78577
2 9056.52 9056.52 78326.9
6 1083.97 1083.97 70431.8
1 1126.91 4507.65 70705.7
6 3103.03 3103.03 73118.6
7 279.418 2617.67 70192.6
7 6676.38 6676.38 77418.7
5 1309.65 5238.58 72057.7
3 1742.58 1742.58 72849.5
1 1789.76 8659.05 72627.9
0 7475.59 7475.59 78436.2
1 6335.02 6335.02 77658.1
5 6090.83 6090.83 77426
6 8429.16 8429.16 79806.1
0 8914.59 8914.59 80432.2
4 2108.36 8433.44 74039.8
2 8988.51 8988.51 81170.1
5 2240.82 8963.28 73867.9
2 2785.1 11140.4 74506.8
1 3228.08 12912.3 75352.4
3 5894.06 5894.06 77859.9
0 2764.37 11057.5 74748.5
6 3966.6 15866.4 76089.3
7 7122.11 7122.11 79255.5
9 1979.3 9417.19 74763.2
7 1250.78 5003.14 73618.3
9 6389.38 7889.38 78819.9
5 3452.95 13811.8 75885.7
4 8276.83 8276.83 80930.7
4 3689.5 14758 76433.2
8 1063.69 4254.76 73672.6
3 2829.69 11318.8 75434.5
9 3911.04 15644.2 76708.8
5 6562.42 6562.42 79428.9
1 6584.96 6584.96 79449.8
0 3829 15316 76701.4
53
3 162.574 162.574 65884.6
0 532.056 2128.22 66366.6
4 856.912 3427.65 66625.7
5 298.417 1193.67 66129.1
9 350.002 350.002 66407.1
2 310.809 310.809 66491.5
1 499.495 499.495 66446.9
3 1608.83 6435.31 68008.7
4 3144.86 3144.86 69531.4
2 3789.3 3789.3 70241.3
1 1737.63 1737.63 68246.4
5 1421.09 5684.34 67937
9 1480.73 7422.92 68272.2
1 3529.96 3529.96 70236.7
0 1607.5 6429.99 68515.8
7 823.499 823.499 67328.7
9 4314.18 4314.18 71247
5 6012.82 6012.82 72728
6 2799.8 2799.8 70310.7
2 1066.79 4267.15 68431.3
4 3786.36 3786.36 71532.9
7 2107.27 9929.07 70106.7
9 6655.07 6655.07 74667.8
1 8227.34 8227.34 76250.5
8 1640.94 1640.94 70570.4
5 1072.26 5789.02 69678.4
3 981.629 5426.51 69434.5
0 1510 1510 70588.1
6 2791.94 2791.94 71811.2
0 3670.17 3670.17 73018
3 1833.45 7333.79 71412.2
4 3713.22 3713.22 73728.7
8 2407.6 9630.38 72320.8
5 6019.14 6019.14 76761.5
1 1466.78 5867.14 72214.9
7 1153.39 1153.39 72260.3
2 1325.37 5301.49 72163.5
2 3539.47 3539.47 74795
8 5153.53 5153.53 76339.5
0 5077.98 5077.98 76488.5
4 5230.58 5230.58 76535.1
6 5112.26 5112.26 76642.3
3 1687.58 6750.34 73436.3
9 5620.66 5620.66 77245.4
2 5369.38 5369.38 77143.1
1 2133.93 8535.72 73973.4
1 6014.46 6014.46 78060.5
6 2186.57 2186.57 74335.5
8 6370.59 6370.59 79118.7
4 5733.03 5733.03 78055
6 5836.56 5836.56 78433.2
3 2763.29 11053.2 75785.6
0 6190.09 6190.09 79243.5
