44
3 185.349 1685.35 65771.7
4 856.912 3427.65 66625.7
0 168.477 673.908 65881.9
0 451.768 451.768 66431.6
0 286.783 1147.13 66686.7
1 912.052 5148.21 67269.7
2 4774.1 4774.1 71289.1
3 788.173 788.173 67314.7
5 1965.02 1965.02 68691.9
1 3111.78 3111.78 70018.2
2 2381.37 2381.37 69399.1
4 1884.23 1884.23 69305.9
5 6238.77 24955.1 73748.3
0 1032.89 1032.89 68652.2
3 1445.62 2945.62 69184.8
4 2327.59 2327.59 70617.3
5 12329.5 50818.1 81296.9
1 4417.72 5917.72 73886.6
5 7964.1 9464.1 77634.9
2 10362 10362 79921.8
0 525.543 525.543 71075.1
3 808.107 2308.11 71420.3
5 1231.55 1231.55 71641.2
4 10757.2 43028.6 80803.4
2 7037.57 7037.57 77408
3 9566.54 39766.2 79889.1
0 2316.97 2316.97 72672.8
4 1549.54 6198.14 72588.8
4 3653.79 3653.79 77270.2
0 3833.56 3833.56 75324.3
1 747.124 2988.49 72052.8
5 7907.55 31630.2 79496.2
3 4650.41 6150.41 76336.8
2 9995.37 39981.5 81727
3 6361.39 25445.6 78132
4 7347.59 7347.59 79226.9
1 4921.56 6421.56 77676.6
0 6273.2 6273.2 78408.4
1 7661.67 30646.7 80123.3
2 830.801 830.801 73264.1
3 941.79 3767.16 73469.3
1 9954.57 41318.3 82276.1
0 7523.9 30095.6 80185.2
3 9505.15 38020.6 82445.9
44
0 1309.64 5238.58 67061.2
2 134.389 134.389 66153.5
0 281.752 1781.75 66327.2
4 2257.24 2257.24 68835.2
0 364.631 364.631 67093.2
5 617.103 2117.1 67502.5
1 1023.37 1023.37 67899.5
3 7715.3 30861.2 74777.3
4 13139.9 52559.7 80357.9
4 15774.3 63097.1 83058.9
1 13825.1 55300.5 81290.2
3 562.535 562.535 67967.6
2 1532.67 1532.67 69158.8
0 1111.66 1111.66 69207.6
2 2810.04 2810.04 70715.3
5 12142.4 12142.4 80517.7
3 10190.1 40760.3 78909.2
2 3848.73 3848.73 72461.9
5 1121.8 1121.8 70010.2
3 529.482 2117.93 69511.4
1 551.285 551.285 70339.6
4 1954.95 1954.95 71217.6
0 6817.22 27268.9 76244.6
2 8617.64 34470.6 78837.1
4 7625.42 30501.7 77776.1
0 2265.91 2265.91 72324.1
0 10795.2 43180.8 81149.7
3 781.028 781.028 71477.7
5 5677.8 7177.8 76374.6
4 2117.27 8469.09 73244.8
0 7237.9 28951.6 78453.4
2 3206.08 3206.08 74967.2
5 3359.29 3359.29 74425.4
5 935.268 935.268 72348.1
2 5316.08 21264.3 76678.9
1 6716.15 6716.15 78321
4 3756.84 3756.84 75331.4
2 9930.87 39723.5 81579.8
3 1614.95 1614.95 72964.2
1 675.219 675.219 72377.9
3 4605.93 18423.7 76773.6
1 2420.7 2420.7 74971.2
0 1644.99 1644.99 74677.8
3 8866.25 35465 81974.2
44
0 1278.7 5114.8 67151.4
4 1974.93 1974.93 68692.8
0 392.543 1892.54 67017.3
2 679.002 2716.01 67653.8
3 1566.29 7765.14 68333.8
5 2052.99 8211.98 69042.6
5 12528.7 50114.9 79958.6
1 1637.79 1637.79 68920.2
5 7639.69 32058.8 77884.9
0 11615.7 46463 79056.4
2 1677.86 1677.86 69565.9
2 4168.75 4168.75 72232.3
0 604.31 604.31 68825.3
1 13100.5 52402.1 81703.3
2 5282.89 5282.89 74593.5
0 2078.09 2078.09 71251.3
2 9919.43 39677.7 78941.7
2 11271.7 45086.8 80811.9
1 1843.02 3343.02 71359.4
2 13493.8 53975 83113.1
1 9707.61 40330.4 79431.7
3 294.479 294.479 69875.1
4 1939.78 1939.78 72237.1
5 1145.37 4581.47 71190.1
1 7216.71 28866.8 77529.5
4 7849.78 31399.1 77972.6
4 10031.9 40127.6 80794.7
3 2135.51 2135.51 72635.6
3 10442 43267.9 81071.5
3 13969.5 55878.1 85601.6
3 5436.29 21745.1 76742
3 2908.25 11633 74496.9
0 1794.29 1794.29 73480.6
0 9598.84 38395.4 81330.4
1 1383.99 5535.98 73154.6
2 5515.82 5515.82 77395.1
4 3271.99 3271.99 76027
0 3399.09 3399.09 75534.3
1 2614.26 10457 75075.9
5 731.852 2231.85 73165.1
3 6263.48 25053.9 78791
4 11375.2 45500.8 83696.7
0 4649.79 18599.2 77311.1
5 9145.32 36581.3 82086.1
37
3 295.963 2683.85 66113.3
0 1502.61 1502.61 68259
0 509.488 2009.49 67432.9
2 1242.79 1242.79 68399.7
5 787.213 3148.85 68007
4 1257.26 5029.05 68412.6
2 3051.19 12204.7 70546.7
5 12608.7 50434.7 80147.1
3 604.415 2104.41 68133.5
1 2129.09 3629.09 69868.3
0 1280.75 1280.75 69570.5
5 8669.69 36178.7 77637
5 1214.29 1214.29 71002.6
3 1159.41 2659.41 70422.1
0 4826.37 19305.5 74253.7
4 351.268 1405.07 70570.7
2 2499.34 9997.34 72650
0 2628.78 2628.78 72687
3 9076.36 37805.4 79430.8
1 1602.05 1602.05 72298.7
5 3219.46 4719.46 73916.3
3 5558.12 23732.5 76685.7
0 8313.05 33252.2 79528.5
3 1303.74 5214.97 72609.4
1 4498.82 17995.3 76087.5
4 2504.98 2504.98 74191.3
4 6318.55 25274.2 78050.2
5 4065.72 16262.9 75836.3
2 7503.21 7503.21 79382.5
0 4564.75 4564.75 77319.7
4 4109.78 4109.78 76244.9
1 1764.54 7058.16 74226.2
2 2191.73 2191.73 74625
3 2130.94 8523.75 74658.5
4 7753.2 31012.8 80074.7
1 5478.73 23414.9 78140
1 7756.08 31024.3 80696.8
37
0 1278.7 5114.8 67151.4
4 1974.93 1974.93 68692.8
0 392.543 1892.54 67017.3
2 679.002 2716.01 67653.8
3 1566.29 7765.14 68333.8
5 2052.99 8211.98 69042.6
1 13055.6 52222.3 80485.4
1 1637.79 1637.79 68920.2
0 7514.92 30059.7 77760.1
2 8366.75 33467 75807.4
2 2349.99 2349.99 70089.2
0 869.188 869.188 69158.9
2 8640.78 34563.1 77608.1
5 11034.3 45637.1 80574.5
1 1843.02 3343.02 71359.4
0 10127.9 40511.7 79747.3
5 8770 36580 78494.1
3 294.479 294.479 69875.1
4 1939.78 1939.78 72237.1
5 1145.37 4581.47 71190.1
1 7745.11 30980.4 78057.9
5 6150.14 26100.6 76272.9
3 10475.2 43401 81238.1
3 2135.51 2135.51 72635.6
0 424.381 1697.53 71053.9
3 6783.89 27135.6 78415.9
2 2755.25 2755.25 74062.1
2 644.808 644.808 72010.4
4 7356.66 29426.6 79152
0 1131.26 1131.26 73040.4
5 2231.33 2231.33 74327.3
3 2454.65 2454.65 75383.9
1 2950.53 4450.53 75604.3
4 1262.41 1262.41 73817.7
4 4387.21 4387.21 77108.1
1 492.062 492.062 73420.8
2 6576.33 26305.3 79462.5
37
0 1309.64 5238.58 67061.2
2 134.389 134.389 66153.5
0 281.752 1781.75 66327.2
4 2257.24 2257.24 68835.2
0 364.631 364.631 67093.2
5 617.103 2117.1 67502.5
1 1023.37 1023.37 67899.5
3 4678.01 18712.1 71740
4 11520.6 46082.3 78738.6
0 10240.9 40963.6 77525.5
1 4773.46 19093.9 72238.5
3 562.535 562.535 67967.6
0 3298.2 3298.2 70748.4
2 1466.32 1466.32 69201.5
4 5488.08 5488.08 73280.8
1 2494.86 2494.86 70139.9
0 787.129 787.129 68675.1
3 1630.7 6522.79 69926.9
1 7632.34 9132.34 76130
5 1408.45 1408.45 70477
0 7497.63 7497.63 75782
2 8202.05 32808.2 77098.3
4 6621.45 26485.8 75468.5
3 11001.5 45506 79855.5
4 833.259 833.259 70817.3
2 5656.92 5656.92 75249.5
2 1275.3 1275.3 71061.1
3 7194.58 8694.58 77448.4
2 8325.92 33303.7 79559.5
0 1738.73 1738.73 72688.2
5 1194.34 4777.37 72608.7
3 1933.16 7732.65 73312.3
1 6344.52 26878.1 78507.1
3 3641.45 5141.45 75428.1
2 1009.35 1009.35 73169.6
5 1768.87 8575.48 74602.4
5 5798.16 7298.16 78711.9
41
3 295.963 2683.85 66113.3
0 1502.61 1502.61 68259
0 509.488 2009.49 67432.9
2 1242.79 1242.79 68399.7
5 787.213 3148.85 68007
4 1257.26 5029.05 68412.6
2 10532.5 42130 78028
5 8632.38 34529.5 76170.8
3 604.415 2104.41 68133.5
0 11405.7 11405.7 79360.7
1 10630 42519.9 78466.7
4 3269.1 3269.1 71046.1
1 3544.28 14177.1 71255.7
2 2837.4 2837.4 71205.1
1 1149.52 1149.52 69694.8
1 12539.2 51656.8 81325.8
5 1481.87 5927.48 69590.8
3 785.26 785.26 70573.5
0 1378.77 1378.77 70641.4
4 7299.27 29197.1 76726.6
4 10874.1 43496.6 81093.6
2 9980.65 39922.6 80131.3
4 2747.97 2747.97 72806.2
2 12522 50088 82876.5
5 1832.85 1832.85 72529.5
5 7539.59 9039.59 78236.4
0 1541.09 6164.38 72668.6
4 7719.95 30879.8 78935.4
2 2408.18 2408.18 74169.3
1 5383.41 5383.41 76449.5
3 3388.71 3388.71 74801.5
2 4518.18 18072.7 75881.1
3 8671.56 8671.56 80276.5
0 3180.66 3180.66 74755.2
0 10792.3 43169 82441.2
5 2666.77 2666.77 74016
3 909.193 909.193 72611.9
3 4630.15 18520.6 76797.8
1 1172.16 1172.16 73722.7
4 2127.04 2127.04 75159.9
5 7817.07 31268.3 80925.1
48
0 1309.64 5238.58 67061.2
2 134.389 134.389 66153.5
0 281.752 1781.75 66327.2
4 2257.24 2257.24 68835.2
0 364.631 364.631 67093.2
5 617.103 2117.1 67502.5
1 1023.37 1023.37 67899.5
5 9298.32 37193.3 76360.3
0 12116.3 48465.3 79334.3
4 15878 63511.9 83162.6
1 14424.3 57697.2 81889.3
3 562.535 562.535 67967.6
0 3298.2 3298.2 70748.4
2 1466.32 1466.32 69201.5
4 2883.95 2883.95 70676.7
1 2494.86 2494.86 70139.9
0 787.129 787.129 68675.1
3 1630.7 6522.79 69926.9
2 3097.37 3097.37 71595
5 1408.45 1408.45 70477
2 8166.34 8166.34 76450.7
2 10946.2 43784.9 79842.5
4 7836.59 31346.3 76683.6
5 13366.8 54967.2 82220.8
2 12420.2 49680.7 82684.1
2 8406.16 8406.16 77993.6
0 5571.76 22287 75190.7
1 1990.73 1990.73 71789.5
4 9365.69 37462.8 79399.4
3 1985.14 1985.14 71931.8
5 10152.9 40611.7 80129.3
1 3353.49 13414 73103.4
3 9629.76 38519 80015.5
4 3952.41 3952.41 74721.6
3 7276.99 29108 78025.3
0 1835.72 1835.72 73596.9
3 5132.58 5132.58 76198.7
3 2708.55 2708.55 74121.3
0 5539.54 22158.2 76902.4
1 7315.3 7315.3 78920.2
4 1188.72 1188.72 72763.3
0 9813.3 39253.2 81462.3
5 3197.97 3197.97 74547.2
5 927.29 927.29 72630
5 6188.95 24755.8 78356.6
1 3019.85 3019.85 75570.4
2 915.877 915.877 73948.7
3 9596.17 38384.7 82704.2
35
3 185.349 1685.35 65917.7
0 148.255 6593.02 66212.5
1 1519.31 1519.31 68100.4
5 1121.08 1121.08 67911.1
0 312.572 312.572 66599.5
4 1380.79 11523.1 67860.9
1 12521.1 51584.5 79153.4
5 2753.15 12512.6 70074.3
3 768.489 3073.96 67879.6
0 1197.45 1197.45 68558.5
2 343.484 343.484 68082.7
4 1578.73 1578.73 69868.4
3 788.218 4652.87 69755.6
1 1075.87 2575.87 70544.8
2 589.477 589.477 70260.3
3 9908.72 11408.7 79468.5
0 431.864 431.864 70981.5
2 1883.6 1883.6 72495.8
3 2295.17 2295.17 72704.9
4 8436.62 33746.5 78482.9
1 4761.22 6261.22 75131.6
5 7333.04 30832.2 77655.6
5 2019.82 3519.82 72375.7
4 800.679 3202.72 71840
4 2904.93 2904.93 76521.3
0 2142.21 2142.21 73633
5 4237.51 4237.51 75821.5
1 1396.22 1396.22 73260.8
1 5229.91 22419.6 77162.7
0 6372.88 25491.5 77967.1
2 4772.62 4772.62 76827.2
0 3770.1 3770.1 75882.7
3 2078.18 8312.71 74861.5
2 6937.05 27748.2 79788.7
2 2120.72 2120.72 74788
42
0 1278.7 5114.8 67151.4
4 1974.93 1974.93 68692.8
0 392.543 1892.54 67017.3
2 679.002 2716.01 67653.8
3 1566.29 7765.14 68333.8
5 2052.99 8211.98 69042.6
3 12614.8 50459.2 80044.7
1 1637.79 1637.79 68920.2
0 9684.26 38737 79929.4
2 11453 45811.9 78893.7
2 1821.92 1821.92 69272.1
3 9882 11382 77617.1
4 2741.53 2741.53 70534.3
3 2188.89 2188.89 69834
0 877.288 877.288 68765.2
5 10691.7 42767 78987.9
2 3145.73 3145.73 71643.4
3 5908.88 5908.88 74977.4
4 9511.67 9511.67 77796
4 10748.6 42994.4 79644.8
0 6362.66 25450.6 75209.7
4 12845.6 51382.4 81699.6
5 11826.4 48805.6 82090.3
1 8290.81 9790.81 77878.3
0 740.137 2960.55 70359
1 1076.73 1076.73 70875.5
4 2461.96 9847.85 72495.7
5 2602.49 2602.49 72549.1
1 5387.88 21551.5 75364.2
3 1397.89 5591.57 71147.8
5 6557.79 26231.2 76943.6
0 2478.48 2478.48 73247.6
1 8956.6 35826.4 79704.9
5 3398.09 3398.09 74982
1 1726.97 1726.97 73591.6
2 9218.91 36875.6 81151.7
2 5554.07 22216.3 77148.3
2 3573.28 3573.28 75627.9
4 2972.18 2972.18 75084.8
0 11256.9 51027.4 84040.2
1 10355.6 42922.5 83207.2
2 921.391 921.391 73588.7
43
3 185.349 1685.35 65917.7
0 148.255 6593.02 66212.5
1 1519.31 1519.31 68100.4
5 1121.08 1121.08 67911.1
0 312.572 312.572 66599.5
4 1380.79 11523.1 67860.9
2 15394.5 61577.9 82026.7
2 9902.52 39610.1 77223.7
3 768.489 3073.96 67879.6
2 1046.02 1046.02 68407.1
0 471.718 471.718 68359.8
1 2011.96 3511.96 70075.5
4 1313.85 1313.85 69534.8
3 1215.97 4863.9 69818.7
3 9222.5 10722.5 78533.1
5 1163.93 2663.93 70337.1
4 15728.6 62914.3 84750.9
0 836.451 836.451 70305.4
2 1434.13 1434.13 71104.9
5 6557.23 8057.23 76117
2 2799.15 2799.15 73348.7
4 3320.65 3320.65 73932.8
1 2317.68 2317.68 72727.4
1 11327.8 46811.3 81374.1
4 6164.67 6164.67 76535.1
0 10901.5 43606.2 81224.1
4 776.649 776.649 71132.5
2 8155.92 32623.7 79195.2
1 5796.14 7296.14 79412.5
0 1466.13 1466.13 72956.9
0 4160.01 4160.01 75921.1
5 3501.37 3501.37 74567.5
3 170.81 170.81 71583.6
2 3697.61 14790.4 75060.5
1 3126.26 3126.26 74731.2
4 8571.84 8571.84 80146.4
3 9012.05 37548.2 80661
3 2151.56 2151.56 73500.8
5 787.41 787.41 72490.1
5 8282.28 33129.1 80449.9
3 3621.35 3621.35 76171.9
0 5883.46 5883.46 78916.3
5 5310.62 21242.5 78418.6
32
0 1278.7 5114.8 67151.4
4 1974.93 1974.93 68692.8
0 392.543 1892.54 67017.3
2 679.002 2716.01 67653.8
3 1566.29 7765.14 68333.8
5 2052.99 8211.98 69042.6
3 9869.24 39477 77299.1
1 1637.79 1637.79 68920.2
1 8136 34044 78381.2
2 9862.26 39449 77302.9
2 2349.99 2349.99 70089.2
0 869.188 869.188 69158.9
0 10565.8 42263.1 79533.1
3 698.753 2198.75 70167.7
2 5886.76 5886.76 75557.6
0 6324.17 6324.17 75883.9
0 2218.81 2218.81 72768.4
4 1596.9 1596.9 72209.1
1 1280.23 1280.23 71689.9
0 7414.21 29656.8 77460.5
3 2399.54 3899.54 72769.9
2 8737.47 34949.9 79060
5 988.118 2488.12 71344
1 2622.15 11988.6 73661.4
5 5090 6590 78706.4
2 863.446 863.446 72354.2
3 7754.37 31017.5 79133.5
4 8444 33776 80606.5
3 3550.13 5050.13 75336.7
4 3179.1 3179.1 75339.3
5 504.164 3516.66 73337.7
4 4871.07 4871.07 77784.8
45
3 185.349 1685.35 65917.7
0 148.255 6593.02 66212.5
1 1519.31 1519.31 68100.4
5 1121.08 1121.08 67911.1
0 312.572 312.572 66599.5
4 1380.79 11523.1 67860.9
3 10240 42460 76872.3
4 2702.93 10811.7 70024.1
3 768.489 3073.96 67879.6
2 1046.02 1046.02 68407.1
0 9394.72 9394.72 77349.7
1 10016.6 40066.3 77853.3
1 2503.06 4003.06 70280.1
5 1760.56 7042.26 69472
0 465.174 465.174 68832.8
3 2099.93 2099.93 70645.2
5 14902.1 61108.4 83688.7
5 11137 44548.1 79245.9
2 883.74 883.74 70352.7
4 9025.24 9025.24 78696.1
2 10217.6 10217.6 79777.4
2 4271.93 4271.93 74821.5
0 1020.99 1020.99 71633.2
5 1133.52 1133.52 71543.2
0 11375.1 45500.6 81421.4
5 7291.71 8791.71 77662.1
4 10130.6 40522.3 80453.1
2 1594.5 1594.5 71950.3
4 956.339 3825.36 71995.6
4 3060.59 3060.59 76677
0 2793.91 2793.91 74284.7
3 1526.91 6107.64 72832.6
1 2347.97 9391.87 73936.6
2 6002.62 6002.62 77689
4 10995.5 43982 82727.1
1 304.709 1218.83 72075.3
1 8264.24 9764.24 80143.5
3 8688.81 10188.8 81443.8
0 7709.7 7709.7 79844.9
1 3396.25 13585 75857.9
5 1084.95 2584.95 73518.2
3 2354.1 9416.42 74881.6
5 9088.83 37855.3 81410.4
2 8892.91 35571.6 81554.2
1 9313.13 37252.5 82253.9
42
3 185.349 1685.35 65917.7
0 148.255 6593.02 66212.5
1 1519.31 1519.31 68100.4
5 1121.08 1121.08 67911.1
0 312.572 312.572 66599.5
4 1380.79 11523.1 67860.9
5 11180.8 46223.3 77813.1
4 9061.42 36245.7 76382.6
3 768.489 3073.96 67879.6
2 1046.02 1046.02 68407.1
0 1039.03 1039.03 68665.2
4 1911.36 1911.36 70007.3
0 8575.23 8575.23 76480.5
5 2286.52 2286.52 70661.8
3 8873.12 35492.5 77592.2
1 1965.68 3465.68 70578.8
3 1820.65 1820.65 70709.1
1 11689.1 46756.4 80671
2 12235.3 48941 81775.4
0 893.427 893.427 70409.8
4 13584.9 54339.4 83204.2
0 10702.5 42809.9 80426.6
5 4162.11 4162.11 73742.8
2 157.293 157.293 70454.6
5 5691.82 22767.3 75736.6
1 8273.59 33094.3 78586.4
3 10139.2 42056.6 80261.9
4 9110.81 36443.3 79873.6
1 1844.94 1844.94 72345
4 1272.79 5091.14 71902.3
5 10711.1 42844.6 82343.2
0 3075.87 3075.87 74382.7
0 965.421 965.421 72331.1
0 6729.06 26916.2 78524.4
2 1289.84 1289.84 73198.9
3 562.227 562.227 72658.2
3 2527.44 2527.44 75456.6
2 5186.9 5186.9 77840.7
4 1664.05 1664.05 74219.4
1 3949.38 5449.38 76670.2
1 1477.73 1477.73 74406.4
2 6808.87 27235.5 79695.1
41
0 1309.64 5238.58 67061.2
2 134.389 134.389 66153.5
0 281.752 1781.75 66327.2
4 2257.24 2257.24 68835.2
0 364.631 364.631 67093.2
5 617.103 2117.1 67502.5
1 1023.37 1023.37 67899.5
5 2338.49 9353.97 69400.5
4 11195 44780.1 78413
2 11116.5 44466.1 78401.1
1 11793.8 47175 79258.8
3 562.535 562.535 67967.6
2 965.358 965.358 68853.4
2 3456.25 3456.25 71519.8
0 514.15 514.15 68735.1
3 1164.32 4657.29 69767.1
2 4570.39 4570.39 73881
1 491.807 1991.81 69665
2 11465.2 45861 80487.6
4 11802 47207.9 82065.9
3 7887.68 9387.68 77475.2
0 710.021 2840.08 70328.9
1 1821.47 1821.47 71620.3
4 762.918 3051.67 70796.6
5 1211.1 1211.1 71157.7
5 4841.48 19365.9 74817.8
1 3184.23 12736.9 72934.2
3 9079.62 36318.5 79465.4
4 2128.85 2128.85 72898
3 845.392 3381.57 71593.7
3 4084.97 5584.97 75391.8
0 6117.05 6117.05 77482.7
0 8242.01 32968 80037.3
0 1164.19 1164.19 73073.3
5 949.147 949.147 73045.2
1 3535.38 3535.38 76464.6
5 4599.78 6099.78 77253.6
4 3425.78 3425.78 75981.1
2 3936.75 3936.75 76657.6
3 411.474 411.474 73340.2
5 6221.76 26387 79108
33
3 295.963 2683.85 66113.3
0 1502.61 1502.61 68259
0 509.488 2009.49 67432.9
2 1242.79 1242.79 68399.7
5 787.213 3148.85 68007
4 1257.26 5029.05 68412.6
0 10588.4 42353.7 78083.9
3 7178.18 28712.7 74716.6
3 604.415 2104.41 68133.5
2 8571.6 8571.6 76526.6
3 2292.2 9168.78 70128.9
4 3269.1 3269.1 71046.1
1 3544.28 14177.1 71255.7
2 2837.4 2837.4 71205.1
1 1149.52 1149.52 69694.8
1 10353 42911.8 79139.5
5 1481.87 5927.48 69590.8
0 257.081 257.081 70241.1
1 6884.85 8384.85 76477.4
4 3119.97 3119.97 72905.8
3 6604.39 8104.39 76858.2
5 6762.79 28551.2 77996.4
0 2670.02 2670.02 73619.4
5 308.112 1232.45 71722.4
3 977.855 977.855 72561.8
1 2107.16 2107.16 73971.8
4 5270.21 21080.8 77203
5 3940.93 17263.7 75535.1
4 2890.39 2890.39 74945
2 1342.19 1342.19 73454.8
2 7388.46 35553.8 80171.8
0 2773.33 11093.3 75624.9
5 1347.4 2847.4 74014.7
41
3 295.963 2683.85 66113.3
0 1502.61 1502.61 68259
0 509.488 2009.49 67432.9
2 1242.79 1242.79 68399.7
5 787.213 3148.85 68007
4 1257.26 5029.05 68412.6
0 8022.46 32089.8 75517.9
1 15103.1 60412.4 82641.5
3 604.415 2104.41 68133.5
1 8009.71 9509.71 75964.7
3 2292.2 9168.78 70128.9
4 3269.1 3269.1 71046.1
1 3544.28 14177.1 71255.7
0 3422.69 3422.69 71790.3
1 1149.52 1149.52 69694.8
4 13300.4 53201.5 82086.9
5 1481.87 5927.48 69590.8
3 11133.8 46035.2 80674
4 5403.77 5403.77 74920.1
2 13005.1 52020.4 82624.4
1 10407.3 43129.4 80131.4
5 1950.18 1950.18 71530.8
2 857.032 857.032 71154.3
5 3479.89 13919.6 73524.6
3 8280.81 33123.3 78593.6
1 7787.49 32650 77910.3
0 10141.1 40564.5 80903.9
3 1394.98 1394.98 71895.1
0 6783.42 27133.7 77412.9
5 9241 36964 80873
2 7162.02 7162.02 78468.8
4 1601.77 1601.77 72967.4
4 7432.52 29730.1 79227.8
2 1989.57 1989.57 73898.7
1 1508.7 1508.7 73604.7
5 4911.77 4911.77 77841
3 3486.23 4986.23 76140
0 815.678 815.678 73371
4 4463.07 4463.07 77183.9
3 1027.77 1027.77 73956.5
2 7437.03 29748.1 80323.2
28
3 295.963 2683.85 66113.3
0 1502.61 1502.61 68259
0 509.488 2009.49 67432.9
2 1242.79 1242.79 68399.7
5 787.213 3148.85 68007
4 1257.26 5029.05 68412.6
4 3064.02 12256.1 70559.5
3 8635.16 34540.6 76173.5
3 604.415 2104.41 68133.5
1 2129.09 3629.09 69868.3
5 2464.4 3964.4 70754.1
3 966.859 5367.43 69934.2
0 257.081 257.081 70241.1
3 2421.57 3921.57 72014.1
2 1411.26 1411.26 71197.1
2 4960.76 4960.76 75214.6
4 5552.99 22212 76786.6
0 2670.02 2670.02 73619.4
1 700.945 2803.78 72115.3
3 2434.83 2434.83 74018.8
5 2351.9 2351.9 74216.5
5 4314.78 18759.1 76247.6
2 1123.32 4493.29 72717.5
4 2270.77 2270.77 74325.3
0 3756.58 3756.58 75869.2
2 6542.01 32168 79325.3
1 4517.41 19569.7 77369
1 1740.23 3240.23 74407.5
38
3 185.349 1685.35 65917.7
0 148.255 6593.02 66212.5
1 1519.31 1519.31 68100.4
5 1121.08 1121.08 67911.1
0 312.572 312.572 66599.5
4 1380.79 11523.1 67860.9
4 12177.9 48711.7 78810.2
5 11547.2 47688.9 78868.4
3 768.489 3073.96 67879.6
2 1046.02 1046.02 68407.1
0 471.718 471.718 68359.8
1 2011.96 3511.96 70075.5
4 1313.85 1313.85 69534.8
3 1215.97 4863.9 69818.7
2 1969.66 1969.66 71280.3
5 1163.93 2663.93 70337.1
0 9320.92 37283.7 78343.2
4 4134.08 4134.08 74118.1
3 1767.27 3267.27 71359.8
0 729.842 729.842 70515.7
1 2816.01 4316.01 73069.8
1 6224.92 26399.7 77458.5
4 424.24 424.24 71373.7
5 1054.46 4217.85 72468.8
5 5399.5 21598 76705.2
3 1512.53 6050.11 73101.2
0 740.045 740.045 72426.4
3 7658.71 32134.8 79390.3
3 3125.79 12503.1 74896.4
2 2202.58 2202.58 74081.9
2 4037.74 4037.74 76792.7
0 2344.84 2344.84 74480
1 2535.63 10142.5 74997.3
4 3545.39 3545.39 75978.7
5 1990.3 7961.21 74517.8
2 6635.66 26542.7 78957.2
0 3595.55 14382.2 76256.8
3 4512.5 18050 77453.3
38
3 295.963 2683.85 66113.3
0 1502.61 1502.61 68259
0 509.488 2009.49 67432.9
2 1242.79 1242.79 68399.7
5 787.213 3148.85 68007
4 1257.26 5029.05 68412.6
2 3051.19 12204.7 70546.7
1 8628.05 34512.2 76166.4
3 604.415 2104.41 68133.5
1 2129.09 3629.09 69868.3
0 1280.75 1280.75 69570.5
0 10890.8 43563.2 79858.1
5 483.62 1983.62 69952.5
3 640.328 2140.33 70311.1
4 1968.35 1968.35 71528.1
4 8258.6 8258.6 78808.2
2 7891.11 7891.11 78503.3
5 1614.04 1614.04 72023.7
2 11605.2 46420.7 81651.5
1 8380.02 9880.02 78750.4
0 7734.93 30939.7 78057.5
2 5347.11 5347.11 75702.9
0 502.704 2010.81 71542
0 2606.96 2606.96 76223.3
4 4446.26 4446.26 75937
5 6578.83 8078.83 78340
1 3069.08 3069.08 74135.2
1 645.055 645.055 72057.8
5 8688.83 36255.3 80051.7
5 2422.62 2422.62 74027.5
2 1058.7 1058.7 72633.2
3 7041.84 29667.4 78690.8
3 2542.55 2542.55 73891.8
3 271.87 271.87 71974.6
3 9313.42 37253.7 81481.1
3 4012.35 4012.35 76562.9
4 696.476 696.476 73729.3
1 8002.41 32009.7 81110.4
36
3 295.963 2683.85 66113.3
0 1502.61 1502.61 68259
0 509.488 2009.49 67432.9
2 1242.79 1242.79 68399.7
5 787.213 3148.85 68007
4 1257.26 5029.05 68412.6
2 3051.19 12204.7 70546.7
1 8628.05 34512.2 76166.4
3 604.415 2104.41 68133.5
1 2129.09 3629.09 69868.3
0 1280.75 1280.75 69570.5
1 9075.1 37800.4 78042.4
5 1214.29 1214.29 71002.6
3 1159.41 2659.41 70422.1
0 4826.37 19305.5 74253.7
4 351.268 1405.07 70570.7
4 8103.04 32412.2 78253.7
0 2628.78 2628.78 72687
5 9923.98 41195.9 80278.5
3 4615.26 4615.26 75312
0 6478.61 6478.61 77175.4
4 5022.84 20091.4 76150.4
2 8148.98 32595.9 79364.5
4 2362.05 2362.05 74123.2
1 3069.08 3069.08 74135.2
1 645.055 645.055 72057.8
0 8582.51 34330 79945.4
3 7840.18 7840.18 79445.1
2 1058.7 1058.7 72633.2
5 6464.55 27358.2 78113.5
5 1965.26 1965.26 73314.5
3 1178.75 1178.75 72881.5
1 7871.09 31484.3 80038.8
5 3435.05 3435.05 75985.6
2 4122.82 4122.82 77155.7
4 8988.3 41953.2 82096.3
47
3 295.963 2683.85 66113.3
0 1502.61 1502.61 68259
0 509.488 2009.49 67432.9
2 1242.79 1242.79 68399.7
5 787.213 3148.85 68007
4 1257.26 5029.05 68412.6
2 13426.3 53705.3 80921.8
5 9837.28 39349.1 77375.7
3 604.415 2104.41 68133.5
4 4869.55 4869.55 72319.7
3 2506.64 4006.64 70241.8
0 2307.78 2307.78 70100.5
1 1734.04 1734.04 69379.1
2 2125.68 2125.68 70013.6
3 8096.74 32387 76392.9
4 14184.5 14184.5 82682.1
5 2045.52 2045.52 71114.1
0 10527 10527 78811.4
0 11763.9 47055.8 80660.2
1 17357.1 70928.3 86204.1
1 12908 53132.2 81762.1
4 777.497 777.497 70246.4
3 8741.19 10241.2 78412
5 9803.16 11303.2 79362.9
4 6063.86 6063.86 76613.4
2 6450.97 6450.97 77063.1
1 1040.6 1040.6 71450.3
0 12730.6 50922.2 82776.8
4 3820.11 3820.11 74190.5
3 12393.6 51074.2 82716.1
2 1255.46 1255.46 71611.3
2 11854 47416.1 82893.3
0 3252.07 3252.07 76868.5
2 2772.05 2772.05 74262.8
4 7816.57 7816.57 79577.7
5 4278.31 4278.31 75344.4
3 1018.57 1018.57 72431.4
2 7412 29648 78774.9
1 1849.18 1849.18 73454.1
0 612.543 612.543 72187.1
5 13096.1 53884.3 84745
3 2999.32 2999.32 74348.5
5 1564.35 1564.35 73267.1
3 8240.65 32962.6 80408.3
1 4222.97 4222.97 76773.5
1 6637.65 8137.65 79670.5
5 8556.54 34226.2 81664.5
38
3 295.963 2683.85 66113.3
0 1502.61 1502.61 68259
0 509.488 2009.49 67432.9
2 1242.79 1242.79 68399.7
5 787.213 3148.85 68007
4 1257.26 5029.05 68412.6
0 5342.72 21370.9 72838.2
5 11997.2 47988.8 79535.6
3 604.415 2104.41 68133.5
1 1456.95 2956.95 69345
4 3132.81 3132.81 71196.3
0 2470.31 2470.31 70691.3
3 5855.56 23422.2 74458.3
4 4246.94 4246.94 73557.5
5 750.166 2250.17 69923.4
1 12837.4 52849.5 81859.7
2 8772.01 35088 78312.2
3 569.865 2069.87 70086.2
2 10994.1 43976.2 80613.4
5 7301.47 30705.9 77025.6
1 1704.46 1704.46 71285.1
2 857.032 857.032 71154.3
1 7981.31 31925.2 78026.1
3 6061.68 24246.7 76374.5
4 8539.86 34159.4 78662.7
4 5230.14 20920.6 75993
5 1584.2 1584.2 72084.3
0 4103.68 16414.7 74733.2
3 7630.86 30523.4 79262.9
3 935.194 935.194 72519.1
1 2136.53 2136.53 74001.1
1 4099.41 17897.6 76032.2
5 3529.16 15616.6 75123.4
2 4177.26 4177.26 76231.8
2 1291.45 1291.45 73404.1
0 6339.71 31358.8 79123
0 4114.78 16459.1 76966.4
5 935.622 2435.62 73602.9
31
3 185.349 1685.35 65917.7
0 148.255 6593.02 66212.5
1 1519.31 1519.31 68100.4
5 1121.08 1121.08 67911.1
0 312.572 312.572 66599.5
4 1380.79 11523.1 67860.9
4 5468.37 21873.5 72100.6
4 2702.93 10811.7 70024.1
3 768.489 3073.96 67879.6
2 1046.02 1046.02 68407.1
2 2812.08 2812.08 70767.1
1 6011.1 24044.4 73847.8
1 2503.06 4003.06 70280.1
5 1760.56 7042.26 69472
0 465.174 465.174 68832.8
3 2099.93 2099.93 70645.2
2 8914.25 35657 77700.8
1 7678.63 30714.5 75787.5
0 1593.24 1593.24 71577.3
4 6335.63 6335.63 75928.2
2 3137.11 3137.11 72922.9
5 7245.21 8745.21 77499
4 7171.73 28686.9 78405.3
5 361.447 1861.45 71310.9
3 1683.56 6734.23 73097.9
1 473.252 1893.01 71852.4
1 6002.06 25508.2 78164.6
2 3252.08 3252.08 75038.7
0 4046 4046 76206.2
5 471.084 3384.34 73304.6
3 3641.79 5141.79 76555.5
46
0 1309.64 5238.58 67061.2
2 134.389 134.389 66153.5
0 281.752 1781.75 66327.2
4 2257.24 2257.24 68835.2
0 364.631 364.631 67093.2
5 617.103 2117.1 67502.5
1 1023.37 1023.37 67899.5
5 2338.49 9353.97 69400.5
1 11162.8 46151.1 78380.8
2 9715.82 38863.3 77000.4
1 8333.91 33335.6 75798.9
3 562.535 562.535 67967.6
2 965.358 965.358 68853.4
4 4057.17 4057.17 72120.7
0 514.15 514.15 68735.1
3 1164.32 4657.29 69767.1
4 5171.3 5171.3 74481.9
1 491.807 1991.81 69665
4 12124.4 48497.7 81146.8
2 11442.8 45771.2 80983
2 1776.22 1776.22 71292.6
4 13336.1 53344.3 82955.4
2 9178.52 36714.1 78902.6
1 2024.41 2024.41 71605.1
0 1192.4 1192.4 71489.7
1 3554.12 14216.5 73598.9
3 1370.44 5481.75 71683.2
3 11402.5 47109.9 81525.3
5 9294.09 38676.4 80056.9
5 666.575 666.575 71166.7
3 7440.57 31262.3 78070.1
5 12175.6 48702.6 83807.7
3 4483.92 17935.7 75789.6
3 1955.88 7823.52 73544.5
2 1516.93 1516.93 73203.3
2 11525.4 46101.5 83257
5 1191.3 4765.19 72961.9
4 5404.23 5404.23 77283.5
0 6809.49 6809.49 79564.5
2 3121.73 3121.73 75256.9
5 2421.56 9686.25 74883.2
0 1799.2 1799.2 74232.5
5 4619.76 18479 77147.3
0 9407.41 37629.6 81728.9
4 6399.06 25596.2 79060.3
1 8432.28 33729.1 81373
