36
2 143.405 143.405 65729.7
4 856.912 3427.65 66625.7
0 451.768 451.768 66431.6
1 912.052 5148.21 67269.7
6 784.172 784.172 67299.1
3 204.644 204.644 66731.1
11 460.893 460.893 67187.8
5 995.621 995.621 67902.1
8 1262.97 1262.97 68280.7
7 477.318 3409.27 67446.8
0 1745.38 1745.38 69167
6 1784.15 1784.15 69013.2
1 1859.25 7437.01 69368.8
2 509.367 509.367 68128.7
10 498.994 498.994 68238.2
8 1302.44 1302.44 69592.2
4 333.466 1333.87 69300.8
11 247.07 247.07 70424.6
2 487.919 487.919 70715.7
10 274.454 1097.81 71250.2
3 129.863 129.863 71322.9
4 343.456 343.456 71524.1
0 884.747 3538.99 71795
6 438.698 438.698 72075.1
8 439.613 439.613 72019.8
9 332.702 2830.81 71947.2
5 149.929 149.929 71836.3
11 334.802 2839.21 71903
1 272.234 1772.23 72003.7
8 1979.83 1979.83 74277.9
6 2294.52 2294.52 74638.3
0 1128.95 4515.79 73468.9
2 716.608 2866.43 73038.1
10 568.808 2275.23 73717.6
4 1100.72 1100.72 73823.5
3 938.997 3755.99 73879.8
45
0 820.965 3283.86 66918.4
2 313.496 313.496 66257.8
10 481.65 481.65 66634.9
1 662.181 4148.72 67586.3
6 194.261 194.261 66772.2
4 1292.45 5169.82 67990.4
2 1384.46 1384.46 68164.7
10 2023.6 2023.6 68715
11 411.081 411.081 67287.2
5 383.971 1535.88 67446
7 958.632 5334.53 68176.7
3 542.823 2171.29 68563.4
6 121.033 121.033 68230.5
9 316.767 2767.07 68836.9
0 1855.06 1855.06 70335.7
1 1275.86 5103.43 69804.6
4 1090.46 4361.84 69484.5
11 467.541 3370.16 69546.2
8 787.828 787.828 69623.5
5 514.309 514.309 70302.6
6 1350.19 1350.19 70612.8
2 304.058 1216.23 69731.4
7 965.877 5363.51 71185.3
8 1576.12 6304.46 71726.8
2 1457.65 1457.65 71515.9
10 1732.68 6930.72 72087.2
9 434.529 434.529 71131.2
0 1704.57 1704.57 72401.4
4 384.15 1536.6 71511.7
3 987.221 5448.88 72202.7
11 171.444 2185.77 71127.7
6 953.63 953.63 71890.4
4 2267.44 2267.44 73659.2
5 1835.97 1835.97 73055.8
1 438.698 1938.7 71994.1
8 2358.09 2358.09 73776.9
2 2557.12 2557.12 74285.2
0 2858.57 2858.57 74333.7
11 1986.23 1986.23 74051.2
7 3327.26 3327.26 74658.6
9 1432.83 7231.32 73214.4
6 1982.39 1982.39 73975.5
9 3073.25 3073.25 75261.3
10 1909.76 1909.76 74126
5 1993.25 7972.99 74860.7
37
0 471.042 471.042 66957.1
2 41.8641 167.456 66748.9
7 506.053 506.053 67447.9
1 698.265 4293.06 67974.5
6 841.955 3367.82 67831.6
8 400.625 1602.5 70645.8
10 289.332 1157.33 67610.5
4 795.101 3180.41 68405.3
2 1427.76 1427.76 68858.7
3 846.078 846.078 69542.5
10 896.357 896.357 69553.8
0 1097.32 1097.32 69786.2
4 1730.77 1730.77 70882.9
5 274.55 2598.2 69811.4
11 778.213 778.213 70709
1 1090.44 4361.78 71369.3
9 535.727 3642.91 70377.8
6 436.873 436.873 70758.4
7 565.246 3760.99 70993
2 1099.21 4396.83 71342.9
0 925.323 925.323 71298.5
5 1206.08 4824.32 71761.5
3 218.07 872.282 71125.6
10 1465.37 5861.49 72375.6
6 1346.83 1346.83 72983.3
7 1416.55 2916.55 72996.7
9 616.241 3964.96 72230.7
11 1251.98 1251.98 72938.3
4 793.054 3172.22 72361.2
8 2482.21 2482.21 74213.7
10 2942.24 2942.24 75240.3
6 3202.65 3202.65 75546.5
1 703.261 4313.04 73043.2
0 1001.53 4006.11 73323
2 661.448 2645.79 73810.2
4 1449.98 1449.98 74172.8
5 931.068 3724.27 73871.8
37
1 140.286 140.286 65879.8
0 1229.45 4917.81 66895.1
2 644.484 644.484 66900.5
10 302.453 1209.81 66401.6
3 171.162 171.162 66794
6 701.307 701.307 67411.7
5 463.842 1855.37 67703.7
4 546.548 2186.19 67714.1
10 971.687 971.687 68609
2 1596.72 1596.72 69335.9
6 433.428 433.428 68723.1
4 547.436 2189.75 69514.8
11 124.968 124.968 69913.2
0 986.321 986.321 70249
10 748.423 2993.69 70175.8
6 936.554 3746.22 71156
8 995.927 3983.71 71146.6
2 1037.73 1037.73 71096
7 1117.92 5971.7 71472.4
9 301.546 301.546 70998.2
4 1232.2 1232.2 71929
0 1148.65 4594.58 72276.2
1 770.569 4582.28 71986.1
2 2131.89 8527.55 73042.1
8 1660.4 1660.4 73296.8
6 1579.48 1579.48 73159.6
3 313.068 2752.27 71927.5
5 149.929 149.929 71836.3
10 630.672 2522.69 72198.8
0 2281.63 2281.63 74013.1
6 3119.7 3119.7 75417.8
2 2929.02 2929.02 75272.8
1 1320.02 6780.09 73660
9 1243.64 6474.57 73565.2
11 655.516 4122.07 73804.3
4 1189.93 1189.93 73912.7
3 1097.12 4388.47 74037.9
31
0 471.042 471.042 66957.1
2 41.8641 167.456 66748.9
7 506.053 506.053 67447.9
1 698.265 4293.06 67974.5
6 841.955 3367.82 67831.6
8 400.625 1602.5 70645.8
10 289.332 1157.33 67610.5
4 527.241 527.241 68266.4
6 853.294 853.294 69143
2 410.457 1641.83 69377.8
10 313.348 1253.39 69850.2
3 661.925 661.925 70592.7
11 948.798 3795.19 71227.7
0 476.182 1904.73 70318.2
6 918.541 918.541 71240.1
1 476.928 3407.71 70904.7
4 221.045 884.181 70464.7
2 1058.24 1058.24 71431.4
5 472.131 1888.53 71027.5
3 1268.21 5072.83 72175.7
10 662.624 662.624 71969.4
4 1020.37 1020.37 72386
0 566.847 2267.39 72362.2
7 156.174 1656.17 72065.3
5 1164.7 1164.7 73260.7
9 1244.9 1244.9 74174.1
8 758.06 758.06 73411.8
10 1655.91 1655.91 74211.2
0 1905.11 1905.11 74626
11 1523.62 1523.62 74452.3
2 308.772 1235.09 73195
32
0 820.965 3283.86 66918.4
2 313.496 313.496 66257.8
10 481.65 481.65 66634.9
1 662.181 4148.72 67586.3
6 194.261 194.261 66772.2
4 1292.45 5169.82 67990.4
2 1384.46 1384.46 68164.7
10 2023.6 2023.6 68715
11 411.081 411.081 67287.2
5 383.971 1535.88 67446
7 958.632 5334.53 68176.7
3 591.68 591.68 68467.4
9 545.45 545.45 68398.2
0 2000.47 2000.47 70016.8
11 656.494 2625.98 69227.7
10 1487.62 1487.62 70681.3
2 1145.94 1145.94 70159.8
6 186.1 186.1 70170.1
0 1965.32 1965.32 71557.9
3 612.025 2112.03 70397.9
10 2569.14 2569.14 72823
2 881.821 3527.28 72115.4
4 1110.38 1110.38 72059.8
5 626.971 2507.89 72041.3
1 559.806 2239.22 71775.9
11 1495.57 5982.3 73186
9 156.683 156.683 71596.6
6 1616.11 1616.11 73446.8
7 541.176 3664.7 72762.8
0 933.259 933.259 73555.9
10 2138.76 2138.76 74783.9
3 308.745 308.745 73066.1
44
1 140.286 140.286 65879.8
0 1229.45 4917.81 66895.1
2 644.484 644.484 66900.5
10 302.453 1209.81 66401.6
3 171.162 171.162 66794
6 701.307 701.307 67411.7
5 463.842 1855.37 67703.7
4 546.548 2186.19 67714.1
10 971.687 971.687 68609
2 1305.48 1305.48 69260.5
1 231.647 926.589 68068.3
7 862.999 3452 68574.5
0 1342.7 1342.7 69710.4
9 306.545 1226.18 68396.7
11 880.57 880.57 69425.9
3 669.546 4178.18 69456.1
5 1534.51 6138.02 69643.4
9 1571.95 6287.8 70223.2
1 720.077 720.077 70508.4
6 986.321 986.321 70249
4 497.223 1988.89 69924.6
7 513.147 3552.59 70732.6
8 771.784 3087.14 70922.4
10 335.264 335.264 70393.5
2 2012.84 8051.34 72367.3
9 1492.82 1492.82 72189.5
10 2618.34 2618.34 73315.2
0 610.029 2440.12 71737.6
4 917.904 3671.61 72133.4
6 773.212 3092.85 71729.4
8 2053.4 2053.4 72990.2
6 2331.51 2331.51 73723.3
3 2873.11 2873.11 74092.9
0 2332.37 2332.37 73887.8
4 3554.96 3554.96 74973.8
2 3653.85 3653.85 75381.9
10 3772.34 3772.34 75247.5
5 590.826 590.826 72655.8
3 578.681 578.681 71910
1 1661.7 8146.8 73443.3
8 3082.16 3082.16 75075.3
1 3302.12 3302.12 75490.1
6 4458.34 4458.34 76674.6
9 1274.99 5099.94 74142.4
42
0 820.965 3283.86 66918.4
2 313.496 313.496 66257.8
10 481.65 481.65 66634.9
1 662.181 4148.72 67586.3
6 194.261 194.261 66772.2
4 1292.45 5169.82 67990.4
2 1384.46 1384.46 68164.7
10 2023.6 2023.6 68715
11 411.081 411.081 67287.2
5 383.971 1535.88 67446
7 958.632 5334.53 68176.7
3 591.68 591.68 68467.4
9 545.45 545.45 68398.2
0 2000.47 2000.47 70016.8
11 656.494 2625.98 69227.7
10 1487.62 1487.62 70681.3
2 1145.94 1145.94 70159.8
0 2425.97 2425.97 71793.4
4 866.22 866.22 70460.2
5 288.262 288.262 70021.6
3 646.747 4086.99 70170.1
7 1300.33 5201.31 71378.5
6 1012.1 1012.1 71752
9 170.314 170.314 70748.6
2 1527.98 1527.98 72260.7
9 1685.55 3185.55 72576.5
0 3197.26 3197.26 74357.1
1 836.804 4847.22 71793
8 1564.18 1564.18 72501
4 1850.56 1850.56 73242.3
11 513.806 513.806 71733.6
6 2346.8 2346.8 73902.2
4 3873.62 3873.62 75292.4
2 2337.88 2337.88 74066
10 3221.7 3221.7 74696.8
3 573.074 573.074 72638.1
5 656.223 656.223 71987.5
10 982.92 3931.68 72764.5
8 2592.93 2592.93 74586.1
9 2383.33 2383.33 74571.4
2 3228.22 3228.22 75444.5
11 671.088 2684.35 73538.5
30
7 1059.06 1059.06 67640.2
1 154.052 154.052 66690.3
2 185.835 185.835 66723.2
0 757.846 3031.38 67587.9
4 691.061 691.061 66995.1
10 498.994 498.994 68238.2
6 661.063 661.063 68950.8
2 410.457 1641.83 69377.8
1 247.07 247.07 70424.6
4 487.919 487.919 70715.7
10 274.454 1097.81 71250.2
3 160.59 160.59 71353.6
2 337.981 337.981 71518.7
7 957.154 957.154 72415.5
11 2563.21 2563.21 73749.7
0 330.284 330.284 71884.7
10 2086.68 2086.68 73602.4
8 214.852 214.852 71768
9 1284.88 1284.88 73076.2
5 503.969 3515.88 72527.6
1 453.737 1814.95 72185.3
4 660.26 2641.04 72467.1
2 1535.65 1535.65 73422.6
4 2451.69 2451.69 74506.3
7 2815.15 2815.15 75229.4
6 518.204 8072.81 72966.8
3 656.005 4124.02 72938.4
8 1831.4 7325.6 74357.9
1 1557.61 6230.45 74653.5
2 3117.89 3117.89 76192
40
0 471.042 471.042 66957.1
2 41.8641 167.456 66748.9
7 506.053 506.053 67447.9
1 698.265 4293.06 67974.5
6 841.955 3367.82 67831.6
8 400.625 1602.5 70645.8
10 289.332 1157.33 67610.5
3 591.68 591.68 68467.4
5 493.315 493.315 68346.1
4 365.844 365.844 68382.1
11 636.576 2546.31 69207.8
10 383.153 383.153 69576.9
0 661.807 661.807 69675.6
2 98.07 98.07 69465.5
6 992.818 992.818 70586.8
5 979.36 979.36 70712.7
4 777.558 3110.23 70301
3 857.936 3431.74 70936.1
2 2349.65 2349.65 73089.5
9 506.458 506.458 71084.7
10 819.881 819.881 71552.6
0 1270.85 1270.85 72161.8
0 3119.86 3119.86 74279.7
11 626.971 626.971 72085.3
1 506.872 506.872 71693.4
7 330.284 1830.28 71884.7
4 1137.39 1137.39 72653.1
6 2301.81 2301.81 73855
9 3061.5 3061.5 74852.9
8 790.076 3160.3 72813.7
5 854.213 3416.85 72585.8
9 1029.27 5617.1 72836.1
4 3169.04 3169.04 75056
10 3313.63 3313.63 75368.2
3 1335.78 1335.78 73750
1 1194.02 4776.08 73642.6
10 1046.69 4186.77 73329.1
11 1762.13 8548.51 74288.7
5 1958.09 7832.35 75053.9
8 2800.42 2800.42 75874.5
31
7 1059.06 1059.06 67640.2
1 154.052 154.052 66690.3
2 185.835 185.835 66723.2
0 757.846 3031.38 67587.9
4 691.061 691.061 66995.1
10 925.028 3700.11 68535.2
6 1339.99 1339.99 68771
1 527.792 527.792 69224.3
2 608.294 608.294 69265.8
4 676.196 676.196 69365
0 1366.18 1366.18 70518.3
3 542.823 542.823 70720.4
4 678.837 678.837 70906.6
2 637.465 2549.86 71613.3
7 364.614 364.614 71557.7
6 874.042 874.042 72054.7
1 938.449 5253.8 71894.7
10 1474.33 1474.33 72411.1
8 1205.65 1205.65 72597.4
5 464.661 464.661 71684.5
0 2779.27 2779.27 74334.7
8 3228.71 3228.71 74647.5
2 2217.34 2217.34 73945.4
4 3340.97 3340.97 74816.1
11 658.578 658.578 72723.6
9 1234.12 1234.12 72565.4
4 1102.19 4408.76 72883.8
10 2503.09 2503.09 74496.2
3 858.432 858.432 73046.5
6 1664.34 1664.34 73880.6
5 621.943 2487.77 73489.4
23
0 471.042 471.042 66957.1
2 41.8641 167.456 66748.9
7 506.053 506.053 67447.9
1 698.265 4293.06 67974.5
6 841.955 3367.82 67831.6
8 400.625 1602.5 70645.8
10 289.332 1157.33 67610.5
4 527.241 527.241 68266.4
6 853.294 853.294 69143
2 410.457 1641.83 69377.8
3 542.823 542.823 70720.4
10 153.229 153.229 70381
0 274.454 1097.81 71250.2
11 364.614 364.614 71557.7
2 337.981 337.981 71518.7
1 559.806 2239.22 71775.9
7 498.681 1994.72 72189.1
5 510.221 510.221 71950.2
6 893.842 893.842 72724.5
10 323.251 1293 72544.9
4 217.316 217.316 72840
8 450.342 450.342 73095.5
3 308.745 308.745 73066.1
33
7 1059.06 1059.06 67640.2
1 154.052 154.052 66690.3
2 185.835 185.835 66723.2
0 757.846 3031.38 67587.9
4 691.061 691.061 66995.1
10 788.008 788.008 68743
3 595.364 2381.46 68432
1 1260.69 5042.75 68972.1
2 588.81 588.81 68956.5
5 274.912 1099.65 68365.1
11 880.57 880.57 69425.9
4 1067.6 4270.41 69854.2
9 1297.93 5191.7 69406.8
5 1540.32 6161.26 70191.6
3 359.497 359.497 70537.1
10 1028.19 1028.19 71256
7 542.428 3669.71 71518.2
5 802.329 802.329 71995.4
4 704.828 704.828 71885.5
11 281.08 2624.32 71191.3
6 321.549 321.549 71958
8 342.187 342.187 71922.3
10 1494.44 5977.77 73108.9
9 149.929 149.929 71836.3
3 447.229 3288.92 72015.4
0 272.234 272.234 72003.7
2 359.075 359.075 72657.1
0 1519.5 1519.5 73863.3
11 525.281 3601.12 72865.2
7 1349.48 6897.92 73671
9 1154.85 6119.39 74303.6
4 1462.1 1462.1 74184.9
5 1611.46 6445.85 74552.2
34
7 1059.06 1059.06 67640.2
1 154.052 154.052 66690.3
2 185.835 185.835 66723.2
0 757.846 3031.38 67587.9
4 691.061 691.061 66995.1
3 542.823 2171.29 68563.4
6 591.968 591.968 68701.4
10 167.873 671.492 68688
2 672.314 672.314 69153
1 1870.11 7480.42 70398.8
0 687.895 2751.58 69081.9
4 464.637 1858.55 69543.3
8 787.828 787.828 69623.5
5 274.55 2598.2 69811.4
7 1131.61 1131.61 71062.4
3 577.124 2308.5 70856
10 787.245 3148.98 70629.3
8 1398.99 1398.99 71720.5
6 599.184 2396.74 71027
11 322.597 2790.39 70566.3
2 707.648 707.648 71080.8
9 523.823 2095.29 71079.2
5 1554.73 6218.92 72462.3
2 1516.05 1516.05 72822.9
2 3378.5 3378.5 74744.1
10 877.91 3511.64 72673.2
0 156.174 156.174 72065.3
11 491.452 491.452 72587.5
9 776.995 776.995 73706.2
5 2293.33 3793.33 74947.1
4 928.119 928.119 73483.5
4 4052.92 4052.92 76773.8
7 674.954 674.954 73603.6
10 1641.42 6565.69 74527.6
38
0 820.965 3283.86 66918.4
2 313.496 313.496 66257.8
10 481.65 481.65 66634.9
1 662.181 4148.72 67586.3
6 194.261 194.261 66772.2
4 1292.45 5169.82 67990.4
2 1384.46 1384.46 68164.7
3 1496.18 2996.18 68187.6
11 411.081 411.081 67287.2
5 383.971 1535.88 67446
7 958.632 5334.53 68176.7
10 1243.34 4973.36 68853.5
0 1669.22 1669.22 69100.2
11 1032.38 1032.38 69728.8
9 294.297 1794.3 68951.8
2 2303.03 2303.03 70991.9
10 2179.01 2179.01 71331.1
0 2370.19 2370.19 71737.6
4 866.22 866.22 70460.2
5 288.262 288.262 70021.6
3 582.981 3831.92 70106.4
7 1088.94 4355.77 71167.1
6 1580.29 1580.29 72320.2
9 557.362 557.362 71135.6
4 2493.93 2493.93 73226.7
10 2769.12 2769.12 73660.1
0 3141.48 3141.48 74301.4
4 3661.94 3661.94 74968.7
2 3591.42 3591.42 74957.1
2 1240.47 4961.89 73035.8
8 609.558 609.558 72518.6
5 515.915 515.915 72611.9
3 576.574 576.574 73505.8
10 3048.73 3048.73 75702.5
6 2081.96 2081.96 74637.3
0 3514.39 3514.39 76235.2
9 132.934 132.934 73061.6
11 92.7608 1871.04 72979
42
1 140.286 140.286 65879.8
0 1229.45 4917.81 66895.1
2 644.484 644.484 66900.5
10 302.453 1209.81 66401.6
3 171.162 171.162 66794
6 701.307 701.307 67411.7
5 463.842 1855.37 67703.7
4 546.548 2186.19 67714.1
10 971.687 971.687 68609
2 1305.48 1305.48 69260.5
1 231.647 926.589 68068.3
7 862.999 3452 68574.5
0 1342.7 1342.7 69710.4
9 306.545 1226.18 68396.7
11 880.57 880.57 69425.9
3 669.546 4178.18 69456.1
5 1534.51 6138.02 69643.4
9 1571.95 6287.8 70223.2
6 186.1 186.1 70170.1
4 485.244 485.244 70077.8
10 979.081 979.081 70764.9
4 1844.3 1844.3 72098.1
2 530.36 2121.44 71763.9
0 599.791 599.791 71549.2
3 281.025 1124.1 71695.3
5 316.746 316.746 71775.1
7 506.872 506.872 71693.4
8 602.149 602.149 72156.6
10 3683.05 3683.05 75198.8
6 289.331 289.331 71842.5
1 276.429 276.429 72067.8
10 923.678 3694.71 72947.3
9 739.909 2959.63 72471.5
4 2295.24 9180.94 74102.1
2 3667.38 3667.38 75554.4
4 4086.66 4086.66 76141.2
11 251.17 251.17 72665.4
7 1194.02 4776.08 73642.6
2 1497.91 5991.64 73780.3
0 1226.06 4904.23 73752.6
3 1321.2 5284.81 74417.1
1 3137.08 4637.08 76211.2
39
1 140.286 140.286 65879.8
0 1229.45 4917.81 66895.1
2 644.484 644.484 66900.5
10 302.453 1209.81 66401.6
3 171.162 171.162 66794
6 701.307 701.307 67411.7
5 463.842 1855.37 67703.7
4 546.548 2186.19 67714.1
10 971.687 971.687 68609
2 1305.48 1305.48 69260.5
1 231.647 926.589 68068.3
7 862.999 3452 68574.5
0 1342.7 1342.7 69710.4
9 306.545 1226.18 68396.7
11 880.57 880.57 69425.9
3 669.546 4178.18 69456.1
5 1534.51 6138.02 69643.4
9 1571.95 6287.8 70223.2
4 651.993 2607.97 70188.8
1 257.554 257.554 70188.3
7 911.31 3645.24 71190.2
10 1255.34 5021.35 71097.4
6 436.873 436.873 70758.4
8 1311.86 5247.44 71739.6
2 1422.44 5689.77 71666.1
4 1743.48 1743.48 72116.6
9 1206.58 4826.3 71762
3 204.304 817.218 71111.8
10 1532.64 1532.64 72839.4
2 2221.76 2221.76 73587.4
5 884.836 5039.35 72680.1
0 549.237 549.237 72458.3
1 356.75 356.75 72452.8
3 981.036 981.036 73910.2
10 2369.22 2369.22 75023
8 1501.43 1501.43 74056.8
2 3130.36 3130.36 75851.2
9 579.734 579.734 73508.4
4 994.013 3976.05 73880.2
36
1 140.286 140.286 65879.8
0 1229.45 4917.81 66895.1
2 644.484 644.484 66900.5
10 302.453 1209.81 66401.6
3 171.162 171.162 66794
6 701.307 701.307 67411.7
5 463.842 1855.37 67703.7
4 546.548 2186.19 67714.1
10 971.687 971.687 68609
2 1596.72 1596.72 69335.9
6 433.428 433.428 68723.1
4 547.436 2189.75 69514.8
0 186.1 186.1 70170.1
10 1522.14 1522.14 71114.7
2 1409.74 1409.74 71195.6
4 1758 1758 72011.8
1 615.349 3961.39 71848.9
6 1195.17 1195.17 72144.6
5 626.971 2507.89 72041.3
11 957.154 957.154 72415.5
7 506.872 506.872 71693.4
8 602.149 602.149 72156.6
2 2032.01 2032.01 73547.7
0 289.331 289.331 71842.5
3 557.899 557.899 72349.3
9 559.226 3736.91 72582.9
1 1990.48 7961.91 73722
10 1059.22 4236.87 72866.1
10 2753.17 2753.17 74640.2
4 3998.7 3998.7 76053.3
11 2815.15 2815.15 75229.4
7 1194.02 4776.08 73642.6
4 1731.76 6927.03 74014.1
6 1821.43 7285.73 74348
5 1667.15 6668.59 74763
2 3527.68 3527.68 76601.8
32
7 1059.06 1059.06 67640.2
1 154.052 154.052 66690.3
2 185.835 185.835 66723.2
0 757.846 3031.38 67587.9
4 691.061 691.061 66995.1
10 925.028 3700.11 68535.2
6 1339.99 1339.99 68771
1 527.792 527.792 69224.3
2 608.294 608.294 69265.8
4 676.196 676.196 69365
0 1366.18 1366.18 70518.3
8 575.461 575.461 70559.5
4 1313.58 1313.58 70906.1
10 1424.03 1424.03 71209.9
2 1251.66 1251.66 71505.5
1 511.815 3547.26 71745.4
6 1186.97 1186.97 72136.4
7 957.154 3828.62 72371.5
11 1465.37 7361.49 72375.6
8 1147.93 1147.93 72784.4
8 3130.49 3130.49 74710.6
3 166.277 2165.11 71780.7
5 723.486 723.486 72409.8
0 428.466 1713.86 71996.6
6 2539.51 2539.51 74271
10 4009.73 4009.73 76307.8
6 3786.77 3786.77 76130.6
10 1103.14 4412.56 73443.1
4 716.608 2866.43 73038.1
2 1090.24 4360.95 74239
0 1085.39 1085.39 73808.2
9 276.628 1106.51 73217.4
32
1 140.286 140.286 65879.8
0 1229.45 4917.81 66895.1
2 644.484 644.484 66900.5
10 302.453 1209.81 66401.6
3 171.162 171.162 66794
6 701.307 701.307 67411.7
5 463.842 1855.37 67703.7
4 546.548 2186.19 67714.1
10 971.687 971.687 68609
2 1596.72 1596.72 69335.9
6 433.428 433.428 68723.1
4 547.436 2189.75 69514.8
1 247.07 247.07 70424.6
10 897.542 897.542 71125.3
3 99.6546 1898.62 71075.4
5 303.995 303.995 71497
2 342.007 342.007 71522.7
0 836.804 3347.22 71793
6 829.663 829.663 71766.4
8 1205.65 1205.65 72597.4
9 513.755 513.755 71733.6
7 438.698 1938.7 71994.1
4 2515.69 2515.69 73934.5
2 2563.93 2563.93 74292
10 3559.67 3559.67 75034.8
11 658.578 658.578 72723.6
1 1088.11 1088.11 72419.4
10 1320.89 5283.57 73102.5
6 1858.42 1858.42 73851.6
3 1213.48 1213.48 73401.5
0 1820.1 1820.1 74036.4
9 671.036 2684.15 73538.5
38
1 140.286 140.286 65879.8
0 1229.45 4917.81 66895.1
2 644.484 644.484 66900.5
10 302.453 1209.81 66401.6
3 171.162 171.162 66794
6 701.307 701.307 67411.7
5 463.842 1855.37 67703.7
4 546.548 2186.19 67714.1
10 971.687 971.687 68609
2 1596.72 1596.72 69335.9
6 433.428 433.428 68723.1
4 547.436 2189.75 69514.8
11 124.968 124.968 69913.2
0 986.321 986.321 70249
10 748.423 2993.69 70175.8
6 936.554 3746.22 71156
8 995.927 3983.71 71146.6
2 1037.73 1037.73 71096
7 1117.92 5971.7 71472.4
9 301.546 301.546 70998.2
4 1232.2 1232.2 71929
0 1148.65 4594.58 72276.2
1 770.569 4582.28 71986.1
2 2195.14 8780.54 73151.4
8 2277.54 2277.54 73214.3
6 1911.71 1911.71 73303.5
3 171.842 171.842 71391.7
0 2870.99 2870.99 74426.4
6 3934.77 3934.77 75353.6
10 1217.05 1217.05 72945.1
4 2386.2 2386.2 73861.3
11 364.918 364.918 72429.9
5 603.894 603.894 71935.2
9 1299.85 6699.39 73081.5
2 3243.34 3243.34 75236.5
3 1198.5 1198.5 73386.5
10 2107.39 2107.39 74323.7
7 1401.51 5606.06 74269
35
1 140.286 140.286 65879.8
0 1229.45 4917.81 66895.1
2 644.484 644.484 66900.5
10 302.453 1209.81 66401.6
3 171.162 171.162 66794
6 701.307 701.307 67411.7
5 463.842 1855.37 67703.7
4 546.548 2186.19 67714.1
10 971.687 971.687 68609
1 217.316 217.316 68093
3 484.713 484.713 68337.5
2 1397.14 1397.14 69413.4
11 636.576 2546.31 69207.8
4 950.874 950.874 70144.6
10 1590.31 1590.31 70604.1
1 247.07 247.07 70424.6
4 1891.04 1891.04 72118.8
2 232.453 929.812 71208.2
3 129.863 129.863 71322.9
10 1456.26 1456.26 72636.9
0 836.804 3347.22 71793
6 829.663 829.663 71766.4
8 1205.65 1205.65 72597.4
9 513.755 513.755 71733.6
7 438.698 1938.7 71994.1
6 3188.01 3188.01 74606.8
2 1812.32 1812.32 73540.4
4 2457.96 2457.96 73933.1
5 628.328 628.328 72693.3
11 603.894 603.894 71935.2
1 1085.58 5842.31 72867.2
0 1885.01 1885.01 73878.2
3 1460.94 1460.94 73649
10 2246.56 2246.56 74462.8
9 671.036 2684.15 73538.5
42
1 140.286 140.286 65879.8
0 1229.45 4917.81 66895.1
2 644.484 644.484 66900.5
10 302.453 1209.81 66401.6
3 171.162 171.162 66794
6 701.307 701.307 67411.7
5 463.842 1855.37 67703.7
4 546.548 2186.19 67714.1
10 971.687 971.687 68609
11 605.958 3923.83 68216.1
0 1645.97 1645.97 69076.9
1 513.402 513.402 69209.9
2 1155.35 1155.35 69812.8
4 1361.4 1361.4 70050.2
10 1596.4 1596.4 70748.5
9 303.738 2714.95 69840.6
5 238.384 238.384 70169.1
11 844.269 3377.08 71123.1
3 138.252 2053.01 69980.3
6 436.873 436.873 70758.4
7 565.246 3760.99 70993
0 1317.42 5269.68 71561.1
4 1189.4 1189.4 71562.6
3 963.704 3854.82 71519.1
1 371.36 1485.44 71278.9
5 842.481 842.481 72300.8
7 1827.75 1827.75 73014.3
8 602.149 602.149 72156.6
2 373.332 373.332 71889.1
6 877.59 877.59 72430.8
9 864.678 864.678 72656
10 907.288 3629.15 72930.9
1 1420.44 5681.76 73152
4 1507.11 6028.44 73314
0 3032.93 3032.93 74919.9
4 3298.54 3298.54 75353.1
5 2700.47 2700.47 75114.7
11 1555.25 6221 74003.9
0 863.466 3453.87 73145.8
2 1920.63 7682.52 74447.2
3 1218.21 4872.85 74314.1
10 2900.94 2900.94 75975
29
7 1059.06 1059.06 67640.2
1 154.052 154.052 66690.3
2 185.835 185.835 66723.2
0 757.846 3031.38 67587.9
4 691.061 691.061 66995.1
10 788.008 788.008 68743
3 595.364 2381.46 68432
1 1260.69 5042.75 68972.1
2 588.81 588.81 68956.5
5 274.912 1099.65 68365.1
11 880.57 880.57 69425.9
4 1067.6 4270.41 69854.2
9 1297.93 5191.7 69406.8
5 1540.32 6161.26 70191.6
0 357.879 357.879 70341.9
10 1656.09 1656.09 71248.6
2 1967.99 1967.99 71753.8
7 629.615 2129.61 70883.4
3 510.567 3542.27 71744.1
4 844.538 844.538 71794
9 287.36 1149.44 71701.7
1 638.618 2554.47 71854.7
11 278.355 1113.42 71968.8
5 299.488 299.488 71739.4
6 1378.71 1378.71 73209.4
10 1004.18 4016.71 73225.8
2 1092.5 1092.5 73715.2
5 910.494 2410.49 73555.6
7 328.967 328.967 73086.4
41
0 820.965 3283.86 66918.4
2 313.496 313.496 66257.8
10 481.65 481.65 66634.9
1 662.181 4148.72 67586.3
6 194.261 194.261 66772.2
4 1292.45 5169.82 67990.4
2 1384.46 1384.46 68164.7
3 1496.18 2996.18 68187.6
11 411.081 411.081 67287.2
5 383.971 1535.88 67446
7 958.632 5334.53 68176.7
10 1243.34 4973.36 68853.5
0 1669.22 1669.22 69100.2
11 1032.38 1032.38 69728.8
9 294.297 1794.3 68951.8
2 2303.03 2303.03 70991.9
4 1881.34 1881.34 71033.5
3 613.079 3952.32 70149.9
5 238.384 238.384 70169.1
7 834.927 3339.71 71113.8
9 1051.06 5704.25 70893.1
6 436.873 436.873 70758.4
1 565.246 3760.99 70993
10 1100.44 4401.76 71344.1
0 1424.28 1424.28 71797.4
3 1544.61 6178.44 72100
11 404.372 1617.49 71311.9
5 1205.07 6320.28 72115.3
8 491.141 491.141 72127.6
6 1104.54 1104.54 72684.7
2 1230.32 4921.28 72844.8
9 1097.12 1097.12 72783.5
4 943.622 3774.49 72511.8
1 1042.7 2542.7 72774.1
8 2087.64 2087.64 74385.7
6 2904.08 2904.08 75247.9
7 447.743 3290.97 72787.7
10 1175.38 4701.5 73496.9
11 1021.31 5585.22 74170.1
0 816.237 816.237 73539
3 1269.6 5078.39 74210.4
41
0 820.965 3283.86 66918.4
2 313.496 313.496 66257.8
10 481.65 481.65 66634.9
1 662.181 4148.72 67586.3
6 194.261 194.261 66772.2
4 1292.45 5169.82 67990.4
2 1384.46 1384.46 68164.7
10 2023.6 2023.6 68715
11 411.081 411.081 67287.2
5 383.971 1535.88 67446
7 958.632 5334.53 68176.7
0 2028.41 2028.41 69983.4
3 595.364 2381.46 68432
1 1435.74 5742.94 69147.2
6 2083.86 2083.86 70451.5
9 306.545 1226.18 68396.7
3 2120.72 2120.72 70666
11 1359.79 6939.18 70146.4
5 1276.8 5107.2 69385.7
9 1571.95 6287.8 70223.2
10 1140.5 4562 70677.3
3 3645.09 3645.09 73575.8
7 885.056 3540.22 71163.9
2 826.55 3306.2 70668.6
8 439.196 439.196 70760.7
4 463.34 1853.36 70891.1
5 1547.67 7690.67 71791.3
10 2231.99 2231.99 72605.2
9 1206.58 4826.3 71762
11 821.885 3287.54 71729.4
6 2650.88 2650.88 73957.7
0 1064.5 1064.5 72430.1
2 917.215 3668.86 72712.5
4 968.528 968.528 72877.6
11 1251.43 1251.43 73347.5
5 1610.39 1610.39 74539.6
0 1959.92 1959.92 74613.7
8 1675.05 1675.05 74230.4
10 1676.01 1676.01 74396.9
7 2516.71 2516.71 75445.4
9 639.327 4057.31 73525.5
44
2 143.405 143.405 65729.7
4 856.912 3427.65 66625.7
0 451.768 451.768 66431.6
1 912.052 5148.21 67269.7
6 784.172 784.172 67299.1
3 204.644 204.644 66731.1
11 460.893 460.893 67187.8
5 995.621 995.621 67902.1
8 1262.97 1262.97 68280.7
7 477.318 3409.27 67446.8
0 1745.38 1745.38 69167
6 1784.15 1784.15 69013.2
1 1859.25 7437.01 69368.8
2 509.367 509.367 68128.7
10 788.008 788.008 68743
9 893.731 3574.92 68730.4
5 2273.75 9095.01 69985.2
4 1009.04 1009.04 69376.7
3 471.292 1885.17 68561.5
5 4059.95 4059.95 72605.3
11 1260.37 6541.47 70046.9
9 2561.26 10245.1 70670.2
3 1736.7 6946.78 70387.9
2 1050.27 1050.27 70417.7
8 1291.68 1291.68 70885.6
3 2885.41 2885.41 72618.7
10 1480.45 5921.8 71003.8
11 1913.57 7654.28 71991.7
6 1489.04 1489.04 72228.9
9 2655.01 2655.01 73233.3
4 1742.99 1742.99 72475.8
10 2441.83 2441.83 73332.8
8 2722.44 2722.44 73882.3
2 3717.08 3717.08 75023.9
10 3758.09 3758.09 75123.7
2 1176.97 4707.87 72972.3
0 156.174 156.174 72065.3
1 1729.13 1729.13 73825.1
3 2487.91 2487.91 75417.1
8 3711.8 3711.8 76365.6
6 1990.71 1990.71 74546
4 3782.28 3782.28 76503.1
9 2051.06 2051.06 74979.7
4 1353.12 5412.49 74239.3
45
0 820.965 3283.86 66918.4
2 313.496 313.496 66257.8
10 481.65 481.65 66634.9
1 662.181 4148.72 67586.3
6 194.261 194.261 66772.2
4 1292.45 5169.82 67990.4
2 1384.46 1384.46 68164.7
10 2023.6 2023.6 68715
11 411.081 411.081 67287.2
5 383.971 1535.88 67446
7 958.632 5334.53 68176.7
0 2028.41 2028.41 69983.4
3 595.364 2381.46 68432
1 1435.74 5742.94 69147.2
6 2083.86 2083.86 70451.5
9 306.545 1226.18 68396.7
3 2120.72 2120.72 70666
11 1359.79 6939.18 70146.4
5 1276.8 5107.2 69385.7
9 1571.95 6287.8 70223.2
10 1124.19 1124.19 70491.6
4 866.22 866.22 70460.2
7 1410.8 1410.8 71144.1
2 902.139 3608.55 70425.5
5 1252.34 5009.37 71330.5
8 1561.8 1561.8 72301.7
9 1221.46 1221.46 71799.7
0 1748.08 1748.08 72480.9
10 1929.55 1929.55 72820.5
0 3438.9 3438.9 74598.8
1 521.562 3586.25 71477.8
6 792.295 792.295 71729.1
4 1850.56 1850.56 73242.3
9 2159.58 2159.58 73379.4
8 2896.5 2896.5 74451.9
4 3873.62 3873.62 75292.4
10 2897.64 2897.64 74625.7
2 3325.24 3325.24 74800.4
11 877.73 877.73 72942.7
7 1757.84 1757.84 73089.1
2 1086.46 4345.85 72868.1
6 1821.05 1821.05 73814.2
7 3590.27 3590.27 75778.3
10 3787.99 3787.99 76004.3
9 2316.86 9267.45 75184.3
30
0 820.965 3283.86 66918.4
2 313.496 313.496 66257.8
10 481.65 481.65 66634.9
1 662.181 4148.72 67586.3
6 194.261 194.261 66772.2
4 1292.45 5169.82 67990.4
2 1384.46 1384.46 68164.7
3 1496.18 2996.18 68187.6
11 411.081 411.081 67287.2
5 383.971 1535.88 67446
7 958.632 5334.53 68176.7
10 1243.34 4973.36 68853.5
0 1669.22 1669.22 69100.2
11 1032.38 1032.38 69728.8
9 294.297 1794.3 68951.8
2 2303.03 2303.03 70991.9
4 1881.34 1881.34 71033.5
5 247.07 247.07 70424.6
10 1363.91 1363.91 71591.7
3 99.6546 1898.62 71075.4
7 364.614 364.614 71557.7
0 930.723 930.723 72111.4
1 559.806 2239.22 71775.9
11 1190.25 4760.99 72880.7
9 595.3 595.3 72035.2
6 893.842 893.842 72724.5
2 747.423 2989.69 72969
4 373.429 373.429 72996.1
10 758.837 758.837 73404
3 304.495 304.495 73061.9
38
2 143.405 143.405 65729.7
4 856.912 3427.65 66625.7
0 451.768 451.768 66431.6
1 912.052 5148.21 67269.7
6 784.172 784.172 67299.1
3 204.644 204.644 66731.1
11 460.893 460.893 67187.8
5 995.621 995.621 67902.1
8 1262.97 1262.97 68280.7
7 477.318 3409.27 67446.8
0 1745.38 1745.38 69167
6 1784.15 1784.15 69013.2
1 1859.25 7437.01 69368.8
2 509.367 509.367 68128.7
3 720.814 2883.26 68741.4
8 1618.15 1618.15 69727.6
10 167.873 671.492 68688
4 1030.85 1030.85 69511.5
7 1507.87 6031.47 70036.6
2 1682.71 6730.85 70076.7
11 368.114 2972.45 69446.7
6 1696.78 1696.78 70532.4
5 247.529 247.529 70425.1
10 585.035 585.035 70812.8
3 274.454 2597.81 71250.2
9 437.427 437.427 71630.5
4 877.063 877.063 72057.7
2 3255.68 3255.68 74562.5
6 3089.79 3089.79 74455.4
10 1061.44 4245.74 72856.7
0 156.174 156.174 72065.3
5 530.623 530.623 72626.6
3 1069.29 1069.29 73998.5
4 1839.71 1839.71 74493.5
8 928.119 928.119 73483.5
10 2399.7 2399.7 75120.6
5 2239.17 2239.17 75167.9
9 598.677 3894.71 73484.9
47
2 143.405 143.405 65729.7
4 856.912 3427.65 66625.7
0 451.768 451.768 66431.6
1 912.052 5148.21 67269.7
6 784.172 784.172 67299.1
3 204.644 204.644 66731.1
11 460.893 460.893 67187.8
5 995.621 995.621 67902.1
8 1262.97 1262.97 68280.7
7 477.318 3409.27 67446.8
0 1745.38 1745.38 69167
6 1784.15 1784.15 69013.2
1 1859.25 7437.01 69368.8
2 509.367 509.367 68128.7
3 720.814 2883.26 68741.4
8 1618.15 1618.15 69727.6
10 167.873 671.492 68688
4 1030.85 1030.85 69511.5
7 1507.87 6031.47 70036.6
2 1682.71 6730.85 70076.7
11 368.114 2972.45 69446.7
2 3434.74 3434.74 72270.4
9 374.757 374.757 70163
0 4390.07 4390.07 73652.7
5 127.934 2011.73 69555.3
6 1226.56 4906.25 71446
0 1119.68 4478.71 71270.3
10 1001.32 1001.32 71059.5
8 2118.28 8473.12 72472.8
3 621.485 621.485 71318.2
4 880.364 880.364 71577.2
11 346.417 2885.67 71474
5 548.614 3694.46 71764.1
1 1349.48 6897.94 72259.7
6 1959.78 1959.78 73596.2
2 2693.88 2693.88 74274
9 1390.41 7061.65 73004.9
3 1887.67 1887.67 73574
10 1508.61 6034.46 73076.8
7 2482 3982 74213.4
6 3556.28 3556.28 75854.4
11 1992.62 3492.62 74336.4
5 1098.07 5892.27 73438
4 1757.28 7029.13 74078.8
8 1904.39 7617.55 75053.1
10 2165.54 2165.54 74888.3
9 2174.46 8697.85 75115.2
47
2 143.405 143.405 65729.7
4 856.912 3427.65 66625.7
0 451.768 451.768 66431.6
1 912.052 5148.21 67269.7
6 784.172 784.172 67299.1
3 204.644 204.644 66731.1
11 460.893 460.893 67187.8
5 995.621 995.621 67902.1
8 1262.97 1262.97 68280.7
7 477.318 3409.27 67446.8
0 1745.38 1745.38 69167
6 1784.15 1784.15 69013.2
1 1859.25 7437.01 69368.8
2 509.367 509.367 68128.7
3 853.53 853.53 68729.2
9 795.578 795.578 68648.3
10 256.798 256.798 68273.1
11 557.067 2228.27 69128.3
4 434.529 434.529 69628.2
2 1109.95 1109.95 70123.8
4 2376.79 2376.79 71744.2
8 1291.68 1291.68 70885.6
5 368.816 368.816 70102.1
10 668.513 2674.05 70191.9
3 1119.79 4479.14 71198
6 1489.04 1489.04 72228.9
9 170.314 170.314 70748.6
2 1491.99 1491.99 72224.8
10 1629.89 1629.89 72520.8
10 3478.9 3478.9 74638.8
11 626.971 626.971 72085.3
7 292.207 292.207 71478.7
0 330.284 330.284 71884.7
8 4086.65 4086.65 75602.4
0 2003.9 2003.9 73557.1
5 458.327 458.327 72249.7
8 1327.27 5309.1 73350.9
9 1265.31 5061.24 72996.9
4 1883.03 7532.13 73689.9
4 3576.99 3576.99 75464
2 3985.74 3985.74 76040.3
1 251.17 251.17 72665.4
7 979.354 3917.42 73428
2 1718.8 6875.2 74001.2
3 874.793 4999.17 73401.3
5 1622.01 6488.03 74717.9
10 3874.57 3874.57 76948.6
47
2 143.405 143.405 65729.7
4 856.912 3427.65 66625.7
0 451.768 451.768 66431.6
1 912.052 5148.21 67269.7
6 784.172 784.172 67299.1
3 204.644 204.644 66731.1
11 460.893 460.893 67187.8
5 995.621 995.621 67902.1
8 1262.97 1262.97 68280.7
7 477.318 3409.27 67446.8
0 1745.38 1745.38 69167
6 1784.15 1784.15 69013.2
1 1859.25 7437.01 69368.8
2 509.367 509.367 68128.7
3 720.814 2883.26 68741.4
8 1618.15 1618.15 69727.6
10 167.873 671.492 68688
4 1030.85 1030.85 69511.5
7 1507.87 6031.47 70036.6
2 1682.71 6730.85 70076.7
11 368.114 2972.45 69446.7
6 1696.78 1696.78 70532.4
4 2260.1 2260.1 71627.5
0 2177.97 2177.97 71771.9
5 368.816 368.816 70102.1
10 980.116 3920.46 70503.5
3 1131.98 4527.91 71210.1
8 2203.47 2203.47 72943.4
9 506.458 506.458 71084.7
4 2966.78 2966.78 73699.5
0 3743.4 3743.4 74634.4
10 3917.92 3917.92 75077.8
2 600.971 2403.88 71557.2
6 1663.36 1663.36 72600.1
2 2159.27 2159.27 73551
9 1444.58 1444.58 72664.4
1 1128.1 2628.1 72683.5
7 1163.02 2663.02 72581.8
4 3776.67 3776.67 75504.8
0 4973.48 4973.48 76448.6
5 833.499 833.499 72898.5
3 2562.74 2562.74 73894
10 1164.44 4657.76 72946
6 2692.11 2692.11 74685.3
5 4053.44 4053.44 76241.5
4 4667.02 4667.02 76883.3
9 1601.86 6407.43 74469.3
47
2 143.405 143.405 65729.7
4 856.912 3427.65 66625.7
0 451.768 451.768 66431.6
1 912.052 5148.21 67269.7
6 784.172 784.172 67299.1
3 204.644 204.644 66731.1
11 460.893 460.893 67187.8
5 995.621 995.621 67902.1
8 1262.97 1262.97 68280.7
7 477.318 3409.27 67446.8
0 1745.38 1745.38 69167
6 1784.15 1784.15 69013.2
1 1859.25 7437.01 69368.8
2 509.367 509.367 68128.7
3 853.53 853.53 68729.2
9 795.578 795.578 68648.3
10 256.798 256.798 68273.1
11 557.067 2228.27 69128.3
4 434.529 434.529 69628.2
2 1109.95 1109.95 70123.8
10 698.61 2794.44 70235.5
5 243.812 243.812 70174.6
3 742.924 2971.7 71021.8
9 318.383 2773.53 70160.4
8 436.873 436.873 70758.4
6 910.939 3643.75 71338.7
11 755.993 4523.97 70999.7
4 1182.87 1182.87 71556
9 1143.84 4575.34 71699.2
5 850.095 3400.38 71757.6
3 2016.1 2016.1 73474.4
7 292.207 292.207 71478.7
0 330.284 330.284 71884.7
10 795.952 795.952 72311.7
8 877.59 877.59 72430.8
11 3115.66 3115.66 74907
2 993.233 3972.93 73016.9
11 1028.76 4115.04 72760.3
4 1500.57 6002.3 73307.4
10 2827.6 2827.6 74714.6
4 3292 3292 75346.6
1 251.17 251.17 72665.4
7 979.354 3917.42 73428
9 1193.27 6273.06 73475.6
6 683.261 2733.04 73209.8
5 1129.96 4519.82 74225.8
2 2977.74 2977.74 76051.8
29
0 820.965 3283.86 66918.4
2 313.496 313.496 66257.8
10 481.65 481.65 66634.9
1 662.181 4148.72 67586.3
6 194.261 194.261 66772.2
4 1292.45 5169.82 67990.4
2 1384.46 1384.46 68164.7
10 2023.6 2023.6 68715
11 411.081 411.081 67287.2
5 383.971 1535.88 67446
7 958.632 5334.53 68176.7
0 2246.73 2246.73 69985.9
6 53.3473 53.3473 68343.1
5 304.268 2717.07 69271.6
6 341.104 341.104 70325.1
10 663.533 663.533 70256.1
2 537.275 537.275 70323.1
3 319.281 1819.28 70573.1
11 510.567 3542.27 71744.1
4 1110.38 1110.38 72059.8
5 626.971 2507.89 72041.3
1 559.806 2239.22 71775.9
7 1671.63 6686.52 73362.1
9 562.865 562.865 72002.8
2 1155.35 1155.35 72986
10 323.251 1293 72544.9
0 217.316 217.316 72840
10 1860.65 1860.65 74505.8
3 328.967 328.967 73086.4
35
0 820.965 3283.86 66918.4
2 313.496 313.496 66257.8
10 481.65 481.65 66634.9
1 662.181 4148.72 67586.3
6 194.261 194.261 66772.2
4 1292.45 5169.82 67990.4
2 1384.46 1384.46 68164.7
3 1496.18 2996.18 68187.6
11 411.081 411.081 67287.2
5 383.971 1535.88 67446
7 958.632 5334.53 68176.7
10 1243.34 4973.36 68853.5
0 1669.22 1669.22 69100.2
11 1032.38 1032.38 69728.8
9 294.297 1794.3 68951.8
2 2303.03 2303.03 70991.9
4 1881.34 1881.34 71033.5
6 186.1 186.1 70170.1
3 153.221 1653.22 69745.8
5 153.033 1653.03 69938.9
10 1594.05 1594.05 71847.9
0 1250.55 5002.2 72484.1
8 1842.4 1842.4 72791.8
11 446.186 1784.74 71860.5
2 1427.11 1427.11 72733.9
4 1589.11 1589.11 72954.8
3 152.475 2109.9 71947.8
6 715.233 715.233 72624.3
5 530.623 530.623 72626.6
7 1064.97 1064.97 73994.2
2 2263.69 2263.69 74917.5
8 1817.16 1817.16 74372.5
4 2497.71 2497.71 75218.6
9 421.244 421.244 73349.9
10 1049.37 4197.48 73935.6
43
1 140.286 140.286 65879.8
0 1229.45 4917.81 66895.1
2 644.484 644.484 66900.5
10 302.453 1209.81 66401.6
3 171.162 171.162 66794
6 701.307 701.307 67411.7
5 463.842 1855.37 67703.7
4 546.548 2186.19 67714.1
10 971.687 971.687 68609
2 1305.48 1305.48 69260.5
1 231.647 926.589 68068.3
7 862.999 3452 68574.5
0 1342.7 1342.7 69710.4
9 306.545 1226.18 68396.7
11 880.57 880.57 69425.9
3 669.546 4178.18 69456.1
5 1534.51 6138.02 69643.4
9 1571.95 6287.8 70223.2
1 720.077 720.077 70508.4
6 986.321 986.321 70249
4 497.223 1988.89 69924.6
7 513.147 3552.59 70732.6
8 771.784 3087.14 70922.4
10 335.264 335.264 70393.5
2 2012.84 8051.34 72367.3
9 1492.82 1492.82 72189.5
10 2618.34 2618.34 73315.2
0 610.029 2440.12 71737.6
4 917.904 3671.61 72133.4
6 735.221 2940.88 71645.5
8 1436.25 1436.25 73072.7
0 2161.08 2161.08 73741.2
5 863.553 4954.21 72478
3 149.158 149.158 71835.5
1 994.664 5478.66 72562.8
4 2536.5 2536.5 74267.9
8 3032.75 3032.75 75330.8
6 3206.27 3206.27 75550.1
6 979.421 3917.69 73319.4
3 1666.77 8167.09 73988.3
2 1798.94 7195.78 74947.7
10 2576.06 2576.06 75298.8
9 1376.27 5505.09 74317
29
7 1059.06 1059.06 67640.2
1 154.052 154.052 66690.3
2 185.835 185.835 66723.2
0 757.846 3031.38 67587.9
4 691.061 691.061 66995.1
10 788.008 788.008 68743
3 595.364 2381.46 68432
1 1260.69 5042.75 68972.1
2 588.81 588.81 68956.5
5 274.912 1099.65 68365.1
11 880.57 880.57 69425.9
4 1067.6 4270.41 69854.2
9 1297.93 5191.7 69406.8
5 1540.32 6161.26 70191.6
0 357.879 357.879 70341.9
10 1656.09 1656.09 71248.6
2 1967.99 1967.99 71753.8
7 629.615 2129.61 70883.4
3 510.567 3542.27 71744.1
4 844.538 844.538 71794
9 287.36 1149.44 71701.7
1 638.618 2554.47 71854.7
11 278.355 1113.42 71968.8
5 299.488 299.488 71739.4
6 1378.71 1378.71 73209.4
10 1004.18 4016.71 73225.8
2 1092.5 1092.5 73715.2
5 910.494 2410.49 73555.6
7 328.967 328.967 73086.4
42
2 143.405 143.405 65729.7
4 856.912 3427.65 66625.7
0 451.768 451.768 66431.6
1 912.052 5148.21 67269.7
6 784.172 784.172 67299.1
3 204.644 204.644 66731.1
11 460.893 460.893 67187.8
5 995.621 995.621 67902.1
8 1262.97 1262.97 68280.7
7 477.318 3409.27 67446.8
0 1745.38 1745.38 69167
6 1784.15 1784.15 69013.2
1 1859.25 7437.01 69368.8
2 509.367 509.367 68128.7
10 498.994 498.994 68238.2
8 1302.44 1302.44 69592.2
4 333.466 1333.87 69300.8
9 303.738 2714.95 69840.6
11 238.384 238.384 70169.1
5 368.556 1474.22 70647.4
10 476.182 1904.73 70318.2
0 942.548 942.548 71264.1
6 910.939 3643.75 71338.7
2 309.111 1236.44 70552.8
4 981.252 981.252 71354.4
3 151.4 605.601 70706.8
11 844.667 3378.67 71752.2
8 836.804 3347.22 71793
2 1854.28 1854.28 72791.1
1 474.126 1974.13 71865.9
9 590.831 590.831 71810.7
0 1933.5 1933.5 73488.9
6 1970.04 1970.04 73388.9
4 1431.55 1431.55 73159.6
10 2752.58 2752.58 74227.7
5 1500.4 1500.4 73565.4
3 1357.11 1357.11 72688.4
10 513.798 2055.19 72295.4
8 1885.01 1885.01 73878.2
11 2420.1 2420.1 74608.1
4 2321.89 2321.89 74538.2
9 748.113 2992.45 73615.6
33
2 143.405 143.405 65729.7
4 856.912 3427.65 66625.7
0 451.768 451.768 66431.6
1 912.052 5148.21 67269.7
6 784.172 784.172 67299.1
3 204.644 204.644 66731.1
11 460.893 460.893 67187.8
5 995.621 995.621 67902.1
8 1262.97 1262.97 68280.7
7 477.318 3409.27 67446.8
0 1745.38 1745.38 69167
6 1784.15 1784.15 69013.2
1 1859.25 7437.01 69368.8
2 509.367 509.367 68128.7
3 853.53 853.53 68729.2
9 795.578 795.578 68648.3
10 256.798 256.798 68273.1
11 557.067 2228.27 69128.3
4 434.529 434.529 69628.2
2 1109.95 1109.95 70123.8
5 247.529 247.529 70425.1
10 153.229 153.229 70381
9 99.6546 1898.62 71075.4
3 303.995 303.995 71497
2 975.905 975.905 72156.6
7 311.185 1244.74 71527.2
1 498.681 1994.72 72189.1
11 487.84 487.84 71927.8
0 893.842 893.842 72724.5
10 323.251 1293 72544.9
4 748.392 748.392 73371.1
10 1860.65 1860.65 74505.8
9 304.495 304.495 73061.9
41
7 1059.06 1059.06 67640.2
1 154.052 154.052 66690.3
2 185.835 185.835 66723.2
0 757.846 3031.38 67587.9
4 691.061 691.061 66995.1
10 788.008 788.008 68743
3 595.364 2381.46 68432
1 1260.69 5042.75 68972.1
2 588.81 588.81 68956.5
5 274.912 1099.65 68365.1
11 880.57 880.57 69425.9
4 1067.6 4270.41 69854.2
9 1297.93 5191.7 69406.8
5 1540.32 6161.26 70191.6
7 1030.6 5622.39 70567.4
9 1717.57 1717.57 71648.3
3 445.77 1783.08 70724.6
10 1389.29 5557.15 71231.4
6 377.954 377.954 70699.5
0 565.246 2260.99 70993
2 1608.17 6432.68 71851.8
4 1976.16 1976.16 72349.3
5 1174.94 4699.77 71730.3
11 989.399 3957.6 71896.9
1 1255.29 1255.29 72713.6
11 4261.34 4261.34 75447.9
8 602.149 602.149 72156.6
4 3347.52 3347.52 74863.3
6 818.671 818.671 72371.9
5 2155.07 2155.07 73946.4
7 711.715 4346.86 72735.4
3 1405.21 5620.83 73136.8
10 1175.89 4703.57 72982.7
10 2869.85 2869.85 74756.8
2 3421.16 3421.16 75475.7
1 3113.28 3113.28 75527.5
0 637.374 8549.49 73086
2 1154.22 4616.87 73436.6
8 2219.94 8879.75 74746.5
9 1020.65 4082.6 74116.5
7 2756.72 4256.72 75830.8
38
2 143.405 143.405 65729.7
4 856.912 3427.65 66625.7
0 451.768 451.768 66431.6
1 912.052 5148.21 67269.7
6 784.172 784.172 67299.1
3 204.644 204.644 66731.1
11 460.893 460.893 67187.8
5 995.621 995.621 67902.1
8 1262.97 1262.97 68280.7
7 477.318 3409.27 67446.8
0 1745.38 1745.38 69167
6 1784.15 1784.15 69013.2
1 1859.25 7437.01 69368.8
2 509.367 509.367 68128.7
4 783.857 3135.43 68394
10 1705.66 1705.66 69136.6
3 674.088 674.088 69370.5
9 294.297 1794.3 68951.8
2 2267.04 2267.04 70955.9
4 1719.52 1719.52 70871.7
8 278.767 278.767 70262.8
11 657.292 2157.29 70249.8
5 319.014 1819.01 70104.9
10 1877.15 1877.15 72131
3 596.765 3887.06 71830.3
0 1110.38 1110.38 72059.8
5 937.54 3750.16 72351.9
2 1391.12 1391.12 72697.9
4 1448.86 1448.86 72814.5
9 456.488 3325.95 72251.8
6 156.174 156.174 72065.3
11 839.854 839.854 72935.9
3 1699.55 1699.55 74628.7
2 2227.7 2227.7 74881.5
0 1085.15 1085.15 73640.5
4 2357.46 2357.46 75078.3
9 1384.49 1384.49 74313.2
10 1332.47 5329.87 74218.7
37
1 140.286 140.286 65879.8
0 1229.45 4917.81 66895.1
2 644.484 644.484 66900.5
10 302.453 1209.81 66401.6
3 171.162 171.162 66794
6 701.307 701.307 67411.7
5 463.842 1855.37 67703.7
4 546.548 2186.19 67714.1
10 971.687 971.687 68609
2 1305.48 1305.48 69260.5
1 231.647 926.589 68068.3
7 862.999 3452 68574.5
0 1342.7 1342.7 69710.4
9 306.545 1226.18 68396.7
11 880.57 880.57 69425.9
3 669.546 4178.18 69456.1
5 1534.51 6138.02 69643.4
9 1571.95 6287.8 70223.2
1 720.077 720.077 70508.4
6 986.321 986.321 70249
4 497.223 1988.89 69924.6
7 513.147 3552.59 70732.6
8 771.784 3087.14 70922.4
10 335.264 335.264 70393.5
2 2012.84 8051.34 72367.3
9 1492.82 1492.82 72189.5
10 2618.34 2618.34 73315.2
0 610.029 2440.12 71737.6
4 917.904 3671.61 72133.4
11 1091.52 4366.08 72307.6
7 1237 4948.01 72927.4
3 645.028 645.028 72085
6 364.533 364.533 72195.2
5 628.357 4013.43 72850
8 2046 2046 74668.7
1 672.991 2172.99 73318.1
3 1246.37 1246.37 74003.8
45
2 143.405 143.405 65729.7
4 856.912 3427.65 66625.7
0 451.768 451.768 66431.6
1 912.052 5148.21 67269.7
6 784.172 784.172 67299.1
3 204.644 204.644 66731.1
11 460.893 460.893 67187.8
5 995.621 995.621 67902.1
8 1262.97 1262.97 68280.7
7 477.318 3409.27 67446.8
0 1745.38 1745.38 69167
6 1784.15 1784.15 69013.2
1 1859.25 7437.01 69368.8
2 509.367 509.367 68128.7
10 498.994 498.994 68238.2
8 1302.44 1302.44 69592.2
4 333.466 1333.87 69300.8
9 374.757 374.757 70163
10 1264.07 1264.07 70526.7
2 268.067 1072.27 69695.4
6 1226.56 4906.25 71446
0 1119.68 4478.71 71270.3
2 1421.66 1421.66 71479.9
4 1888.4 7553.6 72242.9
3 317.494 317.494 71014.2
10 3268.78 3268.78 73965.6
8 1043.69 4174.76 72171.2
11 951.23 5304.92 72166.7
5 626.971 626.971 72085.3
7 292.207 292.207 71478.7
1 330.284 1830.28 71884.7
8 4294.89 4294.89 75810.6
0 1726.17 1726.17 73279.4
9 1198.61 1198.61 72990
3 1158.46 6133.85 73182.1
5 2765.87 11063.5 74497.4
2 2115.57 8462.26 73922.4
2 3809.52 3809.52 75696.5
10 4209.27 4209.27 76263.8
1 1830.97 1830.97 74245.2
7 979.354 3917.42 73428
4 2348.26 9393.05 74630.6
6 790.508 3162.03 73317
11 1792.58 7170.32 74888.4
4 3888.71 3888.71 76962.8
27
7 1059.06 1059.06 67640.2
1 154.052 154.052 66690.3
2 185.835 185.835 66723.2
0 757.846 3031.38 67587.9
4 691.061 691.061 66995.1
10 498.994 498.994 68238.2
6 661.063 661.063 68950.8
2 410.457 1641.83 69377.8
1 247.07 247.07 70424.6
4 487.919 487.919 70715.7
10 274.454 1097.81 71250.2
3 160.59 160.59 71353.6
2 337.981 337.981 71518.7
0 884.747 3538.99 71795
6 438.698 438.698 72075.1
8 342.187 342.187 71922.3
5 305.098 2720.39 71919.5
7 958.733 958.733 72645.1
1 334.802 2839.21 71903
8 2661.67 2661.67 74393.1
6 2035.2 2035.2 74333.3
0 3355.79 3355.79 75699.6
0 1128.95 4515.79 73468.9
4 716.608 2866.43 73038.1
10 568.808 2275.23 73717.6
2 1095.25 1095.25 73818
9 276.628 1106.51 73217.4
32
7 1059.06 1059.06 67640.2
1 154.052 154.052 66690.3
2 185.835 185.835 66723.2
0 757.846 3031.38 67587.9
4 691.061 691.061 66995.1
10 788.008 788.008 68743
3 595.364 2381.46 68432
1 1260.69 5042.75 68972.1
2 588.81 588.81 68956.5
5 274.912 1099.65 68365.1
11 880.57 880.57 69425.9
4 1067.6 4270.41 69854.2
9 1297.93 5191.7 69406.8
5 1540.32 6161.26 70191.6
0 1568.05 1568.05 70935.4
6 987.468 987.468 70581.4
9 1860.13 1860.13 71593.4
7 385.628 3042.51 69909
3 822.632 3290.53 70900.8
2 1506.65 1506.65 72246.5
5 1189.83 1189.83 71768.1
10 532.982 532.982 71265.8
4 1781.48 1781.48 72672.4
4 3630.49 3630.49 74790.4
1 638.618 2554.47 71854.7
11 278.355 1113.42 71968.8
7 613.394 613.394 72053.3
6 1118.27 1118.27 72949
10 1021.3 4085.21 73242.9
0 295.197 295.197 72917.9
10 2558.7 2558.7 75203.8
5 929.518 929.518 73686.9
28
0 471.042 471.042 66957.1
2 41.8641 167.456 66748.9
7 506.053 506.053 67447.9
1 698.265 4293.06 67974.5
6 841.955 3367.82 67831.6
8 400.625 1602.5 70645.8
10 289.332 1157.33 67610.5
3 542.823 2171.29 68563.4
6 1169.01 1169.01 69278.4
4 286.448 1145.79 68806.5
2 690.604 690.604 69171.3
7 918.588 3674.35 69447.3
0 649.803 2599.21 69043.8
11 774.259 4597.04 69852.9
6 1962.06 1962.06 70797.7
3 480.98 480.98 70658.6
10 153.229 153.229 70381
2 542.428 2169.71 71518.2
5 365.097 365.097 71558.1
4 877.063 877.063 72057.7
1 559.806 2239.22 71775.9
11 169.695 678.78 71860.1
9 562.865 562.865 72002.8
0 893.842 893.842 72724.5
10 323.251 1293 72544.9
8 748.392 748.392 73371.1
2 1164.03 1164.03 73809.2
3 308.745 308.745 73066.1
32
7 1059.06 1059.06 67640.2
1 154.052 154.052 66690.3
2 185.835 185.835 66723.2
0 757.846 3031.38 67587.9
4 691.061 691.061 66995.1
10 925.028 3700.11 68535.2
6 1339.99 1339.99 68771
1 527.792 527.792 69224.3
2 608.294 608.294 69265.8
4 676.196 676.196 69365
0 1366.18 1366.18 70518.3
8 575.461 575.461 70559.5
4 1313.58 1313.58 70906.1
10 1424.03 1424.03 71209.9
2 1251.66 1251.66 71505.5
1 511.815 3547.26 71745.4
6 1186.97 1186.97 72136.4
7 957.154 3828.62 72371.5
11 1465.37 7361.49 72375.6
8 1147.93 1147.93 72784.4
8 3130.49 3130.49 74710.6
3 166.277 2165.11 71780.7
5 723.486 723.486 72409.8
0 428.466 1713.86 71996.6
6 2539.51 2539.51 74271
10 4009.73 4009.73 76307.8
6 3786.77 3786.77 76130.6
10 1103.14 4412.56 73443.1
4 716.608 2866.43 73038.1
2 1090.24 4360.95 74239
0 1085.39 1085.39 73808.2
9 276.628 1106.51 73217.4
32
0 471.042 471.042 66957.1
2 41.8641 167.456 66748.9
7 506.053 506.053 67447.9
1 698.265 4293.06 67974.5
6 841.955 3367.82 67831.6
8 400.625 1602.5 70645.8
10 289.332 1157.33 67610.5
4 795.101 3180.41 68405.3
2 1427.76 1427.76 68858.7
3 846.078 846.078 69542.5
10 896.357 896.357 69553.8
0 1097.32 1097.32 69786.2
4 1730.77 1730.77 70882.9
11 744.556 744.556 70922.1
2 1514.19 1514.19 71742
0 605.172 2420.69 71581
5 365.097 365.097 71558.1
10 1098.22 1098.22 72278.9
6 884.747 3538.99 71795
1 438.698 1938.7 72075.1
7 439.613 1939.61 72019.8
9 332.702 2830.81 71947.2
3 163.455 163.455 71849.8
4 793.054 3172.22 72361.2
10 3399.74 3399.74 75131.2
7 1979.83 3479.83 74277.9
4 3074.24 3074.24 75418.1
6 1128.95 4515.79 73468.9
11 774.565 4598.26 73096.1
8 594.565 2378.26 73743.3
0 669.741 669.741 73392.5
9 1116.75 4467.01 74057.5
30
1 140.286 140.286 65879.8
0 1229.45 4917.81 66895.1
2 644.484 644.484 66900.5
10 302.453 1209.81 66401.6
3 171.162 171.162 66794
6 701.307 701.307 67411.7
5 463.842 1855.37 67703.7
4 546.548 2186.19 67714.1
10 971.687 971.687 68609
1 217.316 217.316 68093
3 484.713 484.713 68337.5
2 1397.14 1397.14 69413.4
11 636.576 2546.31 69207.8
4 950.874 950.874 70144.6
10 1590.31 1590.31 70604.1
0 186.1 186.1 70170.1
2 1361.98 1361.98 70954.5
4 2610.91 2610.91 72396.7
2 2721.04 2721.04 72974.9
1 514.007 3556.03 71747.6
6 1110.38 1110.38 72059.8
5 626.971 2507.89 72041.3
7 559.806 2239.22 71775.9
11 1495.57 5982.3 73186
3 156.683 156.683 71596.6
10 1485.63 1485.63 73316.3
9 303.298 2713.19 72524.9
4 1735.42 1735.42 74358.1
2 2290.66 2290.66 74935.8
3 758.026 758.026 73515.4
