57
3 162.574 162.574 65884.6
0 532.056 2128.22 66366.6
12 851.343 3405.37 66620.1
5 298.417 1193.67 66129.1
9 350.002 350.002 66407.1
10 106.358 106.358 66287
13 482.117 482.117 66429.5
11 479.205 1916.82 66879.1
4 241.838 241.838 66628.4
2 290.474 290.474 66742.5
1 595.176 595.176 67103.9
7 2478.68 9914.73 68994.6
6 2514.96 10059.8 69306.4
8 3226.06 9226.06 69932.8
3 1748.2 8492.78 68656.5
5 2459.05 2459.05 68964.3
10 2770.06 8770.06 69702.9
0 2550.36 8550.36 69265.5
9 1697.5 3197.5 69208.4
13 882.01 5028.04 68246.5
12 1316.03 5264.13 68833.9
4 1014.02 4056.09 68675
2 572.947 2291.79 68497.2
11 807.647 4730.59 68718.9
1 445.455 445.455 68899.4
13 1736.85 3236.85 70055.2
2 2292.16 15168.6 71040
3 3187.31 14249.2 71799.2
4 1732.89 12931.6 70752.7
11 1612.37 3112.37 70960.2
12 1383.52 11534.1 70962.3
1 741.148 2241.15 70756.7
5 1303.84 6715.36 71217
7 497.657 497.657 71240
9 1786.5 7146 72534.6
0 1437.34 7437.34 72544.2
6 903.918 3615.67 71742.1
10 2372.41 9489.64 73405.2
8 772.366 772.366 71909.1
13 733.968 4435.87 72017
4 2240.83 2240.83 73292.3
1 1855.58 3355.58 73123.7
11 2323.84 10795.4 73903.7
12 1453.51 5814.03 72992.7
2 1992.98 1992.98 73579.1
5 3476.42 13905.7 75189.7
7 1093.45 2593.45 72812.9
6 2481.09 15924.3 74425.2
3 1606.04 3106.04 73618.9
8 1495.76 11983 73716
13 1879.54 1879.54 74101.1
9 2269.13 3769.13 74511.7
0 3493.39 3493.39 75882.5
7 2416.94 11167.8 74590.1
12 3271.51 19086 75963.7
1 2451.05 11304.2 75359.6
4 2407.77 15631.1 75340.8
59
10 163.887 655.55 65924.6
3 128.83 515.322 65929.7
5 305.807 305.807 66156.2
4 228.495 228.495 66270.2
2 301.746 301.746 66358
12 398.122 1592.49 66459.6
7 596.818 2387.27 67094
6 265.698 265.698 66605.1
9 325.666 1302.67 66839.5
0 414.304 1657.21 66819.7
11 474.883 1899.53 66946.3
13 544.056 2044.06 67176
1 621.645 3986.58 67171.4
8 738.832 738.832 67151.9
10 1192.59 10770.4 67806.8
3 580.596 2080.6 67693.3
5 988.68 3954.72 67939.4
4 877.023 3508.09 68267.4
2 2952.82 2952.82 70038.2
12 825.733 825.733 68271.9
6 2907.5 2907.5 70654
0 823.322 3293.29 68822.7
9 962.945 962.945 68975.7
11 737.451 737.451 68760.6
7 1969.74 3469.74 70899.2
8 2180.62 8722.48 70786.8
1 433.684 3234.73 68886.6
13 1775.1 3275.1 70853.2
3 967.859 2467.86 69987.1
5 460.157 460.157 70049.5
10 899.283 3597.13 71099.4
4 909.308 3637.23 70366
12 773.872 773.872 71044.5
11 682.319 2729.28 70610.1
0 1552.67 12210.7 71671.4
1 683.166 2183.17 70829.4
9 1075.75 4303.01 71817.4
3 1659.22 6636.88 72465.4
2 1820.99 7283.97 73135.6
5 1109.63 2609.63 72665.1
4 1123.3 4493.18 72190.6
11 1248.34 2748.34 72406.6
6 2749.87 2749.87 74526.5
8 1600.01 1600.01 73123.9
1 1220.64 6382.55 72405.9
13 3308.84 14735.4 74896.6
7 3178.89 12715.5 75140.5
12 2664.77 10659.1 74144.3
10 1721.1 6884.39 73445.4
0 2658.25 2658.25 74509.3
9 1781.19 1781.19 73641.6
4 1690.37 1690.37 74196.5
1 1711.48 6845.91 74440.6
11 1772.07 3272.07 74440.9
3 1836.39 7345.57 74441.5
5 3448.22 3448.22 75995.9
8 3276.09 3276.09 75927.3
2 2961.68 17846.7 76043.7
10 2539.58 2539.58 75341.8
69
10 164.742 164.742 65938.8
4 238.928 238.928 66198
3 184.024 184.024 66222.7
5 225.508 225.508 66300
13 495.139 495.139 66404.5
9 369.049 369.049 66439.8
11 441.459 441.459 66505.8
2 283.638 1134.55 66427.7
1 630.522 630.522 66934.4
12 314.499 314.499 66397.3
0 614.118 614.118 66994.5
7 2085.18 9840.74 68734.9
6 2705.43 8705.43 68999.3
8 3225.92 3225.92 69764.3
10 1771.04 13084.2 68255.6
4 2126.49 8126.49 69415
3 3346.33 4846.33 70402.7
5 2522.86 11591.5 69654.2
12 1370.1 7370.1 68460
13 1205 4819.98 68229.5
2 1150.94 1150.94 68258.2
9 1388.01 2888.01 68638
11 952.847 952.847 68486.7
1 1402.94 2902.94 68887.1
0 1368.84 7368.84 68973.5
13 2111.82 9947.3 69774.2
10 3165.03 9165.03 71164.6
2 1938.37 1938.37 69786.6
12 2243.56 2243.56 70486.4
11 2180.18 8720.73 70674.6
9 3102.86 13911.4 71577.7
7 2699.71 12298.9 71274.1
1 1848.33 3348.33 70713.6
0 1912.69 7912.69 70805.8
6 1920.72 1920.72 71244.4
4 2594.57 2594.57 71864.9
5 4264.97 17059.9 73460.5
8 4080.98 16323.9 73848.2
13 1738.54 3238.54 71760.3
2 1889.81 7889.81 71613.1
3 4988.84 4988.84 74899.5
12 3086.63 18346.5 72968.1
11 3737.4 5237.4 74161.5
1 2217.07 3717.07 72511.8
0 2654.5 16618 73366.5
10 2793.61 17174.4 73140.4
6 4334.53 4334.53 74920.9
7 2349.89 3849.89 73025.4
9 4561.95 6061.95 75343.5
2 2333.96 9335.84 73366.7
13 2945.99 4445.99 74082.7
4 3000.01 12000 74283.1
1 3547.41 5047.41 74598.9
12 3548.14 3548.14 74816.2
7 3510.06 15540.3 75089.9
10 3631.59 14526.4 75170.8
0 4823.81 4823.81 76409.9
2 3594.16 20376.6 75307.4
5 3313.98 4813.98 75033.4
8 6740.14 32960.6 78684.3
13 3889.55 5389.55 75902.4
11 6656.01 26624 78876.2
4 4145.58 10145.6 76367.2
1 4333.46 5833.46 76576.1
12 4735 4735 77124.1
3 4665.56 20162.2 76838.7
6 5604.51 28418 78296.7
5 4902.02 21108.1 77810.6
7 5187.33 20749.3 78120.4
69
3 141.2 141.2 65916.7
10 169.132 676.528 66111.5
2 153.595 153.595 66287
6 396.645 396.645 66268.5
9 283.324 283.324 66269.2
4 271.348 271.348 66483.7
5 282.45 282.45 66297.7
8 711.322 711.322 66424.5
11 442.435 442.435 66501.2
13 613.502 613.502 66695.2
1 740.099 2960.4 66885.5
7 2479.91 2479.91 68592.7
12 448.899 448.899 66657.3
0 848.447 6848.45 67193.9
3 3844.23 5344.23 70244.8
10 1898.59 7898.59 68279.7
6 3637.69 9637.69 69873.2
9 1914.12 9156.48 68225
2 1440.14 5760.55 67813.3
5 1260.53 1260.53 67625.3
8 3637.5 3637.5 70231.4
4 1476.11 7476.11 68523.4
11 3545.56 5045.56 70630.6
12 1575.47 1575.47 68701.7
13 1493.87 7475.47 68730.6
1 1562.14 6248.58 69028.8
0 3145.15 12580.6 70528
5 2143.84 2143.84 69556.7
2 2003.16 8012.63 69521.1
9 2307 10728 69968
10 2512.13 10048.5 70436.4
4 2677.7 10710.8 70589
7 2285.96 2285.96 70739.9
12 2370.5 2370.5 70688.8
13 2936.96 11747.8 71684.8
1 2365.63 10962.5 70977.5
2 2578.92 16315.7 71598.8
5 2392.81 2392.81 71982.1
6 2649.61 10598.4 72849.7
9 2609.86 11939.4 72066.6
8 2733.46 2733.46 73004
3 5102.91 20411.7 75030.7
10 2696.01 16784.1 72814.7
0 1888.24 1888.24 72034.4
4 2150.22 14600.9 72891.9
11 3744.39 14977.6 74550.6
12 2193.42 8773.69 73508
7 1513.58 3013.58 73069.1
1 1734.81 8439.25 72802.1
2 3167.26 12669.1 74200
13 3374.98 4874.98 74511.7
5 3602.03 15908.1 74885.1
0 2531.93 2531.93 73583.4
9 2563.86 4063.86 73831.9
1 3430.95 15223.8 75010.8
10 4284.59 17138.4 75823.8
6 3802.65 3802.65 75388.8
4 2975.18 17900.7 74688.5
8 4429.07 4429.07 76148.5
7 4547.81 18191.2 76492
12 4835.98 4835.98 76848.8
0 3170.08 18680.3 75390.3
9 3735.55 3735.55 75957.2
2 4040.63 4040.63 76283.2
13 3930.79 5430.79 76319.9
11 4316.67 18766.7 76489.8
4 5319.47 27277.9 78011.6
5 4731.81 20427.2 77640.4
1 5108.22 20432.9 78041.3
61
10 164.742 164.742 65938.8
4 238.928 238.928 66198
3 184.024 184.024 66222.7
5 225.508 225.508 66300
13 495.139 495.139 66404.5
9 369.049 369.049 66439.8
11 441.459 441.459 66505.8
2 283.638 1134.55 66427.7
1 630.522 630.522 66934.4
12 314.499 314.499 66397.3
0 614.118 614.118 66994.5
7 2085.18 9840.74 68734.9
6 2705.43 8705.43 68999.3
8 3225.92 3225.92 69764.3
10 1771.04 13084.2 68255.6
4 2126.49 8126.49 69415
3 3346.33 4846.33 70402.7
5 2522.86 11591.5 69654.2
12 1370.1 7370.1 68460
13 1205 4819.98 68229.5
2 1150.94 1150.94 68258.2
9 1388.01 2888.01 68638
11 952.847 952.847 68486.7
1 1229.87 6419.47 68747.8
0 1380.05 5520.18 69041
13 2059.96 9739.84 69984.2
10 2390.58 9562.3 70301.8
2 1599.68 7599.68 70053.6
12 2442.88 2442.88 70761.2
11 2693.15 10772.6 71441
9 2587.12 11848.5 71199
7 2068.8 8275.21 71088.7
1 1612.12 6448.46 70807.7
6 3491.91 13967.6 73259.1
0 1512.76 1512.76 71534.5
4 2496.39 8496.39 72219.6
5 3469.5 3469.5 73380.1
8 1803.69 13214.8 71685.1
13 3647.37 5147.37 74071.5
2 1520.27 1520.27 71815
10 2034.87 14139.5 72746.9
3 4646.68 18586.7 74993.4
12 4552.54 4552.54 75138.9
1 1883.48 3383.48 72559
7 2686.98 4186.98 73468.6
9 1886.87 3386.87 73142.4
11 3053.53 4553.53 74239.5
0 2572.25 2572.25 73982.8
8 2693.29 2693.29 73997.8
2 2591.7 2591.7 74121.7
4 2494.99 15980 74243.7
1 3075.92 3075.92 74700.7
10 3884.79 3884.79 75658.6
9 3254.96 13019.8 75094.5
6 5998.34 11998.3 78044.3
5 2949.05 4449.05 75098
7 2973.3 4473.3 75721.4
0 3617.99 3617.99 75939.9
8 3192.09 3192.09 75788.7
13 6101.87 24407.5 79124.2
2 3849.52 3849.52 76902.9
70
10 163.887 655.55 65924.6
3 128.83 515.322 65929.7
5 305.807 305.807 66156.2
4 228.495 228.495 66270.2
2 301.746 301.746 66358
12 398.122 1592.49 66459.6
7 596.818 2387.27 67094
6 265.698 265.698 66605.1
9 325.666 1302.67 66839.5
0 414.304 1657.21 66819.7
11 474.883 1899.53 66946.3
13 544.056 2044.06 67176
1 621.645 3986.58 67171.4
8 738.832 738.832 67151.9
10 1192.59 10770.4 67806.8
3 580.596 2080.6 67693.3
5 988.68 3954.72 67939.4
4 877.023 3508.09 68267.4
2 2952.82 2952.82 70038.2
12 825.733 825.733 68271.9
6 2465.89 8465.89 70161.4
0 1408.8 1408.8 69000.1
9 1051.12 2551.12 68807.4
11 663.248 2163.25 68490.2
7 1799.12 3299.12 70415.1
8 2255.45 2255.45 71142.5
1 350.952 1850.95 68988.5
13 237.575 1737.58 69135.5
3 1319.69 6778.77 70249
10 1168.2 7168.2 70330.6
5 1829.17 8816.67 70954.4
4 215.474 215.474 69623.5
12 2549.19 2549.19 72575.9
11 1140.13 1140.13 71361.7
9 1471.13 2971.13 71601.5
1 629.885 2129.89 70759.3
0 966.772 6966.77 71438.1
13 1242.25 1242.25 71443.3
4 1180.41 4721.62 71895
2 3490.08 19960.3 73880.7
6 2605.48 10421.9 73512.7
3 1406.55 2906.55 72177
10 2085.7 8342.8 73358.3
7 3309.61 3309.61 74243.8
1 1612.64 3112.64 72573.2
5 3648.44 3648.44 74971.5
8 2212.4 8212.4 73547.5
11 2564.61 4064.61 73941.6
0 3260.86 3260.86 74778.4
13 1484.21 7436.85 73415.7
9 3072.5 4572.5 75254.1
4 3603.44 20413.7 75230.5
3 2255.14 10520.6 73976.8
1 2798.2 11192.8 74922.5
12 4698.83 10698.8 76664.7
10 3780.7 15122.8 75764.9
13 3739.85 16459.4 75862.5
6 5400.7 11400.7 77534.1
8 3974.67 15898.7 76758.6
2 4318.32 23273.3 76685.8
11 3606.83 5106.83 76037.4
3 3989.58 15958.3 76422.3
7 3791.19 5291.19 76445
0 3913.4 15653.6 76657.1
1 5294.51 22678 77903.4
5 4247.23 16988.9 76852
4 4703.6 24814.4 77501.4
9 5322.02 5322.02 78188.5
10 4833.9 10833.9 77698.8
13 4943 21272 77815.4
60
3 141.2 141.2 65916.7
10 169.132 676.528 66111.5
2 153.595 153.595 66287
6 396.645 396.645 66268.5
9 283.324 283.324 66269.2
4 271.348 271.348 66483.7
5 282.45 282.45 66297.7
8 711.322 711.322 66424.5
11 442.435 442.435 66501.2
13 613.502 613.502 66695.2
1 740.099 2960.4 66885.5
7 2479.91 2479.91 68592.7
12 448.899 448.899 66657.3
0 848.447 6848.45 67193.9
3 3844.23 5344.23 70244.8
10 1898.59 7898.59 68279.7
6 3637.69 9637.69 69873.2
9 1914.12 9156.48 68225
2 1440.14 5760.55 67813.3
5 1260.53 1260.53 67625.3
8 3637.5 3637.5 70231.4
4 1476.11 7476.11 68523.4
11 3545.56 5045.56 70630.6
12 1575.47 1575.47 68701.7
13 1493.87 7475.47 68730.6
1 1562.14 6248.58 69028.8
0 3145.15 12580.6 70528
5 2143.84 2143.84 69556.7
2 2410.67 2410.67 69886.8
9 2773.33 4273.33 71074
10 853.267 6853.27 70442.6
4 2112 8448 72312.1
7 1095.35 5881.4 70552.1
12 1267.69 1267.69 71538.3
13 779.152 3116.61 70706.9
1 1042.01 4168.05 71160.7
5 916.858 2416.86 71063.1
6 1434.48 11737.9 72176.2
2 966.252 9865.01 71772.4
8 1736.05 6944.19 73050.6
3 3018.99 4518.99 74574.5
10 2168.86 8675.44 73236.1
0 1166.31 1166.31 72324.6
7 2647.9 4147.9 74424.6
11 3710.06 5210.06 75233.9
13 1098.18 5892.7 72283.5
5 1310.79 6743.16 72898.5
9 2646.31 10585.2 74608
1 2377.4 11009.6 73857
12 2530.93 10123.7 74255.2
2 2253.25 2253.25 74104.3
6 2139.93 8139.93 74000.3
13 1783.26 3283.26 74289.3
4 2546.35 16185.4 75275.5
0 1690.04 1690.04 74358.9
5 2515.73 10062.9 75120.8
8 3833.71 9833.71 76381.4
10 2415.29 2415.29 75066.5
1 5103.69 20414.8 78185.7
6 3094.52 3094.52 75896.8
59
10 163.887 655.55 65924.6
3 128.83 515.322 65929.7
5 305.807 305.807 66156.2
4 228.495 228.495 66270.2
2 301.746 301.746 66358
12 398.122 1592.49 66459.6
7 596.818 2387.27 67094
6 265.698 265.698 66605.1
9 325.666 1302.67 66839.5
0 414.304 1657.21 66819.7
11 474.883 1899.53 66946.3
13 544.056 2044.06 67176
1 621.645 3986.58 67171.4
8 738.832 738.832 67151.9
10 1192.59 10770.4 67806.8
3 580.596 2080.6 67693.3
5 988.68 3954.72 67939.4
4 877.023 3508.09 68267.4
2 2952.82 2952.82 70038.2
12 825.733 825.733 68271.9
6 2465.89 8465.89 70161.4
0 1408.8 1408.8 69000.1
9 1051.12 2551.12 68807.4
11 663.248 2163.25 68490.2
7 1799.12 3299.12 70415.1
8 2255.45 2255.45 71142.5
1 350.952 1850.95 68988.5
13 237.575 1737.58 69135.5
3 1319.69 6778.77 70249
10 1168.2 7168.2 70330.6
5 1829.17 8816.67 70954.4
4 2655.83 2655.83 72009.4
12 551.16 8204.64 69798.5
11 814.362 814.362 70340.6
9 1718.9 6875.61 71227.8
1 1387.02 7048.07 71401
0 1572.59 1572.59 71735.9
13 1202.25 2702.25 71563.5
12 1386.17 5544.66 71542.2
2 890.463 6890.46 71954.7
6 1225.83 1225.83 72676.3
3 1031.41 2531.41 72189.7
10 2053.1 2053.1 73829.8
11 1213.92 2713.92 72737.8
7 3089 13856 74274.3
5 3410.04 15140.1 74997.8
8 2310.44 15241.7 74272.1
9 2444.51 11278 73924.1
1 1896.68 9086.73 73620.9
12 2022.99 2022.99 73874
13 1516.56 1516.56 73376.9
0 2214.59 2214.59 74720.7
2 3374.4 19497.6 76103.5
4 3939.71 3939.71 76608.5
3 1806.88 7227.52 74412
6 2432.67 8432.67 74980.4
11 2889.99 4389.99 75541.2
13 4096.56 16386.2 77178.5
1 2715.16 4215.16 75517.4
72
10 147.319 147.319 65960.4
3 132.604 530.416 65941.9
4 139.91 559.642 66166.8
5 299.855 1199.42 66175.9
9 212.23 848.919 66148.4
2 297.732 1190.93 66208.5
11 406.826 406.826 66409.7
7 1005.02 1005.02 67038.7
12 190.372 761.489 66460
0 650.71 650.71 66749.5
13 482.009 1928.04 66460.5
1 304.972 1219.89 66606.4
6 1826.91 13307.7 67969.3
8 3226.73 9226.73 69624.8
3 1499.84 1499.84 67948.9
10 1974.09 1974.09 68468.2
9 1680.28 6721.12 68169.2
4 1898.43 7593.7 68259.5
5 3674.22 16196.9 70489.7
2 1528.11 12112.4 68155.6
11 1646.51 8086.04 68475.3
12 3810.57 21242.3 73644.1
13 1250.02 1250.02 68277.5
1 2152.64 3652.64 69171.7
0 2347.63 9390.53 69550.8
7 1734.59 8438.37 69252.5
3 2334.54 10838.1 69995.5
6 2093.53 8374.12 70017.8
2 2084.09 8336.38 69995.4
9 1510.76 1510.76 69964.7
4 1749.78 1749.78 70068.1
13 2047.85 8191.4 70795.7
10 2417.33 9669.33 71029.2
11 1972.29 7889.15 70992.1
1 2600.8 4100.8 71948.6
7 1802.08 7208.32 71380.9
0 2222.1 2222.1 72237.6
8 3128.99 12516 73042.2
9 1540.5 1540.5 72282.9
2 1544 12176 72292.1
3 1141.02 1141.02 72247.9
6 1140.46 4561.83 71978.6
4 796.739 9186.96 72009.1
5 4066.57 17766.3 75231.6
13 2409.67 2409.67 73609.4
11 2592.34 2592.34 73795.5
10 1663.41 7663.41 73000.7
7 1863.65 3363.65 73132.1
1 3937.29 17249.2 75075.5
6 3981.36 15925.4 75542
4 3427.69 3427.69 75109.2
0 3633.49 14534 75040.4
3 4068.2 17772.8 75359.5
9 2664.7 12158.8 74120.5
2 2628.6 2628.6 74109.1
10 3392.61 13570.5 74939.8
8 5075.61 5075.61 76881.4
7 3515.37 15561.5 75488.6
13 4179.05 18216.2 76393.6
12 4112.13 4112.13 76016.4
11 3767.9 3767.9 75802.1
2 3820.47 9820.47 75617.8
9 3743.04 5243.04 75669.5
10 5015.71 5015.71 77221.2
0 4637.07 18548.3 76781.7
1 4692.93 20271.7 77202.9
4 6007.75 6007.75 78438.3
5 4841.98 20867.9 77855.6
3 4697.16 20288.7 77074.7
7 5242.84 6742.84 77851.6
6 6467.11 31868.4 79487.3
2 4405.71 4405.71 77167.6
74
10 164.742 164.742 65938.8
4 238.928 238.928 66198
3 184.024 184.024 66222.7
5 225.508 225.508 66300
13 495.139 495.139 66404.5
9 369.049 369.049 66439.8
11 441.459 441.459 66505.8
2 283.638 1134.55 66427.7
1 630.522 630.522 66934.4
12 314.499 314.499 66397.3
0 614.118 614.118 66994.5
7 2085.18 9840.74 68734.9
6 2705.43 8705.43 68999.3
8 3225.92 3225.92 69764.3
10 1771.04 13084.2 68255.6
4 2126.49 8126.49 69415
3 3346.33 4846.33 70402.7
5 2522.86 11591.5 69654.2
12 1370.1 7370.1 68460
13 1205 4819.98 68229.5
2 1150.94 1150.94 68258.2
9 1388.01 2888.01 68638
11 952.847 952.847 68486.7
1 1480.23 1480.23 69175.7
0 1564.97 1564.97 69156.2
13 2009.8 3509.8 69766.1
10 2957.64 2957.64 70784.6
2 3147.85 3147.85 71763.8
12 2062.64 2062.64 70949.7
11 1845.17 3345.17 70482.7
9 2450.86 3950.86 71348.8
7 2880.83 13023.3 71810.1
6 2056.75 8056.75 71219.1
0 2582.74 10331 71708
1 3564.1 5064.1 72917.7
4 2680.61 16722.4 71927.9
5 4154.38 4154.38 73680.6
8 2378.39 15513.6 71887.3
13 2164.62 10158.5 72178.6
3 4415.91 5915.91 74579.2
11 2085.05 3585.05 72446.3
10 2372.26 9489.03 72528.3
12 2652.53 8652.53 73716.7
6 2788.48 2788.48 74238.9
9 2129.15 8516.62 73341.6
0 4519.5 18078 75684.6
2 4586.34 10586.3 75786
7 2556.39 2556.39 73759.6
8 3412.1 9412.1 74749.4
4 2410.71 2410.71 73679.2
13 3759.87 16539.5 74898
11 4215.5 18362 75776.2
10 3946.82 3946.82 75628.3
1 6282.12 26628.5 77689
9 4129.92 18019.7 75421.3
4 4559.5 18238 76015.3
5 4017.09 5517.09 75497.6
12 6143.38 24573.5 77690.5
7 3925.27 5425.27 75731.1
6 4622.16 18488.6 76595.4
3 4691.71 20266.8 76906.2
8 5217.41 5217.41 77121.7
13 4870.44 4870.44 76904.6
9 5132.61 5132.61 76930
5 5120.1 6620.1 77046.6
10 6918.33 6918.33 79123.8
0 5281.27 21125.1 77425.9
7 5793.09 24672.4 78303.1
11 6674.72 8174.72 79105.3
2 5396.38 21585.5 78410
4 5352.97 21411.9 77730.5
6 6349.62 6349.62 78958.3
13 5999.35 23997.4 79019.5
3 7265.18 8765.18 80027.1
64
10 147.319 147.319 65960.4
3 132.604 530.416 65941.9
4 139.91 559.642 66166.8
5 299.855 1199.42 66175.9
9 212.23 848.919 66148.4
2 297.732 1190.93 66208.5
11 406.826 406.826 66409.7
7 1005.02 1005.02 67038.7
12 190.372 761.489 66460
0 650.71 650.71 66749.5
13 482.009 1928.04 66460.5
1 304.972 1219.89 66606.4
6 1826.91 13307.7 67969.3
8 3226.73 9226.73 69624.8
3 1499.84 1499.84 67948.9
10 1974.09 1974.09 68468.2
9 1680.28 6721.12 68169.2
4 1898.43 7593.7 68259.5
5 3674.22 16196.9 70489.7
2 1528.11 12112.4 68155.6
11 1646.51 8086.04 68475.3
12 3810.57 21242.3 73644.1
13 1250.02 1250.02 68277.5
1 2152.64 3652.64 69171.7
0 2347.63 9390.53 69550.8
7 2275.99 3775.99 69760.1
3 2323.33 2323.33 69928
6 2392.95 9571.79 70055.3
2 2197.11 8197.11 70196.7
9 1849.44 3349.44 69697.6
4 2444.54 2444.54 70687.4
13 2218.99 8875.95 70713.4
10 2933.07 11732.3 71407.9
11 1829.24 8816.98 70403.6
1 2132.93 3632.93 70998.2
0 3133.92 9133.92 72027
8 2900.15 2900.15 72223.8
9 2179.68 3679.68 71450.1
7 3189.24 4689.24 72537.1
3 2477.57 9910.27 72056.3
6 2235.61 2235.61 72251.1
2 3700.81 14803.2 73614
11 1497.98 1497.98 72240.3
5 4512.51 18050.1 75260.6
4 2265.51 8265.51 73372.4
13 2653.27 12113.1 73491.4
1 1636.44 3136.44 72794.7
10 2588.57 2588.57 74365.2
9 2263.29 3763.29 73787.2
0 3404.83 13619.3 74590.1
3 2304.08 10716.3 73891.8
8 3224.26 18897 75185.9
11 2289.92 10659.7 73769.5
6 2872.86 11491.5 74597.1
7 4044.33 5544.33 75895.3
1 2758.46 2758.46 74618.8
4 4372.14 4372.14 76878.2
13 3500.59 14002.4 76229.7
2 4776.29 4776.29 77445.1
12 3555.41 20221.6 76160.5
11 3049.18 3049.18 75596.9
9 3939.36 5439.36 76590.5
3 5138.54 20554.2 78220.5
10 4810.78 4810.78 77613
66
10 164.742 164.742 65938.8
4 238.928 238.928 66198
3 184.024 184.024 66222.7
5 225.508 225.508 66300
13 495.139 495.139 66404.5
9 369.049 369.049 66439.8
11 441.459 441.459 66505.8
2 283.638 1134.55 66427.7
1 630.522 630.522 66934.4
12 314.499 314.499 66397.3
0 614.118 614.118 66994.5
7 2085.18 9840.74 68734.9
6 2705.43 8705.43 68999.3
8 3225.92 3225.92 69764.3
10 1771.04 13084.2 68255.6
4 2126.49 8126.49 69415
3 3346.33 4846.33 70402.7
5 2522.86 11591.5 69654.2
12 1370.1 7370.1 68460
13 1205 4819.98 68229.5
2 1150.94 1150.94 68258.2
9 1388.01 2888.01 68638
11 952.847 952.847 68486.7
1 1229.87 6419.47 68747.8
0 1380.05 5520.18 69041
13 2059.96 9739.84 69984.2
10 2390.58 9562.3 70301.8
2 1599.68 7599.68 70053.6
12 2442.88 2442.88 70761.2
11 2693.15 10772.6 71441
9 2587.12 11848.5 71199
7 2068.8 8275.21 71088.7
1 1641.23 3141.23 70989
6 1008.03 10032.1 70586.8
0 882.834 882.834 70898.4
4 2467.32 9869.28 72380.5
5 2933.2 2933.2 73675.6
8 994.398 9977.59 71742.5
13 1129.7 1129.7 72236.6
2 1176.27 4705.06 72014.4
10 1155.13 1155.13 72115.7
3 3863.1 3863.1 75186.2
6 1077.79 7077.79 72412.9
12 1137.09 1137.09 72514.1
0 2185.26 2185.26 73702.8
1 2571.55 11786.2 74503
7 1830.23 3330.23 74011.8
9 1382.13 5528.51 73009.2
11 2124.98 9999.91 73846.7
8 1662.08 12648.3 73786.4
2 2744.25 8744.25 74710.1
10 2099.87 8399.48 74084
13 3573.05 15792.2 75695.7
4 4268.54 10268.5 76401.9
6 2840.06 11360.2 75624
12 2412.25 15649 74779.8
9 2847.54 4347.54 75278.1
5 3260.61 13042.4 75693.4
0 3250.19 3250.19 75904
8 3436.06 13744.2 76179.7
11 4218.66 18374.6 76827.6
7 3587.02 14348.1 76191.8
10 3868.07 21472.3 76665.9
1 4049.68 4049.68 76916.1
2 3779.18 9779.18 76644
12 5216.56 20866.3 78089
55
10 147.319 147.319 65960.4
3 132.604 530.416 65941.9
4 139.91 559.642 66166.8
5 299.855 1199.42 66175.9
9 212.23 848.919 66148.4
2 297.732 1190.93 66208.5
11 406.826 406.826 66409.7
7 1005.02 1005.02 67038.7
12 190.372 761.489 66460
0 650.71 650.71 66749.5
13 482.009 1928.04 66460.5
1 304.972 1219.89 66606.4
6 1826.91 13307.7 67969.3
8 3226.73 9226.73 69624.8
3 1499.84 1499.84 67948.9
10 1974.09 1974.09 68468.2
9 1680.28 6721.12 68169.2
4 1898.43 7593.7 68259.5
5 3674.22 16196.9 70489.7
2 1528.11 12112.4 68155.6
11 1646.51 8086.04 68475.3
12 3810.57 21242.3 73644.1
13 1250.02 1250.02 68277.5
1 2152.64 3652.64 69171.7
0 2347.63 9390.53 69550.8
7 2283.99 3783.99 69760.1
3 2399.3 3899.3 70700
6 862.745 862.745 70210.6
9 191.142 764.567 69769.9
4 615.074 615.074 70630.6
2 2053.11 8212.45 71966.3
1 364.152 364.152 71106.5
11 469.149 1876.6 71217.2
13 622.635 622.635 71729.5
10 840.623 3362.49 71678.8
0 1576.91 6307.66 72609.7
8 464.434 464.434 71601.2
7 438.936 3255.74 71722
9 267.416 1767.42 71318.9
6 1821.75 1821.75 73089.8
5 3385.39 15041.5 74965.2
4 2103.6 8414.4 73642.8
3 2157.24 3657.24 73743.3
1 1189.78 4759.14 72903.1
11 1070.66 2570.66 72790.1
9 1362.82 5451.26 73307
8 1408 1408 73420.8
10 1947.45 13789.8 74167.6
7 1584.5 1584.5 73806.1
13 2953.41 4453.41 75196
2 3598.66 3598.66 75987.7
0 1776.8 7107.21 73949.9
11 3421.11 13684.5 76113.3
1 2771.66 12586.7 75680.2
6 2684.58 16738.3 75617.7
63
10 147.319 147.319 65960.4
3 132.604 530.416 65941.9
4 139.91 559.642 66166.8
5 299.855 1199.42 66175.9
9 212.23 848.919 66148.4
2 297.732 1190.93 66208.5
11 406.826 406.826 66409.7
7 1005.02 1005.02 67038.7
12 190.372 761.489 66460
0 650.71 650.71 66749.5
13 482.009 1928.04 66460.5
1 304.972 1219.89 66606.4
6 1826.91 13307.7 67969.3
8 3226.73 9226.73 69624.8
3 1499.84 1499.84 67948.9
10 1974.09 1974.09 68468.2
9 1680.28 6721.12 68169.2
4 1898.43 7593.7 68259.5
5 3674.22 16196.9 70489.7
2 1528.11 12112.4 68155.6
11 1646.51 8086.04 68475.3
12 3810.57 21242.3 73644.1
13 1250.02 1250.02 68277.5
1 2152.64 3652.64 69171.7
0 2347.63 9390.53 69550.8
7 2144.07 3644.07 69890.6
3 2473.3 11393.2 70472.7
6 2352.63 8352.63 70365.4
2 2064.74 8064.74 70087.9
9 2883.3 4383.3 71812.8
4 1394.69 5578.77 70000.9
13 1539.83 7659.32 69992.7
10 2175.69 2175.69 71253.8
11 2213.25 3713.25 71232.5
1 1495.27 5981.07 70690.8
0 2553.4 10213.6 72320.6
8 2084.85 2084.85 72106.6
7 1993.84 1993.84 71717.1
13 2136.75 2136.75 72047.4
4 1940.28 13761.1 71821.7
2 4265.64 4265.64 74689.7
6 2452.23 2452.23 72746.9
3 2321.44 9285.76 73033.5
5 4733.73 18934.9 75080.5
1 4482.18 5982.18 75068.5
11 3433.47 4933.47 74109
10 4238.07 4238.07 75019.6
7 2404.91 3904.91 73660.4
9 4645.55 6145.55 75831.6
4 2859.49 2859.49 74270
13 3055.54 4555.54 74360
8 2883.32 2883.32 74413.3
0 5532.62 28130.5 77281.3
6 3263.86 9263.86 74888.6
3 4171.36 5671.36 75945.1
12 3756.75 21027 75596.2
7 3611.93 3611.93 75657.9
11 3677.9 5177.9 75826.8
4 4348.3 4348.3 77096.4
13 3557.99 5057.99 75879.9
8 3607.62 3607.62 76204.3
2 6720.14 32880.6 79742.5
6 4590.2 4590.2 77643.6
59
10 163.887 655.55 65924.6
3 128.83 515.322 65929.7
5 305.807 305.807 66156.2
4 228.495 228.495 66270.2
2 301.746 301.746 66358
12 398.122 1592.49 66459.6
7 596.818 2387.27 67094
6 265.698 265.698 66605.1
9 325.666 1302.67 66839.5
0 414.304 1657.21 66819.7
11 474.883 1899.53 66946.3
13 544.056 2044.06 67176
1 621.645 3986.58 67171.4
8 738.832 738.832 67151.9
10 1192.59 10770.4 67806.8
3 580.596 2080.6 67693.3
5 988.68 3954.72 67939.4
4 877.023 3508.09 68267.4
2 2952.82 2952.82 70038.2
12 825.733 825.733 68271.9
6 2940.19 2940.19 70424.3
0 868.362 6868.36 68473
9 1132.12 6028.5 68794.5
11 887.86 887.86 68887.4
7 3825.79 5325.79 71674
8 2035.9 2035.9 70278.7
1 1112.84 4451.36 69607.3
13 2384.06 11036.2 70858.9
3 1206 6324 69780.4
10 905.603 905.603 69770.8
5 878.614 878.614 69771.7
4 1087.61 1087.61 70411.3
12 753.893 753.893 70024.3
0 2861.39 2861.39 72214.9
9 1073.77 4295.08 70321.1
11 1344.44 1344.44 70870.6
1 1782.2 7128.79 71291.1
10 2169.35 8677.39 72183.3
5 1539 3039 71702.3
3 1382.69 2882.69 71744
12 1368.27 5473.09 71524.3
2 890.463 6890.46 71954.7
8 1886.94 1886.94 73337.4
9 1008.9 2508.9 72264.4
4 2023.78 2023.78 73209.8
6 1002.59 1002.59 72413.1
13 3577.11 5077.11 74881.6
11 1150.63 2650.63 72680.6
1 2537.28 10149.1 74286
12 2041.23 8041.23 73666
7 1864.71 3364.71 73638.5
5 2246.85 8987.38 74086.3
3 1695.51 1695.51 73741.5
2 2968.9 2968.9 75117.8
10 2081.79 2081.79 74829.9
0 4470.79 4470.79 76792.7
9 1595.19 3095.19 74191.8
6 1740.13 12960.5 74762.4
11 2408.44 3908.44 75461.8
73
3 141.2 141.2 65916.7
10 169.132 676.528 66111.5
2 153.595 153.595 66287
6 396.645 396.645 66268.5
9 283.324 283.324 66269.2
4 271.348 271.348 66483.7
5 282.45 282.45 66297.7
8 711.322 711.322 66424.5
11 442.435 442.435 66501.2
13 613.502 613.502 66695.2
1 740.099 2960.4 66885.5
7 2479.91 2479.91 68592.7
12 448.899 448.899 66657.3
0 848.447 6848.45 67193.9
3 3844.23 5344.23 70244.8
10 1898.59 7898.59 68279.7
6 3637.69 9637.69 69873.2
9 1914.12 9156.48 68225
2 1440.14 5760.55 67813.3
5 1260.53 1260.53 67625.3
8 3637.5 3637.5 70231.4
4 1476.11 7476.11 68523.4
11 3545.56 5045.56 70630.6
12 1575.47 1575.47 68701.7
13 1493.87 7475.47 68730.6
1 1562.14 6248.58 69028.8
0 3145.15 12580.6 70528
5 2143.84 2143.84 69556.7
2 2410.67 2410.67 69886.8
9 2773.33 4273.33 71074
10 685.077 685.077 70093.1
4 1654.62 1654.62 71681.3
7 1108.45 1108.45 71330
12 1303.54 1303.54 71433.9
13 710.686 2210.69 70840.1
1 1290.76 1290.76 71762.1
5 1163.73 1163.73 71364.8
6 1430.14 5720.55 72144.8
2 1059.39 10237.6 71450
10 2537.2 10148.8 73444.4
8 1259.9 1259.9 72030.4
3 3975.9 17403.6 75248.5
0 1138.26 7138.26 72072.5
11 3820.66 15282.6 75033.1
13 1950.92 9303.66 73116
9 3218.66 3218.66 74418.3
7 3448.13 3448.13 74651.3
5 1998.95 1998.95 73336.3
12 3041.88 3041.88 74310.4
2 1868.13 7472.5 73006.3
4 2425.97 9703.87 73986.6
1 2150.45 3650.45 73831.9
8 2445.23 9780.9 73852.1
0 2321.81 9287.24 73613.1
6 4055.04 16220.1 75510.9
2 3342.81 3342.81 74823.3
13 3371.14 14984.6 74918.3
5 3446.66 4946.66 75252.4
10 5564.89 22259.5 77538.1
0 4182.84 16731.4 76397.4
1 5079.57 6579.57 76983.9
8 3824.48 9824.48 75858.6
4 5984.31 11984.3 77781.7
12 4471.02 4471.02 76397.5
9 4494.28 5994.28 76699.8
7 4248.01 18492 76392.6
2 4440.8 17763.2 76950.8
13 4689.7 6189.7 77120.3
11 4790.2 20660.8 77803.9
3 4685.72 20242.9 77063.2
5 5006.68 6506.68 77615.4
6 4297.52 23190.1 77317.7
8 5030.95 5030.95 77792.8
59
3 141.2 141.2 65916.7
10 169.132 676.528 66111.5
2 153.595 153.595 66287
6 396.645 396.645 66268.5
9 283.324 283.324 66269.2
4 271.348 271.348 66483.7
5 282.45 282.45 66297.7
8 711.322 711.322 66424.5
11 442.435 442.435 66501.2
13 613.502 613.502 66695.2
1 740.099 2960.4 66885.5
7 2479.91 2479.91 68592.7
12 448.899 448.899 66657.3
0 848.447 6848.45 67193.9
3 3844.23 5344.23 70244.8
10 1898.59 7898.59 68279.7
6 3637.69 9637.69 69873.2
9 1914.12 9156.48 68225
2 1440.14 5760.55 67813.3
5 1260.53 1260.53 67625.3
8 3637.5 3637.5 70231.4
4 1476.11 7476.11 68523.4
11 3545.56 5045.56 70630.6
12 1575.47 1575.47 68701.7
13 1493.87 7475.47 68730.6
1 1562.14 6248.58 69028.8
0 3145.15 12580.6 70528
5 2143.84 2143.84 69556.7
2 2410.67 2410.67 69886.8
9 2773.33 4273.33 71074
10 1033.89 10135.6 70229.5
4 2034.06 8136.23 71801.3
7 1052.74 2552.74 71074.5
12 942.428 6942.43 70665.7
13 874.591 874.591 70785.2
1 1068.16 4272.64 70949.6
5 3734.44 5234.44 74158.5
6 1339.91 1339.91 71634.6
2 2130.28 14521.1 72842.3
10 1416.23 11664.9 71763
8 4022.79 4022.79 74609.1
3 3942.71 5442.71 74618.2
0 1628.71 1628.71 72410.3
11 4235.09 5735.09 75490.6
12 1289.66 1289.66 72475.7
13 1822.98 3322.98 73233.5
1 1957.76 3457.76 73262.3
9 2880.71 4380.71 74410.7
7 1825.54 7302.15 73574.3
6 2151.54 8151.54 73776.3
10 1953.72 1953.72 73727.5
4 4339 23356 76178.5
0 2671.03 8671.03 74717
12 2413.32 2413.32 74562.3
2 2530.43 2530.43 75278.5
13 2868.73 4368.73 75190.7
1 2456.57 3956.57 75053.2
7 2901.25 11605 75923.6
10 2914.12 2914.12 75967.5
80
3 141.2 141.2 65916.7
10 169.132 676.528 66111.5
2 153.595 153.595 66287
6 396.645 396.645 66268.5
9 283.324 283.324 66269.2
4 271.348 271.348 66483.7
5 282.45 282.45 66297.7
8 711.322 711.322 66424.5
11 442.435 442.435 66501.2
13 613.502 613.502 66695.2
1 740.099 2960.4 66885.5
7 2479.91 2479.91 68592.7
12 448.899 448.899 66657.3
0 848.447 6848.45 67193.9
3 3844.23 5344.23 70244.8
10 1898.59 7898.59 68279.7
6 3637.69 9637.69 69873.2
9 1914.12 9156.48 68225
2 1440.14 5760.55 67813.3
5 1260.53 1260.53 67625.3
8 3637.5 3637.5 70231.4
4 1476.11 7476.11 68523.4
11 3545.56 5045.56 70630.6
12 1575.47 1575.47 68701.7
13 1493.87 7475.47 68730.6
1 1562.14 6248.58 69028.8
0 3145.15 12580.6 70528
5 2143.84 2143.84 69556.7
2 2003.16 8012.63 69521.1
9 2307 10728 69968
10 2512.13 10048.5 70436.4
4 2677.7 10710.8 70589
7 2285.96 2285.96 70739.9
12 2370.5 2370.5 70688.8
13 2936.96 11747.8 71684.8
1 2365.63 10962.5 70977.5
2 2578.92 16315.7 71598.8
5 1938.06 3438.06 71346.1
6 3651.83 3651.83 73678.5
9 2096.39 2096.39 72318
8 2895.13 2895.13 73025.5
3 4510.1 6010.1 74639.6
10 2230.58 8230.58 72701.9
0 2135.11 8135.11 72336.2
4 2145.87 8583.48 72860.5
11 4852.56 19410.2 75243.1
12 3638.07 14552.3 74545.2
7 2234.56 3734.56 73005
1 1769.28 8577.14 73041.9
5 2497.06 2497.06 73431.3
2 2934.6 17738.4 74147
13 3299.71 14698.9 74464.8
9 4462.64 4462.64 75662.3
0 2963.34 8963.34 74166.5
10 4787.28 10787.3 76124.6
4 4468.49 4468.49 75737
7 3423.19 15192.8 74561.4
8 3659.35 14637.4 75220
1 4460.41 5960.41 76141.9
5 3846.13 16884.5 75253
6 6208.64 24834.6 77500
2 5027.31 20109.2 76483.2
0 4503.02 4503.02 75983.5
13 4719.94 20379.8 76267.1
12 6578.68 6578.68 78384.5
7 4436.95 19247.8 76410.2
3 4704.88 20319.5 76919.4
8 6467.63 6467.63 78372
11 5215.52 5215.52 77249.7
5 4964.35 4964.35 76761.7
9 5284.82 6784.82 77211.3
4 5595.51 5595.51 77801
0 5580.25 22321 77724.9
10 5750.58 23002.3 78260.5
1 7040.47 8540.47 79471
13 5877.45 25009.8 78891.1
7 5847.41 24889.7 78224.9
2 6680.87 6680.87 79289.6
5 5548.36 22193.4 78568.6
3 7278.36 8778.36 80040.2
71
10 147.319 147.319 65960.4
3 132.604 530.416 65941.9
4 139.91 559.642 66166.8
5 299.855 1199.42 66175.9
9 212.23 848.919 66148.4
2 297.732 1190.93 66208.5
11 406.826 406.826 66409.7
7 1005.02 1005.02 67038.7
12 190.372 761.489 66460
0 650.71 650.71 66749.5
13 482.009 1928.04 66460.5
1 304.972 1219.89 66606.4
6 1826.91 13307.7 67969.3
8 3226.73 9226.73 69624.8
3 1499.84 1499.84 67948.9
10 1974.09 1974.09 68468.2
9 1680.28 6721.12 68169.2
4 1898.43 7593.7 68259.5
5 3674.22 16196.9 70489.7
2 1528.11 12112.4 68155.6
11 1646.51 8086.04 68475.3
12 3810.57 21242.3 73644.1
13 1250.02 1250.02 68277.5
1 2152.64 3652.64 69171.7
0 2347.63 9390.53 69550.8
7 2275.99 3775.99 69760.1
3 2323.33 2323.33 69928
6 2392.95 9571.79 70055.3
2 2197.11 8197.11 70196.7
9 1849.44 3349.44 69697.6
4 2444.54 2444.54 70687.4
13 2218.99 8875.95 70713.4
10 2933.07 11732.3 71407.9
11 1829.24 8816.98 70403.6
1 2132.93 3632.93 70998.2
0 3133.92 9133.92 72027
8 2900.15 2900.15 72223.8
9 2179.68 3679.68 71450.1
7 2141.53 3641.53 71549.6
3 3706.57 5206.57 73733.3
6 2705.25 8705.25 72926.8
2 2798.53 2798.53 72928.9
11 2044.99 3544.99 72174.5
5 3948.72 3948.72 74420.1
4 3329.16 9329.16 73530.2
13 2459.83 11339.3 73174.5
1 2170.74 8682.97 72561.3
10 2723.06 10892.3 73630.2
9 2944.76 4444.76 73715.2
7 2802.13 12708.5 74074.7
0 3622.46 9622.46 74556.7
11 3199.96 14299.8 74232.7
8 3913.95 3913.95 75050.7
1 3240.11 14460.4 74523.2
6 4994.68 4994.68 76046.2
2 4540.07 4540.07 75808.1
13 4538.11 19652.4 76117.9
4 4021.44 16085.8 75560.6
10 5776.07 5776.07 77362.2
12 3871.59 21486.3 75584.9
9 3568.65 5068.65 75288.1
3 5864.28 23457.1 77808.4
7 4373.5 5873.5 76386.3
11 4127.48 16509.9 76347.7
5 5356.78 5356.78 77578.4
1 4363.78 5863.78 76606.4
0 3975.74 3975.74 76364.8
8 4654.75 18619 76827.9
9 5919.1 23676.4 78611.3
4 5407.34 21629.4 78315.9
12 4700.29 24801.2 77633.4
63
3 141.2 141.2 65916.7
10 169.132 676.528 66111.5
2 153.595 153.595 66287
6 396.645 396.645 66268.5
9 283.324 283.324 66269.2
4 271.348 271.348 66483.7
5 282.45 282.45 66297.7
8 711.322 711.322 66424.5
11 442.435 442.435 66501.2
13 613.502 613.502 66695.2
1 740.099 2960.4 66885.5
7 2479.91 2479.91 68592.7
12 448.899 448.899 66657.3
0 848.447 6848.45 67193.9
3 3844.23 5344.23 70244.8
10 1898.59 7898.59 68279.7
6 3637.69 9637.69 69873.2
9 1914.12 9156.48 68225
2 1440.14 5760.55 67813.3
5 1260.53 1260.53 67625.3
8 3637.5 3637.5 70231.4
4 1476.11 7476.11 68523.4
11 3545.56 5045.56 70630.6
12 1575.47 1575.47 68701.7
13 1493.87 7475.47 68730.6
1 1562.14 6248.58 69028.8
0 3145.15 12580.6 70528
5 2143.84 2143.84 69556.7
2 2003.16 8012.63 69521.1
9 2307 10728 69968
10 2512.13 10048.5 70436.4
4 2677.7 10710.8 70589
7 2285.96 2285.96 70739.9
12 2370.5 2370.5 70688.8
13 2936.96 11747.8 71684.8
1 2365.63 10962.5 70977.5
2 2578.92 16315.7 71598.8
5 2985.77 4485.77 72333.6
6 2422.82 15691.3 72001.6
9 1809.79 3309.79 71825.3
8 3942.22 15768.9 73855.4
3 4289.27 4289.27 75031.6
10 1985.01 13940.1 72733.1
0 2199.25 8199.25 73306.1
4 1711.64 6846.57 72549.8
11 4210.53 5710.53 75368.8
12 2784.65 2784.65 74561.3
7 1553.09 3053.09 73077
1 1368.82 6975.28 72554.1
2 2835.39 11341.6 74423.1
13 2685.29 10741.1 74646.9
9 2865.13 12960.5 74344.7
6 2259.41 9037.64 73983.7
5 3840.86 5340.86 75691.9
4 2868.26 8868.26 74728.6
1 2053.9 3553.9 74560
10 2038.66 14154.7 74767.8
7 2801.45 4301.45 75470.3
0 3403.41 19613.6 76008.5
8 5313.31 11313.3 77861
6 3628.9 3628.9 76280.1
9 5591.42 22365.7 78673.4
2 3841.9 3841.9 76644.1
67
3 141.2 141.2 65916.7
10 169.132 676.528 66111.5
2 153.595 153.595 66287
6 396.645 396.645 66268.5
9 283.324 283.324 66269.2
4 271.348 271.348 66483.7
5 282.45 282.45 66297.7
8 711.322 711.322 66424.5
11 442.435 442.435 66501.2
13 613.502 613.502 66695.2
1 740.099 2960.4 66885.5
7 2479.91 2479.91 68592.7
12 448.899 448.899 66657.3
0 848.447 6848.45 67193.9
3 3844.23 5344.23 70244.8
10 1898.59 7898.59 68279.7
6 3637.69 9637.69 69873.2
9 1914.12 9156.48 68225
2 1440.14 5760.55 67813.3
5 1260.53 1260.53 67625.3
8 3637.5 3637.5 70231.4
4 1476.11 7476.11 68523.4
11 3545.56 5045.56 70630.6
12 1575.47 1575.47 68701.7
13 1493.87 7475.47 68730.6
1 1562.14 6248.58 69028.8
0 3145.15 12580.6 70528
5 2143.84 2143.84 69556.7
2 2003.16 8012.63 69521.1
9 2307 10728 69968
10 2512.13 10048.5 70436.4
4 2677.7 10710.8 70589
7 2285.96 2285.96 70739.9
12 2370.5 2370.5 70688.8
13 2936.96 11747.8 71684.8
1 2365.63 10962.5 70977.5
2 2578.92 16315.7 71598.8
5 2392.81 2392.81 71982.1
6 2649.61 10598.4 72849.7
9 2609.86 11939.4 72066.6
8 2733.46 2733.46 73004
3 5102.91 20411.7 75030.7
10 2696.01 16784.1 72814.7
0 1888.24 1888.24 72034.4
4 2150.22 14600.9 72891.9
11 3744.39 14977.6 74550.6
12 2193.42 8773.69 73508
7 1513.58 3013.58 73069.1
1 1734.81 8439.25 72802.1
2 3214.02 3214.02 74372.3
13 3407.33 4907.33 75184
5 3605.84 5105.84 75129.7
0 2425.71 9702.83 73611
9 2314.32 10757.3 73902.1
1 2808.1 11232.4 74769.8
10 4031.4 16125.6 75511
6 3471.42 13885.7 75195.7
4 2894.93 2894.93 74745.9
8 3600.53 9600.53 75460.9
7 4068.85 5568.85 76574.9
12 4251.57 23006.3 76980.7
0 2976.44 2976.44 75645.3
9 3519.26 14077 76124.3
2 3651.97 9651.97 76199.7
11 4195.8 5695.8 76847
4 5992.66 29970.7 79074.6
1 3863.99 5363.99 76666.2
65
3 141.2 141.2 65916.7
10 169.132 676.528 66111.5
2 153.595 153.595 66287
6 396.645 396.645 66268.5
9 283.324 283.324 66269.2
4 271.348 271.348 66483.7
5 282.45 282.45 66297.7
8 711.322 711.322 66424.5
11 442.435 442.435 66501.2
13 613.502 613.502 66695.2
1 740.099 2960.4 66885.5
7 2479.91 2479.91 68592.7
12 448.899 448.899 66657.3
0 848.447 6848.45 67193.9
3 3844.23 5344.23 70244.8
10 1898.59 7898.59 68279.7
6 3637.69 9637.69 69873.2
9 1914.12 9156.48 68225
2 1440.14 5760.55 67813.3
5 1260.53 1260.53 67625.3
8 3637.5 3637.5 70231.4
4 1476.11 7476.11 68523.4
11 3545.56 5045.56 70630.6
12 1575.47 1575.47 68701.7
13 1493.87 7475.47 68730.6
1 1562.14 6248.58 69028.8
0 3145.15 12580.6 70528
5 2143.84 2143.84 69556.7
2 1974.76 7974.76 69670.2
9 3174.07 4674.07 70765.3
10 2491.3 2491.3 70247.6
4 3417.35 3417.35 71244.3
7 3388.54 4888.54 72004.5
12 1901.09 1901.09 70788.1
13 2088.99 3588.99 70726.5
1 2084.62 3584.62 70982.5
5 2737.81 12451.2 71667.1
2 2510.85 8510.85 71673.2
6 3762.99 15052 72888.2
8 3660.55 3660.55 73008.4
3 5308.17 21232.7 74886.9
10 2427.94 2427.94 72443.5
0 4238.82 16955.3 74152
11 4675.15 4675.15 75417.5
13 1786.63 7146.52 72534.7
9 2343.47 2343.47 73450.4
12 2727.98 10911.9 73566.1
1 2094.74 3594.74 73253
4 3340.1 3340.1 75116.8
5 2937.62 4437.62 74461.5
2 3051.09 12204.4 74236.4
7 4460.13 19340.5 76047.9
10 3443.93 19775.7 75405.6
13 2584.29 11837.2 74063.9
6 4527.13 18108.5 76251.4
8 4515.63 4515.63 76366.6
1 3216.75 3216.75 75077.1
9 4450.1 5950.1 76956.2
12 3575.3 20301.2 76304.4
13 3429.32 4929.32 76098.1
0 5027.14 26108.6 77632.2
2 3516.05 9516.05 76063.7
5 4613.69 6113.69 77264.9
3 6133.67 24534.7 79215.6
1 4171.34 5671.34 76973.6
84
3 141.2 141.2 65916.7
10 169.132 676.528 66111.5
2 153.595 153.595 66287
6 396.645 396.645 66268.5
9 283.324 283.324 66269.2
4 271.348 271.348 66483.7
5 282.45 282.45 66297.7
8 711.322 711.322 66424.5
11 442.435 442.435 66501.2
13 613.502 613.502 66695.2
1 740.099 2960.4 66885.5
7 2479.91 2479.91 68592.7
12 448.899 448.899 66657.3
0 848.447 6848.45 67193.9
3 3844.23 5344.23 70244.8
10 1898.59 7898.59 68279.7
6 3637.69 9637.69 69873.2
9 1914.12 9156.48 68225
2 1440.14 5760.55 67813.3
5 1260.53 1260.53 67625.3
8 3637.5 3637.5 70231.4
4 1476.11 7476.11 68523.4
11 3545.56 5045.56 70630.6
12 1575.47 1575.47 68701.7
13 1493.87 7475.47 68730.6
1 1562.14 6248.58 69028.8
0 3145.15 12580.6 70528
5 2143.84 2143.84 69556.7
2 2402.67 2402.67 69886.8
9 2719.3 2719.3 70323.9
10 2572.3 10289.2 70234.6
4 3414.54 9414.54 71414.1
7 2663.5 4163.5 70511.7
12 2635.95 2635.95 70878.8
13 2424 9695.99 70918.4
1 4236.76 18447 72711.6
5 2531.04 11624.2 71105.4
6 3309.58 3309.58 72174.8
2 3189.36 9189.36 72082.4
8 3152.91 3152.91 72476.6
10 2716.68 2716.68 71987.1
3 5626.38 22505.5 74822
9 4280.51 18622 74047.7
7 2476.07 3976.07 72497.8
0 2631.28 8631.28 72354.5
11 5216.79 5216.79 75127.4
12 3479.03 19916.1 73360.5
13 3981.21 5481.21 74405.3
5 2608.92 4108.92 72903.6
4 3480.91 19923.6 74192.9
10 3712.34 20849.4 74059.1
2 5172.59 5172.59 75758.9
6 3250.62 3250.62 73926.1
0 3455.18 3455.18 74236.8
8 3812.38 21249.5 75024.8
7 3608.55 15934.2 74773.6
1 5534.12 5534.12 76733.8
5 3996.83 3996.83 75200
12 4429.57 10429.6 75766.9
6 4510.59 4510.59 75779.1
9 7515.44 31561.8 78653.6
10 6002.09 24008.4 77562.7
4 4581.29 4581.29 76262.8
0 5132.1 20528.4 76539
13 7705.61 32322.4 78996.9
7 5155.46 22121.8 76611.3
3 5158.47 6658.47 76639
8 5750.87 23003.5 77298
11 5497.19 6997.19 77303
5 5075.58 21802.3 77048.8
2 7901.9 31607.6 80116.4
12 6234.89 6234.89 78139.2
6 6170.82 12170.8 78205
4 8260.47 14260.5 80057.8
0 6161.46 6161.46 78088
7 6687.23 8187.23 78892.7
3 6235.7 26442.8 78380.3
1 6351.28 26905.1 78861.2
5 6419.57 7919.57 78850.1
8 6908.38 27633.5 79922
11 6740.2 28460.8 79117.7
10 7510.45 7510.45 80119.2
0 6874.61 33498.4 79894.8
12 7916.23 7916.23 80678.1
66
10 147.319 147.319 65960.4
3 132.604 530.416 65941.9
4 139.91 559.642 66166.8
5 299.855 1199.42 66175.9
9 212.23 848.919 66148.4
2 297.732 1190.93 66208.5
11 406.826 406.826 66409.7
7 1005.02 1005.02 67038.7
12 190.372 761.489 66460
0 650.71 650.71 66749.5
13 482.009 1928.04 66460.5
1 304.972 1219.89 66606.4
6 1826.91 13307.7 67969.3
8 3226.73 9226.73 69624.8
3 1499.84 1499.84 67948.9
10 1974.09 1974.09 68468.2
9 1680.28 6721.12 68169.2
4 1898.43 7593.7 68259.5
5 3674.22 16196.9 70489.7
2 1528.11 12112.4 68155.6
11 1646.51 8086.04 68475.3
12 3810.57 21242.3 73644.1
13 1250.02 1250.02 68277.5
1 2152.64 3652.64 69171.7
0 2347.63 9390.53 69550.8
7 2283.99 3783.99 69760.1
3 2399.3 3899.3 70700
6 182.048 182.048 69590.1
2 2203.56 2203.56 72230.3
13 927.66 927.66 71149.3
4 1077.35 1077.35 71207.7
10 641.552 641.552 70771
11 866.86 866.86 71338.2
9 374.977 374.977 70576
1 1264.02 6556.07 71978.6
0 2293.88 15175.5 72684.4
6 2034.17 8136.68 72941.3
8 782.431 782.431 71552.9
7 551.877 3707.51 71824.5
5 4154.66 4154.66 75088.9
9 1350.19 2850.19 72310.8
3 2712.39 2712.39 74035.5
10 1518.46 7518.46 72853.6
13 2352.14 3852.14 73729.1
4 3030.44 3030.44 74548
11 2920.71 13182.9 74852.2
8 2043.49 2043.49 74225.1
7 2503.09 10012.3 74130.2
1 3152.34 14109.4 74874
2 4389.85 23559.4 76514.2
9 2340.66 2340.66 74306.5
0 2691.83 10767.3 74676
10 2748.28 10993.1 74871
6 4829.39 10829.4 76962.8
12 4071.27 16285.1 76855.2
13 3627.31 14509.2 75994.8
3 3873.8 5373.8 76304.3
7 3715.22 14860.9 76148
8 3924.92 3924.92 76578.8
9 3827.94 16811.8 76571.6
4 5461.04 21844.2 78069.9
0 3885.49 21542 76490.3
11 4090.07 16360.3 76887.9
10 4007.4 10007.4 76873.9
1 4272.97 4272.97 77137.8
5 4021.32 17585.3 76893.8
66
10 163.887 655.55 65924.6
3 128.83 515.322 65929.7
5 305.807 305.807 66156.2
4 228.495 228.495 66270.2
2 301.746 301.746 66358
12 398.122 1592.49 66459.6
7 596.818 2387.27 67094
6 265.698 265.698 66605.1
9 325.666 1302.67 66839.5
0 414.304 1657.21 66819.7
11 474.883 1899.53 66946.3
13 544.056 2044.06 67176
1 621.645 3986.58 67171.4
8 738.832 738.832 67151.9
10 1192.59 10770.4 67806.8
3 580.596 2080.6 67693.3
5 988.68 3954.72 67939.4
4 877.023 3508.09 68267.4
2 2952.82 2952.82 70038.2
12 825.733 825.733 68271.9
6 2940.19 2940.19 70424.3
0 868.362 6868.36 68473
9 1132.12 6028.5 68794.5
11 887.86 887.86 68887.4
7 3825.79 5325.79 71674
8 2035.9 2035.9 70278.7
1 1112.84 4451.36 69607.3
13 2384.06 11036.2 70858.9
3 1206 6324 69780.4
10 905.603 905.603 69770.8
5 878.614 878.614 69771.7
4 1087.61 1087.61 70411.3
12 753.893 753.893 70024.3
0 1337.36 11349.4 70532.9
9 3287.12 14648.5 73054.3
11 1347.42 2847.42 71369.1
1 2694.3 2694.3 72417.5
10 1602.75 7602.75 71513.4
5 2231.01 8924.05 72112.4
3 3958.16 5458.16 74382.3
12 1490.95 1490.95 71785.6
2 2313.81 15255.2 73025.9
8 2666.29 16665.1 73013.1
4 3501.42 3501.42 74087.8
6 1500.13 1500.13 72175.6
0 1633.59 1633.59 72415.2
13 3528.38 15613.5 74561.1
11 2554.87 4054.87 73691.6
10 2648.42 10593.7 73931.5
7 2171.49 3671.49 73223
12 2365.71 2365.71 73633.8
5 2597.13 11888.5 74177
6 3146.38 12585.5 74685.6
0 2845.26 2845.26 74431.4
1 2500.81 10003.2 74214.1
8 2866.49 2866.49 74585.9
2 4504.56 24018.2 76448.7
9 5828.43 7328.43 77841.2
7 2809.64 11238.6 75029.8
12 3537.4 9537.4 75759
11 3426.17 4926.17 75668.8
10 3545.38 3545.38 75934.4
4 6135.09 24540.4 78308.2
5 4557.73 18230.9 77249.9
1 4082.69 17830.7 76991.3
3 6438.57 25754.3 79371.6
51
10 163.887 655.55 65924.6
3 128.83 515.322 65929.7
5 305.807 305.807 66156.2
4 228.495 228.495 66270.2
2 301.746 301.746 66358
12 398.122 1592.49 66459.6
7 596.818 2387.27 67094
6 265.698 265.698 66605.1
9 325.666 1302.67 66839.5
0 414.304 1657.21 66819.7
11 474.883 1899.53 66946.3
13 544.056 2044.06 67176
1 621.645 3986.58 67171.4
8 738.832 738.832 67151.9
10 1192.59 10770.4 67806.8
3 580.596 2080.6 67693.3
5 988.68 3954.72 67939.4
4 877.023 3508.09 68267.4
2 2952.82 2952.82 70038.2
12 825.733 825.733 68271.9
6 2948.19 2948.19 70424.3
0 828.177 828.177 69128.9
13 474.142 1896.57 69669.7
8 496.539 1986.16 70263.7
10 362.364 362.364 70384.1
3 272.793 272.793 69996
1 188.994 188.994 70099.6
5 196.055 784.221 70077.5
7 730.143 2230.14 71154.2
12 190.938 190.938 70485.6
11 941.653 3766.61 71653.7
9 560.112 2240.45 70906.9
4 2736.94 2736.94 73323.3
0 1329.94 1329.94 72005.4
13 770.379 2270.38 71552
3 683.863 2183.86 71939.4
2 2871 2871 74057
5 1115.26 2615.26 72525.8
1 1107.78 2607.78 72412.3
8 3518.96 3518.96 75049
10 1135.16 10540.6 72883.9
6 594.486 6594.49 72219.3
12 697.386 697.386 72471.2
9 825.943 3303.77 72665.4
7 3893.45 3893.45 75939.4
13 1120.89 2620.89 73269.8
11 1341.8 2841.8 74089.9
3 1574.54 3074.54 73896.5
0 1330.06 1330.06 73926.7
6 1546.25 12185 74568.6
1 2140.1 3640.1 75193.5
48
3 162.574 162.574 65884.6
0 532.056 2128.22 66366.6
12 851.343 3405.37 66620.1
5 298.417 1193.67 66129.1
9 350.002 350.002 66407.1
10 106.358 106.358 66287
13 482.117 482.117 66429.5
11 479.205 1916.82 66879.1
4 241.838 241.838 66628.4
2 290.474 290.474 66742.5
1 595.176 595.176 67103.9
7 2478.68 9914.73 68994.6
6 2514.96 10059.8 69306.4
8 3226.06 9226.06 69932.8
3 1748.2 8492.78 68656.5
5 2459.05 2459.05 68964.3
10 2770.06 8770.06 69702.9
0 2550.36 8550.36 69265.5
9 1697.5 3197.5 69208.4
13 882.01 5028.04 68246.5
12 1865.43 1865.43 69341.6
4 1336.25 1336.25 69636.9
2 2751.15 2751.15 72104.7
1 487.565 1950.26 69734.9
11 455.101 455.101 69981.3
13 1157.99 4631.95 70666.9
3 1686.86 8247.45 71700.8
5 1435.84 2935.84 71599.2
7 596.933 2096.93 70958.2
9 1580.72 7822.86 71736.7
0 189.22 6189.22 71253.4
12 276.859 276.859 71727.3
6 1042.23 1042.23 72297.7
4 1787.93 1787.93 72973.9
1 382.329 1882.33 71792.9
10 2421.17 2421.17 73725.7
8 567.484 567.484 72097.5
11 327.158 1308.63 72075.9
13 1619.73 1619.73 73244.5
7 1532.65 3032.65 73306.4
0 3021.05 18084.2 74860.5
5 2351.69 2351.69 74397.7
3 1613.06 3113.06 73762
12 1232.05 1232.05 73980.2
9 1474.61 2974.61 73796.6
1 1123.69 2623.69 73720.3
11 1402.87 5611.47 74425.2
8 1825.3 1825.3 74878.7
50
10 163.887 655.55 65924.6
3 128.83 515.322 65929.7
5 305.807 305.807 66156.2
4 228.495 228.495 66270.2
2 301.746 301.746 66358
12 398.122 1592.49 66459.6
7 596.818 2387.27 67094
6 265.698 265.698 66605.1
9 325.666 1302.67 66839.5
0 414.304 1657.21 66819.7
11 474.883 1899.53 66946.3
13 544.056 2044.06 67176
1 621.645 3986.58 67171.4
8 738.832 738.832 67151.9
10 1192.59 10770.4 67806.8
3 580.596 2080.6 67693.3
5 988.68 3954.72 67939.4
4 877.023 3508.09 68267.4
2 2952.82 2952.82 70038.2
12 825.733 825.733 68271.9
6 2948.19 2948.19 70424.3
0 828.177 828.177 69128.9
8 235.447 235.447 69589
13 474.72 1898.88 69722
9 324.218 324.218 69850.4
5 578.56 2314.24 70087.5
10 549.401 2197.6 70563.4
12 574.248 574.248 70737.6
4 365.877 365.877 70727.2
1 93.6077 1874.43 70249.6
7 357.911 357.911 71422.1
0 1236.66 1236.66 72687.1
3 132.604 1632.6 71290.9
8 1482.96 1482.96 73259.6
13 617.347 2117.35 72141.2
11 557.362 3729.45 71742.6
9 223.22 2392.88 71811
5 1256.51 5026.05 73218.2
2 2368.16 9472.64 73847.7
1 315.87 2763.48 72040.1
6 427.351 427.351 72278.4
10 810.242 6810.24 72670.6
4 353.734 353.734 72859.8
12 972.166 9888.66 73701.3
3 656.333 2156.33 73325.1
7 2297.29 9189.15 74902.4
11 1022.32 1022.32 73570
9 990.123 2490.12 73641.3
1 2759.77 11039.1 75841.7
13 1087.47 2587.47 73889.7
67
10 163.887 655.55 65924.6
3 128.83 515.322 65929.7
5 305.807 305.807 66156.2
4 228.495 228.495 66270.2
2 301.746 301.746 66358
12 398.122 1592.49 66459.6
7 596.818 2387.27 67094
6 265.698 265.698 66605.1
9 325.666 1302.67 66839.5
0 414.304 1657.21 66819.7
11 474.883 1899.53 66946.3
13 544.056 2044.06 67176
1 621.645 3986.58 67171.4
8 738.832 738.832 67151.9
10 1192.59 10770.4 67806.8
3 580.596 2080.6 67693.3
5 988.68 3954.72 67939.4
4 877.023 3508.09 68267.4
2 2952.82 2952.82 70038.2
12 825.733 825.733 68271.9
6 2940.19 2940.19 70424.3
0 868.362 6868.36 68473
9 1132.12 6028.5 68794.5
11 887.86 887.86 68887.4
7 3825.79 5325.79 71674
8 2035.9 2035.9 70278.7
1 1112.84 4451.36 69607.3
13 2384.06 11036.2 70858.9
3 1206 6324 69780.4
10 905.603 905.603 69770.8
5 878.614 878.614 69771.7
4 1087.61 1087.61 70411.3
12 753.893 753.893 70024.3
0 1366.47 1366.47 70714.3
9 803.24 3212.96 70382
11 1292.2 2792.2 71307.7
1 2294 10676 72207.2
10 865.206 6865.21 71607.6
5 1816.61 7266.46 72564.7
3 1451.59 1451.59 72558.5
12 1146.94 4587.78 71985.1
2 2447.57 2447.57 73408.1
8 1791.64 7791.64 73114.7
9 873.003 873.003 72208.1
4 1063.94 1063.94 72440.9
6 723.896 723.896 72241.5
0 2296.79 9187.17 74228.3
13 3114.43 4614.43 75296
11 2478.84 9915.36 74105.9
10 1685.7 6742.79 73407.4
7 1593.59 6374.37 73717.9
12 2714.93 8714.93 74680.8
1 4287.93 18651.7 76272.1
9 2102.82 9911.27 74225.5
6 1944.82 7944.82 74078.2
4 2634.33 10537.3 75418.3
3 2417.98 9671.92 74785.5
5 2403.02 3903.02 74833.6
8 2699.78 16799.1 75132.5
10 2831.25 2831.25 75485.1
2 2929.54 11718.2 75673.2
7 4089.9 17859.6 76698.8
6 3353.89 19415.6 75958.7
11 3579 14316 76376.8
9 3361.94 3361.94 76228.4
0 3627.22 9627.22 76492.1
12 3761.29 15045.2 76633.7
53
3 162.574 162.574 65884.6
0 532.056 2128.22 66366.6
12 851.343 3405.37 66620.1
5 298.417 1193.67 66129.1
9 350.002 350.002 66407.1
10 106.358 106.358 66287
13 482.117 482.117 66429.5
11 479.205 1916.82 66879.1
4 241.838 241.838 66628.4
2 290.474 290.474 66742.5
1 595.176 595.176 67103.9
7 2478.68 9914.73 68994.6
6 2514.96 10059.8 69306.4
8 3226.06 9226.06 69932.8
3 1748.2 8492.78 68656.5
5 2459.05 2459.05 68964.3
10 2770.06 8770.06 69702.9
0 2550.36 8550.36 69265.5
9 1697.5 3197.5 69208.4
13 882.01 5028.04 68246.5
12 1725.51 1725.51 69472
4 1152.79 4611.16 69152.2
2 1319.54 7319.54 69332.3
11 788.293 788.293 68811.4
1 1818 3318 70747.5
13 1381.76 7027.04 69987.9
3 3002.81 13511.2 71455.7
11 3376.91 4876.91 72455
5 1445.5 2945.5 70464.7
7 2423.72 3923.72 71771.5
4 2144.72 14578.9 71723.5
9 1879.67 3379.67 71895.2
0 1102.68 4410.72 71015.8
6 882.221 6882.22 71624.6
2 1404.68 11618.7 72152.8
12 1143.25 7143.25 72250.1
10 2353.3 9413.21 73191.5
8 724.263 724.263 71979.8
13 1108.67 2608.67 72294.7
5 2524.72 4024.72 73935.3
1 3465.72 4965.72 74770.2
0 3504.61 3504.61 75034.6
3 1848.43 7393.72 73597.2
6 1794.73 7794.73 73419.5
4 1914.21 1914.21 73688
7 2837.41 11349.6 74676.9
9 2647.71 2647.71 74693.7
8 1756.65 1756.65 73905.6
2 2183.83 2183.83 74931.9
12 3016.1 3016.1 75338
13 1488.98 2988.98 74085.6
11 3716.62 14866.5 76738.9
10 3008.8 3008.8 76062.2
61
3 162.574 162.574 65884.6
0 532.056 2128.22 66366.6
12 851.343 3405.37 66620.1
5 298.417 1193.67 66129.1
9 350.002 350.002 66407.1
10 106.358 106.358 66287
13 482.117 482.117 66429.5
11 479.205 1916.82 66879.1
4 241.838 241.838 66628.4
2 290.474 290.474 66742.5
1 595.176 595.176 67103.9
7 2478.68 9914.73 68994.6
6 2514.96 10059.8 69306.4
8 3226.06 9226.06 69932.8
3 1748.2 8492.78 68656.5
5 2459.05 2459.05 68964.3
10 2770.06 8770.06 69702.9
0 2550.36 8550.36 69265.5
9 1697.5 3197.5 69208.4
13 882.01 5028.04 68246.5
12 1725.51 1725.51 69472
4 1152.79 4611.16 69152.2
2 1319.54 7319.54 69332.3
11 788.293 788.293 68811.4
1 1818 3318 70747.5
13 1381.76 7027.04 69987.9
3 3002.81 13511.2 71455.7
11 3376.91 4876.91 72455
5 1445.5 2945.5 70464.7
7 1830.76 1830.76 71420.1
4 2056.27 8225.07 72256.4
9 2880.95 13023.8 72337.7
0 2604.42 2604.42 72875
6 1701.12 12804.5 71628.9
2 1253 11012 71371.7
12 832.239 832.239 70978.4
10 2975.69 17902.8 73717.4
8 953.887 9815.55 71760.1
13 958.015 5332.06 72272.6
5 1810.24 3310.24 73365.8
1 3668.68 16174.7 74735.9
12 1699.34 6797.36 72732.1
2 3060.14 3060.14 74196.9
7 3039.99 13659.9 74323.1
3 2331.75 3831.75 73383.2
6 2126.16 2126.16 73394.2
8 2244.76 8979.02 73824.6
4 3729.35 14917.4 75268.5
13 3729.88 5229.88 75316
9 2420.94 9683.76 74134.2
11 4590.96 6090.96 76310.4
12 2772.24 17089 74716.4
0 4202.96 4202.96 76215.8
5 4392.59 17570.4 76612.8
3 2930.56 2930.56 75152.2
6 3594.17 3594.17 75836.8
10 3136.45 3136.45 75525.5
8 4150.39 16601.6 76323.5
9 4765.23 19060.9 77457.4
2 4065.5 16262 76974.1
7 3558.13 14232.5 76491.2
71
3 162.574 162.574 65884.6
0 532.056 2128.22 66366.6
12 851.343 3405.37 66620.1
5 298.417 1193.67 66129.1
9 350.002 350.002 66407.1
10 106.358 106.358 66287
13 482.117 482.117 66429.5
11 479.205 1916.82 66879.1
4 241.838 241.838 66628.4
2 290.474 290.474 66742.5
1 595.176 595.176 67103.9
7 2478.68 9914.73 68994.6
6 2514.96 10059.8 69306.4
8 3226.06 9226.06 69932.8
3 1748.2 8492.78 68656.5
5 2459.05 2459.05 68964.3
10 2770.06 8770.06 69702.9
0 2550.36 8550.36 69265.5
9 1697.5 3197.5 69208.4
13 882.01 5028.04 68246.5
12 1594.94 7594.94 69290.4
4 1198.95 1198.95 68790.2
2 522.786 522.786 68279.1
11 995.627 2495.63 68822.5
1 1993.62 3493.62 70609.6
13 1848.3 3348.3 70735.3
2 1458.66 1458.66 70096.2
3 2946.04 4446.04 71843.9
4 2850.3 11401.2 71779.6
11 1880.04 1880.04 71042.4
5 2023.77 9595.09 71149
7 3917.16 5417.16 73270.7
9 3059.53 12238.1 72306.8
0 3765.73 9765.73 73291.9
12 1804.35 13217.4 71313.3
6 1484.14 5936.56 71498.1
10 2955.48 2955.48 73118.8
8 1644.07 1644.07 72005.4
2 1683.92 6735.69 71839.9
1 1461.81 1461.81 72526
13 2343.54 3843.54 73794
11 2378.26 9513.02 73590.7
5 3960.53 17342.1 75125.6
12 2948.13 8948.13 74147.8
6 3092.1 9092.1 74295.3
4 2444.9 8444.9 73782.2
2 2424.42 2424.42 73692.9
3 2800.48 12701.9 73938.7
8 3774.52 15098.1 75335.2
9 4262.24 5762.24 75943.7
1 5124.96 21999.8 76531.8
10 4357.71 17430.8 75649
7 6629.07 28016.3 78084.9
0 3628.45 3628.45 75109
11 4316.75 18767 75863.9
2 4062.68 4062.68 75868.5
4 4048.69 16194.7 76021.9
13 3859.3 16937.2 76073.8
3 4287.26 5787.26 76191.6
12 4120.21 10120.2 76154.4
6 4006.62 10006.6 75804
0 4731.46 4731.46 76658
5 5201.53 6701.53 77407
8 6798.67 27194.7 78943.3
10 5266.52 21066.1 77776.5
6 5575.38 5575.38 78005.9
11 5474.26 23397 78487.9
2 5305.7 21222.8 77683.2
9 5891.44 7391.44 78500.2
4 5216.11 26864.5 78236.3
13 6432.77 7932.77 79194.7
57
3 162.574 162.574 65884.6
0 532.056 2128.22 66366.6
12 851.343 3405.37 66620.1
5 298.417 1193.67 66129.1
9 350.002 350.002 66407.1
10 106.358 106.358 66287
13 482.117 482.117 66429.5
11 479.205 1916.82 66879.1
4 241.838 241.838 66628.4
2 290.474 290.474 66742.5
1 595.176 595.176 67103.9
7 2478.68 9914.73 68994.6
6 2514.96 10059.8 69306.4
8 3226.06 9226.06 69932.8
3 1748.2 8492.78 68656.5
5 2459.05 2459.05 68964.3
10 2770.06 8770.06 69702.9
0 2550.36 8550.36 69265.5
9 1697.5 3197.5 69208.4
13 882.01 5028.04 68246.5
12 1725.51 1725.51 69472
4 1152.79 4611.16 69152.2
2 1319.54 7319.54 69332.3
11 788.293 788.293 68811.4
1 1818 3318 70747.5
13 1381.76 7027.04 69987.9
3 3002.81 13511.2 71455.7
11 3376.91 4876.91 72455
5 1445.5 2945.5 70464.7
7 3917.16 5417.16 73270.7
4 2417.82 15671.3 71665.1
9 3034.96 3034.96 72561.2
0 2657.74 16631 72166.7
6 1484.14 5936.56 71498.1
2 1904.83 1904.83 72068.2
12 1074.36 1074.36 71435.7
10 2796.12 11184.5 72952.1
8 2329.83 8329.83 73394
13 1052.37 2552.37 72502.8
5 2603.66 4103.66 73761.9
1 1928.16 3428.16 73704.8
12 2706.2 2706.2 74230.1
3 2232 10428 73417.3
6 2770.57 11082.3 74358.3
4 1671.15 12684.6 73632.8
2 3107.97 12431.9 74587.5
0 2662.35 10649.4 74386.6
11 4636.34 6136.34 76487.4
13 2115.18 2115.18 73975.5
9 2060.96 3560.96 74567
10 2671.28 16685.1 75400.4
7 5201.04 6701.04 77869.9
8 4269.2 23076.8 76874.3
3 2696.96 2696.96 75244.6
4 3278.04 3278.04 75929.2
1 2765.04 11060.2 75847
5 3180.7 4680.7 75982.9
74
3 162.574 162.574 65884.6
0 532.056 2128.22 66366.6
12 851.343 3405.37 66620.1
5 298.417 1193.67 66129.1
9 350.002 350.002 66407.1
10 106.358 106.358 66287
13 482.117 482.117 66429.5
11 479.205 1916.82 66879.1
4 241.838 241.838 66628.4
2 290.474 290.474 66742.5
1 595.176 595.176 67103.9
7 2478.68 9914.73 68994.6
6 2514.96 10059.8 69306.4
8 3226.06 9226.06 69932.8
3 1748.2 8492.78 68656.5
5 2459.05 2459.05 68964.3
10 2770.06 8770.06 69702.9
0 2550.36 8550.36 69265.5
9 1697.5 3197.5 69208.4
13 882.01 5028.04 68246.5
12 1594.94 7594.94 69290.4
4 1198.95 1198.95 68790.2
2 522.786 522.786 68279.1
11 995.627 2495.63 68822.5
1 1993.62 3493.62 70609.6
13 1848.3 3348.3 70735.3
2 1458.66 1458.66 70096.2
3 2946.04 4446.04 71843.9
4 2850.3 11401.2 71779.6
11 1880.04 1880.04 71042.4
5 2023.77 9595.09 71149
7 1318.19 5272.77 70513.8
9 2210.96 10343.9 71978.2
0 3486.29 3486.29 73508
12 1868.79 7868.79 71592
6 1377 7377 71287.6
10 3372.88 19491.5 73254.3
8 3853.63 3853.63 74277.7
2 1599.72 1599.72 71894.4
7 2757.23 11028.9 73469.3
1 4082.59 16330.4 74429.4
13 3468.73 4968.73 74055.1
11 2670.34 4170.34 73345.8
5 4133.29 5633.29 74914.9
6 2068.01 14272 73280.4
12 2231.09 8924.36 73396.2
4 2569.62 8569.62 73769.3
3 2937.17 2937.17 74140.3
2 2963.52 8963.52 74300.9
9 5083.12 6583.12 76351.6
10 4210.86 16843.4 75349
6 4692.51 18770 76253.2
11 4764.38 6264.38 76445.9
12 3811.01 15244.1 75217.9
7 5289.56 22658.2 76580.9
0 4388.31 17553.3 75844.2
4 4105.82 4105.82 75586.3
13 7247.01 30488 78794.2
3 4306.06 5806.06 76111.8
8 7168.11 28672.4 79141.3
2 4971.84 19887.4 77186.4
1 4777.97 6277.97 76682.3
5 5306.61 5306.61 77340.8
12 4929.24 10929.2 76726.6
10 4971.52 4971.52 76898
4 5662.27 5662.27 77867.8
0 5440.87 21763.5 77585.5
3 6173.87 26195.5 78683.8
6 7151.73 7151.73 79582.3
9 6108.74 25935 79122.4
11 7424 31196 79801.5
7 6778.61 8278.61 79387.3
1 6370.28 25481.1 79390.5
12 5514.48 5514.48 78276.4
68
10 163.887 655.55 65924.6
3 128.83 515.322 65929.7
5 305.807 305.807 66156.2
4 228.495 228.495 66270.2
2 301.746 301.746 66358
12 398.122 1592.49 66459.6
7 596.818 2387.27 67094
6 265.698 265.698 66605.1
9 325.666 1302.67 66839.5
0 414.304 1657.21 66819.7
11 474.883 1899.53 66946.3
13 544.056 2044.06 67176
1 621.645 3986.58 67171.4
8 738.832 738.832 67151.9
10 1192.59 10770.4 67806.8
3 580.596 2080.6 67693.3
5 988.68 3954.72 67939.4
4 877.023 3508.09 68267.4
2 2952.82 2952.82 70038.2
12 825.733 825.733 68271.9
6 2414.78 9659.12 69932.7
0 1048.71 4194.86 68709.7
9 1071.95 5787.79 68996.2
11 931.002 5224.01 68842.3
7 3380.72 3380.72 71834.6
8 2844.8 2844.8 71163.1
1 941.702 3766.81 69689.6
13 537.049 3648.2 69149
3 751.173 3004.69 69771
10 619.592 619.592 70027.6
5 2090.46 3590.46 72117.2
4 588.802 6588.8 70810.4
12 948.962 948.962 71079.3
0 457.175 457.175 70586.6
11 636.468 636.468 71107.8
9 1102.98 1102.98 71304
13 1241.29 6465.16 71955.9
1 1852.28 7409.12 72242.8
3 2166.35 10165.4 73073.5
6 1427.38 1427.38 72197.8
10 1280.2 5120.78 72552.8
2 2932.76 8932.76 73867
0 1439.93 1439.93 72400.5
4 2822.81 8822.81 74145.9
12 2791.38 8791.38 74126.5
11 2310.7 3810.7 73687.7
8 1462.68 1462.68 72980.2
9 1344.94 6879.76 73276.4
7 2496.24 3996.24 74677.8
13 3664.32 14657.3 75291.4
5 3978.73 17414.9 75700.4
6 2117.44 14469.8 74241.7
1 2278.42 2278.42 74244.3
0 2384.67 9538.67 74368.8
10 2876.94 11507.8 74999.6
8 2683.61 8683.61 74817
3 4916.68 21166.7 77700.6
9 3174.59 12698.4 75542.1
11 3352.92 4852.92 75783.5
2 3452.02 19808.1 75884.8
12 3989.47 3989.47 76643.3
4 3280.88 13123.5 76024.5
6 4613.75 18455 77222.6
1 3453.81 13815.2 76058.6
0 4152.87 22611.5 76950.7
7 4745.76 4745.76 77612.2
8 3743.82 9743.82 76608.7
10 4080.09 16320.4 76952.5
62
10 163.887 655.55 65924.6
3 128.83 515.322 65929.7
5 305.807 305.807 66156.2
4 228.495 228.495 66270.2
2 301.746 301.746 66358
12 398.122 1592.49 66459.6
7 596.818 2387.27 67094
6 265.698 265.698 66605.1
9 325.666 1302.67 66839.5
0 414.304 1657.21 66819.7
11 474.883 1899.53 66946.3
13 544.056 2044.06 67176
1 621.645 3986.58 67171.4
8 738.832 738.832 67151.9
10 1192.59 10770.4 67806.8
3 580.596 2080.6 67693.3
5 988.68 3954.72 67939.4
4 877.023 3508.09 68267.4
2 2952.82 2952.82 70038.2
12 825.733 825.733 68271.9
6 2940.19 2940.19 70424.3
0 868.362 6868.36 68473
9 1132.12 6028.5 68794.5
11 887.86 887.86 68887.4
7 3825.79 5325.79 71674
8 2035.9 2035.9 70278.7
1 1112.84 4451.36 69607.3
13 2384.06 11036.2 70858.9
3 1206 6324 69780.4
10 905.603 905.603 69770.8
5 878.614 878.614 69771.7
4 1087.61 1087.61 70411.3
12 753.893 753.893 70024.3
0 421.032 421.032 69829.1
9 3071.8 4571.8 73098.5
11 1403.13 1403.13 71624.7
1 1832.11 3332.11 71962.4
10 1412.22 1412.22 71541.7
5 1653.65 1653.65 72125
3 1387.44 1387.44 71588.5
0 1385.96 5543.86 72100.6
12 1735.14 12940.5 72125.7
2 1353.41 5413.63 72260.6
8 2280.48 2280.48 73050.9
4 2166.36 8665.46 73438.9
6 1034.55 7034.55 71968.8
13 3698.9 5198.9 74954.4
10 2662.43 2662.43 73848.4
3 2166.76 3666.76 73577.3
11 3662.32 5162.32 74966.8
7 1953.99 3453.99 73484
1 3738.82 14955.3 75487.5
6 2138.92 8138.92 73763.7
0 3238.46 3238.46 75012.2
5 3190.87 12763.5 75030.4
12 1889.7 7889.7 73935.7
2 3274.79 3274.79 75423.7
8 3082.01 3082.01 75830.1
9 4583.47 6083.47 76905.4
4 2763.58 2763.58 75360.2
7 2505.59 10022.3 75527.9
3 3278.87 4778.87 76332.3
62
3 141.2 141.2 65916.7
10 169.132 676.528 66111.5
2 153.595 153.595 66287
6 396.645 396.645 66268.5
9 283.324 283.324 66269.2
4 271.348 271.348 66483.7
5 282.45 282.45 66297.7
8 711.322 711.322 66424.5
11 442.435 442.435 66501.2
13 613.502 613.502 66695.2
1 740.099 2960.4 66885.5
7 2479.91 2479.91 68592.7
12 448.899 448.899 66657.3
0 848.447 6848.45 67193.9
3 3844.23 5344.23 70244.8
10 1898.59 7898.59 68279.7
6 3637.69 9637.69 69873.2
9 1914.12 9156.48 68225
2 1440.14 5760.55 67813.3
5 1260.53 1260.53 67625.3
8 3637.5 3637.5 70231.4
4 1476.11 7476.11 68523.4
11 3545.56 5045.56 70630.6
12 1575.47 1575.47 68701.7
13 1493.87 7475.47 68730.6
1 1562.14 6248.58 69028.8
0 3145.15 12580.6 70528
5 2143.84 2143.84 69556.7
2 2410.67 2410.67 69886.8
9 2773.33 4273.33 71074
10 853.267 6853.27 70442.6
4 2112 8448 72312.1
7 1095.35 5881.4 70552.1
12 1267.69 1267.69 71538.3
13 779.152 3116.61 70706.9
1 1042.01 4168.05 71160.7
5 916.858 2416.86 71063.1
6 1434.48 11737.9 72176.2
2 966.252 9865.01 71772.4
8 1736.05 6944.19 73050.6
3 3018.99 4518.99 74574.5
10 2168.86 8675.44 73236.1
0 1248.95 4995.81 72281.7
7 1264.82 2764.82 72401.6
11 4218.9 18375.6 75502
13 1204.4 2704.4 72255.9
5 1560.34 3060.34 72828.4
9 2437.66 11250.7 74017.5
1 2630.59 12022.4 74169.8
12 2995.55 2995.55 74581.6
2 2329.65 15318.6 74042.9
6 2029.61 2029.61 73749
13 2299.8 9199.2 74243.9
0 2262.84 2262.84 74275.7
4 2800.08 17200.3 75020.3
7 1948.88 1948.88 74170.5
5 3028.35 4528.35 75271
8 3999.81 3999.81 76388.9
10 2840.18 11360.7 75013.3
6 4380.06 23520.2 77072.2
9 3353.34 14913.3 76261.9
2 3158.36 18633.4 76091.4
66
10 147.319 147.319 65960.4
3 132.604 530.416 65941.9
4 139.91 559.642 66166.8
5 299.855 1199.42 66175.9
9 212.23 848.919 66148.4
2 297.732 1190.93 66208.5
11 406.826 406.826 66409.7
7 1005.02 1005.02 67038.7
12 190.372 761.489 66460
0 650.71 650.71 66749.5
13 482.009 1928.04 66460.5
1 304.972 1219.89 66606.4
6 1826.91 13307.7 67969.3
8 3226.73 9226.73 69624.8
3 1499.84 1499.84 67948.9
10 1974.09 1974.09 68468.2
9 1680.28 6721.12 68169.2
4 1898.43 7593.7 68259.5
5 3674.22 16196.9 70489.7
2 1528.11 12112.4 68155.6
11 1646.51 8086.04 68475.3
12 3810.57 21242.3 73644.1
13 1250.02 1250.02 68277.5
1 2152.64 3652.64 69171.7
0 2347.63 9390.53 69550.8
7 2283.99 3783.99 69760.1
3 2399.3 3899.3 70700
6 182.048 182.048 69590.1
2 2203.56 2203.56 72230.3
13 927.66 927.66 71149.3
4 1077.35 1077.35 71207.7
10 641.552 641.552 70771
11 866.86 866.86 71338.2
9 374.977 374.977 70576
1 1264.02 6556.07 71978.6
0 2293.88 15175.5 72684.4
6 2034.17 8136.68 72941.3
8 782.431 782.431 71552.9
7 551.877 3707.51 71824.5
5 4154.66 4154.66 75088.9
9 1350.19 2850.19 72310.8
3 2712.39 2712.39 74035.5
10 1518.46 7518.46 72853.6
13 2352.14 3852.14 73729.1
4 3030.44 3030.44 74548
11 2920.71 13182.9 74852.2
8 2043.49 2043.49 74225.1
7 2503.09 10012.3 74130.2
1 3152.34 14109.4 74874
2 4389.85 23559.4 76514.2
9 2340.66 2340.66 74306.5
0 2691.83 10767.3 74676
10 2748.28 10993.1 74871
6 4829.39 10829.4 76962.8
12 4071.27 16285.1 76855.2
13 3627.31 14509.2 75994.8
3 3873.8 5373.8 76304.3
7 3715.22 14860.9 76148
8 3924.92 3924.92 76578.8
9 3827.94 16811.8 76571.6
4 5461.04 21844.2 78069.9
0 3885.49 21542 76490.3
11 4090.07 16360.3 76887.9
10 4007.4 10007.4 76873.9
1 4272.97 4272.97 77137.8
5 4021.32 17585.3 76893.8
60
3 162.574 162.574 65884.6
0 532.056 2128.22 66366.6
12 851.343 3405.37 66620.1
5 298.417 1193.67 66129.1
9 350.002 350.002 66407.1
10 106.358 106.358 66287
13 482.117 482.117 66429.5
11 479.205 1916.82 66879.1
4 241.838 241.838 66628.4
2 290.474 290.474 66742.5
1 595.176 595.176 67103.9
7 2478.68 9914.73 68994.6
6 2514.96 10059.8 69306.4
8 3226.06 9226.06 69932.8
3 1748.2 8492.78 68656.5
5 2459.05 2459.05 68964.3
10 2770.06 8770.06 69702.9
0 2550.36 8550.36 69265.5
9 1697.5 3197.5 69208.4
13 882.01 5028.04 68246.5
12 1316.03 5264.13 68833.9
4 1014.02 4056.09 68675
2 572.947 2291.79 68497.2
11 807.647 4730.59 68718.9
1 445.455 445.455 68899.4
13 1736.85 3236.85 70055.2
2 2292.16 15168.6 71040
3 3187.31 14249.2 71799.2
4 1732.89 12931.6 70752.7
11 1583.26 6333.05 70778.8
12 2790.49 11162 72557.7
1 1371.07 2871.07 71392.8
5 2569.05 2569.05 72292.3
7 826.523 826.523 70737.1
9 2179.04 8716.15 72060.5
0 1333.42 1333.42 71757.5
6 773.066 773.066 71067.7
10 1978.48 13913.9 72690.5
8 1561.8 12247.2 71908.6
13 3846.51 5346.51 74432.9
7 1914.62 3414.62 72590.1
4 2351.07 2351.07 73132.6
11 1417.11 2917.11 72575.4
2 2762.53 2762.53 74539.2
6 1880.98 1880.98 73404.9
1 2324.16 10796.6 73509.4
0 4979.41 19917.6 76567.1
3 1805.25 7220.99 73766.9
8 1958.15 7832.58 73437.7
9 2126.72 10006.9 73851
5 2295.3 3795.3 74146.3
12 4609.39 10609.4 76469.8
11 2075.18 3575.18 74581.3
7 2309.26 9237.05 75038.4
10 3088.77 3088.77 75757.6
4 2503.64 16014.6 75108.7
6 3663.62 9663.62 76211.3
8 2616.89 2616.89 75268.1
1 4756.16 19024.6 77838.1
3 2861.13 4361.13 75663.4
65
3 162.574 162.574 65884.6
0 532.056 2128.22 66366.6
12 851.343 3405.37 66620.1
5 298.417 1193.67 66129.1
9 350.002 350.002 66407.1
10 106.358 106.358 66287
13 482.117 482.117 66429.5
11 479.205 1916.82 66879.1
4 241.838 241.838 66628.4
2 290.474 290.474 66742.5
1 595.176 595.176 67103.9
7 2478.68 9914.73 68994.6
6 2514.96 10059.8 69306.4
8 3226.06 9226.06 69932.8
3 1748.2 8492.78 68656.5
5 2459.05 2459.05 68964.3
10 2770.06 8770.06 69702.9
0 2550.36 8550.36 69265.5
9 1697.5 3197.5 69208.4
13 882.01 5028.04 68246.5
12 1594.94 7594.94 69290.4
4 1198.95 1198.95 68790.2
2 522.786 522.786 68279.1
11 995.627 2495.63 68822.5
1 1993.62 3493.62 70609.6
13 1848.3 3348.3 70735.3
2 1458.66 1458.66 70096.2
3 2946.04 4446.04 71843.9
4 2850.3 11401.2 71779.6
11 1880.04 1880.04 71042.4
5 2023.77 9595.09 71149
7 2423.72 3923.72 71771.5
9 2789.05 11156.2 72367.8
0 2697.36 2697.36 72712.9
12 2474.87 9899.49 72388
6 882.221 6882.22 71624.6
10 2959.64 17838.6 73707.7
8 1656.37 7656.37 72763.3
2 1180.3 4721.19 72018.5
1 3018.91 4518.91 73979.5
13 2248.24 2248.24 73571.3
11 2344.05 2344.05 73679.2
5 3078.93 4578.93 74455.9
6 1924.14 1924.14 73441.7
7 3354.05 14916.2 75285.5
4 2753.67 2753.67 74935.2
3 2522.57 10090.3 74149.7
2 2637.94 10551.8 74359.6
9 2287.43 9149.71 74411.7
12 4510.99 10511 76476.9
0 3662.88 14651.5 75647
8 4099.72 16398.9 76222.4
6 3145.07 9145.07 75278.4
13 3497.48 15489.9 76281.4
11 4041.53 16166.1 76409
10 3546.04 3546.04 75976.6
1 3562.23 14248.9 75995
3 3697.03 5197.03 76350.9
2 4009.29 16037.1 76753
9 4783.74 20635 77392.6
5 3472.67 13890.7 76077.4
4 4083.04 22332.2 76880.8
6 4392.31 10392.3 77258.8
7 4684.47 4684.47 77549.3
0 4727.51 18910 77600
70
10 147.319 147.319 65960.4
3 132.604 530.416 65941.9
4 139.91 559.642 66166.8
5 299.855 1199.42 66175.9
9 212.23 848.919 66148.4
2 297.732 1190.93 66208.5
11 406.826 406.826 66409.7
7 1005.02 1005.02 67038.7
12 190.372 761.489 66460
0 650.71 650.71 66749.5
13 482.009 1928.04 66460.5
1 304.972 1219.89 66606.4
6 1826.91 13307.7 67969.3
8 3226.73 9226.73 69624.8
3 1499.84 1499.84 67948.9
10 1974.09 1974.09 68468.2
9 1680.28 6721.12 68169.2
4 1898.43 7593.7 68259.5
5 3674.22 16196.9 70489.7
2 1528.11 12112.4 68155.6
11 1646.51 8086.04 68475.3
12 3810.57 21242.3 73644.1
13 1250.02 1250.02 68277.5
1 2152.64 3652.64 69171.7
0 2347.63 9390.53 69550.8
7 2283.99 3783.99 69760.1
3 2399.3 3899.3 70700
6 833.634 9334.54 70029.2
2 2472.27 9889.06 72239.5
9 143.031 1643.03 70164.7
4 362.698 6362.7 70085.9
13 109.474 109.474 70020.1
10 927.543 9710.17 70809
11 2570.32 4070.32 72994.4
1 675.196 2175.2 70969.9
0 1268.89 11075.5 71980.9
8 1253.87 11015.5 71600.6
7 3551.48 5051.48 74137.8
13 1197.58 2697.58 71873.1
6 1129.87 1129.87 71911.4
4 814.576 9258.3 72027
9 1275.51 6602.04 72440.6
5 4078.05 4078.05 75277.7
3 2818.06 2818.06 74021.2
10 1878.09 7878.09 73215.4
1 1554.36 3054.36 72822.9
8 2018.81 8075.23 73157
13 3285.16 14640.7 74845.8
6 3329.99 3329.99 75011.5
0 3903.63 15614.5 75310.5
4 2815.34 11261.4 74106.7
2 5597.84 22391.4 77053.7
9 2777.09 4277.09 74257.6
1 3548.95 15695.8 75096.1
11 5792.29 7292.29 77598.1
8 3032.56 12130.2 75005.8
10 3886.41 15545.6 76100.9
12 4112.13 4112.13 76016.4
3 3993.62 3993.62 76027.8
4 3818.03 9818.03 75615.4
7 6809.56 8309.56 78736.1
9 4333.54 5833.54 76539.1
13 6309.31 26737.3 78454
8 5067.83 20271.3 77577.8
6 5910.05 5910.05 78340.6
1 4706.46 20325.8 77720.1
5 4615.36 19961.4 76992.8
0 5508.21 5508.21 78116.9
4 4402.04 23608.2 77422.2
12 5793.47 5793.47 78555.4
62
3 162.574 162.574 65884.6
0 532.056 2128.22 66366.6
12 851.343 3405.37 66620.1
5 298.417 1193.67 66129.1
9 350.002 350.002 66407.1
10 106.358 106.358 66287
13 482.117 482.117 66429.5
11 479.205 1916.82 66879.1
4 241.838 241.838 66628.4
2 290.474 290.474 66742.5
1 595.176 595.176 67103.9
7 2478.68 9914.73 68994.6
6 2514.96 10059.8 69306.4
8 3226.06 9226.06 69932.8
3 1748.2 8492.78 68656.5
5 2459.05 2459.05 68964.3
10 2770.06 8770.06 69702.9
0 2550.36 8550.36 69265.5
9 1697.5 3197.5 69208.4
13 882.01 5028.04 68246.5
12 1857.43 1857.43 69341.6
4 1002.82 7002.82 68607.5
2 624.812 2499.25 68287.2
11 920.664 920.664 68920.2
1 784.138 2284.14 68632.3
13 2431.61 3931.61 70674.4
2 2228.6 14914.4 70723
4 3373.76 13495 71848.6
1 1606.72 7926.88 70181.1
3 3119.3 4619.3 71984.5
11 2449.65 2449.65 71342.7
5 2620.25 4120.25 71943.9
7 1476.66 2976.66 70747
9 2156.55 3656.55 71564.6
0 1710.2 1710.2 71736.9
6 1434.78 7434.78 71656.4
12 2005.27 2005.27 72135.6
10 3196.91 3196.91 73326.4
8 2194.78 8194.78 72666.1
1 1788.16 1788.16 71989.2
13 2420.86 11183.4 73135.5
2 3057.77 18231.1 73448.3
7 3191.12 14264.5 74098.3
11 3343.66 4843.66 74114.1
9 2817.15 12768.6 74089.7
6 3838.44 9838.44 74772.7
0 4576.91 4576.91 75832.4
4 4681.35 4681.35 75867.3
5 3492.61 4992.61 74903.2
3 2499.04 3999.04 73803.5
1 2269.22 3769.22 73799.2
12 3911.98 21647.9 75660.7
8 4186.62 10186.6 75811.4
13 4273.36 5773.36 76047.1
10 3359.87 19439.5 75199.4
2 3212.33 9212.33 75258.3
1 3736.88 5236.88 75885.8
3 3834.61 5334.61 76582.7
9 3827.62 5327.62 76149.6
7 5141.97 6641.97 77738.6
11 3135.72 12542.9 76158
6 4500.47 4500.47 77553.9
68
3 141.2 141.2 65916.7
10 169.132 676.528 66111.5
2 153.595 153.595 66287
6 396.645 396.645 66268.5
9 283.324 283.324 66269.2
4 271.348 271.348 66483.7
5 282.45 282.45 66297.7
8 711.322 711.322 66424.5
11 442.435 442.435 66501.2
13 613.502 613.502 66695.2
1 740.099 2960.4 66885.5
7 2479.91 2479.91 68592.7
12 448.899 448.899 66657.3
0 848.447 6848.45 67193.9
3 3844.23 5344.23 70244.8
10 1898.59 7898.59 68279.7
6 3637.69 9637.69 69873.2
9 1914.12 9156.48 68225
2 1440.14 5760.55 67813.3
5 1260.53 1260.53 67625.3
8 3637.5 3637.5 70231.4
4 1476.11 7476.11 68523.4
11 3545.56 5045.56 70630.6
12 1575.47 1575.47 68701.7
13 1493.87 7475.47 68730.6
1 1562.14 6248.58 69028.8
0 3145.15 12580.6 70528
5 2143.84 2143.84 69556.7
2 2410.67 2410.67 69886.8
9 2773.33 4273.33 71074
10 853.267 6853.27 70442.6
4 2112 8448 72312.1
7 1095.35 5881.4 70552.1
12 1267.69 1267.69 71538.3
13 779.152 3116.61 70706.9
1 1042.01 4168.05 71160.7
5 916.858 2416.86 71063.1
6 1434.48 11737.9 72176.2
2 966.252 9865.01 71772.4
8 1736.05 6944.19 73050.6
3 3018.99 4518.99 74574.5
10 2168.86 8675.44 73236.1
0 1302.19 1302.19 72262.8
7 1039.16 1039.16 72362.3
11 3714.5 3714.5 75049.6
13 1082.79 2582.79 72459.8
5 1362.61 2862.61 72880.2
9 2656.52 12126.1 74588
1 2641 4141 74822.6
12 3246.7 18986.8 74873.8
2 1922.11 7688.44 73643.8
6 2095.78 14383.1 74220.1
0 2292.66 8292.66 74258.5
4 3262.07 13048.3 75246.2
7 2258.14 10532.6 74380.8
13 2644.6 2644.6 74778
5 2806.33 12725.3 75590.3
8 2910.15 17640.6 75277.7
10 3074.45 3074.45 75505
2 3656.55 20626.2 76089.3
6 3643.96 3643.96 76297.8
0 3779.94 15119.8 76523.6
7 5178.9 22215.6 77787.8
3 4554.74 18219 77159.5
9 3825.87 15303.5 76623.7
13 3891.85 3891.85 76758.3
1 4725.23 4725.23 77590.1
12 3806.23 15224.9 76678.7
71
3 162.574 162.574 65884.6
0 532.056 2128.22 66366.6
12 851.343 3405.37 66620.1
5 298.417 1193.67 66129.1
9 350.002 350.002 66407.1
10 106.358 106.358 66287
13 482.117 482.117 66429.5
11 479.205 1916.82 66879.1
4 241.838 241.838 66628.4
2 290.474 290.474 66742.5
1 595.176 595.176 67103.9
7 2478.68 9914.73 68994.6
6 2514.96 10059.8 69306.4
8 3226.06 9226.06 69932.8
3 1748.2 8492.78 68656.5
5 2459.05 2459.05 68964.3
10 2770.06 8770.06 69702.9
0 2550.36 8550.36 69265.5
9 1697.5 3197.5 69208.4
13 882.01 5028.04 68246.5
12 1316.03 5264.13 68833.9
4 1014.02 4056.09 68675
2 572.947 2291.79 68497.2
11 807.647 4730.59 68718.9
1 445.455 445.455 68899.4
13 1736.85 3236.85 70055.2
2 2292.16 15168.6 71040
3 3187.31 14249.2 71799.2
4 1732.89 12931.6 70752.7
11 1155.67 1155.67 70745
12 1610.31 6441.23 71810.4
1 1541.22 7664.87 70997.9
5 1564.86 3064.86 71835.4
7 916.367 3665.47 70844.1
9 2023.55 8094.2 72142.2
0 2912.9 2912.9 73059.1
6 867.638 9470.55 71609.3
10 2048.34 14193.3 72854.5
8 1347.86 5391.42 72662.5
13 1334.45 2834.45 72890
11 2471.26 11385 73538.5
4 2088.57 14354.3 73301
7 1483.18 7432.71 72648.2
1 1627.62 1627.62 72827.3
2 2640.22 8640.22 73843.4
6 2243.49 8243.49 73580.8
3 2282.02 3782.02 73550.5
12 3218.74 12875 74356.9
5 2469.33 11377.3 74030
9 3471.1 4971.1 75152.6
7 3063.1 13752.4 74470
8 4482.74 17931 75774.1
1 3209.14 14336.6 74665
10 3656.9 3656.9 75137.4
13 4642.22 20068.9 76189.4
0 3224.82 3224.82 75030.6
4 3684.2 14736.8 75657.4
11 4108.22 17932.9 76322.8
3 3407.92 4907.92 75312.2
6 3534.98 9534.98 75569.1
2 3554.74 9554.74 75352.1
5 5931.63 7431.63 77858.1
12 4432.85 4432.85 76638.4
7 4066.68 17766.7 76211.3
1 4282.46 18629.8 76792.4
0 4401.35 4401.35 76831.9
10 4747.76 18991 77761.4
9 6130.72 26022.9 78508.2
3 5257.07 6757.07 77865.8
2 4138.75 22555 77158.9
6 4741.45 4741.45 77503.3
62
10 147.319 147.319 65960.4
3 132.604 530.416 65941.9
4 139.91 559.642 66166.8
5 299.855 1199.42 66175.9
9 212.23 848.919 66148.4
2 297.732 1190.93 66208.5
11 406.826 406.826 66409.7
7 1005.02 1005.02 67038.7
12 190.372 761.489 66460
0 650.71 650.71 66749.5
13 482.009 1928.04 66460.5
1 304.972 1219.89 66606.4
6 1826.91 13307.7 67969.3
8 3226.73 9226.73 69624.8
3 1499.84 1499.84 67948.9
10 1974.09 1974.09 68468.2
9 1680.28 6721.12 68169.2
4 1898.43 7593.7 68259.5
5 3674.22 16196.9 70489.7
2 1528.11 12112.4 68155.6
11 1646.51 8086.04 68475.3
12 3810.57 21242.3 73644.1
13 1250.02 1250.02 68277.5
1 2152.64 3652.64 69171.7
0 2347.63 9390.53 69550.8
7 1734.59 8438.37 69252.5
3 2334.54 10838.1 69995.5
6 2093.53 8374.12 70017.8
2 2084.09 8336.38 69995.4
9 1510.76 1510.76 69964.7
4 1749.78 1749.78 70068.1
13 2047.85 8191.4 70795.7
10 2417.33 9669.33 71029.2
11 1972.29 7889.15 70992.1
1 2600.8 4100.8 71948.6
7 1802.08 7208.32 71380.9
0 2222.1 2222.1 72237.6
8 3128.99 12516 73042.2
9 1540.5 1540.5 72282.9
2 1544 12176 72292.1
3 1141.02 1141.02 72247.9
6 1140.46 4561.83 71978.6
4 789.009 3156.04 71821.8
5 4138.89 5638.89 75275.6
13 2442.39 11269.6 73725.5
11 2480.23 3980.23 73531.7
10 1526.54 1526.54 72794.6
7 2009.73 9538.9 73589.6
4 2438.96 9755.83 73978.1
1 3405.88 4905.88 74992
6 2744.88 16979.5 74458.1
0 3077.92 3077.92 74797.3
3 3726.62 14906.5 75670.8
9 2089.68 3589.68 74102.5
2 1878.73 13514.9 74098.9
10 2698.23 8698.23 74919.8
8 4935.67 4935.67 77178.3
11 2950.79 4450.79 75339.9
7 3915.36 17161.5 76088.5
12 3922.95 21691.8 76615.1
13 3572.17 15788.7 76480.8
4 3213.23 18852.9 76146.3
63
10 147.319 147.319 65960.4
3 132.604 530.416 65941.9
4 139.91 559.642 66166.8
5 299.855 1199.42 66175.9
9 212.23 848.919 66148.4
2 297.732 1190.93 66208.5
11 406.826 406.826 66409.7
7 1005.02 1005.02 67038.7
12 190.372 761.489 66460
0 650.71 650.71 66749.5
13 482.009 1928.04 66460.5
1 304.972 1219.89 66606.4
6 1826.91 13307.7 67969.3
8 3226.73 9226.73 69624.8
3 1499.84 1499.84 67948.9
10 1974.09 1974.09 68468.2
9 1680.28 6721.12 68169.2
4 1898.43 7593.7 68259.5
5 3674.22 16196.9 70489.7
2 1528.11 12112.4 68155.6
11 1646.51 8086.04 68475.3
12 3810.57 21242.3 73644.1
13 1250.02 1250.02 68277.5
1 2152.64 3652.64 69171.7
0 2347.63 9390.53 69550.8
7 2283.99 3783.99 69760.1
3 2399.3 3899.3 70700
6 2357.66 2357.66 71711.2
2 836.454 9345.82 70083.8
9 493.434 493.434 70019.6
4 1170.92 10683.7 70679.8
13 676.045 4204.18 70690
10 259.706 259.706 70423
11 433.936 1933.94 70795.2
1 759.397 4537.59 70915.4
0 495.467 6495.47 71559.7
8 421.68 421.68 71872.1
7 534.278 2034.28 71494.9
9 506.721 506.721 71829.8
2 574.746 6574.75 71909.9
10 1075.72 1075.72 72452.7
5 3759.45 5259.45 75277
4 1830.76 7323.06 73762.2
13 2170.31 3670.31 74351.9
3 2408.39 9633.55 74035.5
11 967.778 5371.11 72689.5
1 1345.72 5382.86 73470
7 1524.75 1524.75 73490.6
0 3640.46 14561.8 75624.6
6 4460.44 17841.7 76583.1
9 1533.18 1533.18 73666.5
8 2065.53 8262.11 74849.5
2 2272.23 15088.9 74639.7
10 2117.93 2117.93 74548.5
11 2702.22 10808.9 75135
1 2893.89 4393.89 75547.7
7 3012.03 13548.1 75755.7
12 4442.23 17768.9 77051.1
9 2942.24 11769 75547
4 3000.12 18000.5 75797.9
3 3149.36 3149.36 76015.8
13 4254.55 4254.55 77119.4
10 4459.91 17839.6 77332.4
66
10 164.742 164.742 65938.8
4 238.928 238.928 66198
3 184.024 184.024 66222.7
5 225.508 225.508 66300
13 495.139 495.139 66404.5
9 369.049 369.049 66439.8
11 441.459 441.459 66505.8
2 283.638 1134.55 66427.7
1 630.522 630.522 66934.4
12 314.499 314.499 66397.3
0 614.118 614.118 66994.5
7 2085.18 9840.74 68734.9
6 2705.43 8705.43 68999.3
8 3225.92 3225.92 69764.3
10 1771.04 13084.2 68255.6
4 2126.49 8126.49 69415
3 3346.33 4846.33 70402.7
5 2522.86 11591.5 69654.2
12 1370.1 7370.1 68460
13 1205 4819.98 68229.5
2 1150.94 1150.94 68258.2
9 1388.01 2888.01 68638
11 952.847 952.847 68486.7
1 1189.36 2689.36 68935.9
0 1518.81 6075.25 69518.2
13 2806.55 2806.55 70819.3
10 3017.41 9017.41 71040.5
2 2972.22 2972.22 71901.7
12 1742.17 6968.66 70348.3
11 1459.63 7338.53 69912.5
9 2345.47 3845.47 71423.6
7 1799.01 3299.01 70818.2
1 2365 3865 71712.8
6 1008.03 10032.1 70586.8
4 1464.49 1464.49 71480
0 2570.55 10282.2 72483.7
5 2933.2 2933.2 73675.6
8 994.398 9977.59 71742.5
11 1636.12 1636.12 72743
12 1471.01 5884.03 72309.2
3 3568.73 5068.73 74529.3
6 1073.89 7073.89 72397
7 2530.3 2530.3 73865.4
13 1789.38 3289.38 73166.4
10 1340.09 1340.09 72857.7
9 3704.61 16318.4 75636.1
4 2221.59 2221.59 74403.2
1 3421.22 13684.9 75048.3
8 1820.61 7282.43 73542.3
2 4061.31 22245.2 76185.6
12 3038.99 9038.99 75004.9
6 2404.37 9617.49 74388.5
0 4472.19 17888.8 76594.9
11 3955.16 3955.16 76088.5
10 2783.81 11135.2 75567.8
13 3064.54 12258.2 75432
8 3207.52 3207.52 75638.1
5 3260.61 13042.4 75693.4
7 3728.4 5228.4 76382.3
6 3909.93 15639.7 76653.6
4 4525.65 18102.6 77134.5
3 3738.81 14955.2 76343.6
12 4788.92 25155.7 77586.7
1 4162.2 4162.2 77028.6
13 5857.52 5857.52 78722.4
10 5479.18 21916.7 78351.6
71
10 147.319 147.319 65960.4
3 132.604 530.416 65941.9
4 139.91 559.642 66166.8
5 299.855 1199.42 66175.9
9 212.23 848.919 66148.4
2 297.732 1190.93 66208.5
11 406.826 406.826 66409.7
7 1005.02 1005.02 67038.7
12 190.372 761.489 66460
0 650.71 650.71 66749.5
13 482.009 1928.04 66460.5
1 304.972 1219.89 66606.4
6 1826.91 13307.7 67969.3
8 3226.73 9226.73 69624.8
3 1499.84 1499.84 67948.9
10 1974.09 1974.09 68468.2
9 1680.28 6721.12 68169.2
4 1898.43 7593.7 68259.5
5 3674.22 16196.9 70489.7
2 1528.11 12112.4 68155.6
11 1646.51 8086.04 68475.3
12 3810.57 21242.3 73644.1
13 1250.02 1250.02 68277.5
1 2152.64 3652.64 69171.7
0 2347.63 9390.53 69550.8
7 2275.99 3775.99 69760.1
3 2323.33 2323.33 69928
6 2392.95 9571.79 70055.3
2 2197.11 8197.11 70196.7
9 1849.44 3349.44 69697.6
4 2444.54 2444.54 70687.4
13 2218.99 8875.95 70713.4
10 2933.07 11732.3 71407.9
11 1829.24 8816.98 70403.6
1 2132.93 3632.93 70998.2
0 3133.92 9133.92 72027
8 2900.15 2900.15 72223.8
9 2179.68 3679.68 71450.1
7 2141.53 3641.53 71549.6
3 3706.57 5206.57 73733.3
6 2705.25 8705.25 72926.8
2 2798.53 2798.53 72928.9
11 2044.99 3544.99 72174.5
5 3948.72 3948.72 74420.1
4 3329.16 9329.16 73530.2
13 2459.83 11339.3 73174.5
1 2170.74 8682.97 72561.3
10 2723.06 10892.3 73630.2
9 2944.76 4444.76 73715.2
7 2802.13 12708.5 74074.7
0 3622.46 9622.46 74556.7
11 3199.96 14299.8 74232.7
8 3913.95 3913.95 75050.7
1 3240.11 14460.4 74523.2
6 4994.68 4994.68 76046.2
2 4540.07 4540.07 75808.1
13 4538.11 19652.4 76117.9
4 4021.44 16085.8 75560.6
10 5776.07 5776.07 77362.2
12 3871.59 21486.3 75584.9
9 3568.65 5068.65 75288.1
3 5864.28 23457.1 77808.4
7 4373.5 5873.5 76386.3
11 4127.48 16509.9 76347.7
5 5356.78 5356.78 77578.4
1 4363.78 5863.78 76606.4
0 3975.74 3975.74 76364.8
8 4654.75 18619 76827.9
9 5919.1 23676.4 78611.3
4 5407.34 21629.4 78315.9
12 4700.29 24801.2 77633.4
64
10 164.742 164.742 65938.8
4 238.928 238.928 66198
3 184.024 184.024 66222.7
5 225.508 225.508 66300
13 495.139 495.139 66404.5
9 369.049 369.049 66439.8
11 441.459 441.459 66505.8
2 283.638 1134.55 66427.7
1 630.522 630.522 66934.4
12 314.499 314.499 66397.3
0 614.118 614.118 66994.5
7 2085.18 9840.74 68734.9
6 2705.43 8705.43 68999.3
8 3225.92 3225.92 69764.3
10 1771.04 13084.2 68255.6
4 2126.49 8126.49 69415
3 3346.33 4846.33 70402.7
5 2522.86 11591.5 69654.2
12 1370.1 7370.1 68460
13 1205 4819.98 68229.5
2 1150.94 1150.94 68258.2
9 1388.01 2888.01 68638
11 952.847 952.847 68486.7
1 1402.94 2902.94 68887.1
0 1368.84 7368.84 68973.5
13 2111.82 9947.3 69774.2
10 3165.03 9165.03 71164.6
2 1938.37 1938.37 69786.6
12 2243.56 2243.56 70486.4
11 2180.18 8720.73 70674.6
9 3102.86 13911.4 71577.7
7 2699.71 12298.9 71274.1
1 1848.33 3348.33 70713.6
0 1912.69 7912.69 70805.8
6 1920.72 1920.72 71244.4
4 2594.57 2594.57 71864.9
5 2736.2 4236.2 72084
8 2163.21 14652.8 71742
13 1954.49 3454.49 71970
2 3497.35 13989.4 73410.5
3 4447.19 4447.19 75189.6
12 2558.77 16235.1 73306.8
11 2252.74 2252.74 73359.6
1 1797.64 8690.58 72635.8
0 2374.24 9496.97 73407
10 2004.18 2004.18 73140.9
6 2891.05 11564.2 74174.1
7 1771.59 3271.59 72823.1
9 3887.57 5387.57 75155.6
8 2370.86 9483.43 73950.7
4 2835.71 11342.9 74374.9
13 2922.97 4422.97 74509.1
5 3667.96 14671.8 75381.2
1 3100.47 4600.47 74819.9
7 2866.99 11468 74811.1
10 2947.74 2947.74 74960.5
12 2893.5 17574 75113.7
11 4296.34 4296.34 76518
0 3247.61 3247.61 75490.2
2 5042.89 5042.89 77432
8 4276.5 17106 76449.6
6 4452.93 23811.7 77145.1
4 4221.61 16886.4 77130.2
13 4103.82 16415.3 77036.9
78
3 141.2 141.2 65916.7
10 169.132 676.528 66111.5
2 153.595 153.595 66287
6 396.645 396.645 66268.5
9 283.324 283.324 66269.2
4 271.348 271.348 66483.7
5 282.45 282.45 66297.7
8 711.322 711.322 66424.5
11 442.435 442.435 66501.2
13 613.502 613.502 66695.2
1 740.099 2960.4 66885.5
7 2479.91 2479.91 68592.7
12 448.899 448.899 66657.3
0 848.447 6848.45 67193.9
3 3844.23 5344.23 70244.8
10 1898.59 7898.59 68279.7
6 3637.69 9637.69 69873.2
9 1914.12 9156.48 68225
2 1440.14 5760.55 67813.3
5 1260.53 1260.53 67625.3
8 3637.5 3637.5 70231.4
4 1476.11 7476.11 68523.4
11 3545.56 5045.56 70630.6
12 1575.47 1575.47 68701.7
13 1493.87 7475.47 68730.6
1 1562.14 6248.58 69028.8
0 3145.15 12580.6 70528
5 2143.84 2143.84 69556.7
2 1974.76 7974.76 69670.2
9 3174.07 4674.07 70765.3
10 2491.3 2491.3 70247.6
4 3417.35 3417.35 71244.3
7 3388.54 4888.54 72004.5
12 1901.09 1901.09 70788.1
13 2088.99 3588.99 70726.5
1 2084.62 3584.62 70982.5
5 2737.81 12451.2 71667.1
2 2510.85 8510.85 71673.2
6 3762.99 15052 72888.2
8 2612.84 2612.84 72020.9
3 2949.7 4449.7 72976.4
10 2897.58 8897.58 73119.2
0 3191.73 3191.73 73322.1
11 4895.98 6395.98 75025.4
13 3058.2 3058.2 73529.5
9 3407.13 3407.13 73608.2
12 2534.54 10138.1 73249.2
1 2693.38 10773.5 73084
4 4193.51 16774.1 75100.7
5 2824.67 4324.67 73595.1
2 3428.35 13713.4 74700.9
7 4899.03 4899.03 75833.2
8 2874.15 2874.15 73834.7
6 5582.26 11582.3 76905.4
3 5305.91 5305.91 76641.1
1 3459.84 4959.84 74836.8
10 4941.93 4941.93 76459.5
12 4831.67 19326.7 76763.1
0 4793.1 4793.1 76974.7
13 5237.95 20951.8 76865
5 3673.26 16193 75394.9
9 3527.8 14111.2 75652.1
8 3864.62 9864.62 75830.5
2 5123.35 20493.4 77107.5
1 5160.99 22144 77283.7
11 5210.28 5210.28 77343.6
4 6943.84 27775.4 79727.8
5 5293.12 21172.5 77660.6
9 5317.34 6817.34 77747.9
8 5413.25 27653 77846
7 5380.61 6880.61 78034.5
10 5594.46 22377.9 78338.1
3 7439.14 31256.5 80048
12 5779.9 29119.6 78384.7
13 6338.11 25352.4 79135.9
6 6019.24 12019.2 78885.7
0 6877.34 12877.3 79742.2
2 6187.98 24751.9 79060.4
