57
3 162.574 162.574 65884.6
0 532.056 2128.22 66366.6
4 856.912 3427.65 66625.7
5 298.417 1193.67 66129.1
9 350.002 350.002 66407.1
10 106.358 106.358 66287
1 499.495 499.495 66446.9
11 479.205 1916.82 66879.1
2 334.512 334.512 66721.1
6 2711.31 2711.31 69163.3
7 2475.46 2475.46 68984.2
8 3221.75 18887 69737.7
3 958.284 5333.13 67749.7
5 1412.72 1412.72 68119.4
10 2159.12 8636.46 69067.4
0 1944.63 7944.63 68449.9
9 2990.38 2990.38 69923.2
1 3311.03 3311.03 70026.2
4 1885.99 1885.99 69396.9
2 1296.4 5185.61 68660.9
11 1174.54 6198.17 68692.4
3 1978.71 9414.82 69639.7
5 2351.88 10907.5 70276.1
0 2971.5 11886 70882.8
2 2002.44 8002.44 70456.3
11 2675.31 4175.31 70993.6
7 2754.53 11018.1 71502.4
10 3598.23 14392.9 72210.1
6 2344.68 15378.7 71364.5
4 1698.72 1698.72 71046.5
3 2189.29 8757.18 71768.1
8 1918.01 1918.01 71933.5
9 1760.41 8541.62 71673.6
1 3305.23 3305.23 74047.6
5 1824.77 7299.08 72572.9
2 1601.83 7601.83 72708.7
0 2005.45 8021.79 72843.6
11 1714.54 8358.16 72747.3
4 3257.97 3257.97 74394.7
6 3011.22 12044.9 74294.3
7 2990.47 4490.47 74042
9 3983.46 5483.46 75251.5
3 2396.94 11087.8 73976.8
8 3406.54 13626.2 74945.7
10 2434.31 2434.31 74020.4
5 2656.12 10624.5 74369.4
2 4133.74 4133.74 75853.2
11 2787.44 11149.8 74731.6
0 3318.45 3318.45 75331.3
3 4464.76 17859 76685
10 3924.02 9924.02 76145.6
7 3776.53 5276.53 76019.1
1 3466.66 4966.66 75855.7
6 3461.41 13845.6 75634.5
5 5000.41 20001.6 77692.6
4 4263.32 17053.3 77171.9
11 3966.66 15866.6 76899.7
59
10 163.887 655.55 65924.6
3 128.83 515.322 65929.7
5 305.807 305.807 66156.2
4 228.495 228.495 66270.2
2 301.746 301.746 66358
0 558.831 2235.33 66620.3
7 596.818 2387.27 67094
6 265.698 265.698 66605.1
9 325.666 1302.67 66839.5
11 233.678 2434.71 66639.1
1 606.629 2426.52 67078.1
8 3212.89 3212.89 69844.9
10 1224.33 4897.33 67774.1
3 3144.67 4644.67 69557.8
5 1424.19 5696.75 68038.4
4 1421.36 1421.36 68534.1
2 1190.48 10761.9 68141.2
6 2965.37 11861.5 70355.8
0 3215.17 3215.17 70300.6
11 1483.9 2983.9 68930
9 1094.41 2594.41 68840.9
1 1298.57 6694.28 69298
7 3216.86 3216.86 71229.6
10 1565.2 7565.2 69588.3
5 2486.04 3986.04 71415.5
2 1423.36 5693.46 70029.5
4 1920.01 7680.06 70372.9
9 3406.45 4906.45 72484.6
11 2745.92 4245.92 71765.1
1 2123.56 2123.56 71712.9
3 3966.68 17366.7 74166.8
10 1689.04 6756.17 71145.8
8 2410.91 2410.91 72681.5
2 2424.27 15697.1 72352
0 3567.72 20270.9 73686.4
6 2256.42 2256.42 72402.6
4 1624.1 12496.4 72365.8
10 2225.19 14900.8 73031.4
7 2297.12 10688.5 73611.7
5 3421.07 4921.07 74976.6
1 3439.15 15256.6 74506.4
11 3904.09 5404.09 75062.4
2 4447.85 4447.85 76224.5
4 3239.16 3239.16 74763
6 2793.89 11175.6 73979.2
9 4940.18 21260.7 76527.9
8 4253.8 23015.2 76215.5
10 3619.67 14478.7 75099.2
7 4604.36 19917.4 76328.6
0 4673.3 4673.3 76524.3
6 3942.91 9942.91 75803.3
3 4645.44 6145.44 77151.5
1 3811.98 15247.9 76541.1
4 4487.51 4487.51 77156.3
5 5073.87 20295.5 77678.9
11 4342.04 4342.04 76889.7
10 4278.41 4278.41 76929.6
6 6522.92 32091.7 79604.9
8 5309.68 5309.68 78111.9
69
10 164.742 164.742 65938.8
4 238.928 238.928 66198
3 184.024 184.024 66222.7
5 225.508 225.508 66300
9 508.22 508.22 66417.6
11 494.643 494.643 66565.4
1 604.091 604.091 66668.5
2 283.638 1134.55 66427.7
7 2499.64 2499.64 68803.6
0 411.357 411.357 66494.2
6 2651.53 2651.53 69031.9
8 2825.56 11302.2 69475.3
10 1190.66 7190.66 67484.5
4 1634.4 1634.4 68172.8
3 2351.8 9407.18 68836.3
5 2228.42 2228.42 69516.9
9 3784.7 5284.7 70841.1
2 2784.55 11138.2 69915.8
0 1466.96 7466.96 68556.9
11 1365.87 5463.48 68390.4
1 1391.69 2891.69 68498.9
10 2432.7 2432.7 69682.7
4 2728.66 8728.66 70262.6
11 2438.51 3938.51 69922.7
1 2993.23 2993.23 70597.9
0 2980.53 11922.1 70642.9
7 2845.11 2845.11 70844.7
3 3505.94 5005.94 71354.1
6 2966.15 2966.15 71209
8 3378.01 19512 71872.4
5 3981.76 17427 72456.6
10 3647.45 14589.8 72221.8
2 5053.05 5053.05 73918.3
11 3225.2 3225.2 72118.3
4 3537.87 3537.87 72861.5
1 3280.25 4780.25 72550.6
0 2966.44 17865.8 72162
9 3306.26 14725.1 73073.5
7 3304.66 4804.66 73326.4
6 4296.01 10296 74019.3
3 3186.05 3186.05 73096.7
8 4472.68 23890.7 74354.1
11 5663 7163 76087.1
0 3665.52 3665.52 73960.2
10 4465.29 23861.2 75177.3
5 5929.6 23718.4 76276.4
1 5814.1 7314.1 76400.5
4 4489.42 4489.42 75164.9
9 6828.2 8328.2 77609.8
3 4122.16 17988.7 75154.9
7 4512.12 6012.12 75648.9
2 4597.09 18388.3 75880.2
0 4995.85 4995.85 76047.4
6 4516.54 4516.54 75784.6
8 4838.8 19355.2 76418.6
3 5772.11 24588.5 77311.3
4 5595.01 5595.01 77181.1
10 6761.28 33045.1 78474.5
7 5502.3 7002.3 77221.7
6 6251.4 31005.6 78195.5
2 5861.28 5861.28 77874.1
0 5634 28536 77854.2
11 8496.61 8496.61 80718.2
5 6010.92 7510.92 78253.5
1 8799.46 10299.5 81188.5
8 6744.43 26977.7 78917.6
4 7386.68 35546.7 80078.8
7 7090.34 29861.4 79998.9
3 6546.38 26185.5 79479.5
69
3 141.2 141.2 65916.7
10 169.132 676.528 66111.5
2 153.595 153.595 66287
6 396.645 396.645 66268.5
9 283.324 283.324 66269.2
4 271.348 271.348 66483.7
5 282.45 282.45 66297.7
8 711.322 711.322 66424.5
11 442.435 442.435 66501.2
1 683.381 683.381 66765.1
0 700.765 8803.06 66846.2
7 2479.91 2479.91 68592.7
3 1739.56 3239.56 67947.9
10 2501.19 8501.19 68846.7
6 2029.4 2029.4 68429.9
9 2056.32 2056.32 68437.4
2 1908.55 7908.55 68144.1
5 1942.62 9270.49 68253.5
8 3193.98 12775.9 69567.1
4 1980.44 7980.44 68345.2
11 1864.4 3364.4 68458.3
1 1902.75 1902.75 68950
0 3890.55 3890.55 70975.6
3 2866.13 4366.13 69992.3
2 3301.98 13207.9 70538.7
5 2897.67 11590.7 70364.3
4 2933.49 11734 70316.4
6 5748.36 11748.4 73161.2
9 2732.82 12431.3 70250.7
11 2540.35 11661.4 70201.4
7 2825.18 12800.7 70749.4
10 3368.33 13473.3 71279.6
1 3362.35 3362.35 71816.3
8 3549.98 3549.98 71868.3
3 4198.73 16794.9 72946.6
11 3700.12 16300.5 72312
9 3308.59 13234.4 72328.4
4 3152.53 9152.53 72741.9
5 3394.46 15077.8 73594.5
2 3041.3 12165.2 72498
7 2722.64 4222.64 72993.2
0 5833.78 29335.1 75761.5
10 3539.24 20156.9 73657.9
1 3716.88 5216.88 73863.1
8 2934 17736 73675.7
11 3391.47 13565.9 74197.6
9 3381.54 15026.2 74696.1
2 3777.3 3777.3 75332.8
4 4468.13 17872.5 75535.4
3 4515.08 19560.3 75547.8
7 5204.66 6704.66 76341.4
6 3839.98 15359.9 75123
5 5082.63 6582.63 76134.1
10 4893.44 4893.44 76161.5
8 4304.57 17218.3 75884.4
1 4354.29 18917.1 75893.5
11 4627.74 6127.74 76213.8
9 6280.08 25120.3 77993.3
6 5361.71 5361.71 77081.1
2 6811.53 33246.1 78755.7
4 5342.21 5342.21 77355
3 5442.6 21770.4 77662.8
0 5308.84 11308.8 77530.5
8 6592.36 6592.36 78835
1 5507.37 7007.37 77896.4
5 5738.18 24452.7 77911.3
10 6367.09 31468.4 79059.2
11 5541.23 23664.9 78449.8
7 5456.85 21827.4 78389.9
61
10 164.742 164.742 65938.8
4 238.928 238.928 66198
3 184.024 184.024 66222.7
5 225.508 225.508 66300
9 508.22 508.22 66417.6
11 494.643 494.643 66565.4
1 604.091 604.091 66668.5
2 283.638 1134.55 66427.7
7 2499.64 2499.64 68803.6
0 411.357 411.357 66494.2
6 2651.53 2651.53 69031.9
8 2825.56 11302.2 69475.3
10 1190.66 7190.66 67484.5
4 1634.4 1634.4 68172.8
3 2351.8 9407.18 68836.3
5 2228.42 2228.42 69516.9
9 3784.7 5284.7 70841.1
2 2784.55 11138.2 69915.8
0 1466.96 7466.96 68556.9
11 1365.87 5463.48 68390.4
1 1391.69 2891.69 68498.9
10 2432.7 2432.7 69682.7
4 2728.66 8728.66 70262.6
11 2781.87 12627.5 70299.8
1 2580.94 11823.8 70241.9
0 2681.11 10724.4 70605.4
7 2732.09 12428.4 70643.4
3 3103.77 3103.77 71557.7
6 2700.7 2700.7 71019
8 3275.18 19100.7 72023
5 3466.02 15364.1 72077.9
10 3016.54 18066.2 72036.4
2 4526.66 24106.6 73722.2
1 4198.5 18294 73965.7
4 2722.57 2722.57 72744.3
11 2878.12 2878.12 72601.4
0 2675.97 8675.97 72586.6
7 2582.78 10331.1 72464.2
9 2743.15 4243.15 73167.2
6 2522.52 2522.52 72817.2
3 3290.71 13162.8 74002.7
8 4173.73 22694.9 74520.5
10 5126.56 5126.56 75712.9
5 3153.73 4653.73 73829.2
7 3721.78 5221.78 74503.4
0 3733.6 3733.6 74989.1
11 3225.35 4725.35 74411.4
4 3782.06 3782.06 75192.6
6 3825.37 3825.37 75129.9
9 6422.46 7922.46 77952.5
2 3997.59 21990.4 75746.3
5 4346.17 4346.17 75970.9
1 6632.97 8132.97 78406.7
3 5068.63 20274.5 76908.1
11 4175.35 4175.35 76221.3
7 4072.29 5572.29 76221.2
8 4551.56 4551.56 77299.7
0 4624.28 4624.28 76946.2
6 4324.18 4324.18 76920.8
4 4519.6 24078.4 77541.9
10 6718.59 6718.59 79772
70
10 163.887 655.55 65924.6
3 128.83 515.322 65929.7
5 305.807 305.807 66156.2
4 228.495 228.495 66270.2
2 301.746 301.746 66358
0 558.831 2235.33 66620.3
7 596.818 2387.27 67094
6 265.698 265.698 66605.1
9 325.666 1302.67 66839.5
11 233.678 2434.71 66639.1
1 606.629 2426.52 67078.1
8 3212.89 3212.89 69844.9
10 1224.33 4897.33 67774.1
3 3144.67 4644.67 69557.8
5 1424.19 5696.75 68038.4
4 1421.36 1421.36 68534.1
2 1190.48 10761.9 68141.2
6 2965.37 11861.5 70355.8
0 3215.17 3215.17 70300.6
11 1483.9 2983.9 68930
9 1385.28 1385.28 69080.8
1 2027.17 3527.17 69618.4
7 3932.34 5432.34 71688.7
10 1491 1491 69317.9
5 2834.25 4334.25 71450.2
2 1743.84 1743.84 70630.9
4 2207.36 2207.36 70844.9
11 1962.51 3462.51 70860.4
9 2707.16 12328.7 71636.4
10 2375.41 8375.41 71537.8
3 2347.03 10888.1 71472.3
1 2273.31 3773.31 71681.3
8 3839.22 3839.22 73865.9
0 3175.78 9175.78 73397.4
6 2478.77 2478.77 72609.1
2 3139.77 3139.77 73269.2
4 3176.57 9176.57 73647.9
11 2967.18 2967.18 73168.2
5 3957.14 17328.6 74671.8
3 4924.11 19696.5 75314.7
10 3933.12 15732.5 74840.3
9 2794.02 4294.02 73564.5
1 2933.92 13235.7 74206.5
7 2298.87 2298.87 73233.1
6 4399.81 4399.81 75360.4
11 3655.34 3655.34 74978.4
7 3724.07 3724.07 75059.2
2 3452.21 3452.21 74829.2
0 5220.12 5220.12 76737.7
9 3605.38 15921.5 75536.8
4 5118.94 5118.94 77300.5
8 6255.94 31023.7 77883
1 4356.17 18924.7 76077.9
5 6134.96 24539.8 78259.3
2 5288.79 11288.8 77254.7
10 6921.06 27684.2 78905.2
11 4874.32 20997.3 76997
7 4910 4910 77043.4
3 5240.84 22463.4 78024.8
6 5722.73 28890.9 78090.2
9 5202.08 6702.08 77632.6
1 6090.61 24362.5 78523.4
0 6285.05 6285.05 78938.9
11 6518.39 27573.6 79262.1
7 7956.41 33325.6 80565.3
2 6464.17 31856.7 79068.9
4 6448.31 31793.2 79246.1
9 7700.58 7700.58 80567
8 6809.88 12809.9 79674.7
3 7936.21 33244.8 80808.7
60
3 141.2 141.2 65916.7
10 169.132 676.528 66111.5
2 153.595 153.595 66287
6 396.645 396.645 66268.5
9 283.324 283.324 66269.2
4 271.348 271.348 66483.7
5 282.45 282.45 66297.7
8 711.322 711.322 66424.5
11 442.435 442.435 66501.2
1 683.381 683.381 66765.1
0 700.765 8803.06 66846.2
7 2479.91 2479.91 68592.7
3 1739.56 3239.56 67947.9
10 2501.19 8501.19 68846.7
6 2029.4 2029.4 68429.9
9 2056.32 2056.32 68437.4
2 1908.55 7908.55 68144.1
5 1942.62 9270.49 68253.5
8 3193.98 12775.9 69567.1
4 1980.44 7980.44 68345.2
11 1864.4 3364.4 68458.3
1 1902.75 1902.75 68950
0 3890.55 3890.55 70975.6
3 2866.13 4366.13 69992.3
2 3301.98 13207.9 70538.7
5 2897.67 11590.7 70364.3
4 2933.49 11734 70316.4
6 5748.36 11748.4 73161.2
9 2913.89 4413.89 70390
11 3006.68 4506.68 71307.4
7 1166.32 1166.32 70755.6
10 2474.27 9897.07 72674.4
1 2230.25 10421 71687
8 1540.32 1540.32 71810.9
3 2040.92 8163.69 71968.7
4 2779.07 17116.3 72897.8
5 2160.87 3660.87 72307.1
9 1455.74 5822.96 72197.4
2 1559.79 12239.2 72366
7 1823.14 8792.56 73137.7
0 3749.86 3749.86 75305.4
11 3556.36 15725.5 74623.6
1 2325.24 3825.24 73483.5
8 3032.98 3032.98 74809.7
3 2842.03 4342.03 74365.9
9 2588.71 11854.9 73774
5 2554.81 11719.2 74142.5
2 2905.63 17622.5 74867.3
10 3714.17 14856.7 75193.7
4 3393.45 13573.8 75117.7
7 4645.01 6145.01 76496
6 3124.93 9124.93 74985.3
1 2983.31 4483.31 75489.4
9 3079.56 12318.2 75808.7
5 3508 5008 76176.8
3 3768.98 15075.9 76374.1
11 3903.31 3903.31 76451
8 6151.5 6151.5 78802.7
2 5586.93 28347.7 78668.9
6 4079.51 4079.51 76881.8
59
10 163.887 655.55 65924.6
3 128.83 515.322 65929.7
5 305.807 305.807 66156.2
4 228.495 228.495 66270.2
2 301.746 301.746 66358
0 558.831 2235.33 66620.3
7 596.818 2387.27 67094
6 265.698 265.698 66605.1
9 325.666 1302.67 66839.5
11 233.678 2434.71 66639.1
1 606.629 2426.52 67078.1
8 3212.89 3212.89 69844.9
10 1224.33 4897.33 67774.1
3 3144.67 4644.67 69557.8
5 1424.19 5696.75 68038.4
4 1421.36 1421.36 68534.1
2 1190.48 10761.9 68141.2
6 2965.37 11861.5 70355.8
0 3215.17 3215.17 70300.6
11 1483.9 2983.9 68930
9 1385.28 1385.28 69080.8
1 2027.17 3527.17 69618.4
7 3932.34 5432.34 71688.7
10 1491 1491 69317.9
5 2834.25 4334.25 71450.2
2 1743.84 1743.84 70630.9
4 2207.36 2207.36 70844.9
11 1962.51 3462.51 70860.4
9 2707.16 12328.7 71636.4
10 2375.41 8375.41 71537.8
3 2347.03 10888.1 71472.3
1 3529.29 5029.29 72882.8
8 2525.77 16103.1 71773.1
0 4800.81 10800.8 74327
6 2869.7 17478.8 72378.6
2 3100.86 12403.4 73114.8
4 2908.74 2908.74 73072.1
11 2927.18 4427.18 73288.5
5 4543.43 19673.7 74699.4
3 2324.5 2324.5 73388.7
10 3107.14 3107.14 74557.6
9 2418.88 3918.88 73577.1
7 3784.49 5284.49 75561.2
8 2646.43 2646.43 74170.3
6 3939.59 15758.4 75124.9
1 6104.73 25918.9 77692.5
4 4072.53 22290.1 76034.2
2 4331.52 17326.1 75811.1
11 3387.35 15049.4 75111.6
3 5570.03 7070.03 77421
9 3540.89 3540.89 75401.3
8 4648.98 4648.98 77155.1
0 3632.57 20530.3 76361.7
10 4034.4 4034.4 76703.2
5 4070.43 16281.7 76675.5
11 4868 4868 77415.7
6 4304.04 4304.04 76955.2
9 6120.9 24483.6 79202.9
7 6006.69 7506.69 78808.9
72
10 147.319 147.319 65960.4
3 132.604 530.416 65941.9
4 139.91 559.642 66166.8
5 299.855 1199.42 66175.9
9 212.23 848.919 66148.4
2 297.732 1190.93 66208.5
11 406.826 406.826 66409.7
7 1005.02 1005.02 67038.7
0 328.802 1315.21 66598.5
1 673.25 2173.25 66772
6 2686.64 16746.6 68665.1
8 2652.94 16611.8 68954.3
3 1953.85 7815.39 68096.2
10 1546.53 7546.53 67944.6
9 1697.5 1697.5 68146.6
4 1615.74 1615.74 68109.9
5 1514.83 6059.32 68003.8
2 1401.53 5606.11 67762.6
11 3695.18 16280.7 70510.7
0 2378.73 15514.9 69006.2
1 2008.83 9535.33 68837.7
7 3854.05 15416.2 73687.6
2 2552.08 8552.08 69579.6
10 2893.88 2893.88 69912.9
5 3595.76 15883 70799
3 2286.11 10644.4 69804
4 2805.16 11220.6 70466.2
9 2379.05 11016.2 70303.3
6 2649.81 10599.2 70561.1
1 2530.88 2530.88 70984.8
8 3431.36 3431.36 71749.7
0 3212.59 18850.4 71960.4
2 2539.51 10158 71151.4
3 2861.88 11447.5 71881.7
10 3342.04 3342.04 72689.9
9 2852.9 11411.6 72431.7
4 2307.95 2307.95 72323.5
11 3014.85 13559.4 72928
6 2136.91 8136.91 72879.3
5 3376.39 13505.6 74124.5
1 2130.27 2130.27 73237.2
2 2235.5 8941.99 73073.7
8 2478.32 15913.3 73690.7
3 3496.62 15486.5 74661.7
0 3574.41 9574.41 74774.1
4 3923.67 9923.67 75126.8
9 3065.83 3065.83 74403.2
10 4297.85 4297.85 75566.3
6 3297.45 13189.8 74435.6
11 3672.68 16190.7 75233.3
2 4897.31 4897.31 76578.8
1 5159.87 22139.5 76566.7
7 4322.74 18791 75614.1
8 4571.03 18284.1 76026.9
5 4460.99 5960.99 75941.5
9 4795.03 20680.1 76342.2
6 4601.34 4601.34 76407.1
3 4537.27 19649.1 76510.5
0 5343.79 21375.2 77558.3
4 5475.45 5475.45 77379.8
11 7284.53 7284.53 79318.7
10 5816.39 11816.4 77613.7
7 5236.58 6736.58 77163.1
5 6017.44 7517.44 78223
8 5623.58 22494.3 77768.2
9 5959.67 25338.7 78469.6
6 5777.87 5777.87 78208.4
3 6267.64 26570.6 79281.3
1 5904.35 25117.4 78281.8
2 6526.51 6526.51 79135.2
7 5949.72 23798.9 78969.9
4 7156.79 7156.79 79918.7
74
10 164.742 164.742 65938.8
4 238.928 238.928 66198
3 184.024 184.024 66222.7
5 225.508 225.508 66300
9 508.22 508.22 66417.6
11 494.643 494.643 66565.4
1 604.091 604.091 66668.5
2 283.638 1134.55 66427.7
7 2499.64 2499.64 68803.6
0 411.357 411.357 66494.2
6 2651.53 2651.53 69031.9
8 2825.56 11302.2 69475.3
10 1190.66 7190.66 67484.5
4 1634.4 1634.4 68172.8
3 2351.8 9407.18 68836.3
5 2228.42 2228.42 69516.9
9 3784.7 5284.7 70841.1
2 2784.55 11138.2 69915.8
0 1466.96 7466.96 68556.9
11 1365.87 5463.48 68390.4
1 1391.69 2891.69 68498.9
10 2432.7 2432.7 69682.7
4 2728.66 8728.66 70262.6
11 2593.24 2593.24 70288.7
1 3448.01 4948.01 71039.3
0 2877.5 2877.5 70633.8
7 2920.07 4420.07 70747
3 2963.73 4463.73 71579.7
6 2231.29 2231.29 71118.3
8 3642.22 3642.22 72279.8
5 3329.76 4829.76 72227.7
10 3828.57 15314.3 72757.8
2 4306.01 10306 73468.4
4 4486.95 17947.8 73612.2
11 4677.11 6177.11 74030.7
0 2913.12 17652.5 72160.4
7 3071.18 3071.18 72597.4
9 4977.23 19908.9 74486.2
1 3509.26 15537.1 73523.2
6 3690.85 3690.85 73854.2
3 5340.74 6840.74 75702
0 3748.12 14992.5 73904.1
5 4182.11 4182.11 75246.3
8 2890.69 2890.69 74341.1
7 3326.02 13304.1 74538.4
10 3534.51 14138 74699.6
2 5082.37 11082.4 76282.1
1 5117.22 5117.22 76320.4
4 6355.72 12355.7 77693.1
6 4889.09 4889.09 76157.6
0 4860.68 19442.7 75998.8
11 5536.07 23644.3 77096.7
8 5759.68 5759.68 77441.2
9 5895.6 25082.4 77302.5
7 5326.78 22807.1 76618.1
10 5081.41 20325.6 76537.2
5 7746.14 9246.14 79226.7
3 6093.91 25875.6 77641.1
0 6164.57 6164.57 77970.3
6 6540.8 26163.2 78514
2 6851.75 27407 79066.3
1 6669 8169 78573.3
10 6509.64 12509.6 78543.8
7 6329.48 6329.48 78126.8
11 8998.37 10498.4 80924.9
9 7378.39 8878.39 79583.9
8 8904.68 35618.7 81049.3
3 7258.55 30534.2 79768.5
4 7656.79 7656.79 80087.4
0 7727.49 30909.9 80741.2
7 7464.46 31357.8 79842
6 8268.27 8268.27 80877
10 7638.56 36554.2 80658.8
1 8350.34 9850.34 81112.2
64
10 147.319 147.319 65960.4
3 132.604 530.416 65941.9
4 139.91 559.642 66166.8
5 299.855 1199.42 66175.9
9 212.23 848.919 66148.4
2 297.732 1190.93 66208.5
11 406.826 406.826 66409.7
7 1005.02 1005.02 67038.7
0 328.802 1315.21 66598.5
1 673.25 2173.25 66772
6 2686.64 16746.6 68665.1
8 2652.94 16611.8 68954.3
3 1953.85 7815.39 68096.2
10 1546.53 7546.53 67944.6
9 1697.5 1697.5 68146.6
4 1615.74 1615.74 68109.9
5 1514.83 6059.32 68003.8
2 1401.53 5606.11 67762.6
11 3695.18 16280.7 70510.7
0 2378.73 15514.9 69006.2
1 2008.83 9535.33 68837.7
7 3854.05 15416.2 73687.6
2 2552.08 8552.08 69579.6
10 2893.88 2893.88 69912.9
5 3595.76 15883 70799
3 2685.62 4185.62 70169.8
4 2618.8 8618.8 70223.4
9 2439.23 11256.9 70101.6
6 2606.67 8606.67 70606.2
1 2908.42 4408.42 70756.6
8 3135.49 3135.49 71378.3
0 2699.63 16798.5 71194.1
2 4887.09 19548.4 73361.9
10 2887.31 11549.2 71461.7
9 3062.81 4562.81 71928.1
3 3472.31 3472.31 72365.4
4 3043.61 3043.61 72367.2
11 5701.95 7201.95 74972.3
6 4022.81 4022.81 73370.6
1 2765.4 11061.6 72344.2
5 3470.23 4970.23 73485.8
0 3880.78 15523.1 73794
8 3466.53 9466.53 74208.9
10 2521.77 16087.1 73269.9
9 3599.26 3599.26 74706.1
1 3428.25 15213 74266.4
3 3980.62 5480.62 75138.9
4 4089.75 4089.75 75866.4
10 4143.21 4143.21 75667.1
2 6035.83 24143.3 77221.1
6 5145.03 20580.1 76732.8
5 4486.22 17944.9 76447.9
7 4124.08 17996.3 75603.7
0 5432.84 21731.4 77157.1
8 4211.91 4211.91 76062.9
1 4584.87 4584.87 76445.2
9 5705.89 7205.89 78212
11 4691.48 18765.9 77420.6
3 4504.35 6004.35 77173.2
7 5220.86 20883.5 77825.9
10 5925.85 11925.8 78473.5
4 7208.27 7208.27 79859.4
8 7309.65 35238.6 80391.6
1 5539.46 7039.46 78341.7
66
10 164.742 164.742 65938.8
4 238.928 238.928 66198
3 184.024 184.024 66222.7
5 225.508 225.508 66300
9 508.22 508.22 66417.6
11 494.643 494.643 66565.4
1 604.091 604.091 66668.5
2 283.638 1134.55 66427.7
7 2499.64 2499.64 68803.6
0 411.357 411.357 66494.2
6 2651.53 2651.53 69031.9
8 2825.56 11302.2 69475.3
10 1190.66 7190.66 67484.5
4 1634.4 1634.4 68172.8
3 2351.8 9407.18 68836.3
5 2228.42 2228.42 69516.9
9 3784.7 5284.7 70841.1
2 2784.55 11138.2 69915.8
0 1466.96 7466.96 68556.9
11 1365.87 5463.48 68390.4
1 1391.69 2891.69 68498.9
10 2432.7 2432.7 69682.7
4 2728.66 8728.66 70262.6
11 2781.87 12627.5 70299.8
1 2580.94 11823.8 70241.9
0 2681.11 10724.4 70605.4
7 2732.09 12428.4 70643.4
3 3103.77 3103.77 71557.7
6 2700.7 2700.7 71019
8 3275.18 19100.7 72023
5 3466.02 15364.1 72077.9
10 3016.54 18066.2 72036.4
2 2997.89 2997.89 72345.7
1 2791.53 11166.1 72370.3
4 2667.35 2667.35 72682.9
11 3484.2 15436.8 73397.4
0 2181.2 8181.2 72923.6
7 2191.99 8767.96 72940.1
9 3780.73 3780.73 74887.6
6 2103.09 8412.38 72941.3
3 2410.96 3910.96 73371.5
8 3498.16 9498.16 74821.2
10 3338.02 9338.02 74673.2
5 2453.82 3953.82 73830.8
2 4168.45 4168.45 75686
1 2411.19 11144.8 74342.7
4 3424.45 3424.45 75606
0 3106.65 18426.6 74733.7
7 3018.2 13572.8 74739.9
6 3541.41 20165.6 75665.7
3 3401.43 3401.43 75367.3
11 5478.14 23412.6 77462.3
5 4154.97 18119.9 76277.6
1 4527.5 4527.5 76660.9
10 5100.28 20401.1 77884.2
0 5171.41 26685.7 77538.9
7 4405.12 5905.12 76835.7
8 4406.29 23625.2 76839
9 5228.94 6728.94 77882.8
3 4888.72 21054.9 77632.4
4 5728.5 22914 78337.4
6 4682.49 24730 77287.3
2 5159.08 26636.3 77956.9
5 5414.1 5414.1 78280.6
1 5587.71 5587.71 78452.6
7 6747.09 28488.4 79619.5
55
10 147.319 147.319 65960.4
3 132.604 530.416 65941.9
4 139.91 559.642 66166.8
5 299.855 1199.42 66175.9
9 212.23 848.919 66148.4
2 297.732 1190.93 66208.5
11 406.826 406.826 66409.7
7 1005.02 1005.02 67038.7
0 328.802 1315.21 66598.5
1 673.25 2173.25 66772
6 2686.64 16746.6 68665.1
8 2652.94 16611.8 68954.3
3 1953.85 7815.39 68096.2
10 1546.53 7546.53 67944.6
9 1697.5 1697.5 68146.6
4 1615.74 1615.74 68109.9
5 1514.83 6059.32 68003.8
2 1401.53 5606.11 67762.6
11 3695.18 16280.7 70510.7
0 2378.73 15514.9 69006.2
1 2008.83 9535.33 68837.7
7 3854.05 15416.2 73687.6
2 2552.08 8552.08 69579.6
10 2893.88 2893.88 69912.9
5 3595.76 15883 70799
3 2693.62 4193.62 70169.8
4 1990.75 1990.75 70291.4
9 1563.19 3063.19 70911
6 673.914 8695.66 70252.7
1 1242.45 2742.45 71258
8 2006.68 8026.74 71919.9
0 394.723 6394.72 71137.1
2 639.674 8558.7 71387.8
10 1584.14 7584.14 72691
3 1253.85 6515.39 72092
6 973.597 3894.39 72006.4
4 2502.86 2502.86 73639.6
11 4098.96 17895.8 75382
5 2866.81 4366.81 73918.3
9 2522.2 4022.2 73790.3
0 1765.96 7063.83 73345.8
1 2730.98 12423.9 74270.2
2 1611.92 1611.92 73198
8 4179.26 22717 75892.5
6 2245.02 2245.02 73964.5
3 2831.02 11324.1 74775.2
10 4018.99 4018.99 76031.8
2 3192.21 18768.8 75412.4
0 3739.91 9739.91 75961.5
4 3374.16 3374.16 75616.8
7 3301.52 4801.52 75690.6
9 3556.39 15725.6 75729.5
5 4549.32 18197.3 77241.5
6 3833.06 15332.2 76741.6
1 3505.25 14021 76438.3
63
10 147.319 147.319 65960.4
3 132.604 530.416 65941.9
4 139.91 559.642 66166.8
5 299.855 1199.42 66175.9
9 212.23 848.919 66148.4
2 297.732 1190.93 66208.5
11 406.826 406.826 66409.7
7 1005.02 1005.02 67038.7
0 328.802 1315.21 66598.5
1 673.25 2173.25 66772
6 2686.64 16746.6 68665.1
8 2652.94 16611.8 68954.3
3 1953.85 7815.39 68096.2
10 1546.53 7546.53 67944.6
9 1697.5 1697.5 68146.6
4 1615.74 1615.74 68109.9
5 1514.83 6059.32 68003.8
2 1401.53 5606.11 67762.6
11 3695.18 16280.7 70510.7
0 2378.73 15514.9 69006.2
1 2008.83 9535.33 68837.7
7 3854.05 15416.2 73687.6
2 2552.08 8552.08 69579.6
10 2893.88 2893.88 69912.9
5 3595.76 15883 70799
3 2699.67 4199.67 70446.2
4 2203.25 8813.01 70202.6
9 2270.05 2270.05 70282.8
6 2456.26 8456.26 70479.4
1 3285.26 4785.26 72214.8
8 2715.99 10864 71322.2
0 1979.08 7916.3 70432
2 4145.09 4145.09 73223.2
10 3728.83 3728.83 72748.1
4 3500.48 20001.9 72696.1
9 3793.48 16673.9 73560.7
0 2891.98 2891.98 72913.7
3 2549.45 2549.45 72272.7
6 2311.29 8311.29 72221.9
11 4950.67 19802.7 74832.1
5 3618.43 5118.43 74042.5
8 2788.84 2788.84 73083.5
1 4490.32 17961.3 75202.4
6 3947.19 21788.7 74294
3 6064.03 7564.03 76650.4
4 3771.85 3771.85 74447.3
10 4982.98 4982.98 75764.6
0 4060.7 4060.7 75316.2
8 4204.27 4204.27 75390.3
2 5949.69 5949.69 77360.3
9 7045.14 8545.14 78349.6
7 4155.14 5655.14 75685.1
5 7254.54 29018.1 79003.3
6 4464.1 10464.1 76088.9
4 4659.1 4659.1 76432.9
11 4865.59 19462.4 76705.1
1 6493.07 6493.07 78539.1
0 5093.09 5093.09 77242
8 5421.34 5421.34 78169.4
7 4883.08 6383.08 77205
10 5089.2 5089.2 77685.8
6 5415.87 27663.5 78438.2
4 5619.5 5619.5 78672.9
59
10 163.887 655.55 65924.6
3 128.83 515.322 65929.7
5 305.807 305.807 66156.2
4 228.495 228.495 66270.2
2 301.746 301.746 66358
0 558.831 2235.33 66620.3
7 596.818 2387.27 67094
6 265.698 265.698 66605.1
9 325.666 1302.67 66839.5
11 233.678 2434.71 66639.1
1 606.629 2426.52 67078.1
8 3212.89 3212.89 69844.9
10 1224.33 4897.33 67774.1
3 3144.67 4644.67 69557.8
5 1424.19 5696.75 68038.4
4 1421.36 1421.36 68534.1
2 1190.48 10761.9 68141.2
6 2965.37 11861.5 70355.8
0 3215.17 3215.17 70300.6
11 1483.9 2983.9 68930
9 1307.99 2807.99 68792.1
1 1572.39 1572.39 69177
7 4033.11 17632.4 71695.4
10 1715.61 7715.61 69715.2
5 2109.2 3609.2 69957.4
2 1924.75 1924.75 70167.6
4 2060.97 14243.9 70555.4
9 4099.64 17898.6 72574.5
11 1904.4 9117.6 70478.8
1 2613.38 4113.38 71478.6
3 3917.12 3917.12 72810.2
10 2990.47 2990.47 72314.1
8 2579.74 2579.74 71850.1
5 4879.95 6379.95 74233.5
2 3623.93 20495.7 72871.2
0 4800.81 10800.8 74327
6 2869.7 17478.8 72378.6
11 2877.28 13009.1 72891.3
4 3127.93 3127.93 73291.3
1 3080.94 4580.94 73442.2
7 3283.15 14632.6 73439.2
8 3804.57 9804.57 74868.8
10 3883.45 3883.45 75333.9
6 4019.42 4019.42 75274.9
9 5407.23 6907.23 76593.2
3 4358.9 5858.9 75769.5
2 3385.74 3385.74 74690.2
11 4199.57 5699.57 75729.6
4 4546.44 24185.7 76295.2
7 3956.11 3956.11 75580.9
1 4016.65 5516.65 75790.4
5 6771.23 27084.9 78610.7
0 4091 10091 76137
2 4627.9 4627.9 76776.8
8 5317.29 5317.29 78065.4
6 4910.09 4910.09 77232
10 4658.54 4658.54 77255.2
7 4907.87 19631.5 77930.2
11 5457.39 6957.39 78510.8
73
3 141.2 141.2 65916.7
10 169.132 676.528 66111.5
2 153.595 153.595 66287
6 396.645 396.645 66268.5
9 283.324 283.324 66269.2
4 271.348 271.348 66483.7
5 282.45 282.45 66297.7
8 711.322 711.322 66424.5
11 442.435 442.435 66501.2
1 683.381 683.381 66765.1
0 700.765 8803.06 66846.2
7 2479.91 2479.91 68592.7
3 1739.56 3239.56 67947.9
10 2501.19 8501.19 68846.7
6 2029.4 2029.4 68429.9
9 2056.32 2056.32 68437.4
2 1908.55 7908.55 68144.1
5 1942.62 9270.49 68253.5
8 3193.98 12775.9 69567.1
4 1980.44 7980.44 68345.2
11 1864.4 3364.4 68458.3
1 1902.75 1902.75 68950
0 3890.55 3890.55 70975.6
3 2866.13 4366.13 69992.3
2 3301.98 13207.9 70538.7
5 2897.67 11590.7 70364.3
4 2933.49 11734 70316.4
6 5748.36 11748.4 73161.2
9 2913.89 4413.89 70390
11 3006.68 4506.68 71307.4
7 998.133 2498.13 70406.2
10 1890.45 1890.45 71917.1
1 1046.99 1046.99 71268.6
8 1690.09 1690.09 71820.4
3 1972.46 3472.46 72101.9
4 2648.04 8648.04 73119.4
5 2166.17 2166.17 72367.2
9 2482.37 11429.5 73197
7 2117.03 8468.11 72507.6
2 3227.11 12908.4 74134.3
0 4934.29 4934.29 75704.7
1 3549.92 15699.7 74822.5
11 3489.43 3489.43 74423.6
8 3588.54 20354.2 74800.9
10 4728.65 18914.6 75893.7
3 3218.32 3218.32 74418
5 2994.4 2994.4 74197.6
7 3141.76 3141.76 74479.1
4 4727.38 4727.38 75995.9
6 3579.35 14317.4 74717.5
9 3830.87 16823.5 75391.5
2 4945.77 4945.77 76627.3
5 4612.43 19949.7 76019.3
3 4667.34 20169.4 75958.7
11 4805.49 20721.9 76261.3
7 4938.39 6438.39 76418.9
6 4972.68 19890.7 76519.8
8 5170.72 5170.72 76976.5
1 5205.73 22322.9 77179
9 6765.92 28563.7 78980.4
0 6053.36 6053.36 77957.7
10 5866.11 11866.1 77900.3
3 5670.04 5670.04 77467.4
4 6156.52 6156.52 78083
5 6095.22 7595.22 78300.7
11 5858.04 24932.2 78002.7
7 6036.38 25645.5 78546.3
6 6291.23 6291.23 78721.8
2 7972.47 31889.9 80986.1
8 6413.73 25654.9 78791.2
1 6933.2 8433.2 79541.9
3 6254.05 25016.2 79274.2
10 7072.58 7072.58 79834.5
59
3 141.2 141.2 65916.7
10 169.132 676.528 66111.5
2 153.595 153.595 66287
6 396.645 396.645 66268.5
9 283.324 283.324 66269.2
4 271.348 271.348 66483.7
5 282.45 282.45 66297.7
8 711.322 711.322 66424.5
11 442.435 442.435 66501.2
1 683.381 683.381 66765.1
0 700.765 8803.06 66846.2
7 2479.91 2479.91 68592.7
3 1739.56 3239.56 67947.9
10 2501.19 8501.19 68846.7
6 2029.4 2029.4 68429.9
9 2056.32 2056.32 68437.4
2 1908.55 7908.55 68144.1
5 1942.62 9270.49 68253.5
8 3193.98 12775.9 69567.1
4 1980.44 7980.44 68345.2
11 1864.4 3364.4 68458.3
1 1902.75 1902.75 68950
0 3890.55 3890.55 70975.6
3 2866.13 4366.13 69992.3
2 3301.98 13207.9 70538.7
5 2897.67 11590.7 70364.3
4 2933.49 11734 70316.4
6 5748.36 11748.4 73161.2
9 2913.89 4413.89 70390
11 3006.68 4506.68 71307.4
7 1346.95 5387.78 70542.5
10 1849.24 7396.97 71616.5
1 2123.21 3623.21 72144.9
8 2145.46 8145.46 71868.7
3 2136.36 2136.36 72047
4 2198.06 14792.2 72079.5
5 4285.13 5785.13 74709.2
9 1893.54 3393.54 72188.2
2 2605.5 16422 73317.5
7 1729.29 6917.15 72076.1
0 2327.99 2327.99 72914.3
11 3508.36 5008.36 74183.8
10 5371.18 5371.18 76152.8
8 2556.53 2556.53 73812
3 3167.73 4667.73 74353.7
7 2654.31 4154.31 74064.9
4 3087.66 3087.66 74392.2
1 2921.68 4421.68 74451.7
9 2939.31 11757.2 74688
0 5846.06 11846.1 77470.8
6 3351.9 3351.9 75125.7
2 4383.42 23533.7 76222.9
8 3763.54 9763.54 75809.5
7 3841.76 5341.76 75990.7
11 3688.59 5188.59 76436.7
3 3551.67 5051.67 75873.6
4 3586.46 3586.46 76183.1
1 3473.27 13893.1 76495.6
9 4389.59 5889.59 77443
80
3 141.2 141.2 65916.7
10 169.132 676.528 66111.5
2 153.595 153.595 66287
6 396.645 396.645 66268.5
9 283.324 283.324 66269.2
4 271.348 271.348 66483.7
5 282.45 282.45 66297.7
8 711.322 711.322 66424.5
11 442.435 442.435 66501.2
1 683.381 683.381 66765.1
0 700.765 8803.06 66846.2
7 2479.91 2479.91 68592.7
3 1739.56 3239.56 67947.9
10 2501.19 8501.19 68846.7
6 2029.4 2029.4 68429.9
9 2056.32 2056.32 68437.4
2 1908.55 7908.55 68144.1
5 1942.62 9270.49 68253.5
8 3193.98 12775.9 69567.1
4 1980.44 7980.44 68345.2
11 1864.4 3364.4 68458.3
1 1902.75 1902.75 68950
0 3890.55 3890.55 70975.6
3 2866.13 4366.13 69992.3
2 3301.98 13207.9 70538.7
5 2897.67 11590.7 70364.3
4 2933.49 11734 70316.4
6 5748.36 11748.4 73161.2
9 2732.82 12431.3 70250.7
11 2540.35 11661.4 70201.4
7 2825.18 12800.7 70749.4
10 3368.33 13473.3 71279.6
1 3362.35 3362.35 71816.3
8 3549.98 3549.98 71868.3
3 4198.73 16794.9 72946.6
11 3700.12 16300.5 72312
9 3308.59 13234.4 72328.4
4 2697.79 2697.79 72105.8
5 4358.61 5858.61 74385.3
2 3054.4 9054.4 73276
7 2872.41 4372.41 73002.7
0 5240.97 5240.97 75370.4
10 3073.8 9073.8 73545.1
1 3923.04 3923.04 74124.1
8 3960.63 15842.5 74675.2
4 3816.68 21266.7 74207.3
11 5261.28 22545.1 76168.4
9 4329.39 5829.39 75099.9
3 4701.7 20306.8 75974.3
7 5184.82 5184.82 76119
6 3889.82 21559.3 75102.2
2 5413 21652 76578.1
10 5689.8 11689.8 76889.5
1 4751.27 4751.27 75954.4
4 4841.41 10841.4 76178.7
5 6718.91 8218.91 77987.4
8 6663.92 26655.7 77802.1
9 7042.84 29671.3 78603.5
6 6520.77 6520.77 78202.3
0 6265.78 25063.1 77672.6
1 6203.77 26315.1 77495.1
3 6854.58 28918.3 78310.4
7 6455.55 7955.55 77936.1
11 8595.08 35880.3 80142.2
4 6289.12 6289.12 78094.9
2 6453.65 25814.6 78426.9
10 7459.18 29836.7 79673.7
1 7843.72 9343.72 79748
0 7645.04 13645 79679.2
8 7513.45 13513.5 79310.8
7 7558.56 9058.56 79485.1
5 7845.94 9345.94 80051.5
4 7811.54 31246.1 79956.2
6 9929.48 39717.9 82439.4
3 8081.82 9581.82 80512.4
2 8184.02 32736.1 81197.7
9 9581.62 39826.5 81959.1
8 9508.53 9508.53 82117.3
7 8271.71 33086.8 81291.9
10 10032.7 10032.7 82794.5
71
10 147.319 147.319 65960.4
3 132.604 530.416 65941.9
4 139.91 559.642 66166.8
5 299.855 1199.42 66175.9
9 212.23 848.919 66148.4
2 297.732 1190.93 66208.5
11 406.826 406.826 66409.7
7 1005.02 1005.02 67038.7
0 328.802 1315.21 66598.5
1 673.25 2173.25 66772
6 2686.64 16746.6 68665.1
8 2652.94 16611.8 68954.3
3 1953.85 7815.39 68096.2
10 1546.53 7546.53 67944.6
9 1697.5 1697.5 68146.6
4 1615.74 1615.74 68109.9
5 1514.83 6059.32 68003.8
2 1401.53 5606.11 67762.6
11 3695.18 16280.7 70510.7
0 2378.73 15514.9 69006.2
1 2008.83 9535.33 68837.7
7 3854.05 15416.2 73687.6
2 2552.08 8552.08 69579.6
10 2893.88 2893.88 69912.9
5 3595.76 15883 70799
3 2685.62 4185.62 70169.8
4 2618.8 8618.8 70223.4
9 2439.23 11256.9 70101.6
6 2606.67 8606.67 70606.2
1 2908.42 4408.42 70756.6
8 3135.49 3135.49 71378.3
0 2699.63 16798.5 71194.1
2 4887.09 19548.4 73361.9
10 2887.31 11549.2 71461.7
9 3062.81 4562.81 71928.1
3 3472.31 3472.31 72365.4
4 3043.61 3043.61 72367.2
11 5701.95 7201.95 74972.3
6 3011.62 3011.62 72419.6
1 5033.96 6533.96 75060.7
5 3050.57 3050.57 73272.2
0 3418.89 3418.89 73549.2
8 3887.23 3887.23 74016.7
10 3793.34 9793.34 74264.7
9 3535.12 3535.12 73736.2
3 4047.51 17690 74762.1
4 4529.97 24119.9 74920.5
6 4863.74 19455 75770.9
5 5792.34 7292.34 76562.8
2 6326.02 25304.1 77598.6
0 5731.3 11731.3 76665.5
7 4296.38 18685.5 75329.1
9 4448.93 5948.93 75585.7
8 5151.75 20607 76434.8
10 6332.52 6332.52 77384
3 6373.33 7873.33 77641.4
4 5549.41 22197.6 77129.2
11 5943.09 25272.4 77482.3
1 7206.5 8706.5 78792.6
7 5556.59 22226.3 77269.9
9 5439.11 6939.11 77158.5
6 7901.92 37607.7 79846.1
8 6415.95 6415.95 78428.8
5 6149.45 24597.8 78369.6
0 6212.82 12212.8 78434.4
4 7837.2 7837.2 80079.8
9 6577.61 8077.61 78966.7
7 6873.91 28995.6 79047
10 8015.03 38060.1 80707.2
11 7328.99 30816 80237.6
2 7193.35 34773.4 80126.4
63
3 141.2 141.2 65916.7
10 169.132 676.528 66111.5
2 153.595 153.595 66287
6 396.645 396.645 66268.5
9 283.324 283.324 66269.2
4 271.348 271.348 66483.7
5 282.45 282.45 66297.7
8 711.322 711.322 66424.5
11 442.435 442.435 66501.2
1 683.381 683.381 66765.1
0 700.765 8803.06 66846.2
7 2479.91 2479.91 68592.7
3 1739.56 3239.56 67947.9
10 2501.19 8501.19 68846.7
6 2029.4 2029.4 68429.9
9 2056.32 2056.32 68437.4
2 1908.55 7908.55 68144.1
5 1942.62 9270.49 68253.5
8 3193.98 12775.9 69567.1
4 1980.44 7980.44 68345.2
11 1864.4 3364.4 68458.3
1 1902.75 1902.75 68950
0 3890.55 3890.55 70975.6
3 2866.13 4366.13 69992.3
2 3301.98 13207.9 70538.7
5 2897.67 11590.7 70364.3
4 2933.49 11734 70316.4
6 5748.36 11748.4 73161.2
9 2732.82 12431.3 70250.7
11 2540.35 11661.4 70201.4
7 2825.18 12800.7 70749.4
10 3368.33 13473.3 71279.6
1 3362.35 3362.35 71816.3
8 3549.98 3549.98 71868.3
3 4198.73 16794.9 72946.6
11 3700.12 16300.5 72312
9 3308.59 13234.4 72328.4
4 3745.5 3745.5 73093.3
5 2763.21 11052.8 72342
2 2943.47 2943.47 72959
7 3933.87 17235.5 73847
0 5020.13 11020.1 75762.5
10 2828.24 17313 73576.3
1 2961.74 2961.74 74068.6
8 2952.38 11809.5 73790.5
11 2950.3 4450.3 74108.6
9 4050.95 5550.95 75827.6
5 3215.34 4715.34 74739.2
3 4324.44 18797.8 75509.7
2 4195.61 16782.4 75783.3
4 4665.61 24662.4 76627.3
6 3210.76 12843 74690.3
10 3834.13 15336.5 75558.4
8 4470.04 4470.04 76321.1
7 5129.25 5129.25 76989.6
1 5068.37 6568.37 77574.5
11 3414.14 13656.5 76143.3
6 4055.79 4055.79 76724.6
5 4142.29 16569.2 76747.4
3 4789.4 4789.4 77337.1
10 5203.62 5203.62 77854.8
0 7009.22 34036.9 80091.2
2 5202.12 5202.12 78004.4
67
3 141.2 141.2 65916.7
10 169.132 676.528 66111.5
2 153.595 153.595 66287
6 396.645 396.645 66268.5
9 283.324 283.324 66269.2
4 271.348 271.348 66483.7
5 282.45 282.45 66297.7
8 711.322 711.322 66424.5
11 442.435 442.435 66501.2
1 683.381 683.381 66765.1
0 700.765 8803.06 66846.2
7 2479.91 2479.91 68592.7
3 1739.56 3239.56 67947.9
10 2501.19 8501.19 68846.7
6 2029.4 2029.4 68429.9
9 2056.32 2056.32 68437.4
2 1908.55 7908.55 68144.1
5 1942.62 9270.49 68253.5
8 3193.98 12775.9 69567.1
4 1980.44 7980.44 68345.2
11 1864.4 3364.4 68458.3
1 1902.75 1902.75 68950
0 3890.55 3890.55 70975.6
3 2866.13 4366.13 69992.3
2 3301.98 13207.9 70538.7
5 2897.67 11590.7 70364.3
4 2933.49 11734 70316.4
6 5748.36 11748.4 73161.2
9 2732.82 12431.3 70250.7
11 2540.35 11661.4 70201.4
7 2825.18 12800.7 70749.4
10 3368.33 13473.3 71279.6
1 3362.35 3362.35 71816.3
8 3549.98 3549.98 71868.3
3 4198.73 16794.9 72946.6
11 3700.12 16300.5 72312
9 3308.59 13234.4 72328.4
4 3152.53 9152.53 72741.9
5 3394.46 15077.8 73594.5
2 3041.3 12165.2 72498
7 2722.64 4222.64 72993.2
0 5833.78 29335.1 75761.5
10 3539.24 20156.9 73657.9
1 3716.88 5216.88 73863.1
8 2934 17736 73675.7
11 3391.47 13565.9 74197.6
9 3381.54 15026.2 74696.1
2 3777.3 3777.3 75332.8
4 4468.13 17872.5 75535.4
3 4561.83 6061.83 75720.1
7 4215.3 5715.3 75992
6 4034.54 4034.54 75558.4
5 4972.39 21389.6 76157.7
10 4930.38 19721.5 76518.1
8 3681.72 20726.9 75643.4
1 3912.65 17150.6 75392.2
11 4263.9 18555.6 75988.1
9 6203.41 7703.41 78054.4
2 5929.31 11929.3 77789.7
1 4892.03 6392.03 77398.1
4 4840.96 25363.8 77570.1
6 5282.89 5282.89 77951.7
8 5014.37 26057.5 77619.5
3 4999.78 4999.78 77547.5
0 4940.69 4940.69 77591.9
11 6707.79 26831.2 79789.8
7 6437.51 7937.51 79239.8
65
3 141.2 141.2 65916.7
10 169.132 676.528 66111.5
2 153.595 153.595 66287
6 396.645 396.645 66268.5
9 283.324 283.324 66269.2
4 271.348 271.348 66483.7
5 282.45 282.45 66297.7
8 711.322 711.322 66424.5
11 442.435 442.435 66501.2
1 683.381 683.381 66765.1
0 700.765 8803.06 66846.2
7 2479.91 2479.91 68592.7
3 1739.56 3239.56 67947.9
10 2501.19 8501.19 68846.7
6 2029.4 2029.4 68429.9
9 2056.32 2056.32 68437.4
2 1908.55 7908.55 68144.1
5 1942.62 9270.49 68253.5
8 3193.98 12775.9 69567.1
4 1980.44 7980.44 68345.2
11 1864.4 3364.4 68458.3
1 1902.75 1902.75 68950
0 3890.55 3890.55 70975.6
3 2866.13 4366.13 69992.3
2 3301.98 13207.9 70538.7
5 2897.67 11590.7 70364.3
4 2933.49 11734 70316.4
6 5748.36 11748.4 73161.2
9 2983.18 2983.18 70678.7
11 3407.43 4907.43 70998.7
7 2804.36 4304.36 70560.7
10 4135.47 4135.47 71962.4
1 3111.72 4611.72 71727.7
8 3169.75 3169.75 72056.8
3 3350.76 4850.76 71988.3
4 3348.87 3348.87 72246.8
5 3559.55 15738.2 72488.8
2 3900.04 9900.04 73062.4
7 4978.81 21415.2 74104.1
9 3572.14 5072.14 72919.9
0 6039.04 30156.2 75617.8
11 3639.12 5139.12 73654.6
1 3564.86 15759.4 73478
10 3056.75 9056.75 73799.1
3 3048.4 12193.6 73796.5
8 3634.91 9634.91 74741.8
4 3369.45 13477.8 74207.6
5 3271.26 4771.26 74429.5
9 4142.02 5642.02 75918.7
2 3870.3 3870.3 75394.2
6 3552.46 14209.8 74737.7
1 5933.65 25234.6 77521.4
11 4655.11 18620.4 76616.8
3 3846.06 16884.2 75325.6
10 4056.92 16227.7 75781.2
7 6285.37 7785.37 78136.4
4 4526.07 10526.1 76386.4
5 3929.34 5429.34 76435.4
6 4043.3 22173.2 76772.5
8 5140.04 5140.04 77808.9
3 4942.84 19771.4 77547.9
2 5652.94 11652.9 78200.6
0 4796.98 4796.98 77448.1
10 6500.82 32003.3 79582.8
9 6364.23 7864.23 79166.5
84
3 141.2 141.2 65916.7
10 169.132 676.528 66111.5
2 153.595 153.595 66287
6 396.645 396.645 66268.5
9 283.324 283.324 66269.2
4 271.348 271.348 66483.7
5 282.45 282.45 66297.7
8 711.322 711.322 66424.5
11 442.435 442.435 66501.2
1 683.381 683.381 66765.1
0 700.765 8803.06 66846.2
7 2479.91 2479.91 68592.7
3 1739.56 3239.56 67947.9
10 2501.19 8501.19 68846.7
6 2029.4 2029.4 68429.9
9 2056.32 2056.32 68437.4
2 1908.55 7908.55 68144.1
5 1942.62 9270.49 68253.5
8 3193.98 12775.9 69567.1
4 1980.44 7980.44 68345.2
11 1864.4 3364.4 68458.3
1 1902.75 1902.75 68950
0 3890.55 3890.55 70975.6
3 2866.13 4366.13 69992.3
2 3301.98 13207.9 70538.7
5 2897.67 11590.7 70364.3
4 2933.49 11734 70316.4
6 5748.36 11748.4 73161.2
9 2905.89 4405.89 70390
11 2952.65 2952.65 70557.3
7 2885.36 13041.4 70547.7
10 4268.77 10268.8 72268.3
1 3799.88 5299.88 71648.1
8 3350.66 3350.66 71593.5
3 3685.77 14743.1 72180.2
4 5623.89 22495.6 74098.7
5 3718.19 16372.8 72292.6
9 3351.28 4851.28 72216.5
2 4068.11 10068.1 72961.2
7 3469.17 4969.17 72792.8
11 3239.67 4739.67 72510
0 6357.25 31429 75552.8
8 5104.16 20416.7 74871.4
1 3612.46 5112.46 73634.2
3 5267.22 5267.22 74990.5
9 4048.43 4048.43 73959
10 4307.72 23230.9 74189.1
5 6470.35 7970.35 76894.4
11 3976.72 5476.72 74271.4
7 4641.56 18566.2 75353.6
2 5111.87 26447.5 75458.6
6 6952.52 6952.52 77538.9
1 4811.66 6311.66 75487.1
9 5216.61 6716.61 75998.2
4 6524.15 32096.6 77736.6
10 5299.91 21199.7 76465
11 5387.81 5387.81 76587.5
8 8426.03 14426 79629.2
3 5624.62 5624.62 76962
7 6961.6 8461.6 78230.1
2 5876.8 23507.2 77015
1 6899.25 29097 78459.9
0 7508.23 7508.23 79189.7
9 6893.53 29074.1 78300.4
10 6714.31 26857.3 78005.7
11 6969.33 29377.3 78425.2
5 10159.2 11659.2 81639.7
3 7353.83 30915.3 78901
2 7180.7 7180.7 78986.5
6 10429.3 41717 82402.5
4 7801.86 31207.5 80016.4
10 8354.26 8354.26 80258.6
7 8621.83 8621.83 80656
9 8011.75 8011.75 79809.1
11 8047.67 9547.67 79974.2
1 9749.92 11249.9 81955.4
3 8497.7 35490.8 80642.3
2 9048.51 36194 81558.5
0 10088.3 10088.3 82518.9
8 9239.54 36958.2 82253.2
9 9146.74 38087 81524.2
11 10171.9 11671.9 82780.6
4 10243.2 46972.9 83263.4
10 10035.6 10035.6 82797.5
66
10 147.319 147.319 65960.4
3 132.604 530.416 65941.9
4 139.91 559.642 66166.8
5 299.855 1199.42 66175.9
9 212.23 848.919 66148.4
2 297.732 1190.93 66208.5
11 406.826 406.826 66409.7
7 1005.02 1005.02 67038.7
0 328.802 1315.21 66598.5
1 673.25 2173.25 66772
6 2686.64 16746.6 68665.1
8 2652.94 16611.8 68954.3
3 1953.85 7815.39 68096.2
10 1546.53 7546.53 67944.6
9 1697.5 1697.5 68146.6
4 1615.74 1615.74 68109.9
5 1514.83 6059.32 68003.8
2 1401.53 5606.11 67762.6
11 3695.18 16280.7 70510.7
0 2378.73 15514.9 69006.2
1 2008.83 9535.33 68837.7
7 3854.05 15416.2 73687.6
2 2552.08 8552.08 69579.6
10 2893.88 2893.88 69912.9
5 3595.76 15883 70799
3 2693.62 4193.62 70169.8
4 1990.75 1990.75 70291.4
9 552.003 2052 69960
6 2942.48 2942.48 72969.2
1 1353.38 1353.38 71575
8 1042.68 1042.68 71173
0 986.313 986.313 71115.8
2 1911.24 7911.24 72382.6
10 1520 7520 71721.1
9 1516.94 7567.74 72231.6
3 1342.34 5369.36 71732.9
4 2022.64 8090.54 72929.8
11 4469.36 5969.36 75239.8
5 3080.31 13821.2 74352.9
0 2266.75 8266.75 73201
8 2963.72 2963.72 73924.3
1 3587.39 3587.39 74910.5
10 2212.05 8212.05 73547.2
3 2108.8 3608.8 73485.8
9 4054.3 5554.3 75571.9
2 3965.1 15860.4 75896.6
4 5185.35 5185.35 77366.9
6 5359.19 27436.8 76986.3
0 3279.09 13116.4 75000.8
3 3916.09 15664.3 76040.4
10 3577.09 9577.09 75543
7 3671.78 16187.1 75655.9
8 3818.98 15275.9 75941.7
5 4537.72 4537.72 76671.1
1 4836.63 20846.5 77620.6
0 4898.95 25595.8 77266.5
11 5078.14 6578.14 77508.7
10 5125.71 26502.9 77558.5
9 5119.23 6619.23 77773.1
7 5177.34 22209.4 77921
2 6268.56 25074.3 78877.5
8 5151.14 26604.6 77755.9
3 5278.28 21113.1 78076.1
5 5784.97 5784.97 78651.4
6 5913.14 11913.1 78778
0 7703.27 30813.1 80575.7
66
10 163.887 655.55 65924.6
3 128.83 515.322 65929.7
5 305.807 305.807 66156.2
4 228.495 228.495 66270.2
2 301.746 301.746 66358
0 558.831 2235.33 66620.3
7 596.818 2387.27 67094
6 265.698 265.698 66605.1
9 325.666 1302.67 66839.5
11 233.678 2434.71 66639.1
1 606.629 2426.52 67078.1
8 3212.89 3212.89 69844.9
10 1224.33 4897.33 67774.1
3 3144.67 4644.67 69557.8
5 1424.19 5696.75 68038.4
4 1421.36 1421.36 68534.1
2 1190.48 10761.9 68141.2
6 2965.37 11861.5 70355.8
0 3215.17 3215.17 70300.6
11 1483.9 2983.9 68930
9 1307.99 2807.99 68792.1
1 1572.39 1572.39 69177
7 4033.11 17632.4 71695.4
10 1715.61 7715.61 69715.2
5 2109.2 3609.2 69957.4
2 1924.75 1924.75 70167.6
4 2060.97 14243.9 70555.4
9 4099.64 17898.6 72574.5
11 1904.4 9117.6 70478.8
1 2613.38 4113.38 71478.6
3 3917.12 3917.12 72810.2
10 2990.47 2990.47 72314.1
8 2579.74 2579.74 71850.1
5 2280.98 9123.92 71476.6
2 3678.26 14713 73445.5
0 4521.37 4521.37 74543.1
6 2934.14 8934.14 72657.4
11 2310.68 2310.68 72221.3
4 3155.64 18622.6 73037.1
5 5654.33 7154.33 76078.4
1 2982.12 4482.12 73276.8
7 3938.91 15755.6 74650.9
8 3575.4 20301.6 73922.2
11 5484.77 6984.77 76071.1
10 3942.03 3942.03 74617.5
9 5558.74 7058.74 76340.3
6 3378.29 13513.2 74411.1
3 4500.34 6000.34 75637.1
4 4172.13 16688.5 75455.2
1 4312.46 5812.46 75364
2 6525.25 6525.25 77793.3
8 4551.04 18204.2 76130.9
6 5028.24 20113 76567.4
0 4973.18 4973.18 76559.3
10 5174.74 26698.9 76888
7 6075.97 7575.97 77795.4
1 5407.86 21631.4 77352
4 5436.33 5436.33 77449.1
3 5223.73 20894.9 77443.9
11 8480.64 8480.64 80702.3
5 8736.29 10236.3 80978.9
8 6539.61 6539.61 78928.7
9 6106.42 25925.7 78279.5
0 6764.85 33059.4 79457
6 6414.14 25656.6 79322.7
10 6003.44 30013.8 78936.5
51
10 163.887 655.55 65924.6
3 128.83 515.322 65929.7
5 305.807 305.807 66156.2
4 228.495 228.495 66270.2
2 301.746 301.746 66358
0 558.831 2235.33 66620.3
7 596.818 2387.27 67094
6 265.698 265.698 66605.1
9 325.666 1302.67 66839.5
11 233.678 2434.71 66639.1
1 606.629 2426.52 67078.1
8 3212.89 3212.89 69844.9
10 1224.33 4897.33 67774.1
3 3144.67 4644.67 69557.8
5 1424.19 5696.75 68038.4
4 1421.36 1421.36 68534.1
2 1190.48 10761.9 68141.2
6 2965.37 11861.5 70355.8
0 3215.17 3215.17 70300.6
11 1483.9 2983.9 68930
9 1315.99 2815.99 68792.1
1 1626.42 3126.42 69927.1
10 158.099 6632.4 69353.7
7 263.216 2552.86 70030.4
2 613.35 613.35 70635.1
5 304.577 304.577 70027.8
4 604.681 6604.68 70515.3
9 673.806 2695.22 70555.2
11 3107.8 4607.8 73531.9
10 857.174 857.174 71151.9
3 1833.35 7333.41 72545.4
8 1473.91 11895.7 71820.7
1 2279.69 3779.69 72866
5 1103.61 2603.61 71779.1
7 3785.16 5285.16 74566.7
0 3140.61 3140.61 74396.1
6 1476.55 1476.55 72662.5
4 1553.07 1553.07 72963.6
9 1563.41 3063.41 72867.9
2 1411.82 1411.82 72941.8
10 1902.94 13611.8 73651.7
5 2296.05 2296.05 73920.8
8 2011.4 2011.4 73785.2
3 3611.27 14445.1 75450.8
6 2426.54 8426.54 74472.5
1 4644.69 6144.69 76793.6
9 2898.97 4398.97 75647.1
2 2139.75 2139.75 74461.7
4 2294.43 2294.43 74891.1
11 5562.3 22249.2 78584.6
10 3353.22 3353.22 76406.6
48
3 162.574 162.574 65884.6
0 532.056 2128.22 66366.6
4 856.912 3427.65 66625.7
5 298.417 1193.67 66129.1
9 350.002 350.002 66407.1
10 106.358 106.358 66287
1 499.495 499.495 66446.9
11 479.205 1916.82 66879.1
2 334.512 334.512 66721.1
6 2711.31 2711.31 69163.3
7 2475.46 2475.46 68984.2
8 3221.75 18887 69737.7
3 958.284 5333.13 67749.7
5 1412.72 1412.72 68119.4
10 2159.12 8636.46 69067.4
0 1944.63 7944.63 68449.9
9 2990.38 2990.38 69923.2
1 3311.03 3311.03 70026.2
4 1885.99 1885.99 69396.9
2 1296.4 5185.61 68660.9
11 1355.62 2855.62 68831.8
3 1758.17 3258.17 70058.8
5 2851.8 4351.8 72205.3
0 2300.97 15203.9 71548.3
2 985.113 6985.11 70511.3
11 1743.23 6972.91 71252.1
7 1382.72 7030.9 71396.7
10 1539.01 1539.01 71702.3
6 765.622 765.622 71126.9
4 1769.21 7076.84 71925.2
8 2233.48 8233.48 73297.7
9 2697.16 4197.16 74147.6
1 2866.2 4366.2 74121.7
3 2209.55 3709.55 73395.5
2 1089.56 1089.56 72500.1
6 1819.65 1819.65 73124.2
11 2560.46 4060.46 74090.5
7 2642.86 10571.4 74391.6
0 1718.43 7718.43 73343.2
10 2181.07 2181.07 73954.8
4 1958.71 13834.9 73798.2
5 4944.56 4944.56 76990.6
2 2277.01 2277.01 74425.9
6 3155.22 3155.22 75903.3
8 4782.68 4782.68 77104.6
0 2674.01 2674.01 75270.6
3 2417.15 9668.6 75439.5
4 2984.84 2984.84 76038.2
50
10 163.887 655.55 65924.6
3 128.83 515.322 65929.7
5 305.807 305.807 66156.2
4 228.495 228.495 66270.2
2 301.746 301.746 66358
0 558.831 2235.33 66620.3
7 596.818 2387.27 67094
6 265.698 265.698 66605.1
9 325.666 1302.67 66839.5
11 233.678 2434.71 66639.1
1 606.629 2426.52 67078.1
8 3212.89 3212.89 69844.9
10 1224.33 4897.33 67774.1
3 3144.67 4644.67 69557.8
5 1424.19 5696.75 68038.4
4 1421.36 1421.36 68534.1
2 1190.48 10761.9 68141.2
6 2965.37 11861.5 70355.8
0 3215.17 3215.17 70300.6
11 1483.9 2983.9 68930
9 1315.99 2815.99 68792.1
1 1626.42 3126.42 69927.1
7 411.329 1911.33 69764.9
10 154.9 6619.6 69402.2
5 495.466 495.466 70021.7
2 655.111 8620.44 70164
4 711.821 2847.28 70725.8
9 855.957 2355.96 71019.3
11 532.338 2032.34 70893.6
10 989.906 3959.62 71145.9
3 410.005 410.005 71474.2
7 3305.66 4805.66 74756.1
8 627.326 627.326 71785.6
1 1149.17 2649.17 72925.8
5 895.019 2395.02 72418.9
2 1725 6900.01 72910.3
0 2756.21 11024.8 74343.9
6 895.453 9581.81 72857.1
4 1942.49 7769.95 73422.1
11 992.507 5470.03 72716.8
9 2002.41 3502.41 73853.4
10 758.277 6758.28 72618.6
3 3145.64 4645.64 75651.7
8 1091.16 10364.6 73820.3
5 2143.37 3643.37 74812.2
10 1989.63 13958.5 74594.7
11 2473.15 2473.15 75020.8
6 2502.34 2502.34 75153.5
2 4157 22628 77239
1 3371.38 4871.38 76173.6
67
10 163.887 655.55 65924.6
3 128.83 515.322 65929.7
5 305.807 305.807 66156.2
4 228.495 228.495 66270.2
2 301.746 301.746 66358
0 558.831 2235.33 66620.3
7 596.818 2387.27 67094
6 265.698 265.698 66605.1
9 325.666 1302.67 66839.5
11 233.678 2434.71 66639.1
1 606.629 2426.52 67078.1
8 3212.89 3212.89 69844.9
10 1224.33 4897.33 67774.1
3 3144.67 4644.67 69557.8
5 1424.19 5696.75 68038.4
4 1421.36 1421.36 68534.1
2 1190.48 10761.9 68141.2
6 2965.37 11861.5 70355.8
0 3215.17 3215.17 70300.6
11 1483.9 2983.9 68930
9 1307.99 2807.99 68792.1
1 1572.39 1572.39 69177
7 4033.11 17632.4 71695.4
10 1715.61 7715.61 69715.2
5 2109.2 3609.2 69957.4
2 1924.75 1924.75 70167.6
4 2060.97 14243.9 70555.4
9 4099.64 17898.6 72574.5
11 1904.4 9117.6 70478.8
1 2613.38 4113.38 71478.6
3 3917.12 3917.12 72810.2
10 2990.47 2990.47 72314.1
8 2579.74 2579.74 71850.1
5 3386.51 4886.51 72734.3
2 3350.28 19401.1 72929.1
0 3732.44 3732.44 73748
6 3540.23 14160.9 73453.4
11 1573.14 1573.14 72315.5
4 2627.78 16511.1 73375.9
1 3149.83 3149.83 74256.7
7 2779.52 12618.1 73617.7
8 2703.4 2703.4 73664
10 3789.23 9789.23 75112.3
11 2806.49 2806.49 74141.6
9 4504.38 6004.38 75881.4
5 4557.07 6057.07 76074.6
3 3838.76 16855 75770.2
2 3419.66 3419.66 75601.2
4 3558.95 20235.8 75186
6 5314.98 21259.9 77036.7
7 4217.84 16871.4 76342.1
8 3693.87 9693.87 75659.8
0 4697.95 18791.8 76682.1
11 4036.31 17645.2 76159
1 5468.87 5468.87 77602.2
10 5038.47 20153.9 77822.4
4 5623.71 28494.9 77991.2
2 5281.78 5281.78 77712.3
8 5242.5 26970 77675.2
3 5194.1 6694.1 77848
9 5531.02 23624.1 78274.7
5 6987.67 29450.7 79596.6
11 5368.48 21473.9 77973.2
7 5580.04 22320.1 78377.8
0 5818.56 11818.6 78685
6 6435.61 12435.6 79300.5
1 6534.68 27638.7 79407.1
53
3 162.574 162.574 65884.6
0 532.056 2128.22 66366.6
4 856.912 3427.65 66625.7
5 298.417 1193.67 66129.1
9 350.002 350.002 66407.1
10 106.358 106.358 66287
1 499.495 499.495 66446.9
11 479.205 1916.82 66879.1
2 334.512 334.512 66721.1
6 2711.31 2711.31 69163.3
7 2475.46 2475.46 68984.2
8 3221.75 18887 69737.7
3 958.284 5333.13 67749.7
5 1412.72 1412.72 68119.4
10 2159.12 8636.46 69067.4
0 1944.63 7944.63 68449.9
9 2990.38 2990.38 69923.2
1 3311.03 3311.03 70026.2
4 1885.99 1885.99 69396.9
2 1296.4 5185.61 68660.9
11 1134.03 2634.03 68880.6
3 1753.31 8513.25 69752.7
5 2242.88 2242.88 70255.7
0 3728.4 9728.4 71751.5
2 3374.98 3374.98 72304.5
11 2015.8 9563.21 70622
7 2246.51 10486 70699.4
10 2061.62 2061.62 71139.7
6 2979.21 2979.21 71998.4
4 1698.72 1698.72 71046.5
8 1746.46 12985.9 71325.2
3 1802.23 3302.23 71817.8
9 1760.41 8541.62 71673.6
1 3305.23 3305.23 74047.6
5 2328.02 9312.09 73076.1
11 1767.45 1767.45 72874.3
7 2225.57 10402.3 73063.7
4 3217.03 3217.03 74472.5
10 3972.5 3972.5 75158.5
8 1903.49 1903.49 73314
9 4391.81 5891.81 75696.3
0 2031.52 2031.52 73561.5
3 3072.94 12291.8 74821.7
6 3518.93 9518.93 75143.7
2 4203.05 4203.05 75976.8
11 3940.21 15760.9 75779.7
7 3492.14 3492.14 75538.1
5 3013.76 4513.76 75162.7
8 3392.31 3392.31 76140.4
0 2759.46 2759.46 75081.4
1 3241.9 4741.9 75838.5
4 3799.51 21198 76821.8
3 4523.22 6023.22 77576.6
61
3 162.574 162.574 65884.6
0 532.056 2128.22 66366.6
4 856.912 3427.65 66625.7
5 298.417 1193.67 66129.1
9 350.002 350.002 66407.1
10 106.358 106.358 66287
1 499.495 499.495 66446.9
11 479.205 1916.82 66879.1
2 334.512 334.512 66721.1
6 2711.31 2711.31 69163.3
7 2475.46 2475.46 68984.2
8 3221.75 18887 69737.7
3 958.284 5333.13 67749.7
5 1412.72 1412.72 68119.4
10 2159.12 8636.46 69067.4
0 1944.63 7944.63 68449.9
9 2990.38 2990.38 69923.2
1 3311.03 3311.03 70026.2
4 1885.99 1885.99 69396.9
2 1296.4 5185.61 68660.9
11 1134.03 2634.03 68880.6
3 1753.31 8513.25 69752.7
5 2242.88 2242.88 70255.7
0 3728.4 9728.4 71751.5
2 3374.98 3374.98 72304.5
11 2015.8 9563.21 70622
7 2246.51 10486 70699.4
10 2061.62 2061.62 71139.7
6 2979.21 2979.21 71998.4
4 2332.92 8332.92 71922.2
8 2269.38 9077.51 72469.5
3 2836.15 12844.6 72292.9
9 3262.14 4762.14 73532.7
1 4119.41 16477.6 74047.2
5 2176.35 8705.38 72295
11 2522.59 4022.59 72668.8
7 1950.6 7802.39 72692.3
10 3485.16 19940.6 74291.3
0 3256.13 13024.5 74570.7
4 2982.39 2982.39 74537.9
6 4247.43 16989.7 75314.7
3 3013.77 13555.1 74046.5
5 3983.48 5483.48 75120.2
2 5128.81 20515.2 76411.9
8 3957.55 3957.55 75009.1
11 3166.07 4666.07 74434.2
7 3321.17 14784.7 74901
9 5529.55 23618.2 77068.7
3 4418.27 5918.27 76004.4
1 4130.42 16521.7 75843.7
10 4684.79 4684.79 76404.2
11 4900.94 19603.7 76845.1
4 5865.87 5865.87 77878.7
0 5597.54 28390.2 77817.7
7 5295.12 5295.12 77516.7
8 4743.6 4743.6 76986.2
5 4539.3 6039.3 76928.4
6 4918.75 19675 77091.9
1 6474.71 25898.8 79166.9
3 5331.76 22827 78240.3
10 5519.66 28078.7 78452.7
71
3 162.574 162.574 65884.6
0 532.056 2128.22 66366.6
4 856.912 3427.65 66625.7
5 298.417 1193.67 66129.1
9 350.002 350.002 66407.1
10 106.358 106.358 66287
1 499.495 499.495 66446.9
11 479.205 1916.82 66879.1
2 334.512 334.512 66721.1
6 2711.31 2711.31 69163.3
7 2475.46 2475.46 68984.2
8 3221.75 18887 69737.7
3 958.284 5333.13 67749.7
5 1412.72 1412.72 68119.4
10 2159.12 8636.46 69067.4
0 1944.63 7944.63 68449.9
9 2990.38 2990.38 69923.2
1 3311.03 3311.03 70026.2
4 1885.99 1885.99 69396.9
2 1296.4 5185.61 68660.9
11 1424.9 1424.9 69120.4
3 2338.79 3838.79 69930.1
5 2331.06 3831.06 70087.4
0 3738.64 3738.64 71565.6
2 3550.6 3550.6 72166.6
7 2586 4086 71473
10 3770.2 3770.2 72407.8
11 2396.29 3896.29 71294.2
6 2344.45 9377.81 71273.7
4 3012.45 9012.45 72174.8
8 4155.83 16623.3 73281.1
9 2575.03 4075.03 71928.6
3 3386.4 13545.6 72633.7
1 4526.4 4526.4 74052.6
5 2998.84 11995.3 72507.8
6 3429.19 13716.8 73443.2
11 3090.65 4590.65 73254
7 4034.64 5534.64 74395.9
0 3153.26 12613 73309.3
9 3514.69 3514.69 74578.9
2 4940.49 4940.49 76390.9
4 3510.67 20042.7 74723.1
10 3046.82 12187.3 74211.9
5 4142.62 4142.62 75342.3
3 3260.87 3260.87 74464
11 4843.34 4843.34 76180.7
8 5614.68 5614.68 76883.2
0 4265.81 17063.2 75404
6 4456.24 17825 76016.9
1 6008.01 7508.01 77689.5
10 4626.74 18507 76033.6
7 5031.05 21624.2 76322.4
3 4845.88 20883.5 76301.7
9 7078.72 8578.72 78559.2
4 5449.16 21796.6 76996.3
5 5508.03 7008.03 77313.8
0 5279.56 21118.3 77252.8
6 7391.29 29565.1 79605.8
10 6382.21 6382.21 78286.5
11 6134.83 6134.83 78169
3 6013.08 6013.08 77810.4
7 5944.89 7444.89 77871.4
2 6249.48 6249.48 78455
8 6599.8 26399.2 78744.4
4 6613.8 26455.2 79123.8
0 6623.55 6623.55 79054.1
5 7070.95 29783.8 80084.6
1 8667.64 36170.5 81045.1
3 8008.15 9508.15 80616.9
7 6658.03 26632.1 79678.2
11 7341.3 8841.3 80103.2
57
3 162.574 162.574 65884.6
0 532.056 2128.22 66366.6
4 856.912 3427.65 66625.7
5 298.417 1193.67 66129.1
9 350.002 350.002 66407.1
10 106.358 106.358 66287
1 499.495 499.495 66446.9
11 479.205 1916.82 66879.1
2 334.512 334.512 66721.1
6 2711.31 2711.31 69163.3
7 2475.46 2475.46 68984.2
8 3221.75 18887 69737.7
3 958.284 5333.13 67749.7
5 1412.72 1412.72 68119.4
10 2159.12 8636.46 69067.4
0 1944.63 7944.63 68449.9
9 2990.38 2990.38 69923.2
1 3311.03 3311.03 70026.2
4 1885.99 1885.99 69396.9
2 1296.4 5185.61 68660.9
11 1134.03 2634.03 68880.6
3 1753.31 8513.25 69752.7
5 2242.88 2242.88 70255.7
0 3728.4 9728.4 71751.5
2 3374.98 3374.98 72304.5
11 2015.8 9563.21 70622
7 2246.51 10486 70699.4
10 2061.62 2061.62 71139.7
6 2979.21 2979.21 71998.4
4 2838.34 2838.34 72191.9
8 2016.99 14068 71264.3
3 3056.05 3056.05 72582.2
9 3315.47 13261.9 72824.4
1 3676.15 16204.6 73690.1
5 2828.17 4328.17 72991.5
11 2688.75 4188.75 73050
7 2446.38 11285.5 72602.4
10 1991.96 7991.96 73056.2
8 1875.21 1875.21 73325.7
0 2389.79 2389.79 73548.1
6 3220.5 3220.5 74997.2
4 5271.3 5271.3 76795.2
2 4978.38 19913.5 76163.7
3 2829.99 12820 74417.7
7 3142.04 12568.2 75103.7
9 4041.08 17664.3 75520.7
5 3613.22 15952.9 75337.5
11 3188.29 4688.29 75039.3
10 4338.4 10338.4 76198.8
8 3300 3300 75806.1
0 2853.63 17414.5 75582.8
1 3977.24 5477.24 76646.1
3 4034.93 16139.7 76640
6 6455.1 12455.1 79002.8
11 4218.47 5718.47 76869.6
7 5823.34 23293.4 78905.3
5 4431.7 5931.7 77233.9
74
3 162.574 162.574 65884.6
0 532.056 2128.22 66366.6
4 856.912 3427.65 66625.7
5 298.417 1193.67 66129.1
9 350.002 350.002 66407.1
10 106.358 106.358 66287
1 499.495 499.495 66446.9
11 479.205 1916.82 66879.1
2 334.512 334.512 66721.1
6 2711.31 2711.31 69163.3
7 2475.46 2475.46 68984.2
8 3221.75 18887 69737.7
3 958.284 5333.13 67749.7
5 1412.72 1412.72 68119.4
10 2159.12 8636.46 69067.4
0 1944.63 7944.63 68449.9
9 2990.38 2990.38 69923.2
1 3311.03 3311.03 70026.2
4 1885.99 1885.99 69396.9
2 1296.4 5185.61 68660.9
11 1424.9 1424.9 69120.4
3 2338.79 3838.79 69930.1
5 2331.06 3831.06 70087.4
0 3738.64 3738.64 71565.6
2 3550.6 3550.6 72166.6
7 2586 4086 71473
10 3770.2 3770.2 72407.8
11 2396.29 3896.29 71294.2
6 2344.45 9377.81 71273.7
4 3012.45 9012.45 72174.8
8 4155.83 16623.3 73281.1
9 4534.05 18136.2 73729.6
3 3440.72 15262.9 73207.9
1 4246.96 5746.96 74268.7
5 2190.61 2190.61 71913.9
6 3417.76 9417.76 73328.4
11 3233.61 12934.4 73115
7 4535.81 6035.81 74959.9
0 3069.05 3069.05 73363.7
5 4157.31 16629.3 74869.4
2 5639.58 28558.3 75986.3
4 5265.01 5265.01 75851.4
10 3483.55 3483.55 74159
11 4372.61 5872.61 75154.2
3 6397.95 25591.8 77610.3
8 6092.58 24370.3 77257.6
6 4444.77 10444.8 75644.5
0 4456.97 10457 75660.1
9 4363.79 4363.79 75701.1
10 4743.52 4743.52 76012
1 5225.22 22400.9 76363.4
5 5503.24 23512.9 77063.9
7 6489.07 7989.07 78170.6
11 6049.53 25698.1 77456.4
6 5893.79 23575.2 77185.1
0 6041.97 24167.9 77497.8
9 6160.42 7660.42 77640.9
4 9043.28 36173.1 80590.4
2 6152.07 6152.07 77957.8
10 6395.24 25581 78368.5
1 6933.08 29232.3 79147.6
5 8311.52 9811.52 80215.8
6 7157.52 13157.5 79191.7
8 6969.01 12969 78766.4
11 7078.89 8578.89 79005.4
0 7573.75 7573.75 79779.3
3 7326.98 30807.9 79471.6
9 7258.41 30533.6 79768.4
2 7328.6 7328.6 79759.2
7 9515.76 39563 82529.4
10 7805.71 31222.8 80183.2
8 8964.08 8964.08 81572.8
11 7792.03 31168.1 80812.2
1 9506.56 11006.6 82268.4
68
10 163.887 655.55 65924.6
3 128.83 515.322 65929.7
5 305.807 305.807 66156.2
4 228.495 228.495 66270.2
2 301.746 301.746 66358
0 558.831 2235.33 66620.3
7 596.818 2387.27 67094
6 265.698 265.698 66605.1
9 325.666 1302.67 66839.5
11 233.678 2434.71 66639.1
1 606.629 2426.52 67078.1
8 3212.89 3212.89 69844.9
10 1224.33 4897.33 67774.1
3 3144.67 4644.67 69557.8
5 1424.19 5696.75 68038.4
4 1421.36 1421.36 68534.1
2 1190.48 10761.9 68141.2
6 2965.37 11861.5 70355.8
0 3215.17 3215.17 70300.6
11 1483.9 2983.9 68930
9 1134.92 6039.68 68652.8
1 1160.09 6140.37 68821.1
7 3738.78 16455.1 71663
10 1758.75 7035.01 69670
5 1731.66 1731.66 70185.6
2 2124.07 2124.07 70442.4
4 2329.03 15316.1 71076.9
9 2151.58 10106.3 70763.5
1 1878.96 7515.84 70898.8
11 1311.42 2811.42 70719.4
3 2002.47 3502.47 72029.2
10 1798.41 7798.41 72020
8 2446.76 2446.76 72577.1
5 1933.03 3433.03 72062.5
0 2988.43 8988.43 73459.8
6 2462.58 8462.58 72663.6
2 2534.72 10138.9 73249.3
11 2430.31 9721.25 72820.9
9 3712.75 16351 74619.9
1 2899.76 4399.76 73670.2
4 2832 11328 74104.6
7 2814 2814 73748.2
10 3810.71 3810.71 74771.3
3 4723.19 4723.19 76046.3
5 2809.94 2809.94 74145.1
8 3779.99 3779.99 75157
6 2963.2 2963.2 74480.8
11 2861.78 12947.1 74793.2
2 4720.37 4720.37 76901.9
0 5168.19 26672.8 76795.3
1 3748.35 16493.4 75470
7 3667.81 14671.2 75792.1
4 4564.17 10564.2 76530.1
5 4129.24 18017 76113.4
6 4376.65 17506.6 76499.3
9 6507.97 6507.97 78641.3
10 5198.41 20793.6 77982.4
11 4691.43 18765.7 77058.9
8 4822.2 4822.2 77252.8
1 5482.79 21931.2 77915.5
7 5215.99 6715.99 77869.8
3 5181.26 22225 77924.9
5 6911.49 29145.9 79520.4
6 5708.82 28835.3 78313.6
4 6314.1 31256.4 79111.9
0 5909.16 11909.2 78775.6
2 6804.61 12804.6 79669.5
11 7495.74 31483 80368.2
62
10 163.887 655.55 65924.6
3 128.83 515.322 65929.7
5 305.807 305.807 66156.2
4 228.495 228.495 66270.2
2 301.746 301.746 66358
0 558.831 2235.33 66620.3
7 596.818 2387.27 67094
6 265.698 265.698 66605.1
9 325.666 1302.67 66839.5
11 233.678 2434.71 66639.1
1 606.629 2426.52 67078.1
8 3212.89 3212.89 69844.9
10 1224.33 4897.33 67774.1
3 3144.67 4644.67 69557.8
5 1424.19 5696.75 68038.4
4 1421.36 1421.36 68534.1
2 1190.48 10761.9 68141.2
6 2965.37 11861.5 70355.8
0 3215.17 3215.17 70300.6
11 1483.9 2983.9 68930
9 1307.99 2807.99 68792.1
1 1572.39 1572.39 69177
7 4033.11 17632.4 71695.4
10 1715.61 7715.61 69715.2
5 2109.2 3609.2 69957.4
2 1924.75 1924.75 70167.6
4 2060.97 14243.9 70555.4
9 4099.64 17898.6 72574.5
11 1904.4 9117.6 70478.8
1 2613.38 4113.38 71478.6
3 3917.12 3917.12 72810.2
10 2990.47 2990.47 72314.1
8 2579.74 2579.74 71850.1
5 2338.8 3838.8 71746.8
2 3298.82 3298.82 73325.5
0 3175.78 9175.78 73397.4
6 2478.77 2478.77 72609.1
11 2120.15 3620.15 72249.6
4 2522.11 8522.11 72993.5
1 3085.69 3085.69 73286.8
7 3787.77 16651.1 74502.4
5 3457.7 13830.8 73848.3
8 4294.21 17176.8 75201.4
11 3744.32 5244.32 74514.8
10 4069.22 16276.9 75341.8
9 5468.99 5468.99 76403.2
6 4779.61 4779.61 76035.1
3 4422.7 5922.7 75608.7
4 5053.45 5053.45 76464
1 3801.26 5301.26 75105.8
2 5814.27 5814.27 77344.3
0 5173.74 26695 76922.5
5 4018.41 4018.41 75643.2
7 5640.27 7140.27 77414
11 4433.84 17735.4 76273.3
1 4869.76 4869.76 76915.8
8 6215.59 6215.59 78364.5
10 4846.54 4846.54 77594.7
3 4806.64 6306.64 77128.6
5 4974 6474 77570.6
6 5362.08 27448.3 78384.4
11 5459.97 6959.97 78513.3
62
3 141.2 141.2 65916.7
10 169.132 676.528 66111.5
2 153.595 153.595 66287
6 396.645 396.645 66268.5
9 283.324 283.324 66269.2
4 271.348 271.348 66483.7
5 282.45 282.45 66297.7
8 711.322 711.322 66424.5
11 442.435 442.435 66501.2
1 683.381 683.381 66765.1
0 700.765 8803.06 66846.2
7 2479.91 2479.91 68592.7
3 1739.56 3239.56 67947.9
10 2501.19 8501.19 68846.7
6 2029.4 2029.4 68429.9
9 2056.32 2056.32 68437.4
2 1908.55 7908.55 68144.1
5 1942.62 9270.49 68253.5
8 3193.98 12775.9 69567.1
4 1980.44 7980.44 68345.2
11 1864.4 3364.4 68458.3
1 1902.75 1902.75 68950
0 3890.55 3890.55 70975.6
3 2866.13 4366.13 69992.3
2 3301.98 13207.9 70538.7
5 2897.67 11590.7 70364.3
4 2933.49 11734 70316.4
6 5748.36 11748.4 73161.2
9 2913.89 4413.89 70390
11 3006.68 4506.68 71307.4
7 1166.32 1166.32 70755.6
10 2474.27 9897.07 72674.4
1 2230.25 10421 71687
8 1540.32 1540.32 71810.9
3 2040.92 8163.69 71968.7
4 2779.07 17116.3 72897.8
5 2160.87 3660.87 72307.1
9 1455.74 5822.96 72197.4
2 1559.79 12239.2 72366
7 1823.14 8792.56 73137.7
0 3749.86 3749.86 75305.4
11 3556.36 15725.5 74623.6
1 2407.88 11131.5 73440.6
8 4022.34 4022.34 75159.1
3 2647.47 12089.9 73930.5
9 2694.94 4194.94 73746.4
5 2804.35 4304.35 74072.4
2 2850.66 11402.6 74430.5
10 4147.35 16589.4 75686.5
4 3930.37 3930.37 75516.5
7 4721.68 18886.7 76434.9
6 3014.61 3014.61 74734
1 3480.78 13923.1 75424.9
9 3553.25 5053.25 75566.1
3 3825.3 15301.2 76045.5
5 3976.04 3976.04 76197.7
2 5138.45 5138.45 77381.1
11 4042.7 5542.7 76431.8
6 4338.1 17352.4 76511.2
8 5790.1 29160.4 78482.3
0 4833.97 19335.9 77742.6
1 4660 18640 77593.1
66
10 147.319 147.319 65960.4
3 132.604 530.416 65941.9
4 139.91 559.642 66166.8
5 299.855 1199.42 66175.9
9 212.23 848.919 66148.4
2 297.732 1190.93 66208.5
11 406.826 406.826 66409.7
7 1005.02 1005.02 67038.7
0 328.802 1315.21 66598.5
1 673.25 2173.25 66772
6 2686.64 16746.6 68665.1
8 2652.94 16611.8 68954.3
3 1953.85 7815.39 68096.2
10 1546.53 7546.53 67944.6
9 1697.5 1697.5 68146.6
4 1615.74 1615.74 68109.9
5 1514.83 6059.32 68003.8
2 1401.53 5606.11 67762.6
11 3695.18 16280.7 70510.7
0 2378.73 15514.9 69006.2
1 2008.83 9535.33 68837.7
7 3854.05 15416.2 73687.6
2 2552.08 8552.08 69579.6
10 2893.88 2893.88 69912.9
5 3595.76 15883 70799
3 2693.62 4193.62 70169.8
4 1990.75 1990.75 70291.4
9 552.003 2052 69960
6 2942.48 2942.48 72969.2
1 1353.38 1353.38 71575
8 1042.68 1042.68 71173
0 986.313 986.313 71115.8
2 1911.24 7911.24 72382.6
10 1520 7520 71721.1
9 1516.94 7567.74 72231.6
3 1342.34 5369.36 71732.9
4 2022.64 8090.54 72929.8
11 4469.36 5969.36 75239.8
5 3080.31 13821.2 74352.9
0 2266.75 8266.75 73201
8 2963.72 2963.72 73924.3
1 3587.39 3587.39 74910.5
10 2212.05 8212.05 73547.2
3 2108.8 3608.8 73485.8
9 4054.3 5554.3 75571.9
2 3965.1 15860.4 75896.6
4 5185.35 5185.35 77366.9
6 5359.19 27436.8 76986.3
0 3279.09 13116.4 75000.8
3 3916.09 15664.3 76040.4
10 3577.09 9577.09 75543
7 3671.78 16187.1 75655.9
8 3818.98 15275.9 75941.7
5 4537.72 4537.72 76671.1
1 4836.63 20846.5 77620.6
0 4898.95 25595.8 77266.5
11 5078.14 6578.14 77508.7
10 5125.71 26502.9 77558.5
9 5119.23 6619.23 77773.1
7 5177.34 22209.4 77921
2 6268.56 25074.3 78877.5
8 5151.14 26604.6 77755.9
3 5278.28 21113.1 78076.1
5 5784.97 5784.97 78651.4
6 5913.14 11913.1 78778
0 7703.27 30813.1 80575.7
60
3 162.574 162.574 65884.6
0 532.056 2128.22 66366.6
4 856.912 3427.65 66625.7
5 298.417 1193.67 66129.1
9 350.002 350.002 66407.1
10 106.358 106.358 66287
1 499.495 499.495 66446.9
11 479.205 1916.82 66879.1
2 334.512 334.512 66721.1
6 2711.31 2711.31 69163.3
7 2475.46 2475.46 68984.2
8 3221.75 18887 69737.7
3 958.284 5333.13 67749.7
5 1412.72 1412.72 68119.4
10 2159.12 8636.46 69067.4
0 1944.63 7944.63 68449.9
9 2990.38 2990.38 69923.2
1 3311.03 3311.03 70026.2
4 1885.99 1885.99 69396.9
2 1296.4 5185.61 68660.9
11 1174.54 6198.17 68692.4
3 1978.71 9414.82 69639.7
5 2351.88 10907.5 70276.1
0 2971.5 11886 70882.8
2 2002.44 8002.44 70456.3
11 2675.31 4175.31 70993.6
7 2754.53 11018.1 71502.4
10 3598.23 14392.9 72210.1
6 2344.68 15378.7 71364.5
4 3290.11 19160.5 72485.7
3 3596.27 15885.1 73363.5
8 1702.06 1702.06 71723.8
9 4202.44 4202.44 73925.7
1 3841.53 3841.53 73752.1
5 2215.56 8862.23 72097
2 4119.5 4119.5 74543.6
0 2349.45 2349.45 72644.1
11 3237.09 12948.4 73949.1
6 3515.22 20060.9 73862
7 4592.55 6092.55 75178.9
8 2901.26 2901.26 73576.7
5 3354.56 4854.56 74136.1
10 2848.42 2848.42 74006.7
4 4581.52 4581.52 76358.2
0 3457.36 3457.36 74981.2
3 6807.65 28730.6 77992.9
8 4321.4 17285.6 75909.1
1 4291.8 17167.2 76253.5
6 3911.57 15646.3 75391.1
9 4183.49 18234 75907.7
11 5456.41 6956.41 77307.4
10 3970.43 9970.43 75830.8
5 4110.48 5610.48 76616.6
2 6729.5 32918 79458.6
0 4705.72 4705.72 77374.5
7 6816.61 27266.5 79421.7
6 4670.82 10670.8 77218.5
10 5476.02 5476.02 78127.2
9 6627.39 26509.6 79709.4
8 5327.9 5327.9 78130.1
65
3 162.574 162.574 65884.6
0 532.056 2128.22 66366.6
4 856.912 3427.65 66625.7
5 298.417 1193.67 66129.1
9 350.002 350.002 66407.1
10 106.358 106.358 66287
1 499.495 499.495 66446.9
11 479.205 1916.82 66879.1
2 334.512 334.512 66721.1
6 2711.31 2711.31 69163.3
7 2475.46 2475.46 68984.2
8 3221.75 18887 69737.7
3 958.284 5333.13 67749.7
5 1412.72 1412.72 68119.4
10 2159.12 8636.46 69067.4
0 1944.63 7944.63 68449.9
9 2990.38 2990.38 69923.2
1 3311.03 3311.03 70026.2
4 1885.99 1885.99 69396.9
2 1296.4 5185.61 68660.9
11 1424.9 1424.9 69120.4
3 2338.79 3838.79 69930.1
5 2331.06 3831.06 70087.4
0 3738.64 3738.64 71565.6
2 3550.6 3550.6 72166.6
7 2586 4086 71473
10 3770.2 3770.2 72407.8
11 2396.29 3896.29 71294.2
6 2344.45 9377.81 71273.7
4 3012.45 9012.45 72174.8
8 4155.83 16623.3 73281.1
9 3005.29 4505.29 72353.1
3 3112.75 12451 72691.5
1 3458.03 4958.03 73473.6
5 3798.15 16692.6 73711.3
6 2515.51 8515.51 73257.9
11 2842.82 11371.3 73590.9
7 3051.16 3051.16 74158
0 2649.63 10598.5 73487.8
2 4575.89 4575.89 75536.5
4 3649.96 9649.96 74973
9 4065.17 4065.17 75400.3
10 2783.64 2783.64 74160.6
3 2991.09 4491.09 74508.6
6 3298.77 13195.1 75230.2
8 5536.62 5536.62 77718.2
1 4644.67 18578.7 76271.8
0 4107.27 16429.1 75829
11 3510.51 14042 75634.8
5 5834.26 5834.26 77800.2
7 5589.73 23858.9 77573.9
10 4484.79 17939.2 76607.5
3 4212.01 4212.01 76345.4
4 4899.2 19596.8 77683.2
6 5128.42 26513.7 77495.9
9 5574.67 7074.67 78005.2
2 5119.21 26476.8 77552
11 5058.69 6558.69 77712.5
0 5478.62 21914.5 78222.3
1 7184.81 30239.2 79793.7
3 5621.08 22484.3 78225.8
10 6391.5 31566 79189.3
6 8057.83 14057.8 80924.3
2 6620.99 12621 79485.8
7 6654.36 28117.5 79526.8
70
10 147.319 147.319 65960.4
3 132.604 530.416 65941.9
4 139.91 559.642 66166.8
5 299.855 1199.42 66175.9
9 212.23 848.919 66148.4
2 297.732 1190.93 66208.5
11 406.826 406.826 66409.7
7 1005.02 1005.02 67038.7
0 328.802 1315.21 66598.5
1 673.25 2173.25 66772
6 2686.64 16746.6 68665.1
8 2652.94 16611.8 68954.3
3 1953.85 7815.39 68096.2
10 1546.53 7546.53 67944.6
9 1697.5 1697.5 68146.6
4 1615.74 1615.74 68109.9
5 1514.83 6059.32 68003.8
2 1401.53 5606.11 67762.6
11 3695.18 16280.7 70510.7
0 2378.73 15514.9 69006.2
1 2008.83 9535.33 68837.7
7 3854.05 15416.2 73687.6
2 2552.08 8552.08 69579.6
10 2893.88 2893.88 69912.9
5 3595.76 15883 70799
3 2693.62 4193.62 70169.8
4 1990.75 1990.75 70291.4
9 900.816 3603.27 70096.4
6 3157.8 12631.2 72925
1 1297.67 2797.67 71319.4
8 2035.75 8035.75 71759
0 1150.22 7150.22 71060.8
2 1461.26 11845 71342.7
10 4090.71 4090.71 74514.8
9 1599.89 3099.89 71894.6
3 2413.23 9652.93 73125.3
4 3043.72 18174.9 73390.5
11 1863.06 3363.06 72449.4
5 2999.97 4499.97 73675.5
0 2318.41 2318.41 73100
1 2099.78 8399.11 73312.2
2 2453.45 9813.8 73618.5
8 2388.68 8388.68 73588.4
9 2987.8 2987.8 74191
11 5955.12 5955.12 77292.5
6 6029.95 6029.95 77298.4
0 4056.52 16226.1 75194.7
3 3759.15 16536.6 75319.8
1 4730.73 6230.73 76412.2
4 3805.35 15221.4 75212.2
8 3837.7 15350.8 75129
2 4000.35 16001.4 75456.2
5 4477.84 5977.84 75958.4
7 4079.49 17818 75626.7
9 4356.69 5856.69 76162.5
10 7405.19 29620.8 79378.4
8 5698.73 22794.9 77913.3
0 5543.3 5543.3 77447.6
4 5184.61 11184.6 77218.8
3 7317.49 7317.49 79114.9
2 5078.69 5078.69 77005.2
7 5702.59 7202.59 77908.1
5 5555.07 23720.3 77699.7
9 6224.51 26398 78734.5
1 7310.79 8810.79 79741.4
2 6615.54 26462.2 79629.2
4 6126.25 24505 78503.7
11 7179.74 8679.74 79788.5
6 6492.63 31970.5 79512.8
0 7224.65 7224.65 79986.5
62
3 162.574 162.574 65884.6
0 532.056 2128.22 66366.6
4 856.912 3427.65 66625.7
5 298.417 1193.67 66129.1
9 350.002 350.002 66407.1
10 106.358 106.358 66287
1 499.495 499.495 66446.9
11 479.205 1916.82 66879.1
2 334.512 334.512 66721.1
6 2711.31 2711.31 69163.3
7 2475.46 2475.46 68984.2
8 3221.75 18887 69737.7
3 958.284 5333.13 67749.7
5 1412.72 1412.72 68119.4
10 2159.12 8636.46 69067.4
0 1944.63 7944.63 68449.9
9 2990.38 2990.38 69923.2
1 3311.03 3311.03 70026.2
4 1885.99 1885.99 69396.9
2 1296.4 5185.61 68660.9
11 1347.62 2847.62 68831.8
3 1798.35 1798.35 69403
5 2412.06 11148.2 70074.4
0 3871.94 9871.94 71871.5
2 2341.12 2341.12 70189.3
11 3016.85 4516.85 71259.7
7 2925.67 11702.7 71420.1
10 2811.99 11248 71286.8
6 2137.68 8550.74 70712.1
4 3859.68 3859.68 72724.9
3 2342.21 2342.21 71235.3
8 2659.16 2659.16 71982.8
9 4344.14 5844.14 73614.5
1 3672.55 5172.55 73080.6
5 4351.74 5851.74 74378.4
2 2839.29 8839.29 73060.9
6 3375.75 3375.75 73506.1
3 3407.02 4907.02 73536.5
11 3226.39 3226.39 73697.7
10 5107.19 11107.2 75308.3
7 3166.51 14166 73881.1
0 3419.85 19679.4 73810.4
8 4378.12 17512.5 75285.3
4 3753.38 3753.38 74523.8
2 5342.22 21368.9 76614.8
1 4231.55 4231.55 75165.8
6 5676.59 5676.59 76932.1
3 4657.24 6157.24 75843.2
9 4652.3 6152.3 76062.9
11 5735.33 7235.33 77039.8
0 4090.42 4090.42 75620.4
7 5657.5 22630 77406.2
5 6548.81 6548.81 78173.6
4 4714.56 4714.56 76488.3
1 5084.83 20339.3 76924.3
8 7258.05 13258.1 79304.1
10 5245.91 5245.91 77394.9
0 5651.48 5651.48 78399.6
3 5041.18 6541.18 77363.1
9 5393.65 6893.65 77990.3
4 6020.64 30082.5 79042.9
2 5801.43 5801.43 78854.8
68
3 141.2 141.2 65916.7
10 169.132 676.528 66111.5
2 153.595 153.595 66287
6 396.645 396.645 66268.5
9 283.324 283.324 66269.2
4 271.348 271.348 66483.7
5 282.45 282.45 66297.7
8 711.322 711.322 66424.5
11 442.435 442.435 66501.2
1 683.381 683.381 66765.1
0 700.765 8803.06 66846.2
7 2479.91 2479.91 68592.7
3 1739.56 3239.56 67947.9
10 2501.19 8501.19 68846.7
6 2029.4 2029.4 68429.9
9 2056.32 2056.32 68437.4
2 1908.55 7908.55 68144.1
5 1942.62 9270.49 68253.5
8 3193.98 12775.9 69567.1
4 1980.44 7980.44 68345.2
11 1864.4 3364.4 68458.3
1 1902.75 1902.75 68950
0 3890.55 3890.55 70975.6
3 2866.13 4366.13 69992.3
2 3301.98 13207.9 70538.7
5 2897.67 11590.7 70364.3
4 2933.49 11734 70316.4
6 5748.36 11748.4 73161.2
9 2913.89 4413.89 70390
11 3006.68 4506.68 71307.4
7 1166.32 1166.32 70755.6
10 2474.27 9897.07 72674.4
1 2230.25 10421 71687
8 1540.32 1540.32 71810.9
3 2040.92 8163.69 71968.7
4 2779.07 17116.3 72897.8
5 2160.87 3660.87 72307.1
9 1455.74 5822.96 72197.4
2 1559.79 12239.2 72366
7 1823.14 8792.56 73137.7
0 3749.86 3749.86 75305.4
11 3556.36 15725.5 74623.6
1 2461.11 3961.11 73421.7
8 3823.32 9823.32 75146.4
3 2459.66 2459.66 73794.8
9 2573.33 4073.33 73950.3
5 2606.63 4106.63 74124.2
2 2915.44 11661.7 74846.9
10 3415.93 3415.93 75597.5
4 4106.67 22426.7 75733.8
7 4311.44 18745.7 76033.1
6 3080.78 18323.1 75205.1
1 3451.58 3451.58 75417.5
3 3778.96 16615.8 75763.1
9 4274.48 18597.9 76397.2
5 3827.55 3827.55 75960.9
11 4549.79 19699.1 77333.7
2 4745.09 24980.3 77112.6
8 4984.73 4984.73 77415.3
6 5217.85 26871.4 77650.6
0 5646.7 5646.7 78300.6
1 4938.86 21255.5 77682.5
10 5719.98 22879.9 78328.9
4 5009.46 26037.8 77614.2
3 5547.16 22188.6 78345
5 5074.79 5074.79 77941.2
7 5432.07 5432.07 78296.9
9 5477.63 23410.5 78350.1
71
3 162.574 162.574 65884.6
0 532.056 2128.22 66366.6
4 856.912 3427.65 66625.7
5 298.417 1193.67 66129.1
9 350.002 350.002 66407.1
10 106.358 106.358 66287
1 499.495 499.495 66446.9
11 479.205 1916.82 66879.1
2 334.512 334.512 66721.1
6 2711.31 2711.31 69163.3
7 2475.46 2475.46 68984.2
8 3221.75 18887 69737.7
3 958.284 5333.13 67749.7
5 1412.72 1412.72 68119.4
10 2159.12 8636.46 69067.4
0 1944.63 7944.63 68449.9
9 2990.38 2990.38 69923.2
1 3311.03 3311.03 70026.2
4 1885.99 1885.99 69396.9
2 1296.4 5185.61 68660.9
11 1174.54 6198.17 68692.4
3 1978.71 9414.82 69639.7
5 2351.88 10907.5 70276.1
0 2971.5 11886 70882.8
2 2002.44 8002.44 70456.3
11 2675.31 4175.31 70993.6
7 2754.53 11018.1 71502.4
10 3598.23 14392.9 72210.1
6 2344.68 15378.7 71364.5
4 2332.92 8332.92 71922.2
3 2416.08 11164.3 72616.2
8 1838.41 7353.64 71295.1
9 3262.14 4762.14 73532.7
1 4119.41 16477.6 74047.2
5 2535.77 10143.1 72654.5
2 2356.97 2356.97 72503.2
0 2444.02 15776.1 73185.7
11 2073.06 8292.26 72879.2
8 2799.73 11198.9 74114.3
6 2471.1 2471.1 74026.6
7 3232.93 14431.7 74300.2
4 3185.27 18741.1 74397.7
10 2849.21 11396.8 74014.3
2 3132.85 9132.85 74332.5
3 4216.37 4216.37 75419.5
5 4179.24 4179.24 75516.6
11 3463.73 4963.73 74732.2
0 3603.89 14415.6 74742.1
9 4166.61 18166.5 75727.3
10 5969.68 5969.68 77651.2
6 5949.34 23797.3 77356.2
1 4296.49 18686 75587.8
8 6024.61 24098.4 77480.4
7 4636.72 6136.72 76117.2
2 4587.69 18350.8 76134.9
4 4767.45 4767.45 76573.2
11 5115.45 21961.8 77088.7
0 5311.75 21247 77526.3
3 5768.14 7268.14 77672.5
5 5470.73 5470.73 77504.9
1 5299.19 5299.19 77096.5
9 7628.91 9128.91 79555.4
7 6193.17 7693.17 78398.7
2 5731.56 22926.3 77876.2
4 6635.26 26541.1 79145.2
11 6459.43 7959.43 78890
1 6706.9 28327.6 79720.6
6 6693.82 26775.3 79071.3
8 7678.16 7678.16 80286.9
5 6599.65 26398.6 79619.8
0 7885.23 7885.23 80647.1
62
10 147.319 147.319 65960.4
3 132.604 530.416 65941.9
4 139.91 559.642 66166.8
5 299.855 1199.42 66175.9
9 212.23 848.919 66148.4
2 297.732 1190.93 66208.5
11 406.826 406.826 66409.7
7 1005.02 1005.02 67038.7
0 328.802 1315.21 66598.5
1 673.25 2173.25 66772
6 2686.64 16746.6 68665.1
8 2652.94 16611.8 68954.3
3 1953.85 7815.39 68096.2
10 1546.53 7546.53 67944.6
9 1697.5 1697.5 68146.6
4 1615.74 1615.74 68109.9
5 1514.83 6059.32 68003.8
2 1401.53 5606.11 67762.6
11 3695.18 16280.7 70510.7
0 2378.73 15514.9 69006.2
1 2008.83 9535.33 68837.7
7 3854.05 15416.2 73687.6
2 2552.08 8552.08 69579.6
10 2893.88 2893.88 69912.9
5 3595.76 15883 70799
3 2286.11 10644.4 69804
4 2805.16 11220.6 70466.2
9 2379.05 11016.2 70303.3
6 2649.81 10599.2 70561.1
1 2530.88 2530.88 70984.8
8 3431.36 3431.36 71749.7
0 3212.59 18850.4 71960.4
2 2539.51 10158 71151.4
3 2861.88 11447.5 71881.7
10 3342.04 3342.04 72689.9
9 2852.9 11411.6 72431.7
4 2307.95 2307.95 72323.5
11 3014.85 13559.4 72928
6 2136.91 8136.91 72879.3
5 3376.39 13505.6 74124.5
1 2130.27 2130.27 73237.2
2 2235.5 8941.99 73073.7
8 2470.59 9882.36 73503.4
3 3571.89 5071.89 74708.6
0 3607.13 14428.5 74890.2
4 3811.56 3811.56 74863.1
9 2928.96 4428.96 74197
10 4053.51 16214 75633.3
6 3370.49 13482 74909.7
11 5073.86 6573.86 76660
2 3839.92 21359.7 75553.2
1 4662.18 6162.18 76381.6
8 3543.49 20174 75487.6
7 3668.75 5168.75 75681.6
5 3711.12 14844.5 75931.3
9 4100.65 4100.65 76322.3
3 4443.18 5943.18 76685.8
4 4282.12 4282.12 76671.2
0 4057.33 16229.3 76230.5
6 5188.49 26754 77880.6
8 5334.34 21337.4 78242.9
2 4668.63 24674.5 77601.7
63
10 147.319 147.319 65960.4
3 132.604 530.416 65941.9
4 139.91 559.642 66166.8
5 299.855 1199.42 66175.9
9 212.23 848.919 66148.4
2 297.732 1190.93 66208.5
11 406.826 406.826 66409.7
7 1005.02 1005.02 67038.7
0 328.802 1315.21 66598.5
1 673.25 2173.25 66772
6 2686.64 16746.6 68665.1
8 2652.94 16611.8 68954.3
3 1953.85 7815.39 68096.2
10 1546.53 7546.53 67944.6
9 1697.5 1697.5 68146.6
4 1615.74 1615.74 68109.9
5 1514.83 6059.32 68003.8
2 1401.53 5606.11 67762.6
11 3695.18 16280.7 70510.7
0 2378.73 15514.9 69006.2
1 2008.83 9535.33 68837.7
7 3854.05 15416.2 73687.6
2 2552.08 8552.08 69579.6
10 2893.88 2893.88 69912.9
5 3595.76 15883 70799
3 2693.62 4193.62 70169.8
4 1990.75 1990.75 70291.4
9 2878.97 4378.97 72232.5
6 944.444 9777.77 70191.7
1 1294.69 1294.69 70820.9
8 1819.63 13278.5 71328.6
0 1161.66 4646.63 71175.6
2 1643.41 1643.41 71806.7
10 1515.25 1515.25 71876.5
3 1757.47 8529.89 71913.5
6 2687.54 8687.54 73751.8
4 2383.92 2383.92 73834.4
11 3676.75 5176.75 74637.3
5 2811.38 2811.38 74134.5
1 1311.87 1311.87 72647
0 2145.69 2145.69 73522.7
8 2649.18 2649.18 74166.7
2 2835.31 11341.2 74766.8
10 2850.65 2850.65 75032.2
3 2592.11 10368.5 74219.2
9 4862.92 20951.7 76584.6
1 2871.99 11488 74996.3
0 3982.27 9982.27 75948.2
7 3671.78 16187.1 75655.9
6 5740.23 22960.9 77862.9
4 4019.2 10019.2 76152.6
5 4060.63 17742.5 76844.6
8 4604.41 24417.6 76971.9
3 4057.52 5557.52 76488.1
11 4220.06 16880.3 76652.8
2 4190.65 4190.65 76844.5
1 4645.97 20083.9 77389.6
10 5154.71 20618.8 77763.6
7 4865.44 19461.8 77470.2
0 5732.19 28928.8 78530
4 5266.45 11266.4 78132.9
3 6390.74 6390.74 79255.6
9 5994.31 25477.2 78866.8
66
10 164.742 164.742 65938.8
4 238.928 238.928 66198
3 184.024 184.024 66222.7
5 225.508 225.508 66300
9 508.22 508.22 66417.6
11 494.643 494.643 66565.4
1 604.091 604.091 66668.5
2 283.638 1134.55 66427.7
7 2499.64 2499.64 68803.6
0 411.357 411.357 66494.2
6 2651.53 2651.53 69031.9
8 2825.56 11302.2 69475.3
10 1190.66 7190.66 67484.5
4 1634.4 1634.4 68172.8
3 2351.8 9407.18 68836.3
5 2228.42 2228.42 69516.9
9 3784.7 5284.7 70841.1
2 2784.55 11138.2 69915.8
0 1466.96 7466.96 68556.9
11 1365.87 5463.48 68390.4
1 1391.69 2891.69 68498.9
10 2432.7 2432.7 69682.7
4 2728.66 8728.66 70262.6
11 2516.9 4016.9 70263.4
1 2719.41 12377.7 70718.8
0 2940.21 8940.21 70953
7 2712.73 2712.73 70735.9
3 3158.51 4658.51 72088
6 2447.42 9789.68 71053.6
8 3419.51 13678 71872.4
5 3224.37 4724.37 72302.5
10 2746.75 2746.75 71766
2 2997.89 2997.89 72345.7
4 2661.49 16645.9 72240.3
11 2443.76 3943.76 72459.3
1 3771.16 16584.6 73684.3
7 1830.22 1830.22 72572.6
9 4863.83 19455.3 75611.9
0 2531.1 8531.1 73638
6 2176.26 8705.05 73014.4
10 3556.67 3556.67 74517.2
8 2544.22 8544.22 73867.3
3 4417.53 4417.53 75752.7
4 2616.15 2616.15 73993.1
5 4805.96 6305.96 76323.5
2 3928.21 15712.9 75859.7
11 3200.86 4700.86 75382.4
7 2755.68 11022.7 74382.8
6 3633.91 14535.6 75355.6
0 5101.19 26404.8 77225.5
1 5807.27 5807.27 77773.2
8 3874.7 15498.8 75858.9
4 4317.3 17269.2 76440
7 4086.13 4086.13 76219.5
10 4944.37 19777.5 77728.3
6 5253.77 27015.1 77621.3
11 5062.98 6562.98 77493.5
9 5196.95 20787.8 77629.7
3 5615.62 7115.62 78269.5
8 5380.25 21521 78123.9
2 6231.68 24926.7 78840.6
7 5495.2 21980.8 78100
5 5796.59 23186.4 78594.4
4 5576.43 11576.4 78442.9
0 6624.46 12624.5 79489.3
11 7404.96 31119.8 80277.4
71
10 147.319 147.319 65960.4
3 132.604 530.416 65941.9
4 139.91 559.642 66166.8
5 299.855 1199.42 66175.9
9 212.23 848.919 66148.4
2 297.732 1190.93 66208.5
11 406.826 406.826 66409.7
7 1005.02 1005.02 67038.7
0 328.802 1315.21 66598.5
1 673.25 2173.25 66772
6 2686.64 16746.6 68665.1
8 2652.94 16611.8 68954.3
3 1953.85 7815.39 68096.2
10 1546.53 7546.53 67944.6
9 1697.5 1697.5 68146.6
4 1615.74 1615.74 68109.9
5 1514.83 6059.32 68003.8
2 1401.53 5606.11 67762.6
11 3695.18 16280.7 70510.7
0 2378.73 15514.9 69006.2
1 2008.83 9535.33 68837.7
7 3854.05 15416.2 73687.6
2 2552.08 8552.08 69579.6
10 2893.88 2893.88 69912.9
5 3595.76 15883 70799
3 2685.62 4185.62 70169.8
4 2618.8 8618.8 70223.4
9 2439.23 11256.9 70101.6
6 2606.67 8606.67 70606.2
1 2908.42 4408.42 70756.6
8 3135.49 3135.49 71378.3
0 2699.63 16798.5 71194.1
2 4887.09 19548.4 73361.9
10 2887.31 11549.2 71461.7
9 3062.81 4562.81 71928.1
3 3472.31 3472.31 72365.4
4 3043.61 3043.61 72367.2
11 5701.95 7201.95 74972.3
6 3011.62 3011.62 72419.6
1 5033.96 6533.96 75060.7
5 3050.57 3050.57 73272.2
0 3418.89 3418.89 73549.2
8 3887.23 3887.23 74016.7
10 3793.34 9793.34 74264.7
9 3535.12 3535.12 73736.2
3 4047.51 17690 74762.1
4 4529.97 24119.9 74920.5
6 4863.74 19455 75770.9
5 5792.34 7292.34 76562.8
2 6326.02 25304.1 77598.6
0 5731.3 11731.3 76665.5
7 4296.38 18685.5 75329.1
9 4448.93 5948.93 75585.7
8 5151.75 20607 76434.8
10 6332.52 6332.52 77384
3 6373.33 7873.33 77641.4
4 5549.41 22197.6 77129.2
11 5943.09 25272.4 77482.3
1 7206.5 8706.5 78792.6
7 5556.59 22226.3 77269.9
9 5439.11 6939.11 77158.5
6 7901.92 37607.7 79846.1
8 6415.95 6415.95 78428.8
5 6149.45 24597.8 78369.6
0 6212.82 12212.8 78434.4
4 7837.2 7837.2 80079.8
9 6577.61 8077.61 78966.7
7 6873.91 28995.6 79047
10 8015.03 38060.1 80707.2
11 7328.99 30816 80237.6
2 7193.35 34773.4 80126.4
64
10 164.742 164.742 65938.8
4 238.928 238.928 66198
3 184.024 184.024 66222.7
5 225.508 225.508 66300
9 508.22 508.22 66417.6
11 494.643 494.643 66565.4
1 604.091 604.091 66668.5
2 283.638 1134.55 66427.7
7 2499.64 2499.64 68803.6
0 411.357 411.357 66494.2
6 2651.53 2651.53 69031.9
8 2825.56 11302.2 69475.3
10 1190.66 7190.66 67484.5
4 1634.4 1634.4 68172.8
3 2351.8 9407.18 68836.3
5 2228.42 2228.42 69516.9
9 3784.7 5284.7 70841.1
2 2784.55 11138.2 69915.8
0 1466.96 7466.96 68556.9
11 1365.87 5463.48 68390.4
1 1391.69 2891.69 68498.9
10 2432.7 2432.7 69682.7
4 2728.66 8728.66 70262.6
11 2438.51 3938.51 69922.7
1 2993.23 2993.23 70597.9
0 2980.53 11922.1 70642.9
7 2845.11 2845.11 70844.7
3 3505.94 5005.94 71354.1
6 2966.15 2966.15 71209
8 3378.01 19512 71872.4
5 3981.76 17427 72456.6
10 3647.45 14589.8 72221.8
2 5053.05 5053.05 73918.3
11 3225.2 3225.2 72118.3
4 3537.87 3537.87 72861.5
1 3280.25 4780.25 72550.6
0 4071.97 4071.97 73419.8
9 5904.46 23617.8 75483.2
7 3249.45 4749.45 73265
6 3895.71 15582.9 73808.9
3 2448.51 2448.51 73190.9
8 3944.81 21779.2 74692.9
11 3164.99 3164.99 74271.9
10 3305.91 13223.6 74144.1
5 5126.08 22004.3 76158.8
1 3736.36 5236.36 74873.1
4 4508.2 18032.8 75791.3
3 3688.37 5188.37 74739.9
7 4363.88 5863.88 75632
0 4783.44 19133.8 76363.3
6 6478.19 25912.8 78017.4
2 4142.45 4142.45 75728.5
10 4910.33 25641.3 76623.6
11 5696.9 7196.9 77416.3
8 4736.8 24947.2 76680.9
3 4546.68 6046.68 76559.5
1 4459.76 17839 76680
9 5030.55 5030.55 77252.2
7 5831.89 7331.89 78074.5
2 5647.33 5647.33 78036.4
4 4958.39 19833.6 77131.5
5 6437.65 25750.6 79129.8
0 5699.11 22796.4 78607.7
3 5674.93 22699.7 78608
78
3 141.2 141.2 65916.7
10 169.132 676.528 66111.5
2 153.595 153.595 66287
6 396.645 396.645 66268.5
9 283.324 283.324 66269.2
4 271.348 271.348 66483.7
5 282.45 282.45 66297.7
8 711.322 711.322 66424.5
11 442.435 442.435 66501.2
1 683.381 683.381 66765.1
0 700.765 8803.06 66846.2
7 2479.91 2479.91 68592.7
3 1739.56 3239.56 67947.9
10 2501.19 8501.19 68846.7
6 2029.4 2029.4 68429.9
9 2056.32 2056.32 68437.4
2 1908.55 7908.55 68144.1
5 1942.62 9270.49 68253.5
8 3193.98 12775.9 69567.1
4 1980.44 7980.44 68345.2
11 1864.4 3364.4 68458.3
1 1902.75 1902.75 68950
0 3890.55 3890.55 70975.6
3 2866.13 4366.13 69992.3
2 3301.98 13207.9 70538.7
5 2897.67 11590.7 70364.3
4 2933.49 11734 70316.4
6 5748.36 11748.4 73161.2
9 2983.18 2983.18 70678.7
11 3407.43 4907.43 70998.7
7 2804.36 4304.36 70560.7
10 4135.47 4135.47 71962.4
1 3111.72 4611.72 71727.7
8 3169.75 3169.75 72056.8
3 3350.76 4850.76 71988.3
4 3348.87 3348.87 72246.8
5 3559.55 15738.2 72488.8
2 3900.04 9900.04 73062.4
7 4978.81 21415.2 74104.1
9 2626.7 4126.7 72034.7
0 3680.56 3680.56 73707.3
11 3095.66 3095.66 73317.2
1 4517.33 6017.33 74647.7
10 3603.76 3603.76 73733.2
3 4319.97 4319.97 74791.3
9 4141.51 4141.51 74342.6
8 3803.19 15212.8 74517.8
4 3957.64 21830.6 74348.2
5 5177.25 22209 76084.4
2 5063.38 5063.38 75833.8
6 3952.92 15811.7 75225.5
11 5499.32 5499.32 76433.5
0 6116.58 6116.58 77077.2
10 4715.85 10715.9 76038.9
7 6433.58 6433.58 77768.7
9 4718.46 6218.46 76095.4
4 4647.77 4647.77 76165.3
8 6100.32 24401.3 78031.8
1 6118.7 7618.7 78300.3
3 6499.72 25998.9 78126.8
6 5375.18 21500.7 77096.9
2 5753.44 29013.7 77877.7
10 6074.52 12074.5 78040.4
5 8165.18 34160.7 80149.3
9 6419.61 27178.5 78542.3
4 5868.69 11868.7 78002.1
11 6359.69 26938.8 79143.6
0 7439.51 35758 79807
6 6762.09 6762.09 79192.6
7 7351.46 29405.8 79784.2
2 7301.62 7301.62 79955.5
4 7137.03 28548.1 79880.7
8 8403.79 33615.2 81012.7
10 7249.9 34999.6 79854.7
3 7599.88 30399.5 80397.7
1 8368.22 8368.22 81234.7
9 7611.33 7611.33 80476.2
11 9055.06 37720.2 81927.5
