44
2 143.405 143.405 65729.7
4 856.912 3427.65 66625.7
0 411.215 1644.86 66124.6
1 438.331 1938.33 66418.1
3 279.391 1117.57 66679.3
7 1103.01 5912.02 67460.6
6 784.172 784.172 67299.1
5 494.955 494.955 67021.4
9 605.083 605.083 67332
8 2652.63 8652.63 69559.1
2 2229.2 2229.2 69247
0 2202.99 2202.99 69624.6
1 1709.06 6836.23 69218.6
4 1839.16 1839.16 69458.5
3 1242.59 2742.59 68981.8
5 2277.11 3777.11 70566.8
9 305.345 2721.38 69272.7
6 1104.78 1104.78 70573.7
7 1449.6 2949.6 71120.4
3 1510.4 3010.4 71070.2
1 2278.5 3778.5 72828.1
2 2151.07 2151.07 72763.2
9 1812.3 1812.3 72222
4 1975.33 7901.33 72021.6
8 1059.49 1059.49 71429.9
0 2615.59 10462.4 72938.1
5 2512.32 4012.32 72868.2
6 2289.82 9159.28 73329.1
3 5075.37 6575.37 78691.8
7 1894.69 3394.69 73385.4
8 2158.79 14635.2 73464.5
4 2174.32 14697.3 73763
9 4156.29 5656.29 75842.7
2 4331.41 17325.6 76063
1 3884.61 15538.5 75655.2
5 4305.86 5805.86 76185.1
0 3126.47 3126.47 75881.5
6 5762.83 5762.83 77898
7 3872.79 15491.2 76334.4
8 3773.98 3773.98 76207.3
4 3499.52 19998.1 76027
1 5486.49 23446 77808
9 5233.92 22435.7 77895.2
0 6016.56 30066.2 78957.3
44
6 1154.22 4616.89 66905.8
3 134.389 134.389 66153.5
0 448.876 448.876 66494.3
8 843.696 843.696 67421.7
2 364.631 364.631 67093.2
4 487.658 487.658 67373.1
1 172.698 172.698 67048.9
5 383.971 1535.88 67446
7 958.632 5334.53 68176.7
9 532.585 3630.34 67817.2
3 2177.74 8710.94 69642.8
0 1394.18 7394.18 68799.2
6 2375.47 2375.47 70001.6
1 1915.83 3415.83 70011.8
2 1285.75 1285.75 69191
4 2745.82 8745.82 71121.1
8 1360.74 11442.9 70079.9
5 557.116 2057.12 69170.3
9 1436.48 1436.48 70324.9
7 1915.61 7662.43 70897.5
0 1484.97 7484.97 71273.2
5 2196.18 3696.18 71458.8
2 1959.34 7837.35 71386.7
3 1856.18 8924.74 72075.6
6 3921.63 15686.5 74072.3
1 3070.08 4570.08 73128.3
8 2421.67 9686.69 72776.2
9 2279 2279 72975.7
7 2149.93 3649.93 72846.8
4 3337.57 13350.3 74465.1
0 2475.59 9902.37 73691.1
2 2474.08 2474.08 74235.2
5 3499.37 3499.37 74565.5
3 4601.5 4601.5 76014.3
8 3592.51 14370 74955.4
7 5374.99 5374.99 76979.9
9 5514.98 7014.98 77089.5
1 4559.83 19739.3 76208.8
0 5237.56 11237.6 76586.8
6 5477.21 11477.2 77179.9
2 4795.5 25182 76963.2
4 4563.5 10563.5 77114
5 3733.84 5233.84 76766.7
8 4912.43 25649.7 78020.4
44
6 1232.92 4931.67 67105.6
8 1028.6 1028.6 67746.5
0 542.876 542.876 67167.7
2 679.002 2716.01 67653.8
7 881.576 5026.3 67649.1
1 1685.54 6742.14 68675.2
3 155.487 621.948 67585.3
5 1128.89 1128.89 68411.4
4 3274.48 13097.9 73519.7
9 577.699 3810.79 68018.4
6 1676.72 1676.72 69564.8
0 1306.72 1306.72 69370.3
3 2103.8 3603.8 70324.8
7 2344.3 9377.2 70947.1
2 1216.33 1216.33 70526.9
8 1748.63 1748.63 70921.8
9 1082.49 5829.97 70104.8
5 1306.57 6726.3 70846.8
1 2854.56 4354.56 72370.9
0 2579.63 10318.5 72199
6 2061.87 8247.49 71786
9 3325.56 3325.56 72906.2
3 2782.05 4282.05 73079.3
2 3264.31 19057.3 73309.1
5 2987.56 11950.2 73300.4
8 2744.61 10978.4 72867.4
7 3146.04 14084.2 73908.9
6 3052.07 9052.07 73552.2
0 5183.92 20735.7 75813.4
1 3627.29 14509.2 75259.3
8 3596.29 20385.2 74902
9 4210.27 16841.1 75798.9
3 4260.44 5760.44 75946.8
5 3842.77 16871.1 75574.4
2 5067.09 26268.4 76837.7
4 3597.07 3597.07 75476.4
6 3740.53 3740.53 76495.5
7 4857.73 6357.73 76992.9
8 5389.31 27557.3 77851
1 6305.39 7805.39 78738.7
4 5739.47 28957.9 78267
5 5277.42 22609.7 77598.9
9 5190.18 22260.7 77851.4
0 7097.69 34390.8 80038.4
37
2 225.118 900.472 66042.5
6 938.747 938.747 67695.2
0 425.729 425.729 67349.1
4 1370.49 1370.49 68527.4
1 191.999 767.997 67411.8
7 1146.48 6085.9 68301.8
8 1380.81 5523.24 68876.3
3 193.183 772.732 67731.6
5 788.138 2288.14 68317.2
2 446.78 446.78 68186
9 2347.58 3847.58 70637.3
0 875.738 3502.95 69843.1
3 124.968 124.968 69913.2
6 986.321 986.321 70249
1 230.718 2422.87 69658.1
7 284.259 2637.04 70503.7
2 1897.87 7591.46 72048.5
4 844.438 844.438 70902.7
5 1255.76 6523.04 71610.2
8 2490.11 8490.11 73186.8
1 1882.95 3382.95 72579.8
0 1687.52 6750.07 72815.1
3 1115.59 5962.37 72331.1
6 1130.65 10522.6 72436.3
7 2523.16 10092.7 74111.8
9 2571.6 4071.6 74258
4 1950.42 7801.66 73682
5 2306.37 9225.47 74077
2 4161.35 4161.35 76040.6
3 3366 4866 76121
6 3385.2 3385.2 75520.4
1 2045.57 8182.3 74507.2
0 2356.79 2356.79 74790.1
8 3481.9 19927.6 76009.4
4 3385.06 13540.2 75706.6
5 3468.26 15373 76129.5
7 3727.89 14911.6 76668.6
37
6 1232.92 4931.67 67105.6
8 1028.6 1028.6 67746.5
0 542.876 542.876 67167.7
2 679.002 2716.01 67653.8
7 881.576 5026.3 67649.1
1 1685.54 6742.14 68675.2
3 155.487 621.948 67585.3
5 1128.89 1128.89 68411.4
4 3274.48 13097.9 73519.7
9 577.699 3810.79 68018.4
6 2433.94 2433.94 70173.1
0 1858.99 1858.99 70148.7
3 493.996 3475.98 69461.3
2 841.831 3367.33 70382
8 2121.54 2121.54 71637.9
9 806.214 4724.86 70425.5
7 1264.46 6557.85 70988.6
5 770.767 770.767 70351.4
1 1922.15 3422.15 72219.4
3 2417.65 9670.58 72462.4
0 4037.19 22148.8 74350
6 2086 8344.01 72208.8
5 2498.23 11492.9 73261
2 1648.11 7648.11 72148.2
9 3410.51 15142 74040
7 2244.94 8979.76 73877
8 2382.69 2382.69 73689.5
2 2703.85 2703.85 74069.5
6 3447.6 13790.4 75242.9
1 3054.7 4554.7 74963.8
3 3503.61 3503.61 75599.6
5 3862.25 3862.25 76791.5
4 3349.16 3349.16 76002.9
8 3375.98 3375.98 75931.3
7 3923.64 5423.64 76644.5
9 4915.18 4915.18 77843.9
2 3037.7 12150.8 75923.9
37
6 1154.22 4616.89 66905.8
3 134.389 134.389 66153.5
0 448.876 448.876 66494.3
8 843.696 843.696 67421.7
2 364.631 364.631 67093.2
4 487.658 487.658 67373.1
1 172.698 172.698 67048.9
5 383.971 1535.88 67446
7 958.632 5334.53 68176.7
9 532.585 3630.34 67817.2
3 2177.74 8710.94 69642.8
0 1394.18 7394.18 68799.2
6 1528.9 1528.9 68979.1
1 1422 2922 69157.1
2 2469.06 2469.06 70261.8
4 1968.39 7968.39 69613.5
8 1830.11 1830.11 69718
5 1563.7 6254.79 69859.9
9 1713.11 3213.11 70210.8
7 2894.13 2894.13 71962.7
0 2037.54 2037.54 70321.9
6 2913.75 11655 71810
1 4186.36 18245.4 73033.4
4 3584.99 14339.9 72439
3 1640.81 3140.81 71624.9
8 3232.56 3232.56 72825.1
5 2326.23 3826.23 72112.1
9 2957.51 4457.51 73211.3
2 2996.53 11986.1 74230.1
0 2197.72 2197.72 73147.1
3 4186.92 16747.7 75601.2
6 2003.15 14012.6 73382.3
7 2177.2 10208.8 74339.7
5 2441.2 3941.2 74227.8
4 2551.81 2551.81 74712
8 3543.05 14172.2 76376.6
1 4989.86 6489.86 77903.6
41
2 225.118 900.472 66042.5
6 938.747 938.747 67695.2
0 425.729 425.729 67349.1
4 1370.49 1370.49 68527.4
1 191.999 767.997 67411.8
7 1146.48 6085.9 68301.8
8 1380.81 5523.24 68876.3
3 193.183 772.732 67731.6
5 788.138 2288.14 68317.2
2 474.743 474.743 68429.7
9 893.731 3574.92 68730.4
0 1820.2 1820.2 69597.2
1 1783.44 7133.76 69494.9
6 2858.83 2858.83 71226.5
3 1951.94 1951.94 70497.2
7 3205.85 14323.4 71992.4
5 2148.09 8592.35 70257
2 1637.05 7637.05 71425.3
4 858.097 858.097 70120.8
9 1077.92 5811.69 70505.3
8 1089.71 4358.83 71309.1
1 2095.2 9880.79 72245.9
0 1299.07 1299.07 71357.3
4 2462.57 9850.27 72817
5 2499.06 2499.06 73195.8
3 3239.29 4739.29 73936.1
9 2115.89 9963.56 73243.4
6 2303.98 9215.92 73519.5
8 3100.49 3100.49 74861.6
0 2803.53 8803.53 73869.6
2 2907.84 8907.84 74320.6
7 2815.92 12763.7 74178.8
1 2644.74 2644.74 74249.6
4 4523.04 4523.04 76097.6
5 4532.27 19629.1 76181.2
9 5427.04 5427.04 76776.3
6 4276.16 10276.2 75978.9
0 3929.88 21719.5 76097.5
3 4056.68 4056.68 76607.2
7 4141.11 5641.11 77174
1 5747.17 22988.7 78855.2
48
6 1154.22 4616.89 66905.8
3 134.389 134.389 66153.5
0 448.876 448.876 66494.3
8 843.696 843.696 67421.7
2 364.631 364.631 67093.2
4 487.658 487.658 67373.1
1 172.698 172.698 67048.9
5 383.971 1535.88 67446
7 958.632 5334.53 68176.7
9 532.585 3630.34 67817.2
3 2177.74 8710.94 69642.8
0 1394.18 7394.18 68799.2
6 1528.9 1528.9 68979.1
1 1422 2922 69157.1
2 2469.06 2469.06 70261.8
4 1968.39 7968.39 69613.5
8 1830.11 1830.11 69718
5 1563.7 6254.79 69859.9
9 1713.11 3213.11 70210.8
7 2894.13 2894.13 71962.7
0 2037.54 2037.54 70321.9
6 2913.75 11655 71810
1 4186.36 18245.4 73033.4
4 3584.99 14339.9 72439
3 3866.75 16967 74130.7
8 3242.34 3242.34 72829.8
5 3076.87 13807.5 72695.8
9 2367.24 2367.24 72166
2 2189.5 8757.99 72223.2
0 2121.43 8121.43 72068
6 4155.75 22623 74132.1
7 4178.54 16714.1 73928.5
0 4084.96 22339.8 74470.7
9 4285.48 5785.48 75054.6
2 5516.86 28067.5 76265.2
4 3937.72 3937.72 75698.8
5 4736.31 4736.31 75802.4
8 3181.9 9181.9 74594.7
1 4771.96 20587.8 76134.8
7 5068.84 5068.84 76673.7
3 6167.44 7667.44 77742
6 5563.6 22254.4 77212.6
0 4607.94 10607.9 75957.2
8 4555.42 10555.4 76258.1
9 7155.51 28622.1 79323.2
4 5615.27 11615.3 78165.8
5 4970.78 6470.78 78003.6
0 5537.83 28151.3 78645.8
35
2 143.405 143.405 65875.7
3 176.658 706.631 66240.9
7 1059.06 1059.06 67640.2
1 617.584 617.584 67407.6
0 312.572 312.572 66599.5
5 1452.4 5809.62 67932.5
6 947.477 3789.91 67579.7
8 1422.04 5688.16 68743.2
9 287.039 1148.16 67398.1
4 672.708 672.708 68033.8
2 242.256 242.256 67981.4
0 1716.94 1716.94 70006.7
9 345.878 2883.51 69313.2
6 1104.78 1104.78 70573.7
2 489.381 489.381 70160.2
4 1185.9 1185.9 70745.7
3 755.004 2255 71304.6
7 712.807 2212.81 71325
1 279.285 279.285 70689
5 1702.92 8311.69 71749.2
8 1855.4 1855.4 72225.8
9 747.746 4490.99 71070.3
0 1952.16 1952.16 72308
2 2841.48 11365.9 73880.8
6 3115.67 3115.67 76732.1
1 2608.03 4108.03 74098.8
4 1166.38 7166.38 72750.3
9 1019.41 1019.41 72884
3 1647.43 8089.72 73580.3
7 1969.44 9377.76 73563.7
5 1576.86 3076.86 73631.4
8 2526.38 2526.38 74639
0 2437.98 15751.9 75221.3
4 3290.01 13160.1 76141.6
9 2162.01 3662.01 74829.3
42
6 1232.92 4931.67 67105.6
8 1028.6 1028.6 67746.5
0 542.876 542.876 67167.7
2 679.002 2716.01 67653.8
7 881.576 5026.3 67649.1
1 1685.54 6742.14 68675.2
3 155.487 621.948 67585.3
5 1128.89 1128.89 68411.4
4 3274.48 13097.9 73519.7
9 577.699 3810.79 68018.4
6 1728.7 1728.7 69178.9
0 1540.8 1540.8 69275.9
3 3263.4 4763.4 71056.1
7 1504.18 1504.18 69149.2
2 1856.21 1856.21 69744.1
8 3552.7 20210.8 71848.9
9 1914.3 3414.3 70412
5 2449.89 2449.89 71518.4
1 4200.3 5700.3 72484.6
7 3642.61 16070.4 72538.8
6 4040.23 16160.9 72887.3
0 2476.7 9906.81 71330.7
2 3189.94 12759.8 73453.9
9 3338.56 4838.56 72926
3 3818.99 16775.9 73437.9
0 4220.58 10220.6 74019.4
5 4215.61 18362.4 74249.3
8 3907.14 9907.14 73853.8
1 5274.4 21097.6 75250.7
7 5027.12 20108.5 74777.1
6 7320.97 35283.9 77706.7
9 6493.4 7993.4 77262.5
3 6048.26 24193 76796.6
2 4826.37 10826.4 76410.3
4 4045.85 10045.8 75910.4
8 4179.02 16716.1 76111.9
0 4663.86 18655.5 76258.1
5 5960.58 7460.58 78015.2
7 4914.19 6414.19 77026.8
1 6112.59 24450.4 78895.9
4 5795.55 23182.2 78647.2
8 5736.82 5736.82 78404.1
43
2 143.405 143.405 65875.7
3 176.658 706.631 66240.9
7 1059.06 1059.06 67640.2
1 617.584 617.584 67407.6
0 312.572 312.572 66599.5
5 1452.4 5809.62 67932.5
6 947.477 3789.91 67579.7
8 1422.04 5688.16 68743.2
9 287.039 1148.16 67398.1
4 672.708 672.708 68033.8
2 701.85 701.85 68589.9
3 883.983 2383.98 68947.5
0 787.172 787.172 69008.1
9 734.525 2938.1 69337.3
1 1233.41 2733.41 70544
6 1618.81 1618.81 70792
7 1375.72 7002.87 70398
5 312.366 1812.37 69781.3
4 1060.81 1060.81 70731.6
2 1543.96 1543.96 71103.7
8 1803.12 1803.12 72352.7
3 1049 2549 71661.2
0 669.632 6669.63 71079.3
9 867.559 4970.24 70913.8
5 2013.15 3513.15 72383.6
7 2066.83 9767.32 72389.4
1 2381.73 3881.73 72737.6
4 3412.91 13651.6 74452.2
6 4073.69 4073.69 77690.1
9 2205.24 3705.24 73696
0 2870.69 2870.69 74631.8
2 1573.83 7573.83 72639.9
3 3462.79 3462.79 74875.6
8 2701.58 10806.3 74064.4
5 4257.3 4257.3 75862.2
7 4606.92 6106.92 76181.5
2 4327.11 17308.4 75976.1
1 4284.04 4284.04 75633.3
9 4452.67 4452.67 76155.4
8 4624.74 24498.9 76792.4
4 5221.08 11221.1 77771.6
0 4594.14 4594.14 77627
3 4021.07 16084.3 77129.1
32
6 1232.92 4931.67 67105.6
8 1028.6 1028.6 67746.5
0 542.876 542.876 67167.7
2 679.002 2716.01 67653.8
7 881.576 5026.3 67649.1
1 1685.54 6742.14 68675.2
3 155.487 621.948 67585.3
5 1128.89 1128.89 68411.4
4 3274.48 13097.9 73519.7
9 577.699 3810.79 68018.4
6 2433.94 2433.94 70173.1
0 1858.99 1858.99 70148.7
3 493.996 3475.98 69461.3
2 407.029 407.029 69876
8 2200.16 2200.16 71871
9 722.233 2222.23 70282
5 426.546 1926.55 70976.1
7 739.547 2239.55 71351.7
1 582.851 582.851 70992.5
3 1531.72 7626.87 71578
2 2107.81 2107.81 72478.2
0 3139.66 12558.7 73462.2
6 2079.36 2079.36 72435.2
9 3500.93 15503.7 74540.2
5 3518.1 5018.1 77134.5
1 2911.59 4411.59 74402.3
7 2568.03 10272.1 73947.2
3 1831.17 8824.67 73993.7
8 2200.1 2200.1 73986.7
6 3405.25 3405.25 75565.5
2 2376.8 9507.2 75210.3
0 2993.95 2993.95 75907.7
45
2 143.405 143.405 65875.7
3 176.658 706.631 66240.9
7 1059.06 1059.06 67640.2
1 617.584 617.584 67407.6
0 312.572 312.572 66599.5
5 1452.4 5809.62 67932.5
6 947.477 3789.91 67579.7
8 1422.04 5688.16 68743.2
9 287.039 1148.16 67398.1
4 672.708 672.708 68033.8
2 533.584 533.584 68488.6
3 421.391 1685.57 68258.1
0 514.576 514.576 68291.6
9 2432.66 9730.63 70144.1
1 1845.27 3345.27 70212.9
6 2265.76 8265.76 70811.1
7 2529.33 11617.3 71315.9
5 2147.11 8588.46 70256
4 510.429 510.429 69979.4
3 764.889 2264.89 70435.7
0 820.238 820.238 70380
2 408.163 408.163 70957.8
8 1647.32 1647.32 72259.5
4 1640.85 7640.85 72050.5
9 3246.02 14484.1 73292.3
1 2444.79 3944.79 72815.2
5 2241.25 10465 72563.8
0 2827.56 2827.56 73183.4
3 3116.99 13967.9 74156.3
6 3353.03 3353.03 76969.4
2 2118.51 2118.51 73609.3
7 2044.78 8179.12 73350.5
4 4070.04 22280.2 75658.7
8 3440.59 3440.59 75126.9
5 3106.18 13924.7 74837.8
1 3357.87 13431.5 75128.5
0 4621.09 4621.09 76500.4
9 3248.16 4748.16 76003.2
7 4299.33 5799.33 76434.5
2 4096.61 22386.4 76558.3
3 3583.53 5083.53 76016.8
5 5100.88 20403.5 77628.4
8 4958.2 19832.8 77279.7
1 4519.76 19579.1 77181
4 5274.76 27099.1 78215.5
42
2 143.405 143.405 65875.7
3 176.658 706.631 66240.9
7 1059.06 1059.06 67640.2
1 617.584 617.584 67407.6
0 312.572 312.572 66599.5
5 1452.4 5809.62 67932.5
6 947.477 3789.91 67579.7
8 1422.04 5688.16 68743.2
9 287.039 1148.16 67398.1
4 672.708 672.708 68033.8
2 144.165 144.165 67770.3
3 1794.82 3294.82 69890.8
0 792.113 792.113 68697.3
9 3165.91 3165.91 71541.2
1 646.733 2586.93 69365.9
6 2440.12 2440.12 71053.3
7 2079.28 2079.28 70967.7
2 332.231 7328.93 69314.1
5 1459.88 7339.52 71000.1
4 956.555 956.555 70472.9
0 886.662 3546.65 70506
8 2630.84 10523.4 72354.9
2 2534.9 8534.9 72115.5
1 1823.14 3323.14 72120.4
3 1993.51 7974.06 72038.3
4 2613.71 16454.9 72926.5
0 2654.05 10616.2 72776.8
7 3459.23 15336.9 74222
5 2266.16 2266.16 72766.3
6 3514.62 14058.5 74144.1
9 5201.33 20805.3 76833.4
3 4530.58 6030.58 75837.4
2 3698.89 3698.89 75064.5
1 3912.64 17150.5 75707.9
8 4171.18 4171.18 76080.3
5 2557.69 2557.69 74653.7
0 2646.04 8646.04 75575.2
4 2456.29 2456.29 75110.1
6 3905.88 3905.88 76461.2
7 4791.51 6291.51 77512.4
5 4266.24 4266.24 77194.9
2 4032.73 16130.9 76918.9
41
6 1154.22 4616.89 66905.8
3 134.389 134.389 66153.5
0 448.876 448.876 66494.3
8 843.696 843.696 67421.7
2 364.631 364.631 67093.2
4 487.658 487.658 67373.1
1 172.698 172.698 67048.9
5 383.971 1535.88 67446
7 958.632 5334.53 68176.7
9 532.585 3630.34 67817.2
3 2177.74 8710.94 69642.8
0 1394.18 7394.18 68799.2
6 1476.92 1476.92 69365
1 1187.91 2687.91 69251.4
2 1105.46 1105.46 69326.4
4 1041.87 10167.5 69644.6
8 1873.07 1873.07 71183.7
5 198.394 1698.39 69371.6
9 881.297 5025.19 69903.6
7 1565.59 7762.35 71829.5
0 754.689 754.689 70342.2
1 2031.32 9625.26 71650.2
2 1177.23 7177.23 70976
6 2062.18 8248.73 72095.9
5 1648.58 1648.58 71595.2
3 2547.99 10192 72524.3
4 2672.55 16690.2 72422.5
9 1508.07 6032.29 71893.8
0 3909.52 3909.52 74678.7
2 3586.4 20345.6 74334.7
8 2626.77 2626.77 73933.6
5 2150.84 3650.84 73516.5
1 3442.43 15269.7 75237.7
7 3402.91 4902.91 75312
9 2279.45 2279.45 74375.5
6 3483.01 9483.01 76412.2
4 2878.66 2878.66 75532.4
3 1985.92 3485.92 74541.3
5 3059.44 4559.44 75780.3
8 3066.27 9066.27 75995
2 3212.08 12848.3 76098.3
33
2 225.118 900.472 66042.5
6 938.747 938.747 67695.2
0 425.729 425.729 67349.1
4 1370.49 1370.49 68527.4
1 191.999 767.997 67411.8
7 1146.48 6085.9 68301.8
8 1380.81 5523.24 68876.3
3 193.183 772.732 67731.6
5 788.138 2288.14 68317.2
2 474.743 474.743 68429.7
9 893.731 3574.92 68730.4
0 1820.2 1820.2 69597.2
1 1783.44 7133.76 69494.9
6 2858.83 2858.83 71226.5
3 1951.94 1951.94 70497.2
7 3205.85 14323.4 71992.4
5 2148.09 8592.35 70257
2 1928.22 1928.22 71912.3
4 2041.96 2041.96 71634.5
9 804.257 2304.26 70590.1
8 2816.88 2816.88 73070.7
1 1442.39 7269.54 72676
0 950.593 950.593 71900
5 974.328 3897.31 72388.6
3 2359.09 2359.09 73943
9 539.242 539.242 72403.8
6 1569.32 6277.3 73502.2
4 2101.17 8404.67 73695.4
0 2861.95 2861.95 74916.5
2 3094.11 3094.11 75206.7
7 2854.28 11417.1 75637.6
5 1542.53 7670.13 74394.1
9 1681.84 3181.84 74349.2
41
2 225.118 900.472 66042.5
6 938.747 938.747 67695.2
0 425.729 425.729 67349.1
4 1370.49 1370.49 68527.4
1 191.999 767.997 67411.8
7 1146.48 6085.9 68301.8
8 1380.81 5523.24 68876.3
3 193.183 772.732 67731.6
5 788.138 2288.14 68317.2
2 474.743 474.743 68429.7
9 893.731 3574.92 68730.4
0 1820.2 1820.2 69597.2
1 1783.44 7133.76 69494.9
6 2858.83 2858.83 71226.5
3 1951.94 1951.94 70497.2
7 3205.85 14323.4 71992.4
5 2148.09 8592.35 70257
2 1324.95 5299.81 70865.1
4 1996.63 1996.63 71513
9 1412.29 7149.14 71031.6
8 2763.93 11055.7 72488
1 1455.54 1455.54 71036.2
0 1889.32 1889.32 72186.6
5 2944.86 11779.5 72989.6
3 3665.79 14663.2 73978.6
2 2778.02 11112.1 72900.8
9 3230.59 14422.4 73993.4
1 3296.57 3296.57 73796.7
6 2877.47 11509.9 73506.9
4 2769.36 17077.5 74401.4
7 3197.91 4697.91 74504.7
0 3769.95 3769.95 75135.6
8 3247.34 12989.3 75042.6
2 4474.2 4474.2 76383.3
5 4030.83 4030.83 76126.8
6 4894.07 10894.1 77823.3
1 3326.45 4826.45 75980.2
3 3665.09 5165.09 76220.4
9 4562.87 6062.87 77283.7
4 4013.93 10013.9 76942.6
7 3472.91 15391.6 76359.1
28
2 225.118 900.472 66042.5
6 938.747 938.747 67695.2
0 425.729 425.729 67349.1
4 1370.49 1370.49 68527.4
1 191.999 767.997 67411.8
7 1146.48 6085.9 68301.8
8 1380.81 5523.24 68876.3
3 193.183 772.732 67731.6
5 788.138 2288.14 68317.2
2 446.78 446.78 68186
9 2347.58 3847.58 70637.3
0 875.738 3502.95 69843.1
6 186.1 186.1 70170.1
2 717.961 717.961 70310.5
1 672.751 2172.75 70458.6
4 1814.24 1814.24 72068.1
5 638.01 4052.04 71871.6
8 1110.38 1110.38 72059.8
7 581.674 2326.7 71996
3 408.799 408.799 71992.7
0 138.078 6138.08 72002.7
6 2053.99 8215.97 73986.8
2 777.171 3108.69 72371.4
1 443.167 1943.17 72497.7
9 1341.09 2841.09 73453.7
5 2733.46 10933.8 75516.8
3 2532.44 11629.7 75384.1
7 1620.96 3120.96 74288.3
38
2 143.405 143.405 65875.7
3 176.658 706.631 66240.9
7 1059.06 1059.06 67640.2
1 617.584 617.584 67407.6
0 312.572 312.572 66599.5
5 1452.4 5809.62 67932.5
6 947.477 3789.91 67579.7
8 1422.04 5688.16 68743.2
9 287.039 1148.16 67398.1
4 672.708 672.708 68033.8
2 701.85 701.85 68589.9
3 883.983 2383.98 68947.5
0 787.172 787.172 69008.1
9 734.525 2938.1 69337.3
1 1233.41 2733.41 70544
6 1618.81 1618.81 70792
7 1375.72 7002.87 70398
4 1660.06 1660.06 71644.1
5 1682.27 3182.27 71274.8
2 959.974 959.974 70745.8
8 2683.8 2683.8 72937.6
9 662.757 4151.03 71896.3
0 324.519 324.519 71273.9
3 801.894 3207.58 72216.2
7 1869.21 7476.82 73174.9
1 1528.34 6113.35 73117
2 970.177 970.177 72656.5
6 1839.76 7359.03 73571.4
0 2330.48 15321.9 74101.1
5 1210.1 2710.1 73089.4
4 4221.12 4221.12 76976.1
9 2256.34 3756.34 74391.5
3 2703.56 10814.2 75165.2
2 3946.65 3946.65 76379.9
8 3232.72 18930.9 75760.2
5 2792.44 12669.7 75114
1 2508.25 11533 75169.5
7 3805.89 15223.6 76746.6
38
2 225.118 900.472 66042.5
6 938.747 938.747 67695.2
0 425.729 425.729 67349.1
4 1370.49 1370.49 68527.4
1 191.999 767.997 67411.8
7 1146.48 6085.9 68301.8
8 1380.81 5523.24 68876.3
3 193.183 772.732 67731.6
5 788.138 2288.14 68317.2
2 446.78 446.78 68186
9 2347.58 3847.58 70637.3
0 875.738 3502.95 69843.1
6 1104.78 1104.78 70573.7
3 302.666 1802.67 69973.5
1 1185.9 2685.9 70745.7
2 198.802 198.802 70748.4
4 747.869 747.869 71360
7 279.285 279.285 70689
5 737.255 4449.02 70783.5
8 1895.75 1895.75 72266.2
0 1277.61 5110.42 71600.1
3 1879.73 3379.73 72235.6
6 2289.82 9159.28 73329.1
9 2389.59 3889.59 76006
7 2608.03 4108.03 74098.8
1 1940.07 3440.07 73701.2
2 2788.92 8788.92 73855
5 1135.61 1135.61 72548.4
4 1708.9 6835.61 73071.8
0 3734.6 9734.6 75339.5
3 3534.24 5034.24 75108.8
8 3697.69 14790.8 75346.6
5 3116.36 3116.36 74465.6
4 3828.45 9828.45 75531.2
6 5429.98 27719.9 77597.6
1 3617.62 3617.62 76168.2
2 3023.39 3023.39 76056.2
7 4055.83 16223.3 77163.8
36
2 225.118 900.472 66042.5
6 938.747 938.747 67695.2
0 425.729 425.729 67349.1
4 1370.49 1370.49 68527.4
1 191.999 767.997 67411.8
7 1146.48 6085.9 68301.8
8 1380.81 5523.24 68876.3
3 193.183 772.732 67731.6
5 788.138 2288.14 68317.2
2 446.78 446.78 68186
9 2347.58 3847.58 70637.3
0 875.738 3502.95 69843.1
3 124.968 124.968 69913.2
6 986.321 986.321 70249
1 230.718 2422.87 69658.1
7 284.259 2637.04 70503.7
2 1897.87 7591.46 72048.5
4 844.438 844.438 70902.7
5 1255.76 6523.04 71610.2
8 2490.11 8490.11 73186.8
1 1882.95 3382.95 72579.8
0 1687.52 6750.07 72815.1
3 1115.59 5962.37 72331.1
6 1452.11 1452.11 73213.2
7 3260.9 3260.9 74327
9 3163.2 3163.2 74576
4 1726.17 6904.68 73089
5 3355.15 3355.15 74960
2 2560.56 2560.56 74135.1
3 3362.54 14950.2 75011.5
1 2717 2717 74066.2
0 4219.97 10220 75922.7
4 3649.33 20597.3 75817
8 3307.37 9307.37 75857.9
6 3175.55 3175.55 76208.4
1 3646.89 14587.6 76754.9
47
2 225.118 900.472 66042.5
6 938.747 938.747 67695.2
0 425.729 425.729 67349.1
4 1370.49 1370.49 68527.4
1 191.999 767.997 67411.8
7 1146.48 6085.9 68301.8
8 1380.81 5523.24 68876.3
3 193.183 772.732 67731.6
5 788.138 2288.14 68317.2
9 1557.03 3057.03 69007.2
2 463.537 463.537 68198.7
0 2610.59 2610.59 70403.3
1 1712.94 1712.94 69358
6 2103.62 2103.62 69991.6
3 1479.76 5919.03 69776
2 2094.58 2094.58 70592.2
7 3062.83 3062.83 72131.4
5 2096.89 3596.89 70381.2
4 3020.81 12083.2 71917
8 2216.93 8867.72 71064
9 2244.73 10478.9 71098.7
1 1722.92 3222.92 71191.8
3 2124.21 3624.21 71795
6 3547.33 3547.33 73107.1
5 2604.25 4104.25 73153.8
0 3307.44 3307.44 73919.6
2 2952.21 8952.21 73361.9
8 5647.13 22588.5 75693.4
9 2678.58 4178.58 73049
1 3537.16 15648.7 73859.7
3 3701.27 5201.27 74057.1
4 4598.32 18393.3 75637.6
7 5413.06 6913.06 79029.5
9 3765.91 5265.91 75256.7
6 4301.5 4301.5 76062.6
5 5194.37 5194.37 76260.5
2 5887.81 11887.8 77300.6
1 4828.78 20815.1 76191.7
0 5059.96 11060 76664.9
3 5355.78 6855.78 76930.3
9 6288.12 26652.5 77937.1
4 8580.93 14580.9 79930.2
8 6063.38 12063.4 77766.1
6 6622.92 32491.7 78790.6
1 6108.08 6108.08 78658.6
5 5428.84 6928.84 78461.7
0 8162.4 38649.6 81270.4
38
2 225.118 900.472 66042.5
6 938.747 938.747 67695.2
0 425.729 425.729 67349.1
4 1370.49 1370.49 68527.4
1 191.999 767.997 67411.8
7 1146.48 6085.9 68301.8
8 1380.81 5523.24 68876.3
3 193.183 772.732 67731.6
5 788.138 2288.14 68317.2
2 196.202 196.202 68084.3
9 693.097 2193.1 68756.6
0 1120.44 1120.44 69341.4
1 1584.46 6337.83 70187.2
6 2035.2 2035.2 71345.8
3 932.38 2432.38 70105.6
2 1576.58 6306.33 70598.9
7 1829.16 8816.63 71369.3
5 753.589 2253.59 70269.9
4 2238.68 8954.7 71858
9 1742.23 8468.92 71466.3
8 1627.14 7627.14 71207.8
0 1798.69 1798.69 72096
3 2793.45 11173.8 72838.2
1 1790.57 7162.29 72103.4
5 2182.83 10231.3 72305.6
2 2797.89 11191.6 73560.7
8 3468.17 9468.17 73968.3
6 3299.79 13199.2 73929.3
7 2625.71 10502.9 74257.8
9 2315.3 2315.3 73899.3
4 2209.61 8209.61 74074.2
0 2438.82 9755.27 74371.7
1 2029.59 9618.37 73623.8
5 2630.95 4130.95 74685.5
3 3314.72 4814.72 75427.4
2 3690.68 20762.7 76474
1 3733.67 16434.7 76585.3
9 3217.23 4717.23 75884.5
31
2 143.405 143.405 65875.7
3 176.658 706.631 66240.9
7 1059.06 1059.06 67640.2
1 617.584 617.584 67407.6
0 312.572 312.572 66599.5
5 1452.4 5809.62 67932.5
6 947.477 3789.91 67579.7
8 1422.04 5688.16 68743.2
9 287.039 1148.16 67398.1
4 672.708 672.708 68033.8
2 533.584 533.584 68488.6
3 421.391 1685.57 68258.1
0 514.576 514.576 68291.6
9 2432.66 9730.63 70144.1
1 1845.27 3345.27 70212.9
6 2265.76 8265.76 70811.1
7 2529.33 11617.3 71315.9
5 2147.11 8588.46 70256
4 1660.06 1660.06 71644.1
3 745.438 2245.44 70338
0 365.447 365.447 70151.3
2 1377.11 1377.11 71630.9
8 2145.71 8582.85 73379.3
9 1033.54 2533.54 71983
0 983.972 9935.89 72398.3
1 1429.24 5716.97 72808.4
5 625.73 4002.92 72788.3
3 170.776 1670.78 71957.4
6 1781.11 1781.11 73941.3
7 1214.47 6357.88 74048
2 732.672 732.672 73646.4
46
6 1154.22 4616.89 66905.8
3 134.389 134.389 66153.5
0 448.876 448.876 66494.3
8 843.696 843.696 67421.7
2 364.631 364.631 67093.2
4 487.658 487.658 67373.1
1 172.698 172.698 67048.9
5 383.971 1535.88 67446
7 958.632 5334.53 68176.7
9 532.585 3630.34 67817.2
3 2177.74 8710.94 69642.8
0 1394.18 7394.18 68799.2
6 1476.92 1476.92 69365
1 1187.91 2687.91 69251.4
2 1105.46 1105.46 69326.4
4 1041.87 10167.5 69644.6
8 1873.07 1873.07 71183.7
5 198.394 1698.39 69371.6
9 881.297 5025.19 69903.6
7 1494.77 7479.09 71035
0 1027.46 1027.46 70543.8
1 2460.82 11343.3 72080.1
2 2460.91 9843.64 72185
6 1724.42 7724.42 71305.1
5 1121.78 2621.78 71419.1
3 1745.52 6982.09 71790.3
4 1247.99 10992 71560.8
9 2051.68 9706.74 72174.5
0 2284.65 9138.6 73047.5
7 2301.05 2301.05 72801.2
8 3137.66 12550.6 73767.1
6 3423.81 19695.2 75055.8
5 2300.74 9202.97 73606.4
4 1833.43 13333.7 73422.1
3 3724.58 5224.58 75410.9
1 2153.75 10115 73885.4
9 2717.16 10868.6 74487.8
2 2596 2596 74475.3
7 2989.51 4489.51 75744.5
0 3996.34 3996.34 76131.5
4 2881.71 17526.8 75343.4
5 3915.94 5415.94 76349.2
8 4068.11 22272.4 76595.6
1 3588.39 15853.6 75909.9
2 3590.82 14363.3 76252.1
9 4103.87 16415.5 77044.6
44
6 1154.22 4616.89 66905.8
3 134.389 134.389 66153.5
0 448.876 448.876 66494.3
8 843.696 843.696 67421.7
2 364.631 364.631 67093.2
4 487.658 487.658 67373.1
1 172.698 172.698 67048.9
5 383.971 1535.88 67446
7 958.632 5334.53 68176.7
9 532.585 3630.34 67817.2
3 2177.74 8710.94 69642.8
0 1394.18 7394.18 68799.2
6 2015.82 2015.82 69970.8
1 1207.55 4830.19 69044.2
2 1008.22 1008.22 68785.2
4 1943.44 13773.7 69654.9
8 2585.32 2585.32 70953
5 1134.62 1134.62 69679.9
9 1889.74 9058.95 70676.3
7 2686.36 10745.4 70795.3
2 1325.42 5301.68 70865.6
0 1027.46 1027.46 70543.8
1 1726.1 8404.41 71345.4
3 3530.41 15621.6 73254.5
4 1615.54 7615.54 71196.2
5 2137.22 3637.22 72434.5
6 2658.69 16634.8 72703.4
0 2684.61 16738.5 72997.4
9 2499.09 11496.4 72621.9
7 2854.58 12918.3 73617.4
2 2131.7 8131.7 72631.8
8 2603.96 10415.8 73233.4
4 3314.92 19259.7 74947
1 1780.66 3280.66 73087.5
5 4017.85 5517.85 75383.5
9 3860.69 16942.7 75656
2 4448.04 4448.04 76357.1
6 3744.65 9744.65 75840.7
0 2816.46 8816.46 75745.7
1 2617.24 4117.24 75271
8 2995.22 2995.22 75550.6
3 2797.46 4297.46 75518.3
7 3782.85 3782.85 76711.5
4 4348.37 17393.5 77234.6
44
2 143.405 143.405 65729.7
4 856.912 3427.65 66625.7
0 411.215 1644.86 66124.6
1 438.331 1938.33 66418.1
3 279.391 1117.57 66679.3
7 1103.01 5912.02 67460.6
6 784.172 784.172 67299.1
5 494.955 494.955 67021.4
9 605.083 605.083 67332
8 2652.63 8652.63 69559.1
2 2229.2 2229.2 69247
0 2202.99 2202.99 69624.6
1 1709.06 6836.23 69218.6
4 1839.16 1839.16 69458.5
3 1412.96 2912.96 69367.9
5 1201.91 4807.64 69038.6
6 2813.9 2813.9 70590.9
9 1902.38 7609.51 69613.8
7 1898.3 3398.3 70266
5 2727.27 2727.27 71272.6
1 4905.26 21121.1 73691.8
2 4251.72 23006.9 72360.6
3 2097.88 9891.51 72361.8
4 2385.09 2385.09 71972.6
8 1885.07 7540.27 71504
9 1464.64 1464.64 71263.5
0 1552.33 6209.31 71586
7 3102.78 3102.78 73049.4
6 2936.7 17746.8 72913
9 2827.4 11309.6 72577.3
5 4297.97 17191.9 74683.7
8 3623.41 3623.41 74392.6
0 4879.69 25518.8 75628
4 2407.81 2407.81 73714.6
2 3441.73 3441.73 74807.4
3 3600.61 15902.5 75395.9
9 3412.59 4912.59 75321.7
6 2435.03 8435.03 74531
7 2868.45 2868.45 75797.6
1 3473.8 4973.8 76127.6
4 3401.1 3401.1 75956.4
8 6402.67 6402.67 79123.5
6 4143.58 10143.6 77072.3
5 3885.22 17040.9 76771.4
44
6 1154.22 4616.89 66905.8
3 134.389 134.389 66153.5
0 448.876 448.876 66494.3
8 843.696 843.696 67421.7
2 364.631 364.631 67093.2
4 487.658 487.658 67373.1
1 172.698 172.698 67048.9
5 383.971 1535.88 67446
7 958.632 5334.53 68176.7
9 532.585 3630.34 67817.2
3 2177.74 8710.94 69642.8
0 1394.18 7394.18 68799.2
6 2015.82 2015.82 69970.8
1 1207.55 4830.19 69044.2
2 1008.22 1008.22 68785.2
4 1943.44 13773.7 69654.9
8 2585.32 2585.32 70953
5 1134.62 1134.62 69679.9
9 1889.74 9058.95 70676.3
7 2686.36 10745.4 70795.3
2 1362.94 5451.77 71626.9
0 754.689 754.689 70342.2
1 1721.35 8385.41 71340.3
3 2273.82 2273.82 72072.6
4 1612.4 6449.62 71646.1
5 2516.76 2516.76 72463.4
6 1767.13 13068.5 71743.4
0 3370.09 19480.4 73120
9 3221.54 12886.2 73607.3
7 3652.88 5152.88 74422
8 3563.33 20253.3 74311.6
1 2543.39 4043.39 74304.5
2 3073.12 9073.12 74139.2
4 4172.01 10172 75584.8
6 2566.96 10267.8 73929.8
3 3213 3213 74817.9
5 4680.95 6180.95 76255.5
0 4151.48 16605.9 75800.4
9 3744.53 3744.53 75093.8
6 4686.51 10686.5 76389.2
2 4199.46 22797.9 76367.1
1 4220.94 4220.94 76771.5
8 3480.01 3480.01 76512.9
7 5919.56 23678.2 79027.5
38
6 1154.22 4616.89 66905.8
3 134.389 134.389 66153.5
0 448.876 448.876 66494.3
8 843.696 843.696 67421.7
2 364.631 364.631 67093.2
4 487.658 487.658 67373.1
1 172.698 172.698 67048.9
5 383.971 1535.88 67446
7 958.632 5334.53 68176.7
9 532.585 3630.34 67817.2
3 2177.74 8710.94 69642.8
0 1394.18 7394.18 68799.2
6 1476.92 1476.92 69365
1 1187.91 2687.91 69251.4
2 1105.46 1105.46 69326.4
4 1041.87 10167.5 69644.6
8 1873.07 1873.07 71183.7
5 198.394 1698.39 69371.6
9 881.297 5025.19 69903.6
7 1152.1 2652.1 70621
0 996.072 996.072 70666.9
1 2440.53 3940.53 72000.3
2 1648 1648 72197.6
6 1203.49 1203.49 71815.6
5 1731.56 1731.56 72141.3
3 3455.69 15322.7 73502
4 1555.71 1555.71 71926.1
9 1572.41 7789.64 71894.9
7 1862.86 3362.86 72218.7
0 3348.17 13392.7 74387.4
8 4121.25 4121.25 77737.6
6 2976.4 2976.4 74467.2
9 2088.1 8352.4 73467.3
4 2140.64 8562.58 74303.2
1 1790.89 3290.89 73577.5
5 3838.64 5338.64 75998.8
2 1357.8 5431.2 74191.3
7 2762.61 4262.61 75676.4
46
2 143.405 143.405 65729.7
4 856.912 3427.65 66625.7
0 411.215 1644.86 66124.6
1 438.331 1938.33 66418.1
3 279.391 1117.57 66679.3
7 1103.01 5912.02 67460.6
6 784.172 784.172 67299.1
5 494.955 494.955 67021.4
9 605.083 605.083 67332
8 2652.63 8652.63 69559.1
2 2229.2 2229.2 69247
0 2202.99 2202.99 69624.6
1 1709.06 6836.23 69218.6
4 1839.16 1839.16 69458.5
3 992.622 2492.62 68618.8
5 2421.64 3921.64 70517.6
6 3237 3237 71142.2
9 2704.77 2704.77 71080
7 699.764 2799.06 69418.9
3 1752.23 3252.23 70365.4
1 4354.1 4354.1 73242.5
2 4093.27 22373.1 73075.2
7 1783.81 3283.81 71252.7
4 2485.51 2485.51 72156.3
8 2513.11 2513.11 72072.9
0 2684.54 2684.54 73234.1
3 1988.7 3488.7 72600.9
5 2425.28 2425.28 72835
9 5663.18 24152.7 75709.5
6 3053.3 3053.3 73423.7
7 3598.05 15892.2 73920.6
8 4520.43 4520.43 74876.3
4 4837.61 19350.4 75876.9
3 5142.83 6642.83 78759.2
5 4754.02 6254.02 76244.8
2 3510.43 3510.43 74817.2
0 4817.47 4817.47 76183.1
1 4171.67 18186.7 75967
6 4997.1 4997.1 76906.2
7 3712 3712 75808
2 4636.27 10636.3 77565.5
8 5332.44 5332.44 77986.2
9 5936.66 7436.66 78492
7 5854.68 7354.68 78575.5
4 7522.64 13522.6 80451.3
1 4935.18 21240.7 77821.4
47
2 143.405 143.405 65729.7
4 856.912 3427.65 66625.7
0 411.215 1644.86 66124.6
1 438.331 1938.33 66418.1
3 279.391 1117.57 66679.3
7 1103.01 5912.02 67460.6
6 784.172 784.172 67299.1
5 494.955 494.955 67021.4
9 605.083 605.083 67332
8 2652.63 8652.63 69559.1
2 2229.2 2229.2 69247
0 2202.99 2202.99 69624.6
1 1709.06 6836.23 69218.6
4 1839.16 1839.16 69458.5
3 992.622 2492.62 68618.8
5 2421.64 3921.64 70517.6
6 3237 3237 71142.2
9 2704.77 2704.77 71080
7 699.764 2799.06 69418.9
3 1752.23 3252.23 70365.4
1 4354.1 4354.1 73242.5
2 4093.27 22373.1 73075.2
7 2955.78 2955.78 72744.1
4 2138.47 2138.47 71401.1
8 1698.46 6793.84 71125.8
0 1838.04 7352.16 72057.5
3 3771.24 16585 73921.9
5 3575.9 5075.9 73634.1
9 4097.91 17891.6 74452.4
8 3367.92 9367.92 74064.6
6 2394.63 2394.63 73091.5
4 2300.8 9203.19 73428.3
0 3847.32 15389.3 75062.8
7 3955.39 15821.6 75261.1
2 3227.9 18911.6 74816.5
6 3660.95 3660.95 75347.3
1 4001.44 17505.8 75733
4 5186.36 26745.4 76957
5 4547.7 6047.7 76427
3 5738.44 7238.44 78493.4
8 3857.26 3857.26 75992.4
9 4533.12 18132.5 76994.8
2 6106.65 6106.65 78539.9
0 4584.33 24337.3 77111.9
7 5841.55 24866.2 78163.1
6 4738.58 18954.3 77399.8
1 4902.65 19610.6 77843.4
46
2 143.405 143.405 65729.7
4 856.912 3427.65 66625.7
0 411.215 1644.86 66124.6
1 438.331 1938.33 66418.1
3 279.391 1117.57 66679.3
7 1103.01 5912.02 67460.6
6 784.172 784.172 67299.1
5 494.955 494.955 67021.4
9 605.083 605.083 67332
8 2652.63 8652.63 69559.1
2 2229.2 2229.2 69247
0 2202.99 2202.99 69624.6
1 1709.06 6836.23 69218.6
4 1839.16 1839.16 69458.5
3 2012.99 3512.99 69463.1
5 1160.09 2660.09 68895.2
6 1347.88 1347.88 69140.6
9 1927.33 1927.33 69572.4
7 1186.58 2686.58 69074.5
5 3012.97 12051.9 71309.2
7 3681.3 5181.3 72179
6 4682.51 10682.5 73751
1 4743.73 6243.73 73028.1
2 4444.49 17777.9 73340.7
4 4319.85 17279.4 73166.9
3 2700.68 12302.7 71554.7
8 2289.02 9156.06 72552.9
9 3096.69 4596.69 72684.2
0 2387.47 9549.89 72006.4
5 4274.76 4274.76 74073.6
3 4991.55 21466.2 75025.3
0 4843.21 10843.2 74789.8
7 3975.27 15901.1 73951.6
8 4768.81 25075.2 74518.8
9 4288.63 17154.5 74674.4
1 6595.42 8095.42 77364.6
4 7227.16 34908.6 77975.5
2 4189.69 10189.7 75773.6
6 4033.65 10033.6 75898.2
7 4049.87 17699.5 75982.7
5 4718.04 20372.2 76312.3
8 5480.68 5480.68 77535.2
9 4717.65 6217.65 76830.3
0 5807.35 29229.4 78590.7
3 4406.87 19127.5 77258.5
2 5091.62 5091.62 77758.9
46
2 143.405 143.405 65729.7
4 856.912 3427.65 66625.7
0 411.215 1644.86 66124.6
1 438.331 1938.33 66418.1
3 279.391 1117.57 66679.3
7 1103.01 5912.02 67460.6
6 784.172 784.172 67299.1
5 494.955 494.955 67021.4
9 605.083 605.083 67332
8 2652.63 8652.63 69559.1
2 2229.2 2229.2 69247
0 2202.99 2202.99 69624.6
1 1709.06 6836.23 69218.6
4 1839.16 1839.16 69458.5
3 992.622 2492.62 68618.8
5 2421.64 3921.64 70517.6
6 3237 3237 71142.2
9 2704.77 2704.77 71080
7 699.764 2799.06 69418.9
3 1752.23 3252.23 70365.4
1 4354.1 4354.1 73242.5
2 4093.27 22373.1 73075.2
7 2864.68 12958.7 73128.6
4 2385.09 2385.09 71972.6
8 1885.07 7540.27 71504
0 2255.68 8255.68 72054.5
3 3315.14 14760.6 73348.8
5 4077.45 4077.45 74024.1
9 4700.71 18802.8 74677
6 4170.14 22680.6 73920.1
8 4529.38 24117.5 74915.1
4 5539.93 5539.93 76309.1
0 4664.85 24659.4 75413.2
2 4269.6 4269.6 76030.7
7 4574.86 4574.86 75641
1 4167.57 4167.57 75580.4
3 4316.16 18764.6 75679
6 5060.44 11060.4 76665.3
5 6241.65 7741.65 77816.2
9 6108.56 25934.2 77757.5
8 5052.37 11052.4 76401.6
0 5783.13 11783.1 77485.9
1 5409 21636 77576.7
7 6106.36 6106.36 78656.9
3 5641.35 7141.35 78674.2
2 5987.78 29951.1 79095.8
48
2 143.405 143.405 65729.7
4 856.912 3427.65 66625.7
0 411.215 1644.86 66124.6
1 438.331 1938.33 66418.1
3 279.391 1117.57 66679.3
7 1103.01 5912.02 67460.6
6 784.172 784.172 67299.1
5 494.955 494.955 67021.4
9 605.083 605.083 67332
8 2652.63 8652.63 69559.1
2 2229.2 2229.2 69247
0 2202.99 2202.99 69624.6
1 1709.06 6836.23 69218.6
4 1839.16 1839.16 69458.5
3 2012.99 3512.99 69463.1
5 1160.09 2660.09 68895.2
6 1347.88 1347.88 69140.6
9 1927.33 1927.33 69572.4
7 1186.58 2686.58 69074.5
5 3012.97 12051.9 71309.2
7 3681.3 5181.3 72179
6 4682.51 10682.5 73751
1 4743.73 6243.73 73028.1
2 4444.49 17777.9 73340.7
4 4319.85 17279.4 73166.9
3 2700.68 12302.7 71554.7
8 2454.31 9817.23 71994.5
9 3041.59 4541.59 72557.9
0 4016.49 16066 73635.8
5 3836.25 16845 73560.3
3 4654.55 4654.55 74235.2
8 4286.58 4286.58 74583.9
7 4866.84 19467.3 74911.6
9 4698.75 18795 75011.6
1 5176.14 22204.5 75298.9
4 6654.66 26618.6 77417.5
2 4606.82 10606.8 75106.9
5 6021.68 25586.7 76651.2
0 4654.84 24619.4 76286.9
6 5123.55 11123.6 76707.5
3 5086.63 5086.63 76951.2
8 4926.7 19706.8 76859.5
7 6266.62 26566.5 77860.8
9 4996.13 6496.13 77050.7
2 5117.42 5117.42 77230.1
1 6160.8 24643.2 78944.1
0 6171.99 24687.9 79023.6
5 6961.47 8461.47 79628.8
28
6 1154.22 4616.89 66905.8
3 134.389 134.389 66153.5
0 448.876 448.876 66494.3
8 843.696 843.696 67421.7
2 364.631 364.631 67093.2
4 487.658 487.658 67373.1
1 172.698 172.698 67048.9
5 383.971 1535.88 67446
7 958.632 5334.53 68176.7
9 532.585 3630.34 67817.2
3 2177.74 8710.94 69642.8
0 1394.18 7394.18 68799.2
6 2234.14 2234.14 69973.3
1 1740.18 3240.18 70029.9
2 305.345 1221.38 69272.7
8 186.1 186.1 70170.1
4 717.961 717.961 70310.5
5 333.885 1833.89 70119.7
9 835.608 2335.61 71089.4
2 638.01 2552.04 71871.6
0 1323.67 1323.67 72273.1
7 801.894 3207.58 72216.2
6 195.528 6782.11 71574.7
4 637.415 2549.66 72799.9
5 736.058 2236.06 72522.7
8 2955.93 2955.93 75116.1
1 574 3796 73407.5
9 413.359 1913.36 73327.1
37
6 1154.22 4616.89 66905.8
3 134.389 134.389 66153.5
0 448.876 448.876 66494.3
8 843.696 843.696 67421.7
2 364.631 364.631 67093.2
4 487.658 487.658 67373.1
1 172.698 172.698 67048.9
5 383.971 1535.88 67446
7 958.632 5334.53 68176.7
9 532.585 3630.34 67817.2
3 2177.74 8710.94 69642.8
0 1394.18 7394.18 68799.2
6 1476.92 1476.92 69365
1 1187.91 2687.91 69251.4
2 1105.46 1105.46 69326.4
4 1041.87 10167.5 69644.6
8 1873.07 1873.07 71183.7
5 198.394 1698.39 69371.6
9 881.297 5025.19 69903.6
7 1521.78 3021.78 71505.8
0 747.745 747.745 70340.3
1 2140.26 3640.26 71926.1
2 2595.23 2595.23 72849.1
6 657.097 2628.39 71890.7
5 393.758 1893.76 71343.2
3 1436.95 5747.82 72851.3
4 134.239 134.239 71441
9 328.921 1828.92 71694.6
0 588.886 2355.54 72384.2
8 2610.49 2610.49 74519.6
5 1596.16 1596.16 73692.2
4 1260.09 7260.09 74189.3
7 3493.79 4993.79 76147.6
9 1381.05 2881.05 73936.4
6 1937.34 1937.34 74658.2
1 1058.79 1058.79 73987.5
0 1352.4 5409.59 74238.6
42
2 225.118 900.472 66042.5
6 938.747 938.747 67695.2
0 425.729 425.729 67349.1
4 1370.49 1370.49 68527.4
1 191.999 767.997 67411.8
7 1146.48 6085.9 68301.8
8 1380.81 5523.24 68876.3
3 193.183 772.732 67731.6
5 788.138 2288.14 68317.2
2 474.743 474.743 68429.7
9 893.731 3574.92 68730.4
0 1820.2 1820.2 69597.2
1 1783.44 7133.76 69494.9
6 2858.83 2858.83 71226.5
3 1951.94 1951.94 70497.2
7 3205.85 14323.4 71992.4
5 2148.09 8592.35 70257
2 1637.05 7637.05 71425.3
4 858.097 858.097 70120.8
9 1077.92 5811.69 70505.3
8 1089.71 4358.83 71309.1
1 2095.2 9880.79 72245.9
0 1299.07 1299.07 71357.3
4 2462.57 9850.27 72817
5 2499.06 2499.06 73195.8
3 3239.29 4739.29 73936.1
9 2115.89 9963.56 73243.4
6 2303.98 9215.92 73519.5
8 2954.61 17818.5 74260.3
0 2110.28 14441.1 73698.9
2 2456.65 2456.65 74143
7 3040.16 13660.7 74771.8
1 4003.88 16015.5 75774.5
4 3739.37 3739.37 75618.7
5 3647.79 5147.79 76402.8
9 4906.6 6406.6 77041.8
6 4006.82 22027.3 76468.5
0 4989.04 4989.04 77422.3
3 4231.21 16924.8 76758.7
2 3974.27 15897.1 76295.8
8 4683.76 18735 77345
7 3941.37 15765.5 76882.1
31
2 143.405 143.405 65875.7
3 176.658 706.631 66240.9
7 1059.06 1059.06 67640.2
1 617.584 617.584 67407.6
0 312.572 312.572 66599.5
5 1452.4 5809.62 67932.5
6 947.477 3789.91 67579.7
8 1422.04 5688.16 68743.2
9 287.039 1148.16 67398.1
4 672.708 672.708 68033.8
2 533.584 533.584 68488.6
3 421.391 1685.57 68258.1
0 514.576 514.576 68291.6
9 2432.66 9730.63 70144.1
1 1845.27 3345.27 70212.9
6 2265.76 8265.76 70811.1
7 2529.33 11617.3 71315.9
5 2147.11 8588.46 70256
4 1660.06 1660.06 71644.1
3 745.438 2245.44 70338
0 365.447 365.447 70151.3
2 1377.11 1377.11 71630.9
8 2145.71 8582.85 73379.3
9 1033.54 2533.54 71983
0 983.972 9935.89 72398.3
1 1429.24 5716.97 72808.4
5 625.73 4002.92 72788.3
3 170.776 1670.78 71957.4
6 1781.11 1781.11 73941.3
7 1214.47 6357.88 74048
2 732.672 732.672 73646.4
43
2 143.405 143.405 65729.7
4 856.912 3427.65 66625.7
0 411.215 1644.86 66124.6
1 438.331 1938.33 66418.1
3 279.391 1117.57 66679.3
7 1103.01 5912.02 67460.6
6 784.172 784.172 67299.1
5 494.955 494.955 67021.4
9 605.083 605.083 67332
8 2652.63 8652.63 69559.1
2 2229.2 2229.2 69247
0 2202.99 2202.99 69624.6
1 1709.06 6836.23 69218.6
4 1839.16 1839.16 69458.5
3 1242.59 2742.59 68981.8
5 2277.11 3777.11 70566.8
9 305.345 2721.38 69272.7
7 1381.62 7026.49 70921.8
6 2121.54 2121.54 71637.9
3 1663.64 8154.56 71283
1 3106.22 13924.9 72830.3
2 1997.81 7997.81 71578.5
9 1564.78 3064.78 71862.1
4 2146.37 14585.5 72191.1
8 2133.54 14534.1 72446.3
0 2957.05 11828.2 73079.8
5 3295.04 14680.2 74057.9
7 2187.9 2187.9 72688
3 4267.93 18571.7 74897.4
2 3697.19 20788.8 75329.2
6 2382.07 2382.07 74143.2
9 3902.6 3902.6 74968.7
4 4717.02 10717 76129.8
8 3415.44 13661.8 74778.3
7 4822.47 4822.47 76427.4
1 5047.89 6547.89 76622.4
0 4511.38 18045.5 76160.3
5 5604.33 5604.33 76953.6
6 4899.87 10899.9 76602.6
8 5338.6 27354.4 77506.3
3 4995.8 4995.8 77546.3
9 4137.07 5637.07 77169.9
2 4581.22 24324.9 77689.2
45
2 143.405 143.405 65729.7
4 856.912 3427.65 66625.7
0 411.215 1644.86 66124.6
1 438.331 1938.33 66418.1
3 279.391 1117.57 66679.3
7 1103.01 5912.02 67460.6
6 784.172 784.172 67299.1
5 494.955 494.955 67021.4
9 605.083 605.083 67332
8 2652.63 8652.63 69559.1
2 2229.2 2229.2 69247
0 2202.99 2202.99 69624.6
1 1709.06 6836.23 69218.6
4 1839.16 1839.16 69458.5
3 2012.99 3512.99 69463.1
5 1160.09 2660.09 68895.2
6 1347.88 1347.88 69140.6
9 1927.33 1927.33 69572.4
7 1186.58 2686.58 69074.5
5 3012.97 12051.9 71309.2
7 3681.3 5181.3 72179
6 4682.51 10682.5 73751
1 4743.73 6243.73 73028.1
2 4444.49 17777.9 73340.7
4 4319.85 17279.4 73166.9
3 2700.68 12302.7 71554.7
8 2035.73 2035.73 71504.7
9 3104.95 4604.95 72775.8
0 3900.88 3900.88 73460.6
5 3596.19 5096.19 74145.8
8 3692.81 3692.81 74305
3 4639.71 4639.71 75049.4
7 4695.8 20283.2 74742.1
9 4430.12 5930.12 74800.5
1 4696.86 20287.4 75019.4
4 5880.75 5880.75 76236.6
2 6022 24088 77061.3
0 7465.85 7465.85 81082.2
6 4467.98 4467.98 75958.7
5 5362.1 21448.4 76741.3
8 5249.22 20996.9 77411.7
7 4532.68 6032.68 76319.3
9 5177.66 6677.66 77337.9
1 5196.43 22285.7 78030
3 6245.15 7745.15 79158.9
40
2 143.405 143.405 65875.7
3 176.658 706.631 66240.9
7 1059.06 1059.06 67640.2
1 617.584 617.584 67407.6
0 312.572 312.572 66599.5
5 1452.4 5809.62 67932.5
6 947.477 3789.91 67579.7
8 1422.04 5688.16 68743.2
9 287.039 1148.16 67398.1
4 672.708 672.708 68033.8
2 533.584 533.584 68488.6
3 421.391 1685.57 68258.1
0 514.576 514.576 68291.6
9 2432.66 9730.63 70144.1
1 1845.27 3345.27 70212.9
6 2265.76 8265.76 70811.1
7 2529.33 11617.3 71315.9
5 2147.11 8588.46 70256
4 929.008 3716.03 70469.2
3 694.426 2194.43 70210.8
0 973.475 3893.9 70592.8
2 985.637 3942.55 70709.7
8 1494.05 7494.05 71074.7
9 2601.4 4101.4 72898.7
3 3167.08 12668.3 73211.8
1 3381.47 13525.9 73694.3
5 2078.8 9815.21 72201.6
4 2210.03 8840.11 72972.8
0 1892.77 7892.77 72392.9
2 3171.07 12684.3 73800.6
6 2929.8 17719.2 74561.8
8 2936.55 8936.55 74520.5
7 1598.49 1598.49 73463.1
5 2299.88 10699.5 74232.7
0 2319.09 9276.34 73913.3
9 3860.61 5360.61 75915.2
4 3109.97 3109.97 75222.6
3 2585.15 10340.6 75368.5
7 3348.19 14892.8 76199.8
1 2545.6 4045.6 75212.9
39
2 143.405 143.405 65729.7
4 856.912 3427.65 66625.7
0 411.215 1644.86 66124.6
1 438.331 1938.33 66418.1
3 279.391 1117.57 66679.3
7 1103.01 5912.02 67460.6
6 784.172 784.172 67299.1
5 494.955 494.955 67021.4
9 605.083 605.083 67332
8 2652.63 8652.63 69559.1
2 2229.2 2229.2 69247
0 2202.99 2202.99 69624.6
1 1709.06 6836.23 69218.6
4 1839.16 1839.16 69458.5
3 1162.96 2662.96 69051
5 1417.29 2917.29 69480.8
6 1510.42 1510.42 69731.4
9 1000.82 4003.27 69603.6
7 1259.31 2759.31 70569.9
3 1794.24 3294.24 70967.4
1 4029.89 17619.6 73052.2
2 1245.01 1245.01 71229
4 2371.57 2371.57 71964.1
5 2369.64 3869.64 72155.5
8 2305.83 2305.83 72559.7
9 847.132 4888.53 72080.7
0 1304.31 1304.31 72253.7
6 769.695 9078.78 72184
7 2013.01 3513.01 73319.8
3 2048.54 3548.54 73414.2
2 4486.45 17945.8 76281.8
4 4319.75 4319.75 76228.8
9 1602.73 1602.73 73698.7
5 1974.52 1974.52 74903.7
6 2640.19 2640.19 75294
0 1279.07 1279.07 73834.4
8 1772.7 1772.7 74493.6
1 1869.98 1869.98 74798.7
7 2288.02 10652.1 75174.2
34
2 225.118 900.472 66042.5
6 938.747 938.747 67695.2
0 425.729 425.729 67349.1
4 1370.49 1370.49 68527.4
1 191.999 767.997 67411.8
7 1146.48 6085.9 68301.8
8 1380.81 5523.24 68876.3
3 193.183 772.732 67731.6
5 788.138 2288.14 68317.2
2 474.743 474.743 68429.7
9 893.731 3574.92 68730.4
0 1820.2 1820.2 69597.2
1 1783.44 7133.76 69494.9
6 2858.83 2858.83 71226.5
3 1951.94 1951.94 70497.2
7 3205.85 14323.4 71992.4
5 2148.09 8592.35 70257
2 1637.05 7637.05 71425.3
4 858.097 858.097 70120.8
9 1077.92 5811.69 70505.3
8 1089.71 4358.83 71309.1
1 2095.2 9880.79 72245.9
0 1299.07 1299.07 71357.3
4 2462.57 9850.27 72817
5 2499.06 2499.06 73195.8
3 3239.29 4739.29 73936.1
9 2115.89 9963.56 73243.4
6 2303.98 9215.92 73519.5
8 3221.24 18885 74600.4
0 1571.81 6287.25 73734.3
2 2377.73 2377.73 74164.3
7 2369.53 3869.53 74529.7
1 1759.4 8537.61 74592.9
4 2782.44 2782.44 75696.2
37
2 143.405 143.405 65729.7
4 856.912 3427.65 66625.7
0 411.215 1644.86 66124.6
1 438.331 1938.33 66418.1
3 279.391 1117.57 66679.3
7 1103.01 5912.02 67460.6
6 784.172 784.172 67299.1
5 494.955 494.955 67021.4
9 605.083 605.083 67332
8 2652.63 8652.63 69559.1
2 2229.2 2229.2 69247
0 2202.99 2202.99 69624.6
1 1709.06 6836.23 69218.6
4 1839.16 1839.16 69458.5
3 1242.59 2742.59 68981.8
5 2277.11 3777.11 70566.8
9 305.345 2721.38 69272.7
7 1303.41 1303.41 71091.7
6 986.321 986.321 70249
3 1329.28 6817.11 70756.7
1 1432 7228 71651.4
2 1199.63 4798.5 71350.3
9 974.53 2474.53 71032.7
4 2210.85 8843.4 72565.3
8 1801.17 7801.17 72497.9
0 3038.04 3038.04 73734.9
6 1148.65 4594.58 72276.2
5 2356.69 10926.8 73572.2
3 2129.16 2129.16 73713.1
9 1315.34 1315.34 73179.9
7 1748.25 8493 73681.1
2 2705.32 10821.3 74299.5
1 3362.68 4862.68 75417.3
6 2752.7 2752.7 74865.3
8 3825.29 21301.1 76608.6
4 2421.36 9685.46 75273
9 2457.94 3957.94 75125.3
40
2 143.405 143.405 65875.7
3 176.658 706.631 66240.9
7 1059.06 1059.06 67640.2
1 617.584 617.584 67407.6
0 312.572 312.572 66599.5
5 1452.4 5809.62 67932.5
6 947.477 3789.91 67579.7
8 1422.04 5688.16 68743.2
9 287.039 1148.16 67398.1
4 672.708 672.708 68033.8
2 242.256 242.256 67981.4
0 1716.94 1716.94 70006.7
9 345.878 2883.51 69313.2
6 1104.78 1104.78 70573.7
2 489.381 489.381 70160.2
4 1185.9 1185.9 70745.7
3 755.004 2255 71304.6
7 712.807 2212.81 71325
1 279.285 279.285 70689
5 1702.92 8311.69 71749.2
8 1855.4 1855.4 72225.8
9 747.746 4490.99 71070.3
0 1952.16 1952.16 72308
2 2841.48 11365.9 73880.8
6 3115.67 3115.67 76732.1
1 2608.03 4108.03 74098.8
4 2216.83 14867.3 73522.5
9 1342.91 5371.62 72931.5
3 2485.7 3985.7 74172.1
7 2893.14 13072.6 74624.7
5 1736.32 6945.27 73506.9
8 3139.39 3139.39 75018.7
0 3342.91 3342.91 76097.9
9 2849.98 4349.98 74985.1
5 2966.58 11866.3 75428.2
4 3832.02 3832.02 76265.3
2 4942.02 25768.1 77469.5
1 4679.27 20217.1 77000.8
3 3563.32 15753.3 76224.6
7 3794.35 15177.4 76735.1
35
2 143.405 143.405 65875.7
3 176.658 706.631 66240.9
7 1059.06 1059.06 67640.2
1 617.584 617.584 67407.6
0 312.572 312.572 66599.5
5 1452.4 5809.62 67932.5
6 947.477 3789.91 67579.7
8 1422.04 5688.16 68743.2
9 287.039 1148.16 67398.1
4 672.708 672.708 68033.8
2 533.584 533.584 68488.6
3 421.391 1685.57 68258.1
0 514.576 514.576 68291.6
9 2432.66 9730.63 70144.1
1 1845.27 3345.27 70212.9
6 2265.76 8265.76 70811.1
7 2529.33 11617.3 71315.9
5 2147.11 8588.46 70256
4 936.516 3746.06 71200.4
3 753.98 2253.98 70341.5
0 968.725 3874.9 70587.6
2 645.049 6645.05 70443.9
8 670.911 2683.64 70704.6
9 2980.94 2980.94 72927.6
1 2351.02 9404.07 72327.3
5 2471.87 9887.5 72221.8
3 1945.92 7783.68 72331.7
2 2563.29 2563.29 73332.4
0 3198 18792 73946.3
8 2616.73 16466.9 73995.9
6 1755.3 7021.2 73917.8
4 1980.63 1980.63 73767.2
7 1693.02 3193.02 73853.2
5 1382.02 7028.09 74215.6
1 2383.14 3883.14 75296.9
37
6 1232.92 4931.67 67105.6
8 1028.6 1028.6 67746.5
0 542.876 542.876 67167.7
2 679.002 2716.01 67653.8
7 881.576 5026.3 67649.1
1 1685.54 6742.14 68675.2
3 155.487 621.948 67585.3
5 1128.89 1128.89 68411.4
4 3274.48 13097.9 73519.7
9 577.699 3810.79 68018.4
6 2575.27 2575.27 70201.4
0 2034.64 2034.64 70130.6
3 1648.38 3148.38 69553.6
7 2024.53 2024.53 70399.8
2 1070.25 10281 69789.4
8 2606.84 2606.84 71220
9 1637.67 1637.67 70526.1
5 1958.41 7833.65 70940.3
1 1827.04 3327.04 71296
3 1750.47 3250.47 71421.3
2 3345.14 3345.14 72904.9
0 3190.49 3190.49 73740.1
6 2366.07 2366.07 72978.2
7 3078.82 3078.82 73488.5
9 2666.16 12164.6 72712.4
5 2851.41 4351.41 73221.8
8 2654.52 10618.1 72977
1 2537.8 4037.8 72893.6
3 4102.57 17910.3 75141.8
9 6717.65 8217.65 80334
1 4054.4 5554.4 75545.2
2 3297.79 19191.2 74677
8 3189.87 12759.5 75352.4
6 4339.48 4339.48 76126.1
5 3598.94 5098.94 75759.1
7 3002.06 13508.2 75835.6
4 2621.4 2621.4 75535.1
38
2 143.405 143.405 65875.7
3 176.658 706.631 66240.9
7 1059.06 1059.06 67640.2
1 617.584 617.584 67407.6
0 312.572 312.572 66599.5
5 1452.4 5809.62 67932.5
6 947.477 3789.91 67579.7
8 1422.04 5688.16 68743.2
9 287.039 1148.16 67398.1
4 672.708 672.708 68033.8
2 701.85 701.85 68589.9
3 883.983 2383.98 68947.5
0 787.172 787.172 69008.1
9 734.525 2938.1 69337.3
1 1233.41 2733.41 70544
6 1618.81 1618.81 70792
7 1375.72 7002.87 70398
4 1660.06 1660.06 71644.1
5 1682.27 3182.27 71274.8
2 959.974 959.974 70745.8
8 2683.8 2683.8 72937.6
9 662.757 4151.03 71896.3
0 324.519 324.519 71273.9
3 801.894 3207.58 72216.2
7 1869.21 7476.82 73174.9
1 1528.34 6113.35 73117
2 970.177 970.177 72656.5
6 1839.76 7359.03 73571.4
0 2330.48 15321.9 74101.1
5 1210.1 2710.1 73089.4
4 4221.12 4221.12 76976.1
9 2256.34 3756.34 74391.5
3 2703.56 10814.2 75165.2
2 3946.65 3946.65 76379.9
8 3232.72 18930.9 75760.2
5 2792.44 12669.7 75114
1 2508.25 11533 75169.5
7 3805.89 15223.6 76746.6
44
6 1232.92 4931.67 67105.6
8 1028.6 1028.6 67746.5
0 542.876 542.876 67167.7
2 679.002 2716.01 67653.8
7 881.576 5026.3 67649.1
1 1685.54 6742.14 68675.2
3 155.487 621.948 67585.3
5 1128.89 1128.89 68411.4
4 3274.48 13097.9 73519.7
9 577.699 3810.79 68018.4
6 1676.72 1676.72 69564.8
0 1306.72 1306.72 69370.3
3 2103.8 3603.8 70324.8
7 2344.3 9377.2 70947.1
2 1216.33 1216.33 70526.9
8 1748.63 1748.63 70921.8
9 1082.49 5829.97 70104.8
5 887.996 2388 70356.9
1 2890.95 4390.95 72561.8
0 2559.34 2559.34 72119.1
6 1438.14 1438.14 71987.7
9 2269.46 3769.46 72881.6
3 1986.26 1986.26 72396
5 3458.83 15335.3 73505.1
2 2937.72 2937.72 73308.1
8 2907.05 11628.2 73229.6
7 3394.62 4894.62 73750.5
6 3703.84 14815.4 74743.1
0 6124.31 6124.31 79740.7
3 4315 5815 75805.8
1 3501.17 14004.7 74806.8
9 4185.68 16742.7 75774.3
8 3453.94 3453.94 75140.3
2 4355.89 17423.5 76087.5
5 3492.22 13968.9 75262.8
4 3597.07 3597.07 75476.4
7 4785.38 6285.38 77540.4
6 7176.85 7176.85 79312
1 5294.19 21176.8 77755.8
8 6430.41 6430.41 78863.7
5 4999.4 19997.6 77526.9
4 5179.41 20717.6 77500.9
9 5165.59 22162.4 77826.9
3 6436.77 25747.1 79377.5
34
2 225.118 900.472 66042.5
6 938.747 938.747 67695.2
0 425.729 425.729 67349.1
4 1370.49 1370.49 68527.4
1 191.999 767.997 67411.8
7 1146.48 6085.9 68301.8
8 1380.81 5523.24 68876.3
3 193.183 772.732 67731.6
5 788.138 2288.14 68317.2
9 1557.03 3057.03 69007.2
2 463.537 463.537 68198.7
0 2610.59 2610.59 70403.3
1 1712.94 1712.94 69358
6 2103.62 2103.62 69991.6
3 1479.76 5919.03 69776
2 2094.58 2094.58 70592.2
7 3062.83 3062.83 72131.4
5 2096.89 3596.89 70381.2
4 3020.81 12083.2 71917
8 2216.93 8867.72 71064
9 2244.73 10478.9 71098.7
1 2118.41 3618.41 72102.5
3 2163.99 3663.99 71756.5
6 3003.08 3003.08 72788.9
5 2147.75 3647.75 72401.6
0 3138.06 12552.2 74371.6
2 1582.62 1582.62 72532
8 3626.03 20504.1 75040.3
9 1889.8 7559.2 73269
3 2009.7 9538.81 74172.2
4 2246.17 2246.17 74032.8
1 4571.17 6071.17 76731.4
7 2029.95 9619.81 74863.5
5 1503.32 3003.32 74417.1
