63
2 146.331 585.323 1e+100
5 306.087 306.087 1e+100
5 6590.35 26361.4 1e+100
3 158.879 158.879 1e+100
7 2514.16 2514.16 1e+100
4 351.849 703.697 1e+100
3 4046.28 4046.28 1e+100
5 4262.77 17051.1 1e+100
0 4791.16 4791.16 1e+100
1 4894.55 9789.09 1e+100
6 1917.67 1917.67 1e+100
5 1847.72 7390.88 1e+100
4 4501.53 9003.05 1e+100
1 7483.09 14966.2 1e+100
5 14249.4 56997.7 1e+100
7 5856.23 11712.5 1e+100
1 989.589 1979.18 1e+100
2 20066.1 80264.2 1e+100
0 6718.63 6718.63 1e+100
3 1161.25 1161.25 1e+100
2 3151.71 12606.9 1e+100
2 5604.01 11208 1e+100
1 11378.1 22756.2 1e+100
7 8441.66 16883.3 1e+100
2 484.331 1937.32 1e+100
4 8396.41 16792.8 1e+100
6 5001.71 5001.71 1e+100
4 5609.44 11218.9 1e+100
3 4865.45 4865.45 1e+100
0 267.721 267.721 1e+100
4 876.407 1752.81 1e+100
6 9795.4 9795.4 1e+100
7 11441.1 22882.3 1e+100
3 12629.1 12629.1 1e+100
4 16249.8 32499.6 1e+100
3 7413.23 7413.23 1e+100
3 5279.54 5279.54 1e+100
2 22144.6 88578.5 1e+100
2 10231.2 40924.7 1e+100
6 14235.3 14235.3 1e+100
1 16007.1 32014.3 1e+100
1 13154.4 26308.7 1e+100
7 15909.5 31819.1 1e+100
1 11170.1 22340.3 1e+100
0 13356 13356 1e+100
0 6799.88 6799.88 1e+100
7 12221.1 12221.1 1e+100
4 7112.26 14224.5 1e+100
4 11716.1 23432.2 1e+100
5 13360.8 53443.3 1e+100
2 5740.93 22963.7 1e+100
5 19751.4 79005.6 1e+100
5 15112.6 60450.5 1e+100
3 12203.6 12203.6 1e+100
2 10756.9 43027.6 1e+100
4 7834.94 15669.9 1e+100
5 5572.54 22290.2 1e+100
4 15128.9 30257.9 1e+100
0 7480.69 7480.69 1e+100
7 15829 31658 1e+100
3 6190.91 6190.91 1e+100
5 2052.73 8210.92 1e+100
1 3187.41 6374.82 1e+100
63
1 636.089 1272.18 1e+100
2 291.523 583.046 1e+100
6 2682.24 2682.24 1e+100
2 9662.31 38649.2 1e+100
3 247.088 247.088 1e+100
0 511.21 511.21 1e+100
5 606.844 2427.38 1e+100
2 1903.84 7615.38 1e+100
7 469.886 469.886 1e+100
5 11210.4 44841.5 1e+100
4 239.265 239.265 1e+100
3 2404.58 2404.58 1e+100
0 2454.6 2454.6 1e+100
4 2227.47 4454.95 1e+100
1 10806.4 21612.8 1e+100
1 2506.78 2506.78 1e+100
5 2574.36 2574.36 1e+100
3 3950.2 3950.2 1e+100
3 9892.44 9892.44 1e+100
0 9145.67 9145.67 1e+100
5 16527.2 66108.9 1e+100
5 20192.1 80768.2 1e+100
1 5740.73 11481.5 1e+100
7 2955.05 5910.09 1e+100
4 7528.15 15056.3 1e+100
2 19712.8 78851.3 1e+100
2 2351.92 9407.69 1e+100
3 4245.69 4245.69 1e+100
1 11704.7 11704.7 1e+100
7 9676.17 19352.3 1e+100
0 10234.7 10234.7 1e+100
7 16319.4 16319.4 1e+100
3 12310.3 12310.3 1e+100
6 16148.6 16148.6 1e+100
7 5815.6 11631.2 1e+100
4 2358.75 2358.75 1e+100
7 12285.7 24571.3 1e+100
0 1487.97 1487.97 1e+100
2 12126.1 48504.3 1e+100
3 4778.16 4778.16 1e+100
5 2106.38 8425.52 1e+100
6 10267 10267 1e+100
1 754.056 1508.11 1e+100
2 14161.8 28323.6 1e+100
4 8198.85 16397.7 1e+100
3 6994.51 6994.51 1e+100
3 13026.6 13026.6 1e+100
0 12411.6 12411.6 1e+100
0 14375.4 14375.4 1e+100
6 3564.51 3564.51 1e+100
1 10865.3 21730.6 1e+100
5 8562.82 34251.3 1e+100
2 1232.73 4930.94 1e+100
4 14635.5 29271 1e+100
2 6421.65 25686.6 1e+100
0 1338.67 1338.67 1e+100
1 13026.2 26052.4 1e+100
4 9797.52 19595 1e+100
5 2325.63 9302.5 1e+100
1 15910.7 15910.7 1e+100
3 13975.6 13975.6 1e+100
4 11636.6 23273.2 1e+100
0 8998.29 8998.29 1e+100
42
5 371.431 742.861 1e+100
6 2453.11 2453.11 1e+100
3 148.116 148.116 1e+100
7 2532.48 5064.96 1e+100
2 307.84 1231.36 1e+100
4 230.325 230.325 1e+100
2 1855.6 7422.4 1e+100
1 628.121 1256.24 1e+100
5 2691.57 10766.3 1e+100
3 1861.16 1861.16 1e+100
0 614.388 614.388 1e+100
1 2836.88 2836.88 1e+100
0 2879.16 2879.16 1e+100
2 10312.9 41251.5 1e+100
4 7978.79 15957.6 1e+100
2 6274.5 12549 1e+100
5 10321.6 41286.2 1e+100
2 3477.65 6955.29 1e+100
3 5293.44 5293.44 1e+100
1 5048.87 10097.7 1e+100
4 449.752 449.752 1e+100
1 7427.63 14855.3 1e+100
3 1471.72 1471.72 1e+100
7 2931.07 5862.14 1e+100
0 2265.54 2265.54 1e+100
6 7491.66 7491.66 1e+100
5 3197.02 3197.02 1e+100
6 3119.74 3119.74 1e+100
2 7993.64 31974.6 1e+100
1 7244.27 14488.5 1e+100
7 2779.71 5559.42 1e+100
5 7728.56 30914.2 1e+100
3 2991.03 2991.03 1e+100
2 8314.86 33259.4 1e+100
1 8277.46 16554.9 1e+100
2 2637.59 10550.4 1e+100
4 7273.08 14546.2 1e+100
0 4868.6 4868.6 1e+100
7 8075.78 16151.6 1e+100
0 2457.43 2457.43 1e+100
5 8382.85 33531.4 1e+100
4 8556.28 17112.6 1e+100
46
5 318.099 1272.39 1e+100
2 324.932 324.932 1e+100
1 7644.2 15288.4 1e+100
4 7628.61 15257.2 1e+100
7 1625.77 3251.54 1e+100
6 2670.89 2670.89 1e+100
0 582.402 582.402 1e+100
2 16227.3 64909.4 1e+100
5 17305.8 69223.4 1e+100
2 3206.41 6412.82 1e+100
1 489.905 979.809 1e+100
3 2896.8 2896.8 1e+100
4 12684.6 25369.3 1e+100
4 277.141 554.281 1e+100
7 5543.19 11086.4 1e+100
1 4310.08 8620.17 1e+100
5 2069.95 4139.9 1e+100
3 182.315 182.315 1e+100
2 8236.53 32946.1 1e+100
0 9033.11 9033.11 1e+100
1 1144.36 2288.72 1e+100
0 3353.78 3353.78 1e+100
7 7817.45 15634.9 1e+100
3 9688.27 9688.27 1e+100
4 575.102 1150.2 1e+100
0 478.961 478.961 1e+100
3 2792.69 2792.69 1e+100
6 9034.13 9034.13 1e+100
7 8750.74 17501.5 1e+100
3 3547.03 3547.03 1e+100
5 3709.2 14836.8 1e+100
4 1442.86 1442.86 1e+100
2 3098.06 12392.2 1e+100
6 4024.07 4024.07 1e+100
1 9504.22 19008.4 1e+100
5 8747.62 34990.5 1e+100
3 3485.32 3485.32 1e+100
2 5285.37 21141.5 1e+100
4 3667.15 7334.3 1e+100
2 7984.42 31937.7 1e+100
1 5752.82 11505.6 1e+100
0 7585.92 7585.92 1e+100
7 7699.54 15399.1 1e+100
0 2299.02 2299.02 1e+100
5 4632.68 18530.7 1e+100
1 2524.48 5048.95 1e+100
53
5 371.431 742.861 1e+100
6 2453.11 2453.11 1e+100
3 148.116 148.116 1e+100
7 2532.48 5064.96 1e+100
2 307.84 1231.36 1e+100
4 230.325 230.325 1e+100
2 4294.76 17179 1e+100
1 628.121 1256.24 1e+100
2 1705.38 6821.53 1e+100
3 4020.88 4020.88 1e+100
0 614.388 614.388 1e+100
3 1685.14 1685.14 1e+100
0 4870.16 4870.16 1e+100
2 6233.99 24936 1e+100
1 12225.7 24451.5 1e+100
5 2600.91 5201.82 1e+100
5 15083.7 60334.9 1e+100
4 1151.97 2303.94 1e+100
3 6843.11 6843.11 1e+100
0 6057.27 6057.27 1e+100
1 1095.14 2190.29 1e+100
4 10814.1 10814.1 1e+100
7 13935.7 27871.4 1e+100
4 7026.35 7026.35 1e+100
4 1853.34 3706.67 1e+100
1 5187.3 5187.3 1e+100
0 850.903 850.903 1e+100
0 9480.21 9480.21 1e+100
1 1713.66 1713.66 1e+100
6 9454.66 9454.66 1e+100
3 9344.14 9344.14 1e+100
5 732.7 2930.8 1e+100
4 11501 23002 1e+100
7 1457.53 2915.06 1e+100
5 12745.6 25491.2 1e+100
3 5022.65 5022.65 1e+100
4 1523.01 3046.01 1e+100
4 15494.2 30988.3 1e+100
1 12557.9 25115.8 1e+100
0 5532.22 5532.22 1e+100
4 13196.9 26393.9 1e+100
1 14129.8 28259.6 1e+100
3 809.633 809.633 1e+100
5 1730.7 6922.81 1e+100
7 14853 29706.1 1e+100
2 2535.57 10142.3 1e+100
6 2676.29 2676.29 1e+100
5 13928.6 27857.2 1e+100
2 15244.9 60979.7 1e+100
7 6879.09 13758.2 1e+100
5 4734.75 18939 1e+100
2 7556.43 30225.7 1e+100
2 3339.57 6679.14 1e+100
59
1 636.089 1272.18 1e+100
2 291.523 583.046 1e+100
6 2682.24 2682.24 1e+100
2 4544.31 18177.2 1e+100
3 247.088 247.088 1e+100
0 511.21 511.21 1e+100
5 606.844 2427.38 1e+100
5 15238.8 60955.1 1e+100
7 469.886 469.886 1e+100
5 17221.7 68886.7 1e+100
4 239.265 239.265 1e+100
0 2493.11 2493.11 1e+100
4 2873.1 2873.1 1e+100
1 2671.87 5343.74 1e+100
1 5328.23 10656.5 1e+100
5 2535.43 2535.43 1e+100
3 5870.54 5870.54 1e+100
0 7395.18 7395.18 1e+100
3 8216.34 8216.34 1e+100
3 2732.35 2732.35 1e+100
2 942.655 3770.62 1e+100
5 19974.1 79896.4 1e+100
2 14803.4 59213.5 1e+100
7 987.182 1974.36 1e+100
1 6245.15 12490.3 1e+100
6 5375.91 5375.91 1e+100
0 7715.55 7715.55 1e+100
7 8004.23 16008.5 1e+100
7 1613.77 3227.54 1e+100
0 1439.79 1439.79 1e+100
6 10158.9 10158.9 1e+100
1 9959.88 19919.8 1e+100
3 8593.48 8593.48 1e+100
5 981.809 3927.24 1e+100
2 9130.43 36521.7 1e+100
7 3242.71 6485.42 1e+100
2 1000.24 4000.97 1e+100
3 5461.2 5461.2 1e+100
2 14573.5 58293.9 1e+100
7 10799.6 10799.6 1e+100
1 13702.7 27405.4 1e+100
3 9395.67 9395.67 1e+100
4 7220.94 14441.9 1e+100
4 11348.9 22697.9 1e+100
0 8073.33 8073.33 1e+100
0 10236.1 10236.1 1e+100
1 10754.6 21509.2 1e+100
4 890.771 1781.54 1e+100
2 2432.8 9731.2 1e+100
5 3454.96 13819.8 1e+100
2 4448.94 17795.8 1e+100
4 8596.94 17193.9 1e+100
5 7206.66 28826.6 1e+100
3 10486.3 10486.3 1e+100
4 12666.5 25333 1e+100
4 3891.13 7782.26 1e+100
4 1869.17 1869.17 1e+100
1 4783.23 9566.46 1e+100
0 11007.8 11007.8 1e+100
57
5 318.099 1272.39 1e+100
2 324.932 324.932 1e+100
4 3295.51 6591.02 1e+100
5 4598.68 9197.36 1e+100
7 1625.77 3251.54 1e+100
6 2670.89 2670.89 1e+100
0 582.402 582.402 1e+100
5 11440.4 45761.7 1e+100
5 16204.9 64819.8 1e+100
2 3206.41 6412.82 1e+100
1 489.905 979.809 1e+100
1 2815.71 2815.71 1e+100
5 7283.84 14567.7 1e+100
4 277.141 554.281 1e+100
4 8025.85 16051.7 1e+100
5 1503.47 3006.93 1e+100
1 5165.09 10330.2 1e+100
3 182.315 182.315 1e+100
2 15128.8 60515.2 1e+100
7 8005.76 16011.5 1e+100
1 15287 30574 1e+100
0 6056.01 6056.01 1e+100
7 4973.06 9946.12 1e+100
2 18344.4 73377.4 1e+100
3 673.539 673.539 1e+100
4 2358.78 4717.56 1e+100
6 7346.52 7346.52 1e+100
0 674.942 674.942 1e+100
6 4386.49 4386.49 1e+100
7 8795.87 8795.87 1e+100
7 1291.64 2583.27 1e+100
0 12314.8 12314.8 1e+100
2 19483.9 77935.5 1e+100
3 5585.04 5585.04 1e+100
2 14339.6 57358.3 1e+100
3 2181.8 2181.8 1e+100
1 10225.5 20451 1e+100
4 7478.07 14956.1 1e+100
4 13393.6 26787.3 1e+100
6 9323.41 9323.41 1e+100
3 5935.51 5935.51 1e+100
3 9970.27 9970.27 1e+100
3 11571.7 11571.7 1e+100
0 8604.31 8604.31 1e+100
4 11098.3 22196.6 1e+100
5 15936.8 63747.3 1e+100
2 8013.44 32053.8 1e+100
1 7092.65 14185.3 1e+100
2 4463.74 17854.9 1e+100
6 15059.8 15059.8 1e+100
7 10370 20740 1e+100
4 8370.09 16740.2 1e+100
2 515.687 2062.75 1e+100
0 11898.7 11898.7 1e+100
3 6884.53 6884.53 1e+100
1 3434.18 6868.37 1e+100
0 5260.16 5260.16 1e+100
56
1 636.089 1272.18 1e+100
2 291.523 583.046 1e+100
6 2682.24 2682.24 1e+100
2 4544.31 18177.2 1e+100
3 247.088 247.088 1e+100
0 511.21 511.21 1e+100
5 606.844 2427.38 1e+100
5 17632.2 70528.8 1e+100
7 469.886 469.886 1e+100
5 15446.8 61787.1 1e+100
4 239.265 239.265 1e+100
0 2493.11 2493.11 1e+100
4 2873.1 2873.1 1e+100
1 2671.87 5343.74 1e+100
7 9470.83 18941.7 1e+100
5 2535.43 2535.43 1e+100
0 4242.84 4242.84 1e+100
3 7663.77 7663.77 1e+100
3 5732.12 5732.12 1e+100
3 2732.35 2732.35 1e+100
2 942.655 3770.62 1e+100
2 20174.6 80698.4 1e+100
2 9097.13 36388.5 1e+100
5 4975.45 9950.91 1e+100
7 2653.5 5306.99 1e+100
6 5375.91 5375.91 1e+100
0 8984.26 8984.26 1e+100
1 6258.64 12517.3 1e+100
4 4310.51 8621.03 1e+100
1 2295.05 4590.1 1e+100
1 9126.76 18253.5 1e+100
6 8697.9 8697.9 1e+100
1 10931.1 21862.2 1e+100
4 9811.79 19623.6 1e+100
2 9170 36680 1e+100
6 11644.9 11644.9 1e+100
1 14346 28691.9 1e+100
7 14887.5 29775.1 1e+100
3 12559.7 12559.7 1e+100
3 10579.7 10579.7 1e+100
3 7084.77 7084.77 1e+100
0 3728.33 3728.33 1e+100
0 9072.64 9072.64 1e+100
4 10274 20547.9 1e+100
2 10966.8 43867.1 1e+100
2 449.753 1799.01 1e+100
1 11501.3 23002.6 1e+100
5 6168.49 24673.9 1e+100
0 1283.93 1283.93 1e+100
7 8659.01 17318 1e+100
4 5478.75 10957.5 1e+100
2 2382.14 9528.58 1e+100
0 10363.4 10363.4 1e+100
3 3999.02 3999.02 1e+100
4 11454.3 22908.6 1e+100
3 7442.32 7442.32 1e+100
56
5 173.904 695.617 1e+100
4 315.065 630.131 1e+100
3 197.944 197.944 1e+100
2 2585.24 10341 1e+100
6 264.453 264.453 1e+100
0 361.4 361.4 1e+100
1 614.101 614.101 1e+100
7 2264.09 2264.09 1e+100
5 12181.1 48724.3 1e+100
1 8074.94 16149.9 1e+100
3 1336.88 1336.88 1e+100
4 4375.53 4375.53 1e+100
1 2487.82 4975.64 1e+100
5 5195.66 20782.7 1e+100
5 17286 69143.8 1e+100
5 1121.97 1121.97 1e+100
4 929.87 1859.74 1e+100
0 3204.93 3204.93 1e+100
7 7343.46 14686.9 1e+100
0 6013.85 6013.85 1e+100
4 8562.41 17124.8 1e+100
6 2705.72 2705.72 1e+100
0 513.542 513.542 1e+100
2 7174.71 28698.9 1e+100
5 11893.8 47575.4 1e+100
3 4063.01 4063.01 1e+100
7 9450.31 18900.6 1e+100
1 9463.44 18926.9 1e+100
7 2850.14 5700.27 1e+100
1 13687.2 27374.5 1e+100
0 8055.24 8055.24 1e+100
3 432.507 432.507 1e+100
6 4914.45 4914.45 1e+100
4 8904.17 17808.3 1e+100
1 10843.4 21686.8 1e+100
2 3208.04 12832.2 1e+100
2 9367.64 37470.6 1e+100
5 17934.2 71736.9 1e+100
1 426.176 852.351 1e+100
3 6123.45 6123.45 1e+100
7 12574.5 12574.5 1e+100
3 8229.01 8229.01 1e+100
6 13273.1 13273.1 1e+100
0 11175.6 11175.6 1e+100
3 11265.8 11265.8 1e+100
3 9351.26 9351.26 1e+100
4 12046.4 12046.4 1e+100
3 13012.3 13012.3 1e+100
5 3184.13 12736.5 1e+100
3 3430.3 3430.3 1e+100
6 6797.69 6797.69 1e+100
0 13024.5 13024.5 1e+100
2 11082.7 44330.6 1e+100
1 4216.76 8433.52 1e+100
4 1170.55 2341.1 1e+100
4 8535.44 17070.9 1e+100
51
5 371.431 742.861 1e+100
6 2453.11 2453.11 1e+100
3 148.116 148.116 1e+100
7 2532.48 5064.96 1e+100
2 307.84 1231.36 1e+100
4 230.325 230.325 1e+100
5 2827.13 11308.5 1e+100
1 628.121 1256.24 1e+100
2 1705.38 6821.53 1e+100
3 1861.16 1861.16 1e+100
0 614.388 614.388 1e+100
1 2836.88 2836.88 1e+100
0 2879.16 2879.16 1e+100
2 12559.3 50237.4 1e+100
4 4629.75 9259.49 1e+100
1 5429.02 10858 1e+100
2 8551.48 34205.9 1e+100
2 3425.83 6851.66 1e+100
3 2809.1 2809.1 1e+100
2 4665.1 18660.4 1e+100
7 4228.52 8457.03 1e+100
1 5663.37 11326.7 1e+100
3 3824.9 3824.9 1e+100
0 2884.13 2884.13 1e+100
5 3018.26 6036.52 1e+100
7 4855.1 9710.21 1e+100
7 7430.93 14861.9 1e+100
1 7700.89 15401.8 1e+100
6 2893.26 2893.26 1e+100
2 7555.89 15111.8 1e+100
1 9323.48 18647 1e+100
2 10256.7 41026.7 1e+100
0 3745.22 3745.22 1e+100
7 10091.2 20182.5 1e+100
3 3746.56 3746.56 1e+100
0 9190.16 9190.16 1e+100
3 5852.12 5852.12 1e+100
3 7521.26 7521.26 1e+100
3 9573.7 9573.7 1e+100
6 5892.78 5892.78 1e+100
2 11439.3 11439.3 1e+100
3 11414 11414 1e+100
0 11187.7 11187.7 1e+100
5 3957.39 15829.6 1e+100
0 6278.8 6278.8 1e+100
6 10630.8 10630.8 1e+100
1 9173.97 9173.97 1e+100
5 7518.42 30073.7 1e+100
4 3134.53 6269.07 1e+100
4 8005.87 16011.7 1e+100
4 4981.27 9962.54 1e+100
55
5 173.904 695.617 1e+100
4 315.065 630.131 1e+100
3 197.944 197.944 1e+100
2 2585.24 10341 1e+100
6 264.453 264.453 1e+100
0 361.4 361.4 1e+100
1 614.101 614.101 1e+100
7 2264.09 2264.09 1e+100
5 8792.26 35169 1e+100
5 1620.47 3240.94 1e+100
3 1336.88 1336.88 1e+100
1 2264.25 2264.25 1e+100
5 3391.69 6783.38 1e+100
2 8938.82 35755.3 1e+100
5 12803.9 51215.6 1e+100
7 6842.48 13685 1e+100
4 747.695 747.695 1e+100
1 3013.74 6027.47 1e+100
6 2214.5 2214.5 1e+100
7 3034.36 6068.72 1e+100
5 17530 70120 1e+100
5 13309.5 53238 1e+100
3 1523 1523 1e+100
7 8520.51 17041 1e+100
1 8140.71 16281.4 1e+100
4 3300.13 6600.25 1e+100
1 3678.77 7357.54 1e+100
0 1452.57 1452.57 1e+100
3 4704.33 4704.33 1e+100
6 4654.36 4654.36 1e+100
7 12608.8 25217.6 1e+100
1 11734.8 23469.5 1e+100
2 3208.04 12832.2 1e+100
2 11576.8 46307.1 1e+100
2 20953.1 83812.3 1e+100
1 13331.2 26662.3 1e+100
1 8711.8 17423.6 1e+100
6 8641.35 8641.35 1e+100
3 5928.44 5928.44 1e+100
3 1624.3 1624.3 1e+100
3 7610.5 7610.5 1e+100
0 8437.89 8437.89 1e+100
4 11822.2 23644.5 1e+100
2 7217.19 28868.8 1e+100
5 5685.63 22742.5 1e+100
1 4292.1 8584.2 1e+100
2 14333.8 57335.2 1e+100
0 5986.38 5986.38 1e+100
4 8126.42 16252.8 1e+100
4 5229.1 10458.2 1e+100
5 313.201 1252.8 1e+100
0 9728.66 9728.66 1e+100
3 9373.17 9373.17 1e+100
4 13002.6 26005.1 1e+100
0 3089.23 3089.23 1e+100
65
5 371.431 742.861 1e+100
6 2453.11 2453.11 1e+100
3 148.116 148.116 1e+100
7 2532.48 5064.96 1e+100
2 307.84 1231.36 1e+100
4 230.325 230.325 1e+100
2 18674.7 74699 1e+100
1 628.121 1256.24 1e+100
5 15996.7 63986.8 1e+100
3 1861.16 1861.16 1e+100
0 614.388 614.388 1e+100
2 1526.97 1526.97 1e+100
0 2879.16 2879.16 1e+100
2 13337.2 53348.8 1e+100
4 4629.75 9259.49 1e+100
4 9490.97 18981.9 1e+100
2 3692.34 14769.4 1e+100
5 1956.01 3912.02 1e+100
3 4537.57 4537.57 1e+100
6 6898.69 6898.69 1e+100
1 1095.14 2190.29 1e+100
0 3566.34 3566.34 1e+100
1 9366.32 18732.6 1e+100
0 8749.69 8749.69 1e+100
1 2308.7 4617.4 1e+100
3 5410.45 5410.45 1e+100
3 1431.05 1431.05 1e+100
5 15775.5 63102.2 1e+100
2 17995.6 71982.5 1e+100
3 7411.96 7411.96 1e+100
1 3800.09 7600.19 1e+100
2 5422.27 10844.5 1e+100
7 7901.92 15803.8 1e+100
1 10639.7 21279.3 1e+100
0 10791.1 10791.1 1e+100
0 4298.17 4298.17 1e+100
6 8176.26 8176.26 1e+100
1 16282.3 32564.6 1e+100
7 3471.07 6942.13 1e+100
5 9139.2 36556.8 1e+100
5 1095.62 4382.47 1e+100
5 19893.5 79574.1 1e+100
5 6303.27 25213.1 1e+100
3 9656.8 9656.8 1e+100
2 10731.8 42927.1 1e+100
6 12732.4 12732.4 1e+100
4 11018.4 22036.8 1e+100
3 13405.4 13405.4 1e+100
4 13095.2 26190.5 1e+100
4 8852.63 17705.3 1e+100
0 13999 13999 1e+100
7 16980.6 16980.6 1e+100
7 10699 21398 1e+100
1 11049 22098.1 1e+100
2 1447.25 5788.99 1e+100
2 20645.9 82583.6 1e+100
2 5782.17 23128.7 1e+100
4 14471.2 28942.5 1e+100
5 3103.2 12412.8 1e+100
3 14496 14496 1e+100
4 16354.9 32709.7 1e+100
4 5498.64 10997.3 1e+100
3 10085.1 10085.1 1e+100
1 11646.7 23293.5 1e+100
3 6140.84 6140.84 1e+100
51
5 173.904 695.617 1e+100
4 315.065 630.131 1e+100
3 197.944 197.944 1e+100
2 2585.24 10341 1e+100
6 264.453 264.453 1e+100
0 361.4 361.4 1e+100
1 614.101 614.101 1e+100
7 2264.09 2264.09 1e+100
5 1451.22 5804.86 1e+100
4 11033 22066 1e+100
3 1336.88 1336.88 1e+100
0 2257.3 2257.3 1e+100
1 11988.7 23977.4 1e+100
2 14018 56072 1e+100
5 13376.9 53507.8 1e+100
1 3402.06 6804.11 1e+100
4 937.733 1875.47 1e+100
6 4938.05 4938.05 1e+100
4 4143.9 8287.81 1e+100
2 10441.4 41765.7 1e+100
0 4739.04 4739.04 1e+100
1 12429.2 24858.4 1e+100
6 620.191 620.191 1e+100
5 997.21 997.21 1e+100
0 7638.17 7638.17 1e+100
2 17899.8 71599.3 1e+100
2 14387.3 57549.2 1e+100
0 1900.61 1900.61 1e+100
7 6378.53 12757.1 1e+100
1 6762.87 13525.7 1e+100
7 2850.14 5700.27 1e+100
4 9734.5 19469 1e+100
3 2016.07 2016.07 1e+100
3 8182.92 8182.92 1e+100
6 8816.65 8816.65 1e+100
4 4909.72 9819.45 1e+100
7 12057.1 24114.3 1e+100
5 1924.06 7696.25 1e+100
5 12773.8 51095 1e+100
5 18038.5 72153.8 1e+100
2 5105.59 20422.4 1e+100
0 9530.82 9530.82 1e+100
5 6072.71 24290.9 1e+100
1 11768.8 23537.6 1e+100
2 2029.36 8117.46 1e+100
4 9699.38 19398.8 1e+100
3 8675.77 8675.77 1e+100
7 6731.25 13462.5 1e+100
3 4213.19 4213.19 1e+100
5 2339.23 9356.91 1e+100
1 1880.64 3761.27 1e+100
54
5 173.904 695.617 1e+100
4 315.065 630.131 1e+100
3 197.944 197.944 1e+100
2 2585.24 10341 1e+100
6 264.453 264.453 1e+100
0 361.4 361.4 1e+100
1 614.101 614.101 1e+100
7 2264.09 2264.09 1e+100
5 6013.94 24055.8 1e+100
5 3915.31 7830.62 1e+100
3 1336.88 1336.88 1e+100
6 4756.96 4756.96 1e+100
5 1123.8 2247.6 1e+100
2 9979.89 39919.6 1e+100
5 13375.1 53500.2 1e+100
4 1214.07 2428.13 1e+100
4 9663.4 19326.8 1e+100
1 6697.73 13395.5 1e+100
2 16551.5 66205.9 1e+100
5 9887.94 39551.7 1e+100
3 2181.07 2181.07 1e+100
2 5234 5234 1e+100
1 278.904 557.808 1e+100
6 8559.14 8559.14 1e+100
0 299.481 299.481 1e+100
3 7878.28 7878.28 1e+100
5 5687.23 5687.23 1e+100
1 11084.8 22169.5 1e+100
3 3957.97 3957.97 1e+100
0 10722.2 10722.2 1e+100
0 5911.76 5911.76 1e+100
1 1769.26 1769.26 1e+100
2 9091.73 36366.9 1e+100
4 4040.06 8080.11 1e+100
7 6605.57 13211.1 1e+100
4 1425.26 2850.51 1e+100
0 743.013 743.013 1e+100
4 9296.42 18592.8 1e+100
7 17533.3 35066.6 1e+100
7 2903.65 5807.31 1e+100
6 12402.7 12402.7 1e+100
4 15223.4 30446.9 1e+100
1 12225.3 24450.5 1e+100
3 10245 10245 1e+100
2 9797.62 39190.5 1e+100
4 10727.2 21454.4 1e+100
2 3518.08 14072.3 1e+100
3 8072.43 8072.43 1e+100
4 12626.9 25253.8 1e+100
2 17411.8 69647.2 1e+100
7 12027.1 24054.3 1e+100
5 11998.8 47995.2 1e+100
5 18512.2 74049 1e+100
1 13218.7 26437.4 1e+100
53
1 636.089 1272.18 1e+100
2 291.523 583.046 1e+100
6 2682.24 2682.24 1e+100
2 3865.48 15461.9 1e+100
3 247.088 247.088 1e+100
0 511.21 511.21 1e+100
5 606.844 2427.38 1e+100
5 5068.34 20273.4 1e+100
7 469.886 469.886 1e+100
5 2882.93 11531.7 1e+100
4 239.265 239.265 1e+100
2 1748.63 1748.63 1e+100
0 2454.6 2454.6 1e+100
4 2227.47 4454.95 1e+100
7 3693.89 7387.79 1e+100
4 4102.92 4102.92 1e+100
0 4744.14 4744.14 1e+100
3 3840.22 3840.22 1e+100
3 1908.57 1908.57 1e+100
6 6901.69 6901.69 1e+100
5 13205.9 52823.7 1e+100
2 19841.5 79366.1 1e+100
1 1950.82 3901.63 1e+100
4 4959.97 4959.97 1e+100
2 3041.74 6083.47 1e+100
3 3729.33 3729.33 1e+100
7 3716.24 7432.48 1e+100
7 5883.17 11766.3 1e+100
1 5121.75 10243.5 1e+100
0 8469.8 8469.8 1e+100
1 9911.39 19822.8 1e+100
7 12560.2 25120.3 1e+100
5 6964.93 27859.7 1e+100
6 7425.2 7425.2 1e+100
1 6023.16 12046.3 1e+100
0 2832.95 2832.95 1e+100
4 8942.97 17885.9 1e+100
4 4765.32 9530.63 1e+100
1 10488.3 20976.6 1e+100
3 5572.12 5572.12 1e+100
4 12811.6 25623.1 1e+100
1 962.999 1926 1e+100
3 7076.86 7076.86 1e+100
5 3736.36 14945.4 1e+100
4 6212.18 12424.4 1e+100
5 1348.67 5394.69 1e+100
3 3033.44 3033.44 1e+100
4 10215 20430 1e+100
2 9324.04 37296.1 1e+100
7 6004.24 12008.5 1e+100
2 2475.47 9901.89 1e+100
5 11856.8 47427.1 1e+100
1 11059.3 22118.5 1e+100
54
5 318.099 1272.39 1e+100
2 324.932 324.932 1e+100
2 7191.11 14382.2 1e+100
4 7579.52 15159 1e+100
7 1625.77 3251.54 1e+100
6 2670.89 2670.89 1e+100
0 582.402 582.402 1e+100
2 16351.6 65406.3 1e+100
5 18278.5 73114 1e+100
7 10001.1 20002.2 1e+100
1 489.905 979.809 1e+100
1 2815.71 2815.71 1e+100
7 4964.24 9928.47 1e+100
4 277.141 554.281 1e+100
2 2536.69 5073.37 1e+100
1 11517.8 23035.6 1e+100
1 5165.09 10330.2 1e+100
3 182.315 182.315 1e+100
5 11469.3 45877.2 1e+100
7 6443.69 12887.4 1e+100
5 826.327 1652.65 1e+100
3 4074.55 4074.55 1e+100
4 2183.15 4366.3 1e+100
5 3015.37 12061.5 1e+100
0 3102.91 3102.91 1e+100
1 11755.6 23511.2 1e+100
6 4332.07 4332.07 1e+100
0 674.942 674.942 1e+100
6 7020.19 7020.19 1e+100
0 8942.81 8942.81 1e+100
0 6388.67 6388.67 1e+100
4 7862.8 15725.6 1e+100
7 14559.5 14559.5 1e+100
5 10820.3 43281.3 1e+100
5 4656.85 18627.4 1e+100
7 9326 18652 1e+100
1 11721 23441.9 1e+100
3 10499.7 10499.7 1e+100
3 4503.22 4503.22 1e+100
3 8701.85 8701.85 1e+100
6 13695 13695 1e+100
4 11295.8 11295.8 1e+100
3 12055.5 12055.5 1e+100
0 9434.93 9434.93 1e+100
4 12956.5 12956.5 1e+100
0 11701.2 11701.2 1e+100
2 2546.73 10186.9 1e+100
3 6089.33 6089.33 1e+100
6 7219.66 7219.66 1e+100
0 1440.37 1440.37 1e+100
2 5869.74 23479 1e+100
4 2735.02 5470.03 1e+100
4 7170.26 14340.5 1e+100
1 2786.19 5572.38 1e+100
55
5 318.099 1272.39 1e+100
2 324.932 324.932 1e+100
4 3295.51 6591.02 1e+100
1 6380.17 12760.3 1e+100
7 1625.77 3251.54 1e+100
6 2670.89 2670.89 1e+100
0 582.402 582.402 1e+100
2 18995.6 75982.3 1e+100
5 12320.8 49283.4 1e+100
7 8417.26 16834.5 1e+100
1 489.905 979.809 1e+100
1 2815.71 2815.71 1e+100
5 5265.43 10530.9 1e+100
4 277.141 554.281 1e+100
2 2536.69 5073.37 1e+100
5 1503.47 3006.93 1e+100
7 17923.1 35846.2 1e+100
3 182.315 182.315 1e+100
2 16014.5 64058 1e+100
7 4859.87 9719.74 1e+100
4 3548.92 7097.85 1e+100
3 4074.55 4074.55 1e+100
1 12819.5 25639.1 1e+100
2 12426.3 49705.2 1e+100
0 3102.91 3102.91 1e+100
1 6057.7 12115.4 1e+100
6 8543.9 8543.9 1e+100
0 674.942 674.942 1e+100
6 11232 11232 1e+100
0 4368.74 4368.74 1e+100
6 4509.44 4509.44 1e+100
7 812.441 812.441 1e+100
3 10861.2 10861.2 1e+100
2 17808.7 71235 1e+100
4 2919 5838.01 1e+100
7 6370.78 12741.6 1e+100
4 7464.43 14928.9 1e+100
0 5703.72 5703.72 1e+100
1 6332.34 12664.7 1e+100
5 11750.9 23501.9 1e+100
1 12428.6 24857.1 1e+100
0 7905.72 7905.72 1e+100
4 11297.7 22595.5 1e+100
4 4607.15 9214.3 1e+100
3 6024.25 6024.25 1e+100
5 3372.82 13491.3 1e+100
4 8841.63 17683.3 1e+100
2 1221.74 4886.95 1e+100
3 3851.65 3851.65 1e+100
4 12801.9 25603.9 1e+100
2 4723.89 18895.6 1e+100
1 14299 28597.9 1e+100
5 14462.4 57849.8 1e+100
2 19605.1 78420.6 1e+100
4 13969.9 27939.9 1e+100
52
5 318.099 1272.39 1e+100
2 324.932 324.932 1e+100
4 3295.51 6591.02 1e+100
1 3483.22 6966.44 1e+100
7 1625.77 3251.54 1e+100
6 2670.89 2670.89 1e+100
0 582.402 582.402 1e+100
2 2483.62 9934.48 1e+100
5 8411.35 33645.4 1e+100
7 5078.54 10157.1 1e+100
1 489.905 979.809 1e+100
3 4625.27 4625.27 1e+100
7 8041.19 16082.4 1e+100
4 277.141 554.281 1e+100
5 2558.69 5117.38 1e+100
1 5360.55 10721.1 1e+100
2 11169.5 22339 1e+100
3 182.315 182.315 1e+100
2 14704.7 58818.9 1e+100
0 1839.72 1839.72 1e+100
4 3541.06 7082.12 1e+100
0 4215.52 4215.52 1e+100
7 9503.09 19006.2 1e+100
0 7024.44 7024.44 1e+100
1 5845.98 11692 1e+100
0 9028.22 9028.22 1e+100
3 535.924 535.924 1e+100
6 11499.4 11499.4 1e+100
6 5160.77 5160.77 1e+100
1 9498.96 18997.9 1e+100
0 10411.6 10411.6 1e+100
2 1728.45 6913.8 1e+100
2 14244.6 56978.5 1e+100
7 10471.2 20942.5 1e+100
4 2822.28 5644.56 1e+100
3 9900.53 9900.53 1e+100
7 14140.8 14140.8 1e+100
3 8102.7 8102.7 1e+100
3 11958 11958 1e+100
4 10239.3 10239.3 1e+100
3 5683.1 5683.1 1e+100
4 12026 12026 1e+100
4 5270.53 5270.53 1e+100
5 11632.3 11632.3 1e+100
2 2206.68 8826.7 1e+100
3 1127.46 1127.46 1e+100
0 11902.9 11902.9 1e+100
3 2769.5 2769.5 1e+100
5 7023.39 28093.6 1e+100
1 3931.05 7862.1 1e+100
1 8858.07 17716.1 1e+100
4 6370.95 12741.9 1e+100
38
5 173.904 695.617 1e+100
4 315.065 630.131 1e+100
3 197.944 197.944 1e+100
2 2585.24 10341 1e+100
6 264.453 264.453 1e+100
0 361.4 361.4 1e+100
1 614.101 614.101 1e+100
7 2264.09 2264.09 1e+100
5 8145.76 32583 1e+100
1 2765.64 5531.28 1e+100
3 1336.88 1336.88 1e+100
0 2257.3 2257.3 1e+100
4 1495.89 2991.78 1e+100
2 11607.1 46428.6 1e+100
5 9346.83 37387.3 1e+100
5 1720.15 3440.31 1e+100
3 3200.43 3200.43 1e+100
1 3129.79 6259.58 1e+100
6 2214.5 2214.5 1e+100
7 3034.36 6068.72 1e+100
0 2080.73 2080.73 1e+100
1 3627.23 3627.23 1e+100
4 2887.05 5774.1 1e+100
4 621.922 621.922 1e+100
5 8607.03 34428.1 1e+100
5 11541.8 46167.1 1e+100
4 5404.64 10809.3 1e+100
2 5149.22 20596.9 1e+100
3 2670.87 2670.87 1e+100
2 9230.16 36920.6 1e+100
7 5973.55 11947.1 1e+100
5 779.052 3116.21 1e+100
1 3675.8 7351.6 1e+100
6 5141.71 5141.71 1e+100
7 1784.2 3568.41 1e+100
0 2247.15 2247.15 1e+100
2 1040.67 4162.68 1e+100
1 5236.61 10473.2 1e+100
62
5 318.099 1272.39 1e+100
2 324.932 324.932 1e+100
1 3420.05 6840.1 1e+100
4 3084.44 6168.88 1e+100
7 1625.77 3251.54 1e+100
6 2670.89 2670.89 1e+100
0 582.402 582.402 1e+100
5 9864.73 39458.9 1e+100
5 14629.3 58517 1e+100
2 3206.41 6412.82 1e+100
1 489.905 979.809 1e+100
3 2896.8 2896.8 1e+100
5 5708.16 11416.3 1e+100
4 277.141 554.281 1e+100
4 5209.94 10419.9 1e+100
1 4736.92 9473.84 1e+100
7 11381.8 22763.5 1e+100
3 182.315 182.315 1e+100
5 18114.7 72458.7 1e+100
0 8743.51 8743.51 1e+100
5 859.727 1719.45 1e+100
0 5382.39 5382.39 1e+100
7 13853.3 27706.6 1e+100
6 9449.57 9449.57 1e+100
4 9447.82 18895.6 1e+100
0 478.961 478.961 1e+100
3 5332.7 5332.7 1e+100
2 22363.1 89452.6 1e+100
2 18850.6 75402.4 1e+100
0 1959.12 1959.12 1e+100
7 2465.21 4930.42 1e+100
1 3644.25 7288.51 1e+100
7 5206.05 10412.1 1e+100
1 5778.79 11557.6 1e+100
0 10296.1 10296.1 1e+100
3 1491.17 1491.17 1e+100
6 2698.65 2698.65 1e+100
4 5234.88 10469.8 1e+100
7 15463.6 30927.1 1e+100
2 2275.06 9100.25 1e+100
5 17602.3 70409.1 1e+100
5 22867 91467.9 1e+100
1 9236.78 18473.6 1e+100
1 14046.3 28092.6 1e+100
3 4578.92 4578.92 1e+100
3 6944.75 6944.75 1e+100
3 8747.27 8747.27 1e+100
6 12302.4 12302.4 1e+100
3 10416.1 10416.1 1e+100
4 12828.8 25657.5 1e+100
2 13340.4 53361.7 1e+100
2 7817.67 31270.7 1e+100
1 6392.12 12784.2 1e+100
2 4267.96 17071.9 1e+100
3 11671.6 11671.6 1e+100
1 10442.7 20885.4 1e+100
4 8042.11 16084.2 1e+100
2 9750.06 39000.2 1e+100
0 12520.8 12520.8 1e+100
4 14168.3 14168.3 1e+100
4 9881.19 19762.4 1e+100
3 12509.8 12509.8 1e+100
55
5 318.099 1272.39 1e+100
2 324.932 324.932 1e+100
1 5206.61 10413.2 1e+100
4 7502.7 15005.4 1e+100
7 1625.77 3251.54 1e+100
6 2670.89 2670.89 1e+100
0 582.402 582.402 1e+100
2 11894.9 47579.6 1e+100
5 15490.9 61963.6 1e+100
2 3206.41 6412.82 1e+100
1 489.905 979.809 1e+100
3 4625.27 4625.27 1e+100
7 4964.24 9928.47 1e+100
4 277.141 554.281 1e+100
4 9628.21 19256.4 1e+100
4 13398.9 26797.9 1e+100
5 2069.95 4139.9 1e+100
3 182.315 182.315 1e+100
2 13981.8 55927.1 1e+100
0 10705.8 10705.8 1e+100
1 1144.36 2288.72 1e+100
0 7344.71 7344.71 1e+100
4 2049.7 4099.4 1e+100
7 6936.51 6936.51 1e+100
1 14015.6 28031.3 1e+100
0 478.961 478.961 1e+100
3 535.924 535.924 1e+100
6 10832.1 10832.1 1e+100
7 9033.24 18066.5 1e+100
0 11414 11414 1e+100
2 13344.5 53378 1e+100
3 4987.48 4987.48 1e+100
5 7775.71 31102.8 1e+100
0 2085.99 2085.99 1e+100
1 5146.32 10292.6 1e+100
1 9241.32 18482.6 1e+100
1 13225.4 26450.7 1e+100
6 3675.26 3675.26 1e+100
3 11101 11101 1e+100
0 11780.8 11780.8 1e+100
6 13899.2 13899.2 1e+100
3 1808.46 1808.46 1e+100
4 14472.1 28944.3 1e+100
5 15222.8 60891.1 1e+100
2 3609.84 14439.4 1e+100
7 10603.5 21206.9 1e+100
5 2037.12 8148.5 1e+100
3 8856.2 8856.2 1e+100
4 10776.3 21552.6 1e+100
1 5818 11636 1e+100
2 515.687 2062.75 1e+100
3 5074.47 5074.47 1e+100
3 12050 12050 1e+100
1 832.702 1665.4 1e+100
0 12449.8 12449.8 1e+100
61
5 318.099 1272.39 1e+100
2 324.932 324.932 1e+100
4 3295.51 6591.02 1e+100
7 10904.7 21809.3 1e+100
7 1625.77 3251.54 1e+100
6 2670.89 2670.89 1e+100
0 582.402 582.402 1e+100
2 27140.9 108564 1e+100
5 26569.5 106278 1e+100
5 3064.85 6129.69 1e+100
1 489.905 979.809 1e+100
3 2896.8 2896.8 1e+100
4 20942.2 41884.5 1e+100
4 277.141 554.281 1e+100
1 2658.83 5317.67 1e+100
2 1766.12 3532.23 1e+100
7 14992.7 29985.3 1e+100
3 182.315 182.315 1e+100
2 20575.7 82302.9 1e+100
2 13906.1 55624.3 1e+100
7 4793.87 9587.73 1e+100
1 13020.8 26041.5 1e+100
3 3340.83 3340.83 1e+100
0 657.592 657.592 1e+100
2 2145.04 4290.09 1e+100
7 1765.34 3530.67 1e+100
2 20611.4 82445.6 1e+100
5 12687.5 50750.2 1e+100
0 2724.9 2724.9 1e+100
4 2511.47 5022.93 1e+100
1 4980.45 9960.9 1e+100
7 15278.5 30556.9 1e+100
1 9307.27 18614.5 1e+100
0 5324.94 5324.94 1e+100
6 8134.19 8134.19 1e+100
6 2698.65 2698.65 1e+100
4 11582.1 23164.3 1e+100
1 2380.1 4760.19 1e+100
2 6634.27 26537.1 1e+100
2 14069.2 56276.9 1e+100
5 16734 66936 1e+100
1 5867.54 11735.1 1e+100
1 13162.8 26325.7 1e+100
6 12948.5 12948.5 1e+100
3 4769.97 4769.97 1e+100
3 3005.84 3005.84 1e+100
3 9885.32 9885.32 1e+100
0 8263.45 8263.45 1e+100
4 6169.46 12338.9 1e+100
5 1960.51 7842.05 1e+100
2 7773.27 31093.1 1e+100
4 8290.28 16580.6 1e+100
5 6081.87 24327.5 1e+100
3 7803.29 7803.29 1e+100
1 14706.5 29413.1 1e+100
4 3441.24 6882.47 1e+100
2 2360.31 9441.25 1e+100
0 9554.21 9554.21 1e+100
3 11648 11648 1e+100
4 11642.4 23284.9 1e+100
3 5208.18 5208.18 1e+100
49
5 318.099 1272.39 1e+100
2 324.932 324.932 1e+100
4 3295.51 6591.02 1e+100
4 7252.28 14504.6 1e+100
7 1625.77 3251.54 1e+100
6 2670.89 2670.89 1e+100
0 582.402 582.402 1e+100
2 14450.9 57803.4 1e+100
5 5766.41 23065.7 1e+100
1 3313.58 6627.16 1e+100
1 489.905 979.809 1e+100
0 3212.62 3212.62 1e+100
4 16538.3 33076.6 1e+100
4 277.141 554.281 1e+100
2 2536.69 5073.37 1e+100
4 4271.16 8542.32 1e+100
7 5112.53 10225.1 1e+100
3 182.315 182.315 1e+100
5 1107.89 4431.55 1e+100
1 8694.74 17389.5 1e+100
3 4486.67 4486.67 1e+100
4 11463.6 22927.2 1e+100
3 576.596 576.596 1e+100
7 5582.57 11165.1 1e+100
1 3263.78 3263.78 1e+100
0 9138.94 9138.94 1e+100
0 4328.54 4328.54 1e+100
6 7977.72 7977.72 1e+100
2 5824.17 23296.7 1e+100
2 7361.48 14723 1e+100
7 5431.2 10862.4 1e+100
1 11446.3 22892.5 1e+100
0 10732 10732 1e+100
3 4239.19 4239.19 1e+100
3 6735.34 6735.34 1e+100
5 11806.4 11806.4 1e+100
7 13346 13346 1e+100
5 9167.2 9167.2 1e+100
3 9560.07 9560.07 1e+100
6 11283.6 11283.6 1e+100
3 11351.2 11351.2 1e+100
2 983.376 3933.5 1e+100
3 7542.5 7542.5 1e+100
6 1571.51 1571.51 1e+100
2 11265.3 11265.3 1e+100
5 4378.45 17513.8 1e+100
4 4960.75 9921.51 1e+100
1 6801.83 13603.7 1e+100
4 2199.41 4398.83 1e+100
55
5 173.904 695.617 1e+100
4 315.065 630.131 1e+100
3 197.944 197.944 1e+100
2 2585.24 10341 1e+100
6 264.453 264.453 1e+100
0 361.4 361.4 1e+100
1 614.101 614.101 1e+100
7 2264.09 2264.09 1e+100
5 10445.3 41781.2 1e+100
1 4850.98 9701.95 1e+100
0 4725.42 4725.42 1e+100
6 7390.66 7390.66 1e+100
5 1123.8 2247.6 1e+100
2 10584.9 42339.6 1e+100
5 2967.46 11869.8 1e+100
4 3061.59 6123.18 1e+100
1 1573.55 3147.1 1e+100
3 2774.11 2774.11 1e+100
1 6209.87 12419.7 1e+100
2 7008.32 28033.3 1e+100
0 629.096 629.096 1e+100
4 5987.1 11974.2 1e+100
6 620.191 620.191 1e+100
3 5511.73 5511.73 1e+100
7 6787.89 6787.89 1e+100
0 6678.01 6678.01 1e+100
0 4123.87 4123.87 1e+100
7 10202.1 20404.2 1e+100
6 10587.1 10587.1 1e+100
2 13357.6 53430.5 1e+100
5 11830.6 47322.3 1e+100
7 2932.22 5864.43 1e+100
2 2578.73 10314.9 1e+100
3 7045.46 7045.46 1e+100
2 9410.52 37642.1 1e+100
0 9939.09 9939.09 1e+100
1 13042.8 26085.6 1e+100
3 8791.68 8791.68 1e+100
4 6199.75 12399.5 1e+100
1 10150.6 20301.2 1e+100
0 7656.2 7656.2 1e+100
0 12134.9 12134.9 1e+100
7 14825.8 29651.6 1e+100
1 5608.23 11216.5 1e+100
5 3515.48 14061.9 1e+100
5 16015.8 64063.1 1e+100
5 726.7 2906.8 1e+100
4 9701.39 19402.8 1e+100
5 7043.59 28174.3 1e+100
3 9882.29 9882.29 1e+100
4 11585 23170 1e+100
4 7076.43 14152.9 1e+100
3 11529.1 11529.1 1e+100
1 6205.93 12411.9 1e+100
3 3529.5 3529.5 1e+100
45
1 636.089 1272.18 1e+100
2 291.523 583.046 1e+100
6 2682.24 2682.24 1e+100
2 5414.72 21658.9 1e+100
3 247.088 247.088 1e+100
0 511.21 511.21 1e+100
5 606.844 2427.38 1e+100
2 11369.6 45478.4 1e+100
7 469.886 469.886 1e+100
5 7637 30548 1e+100
4 239.265 239.265 1e+100
2 1748.63 1748.63 1e+100
4 2873.1 2873.1 1e+100
4 5754.51 11509 1e+100
7 3693.89 7387.79 1e+100
3 7828.89 7828.89 1e+100
5 2574.36 2574.36 1e+100
0 8158.23 8158.23 1e+100
0 5737.97 5737.97 1e+100
3 2732.35 2732.35 1e+100
5 14568.6 58274.4 1e+100
2 14334.7 57338.7 1e+100
1 1950.82 3901.63 1e+100
0 1152.23 1152.23 1e+100
2 1218.69 2437.37 1e+100
1 3317.36 3317.36 1e+100
7 3716.24 7432.48 1e+100
3 7621.56 7621.56 1e+100
0 8411.73 8411.73 1e+100
6 3223.29 3223.29 1e+100
6 6186.54 6186.54 1e+100
2 5120.78 20483.1 1e+100
4 8404.69 16809.4 1e+100
7 3564.88 7129.76 1e+100
5 468.277 1873.11 1e+100
3 8439.24 8439.24 1e+100
5 6930.26 27721 1e+100
4 2254.12 4508.25 1e+100
2 1321.28 5285.12 1e+100
1 2703.2 5406.41 1e+100
6 9235.02 9235.02 1e+100
1 6539.74 13079.5 1e+100
3 150.865 150.865 1e+100
5 3196.77 12787.1 1e+100
4 3817.2 7634.4 1e+100
