63
5 444.783 1779.13 1e+100
8 3267.58 3267.58 1e+100
2 11588.5 46353.8 1e+100
0 565.46 565.46 1e+100
9 297.973 297.973 1e+100
1 489.665 979.33 1e+100
3 167.2 167.2 1e+100
2 3956.6 15826.4 1e+100
9 2279.25 2279.25 1e+100
4 6397.82 12795.6 1e+100
6 1917.67 1917.67 1e+100
2 295.647 1182.59 1e+100
7 2443.94 4887.87 1e+100
4 258.28 516.56 1e+100
5 13643.7 54574.8 1e+100
7 6167.31 12334.6 1e+100
7 12194.3 24388.5 1e+100
5 3120.07 12480.3 1e+100
0 2247.83 2247.83 1e+100
3 1646.43 1646.43 1e+100
2 12340.5 49362.1 1e+100
7 8340.82 16681.6 1e+100
4 13159.3 26318.7 1e+100
4 2486.28 4972.56 1e+100
2 13861.5 55446 1e+100
2 1090.05 2180.1 1e+100
9 4678.59 4678.59 1e+100
1 6835.69 13671.4 1e+100
9 7634.24 7634.24 1e+100
3 11870.8 11870.8 1e+100
1 706.379 1412.76 1e+100
0 9299.39 9299.39 1e+100
8 14337.8 28675.5 1e+100
0 4406.16 4406.16 1e+100
4 8444.57 16889.1 1e+100
6 8012.8 8012.8 1e+100
3 8331.82 8331.82 1e+100
8 7247.14 28988.5 1e+100
5 17196.8 68787.1 1e+100
0 5876.13 5876.13 1e+100
1 1303.57 2607.13 1e+100
1 11357.8 22715.5 1e+100
7 11752.3 23504.6 1e+100
4 13294.3 26588.5 1e+100
9 10911.1 10911.1 1e+100
3 458.149 458.149 1e+100
6 1283.47 1283.47 1e+100
4 4231.63 8463.25 1e+100
1 5944.16 11888.3 1e+100
5 5809.62 23238.5 1e+100
2 13129.1 52516.5 1e+100
8 15395.2 61581 1e+100
5 2825.89 11303.6 1e+100
9 5746.96 5746.96 1e+100
5 11380.8 45523.4 1e+100
1 11451.4 22902.7 1e+100
2 693.32 2773.28 1e+100
1 6890.62 13781.2 1e+100
3 951.006 951.006 1e+100
7 11671.8 23343.5 1e+100
3 3060.58 3060.58 1e+100
2 2175.58 8702.32 1e+100
4 12477.3 24954.5 1e+100
63
4 276.138 552.276 1e+100
1 599.336 1198.67 1e+100
5 271.358 271.358 1e+100
2 296.525 1186.1 1e+100
6 2318.85 2318.85 1e+100
3 894.814 894.814 1e+100
2 6278.17 25112.7 1e+100
5 2167.91 8671.66 1e+100
9 4978.93 4978.93 1e+100
5 4150.8 16603.2 1e+100
9 283.822 283.822 1e+100
0 551.024 551.024 1e+100
0 2814.96 2814.96 1e+100
4 4057.69 8115.37 1e+100
7 1198.2 2396.39 1e+100
0 5448.32 5448.32 1e+100
8 2979.51 2979.51 1e+100
6 8013.47 8013.47 1e+100
4 1638.17 1638.17 1e+100
2 2000.35 2000.35 1e+100
5 5374.82 21499.3 1e+100
8 12405.2 49621 1e+100
7 4805.69 9611.38 1e+100
1 624.169 1248.34 1e+100
1 4921.79 9843.58 1e+100
5 15809.7 63239 1e+100
5 6452.05 25808.2 1e+100
6 12674.9 12674.9 1e+100
3 619.241 619.241 1e+100
1 2209.9 4419.8 1e+100
0 12181.5 12181.5 1e+100
3 1945.24 1945.24 1e+100
3 9061.87 9061.87 1e+100
3 12536.9 12536.9 1e+100
7 12235.1 24470.2 1e+100
9 7884.27 7884.27 1e+100
8 13277.8 26555.6 1e+100
3 3525.24 3525.24 1e+100
2 7430.34 29721.4 1e+100
0 6543.21 6543.21 1e+100
5 10362.1 41448.2 1e+100
7 13517.6 13517.6 1e+100
7 7336.09 14672.2 1e+100
4 5218.53 10437.1 1e+100
1 5396.43 10792.9 1e+100
0 7187.52 7187.52 1e+100
9 11703.4 11703.4 1e+100
0 3082.41 3082.41 1e+100
3 3453.45 3453.45 1e+100
2 12508.4 12508.4 1e+100
4 6715.72 13431.4 1e+100
2 9472.93 37891.7 1e+100
2 2763.65 11054.6 1e+100
4 8836.54 17673.1 1e+100
8 3916.7 15666.8 1e+100
1 12429.6 12429.6 1e+100
4 953.153 1906.31 1e+100
1 9830.03 19660.1 1e+100
5 5017.02 20068.1 1e+100
0 11533.2 11533.2 1e+100
4 10256.1 10256.1 1e+100
1 6769.95 13539.9 1e+100
9 8060.75 8060.75 1e+100
42
8 3138.66 6277.32 1e+100
4 110.598 110.598 1e+100
9 296.588 296.588 1e+100
1 632.472 1264.94 1e+100
5 290.732 1162.93 1e+100
0 638.506 638.506 1e+100
5 4478.61 17914.4 1e+100
7 2513.34 5026.68 1e+100
2 309.893 1239.57 1e+100
3 145.938 145.938 1e+100
6 2720.09 2720.09 1e+100
3 2147.33 2147.33 1e+100
9 2179.83 2179.83 1e+100
5 2003.03 8012.11 1e+100
8 7109.18 14218.4 1e+100
2 2320.48 4640.95 1e+100
5 6014.73 24058.9 1e+100
4 1497.33 2994.66 1e+100
0 1830.35 1830.35 1e+100
2 4142.81 8285.61 1e+100
1 1162.77 1162.77 1e+100
1 4001.49 8002.98 1e+100
4 1668.96 1668.96 1e+100
1 6897.72 13795.4 1e+100
0 1960.14 1960.14 1e+100
9 2315.84 2315.84 1e+100
6 3838.55 3838.55 1e+100
3 2057.09 2057.09 1e+100
2 7046.68 28186.7 1e+100
4 4479.02 8958.04 1e+100
7 1821.08 3642.17 1e+100
5 6200.04 24800.2 1e+100
0 2810.2 2810.2 1e+100
2 7367.9 29471.6 1e+100
4 5752.68 11505.4 1e+100
2 3247.18 12988.7 1e+100
4 1058.2 2116.4 1e+100
9 2467.36 2467.36 1e+100
7 7117.15 14234.3 1e+100
3 2990.09 2990.09 1e+100
5 2085.1 8340.4 1e+100
5 6893.53 13787.1 1e+100
46
8 3247.1 12988.4 1e+100
5 295.182 295.182 1e+100
2 163.775 327.55 1e+100
4 232.672 465.343 1e+100
1 415.465 830.93 1e+100
6 2670.89 2670.89 1e+100
9 278.799 278.799 1e+100
5 8063.91 32255.7 1e+100
8 8249.8 32999.2 1e+100
7 935.94 1871.88 1e+100
1 4989.78 9979.56 1e+100
3 187.29 187.29 1e+100
2 2279.66 4559.32 1e+100
1 7192.66 14385.3 1e+100
7 8933.47 17866.9 1e+100
1 2397.44 4794.88 1e+100
4 4349.07 8698.13 1e+100
0 600.949 600.949 1e+100
5 1503.13 6012.52 1e+100
9 1840.62 1840.62 1e+100
4 655.953 1311.91 1e+100
3 5742.49 5742.49 1e+100
7 3748.63 7497.27 1e+100
6 6439.18 6439.18 1e+100
1 7504.26 15008.5 1e+100
3 488.404 488.404 1e+100
3 2700.95 2700.95 1e+100
0 3696.52 3696.52 1e+100
7 225.997 451.994 1e+100
0 441.025 441.025 1e+100
8 10169.7 40678.8 1e+100
3 6847.45 6847.45 1e+100
5 1232.44 4929.77 1e+100
9 3898.49 3898.49 1e+100
4 7017.96 14035.9 1e+100
2 808.257 3233.03 1e+100
9 5978.4 5978.4 1e+100
2 2515.26 10061.1 1e+100
4 3202.22 6404.44 1e+100
5 5665.99 22664 1e+100
1 6380.03 12760.1 1e+100
0 6598.46 6598.46 1e+100
7 6633.9 13267.8 1e+100
0 4187.28 4187.28 1e+100
2 4225.62 16902.5 1e+100
2 6718.4 13436.8 1e+100
53
8 3138.66 6277.32 1e+100
4 110.598 110.598 1e+100
9 296.588 296.588 1e+100
1 632.472 1264.94 1e+100
5 290.732 1162.93 1e+100
0 638.506 638.506 1e+100
5 2205.78 8823.14 1e+100
7 2513.34 5026.68 1e+100
2 309.893 1239.57 1e+100
3 145.938 145.938 1e+100
6 2720.09 2720.09 1e+100
0 2892.66 2892.66 1e+100
3 2358.83 2358.83 1e+100
2 2347.53 9390.12 1e+100
5 6939.34 13878.7 1e+100
1 2251 4502 1e+100
2 3858.35 15433.4 1e+100
4 1497.33 2994.66 1e+100
9 785.685 785.685 1e+100
9 3720.47 3720.47 1e+100
4 3093.18 6186.36 1e+100
0 3775 3775 1e+100
1 7829.88 15659.8 1e+100
1 2469.17 2469.17 1e+100
4 4661.94 9323.87 1e+100
3 2788.96 2788.96 1e+100
3 5001.5 5001.5 1e+100
2 6313.7 6313.7 1e+100
9 5741 5741 1e+100
6 3838.55 3838.55 1e+100
0 5638.68 5638.68 1e+100
5 7745.86 30983.4 1e+100
4 4896.86 9793.72 1e+100
7 1821.08 3642.17 1e+100
4 7001.51 14003 1e+100
3 6256.03 6256.03 1e+100
2 7602.09 15204.2 1e+100
7 10140.6 20281.1 1e+100
1 1987.55 3975.11 1e+100
9 6954.73 6954.73 1e+100
4 8776.39 17552.8 1e+100
1 7270.89 14541.8 1e+100
6 6717.4 6717.4 1e+100
2 1366.13 5464.51 1e+100
2 9494.09 18988.2 1e+100
5 8584.7 34338.8 1e+100
3 3590.4 3590.4 1e+100
4 10280.6 20561.2 1e+100
8 1719.58 6878.3 1e+100
8 7180.26 14360.5 1e+100
8 10232.4 40929.8 1e+100
8 3561.82 14247.3 1e+100
1 8264.35 16528.7 1e+100
59
4 276.138 552.276 1e+100
1 599.336 1198.67 1e+100
5 271.358 271.358 1e+100
2 296.525 1186.1 1e+100
6 2318.85 2318.85 1e+100
3 894.814 894.814 1e+100
5 10011.6 40046.3 1e+100
2 12568.3 50273.3 1e+100
2 4381.52 4381.52 1e+100
5 12287.6 49150.6 1e+100
9 283.822 283.822 1e+100
0 551.024 551.024 1e+100
0 2814.96 2814.96 1e+100
4 1976.84 3953.69 1e+100
7 1198.2 2396.39 1e+100
3 2626.39 2626.39 1e+100
8 2979.51 2979.51 1e+100
4 3778.07 3778.07 1e+100
9 2101.61 2101.61 1e+100
1 2291.74 2291.74 1e+100
5 1206.52 4826.09 1e+100
8 12690.3 50761.2 1e+100
5 2635.3 10541.2 1e+100
7 2517.99 5035.98 1e+100
4 6630.08 13260.2 1e+100
0 3067.01 3067.01 1e+100
0 5371.76 5371.76 1e+100
1 6236.98 12474 1e+100
7 6512.83 13025.7 1e+100
6 5066.22 5066.22 1e+100
3 1791.97 1791.97 1e+100
1 10797.6 21595.2 1e+100
9 1048.38 1048.38 1e+100
5 10443.8 41775.4 1e+100
8 5699.34 22797.4 1e+100
7 2705.73 5411.46 1e+100
5 2431.69 9726.78 1e+100
6 9628.74 9628.74 1e+100
2 4614.09 18456.3 1e+100
3 6157.33 6157.33 1e+100
4 1133.14 2266.28 1e+100
9 1842.49 1842.49 1e+100
4 7270.13 14540.3 1e+100
4 9375.16 18750.3 1e+100
0 5729.54 5729.54 1e+100
3 4212.28 4212.28 1e+100
1 907.268 1814.54 1e+100
1 6954.74 13909.5 1e+100
2 9721.31 38885.2 1e+100
8 11936.4 47745.8 1e+100
2 11737.5 46949.8 1e+100
4 10832.1 21664.2 1e+100
5 10725.4 42901.8 1e+100
9 5016.01 5016.01 1e+100
1 10931.8 21863.5 1e+100
7 7461.04 14922.1 1e+100
9 2606.49 2606.49 1e+100
7 12949.7 25899.4 1e+100
3 866.273 866.273 1e+100
57
8 3247.1 12988.4 1e+100
5 295.182 295.182 1e+100
2 163.775 327.55 1e+100
4 232.672 465.343 1e+100
1 415.465 830.93 1e+100
6 2670.89 2670.89 1e+100
9 278.799 278.799 1e+100
2 7522.07 30088.3 1e+100
8 8249.8 32999.2 1e+100
7 935.94 1871.88 1e+100
2 5388.74 10777.5 1e+100
3 187.29 187.29 1e+100
2 2279.66 4559.32 1e+100
1 8549.95 17099.9 1e+100
1 4618.09 9236.17 1e+100
4 7625.57 15251.1 1e+100
7 5431.03 10862.1 1e+100
0 600.949 600.949 1e+100
5 11004.9 44019.5 1e+100
4 2787.67 5575.34 1e+100
1 1287.69 2575.38 1e+100
5 3216.16 3216.16 1e+100
7 8061.35 16122.7 1e+100
2 8475.26 33901 1e+100
9 541.223 541.223 1e+100
4 7809.55 15619.1 1e+100
3 2170.33 2170.33 1e+100
0 3447.46 3447.46 1e+100
6 4386.49 4386.49 1e+100
0 6044.46 6044.46 1e+100
7 225.997 451.994 1e+100
0 441.025 441.025 1e+100
2 12126.7 48507 1e+100
3 5078.18 5078.18 1e+100
5 10734.2 42936.7 1e+100
9 2478.9 2478.9 1e+100
7 9419.53 18839.1 1e+100
1 8737.48 17475 1e+100
4 7842.23 15684.5 1e+100
6 6689.71 6689.71 1e+100
3 7159.47 7159.47 1e+100
9 4871.95 4871.95 1e+100
0 7070.47 7070.47 1e+100
3 8908.98 8908.98 1e+100
1 10617.6 21235.1 1e+100
8 13392.1 53568.6 1e+100
2 7460.06 29840.2 1e+100
5 11655.6 23311.2 1e+100
8 7232.04 28928.1 1e+100
9 8944.78 8944.78 1e+100
7 13241.1 26482.1 1e+100
1 5314.17 10628.3 1e+100
5 3088.36 12353.5 1e+100
0 8921.28 8921.28 1e+100
9 6189.14 6189.14 1e+100
4 9156.92 18313.8 1e+100
3 4022.08 4022.08 1e+100
56
4 276.138 552.276 1e+100
1 599.336 1198.67 1e+100
5 271.358 271.358 1e+100
2 296.525 1186.1 1e+100
6 2318.85 2318.85 1e+100
3 894.814 894.814 1e+100
8 18421.3 73685.3 1e+100
5 4304.34 17217.4 1e+100
2 4381.52 4381.52 1e+100
5 13743.8 54975 1e+100
9 283.822 283.822 1e+100
0 551.024 551.024 1e+100
0 2814.96 2814.96 1e+100
4 1976.84 3953.69 1e+100
7 1198.2 2396.39 1e+100
9 4133.79 4133.79 1e+100
8 2979.51 2979.51 1e+100
9 1991.91 1991.91 1e+100
4 3754.71 3754.71 1e+100
1 2291.74 2291.74 1e+100
5 1206.52 4826.09 1e+100
8 12405.2 49621 1e+100
2 7191.45 28765.8 1e+100
7 2517.99 5035.98 1e+100
1 3694.86 7389.71 1e+100
3 767.753 767.753 1e+100
3 3649.98 3649.98 1e+100
5 4442.01 8884.02 1e+100
7 3144.57 6289.15 1e+100
7 5720.4 11440.8 1e+100
1 5732.38 11464.8 1e+100
6 2831.25 2831.25 1e+100
7 9979.5 19959 1e+100
4 8771.25 17542.5 1e+100
5 11488 45952.1 1e+100
0 915.117 915.117 1e+100
1 8519.72 17039.4 1e+100
1 5989.63 11979.3 1e+100
6 5895.59 5895.59 1e+100
3 5676.92 5676.92 1e+100
0 4198.85 4198.85 1e+100
9 5859.44 5859.44 1e+100
9 3547.9 3547.9 1e+100
4 9233.42 18466.8 1e+100
2 6414.3 25657.2 1e+100
2 9337.37 37349.5 1e+100
4 835.374 1670.75 1e+100
8 3916.7 15666.8 1e+100
3 3432.15 3432.15 1e+100
1 9725.62 19451.2 1e+100
4 2379.77 4759.54 1e+100
5 4859 19436 1e+100
0 5455.99 5455.99 1e+100
9 345.263 345.263 1e+100
4 4218.84 8437.69 1e+100
3 6115.13 6115.13 1e+100
56
5 173.904 695.617 1e+100
4 315.065 630.131 1e+100
6 2759.61 2759.61 1e+100
8 493.345 1973.38 1e+100
7 606.374 606.374 1e+100
3 732.745 732.745 1e+100
2 301.869 301.869 1e+100
1 310.388 310.388 1e+100
2 2119.09 8476.37 1e+100
8 5035.69 10071.4 1e+100
9 394.767 394.767 1e+100
0 34.1731 34.1731 1e+100
1 2400.72 4801.44 1e+100
5 8137.95 32551.8 1e+100
5 10526.4 42105.7 1e+100
0 1572.06 1572.06 1e+100
5 640.505 1281.01 1e+100
4 904.844 904.844 1e+100
1 4192.34 8384.69 1e+100
7 2702.85 2702.85 1e+100
4 3819.75 7639.5 1e+100
9 1633.18 1633.18 1e+100
3 1065.18 1065.18 1e+100
5 2196.31 8785.25 1e+100
2 8909.45 35637.8 1e+100
9 3980.9 3980.9 1e+100
1 10939.5 21878.9 1e+100
1 5222.2 10444.4 1e+100
7 4752.36 9504.73 1e+100
2 3257.98 6515.96 1e+100
0 3124.64 3124.64 1e+100
3 1492.13 1492.13 1e+100
6 2759.08 2759.08 1e+100
4 6647.59 13295.2 1e+100
4 4235.15 8470.31 1e+100
2 381.691 1526.76 1e+100
5 9923.23 39692.9 1e+100
8 6089.75 24359 1e+100
1 5941.57 11883.1 1e+100
3 6517.16 6517.16 1e+100
0 6288.99 6288.99 1e+100
3 4719.33 4719.33 1e+100
9 6439.8 6439.8 1e+100
9 8323.91 8323.91 1e+100
6 10732.7 10732.7 1e+100
3 2255.05 2255.05 1e+100
9 3815.5 3815.5 1e+100
4 9300.35 9300.35 1e+100
2 2811.21 11244.8 1e+100
3 7712.67 7712.67 1e+100
6 4642.32 4642.32 1e+100
0 7701.91 7701.91 1e+100
8 8676.03 34704.1 1e+100
4 6487.23 12974.5 1e+100
7 5434.02 10868 1e+100
2 8387.55 16775.1 1e+100
51
8 3138.66 6277.32 1e+100
4 110.598 110.598 1e+100
9 296.588 296.588 1e+100
1 632.472 1264.94 1e+100
5 290.732 1162.93 1e+100
0 638.506 638.506 1e+100
5 4466.03 17864.1 1e+100
7 2513.34 5026.68 1e+100
2 309.893 1239.57 1e+100
3 145.938 145.938 1e+100
6 2720.09 2720.09 1e+100
9 1821.88 1821.88 1e+100
1 1940.69 1940.69 1e+100
2 4695 18780 1e+100
4 4975.11 9950.21 1e+100
5 1979.56 3959.13 1e+100
2 6205.82 24823.3 1e+100
1 3918.52 7837.03 1e+100
3 1093.88 1093.88 1e+100
2 762.902 3051.61 1e+100
7 4592.07 9184.14 1e+100
1 5167.42 10334.8 1e+100
0 650.808 650.808 1e+100
3 2119.07 2119.07 1e+100
2 10172.4 20344.8 1e+100
7 5218.66 10437.3 1e+100
1 7827.21 15654.4 1e+100
2 7123.57 14247.1 1e+100
9 3026.78 3026.78 1e+100
4 6416.35 12832.7 1e+100
2 5026.52 10053 1e+100
5 8063.83 32255.3 1e+100
6 3835.11 3835.11 1e+100
4 7634.39 15268.8 1e+100
0 753.472 753.472 1e+100
0 5669.67 5669.67 1e+100
3 6149.63 6149.63 1e+100
8 10968.8 10968.8 1e+100
9 6099.27 6099.27 1e+100
3 3730.03 3730.03 1e+100
0 2906.56 2906.56 1e+100
9 7773.82 7773.82 1e+100
0 7667.2 7667.2 1e+100
5 918.078 3672.31 1e+100
3 1667.24 1667.24 1e+100
6 6870.07 6870.07 1e+100
3 6896.36 6896.36 1e+100
8 3008.1 12032.4 1e+100
5 3745.71 7491.43 1e+100
7 5139.58 10279.2 1e+100
1 7546.2 15092.4 1e+100
