43
13 227.966 455.931 1e+100
11 561.809 1123.62 1e+100
16 62.4269 124.854 1e+100
2 419.398 838.797 1e+100
14 1004.25 4016.99 1e+100
17 173.336 693.346 1e+100
1 505.628 1011.26 1e+100
7 403.391 403.391 1e+100
6 460.567 460.567 1e+100
8 1080.91 2161.82 1e+100
2 1920.15 3840.3 1e+100
15 1299.23 1299.23 1e+100
13 774.994 1549.99 1e+100
4 381.669 381.669 1e+100
5 364.512 729.023 1e+100
3 1223.61 1223.61 1e+100
6 742.395 742.395 1e+100
0 571.952 571.952 1e+100
10 557.606 1115.21 1e+100
12 282.965 282.965 1e+100
11 71.4152 285.661 1e+100
16 495.107 990.214 1e+100
17 438.328 1753.31 1e+100
14 175.847 703.389 1e+100
7 1261.85 2523.7 1e+100
1 107.492 214.983 1e+100
15 1080.49 1080.49 1e+100
13 440.878 881.756 1e+100
8 315.826 631.652 1e+100
16 167.199 334.397 1e+100
4 377.5 755.001 1e+100
0 64.0725 64.0725 1e+100
8 1400.47 1400.47 1e+100
6 279.407 279.407 1e+100
11 209.971 839.885 1e+100
10 157.903 315.806 1e+100
2 290.482 580.964 1e+100
5 145.807 583.227 1e+100
12 188.848 188.848 1e+100
1 153.666 307.332 1e+100
17 226.948 907.793 1e+100
16 311.014 311.014 1e+100
3 221.05 221.05 1e+100
38
13 624.15 1248.3 1e+100
17 62.3086 124.617 1e+100
2 138.252 553.007 1e+100
7 532.873 1065.75 1e+100
10 267.027 534.054 1e+100
14 677.949 2711.8 1e+100
1 125.864 251.729 1e+100
15 539.399 539.399 1e+100
4 404.193 808.386 1e+100
0 264.774 264.774 1e+100
11 581.202 581.202 1e+100
9 559.437 559.437 1e+100
10 149.451 298.902 1e+100
2 35.7208 142.883 1e+100
13 431.891 863.782 1e+100
3 369.028 369.028 1e+100
17 780.653 3122.61 1e+100
13 2013.04 4026.09 1e+100
15 807.757 807.757 1e+100
14 374.376 374.376 1e+100
11 2262.7 2262.7 1e+100
11 154.032 616.13 1e+100
4 151.931 151.931 1e+100
12 381.717 381.717 1e+100
10 150.877 301.753 1e+100
5 273.106 1092.43 1e+100
12 1835.95 1835.95 1e+100
6 580.566 580.566 1e+100
16 581.118 1162.24 1e+100
2 438.451 1753.81 1e+100
7 211.256 211.256 1e+100
8 526.528 1053.06 1e+100
3 262.682 262.682 1e+100
17 596.468 596.468 1e+100
15 66.8661 66.8661 1e+100
14 431.695 431.695 1e+100
9 232.332 232.332 1e+100
1 27.2769 54.5537 1e+100
40
7 672.336 1344.67 1e+100
1 220.598 441.196 1e+100
2 116.881 467.526 1e+100
17 97.3534 389.414 1e+100
13 182.899 182.899 1e+100
16 430.587 861.173 1e+100
14 762.514 3050.06 1e+100
10 106.823 213.645 1e+100
6 591.968 591.968 1e+100
10 7100.17 14200.3 1e+100
7 766.434 1532.87 1e+100
13 167.893 335.786 1e+100
8 556.5 1113 1e+100
2 420.295 840.59 1e+100
9 446.787 446.787 1e+100
12 83.5045 83.5045 1e+100
17 462.503 1850.01 1e+100
3 180.892 180.892 1e+100
15 1265.67 1265.67 1e+100
4 262.589 525.179 1e+100
13 550.173 550.173 1e+100
5 327.903 1311.61 1e+100
2 734.087 2936.35 1e+100
16 366.247 366.247 1e+100
0 522.057 522.057 1e+100
14 126.623 506.492 1e+100
9 48.8314 48.8314 1e+100
4 157.68 315.359 1e+100
15 182.127 182.127 1e+100
6 272 272 1e+100
7 279.407 279.407 1e+100
11 518.277 2073.11 1e+100
13 435.786 871.573 1e+100
16 136.567 273.134 1e+100
5 145.807 583.227 1e+100
10 429.398 429.398 1e+100
2 517.174 1034.35 1e+100
8 215.63 862.521 1e+100
0 24.4933 24.4933 1e+100
14 185.191 185.191 1e+100
36
8 1258.76 2517.52 1e+100
14 558.233 1116.47 1e+100
2 753.322 3013.29 1e+100
16 415.397 415.397 1e+100
7 435.614 871.227 1e+100
13 39.193 78.386 1e+100
9 525.122 525.122 1e+100
10 168.496 336.992 1e+100
15 889.324 889.324 1e+100
6 1333.66 1333.66 1e+100
17 599.227 599.227 1e+100
11 236.961 473.923 1e+100
1 84.362 84.362 1e+100
14 139.877 559.51 1e+100
4 415.709 831.419 1e+100
13 139.347 278.694 1e+100
2 332.296 332.296 1e+100
16 356.379 356.379 1e+100
12 399.033 399.033 1e+100
5 493.315 1973.26 1e+100
3 174.109 174.109 1e+100
0 189.297 189.297 1e+100
4 577.721 1155.44 1e+100
14 4411.74 17647 1e+100
7 110.901 110.901 1e+100
9 521.267 521.267 1e+100
6 809.122 809.122 1e+100
11 209.971 839.885 1e+100
2 217.605 435.21 1e+100
16 110.173 220.345 1e+100
5 145.807 583.227 1e+100
3 116.512 116.512 1e+100
7 662.792 1325.58 1e+100
8 307.005 1228.02 1e+100
15 17.5958 17.5958 1e+100
13 233.156 233.156 1e+100
35
7 672.336 1344.67 1e+100
1 220.598 441.196 1e+100
2 116.881 467.526 1e+100
17 97.3534 389.414 1e+100
13 182.899 182.899 1e+100
16 430.587 861.173 1e+100
3 183.29 183.29 1e+100
10 168.496 336.992 1e+100
15 889.324 889.324 1e+100
8 1594.8 1594.8 1e+100
12 763.572 763.572 1e+100
1 164.375 328.75 1e+100
0 190.678 190.678 1e+100
2 71.4152 285.661 1e+100
4 415.709 831.419 1e+100
10 491.894 491.894 1e+100
5 327.903 1311.61 1e+100
17 262.277 1049.11 1e+100
13 348.826 348.826 1e+100
16 372.463 372.463 1e+100
14 1315.86 5263.45 1e+100
2 215.201 215.201 1e+100
7 192.193 384.386 1e+100
15 390.999 390.999 1e+100
1 313.203 313.203 1e+100
4 29.6248 59.2496 1e+100
3 371.097 371.097 1e+100
0 363.415 363.415 1e+100
9 211.376 211.376 1e+100
5 154.676 618.706 1e+100
10 208.022 416.044 1e+100
11 578.122 578.122 1e+100
16 467.257 934.514 1e+100
8 418.096 418.096 1e+100
6 293.873 293.873 1e+100
34
13 624.15 1248.3 1e+100
17 62.3086 124.617 1e+100
2 138.252 553.007 1e+100
7 532.873 1065.75 1e+100
10 267.027 534.054 1e+100
14 677.949 2711.8 1e+100
1 125.864 251.729 1e+100
15 539.399 539.399 1e+100
11 1060.08 2120.16 1e+100
9 358.219 358.219 1e+100
12 177.053 177.053 1e+100
17 163.252 163.252 1e+100
10 268.337 268.337 1e+100
1 349.629 349.629 1e+100
7 341.125 341.125 1e+100
0 494.121 494.121 1e+100
15 237.882 237.882 1e+100
9 397.031 397.031 1e+100
11 474.684 474.684 1e+100
16 105.868 105.868 1e+100
10 295.749 591.498 1e+100
13 26.9292 26.9292 1e+100
4 1281.35 1281.35 1e+100
2 253.776 253.776 1e+100
8 349.34 349.34 1e+100
17 98.6524 98.6524 1e+100
12 463.669 463.669 1e+100
14 333.652 667.304 1e+100
6 421.926 421.926 1e+100
7 91.4351 91.4351 1e+100
1 12.5531 25.1061 1e+100
16 551.083 1102.17 1e+100
9 344.275 344.275 1e+100
15 147.189 147.189 1e+100
36
8 1258.76 2517.52 1e+100
14 558.233 1116.47 1e+100
2 753.322 3013.29 1e+100
16 415.397 415.397 1e+100
7 435.614 871.227 1e+100
13 39.193 78.386 1e+100
9 2773.08 2773.08 1e+100
5 264.96 1059.84 1e+100
1 78.1829 78.1829 1e+100
8 1345.49 5381.94 1e+100
15 595.465 595.465 1e+100
6 348.914 348.914 1e+100
3 891.059 891.059 1e+100
7 1089.32 1089.32 1e+100
10 221.606 443.213 1e+100
14 245.346 490.692 1e+100
16 407.012 407.012 1e+100
13 245.353 245.353 1e+100
2 222.429 222.429 1e+100
5 170.625 682.499 1e+100
4 276.138 276.138 1e+100
0 189.297 189.297 1e+100
1 302.387 604.775 1e+100
11 429.572 1718.29 1e+100
15 687.814 687.814 1e+100
6 214.852 214.852 1e+100
17 450.104 900.209 1e+100
5 565.529 2262.12 1e+100
8 755.188 755.188 1e+100
13 1105.28 2210.56 1e+100
12 321.302 321.302 1e+100
7 297.988 297.988 1e+100
14 64.6751 64.6751 1e+100
9 100.789 100.789 1e+100
16 47.7977 47.7977 1e+100
2 27.2769 54.5537 1e+100
36
13 624.15 1248.3 1e+100
17 62.3086 124.617 1e+100
2 138.252 553.007 1e+100
7 532.873 1065.75 1e+100
10 267.027 534.054 1e+100
14 677.949 2711.8 1e+100
1 125.864 251.729 1e+100
15 539.399 539.399 1e+100
16 784.781 1569.56 1e+100
12 215.619 215.619 1e+100
2 24.7933 24.7933 1e+100
9 691.248 691.248 1e+100
0 146.092 146.092 1e+100
5 305.098 1220.39 1e+100
3 537.526 537.526 1e+100
7 220.063 440.126 1e+100
14 167.911 335.822 1e+100
15 152.818 152.818 1e+100
4 110.598 110.598 1e+100
1 415.833 831.667 1e+100
11 104.437 417.748 1e+100
2 366.27 1465.08 1e+100
10 311.974 623.948 1e+100
16 254.721 509.441 1e+100
13 530.617 1061.23 1e+100
6 580.566 580.566 1e+100
4 1693.19 3386.39 1e+100
5 181.57 726.279 1e+100
7 272.907 272.907 1e+100
8 526.528 1053.06 1e+100
0 178.866 178.866 1e+100
12 336.225 336.225 1e+100
15 21.3885 21.3885 1e+100
6 1180.84 1180.84 1e+100
3 1028.6 1028.6 1e+100
14 27.2769 54.5537 1e+100
38
16 780.631 780.631 1e+100
1 197.59 197.59 1e+100
2 1126.08 1126.08 1e+100
5 467.178 467.178 1e+100
17 212.504 425.008 1e+100
0 584.385 584.385 1e+100
13 262.072 524.143 1e+100
7 829.663 1659.33 1e+100
3 183.29 183.29 1e+100
10 168.496 336.992 1e+100
15 889.324 889.324 1e+100
16 507.268 507.268 1e+100
12 763.572 763.572 1e+100
13 917.085 1834.17 1e+100
1 196.278 196.278 1e+100
5 157.328 629.314 1e+100
4 415.709 831.419 1e+100
14 663.456 2653.82 1e+100
11 208.147 832.587 1e+100
17 213.959 427.918 1e+100
7 271.631 543.262 1e+100
6 565.149 565.149 1e+100
8 683.747 1367.49 1e+100
16 227.051 454.102 1e+100
10 149.842 299.685 1e+100
13 955.474 1910.95 1e+100
12 134.778 134.778 1e+100
2 170.234 680.935 1e+100
17 1296.02 5184.08 1e+100
4 395.844 395.844 1e+100
3 258.429 258.429 1e+100
9 246.11 246.11 1e+100
1 470.938 941.875 1e+100
11 553.036 2212.14 1e+100
15 50.9252 50.9252 1e+100
14 225.985 903.94 1e+100
7 104.364 104.364 1e+100
5 52.1559 104.312 1e+100
34
7 672.336 1344.67 1e+100
1 220.598 441.196 1e+100
2 116.881 467.526 1e+100
17 97.3534 389.414 1e+100
13 182.899 182.899 1e+100
16 430.587 861.173 1e+100
1 733.066 1466.13 1e+100
3 49.2669 49.2669 1e+100
12 177.053 177.053 1e+100
9 691.248 691.248 1e+100
0 146.092 146.092 1e+100
5 305.098 1220.39 1e+100
14 685.695 685.695 1e+100
7 220.063 440.126 1e+100
13 167.911 335.822 1e+100
3 552.15 552.15 1e+100
4 110.598 110.598 1e+100
16 460.333 920.666 1e+100
11 104.437 417.748 1e+100
17 366.27 1465.08 1e+100
10 136.098 272.196 1e+100
1 97.1304 194.261 1e+100
2 744.87 1489.74 1e+100
5 246.729 986.918 1e+100
8 1655.42 6621.67 1e+100
0 1050.6 1050.6 1e+100
15 541.672 541.672 1e+100
9 550.937 550.937 1e+100
13 167.048 334.096 1e+100
14 547.434 2189.74 1e+100
12 342.565 342.565 1e+100
17 564.782 2259.13 1e+100
3 360.519 360.519 1e+100
4 37.1172 74.2343 1e+100
43
16 780.631 780.631 1e+100
1 197.59 197.59 1e+100
2 1126.08 1126.08 1e+100
5 467.178 467.178 1e+100
17 212.504 425.008 1e+100
0 584.385 584.385 1e+100
13 262.072 524.143 1e+100
7 829.663 1659.33 1e+100
14 762.514 3050.06 1e+100
10 106.823 213.645 1e+100
6 591.968 591.968 1e+100
1 396.663 793.327 1e+100
16 505.207 1010.41 1e+100
11 300.875 601.75 1e+100
8 556.5 1113 1e+100
5 544.049 1088.1 1e+100
15 275.133 275.133 1e+100
12 83.5045 83.5045 1e+100
2 1107.23 4428.92 1e+100
9 523.147 523.147 1e+100
3 1625.69 1625.69 1e+100
4 262.589 525.179 1e+100
11 1070.54 4282.17 1e+100
17 230.425 921.699 1e+100
7 136.75 273.5 1e+100
1 237.748 475.495 1e+100
6 342.419 342.419 1e+100
16 421.342 842.684 1e+100
14 166.295 332.59 1e+100
13 325.742 651.484 1e+100
10 381.853 763.706 1e+100
9 145.258 145.258 1e+100
8 315.803 315.803 1e+100
4 478.236 956.472 1e+100
5 697.949 2791.8 1e+100
7 425.536 425.536 1e+100
2 370.449 740.898 1e+100
12 411.857 411.857 1e+100
0 317.346 317.346 1e+100
3 214.433 214.433 1e+100
6 391.178 391.178 1e+100
14 617.925 617.925 1e+100
1 27.2769 54.5537 1e+100
38
7 672.336 1344.67 1e+100
1 220.598 441.196 1e+100
2 116.881 467.526 1e+100
17 97.3534 389.414 1e+100
13 182.899 182.899 1e+100
16 430.587 861.173 1e+100
9 525.122 525.122 1e+100
4 264.891 529.781 1e+100
15 2499.14 2499.14 1e+100
3 1627.05 1627.05 1e+100
0 571.952 571.952 1e+100
10 557.606 1115.21 1e+100
15 317.711 317.711 1e+100
17 71.4152 285.661 1e+100
13 218.425 436.851 1e+100
2 438.328 1753.31 1e+100
11 208.147 832.587 1e+100
7 174.303 348.607 1e+100
1 107.492 214.983 1e+100
4 1165.9 1165.9 1e+100
8 683.747 1367.49 1e+100
7 1175.43 2350.85 1e+100
13 149.842 299.685 1e+100
10 595.994 1191.99 1e+100
0 64.0725 64.0725 1e+100
17 152.655 152.655 1e+100
9 805.766 805.766 1e+100
12 132.13 132.13 1e+100
6 439.922 439.922 1e+100
16 249.402 249.402 1e+100
3 189.053 189.053 1e+100
2 431.516 863.031 1e+100
8 1749.95 1749.95 1e+100
11 1655.73 1655.73 1e+100
14 12.5531 25.1061 1e+100
1 343.628 687.256 1e+100
15 820.928 820.928 1e+100
4 831.594 831.594 1e+100
38
16 780.631 780.631 1e+100
1 197.59 197.59 1e+100
2 1126.08 1126.08 1e+100
5 467.178 467.178 1e+100
17 212.504 425.008 1e+100
0 584.385 584.385 1e+100
13 262.072 524.143 1e+100
7 829.663 1659.33 1e+100
9 2773.08 2773.08 1e+100
14 719.575 2878.3 1e+100
15 310.359 310.359 1e+100
8 1026.96 4107.83 1e+100
3 961.838 961.838 1e+100
6 348.914 348.914 1e+100
12 643.049 643.049 1e+100
1 84.1539 84.1539 1e+100
10 221.606 443.213 1e+100
17 334.712 1338.85 1e+100
11 208.147 832.587 1e+100
7 136.75 273.5 1e+100
13 107.492 214.983 1e+100
6 179.407 179.407 1e+100
8 457.691 915.382 1e+100
1 185.823 371.646 1e+100
4 284.409 568.817 1e+100
14 362.988 725.977 1e+100
5 419.269 419.269 1e+100
6 815.673 815.673 1e+100
0 492.739 492.739 1e+100
11 629.386 2517.54 1e+100
10 166.784 333.568 1e+100
16 290.482 580.964 1e+100
2 369.657 1478.63 1e+100
3 34.601 34.601 1e+100
13 153.666 307.332 1e+100
17 519.429 2077.72 1e+100
12 22.8651 22.8651 1e+100
1 186.205 186.205 1e+100
37
16 780.631 780.631 1e+100
1 197.59 197.59 1e+100
2 1126.08 1126.08 1e+100
5 467.178 467.178 1e+100
17 212.504 425.008 1e+100
0 584.385 584.385 1e+100
13 262.072 524.143 1e+100
7 829.663 1659.33 1e+100
14 800.626 1601.25 1e+100
4 725.706 725.706 1e+100
9 547.364 547.364 1e+100
1 485.244 485.244 1e+100
10 284.797 569.594 1e+100
14 6243.79 24975.2 1e+100
16 821.831 1643.66 1e+100
15 17.5808 17.5808 1e+100
2 345.904 1383.62 1e+100
0 43.4226 43.4226 1e+100
5 151.975 607.9 1e+100
17 262.277 1049.11 1e+100
15 668.181 668.181 1e+100
13 372.463 372.463 1e+100
2 483.962 1935.85 1e+100
9 15.2791 15.2791 1e+100
1 78.182 156.364 1e+100
4 104.954 104.954 1e+100
6 986.44 986.44 1e+100
10 29.6248 59.2496 1e+100
12 454.725 454.725 1e+100
0 431.053 431.053 1e+100
3 234.101 234.101 1e+100
5 154.676 618.706 1e+100
16 244.909 489.817 1e+100
11 578.122 578.122 1e+100
13 467.257 934.514 1e+100
8 382.709 382.709 1e+100
7 293.873 293.873 1e+100
45
13 624.15 1248.3 1e+100
17 62.3086 124.617 1e+100
2 138.252 553.007 1e+100
7 532.873 1065.75 1e+100
10 267.027 534.054 1e+100
14 677.949 2711.8 1e+100
1 125.864 251.729 1e+100
15 539.399 539.399 1e+100
17 283.594 1134.38 1e+100
5 268.17 536.34 1e+100
6 591.968 591.968 1e+100
16 661.261 1322.52 1e+100
7 1063.56 2127.12 1e+100
4 409.406 818.811 1e+100
8 556.5 1113 1e+100
11 464.663 929.327 1e+100
10 236.37 236.37 1e+100
12 6641.3 6641.3 1e+100
17 1570.96 6283.82 1e+100
2 145.437 145.437 1e+100
13 932.143 932.143 1e+100
10 1933.62 3867.24 1e+100
5 471.943 1887.77 1e+100
0 131.101 131.101 1e+100
7 1168.89 2337.78 1e+100
-1 1e+100 1e+100 1e+100
15 152.818 152.818 1e+100
3 116.737 116.737 1e+100
16 92.7454 185.491 1e+100
2 104.437 417.748 1e+100
11 278.529 1114.11 1e+100
4 136.098 272.196 1e+100
1 166.805 333.61 1e+100
14 448.056 896.112 1e+100
8 1045.96 1045.96 1e+100
13 879.829 1759.66 1e+100
9 243.809 243.809 1e+100
15 751.155 751.155 1e+100
0 154.864 154.864 1e+100
5 154.676 618.706 1e+100
16 692.939 1385.88 1e+100
3 620.972 620.972 1e+100
4 411.599 823.198 1e+100
6 391.941 391.941 1e+100
7 225.228 225.228 1e+100
34
8 1258.76 2517.52 1e+100
14 558.233 1116.47 1e+100
2 753.322 3013.29 1e+100
16 415.397 415.397 1e+100
7 435.614 871.227 1e+100
13 39.193 78.386 1e+100
9 2773.08 2773.08 1e+100
11 423.523 1694.09 1e+100
3 479.232 479.232 1e+100
8 1345.49 5381.94 1e+100
15 595.465 595.465 1e+100
6 348.914 348.914 1e+100
14 255.607 255.607 1e+100
7 1089.32 1089.32 1e+100
10 221.606 443.213 1e+100
12 900.727 900.727 1e+100
16 301.363 301.363 1e+100
0 494.121 494.121 1e+100
6 572.533 572.533 1e+100
17 462.674 462.674 1e+100
11 113.923 113.923 1e+100
3 105.868 105.868 1e+100
1 153.033 306.067 1e+100
2 189.541 758.163 1e+100
14 774.044 3096.18 1e+100
15 378.884 378.884 1e+100
13 258.429 258.429 1e+100
4 217.397 217.397 1e+100
8 379.236 758.473 1e+100
5 645.02 2580.08 1e+100
7 264.985 264.985 1e+100
11 107.773 431.091 1e+100
17 73.2161 73.2161 1e+100
10 52.1559 104.312 1e+100
35
8 1258.76 2517.52 1e+100
14 558.233 1116.47 1e+100
2 753.322 3013.29 1e+100
16 415.397 415.397 1e+100
7 435.614 871.227 1e+100
13 39.193 78.386 1e+100
9 2773.08 2773.08 1e+100
11 423.523 1694.09 1e+100
1 78.1829 78.1829 1e+100
8 1345.49 5381.94 1e+100
15 595.465 595.465 1e+100
6 348.914 348.914 1e+100
3 891.059 891.059 1e+100
7 1089.32 1089.32 1e+100
10 221.606 443.213 1e+100
1 243.376 243.376 1e+100
5 327.903 1311.61 1e+100
2 262.277 1049.11 1e+100
0 233.224 233.224 1e+100
14 372.463 372.463 1e+100
8 602 2408 1e+100
13 415.447 415.447 1e+100
17 192.193 384.386 1e+100
6 247.58 247.58 1e+100
15 787.32 787.32 1e+100
5 1926.19 3852.39 1e+100
12 454.725 454.725 1e+100
3 627.247 627.247 1e+100
4 232.075 232.075 1e+100
5 154.676 618.706 1e+100
1 419.455 838.91 1e+100
10 584.774 584.774 1e+100
14 467.257 934.514 1e+100
9 66.2859 66.2859 1e+100
7 293.873 293.873 1e+100
34
8 1258.76 2517.52 1e+100
14 558.233 1116.47 1e+100
2 753.322 3013.29 1e+100
16 415.397 415.397 1e+100
7 435.614 871.227 1e+100
13 39.193 78.386 1e+100
3 183.29 183.29 1e+100
4 264.891 529.781 1e+100
12 974.935 974.935 1e+100
1 2693.16 2693.16 1e+100
0 571.952 571.952 1e+100
11 236.961 473.923 1e+100
1 84.362 84.362 1e+100
14 313.082 1252.33 1e+100
10 311.195 622.391 1e+100
9 838.883 838.883 1e+100
8 341.125 341.125 1e+100
3 593.55 593.55 1e+100
2 144.28 144.28 1e+100
15 819.883 819.883 1e+100
17 266.351 266.351 1e+100
14 299.847 299.847 1e+100
4 139.865 279.73 1e+100
5 489.097 1956.39 1e+100
8 1213.99 4855.96 1e+100
13 193.781 193.781 1e+100
0 258.429 258.429 1e+100
11 700.941 700.941 1e+100
7 579.195 1158.39 1e+100
14 1320.55 5282.2 1e+100
12 105.654 105.654 1e+100
17 44.8871 179.548 1e+100
2 209.192 209.192 1e+100
10 52.1559 104.312 1e+100
41
16 780.631 780.631 1e+100
1 197.59 197.59 1e+100
2 1126.08 1126.08 1e+100
5 467.178 467.178 1e+100
17 212.504 425.008 1e+100
0 584.385 584.385 1e+100
13 262.072 524.143 1e+100
7 829.663 1659.33 1e+100
11 982.666 3930.66 1e+100
10 106.823 213.645 1e+100
6 591.968 591.968 1e+100
4 906.931 1813.86 1e+100
16 505.207 1010.41 1e+100
14 167.288 334.575 1e+100
8 556.5 1113 1e+100
13 1058.45 2116.91 1e+100
3 135.916 135.916 1e+100
15 184.627 184.627 1e+100
2 1107.23 4428.92 1e+100
12 297.124 297.124 1e+100
9 1713.02 1713.02 1e+100
5 240.8 481.6 1e+100
0 977.475 977.475 1e+100
6 286.673 286.673 1e+100
10 593.55 593.55 1e+100
11 682.175 682.175 1e+100
7 296.346 296.346 1e+100
4 252.462 252.462 1e+100
13 77.9052 77.9052 1e+100
14 139.865 279.73 1e+100
16 272 272 1e+100
6 251.647 251.647 1e+100
5 209.971 839.885 1e+100
1 594.254 1188.51 1e+100
4 361.908 723.816 1e+100
17 386.72 1546.88 1e+100
15 132.141 132.141 1e+100
7 295.507 591.014 1e+100
2 141.016 564.064 1e+100
10 38.0118 38.0118 1e+100
9 220.614 220.614 1e+100
36
8 1258.76 2517.52 1e+100
14 558.233 1116.47 1e+100
2 753.322 3013.29 1e+100
16 415.397 415.397 1e+100
7 435.614 871.227 1e+100
13 39.193 78.386 1e+100
12 299.328 299.328 1e+100
10 168.496 336.992 1e+100
3 1223.61 1223.61 1e+100
12 2167.47 2167.47 1e+100
0 571.952 571.952 1e+100
13 735.763 1471.53 1e+100
1 84.362 84.362 1e+100
14 263.979 1055.92 1e+100
4 415.709 831.419 1e+100
2 196.174 784.696 1e+100
11 208.147 832.587 1e+100
7 174.303 348.607 1e+100
17 107.492 214.983 1e+100
8 342.419 342.419 1e+100
16 226.946 453.893 1e+100
10 509.452 1018.9 1e+100
4 149.842 299.685 1e+100
13 774.151 1548.3 1e+100
0 64.0725 64.0725 1e+100
6 580.566 580.566 1e+100
1 359.269 718.538 1e+100
5 273.675 1094.7 1e+100
2 1034.74 1034.74 1e+100
7 725.731 1451.46 1e+100
15 497.54 497.54 1e+100
8 827.473 827.473 1e+100
3 35.1178 35.1178 1e+100
16 688.894 688.894 1e+100
14 650.415 650.415 1e+100
17 27.2769 54.5537 1e+100
36
8 1258.76 2517.52 1e+100
14 558.233 1116.47 1e+100
2 753.322 3013.29 1e+100
16 415.397 415.397 1e+100
7 435.614 871.227 1e+100
13 39.193 78.386 1e+100
3 183.29 183.29 1e+100
10 168.496 336.992 1e+100
0 893.861 893.861 1e+100
6 1333.66 1333.66 1e+100
17 599.227 599.227 1e+100
10 1646.85 3293.69 1e+100
1 6514.2 6514.2 1e+100
14 139.877 559.51 1e+100
4 415.709 831.419 1e+100
13 139.347 278.694 1e+100
7 871.663 871.663 1e+100
16 356.379 356.379 1e+100
17 1326.57 1326.57 1e+100
5 493.315 1973.26 1e+100
9 325.681 325.681 1e+100
3 465.844 465.844 1e+100
4 577.721 1155.44 1e+100
11 429.572 1718.29 1e+100
8 328.333 328.333 1e+100
15 2540.83 2540.83 1e+100
14 581.118 1162.24 1e+100
2 584.259 2337.04 1e+100
6 916.208 916.208 1e+100
16 1212.39 2424.77 1e+100
12 321.302 321.302 1e+100
0 713.044 713.044 1e+100
7 17.2612 17.2612 1e+100
13 507.341 507.341 1e+100
10 1179.99 1179.99 1e+100
5 227.142 454.285 1e+100
32
8 1258.76 2517.52 1e+100
14 558.233 1116.47 1e+100
2 753.322 3013.29 1e+100
16 415.397 415.397 1e+100
7 435.614 871.227 1e+100
13 39.193 78.386 1e+100
11 1060.08 2120.16 1e+100
9 358.219 358.219 1e+100
3 170.988 170.988 1e+100
15 502.938 502.938 1e+100
12 342.611 342.611 1e+100
2 196.174 784.696 1e+100
5 377.796 1511.18 1e+100
7 174.303 348.607 1e+100
17 107.492 214.983 1e+100
6 565.149 565.149 1e+100
8 148.102 296.204 1e+100
13 401.804 803.608 1e+100
10 154.774 309.548 1e+100
16 1077.1 2154.19 1e+100
0 223.156 223.156 1e+100
2 1714.47 1714.47 1e+100
1 361.095 722.19 1e+100
14 259.241 1036.96 1e+100
9 651.087 651.087 1e+100
7 725.731 1451.46 1e+100
3 262.682 262.682 1e+100
15 526.706 526.706 1e+100
12 154.388 154.388 1e+100
8 610.05 610.05 1e+100
6 568.404 568.404 1e+100
17 27.2769 54.5537 1e+100
40
8 1258.76 2517.52 1e+100
14 558.233 1116.47 1e+100
2 753.322 3013.29 1e+100
16 415.397 415.397 1e+100
7 435.614 871.227 1e+100
13 39.193 78.386 1e+100
5 1146.32 4585.27 1e+100
11 421.506 843.011 1e+100
6 591.968 591.968 1e+100
17 379.864 759.728 1e+100
8 1115.54 2231.08 1e+100
4 409.406 818.811 1e+100
7 1132.87 2265.74 1e+100
1 400.483 800.967 1e+100
9 446.787 446.787 1e+100
12 83.5045 83.5045 1e+100
14 1466.3 5865.2 1e+100
3 180.892 180.892 1e+100
15 1265.67 1265.67 1e+100
10 326.403 652.806 1e+100
13 386.697 386.697 1e+100
11 252.724 1010.89 1e+100
11 3810.66 15242.6 1e+100
15 2234.07 2234.07 1e+100
2 372.463 372.463 1e+100
5 268.928 1075.71 1e+100
10 78.8872 78.8872 1e+100
16 192.193 384.386 1e+100
7 1609.58 1609.58 1e+100
11 520.585 2082.34 1e+100
14 1213.33 4853.33 1e+100
9 856.301 856.301 1e+100
0 258.429 258.429 1e+100
1 114.297 114.297 1e+100
13 228.929 457.858 1e+100
8 812.166 3248.66 1e+100
3 272.458 272.458 1e+100
17 574.337 2297.35 1e+100
5 405.287 405.287 1e+100
4 52.1559 104.312 1e+100
38
16 780.631 780.631 1e+100
1 197.59 197.59 1e+100
2 1126.08 1126.08 1e+100
5 467.178 467.178 1e+100
17 212.504 425.008 1e+100
0 584.385 584.385 1e+100
13 262.072 524.143 1e+100
7 829.663 1659.33 1e+100
9 2773.08 2773.08 1e+100
11 423.523 1694.09 1e+100
15 310.359 310.359 1e+100
8 1026.96 4107.83 1e+100
1 70.6706 70.6706 1e+100
6 348.914 348.914 1e+100
5 229.07 229.07 1e+100
16 319.705 319.705 1e+100
10 221.606 443.213 1e+100
14 349.629 349.629 1e+100
6 717.396 717.396 1e+100
12 649.329 649.329 1e+100
1 360.059 360.059 1e+100
7 296.346 296.346 1e+100
2 266.351 266.351 1e+100
15 105.868 105.868 1e+100
4 626.377 1252.75 1e+100
3 405.093 405.093 1e+100
14 420.966 420.966 1e+100
13 3247.13 3247.13 1e+100
16 417.753 417.753 1e+100
17 249.402 249.402 1e+100
8 285.82 285.82 1e+100
7 1098.95 2197.9 1e+100
9 690.038 690.038 1e+100
6 417.918 417.918 1e+100
5 12.5531 25.1061 1e+100
10 343.628 687.256 1e+100
2 599.712 599.712 1e+100
1 122.147 122.147 1e+100
42
13 624.15 1248.3 1e+100
17 62.3086 124.617 1e+100
2 138.252 553.007 1e+100
7 532.873 1065.75 1e+100
10 267.027 534.054 1e+100
14 677.949 2711.8 1e+100
1 125.864 251.729 1e+100
15 539.399 539.399 1e+100
17 283.594 1134.38 1e+100
4 7747.33 15494.7 1e+100
9 2480.77 2480.77 1e+100
1 1375.25 2750.49 1e+100
8 1117.14 2234.28 1e+100
16 4262.6 8525.2 1e+100
7 797.006 1594.01 1e+100
16 169.585 339.17 1e+100
10 236.37 236.37 1e+100
10 2281.33 2281.33 1e+100
17 1570.96 6283.82 1e+100
3 180.892 180.892 1e+100
13 213.083 213.083 1e+100
14 1563.96 3127.92 1e+100
16 523.768 523.768 1e+100
5 327.903 1311.61 1e+100
2 696.72 2786.88 1e+100
10 2396.29 2396.29 1e+100
-1 1e+100 1e+100 1e+100
8 643.71 2574.84 1e+100
3 204.413 204.413 1e+100
13 293.197 586.394 1e+100
15 727.947 727.947 1e+100
7 239.928 239.928 1e+100
17 408.17 408.17 1e+100
11 518.277 2073.11 1e+100
1 162.418 324.836 1e+100
13 747.664 1495.33 1e+100
5 145.807 583.227 1e+100
6 248.317 248.317 1e+100
2 479.807 959.614 1e+100
14 784.577 3138.31 1e+100
12 202.199 202.199 1e+100
8 628.314 628.314 1e+100
37
13 624.15 1248.3 1e+100
17 62.3086 124.617 1e+100
2 138.252 553.007 1e+100
7 532.873 1065.75 1e+100
10 267.027 534.054 1e+100
14 677.949 2711.8 1e+100
1 125.864 251.729 1e+100
15 539.399 539.399 1e+100
8 7619.36 7619.36 1e+100
11 423.523 1694.09 1e+100
5 674.956 674.956 1e+100
17 1112.87 4451.47 1e+100
9 1038.29 1038.29 1e+100
6 348.914 348.914 1e+100
15 2069.8 2069.8 1e+100
7 753.455 753.455 1e+100
10 82.2175 164.435 1e+100
14 112.12 112.12 1e+100
2 151.975 607.9 1e+100
5 611.317 2445.27 1e+100
1 435.879 435.879 1e+100
0 522.057 522.057 1e+100
17 369.383 1477.53 1e+100
16 415.447 415.447 1e+100
13 539.889 1079.78 1e+100
9 104.065 104.065 1e+100
7 1114.65 1114.65 1e+100
2 29.6248 59.2496 1e+100
3 202.592 202.592 1e+100
14 473.819 473.819 1e+100
4 232.075 232.075 1e+100
11 189.117 756.466 1e+100
1 383.022 766.044 1e+100
12 795.687 795.687 1e+100
10 146.803 293.606 1e+100
6 382.709 382.709 1e+100
17 425.671 425.671 1e+100
45
13 227.966 455.931 1e+100
11 561.809 1123.62 1e+100
16 62.4269 124.854 1e+100
2 419.398 838.797 1e+100
14 1004.25 4016.99 1e+100
17 173.336 693.346 1e+100
1 505.628 1011.26 1e+100
7 403.391 403.391 1e+100
6 460.567 460.567 1e+100
8 1080.91 2161.82 1e+100
2 1920.15 3840.3 1e+100
15 1299.23 1299.23 1e+100
13 774.994 1549.99 1e+100
3 2810.36 2810.36 1e+100
5 8672.99 34691.9 1e+100
0 114.359 114.359 1e+100
8 2005.67 8022.68 1e+100
4 890.743 890.743 1e+100
6 575.104 575.104 1e+100
17 209.329 209.329 1e+100
7 675.978 675.978 1e+100
10 221.606 443.213 1e+100
11 276.318 1105.27 1e+100
12 290.199 290.199 1e+100
14 456.837 913.674 1e+100
16 575.583 1151.17 1e+100
13 61.967 61.967 1e+100
9 306.53 306.53 1e+100
1 312.93 625.86 1e+100
17 1448.62 5794.48 1e+100
2 441.995 1767.98 1e+100
11 592.515 1185.03 1e+100
4 1047.08 2094.16 1e+100
16 1577.76 3155.52 1e+100
15 737.098 737.098 1e+100
10 378.39 756.779 1e+100
12 572.456 572.456 1e+100
1 1915.97 1915.97 1e+100
9 1578.5 1578.5 1e+100
11 1353.89 5415.57 1e+100
13 244.013 488.025 1e+100
8 728.155 728.155 1e+100
11 2413.27 4826.55 1e+100
3 102.605 102.605 1e+100
14 293.873 293.873 1e+100
40
13 624.15 1248.3 1e+100
17 62.3086 124.617 1e+100
2 138.252 553.007 1e+100
7 532.873 1065.75 1e+100
10 267.027 534.054 1e+100
14 677.949 2711.8 1e+100
1 125.864 251.729 1e+100
15 539.399 539.399 1e+100
6 435.485 435.485 1e+100
5 264.96 1059.84 1e+100
9 749.912 749.912 1e+100
8 1026.96 4107.83 1e+100
3 961.838 961.838 1e+100
7 825.966 825.966 1e+100
16 403.967 403.967 1e+100
17 334.781 334.781 1e+100
10 82.2175 164.435 1e+100
2 150.175 600.701 1e+100
0 131.101 131.101 1e+100
11 4226.86 8453.71 1e+100
14 167.911 335.822 1e+100
15 152.818 152.818 1e+100
12 231.246 231.246 1e+100
1 330.634 661.268 1e+100
11 104.437 417.748 1e+100
5 366.27 1465.08 1e+100
4 261.25 522.5 1e+100
16 1250.14 2500.28 1e+100
13 744.87 1489.74 1e+100
6 214.852 214.852 1e+100
10 524.961 1049.92 1e+100
2 357.971 1431.88 1e+100
8 1128.61 1128.61 1e+100
17 1059.55 2119.1 1e+100
9 411.857 411.857 1e+100
3 386.837 386.837 1e+100
15 21.3885 21.3885 1e+100
6 815.122 815.122 1e+100
0 757.525 757.525 1e+100
7 27.2769 54.5537 1e+100
45
13 624.15 1248.3 1e+100
17 62.3086 124.617 1e+100
2 138.252 553.007 1e+100
7 532.873 1065.75 1e+100
10 267.027 534.054 1e+100
14 677.949 2711.8 1e+100
1 125.864 251.729 1e+100
15 539.399 539.399 1e+100
17 283.594 1134.38 1e+100
5 268.17 536.34 1e+100
6 591.968 591.968 1e+100
4 906.931 1813.86 1e+100
7 1063.56 2127.12 1e+100
10 777.293 1554.59 1e+100
8 556.5 1113 1e+100
16 169.585 339.17 1e+100
9 446.787 446.787 1e+100
3 337.807 337.807 1e+100
17 1570.96 6283.82 1e+100
12 297.124 297.124 1e+100
6 1917.94 1917.94 1e+100
13 170.446 340.892 1e+100
14 408.76 1635.04 1e+100
11 208.147 832.587 1e+100
1 278.448 556.896 1e+100
4 748.015 1496.03 1e+100
15 298.068 298.068 1e+100
8 813.092 1626.18 1e+100
7 315.826 631.652 1e+100
16 149.842 299.685 1e+100
13 730.974 1461.95 1e+100
0 223.156 223.156 1e+100
10 26.9292 26.9292 1e+100
12 632.353 632.353 1e+100
2 253.776 253.776 1e+100
3 1211.88 1211.88 1e+100
5 601.721 601.721 1e+100
10 2076.74 2076.74 1e+100
17 335.133 670.267 1e+100
1 693.933 693.933 1e+100
15 585.844 585.844 1e+100
11 394.98 789.959 1e+100
4 531.625 1063.25 1e+100
6 347.128 347.128 1e+100
7 429.891 429.891 1e+100
43
13 227.966 455.931 1e+100
11 561.809 1123.62 1e+100
16 62.4269 124.854 1e+100
2 419.398 838.797 1e+100
14 1004.25 4016.99 1e+100
17 173.336 693.346 1e+100
1 505.628 1011.26 1e+100
7 403.391 403.391 1e+100
6 460.567 460.567 1e+100
8 1080.91 2161.82 1e+100
10 2400.23 4800.46 1e+100
15 1299.23 1299.23 1e+100
13 774.994 1549.99 1e+100
10 301.27 602.54 1e+100
0 264.774 264.774 1e+100
9 547.364 547.364 1e+100
11 270.628 270.628 1e+100
4 388.851 777.701 1e+100
5 452.811 1811.24 1e+100
4 4441.83 8883.65 1e+100
12 223.83 223.83 1e+100
17 219.663 878.653 1e+100
2 582.761 2331.04 1e+100
14 54.0876 216.351 1e+100
8 174.303 348.607 1e+100
7 383.629 767.258 1e+100
1 149.132 149.132 1e+100
13 440.878 881.756 1e+100
17 361.076 722.151 1e+100
4 149.842 299.685 1e+100
14 1208.43 2416.87 1e+100
9 223.156 223.156 1e+100
0 720.957 720.957 1e+100
11 29.6248 59.2496 1e+100
3 202.592 202.592 1e+100
10 548.515 548.515 1e+100
15 656.768 656.768 1e+100
5 636.541 2546.16 1e+100
7 78.1628 156.326 1e+100
12 267.922 267.922 1e+100
16 146.803 293.606 1e+100
1 100.206 100.206 1e+100
8 293.873 293.873 1e+100
43
13 227.966 455.931 1e+100
11 561.809 1123.62 1e+100
16 62.4269 124.854 1e+100
2 419.398 838.797 1e+100
14 1004.25 4016.99 1e+100
17 173.336 693.346 1e+100
1 505.628 1011.26 1e+100
7 403.391 403.391 1e+100
6 460.567 460.567 1e+100
8 1080.91 2161.82 1e+100
11 1420.51 2841.02 1e+100
15 1299.23 1299.23 1e+100
13 774.994 1549.99 1e+100
5 500.302 1000.6 1e+100
16 344.921 344.921 1e+100
10 295.347 295.347 1e+100
9 559.437 559.437 1e+100
4 388.851 777.701 1e+100
17 445.767 1783.07 1e+100
1 852.043 1704.09 1e+100
3 369.028 369.028 1e+100
2 308.163 1232.65 1e+100
7 1028.42 2056.84 1e+100
6 271.189 271.189 1e+100
16 881.019 881.019 1e+100
14 478.372 478.372 1e+100
5 154.032 616.13 1e+100
10 151.931 151.931 1e+100
0 189.297 189.297 1e+100
4 150.877 301.753 1e+100
17 780.871 3123.48 1e+100
3 432.273 432.273 1e+100
2 269.728 269.728 1e+100
15 224.501 224.501 1e+100
8 209.971 839.885 1e+100
1 372.546 745.093 1e+100
14 151.513 303.027 1e+100
5 145.807 583.227 1e+100
10 100.655 100.655 1e+100
16 152.106 304.212 1e+100
11 307.005 1228.02 1e+100
0 38.0118 38.0118 1e+100
13 367.682 367.682 1e+100
41
13 227.966 455.931 1e+100
11 561.809 1123.62 1e+100
16 62.4269 124.854 1e+100
2 419.398 838.797 1e+100
14 1004.25 4016.99 1e+100
17 173.336 693.346 1e+100
1 505.628 1011.26 1e+100
7 403.391 403.391 1e+100
6 460.567 460.567 1e+100
8 1080.91 2161.82 1e+100
16 803.762 1607.52 1e+100
15 1299.23 1299.23 1e+100
13 774.994 1549.99 1e+100
10 909.866 1819.73 1e+100
12 215.619 215.619 1e+100
11 113.895 113.895 1e+100
4 636.161 636.161 1e+100
17 198.245 198.245 1e+100
5 305.098 1220.39 1e+100
0 131.101 131.101 1e+100
8 87.1916 174.383 1e+100
10 1065.68 2131.35 1e+100
13 109.865 109.865 1e+100
3 116.737 116.737 1e+100
2 330.634 661.268 1e+100
17 188.844 755.376 1e+100
11 278.529 1114.11 1e+100
16 311.974 623.948 1e+100
1 254.721 509.441 1e+100
7 448.056 896.112 1e+100
5 246.729 986.918 1e+100
8 953.958 3815.83 1e+100
4 193.781 193.781 1e+100
6 393.807 393.807 1e+100
9 246.11 246.11 1e+100
13 452.594 905.189 1e+100
14 318.691 1274.76 1e+100
12 453.065 453.065 1e+100
2 422.985 1691.94 1e+100
0 411.236 411.236 1e+100
16 52.1559 104.312 1e+100
45
13 227.966 455.931 1e+100
11 561.809 1123.62 1e+100
16 62.4269 124.854 1e+100
2 419.398 838.797 1e+100
14 1004.25 4016.99 1e+100
17 173.336 693.346 1e+100
1 505.628 1011.26 1e+100
7 403.391 403.391 1e+100
6 460.567 460.567 1e+100
8 1080.91 2161.82 1e+100
16 803.762 1607.52 1e+100
15 1299.23 1299.23 1e+100
13 774.994 1549.99 1e+100
4 404.193 808.386 1e+100
3 664.839 664.839 1e+100
11 248.036 248.036 1e+100
9 559.437 559.437 1e+100
10 284.797 569.594 1e+100
17 451.609 1806.44 1e+100
2 460.745 921.49 1e+100
12 223.83 223.83 1e+100
8 1363.1 5452.41 1e+100
5 305.098 1220.39 1e+100
14 828.036 828.036 1e+100
7 220.063 440.126 1e+100
16 107.612 215.224 1e+100
6 401.472 401.472 1e+100
9 33.7179 33.7179 1e+100
10 47.5513 95.1026 1e+100
17 178.499 713.995 1e+100
11 278.529 1114.11 1e+100
4 571.747 1143.49 1e+100
14 1249.77 2499.53 1e+100
1 626.556 1253.11 1e+100
15 2320.45 2320.45 1e+100
2 712.96 1425.92 1e+100
5 181.57 726.279 1e+100
7 272.907 272.907 1e+100
13 264.453 528.907 1e+100
12 262.682 262.682 1e+100
3 383.11 383.11 1e+100
8 102.042 102.042 1e+100
6 903.605 903.605 1e+100
16 849.933 849.933 1e+100
10 175.106 350.212 1e+100
38
13 227.966 455.931 1e+100
11 561.809 1123.62 1e+100
16 62.4269 124.854 1e+100
2 419.398 838.797 1e+100
14 1004.25 4016.99 1e+100
17 173.336 693.346 1e+100
1 505.628 1011.26 1e+100
7 403.391 403.391 1e+100
6 460.567 460.567 1e+100
8 1080.91 2161.82 1e+100
16 803.762 1607.52 1e+100
15 1299.23 1299.23 1e+100
13 774.994 1549.99 1e+100
10 909.866 1819.73 1e+100
9 358.219 358.219 1e+100
3 170.988 170.988 1e+100
4 636.161 636.161 1e+100
12 342.611 342.611 1e+100
1 241.953 241.953 1e+100
11 157.3 629.2 1e+100
2 262.277 1049.11 1e+100
5 804.447 804.447 1e+100
6 447.137 447.137 1e+100
8 488.911 1955.64 1e+100
12 129.455 129.455 1e+100
10 225.411 450.821 1e+100
9 177.908 177.908 1e+100
17 278.115 1112.46 1e+100
14 1269.38 5077.53 1e+100
4 604.067 604.067 1e+100
0 258.429 258.429 1e+100
3 350.806 350.806 1e+100
1 84.4103 168.821 1e+100
11 479.114 1916.46 1e+100
7 264.985 264.985 1e+100
5 243.748 974.991 1e+100
2 355.074 355.074 1e+100
17 651.549 1303.1 1e+100
38
13 624.15 1248.3 1e+100
17 62.3086 124.617 1e+100
2 138.252 553.007 1e+100
7 532.873 1065.75 1e+100
10 267.027 534.054 1e+100
14 677.949 2711.8 1e+100
1 125.864 251.729 1e+100
15 539.399 539.399 1e+100
9 525.122 525.122 1e+100
11 443.86 887.72 1e+100
1 633.997 633.997 1e+100
13 242.708 242.708 1e+100
16 923.389 923.389 1e+100
17 407.484 814.968 1e+100
0 190.678 190.678 1e+100
2 216.765 867.061 1e+100
4 415.709 831.419 1e+100
10 623.235 623.235 1e+100
7 341.125 341.125 1e+100
12 649.329 649.329 1e+100
15 237.882 237.882 1e+100
9 431.192 431.192 1e+100
0 439.215 439.215 1e+100
12 2047.9 2047.9 1e+100
11 139.865 279.73 1e+100
3 405.093 405.093 1e+100
17 159.815 159.815 1e+100
14 149.291 149.291 1e+100
8 349.34 349.34 1e+100
13 249.402 249.402 1e+100
1 392.618 392.618 1e+100
7 231.168 462.336 1e+100
6 421.926 421.926 1e+100
15 556.095 556.095 1e+100
10 24.3981 48.7962 1e+100
16 446.081 892.163 1e+100
9 378.437 378.437 1e+100
4 878.056 878.056 1e+100
41
13 624.15 1248.3 1e+100
17 62.3086 124.617 1e+100
2 138.252 553.007 1e+100
7 532.873 1065.75 1e+100
10 267.027 534.054 1e+100
14 677.949 2711.8 1e+100
1 125.864 251.729 1e+100
15 539.399 539.399 1e+100
17 283.594 1134.38 1e+100
5 268.17 536.34 1e+100
6 591.968 591.968 1e+100
16 661.261 1322.52 1e+100
8 1117.14 2234.28 1e+100
11 300.875 601.75 1e+100
7 797.006 1594.01 1e+100
1 672.527 1345.05 1e+100
4 253.554 253.554 1e+100
12 83.5045 83.5045 1e+100
17 1570.96 6283.82 1e+100
2 145.437 145.437 1e+100
13 932.143 932.143 1e+100
10 91.1416 182.283 1e+100
9 838.883 838.883 1e+100
6 341.125 341.125 1e+100
0 494.121 494.121 1e+100
15 237.882 237.882 1e+100
16 357.956 357.956 1e+100
4 59.9785 59.9785 1e+100
1 105.868 105.868 1e+100
11 153.033 306.067 1e+100
8 722.284 722.284 1e+100
2 202.947 405.894 1e+100
3 202.592 202.592 1e+100
13 314.596 314.596 1e+100
12 656.768 656.768 1e+100
14 387.833 1551.33 1e+100
1 261.67 523.341 1e+100
9 187.775 187.775 1e+100
10 623.119 1246.24 1e+100
15 181.259 181.259 1e+100
7 293.873 293.873 1e+100
36
8 1258.76 2517.52 1e+100
14 558.233 1116.47 1e+100
2 753.322 3013.29 1e+100
16 415.397 415.397 1e+100
7 435.614 871.227 1e+100
13 39.193 78.386 1e+100
9 2773.08 2773.08 1e+100
5 264.96 1059.84 1e+100
1 78.1829 78.1829 1e+100
8 1345.49 5381.94 1e+100
15 595.465 595.465 1e+100
6 348.914 348.914 1e+100
3 891.059 891.059 1e+100
7 1089.32 1089.32 1e+100
10 221.606 443.213 1e+100
14 245.346 490.692 1e+100
15 1475.25 1475.25 1e+100
13 245.353 245.353 1e+100
17 403.075 403.075 1e+100
2 637.988 2551.95 1e+100
4 276.138 276.138 1e+100
0 189.297 189.297 1e+100
1 150.877 301.753 1e+100
5 304.376 1217.5 1e+100
16 393.129 393.129 1e+100
8 272 272 1e+100
7 362.038 362.038 1e+100
11 518.277 2073.11 1e+100
10 166.784 333.568 1e+100
13 183.403 366.807 1e+100
2 142.011 568.046 1e+100
0 131.781 131.781 1e+100
17 143.067 286.134 1e+100
14 288.341 1153.36 1e+100
4 38.0118 38.0118 1e+100
3 217.898 217.898 1e+100
38
16 780.631 780.631 1e+100
1 197.59 197.59 1e+100
2 1126.08 1126.08 1e+100
5 467.178 467.178 1e+100
17 212.504 425.008 1e+100
0 584.385 584.385 1e+100
13 262.072 524.143 1e+100
7 829.663 1659.33 1e+100
9 2773.08 2773.08 1e+100
11 423.523 1694.09 1e+100
15 310.359 310.359 1e+100
8 1026.96 4107.83 1e+100
1 70.6706 70.6706 1e+100
6 348.914 348.914 1e+100
5 229.07 229.07 1e+100
16 319.705 319.705 1e+100
10 221.606 443.213 1e+100
14 349.629 349.629 1e+100
6 717.396 717.396 1e+100
12 649.329 649.329 1e+100
1 360.059 360.059 1e+100
7 296.346 296.346 1e+100
2 266.351 266.351 1e+100
15 105.868 105.868 1e+100
4 626.377 1252.75 1e+100
3 405.093 405.093 1e+100
14 420.966 420.966 1e+100
13 3247.13 3247.13 1e+100
16 417.753 417.753 1e+100
17 249.402 249.402 1e+100
8 285.82 285.82 1e+100
7 1098.95 2197.9 1e+100
9 690.038 690.038 1e+100
6 417.918 417.918 1e+100
5 12.5531 25.1061 1e+100
10 343.628 687.256 1e+100
2 599.712 599.712 1e+100
1 122.147 122.147 1e+100
42
13 227.966 455.931 1e+100
11 561.809 1123.62 1e+100
16 62.4269 124.854 1e+100
2 419.398 838.797 1e+100
14 1004.25 4016.99 1e+100
17 173.336 693.346 1e+100
1 505.628 1011.26 1e+100
7 403.391 403.391 1e+100
6 460.567 460.567 1e+100
8 1080.91 2161.82 1e+100
17 1473.72 2947.45 1e+100
15 1299.23 1299.23 1e+100
13 774.994 1549.99 1e+100
5 472.967 472.967 1e+100
10 168.496 336.992 1e+100
2 219.724 219.724 1e+100
17 2378.94 2378.94 1e+100
3 926.917 926.917 1e+100
16 236.961 473.923 1e+100
12 282.965 282.965 1e+100
11 71.4152 285.661 1e+100
4 415.709 831.419 1e+100
1 324.249 324.249 1e+100
5 151.975 607.9 1e+100
11 1352.57 5410.3 1e+100
10 235.373 235.373 1e+100
0 522.057 522.057 1e+100
2 366.275 1465.1 1e+100
15 51.6313 51.6313 1e+100
13 192.193 384.386 1e+100
12 703.289 703.289 1e+100
6 214.852 214.852 1e+100
7 510.086 1020.17 1e+100
5 337.303 1349.21 1e+100
16 1961.88 1961.88 1e+100
8 264.453 528.907 1e+100
3 179.323 179.323 1e+100
2 1356.57 1356.57 1e+100
1 515.475 515.475 1e+100
6 815.122 815.122 1e+100
4 829.804 829.804 1e+100
10 27.2769 54.5537 1e+100
41
13 227.966 455.931 1e+100
11 561.809 1123.62 1e+100
16 62.4269 124.854 1e+100
2 419.398 838.797 1e+100
14 1004.25 4016.99 1e+100
17 173.336 693.346 1e+100
1 505.628 1011.26 1e+100
7 403.391 403.391 1e+100
6 460.567 460.567 1e+100
8 1080.91 2161.82 1e+100
16 803.762 1607.52 1e+100
15 1299.23 1299.23 1e+100
13 774.994 1549.99 1e+100
10 909.866 1819.73 1e+100
9 358.219 358.219 1e+100
11 24.7933 24.7933 1e+100
3 798.775 798.775 1e+100
12 342.611 342.611 1e+100
2 384.554 1538.22 1e+100
14 54.0876 216.351 1e+100
7 174.303 348.607 1e+100
11 422.976 845.953 1e+100
13 129.407 129.407 1e+100
8 148.102 296.204 1e+100
16 222.376 444.753 1e+100
1 154.774 309.548 1e+100
10 1143.2 2286.4 1e+100
0 223.156 223.156 1e+100
17 405.093 405.093 1e+100
3 367.225 367.225 1e+100
4 455.306 455.306 1e+100
15 687.339 687.339 1e+100
6 249.402 249.402 1e+100
16 1810.23 1810.23 1e+100
7 273.524 547.049 1e+100
9 782.056 782.056 1e+100
13 417.183 417.183 1e+100
14 240.927 481.855 1e+100
11 343.628 687.256 1e+100
2 479.087 479.087 1e+100
12 482.123 482.123 1e+100
37
16 780.631 780.631 1e+100
1 197.59 197.59 1e+100
2 1126.08 1126.08 1e+100
5 467.178 467.178 1e+100
17 212.504 425.008 1e+100
0 584.385 584.385 1e+100
13 262.072 524.143 1e+100
7 829.663 1659.33 1e+100
9 2773.08 2773.08 1e+100
11 423.523 1694.09 1e+100
3 479.232 479.232 1e+100
8 1026.96 4107.83 1e+100
5 893.229 893.229 1e+100
6 348.914 348.914 1e+100
1 834.975 834.975 1e+100
16 319.705 319.705 1e+100
10 221.606 443.213 1e+100
7 680.17 680.17 1e+100
11 499.507 1998.03 1e+100
2 143.895 575.582 1e+100
3 147.922 147.922 1e+100
13 372.463 372.463 1e+100
8 283.473 1133.89 1e+100
0 415.447 415.447 1e+100
17 192.193 384.386 1e+100
5 89.2118 89.2118 1e+100
14 571.217 2284.87 1e+100
2 1553.9 6215.61 1e+100
15 535.589 535.589 1e+100
12 445.11 445.11 1e+100
4 217.397 217.397 1e+100
1 318.713 637.426 1e+100
11 802.277 3209.11 1e+100
6 453.065 453.065 1e+100
17 315.64 1262.56 1e+100
10 216.713 216.713 1e+100
7 52.1559 104.312 1e+100
46
13 227.966 455.931 1e+100
11 561.809 1123.62 1e+100
16 62.4269 124.854 1e+100
2 419.398 838.797 1e+100
14 1004.25 4016.99 1e+100
17 173.336 693.346 1e+100
1 505.628 1011.26 1e+100
7 403.391 403.391 1e+100
6 460.567 460.567 1e+100
8 1080.91 2161.82 1e+100
16 803.762 1607.52 1e+100
15 1299.23 1299.23 1e+100
13 774.994 1549.99 1e+100
17 892.851 3571.4 1e+100
10 106.823 213.645 1e+100
6 967.199 967.199 1e+100
1 1707.17 3414.34 1e+100
7 986.084 1972.17 1e+100
11 432.05 864.101 1e+100
8 1509.17 3018.34 1e+100
5 651.091 1302.18 1e+100
9 446.787 446.787 1e+100
0 174.094 174.094 1e+100
2 1261.6 5046.38 1e+100
12 297.124 297.124 1e+100
13 1211.02 1211.02 1e+100
1 6291.57 12583.1 1e+100
14 188.126 188.126 1e+100
6 655.776 655.776 1e+100
10 593.55 593.55 1e+100
6 2377.77 2377.77 1e+100
16 326.57 326.57 1e+100
5 516.625 516.625 1e+100
9 344.115 344.115 1e+100
11 139.865 279.73 1e+100
14 320.957 320.957 1e+100
4 360.445 720.891 1e+100
3 202.592 202.592 1e+100
7 555.119 555.119 1e+100
12 656.768 656.768 1e+100
17 195.963 783.852 1e+100
11 536.365 1072.73 1e+100
15 267.922 267.922 1e+100
10 548.118 1096.24 1e+100
13 191.858 191.858 1e+100
0 293.873 293.873 1e+100
38
8 1258.76 2517.52 1e+100
14 558.233 1116.47 1e+100
2 753.322 3013.29 1e+100
16 415.397 415.397 1e+100
7 435.614 871.227 1e+100
13 39.193 78.386 1e+100
9 2773.08 2773.08 1e+100
11 423.523 1694.09 1e+100
1 78.1829 78.1829 1e+100
8 1345.49 5381.94 1e+100
15 595.465 595.465 1e+100
6 348.914 348.914 1e+100
3 891.059 891.059 1e+100
7 1089.32 1089.32 1e+100
10 221.606 443.213 1e+100
14 245.346 490.692 1e+100
16 407.012 407.012 1e+100
13 245.353 245.353 1e+100
17 403.075 403.075 1e+100
2 277.383 1109.53 1e+100
4 276.138 276.138 1e+100
0 189.297 189.297 1e+100
1 302.387 604.775 1e+100
11 145.938 583.753 1e+100
12 704.641 704.641 1e+100
5 634.458 634.458 1e+100
6 441.311 441.311 1e+100
2 664.487 664.487 1e+100
15 714.113 714.113 1e+100
16 542.519 542.519 1e+100
14 194.098 194.098 1e+100
13 19.6841 39.3683 1e+100
9 690.038 690.038 1e+100
7 123.782 123.782 1e+100
10 12.5531 25.1061 1e+100
17 342.427 684.855 1e+100
0 533.557 533.557 1e+100
3 244.31 244.31 1e+100
43
13 227.966 455.931 1e+100
11 561.809 1123.62 1e+100
16 62.4269 124.854 1e+100
2 419.398 838.797 1e+100
14 1004.25 4016.99 1e+100
17 173.336 693.346 1e+100
1 505.628 1011.26 1e+100
7 403.391 403.391 1e+100
6 460.567 460.567 1e+100
8 1080.91 2161.82 1e+100
11 1420.51 2841.02 1e+100
15 1299.23 1299.23 1e+100
13 774.994 1549.99 1e+100
5 472.967 472.967 1e+100
4 264.891 529.781 1e+100
2 183.133 183.133 1e+100
13 1110.02 1110.02 1e+100
17 561.552 561.552 1e+100
16 164.375 328.75 1e+100
0 190.678 190.678 1e+100
5 581.948 2327.79 1e+100
10 311.195 622.391 1e+100
4 1011.47 2022.95 1e+100
6 1034.44 1034.44 1e+100
7 389.135 389.135 1e+100
1 318.19 318.19 1e+100
14 494.011 1976.04 1e+100
3 174.109 174.109 1e+100
12 381.717 381.717 1e+100
10 473.207 946.414 1e+100
17 1118.9 4475.61 1e+100
15 252.586 252.586 1e+100
11 140.754 563.016 1e+100
2 768.626 3074.51 1e+100
16 193.781 193.781 1e+100
0 289.268 289.268 1e+100
9 246.11 246.11 1e+100
13 141.431 282.862 1e+100
5 318.691 1274.76 1e+100
7 114.01 114.01 1e+100
14 422.043 1688.17 1e+100
4 76.2794 76.2794 1e+100
1 47.4105 94.821 1e+100
38
16 780.631 780.631 1e+100
1 197.59 197.59 1e+100
2 1126.08 1126.08 1e+100
5 467.178 467.178 1e+100
17 212.504 425.008 1e+100
0 584.385 584.385 1e+100
13 262.072 524.143 1e+100
7 829.663 1659.33 1e+100
9 525.122 525.122 1e+100
4 264.891 529.781 1e+100
15 889.324 889.324 1e+100
16 507.268 507.268 1e+100
3 926.917 926.917 1e+100
14 164.375 328.75 1e+100
1 196.278 196.278 1e+100
11 471.735 1886.94 1e+100
10 311.195 622.391 1e+100
17 571.292 2285.17 1e+100
5 591.004 2364.02 1e+100
7 136.75 273.5 1e+100
13 107.492 214.983 1e+100
0 409.261 409.261 1e+100
8 683.747 1367.49 1e+100
16 227.051 454.102 1e+100
10 149.842 299.685 1e+100
4 457.574 915.149 1e+100
3 296.87 296.87 1e+100
6 272 272 1e+100
14 3532.64 3532.64 1e+100
11 209.971 839.885 1e+100
1 419.443 838.887 1e+100
13 290.482 580.964 1e+100
2 171.162 684.646 1e+100
12 316.549 316.549 1e+100
7 347.059 694.118 1e+100
17 100.925 403.698 1e+100
15 17.5958 17.5958 1e+100
0 220.102 220.102 1e+100
42
16 780.631 780.631 1e+100
1 197.59 197.59 1e+100
2 1126.08 1126.08 1e+100
5 467.178 467.178 1e+100
17 212.504 425.008 1e+100
0 584.385 584.385 1e+100
13 262.072 524.143 1e+100
7 829.663 1659.33 1e+100
9 2773.08 2773.08 1e+100
14 719.575 2878.3 1e+100
4 546.206 546.206 1e+100
8 1026.96 4107.83 1e+100
15 595.465 595.465 1e+100
6 348.914 348.914 1e+100
16 1289.46 1289.46 1e+100
2 845.279 845.279 1e+100
10 221.606 443.213 1e+100
11 464.215 1856.86 1e+100
1 685.695 685.695 1e+100
8 862.233 1724.47 1e+100
5 167.911 335.822 1e+100
0 274.949 274.949 1e+100
3 116.737 116.737 1e+100
1 1221.79 2443.59 1e+100
14 104.437 417.748 1e+100
17 278.529 1114.11 1e+100
13 289.607 579.214 1e+100
10 757.325 1514.65 1e+100
4 448.056 896.112 1e+100
12 174.256 174.256 1e+100
6 1030.49 1030.49 1e+100
0 4121.91 4121.91 1e+100
8 1368.81 1368.81 1e+100
5 104.971 104.971 1e+100
17 1953.89 1953.89 1e+100
2 45.4341 90.8683 1e+100
9 690.038 690.038 1e+100
15 358.462 358.462 1e+100
11 12.5531 25.1061 1e+100
4 543.79 1087.58 1e+100
16 139.451 139.451 1e+100
2 1099.58 1099.58 1e+100
38
7 672.336 1344.67 1e+100
1 220.598 441.196 1e+100
2 116.881 467.526 1e+100
17 97.3534 389.414 1e+100
13 182.899 182.899 1e+100
16 430.587 861.173 1e+100
4 2944.91 5889.82 1e+100
0 264.774 264.774 1e+100
9 547.364 547.364 1e+100
10 4588.76 4588.76 1e+100
4 388.851 777.701 1e+100
2 162.888 651.553 1e+100
13 447.642 895.284 1e+100
15 17.5808 17.5808 1e+100
17 499.619 1998.48 1e+100
14 663.456 2653.82 1e+100
11 208.147 832.587 1e+100
7 174.303 348.607 1e+100
16 107.492 214.983 1e+100
6 565.149 565.149 1e+100
8 683.747 1367.49 1e+100
1 315.826 631.652 1e+100
10 154.774 309.548 1e+100
2 566.797 1133.59 1e+100
15 223.156 223.156 1e+100
12 174.256 174.256 1e+100
11 1065.31 1065.31 1e+100
5 584.507 584.507 1e+100
0 628.06 628.06 1e+100
13 139.256 139.256 1e+100
9 534.698 534.698 1e+100
14 656.639 1313.28 1e+100
7 728.811 728.811 1e+100
6 852.924 852.924 1e+100
17 14.1174 28.2347 1e+100
4 260.558 521.116 1e+100
16 165.277 165.277 1e+100
1 429.891 429.891 1e+100
41
16 780.631 780.631 1e+100
1 197.59 197.59 1e+100
2 1126.08 1126.08 1e+100
5 467.178 467.178 1e+100
17 212.504 425.008 1e+100
0 584.385 584.385 1e+100
13 262.072 524.143 1e+100
7 829.663 1659.33 1e+100
11 982.666 3930.66 1e+100
10 106.823 213.645 1e+100
6 591.968 591.968 1e+100
4 906.931 1813.86 1e+100
16 505.207 1010.41 1e+100
14 167.288 334.575 1e+100
8 556.5 1113 1e+100
13 1058.45 2116.91 1e+100
3 135.916 135.916 1e+100
15 184.627 184.627 1e+100
2 1107.23 4428.92 1e+100
12 297.124 297.124 1e+100
9 1713.02 1713.02 1e+100
5 240.8 481.6 1e+100
0 977.475 977.475 1e+100
6 286.673 286.673 1e+100
10 593.55 593.55 1e+100
11 682.175 682.175 1e+100
7 296.346 296.346 1e+100
4 252.462 252.462 1e+100
13 77.9052 77.9052 1e+100
14 139.865 279.73 1e+100
16 272 272 1e+100
6 251.647 251.647 1e+100
5 209.971 839.885 1e+100
1 594.254 1188.51 1e+100
4 361.908 723.816 1e+100
17 386.72 1546.88 1e+100
15 132.141 132.141 1e+100
7 295.507 591.014 1e+100
2 141.016 564.064 1e+100
10 38.0118 38.0118 1e+100
9 220.614 220.614 1e+100
41
7 672.336 1344.67 1e+100
1 220.598 441.196 1e+100
2 116.881 467.526 1e+100
17 97.3534 389.414 1e+100
13 182.899 182.899 1e+100
16 430.587 861.173 1e+100
2 968.827 3875.31 1e+100
4 232.952 465.905 1e+100
6 591.968 591.968 1e+100
1 661.261 1322.52 1e+100
7 766.434 1532.87 1e+100
14 167.288 334.575 1e+100
8 556.5 1113 1e+100
11 464.663 929.327 1e+100
9 446.787 446.787 1e+100
12 83.5045 83.5045 1e+100
17 462.503 1850.01 1e+100
13 626.687 626.687 1e+100
15 1265.67 1265.67 1e+100
10 326.403 652.806 1e+100
14 936.956 3747.82 1e+100
5 377.796 1511.18 1e+100
16 442.806 885.613 1e+100
1 502.345 1004.69 1e+100
6 342.419 342.419 1e+100
7 467.166 934.333 1e+100
17 128.743 257.486 1e+100
13 149.842 299.685 1e+100
4 382.48 764.961 1e+100
0 223.156 223.156 1e+100
8 480.264 480.264 1e+100
16 615.048 615.048 1e+100
2 209.971 839.885 1e+100
10 348.127 696.254 1e+100
1 137.979 275.959 1e+100
11 624.673 2498.69 1e+100
15 146.911 146.911 1e+100
5 855.198 1710.4 1e+100
14 280.861 1123.44 1e+100
12 38.0118 38.0118 1e+100
17 169.074 169.074 1e+100
32
8 1258.76 2517.52 1e+100
14 558.233 1116.47 1e+100
2 753.322 3013.29 1e+100
16 415.397 415.397 1e+100
7 435.614 871.227 1e+100
13 39.193 78.386 1e+100
1 560.142 1120.28 1e+100
9 358.219 358.219 1e+100
11 501.176 501.176 1e+100
15 502.938 502.938 1e+100
12 342.611 342.611 1e+100
3 979.734 979.734 1e+100
7 269.434 269.434 1e+100
10 849.592 849.592 1e+100
16 263.088 263.088 1e+100
1 325.909 325.909 1e+100
17 266.351 266.351 1e+100
12 30.8449 30.8449 1e+100
11 104.622 209.244 1e+100
14 405.093 405.093 1e+100
15 662.363 662.363 1e+100
0 109.825 109.825 1e+100
8 627.255 627.255 1e+100
2 601.721 601.721 1e+100
3 1215.91 1215.91 1e+100
7 159.524 319.049 1e+100
9 794.684 794.684 1e+100
6 498.693 498.693 1e+100
4 471.669 943.338 1e+100
10 186.791 373.581 1e+100
1 273.154 273.154 1e+100
16 133.525 133.525 1e+100
