43
1 279.796 559.592 1e+100
2 163.906 327.812 1e+100
13 218.657 437.314 1e+100
4 629.542 1259.08 1e+100
14 1004.25 4016.99 1e+100
11 980.704 3922.82 1e+100
5 1064.15 2128.29 1e+100
6 857.373 857.373 1e+100
8 711.322 711.322 1e+100
7 373.297 746.594 1e+100
13 959.992 1919.98 1e+100
9 1518.7 1518.7 1e+100
8 2741.4 5482.8 1e+100
2 240.333 240.333 1e+100
10 168.496 336.992 1e+100
3 1223.61 1223.61 1e+100
1 391.772 391.772 1e+100
0 571.952 571.952 1e+100
14 956.772 1913.54 1e+100
15 317.711 317.711 1e+100
2 349.315 1397.26 1e+100
4 1029.64 2059.27 1e+100
5 624.81 2499.24 1e+100
11 340.68 1362.72 1e+100
7 174.303 348.607 1e+100
13 243.356 486.712 1e+100
6 342.419 342.419 1e+100
1 5744.97 11489.9 1e+100
14 3775.09 7550.19 1e+100
4 678.089 1356.18 1e+100
10 792.184 1584.37 1e+100
0 74.8273 74.8273 1e+100
9 306.157 306.157 1e+100
6 892.719 892.719 1e+100
14 262.129 1048.51 1e+100
13 521.46 1042.92 1e+100
11 1168.71 2337.43 1e+100
2 145.807 583.227 1e+100
12 316.549 316.549 1e+100
8 389.928 779.855 1e+100
5 344.452 1377.81 1e+100
15 38.0118 38.0118 1e+100
3 221.05 221.05 1e+100
38
1 530.623 1061.25 1e+100
13 665.05 1330.1 1e+100
2 138.252 553.007 1e+100
7 532.873 1065.75 1e+100
4 373.574 747.148 1e+100
14 677.949 2711.8 1e+100
10 479.562 959.123 1e+100
15 539.399 539.399 1e+100
4 1285.91 2571.82 1e+100
0 264.774 264.774 1e+100
9 547.364 547.364 1e+100
12 305.101 305.101 1e+100
1 467.447 934.894 1e+100
11 338.613 1354.45 1e+100
13 400.599 801.197 1e+100
3 369.028 369.028 1e+100
2 281.144 1124.58 1e+100
14 217.783 435.566 1e+100
7 535.94 535.94 1e+100
2 1541.32 1541.32 1e+100
10 318.19 318.19 1e+100
5 493.315 1973.26 1e+100
12 174.109 174.109 1e+100
0 322.371 322.371 1e+100
1 163.913 327.826 1e+100
11 673.951 2695.8 1e+100
15 7.25462 7.25462 1e+100
8 214.852 214.852 1e+100
4 267.721 535.441 1e+100
5 888.219 3552.88 1e+100
6 442.174 442.174 1e+100
7 1179.34 2358.69 1e+100
3 178.866 178.866 1e+100
9 829.204 829.204 1e+100
14 91.5355 91.5355 1e+100
8 815.122 815.122 1e+100
13 619.276 619.276 1e+100
10 565.664 1131.33 1e+100
40
7 672.336 1344.67 1e+100
4 681.25 1362.5 1e+100
5 436.813 1747.25 1e+100
11 1162.44 4649.76 1e+100
9 780.087 780.087 1e+100
2 405.826 811.652 1e+100
5 1288.76 5155.03 1e+100
13 540.317 1080.63 1e+100
6 591.968 591.968 1e+100
1 454.561 909.122 1e+100
7 766.434 1532.87 1e+100
14 167.288 334.575 1e+100
8 556.5 1113 1e+100
4 332.501 665.002 1e+100
15 275.133 275.133 1e+100
12 83.5045 83.5045 1e+100
11 1520 6079.98 1e+100
3 180.892 180.892 1e+100
0 1342.55 1342.55 1e+100
10 326.403 652.806 1e+100
9 458.244 458.244 1e+100
2 151.975 607.9 1e+100
14 509.177 2036.71 1e+100
3 4960.31 4960.31 1e+100
1 554.959 554.959 1e+100
5 410.214 1640.86 1e+100
15 202.356 202.356 1e+100
10 407.089 814.177 1e+100
0 259.005 259.005 1e+100
8 480.264 480.264 1e+100
5 1465.75 1465.75 1e+100
11 1602.02 6408.06 1e+100
7 333.512 667.024 1e+100
13 799.849 1599.7 1e+100
2 783.977 3135.91 1e+100
3 429.398 429.398 1e+100
1 1213.66 2427.31 1e+100
14 486.334 1945.34 1e+100
4 284.371 284.371 1e+100
6 367.682 367.682 1e+100
36
7 515.81 1031.62 1e+100
13 415.859 831.717 1e+100
14 666.049 2664.2 1e+100
15 546.325 546.325 1e+100
8 1108.7 2217.4 1e+100
2 294.106 588.212 1e+100
9 525.122 525.122 1e+100
4 264.891 529.781 1e+100
12 974.935 974.935 1e+100
7 365 365 1e+100
0 571.952 571.952 1e+100
11 236.961 473.923 1e+100
1 84.362 84.362 1e+100
2 691.412 2765.65 1e+100
10 311.195 622.391 1e+100
14 87.0016 174.003 1e+100
7 1243.91 1243.91 1e+100
13 553.558 553.558 1e+100
15 987.806 987.806 1e+100
5 493.315 1973.26 1e+100
3 174.109 174.109 1e+100
9 189.297 189.297 1e+100
4 302.387 604.775 1e+100
11 1626.82 6507.29 1e+100
1 546.049 546.049 1e+100
6 272 272 1e+100
12 890.61 890.61 1e+100
8 209.971 839.885 1e+100
2 477.814 955.628 1e+100
13 390.246 780.492 1e+100
5 145.807 583.227 1e+100
9 131.781 131.781 1e+100
7 118.78 237.561 1e+100
14 615.332 2461.33 1e+100
4 38.0118 38.0118 1e+100
6 990.823 990.823 1e+100
35
7 672.336 1344.67 1e+100
4 681.25 1362.5 1e+100
5 436.813 1747.25 1e+100
11 1162.44 4649.76 1e+100
9 780.087 780.087 1e+100
2 405.826 811.652 1e+100
14 792.721 792.721 1e+100
10 168.496 336.992 1e+100
12 974.935 974.935 1e+100
8 1594.8 1594.8 1e+100
0 571.952 571.952 1e+100
13 520.414 1040.83 1e+100
15 317.711 317.711 1e+100
5 71.4152 285.661 1e+100
4 150.877 301.753 1e+100
9 412.776 412.776 1e+100
2 151.975 607.9 1e+100
11 696.72 2786.88 1e+100
1 176.495 176.495 1e+100
0 482.845 482.845 1e+100
5 1355.2 5420.81 1e+100
15 613.496 613.496 1e+100
7 447.64 895.279 1e+100
12 476.61 476.61 1e+100
13 322.785 322.785 1e+100
4 29.6248 59.2496 1e+100
3 202.592 202.592 1e+100
8 638.883 638.883 1e+100
0 1441.61 1441.61 1e+100
2 154.676 618.706 1e+100
1 124.013 248.025 1e+100
9 331.426 331.426 1e+100
14 543.729 1087.46 1e+100
10 391.941 391.941 1e+100
6 293.873 293.873 1e+100
34
1 530.623 1061.25 1e+100
13 665.05 1330.1 1e+100
2 138.252 553.007 1e+100
7 532.873 1065.75 1e+100
4 373.574 747.148 1e+100
14 677.949 2711.8 1e+100
10 479.562 959.123 1e+100
15 539.399 539.399 1e+100
2 644.339 1288.68 1e+100
9 358.219 358.219 1e+100
3 170.988 170.988 1e+100
12 713.858 713.858 1e+100
0 146.092 146.092 1e+100
11 623.235 623.235 1e+100
7 341.125 341.125 1e+100
1 494.121 494.121 1e+100
15 237.882 237.882 1e+100
9 397.031 397.031 1e+100
2 58.9773 58.9773 1e+100
0 123.409 123.409 1e+100
4 139.865 279.73 1e+100
3 26.9292 26.9292 1e+100
12 450.377 450.377 1e+100
13 455.306 455.306 1e+100
8 349.34 349.34 1e+100
2 824.83 824.83 1e+100
14 1487.75 1487.75 1e+100
7 235.64 471.281 1e+100
6 421.926 421.926 1e+100
15 556.095 556.095 1e+100
11 24.3981 48.7962 1e+100
1 169.233 338.465 1e+100
9 344.275 344.275 1e+100
8 1270.41 1270.41 1e+100
36
7 515.81 1031.62 1e+100
13 415.859 831.717 1e+100
14 666.049 2664.2 1e+100
15 546.325 546.325 1e+100
8 1108.7 2217.4 1e+100
2 294.106 588.212 1e+100
9 2773.08 2773.08 1e+100
5 264.96 1059.84 1e+100
11 603.51 603.51 1e+100
8 2302.46 9209.83 1e+100
3 961.838 961.838 1e+100
6 348.914 348.914 1e+100
13 405.315 405.315 1e+100
7 83.4187 83.4187 1e+100
10 221.606 443.213 1e+100
4 996.916 1993.83 1e+100
14 614.665 614.665 1e+100
15 487.307 487.307 1e+100
0 261.378 261.378 1e+100
2 154.032 616.13 1e+100
12 430.072 430.072 1e+100
1 261.179 261.179 1e+100
11 365.877 731.754 1e+100
5 429.572 1718.29 1e+100
6 889.609 889.609 1e+100
7 997.941 997.941 1e+100
10 664.35 1328.7 1e+100
2 548.937 2195.75 1e+100
3 563.996 563.996 1e+100
8 820.413 1640.83 1e+100
12 625.798 625.798 1e+100
13 500.586 500.586 1e+100
15 172.55 172.55 1e+100
9 100.789 100.789 1e+100
14 185.517 185.517 1e+100
1 582.582 1165.16 1e+100
36
1 530.623 1061.25 1e+100
13 665.05 1330.1 1e+100
2 138.252 553.007 1e+100
7 532.873 1065.75 1e+100
4 373.574 747.148 1e+100
14 677.949 2711.8 1e+100
10 479.562 959.123 1e+100
15 539.399 539.399 1e+100
2 637.295 1274.59 1e+100
10 1722.71 1722.71 1e+100
0 3427.23 3427.23 1e+100
1 191.956 191.956 1e+100
13 376.844 376.844 1e+100
5 305.098 1220.39 1e+100
0 131.101 131.101 1e+100
7 220.063 440.126 1e+100
14 264.72 529.44 1e+100
15 152.818 152.818 1e+100
9 306.53 306.53 1e+100
1 782.824 1565.65 1e+100
11 104.437 417.748 1e+100
2 148.217 592.869 1e+100
-1 1e+100 1e+100 1e+100
13 334.593 669.186 1e+100
4 729.41 1458.82 1e+100
6 580.566 580.566 1e+100
14 1040.67 2081.33 1e+100
5 181.57 726.279 1e+100
7 272.907 272.907 1e+100
8 526.528 1053.06 1e+100
12 321.302 321.302 1e+100
15 2326.74 2326.74 1e+100
15 21.3885 21.3885 1e+100
6 1180.84 1180.84 1e+100
11 1825.65 1825.65 1e+100
2 381.285 762.571 1e+100
38
4 1262.04 1262.04 1e+100
9 596.136 596.136 1e+100
5 1097.64 1097.64 1e+100
2 71.4152 71.4152 1e+100
1 412.849 825.698 1e+100
3 1002 1002 1e+100
13 262.072 524.143 1e+100
7 829.663 1659.33 1e+100
14 792.721 792.721 1e+100
10 168.496 336.992 1e+100
15 889.324 889.324 1e+100
4 50.9572 50.9572 1e+100
12 763.572 763.572 1e+100
11 236.961 473.923 1e+100
9 84.362 84.362 1e+100
2 206.351 825.403 1e+100
13 824.122 1648.24 1e+100
5 651.831 2607.32 1e+100
14 677.478 2709.91 1e+100
7 136.75 273.5 1e+100
10 499.723 999.446 1e+100
1 310.198 310.198 1e+100
8 683.747 1367.49 1e+100
4 276.288 552.577 1e+100
13 472.575 945.15 1e+100
11 295.842 591.683 1e+100
12 137.814 137.814 1e+100
2 210.869 843.474 1e+100
14 1469.53 5878.1 1e+100
3 193.781 193.781 1e+100
0 258.429 258.429 1e+100
9 458.593 458.593 1e+100
10 735.115 1470.23 1e+100
11 1635.21 6540.83 1e+100
15 50.9252 50.9252 1e+100
5 218.093 872.37 1e+100
1 90.1956 90.1956 1e+100
13 194.521 389.043 1e+100
34
7 672.336 1344.67 1e+100
4 681.25 1362.5 1e+100
5 436.813 1747.25 1e+100
11 1162.44 4649.76 1e+100
9 780.087 780.087 1e+100
2 405.826 811.652 1e+100
10 909.866 1819.73 1e+100
0 392.522 392.522 1e+100
3 170.988 170.988 1e+100
14 163.252 163.252 1e+100
1 244.034 244.034 1e+100
5 150.175 600.701 1e+100
9 263.487 263.487 1e+100
7 220.063 440.126 1e+100
4 1179.24 2358.47 1e+100
3 922.778 922.778 1e+100
15 274.025 274.025 1e+100
13 415.833 831.667 1e+100
14 295.716 1182.87 1e+100
11 542.091 2168.36 1e+100
2 318.175 636.35 1e+100
10 204.426 408.853 1e+100
1 531.476 1062.95 1e+100
5 110.764 443.057 1e+100
8 1655.42 6621.67 1e+100
0 193.781 193.781 1e+100
9 262.851 262.851 1e+100
12 433.164 433.164 1e+100
7 1047.25 2094.49 1e+100
5 1704.86 6819.43 1e+100
6 453.065 453.065 1e+100
11 740.602 2962.41 1e+100
3 38.6866 38.6866 1e+100
2 52.1559 104.312 1e+100
43
4 1262.04 1262.04 1e+100
9 596.136 596.136 1e+100
5 1097.64 1097.64 1e+100
2 71.4152 71.4152 1e+100
1 412.849 825.698 1e+100
3 1002 1002 1e+100
13 262.072 524.143 1e+100
7 829.663 1659.33 1e+100
14 762.514 3050.06 1e+100
7 3489.98 6979.96 1e+100
6 591.968 591.968 1e+100
10 883.815 1767.63 1e+100
4 986.611 1973.22 1e+100
1 1473.03 2946.05 1e+100
8 556.5 1113 1e+100
2 251.552 503.103 1e+100
12 121.85 121.85 1e+100
15 184.627 184.627 1e+100
5 1078.79 4315.16 1e+100
0 381.62 381.62 1e+100
9 499.592 499.592 1e+100
13 750.964 1501.93 1e+100
2 993.122 3972.49 1e+100
11 208.147 832.587 1e+100
4 763.883 1527.77 1e+100
10 724.899 1449.8 1e+100
6 342.419 342.419 1e+100
8 813.092 1626.18 1e+100
14 155.863 311.726 1e+100
13 802.607 1605.21 1e+100
5 1233.12 2466.25 1e+100
15 223.156 223.156 1e+100
9 2008.54 2008.54 1e+100
1 587.639 1175.28 1e+100
11 1850.73 7402.91 1e+100
3 211.256 211.256 1e+100
4 1315.31 2630.62 1e+100
0 171.199 171.199 1e+100
6 827.473 827.473 1e+100
2 555.317 555.317 1e+100
8 1275.04 1275.04 1e+100
14 607.494 607.494 1e+100
10 221.54 443.08 1e+100
38
7 672.336 1344.67 1e+100
4 681.25 1362.5 1e+100
5 436.813 1747.25 1e+100
11 1162.44 4649.76 1e+100
9 780.087 780.087 1e+100
2 405.826 811.652 1e+100
14 792.721 792.721 1e+100
13 407.061 814.123 1e+100
3 1223.61 1223.61 1e+100
6 1333.66 1333.66 1e+100
0 571.952 571.952 1e+100
4 164.375 328.75 1e+100
1 84.362 84.362 1e+100
5 71.4152 285.661 1e+100
10 311.195 622.391 1e+100
11 98.6397 394.559 1e+100
2 430.664 1722.66 1e+100
8 887.106 1774.21 1e+100
13 486.958 973.915 1e+100
15 1729.92 1729.92 1e+100
7 148.102 296.204 1e+100
11 1059.8 2119.61 1e+100
10 149.842 299.685 1e+100
4 238.927 477.854 1e+100
0 74.8273 74.8273 1e+100
12 174.256 174.256 1e+100
5 1307.76 1307.76 1e+100
9 149.291 149.291 1e+100
6 1432.17 1432.17 1e+100
1 621.299 621.299 1e+100
3 225.841 225.841 1e+100
14 558.768 1117.54 1e+100
7 1214.3 1214.3 1e+100
8 796.823 796.823 1e+100
2 617.494 1234.99 1e+100
13 370.838 741.676 1e+100
3 1018.57 1018.57 1e+100
11 1173.87 1173.87 1e+100
38
4 1262.04 1262.04 1e+100
9 596.136 596.136 1e+100
5 1097.64 1097.64 1e+100
2 71.4152 71.4152 1e+100
1 412.849 825.698 1e+100
3 1002 1002 1e+100
13 262.072 524.143 1e+100
7 829.663 1659.33 1e+100
15 2445.06 2445.06 1e+100
2 8161.51 32646 1e+100
14 621.061 621.061 1e+100
8 1026.96 4107.83 1e+100
13 1407.63 1407.63 1e+100
6 348.914 348.914 1e+100
12 643.049 643.049 1e+100
4 283.835 283.835 1e+100
10 221.606 443.213 1e+100
5 651.831 2607.32 1e+100
11 208.147 832.587 1e+100
8 534.175 1068.35 1e+100
14 474.558 949.115 1e+100
9 781.553 781.553 1e+100
7 162.95 325.9 1e+100
4 385.435 770.869 1e+100
1 761.583 1523.17 1e+100
13 1356.38 2712.75 1e+100
0 223.156 223.156 1e+100
6 1554.59 1554.59 1e+100
15 615.586 615.586 1e+100
11 629.386 2517.54 1e+100
10 166.784 333.568 1e+100
14 153.619 307.239 1e+100
5 1493.19 5972.76 1e+100
3 188.848 188.848 1e+100
8 760.123 1520.25 1e+100
14 1116.75 4466.99 1e+100
12 22.8651 22.8651 1e+100
7 136.402 136.402 1e+100
37
4 1262.04 1262.04 1e+100
9 596.136 596.136 1e+100
5 1097.64 1097.64 1e+100
2 71.4152 71.4152 1e+100
1 412.849 825.698 1e+100
3 1002 1002 1e+100
13 262.072 524.143 1e+100
7 829.663 1659.33 1e+100
14 800.626 1601.25 1e+100
12 411.418 411.418 1e+100
10 295.347 295.347 1e+100
0 369.655 369.655 1e+100
11 566.842 1133.68 1e+100
2 170.485 681.941 1e+100
1 662.487 1324.97 1e+100
9 138.931 138.931 1e+100
5 317.464 1269.86 1e+100
4 118.781 118.781 1e+100
14 228.371 913.486 1e+100
2 827.707 3310.83 1e+100
15 409.132 409.132 1e+100
12 439.83 439.83 1e+100
5 455.522 1822.09 1e+100
9 43.1064 43.1064 1e+100
10 708.039 1416.08 1e+100
3 502.587 502.587 1e+100
7 1091.45 1091.45 1e+100
14 25.1279 50.2558 1e+100
0 406.474 406.474 1e+100
4 478.288 478.288 1e+100
13 204.204 204.204 1e+100
11 154.676 618.706 1e+100
1 404.138 808.276 1e+100
15 881.344 881.344 1e+100
11 1214.06 2428.12 1e+100
8 382.709 382.709 1e+100
6 293.873 293.873 1e+100
45
1 530.623 1061.25 1e+100
13 665.05 1330.1 1e+100
2 138.252 553.007 1e+100
7 532.873 1065.75 1e+100
4 373.574 747.148 1e+100
14 677.949 2711.8 1e+100
10 479.562 959.123 1e+100
15 539.399 539.399 1e+100
11 982.666 3930.66 1e+100
5 268.17 536.34 1e+100
6 591.968 591.968 1e+100
13 847.785 1695.57 1e+100
7 1063.56 2127.12 1e+100
2 133.232 266.464 1e+100
8 556.5 1113 1e+100
1 137.053 274.105 1e+100
0 293.679 293.679 1e+100
12 83.5045 83.5045 1e+100
11 2270.03 9080.11 1e+100
9 523.147 523.147 1e+100
3 1625.69 1625.69 1e+100
4 159.542 319.083 1e+100
5 471.943 1887.77 1e+100
10 96.1722 96.1722 1e+100
7 1168.89 2337.78 1e+100
1 421.123 842.245 1e+100
15 152.818 152.818 1e+100
12 84.3697 84.3697 1e+100
4 569.331 1138.66 1e+100
2 104.437 417.748 1e+100
14 366.27 1465.08 1e+100
5 788.14 1576.28 1e+100
13 108.634 217.268 1e+100
10 838.293 1676.59 1e+100
6 1091.45 1091.45 1e+100
1 1228.27 2456.53 1e+100
9 202.592 202.592 1e+100
2 1892.99 1892.99 1e+100
0 656.768 656.768 1e+100
5 1549.52 6198.07 1e+100
13 820.183 1640.37 1e+100
3 287.941 287.941 1e+100
10 1547.13 3094.26 1e+100
7 2781.76 2781.76 1e+100
7 225.228 225.228 1e+100
34
7 515.81 1031.62 1e+100
13 415.859 831.717 1e+100
14 666.049 2664.2 1e+100
15 546.325 546.325 1e+100
8 1108.7 2217.4 1e+100
2 294.106 588.212 1e+100
6 435.485 435.485 1e+100
5 264.96 1059.84 1e+100
13 956.477 956.477 1e+100
11 1818.88 7275.53 1e+100
1 583.49 583.49 1e+100
7 269.521 269.521 1e+100
12 643.049 643.049 1e+100
15 1269.15 1269.15 1e+100
10 221.606 443.213 1e+100
9 838.883 838.883 1e+100
7 638.003 638.003 1e+100
0 494.121 494.121 1e+100
1 868.584 868.584 1e+100
13 539.987 539.987 1e+100
3 885.596 885.596 1e+100
5 123.409 123.409 1e+100
14 153.033 306.067 1e+100
2 352.396 1409.58 1e+100
8 975.464 3901.86 1e+100
9 747.673 747.673 1e+100
0 811.464 811.464 1e+100
4 217.397 217.397 1e+100
10 908.985 1817.97 1e+100
5 1144.11 4576.45 1e+100
12 52.0198 52.0198 1e+100
14 475.035 1900.14 1e+100
13 145.35 145.35 1e+100
2 725.83 1451.66 1e+100
35
7 515.81 1031.62 1e+100
13 415.859 831.717 1e+100
14 666.049 2664.2 1e+100
15 546.325 546.325 1e+100
8 1108.7 2217.4 1e+100
2 294.106 588.212 1e+100
6 435.485 435.485 1e+100
5 264.96 1059.84 1e+100
1 78.1829 78.1829 1e+100
8 2302.46 9209.83 1e+100
9 1038.29 1038.29 1e+100
7 140.72 140.72 1e+100
12 643.049 643.049 1e+100
15 1269.15 1269.15 1e+100
10 221.606 443.213 1e+100
0 544.611 544.611 1e+100
11 477.367 1909.47 1e+100
2 668.592 2674.37 1e+100
13 233.224 233.224 1e+100
14 758.714 758.714 1e+100
5 569.714 2278.85 1e+100
3 950.418 950.418 1e+100
10 859.951 1719.9 1e+100
9 104.065 104.065 1e+100
7 1091.45 1091.45 1e+100
11 257.934 515.867 1e+100
4 232.672 232.672 1e+100
2 1562.28 1562.28 1e+100
1 393.893 393.893 1e+100
14 1307.3 5229.18 1e+100
13 180.562 361.124 1e+100
12 204.478 204.478 1e+100
4 1572.9 3145.8 1e+100
15 153.261 153.261 1e+100
6 293.873 293.873 1e+100
34
7 515.81 1031.62 1e+100
13 415.859 831.717 1e+100
14 666.049 2664.2 1e+100
15 546.325 546.325 1e+100
8 1108.7 2217.4 1e+100
2 294.106 588.212 1e+100
4 381.669 381.669 1e+100
10 168.496 336.992 1e+100
14 629.91 629.91 1e+100
7 365 365 1e+100
0 571.952 571.952 1e+100
11 236.961 473.923 1e+100
12 282.965 282.965 1e+100
5 467.178 1868.71 1e+100
13 206.359 412.719 1e+100
9 838.883 838.883 1e+100
8 468.735 468.735 1e+100
2 494.121 494.121 1e+100
7 649.217 649.217 1e+100
15 113.941 113.941 1e+100
1 423.151 423.151 1e+100
5 453.944 453.944 1e+100
13 139.865 279.73 1e+100
2 1553.97 6215.87 1e+100
14 961.118 3844.47 1e+100
9 747.673 747.673 1e+100
10 420.853 420.853 1e+100
3 181.447 181.447 1e+100
4 1108.21 2216.42 1e+100
11 318.691 1274.76 1e+100
8 263.678 263.678 1e+100
5 535.248 2140.99 1e+100
15 287.787 287.787 1e+100
13 183.08 366.16 1e+100
41
4 1262.04 1262.04 1e+100
9 596.136 596.136 1e+100
5 1097.64 1097.64 1e+100
2 71.4152 71.4152 1e+100
1 412.849 825.698 1e+100
3 1002 1002 1e+100
13 262.072 524.143 1e+100
7 829.663 1659.33 1e+100
11 982.666 3930.66 1e+100
10 106.823 213.645 1e+100
6 591.968 591.968 1e+100
2 851.006 1702.01 1e+100
4 986.611 1973.22 1e+100
14 167.288 334.575 1e+100
8 556.5 1113 1e+100
13 1058.45 2116.91 1e+100
9 228.567 228.567 1e+100
12 83.5045 83.5045 1e+100
5 1078.79 4315.16 1e+100
0 381.62 381.62 1e+100
7 902.87 902.87 1e+100
10 899.05 1798.1 1e+100
15 689.629 689.629 1e+100
6 341.125 341.125 1e+100
12 875.652 875.652 1e+100
8 1808.48 1808.48 1e+100
3 335.194 335.194 1e+100
2 282.33 282.33 1e+100
9 143.486 143.486 1e+100
1 139.865 279.73 1e+100
7 284.073 284.073 1e+100
6 304.172 304.172 1e+100
11 209.971 839.885 1e+100
10 276.949 553.898 1e+100
4 500.92 1001.84 1e+100
14 386.72 1546.88 1e+100
13 316.549 316.549 1e+100
5 305.429 610.858 1e+100
2 137.613 550.452 1e+100
9 19.419 19.419 1e+100
15 494.62 494.62 1e+100
36
7 515.81 1031.62 1e+100
13 415.859 831.717 1e+100
14 666.049 2664.2 1e+100
15 546.325 546.325 1e+100
8 1108.7 2217.4 1e+100
2 294.106 588.212 1e+100
9 525.122 525.122 1e+100
4 264.891 529.781 1e+100
3 1223.61 1223.61 1e+100
7 474.034 474.034 1e+100
0 571.952 571.952 1e+100
1 637.996 1275.99 1e+100
12 282.965 282.965 1e+100
11 471.735 1886.94 1e+100
10 311.195 622.391 1e+100
14 163.973 655.891 1e+100
2 208.147 832.587 1e+100
13 116.153 232.305 1e+100
4 475.911 951.823 1e+100
15 44.8218 44.8218 1e+100
8 148.102 296.204 1e+100
7 193.744 387.488 1e+100
5 325.742 651.484 1e+100
1 676.384 1352.77 1e+100
0 74.8273 74.8273 1e+100
6 580.566 580.566 1e+100
10 361.095 722.19 1e+100
11 584.126 2336.5 1e+100
14 1002.54 1002.54 1e+100
13 667.58 1335.16 1e+100
12 438.338 438.338 1e+100
15 529.875 529.875 1e+100
3 35.1178 35.1178 1e+100
8 610.05 610.05 1e+100
7 645.374 645.374 1e+100
4 418.791 837.581 1e+100
36
7 515.81 1031.62 1e+100
13 415.859 831.717 1e+100
14 666.049 2664.2 1e+100
15 546.325 546.325 1e+100
8 1108.7 2217.4 1e+100
2 294.106 588.212 1e+100
9 525.122 525.122 1e+100
4 264.891 529.781 1e+100
12 974.935 974.935 1e+100
7 365 365 1e+100
0 571.952 571.952 1e+100
11 236.961 473.923 1e+100
1 84.362 84.362 1e+100
2 691.412 2765.65 1e+100
10 311.195 622.391 1e+100
14 87.0016 174.003 1e+100
7 1243.91 1243.91 1e+100
13 553.558 553.558 1e+100
15 987.806 987.806 1e+100
5 493.315 1973.26 1e+100
3 174.109 174.109 1e+100
9 189.297 189.297 1e+100
4 302.387 604.775 1e+100
11 1626.82 6507.29 1e+100
1 546.049 546.049 1e+100
6 580.566 580.566 1e+100
10 478.236 956.472 1e+100
2 803.246 3212.99 1e+100
8 1682.28 1682.28 1e+100
14 1292.63 2585.26 1e+100
0 178.866 178.866 1e+100
12 791.639 791.639 1e+100
7 435.788 435.788 1e+100
6 1180.84 1180.84 1e+100
13 527.276 527.276 1e+100
5 582.582 1165.16 1e+100
32
7 515.81 1031.62 1e+100
13 415.859 831.717 1e+100
14 666.049 2664.2 1e+100
15 546.325 546.325 1e+100
8 1108.7 2217.4 1e+100
2 294.106 588.212 1e+100
1 560.142 1120.28 1e+100
11 354.736 354.736 1e+100
3 170.988 170.988 1e+100
9 691.248 691.248 1e+100
12 342.611 342.611 1e+100
14 113.726 454.904 1e+100
2 230.425 921.699 1e+100
8 125.066 250.132 1e+100
1 470.298 940.595 1e+100
15 44.8218 44.8218 1e+100
7 471.347 942.693 1e+100
7 5177.92 10355.8 1e+100
10 154.774 309.548 1e+100
2 1384.77 2769.54 1e+100
0 223.156 223.156 1e+100
6 580.566 580.566 1e+100
11 361.095 722.19 1e+100
5 273.675 1094.7 1e+100
3 737.651 737.651 1e+100
8 676.494 1352.99 1e+100
4 376.978 376.978 1e+100
15 529.875 529.875 1e+100
12 154.388 154.388 1e+100
7 933.295 933.295 1e+100
6 1589.6 1589.6 1e+100
1 423.866 847.732 1e+100
40
7 515.81 1031.62 1e+100
13 415.859 831.717 1e+100
14 666.049 2664.2 1e+100
15 546.325 546.325 1e+100
8 1108.7 2217.4 1e+100
2 294.106 588.212 1e+100
11 982.666 3930.66 1e+100
10 106.823 213.645 1e+100
6 591.968 591.968 1e+100
1 454.561 909.122 1e+100
4 1888.69 3777.37 1e+100
5 485.276 970.553 1e+100
7 118.014 236.029 1e+100
13 437.908 875.817 1e+100
9 446.787 446.787 1e+100
12 83.5045 83.5045 1e+100
14 1708.49 6833.98 1e+100
3 180.892 180.892 1e+100
15 1112.88 1112.88 1e+100
10 899.05 1798.1 1e+100
13 792.091 792.091 1e+100
2 487.607 1950.43 1e+100
5 827.166 3308.66 1e+100
12 213.813 213.813 1e+100
0 522.057 522.057 1e+100
11 110.873 443.491 1e+100
6 184.767 184.767 1e+100
1 376.922 753.844 1e+100
15 64.4974 64.4974 1e+100
2 755.468 3021.87 1e+100
8 903.881 3615.52 1e+100
3 711.496 711.496 1e+100
10 254.448 254.448 1e+100
9 604.492 604.492 1e+100
7 528.236 1056.47 1e+100
14 1799.22 7196.9 1e+100
4 264.985 264.985 1e+100
5 936.209 3744.84 1e+100
11 250.443 250.443 1e+100
13 41.122 82.244 1e+100
38
4 1262.04 1262.04 1e+100
9 596.136 596.136 1e+100
5 1097.64 1097.64 1e+100
2 71.4152 71.4152 1e+100
1 412.849 825.698 1e+100
3 1002 1002 1e+100
13 262.072 524.143 1e+100
7 829.663 1659.33 1e+100
5 8395.14 8395.14 1e+100
8 3219.94 12879.8 1e+100
12 225.748 225.748 1e+100
14 1499.81 5999.23 1e+100
9 337.857 337.857 1e+100
6 348.914 348.914 1e+100
15 563.195 563.195 1e+100
4 368.243 368.243 1e+100
10 221.606 443.213 1e+100
13 387.373 387.373 1e+100
5 143.724 143.724 1e+100
0 494.121 494.121 1e+100
9 622.951 622.951 1e+100
3 576.969 576.969 1e+100
7 357.518 357.518 1e+100
12 123.409 123.409 1e+100
1 139.865 279.73 1e+100
11 405.093 405.093 1e+100
2 1409.21 1409.21 1e+100
10 343.289 343.289 1e+100
-1 1e+100 1e+100 1e+100
15 575.061 575.061 1e+100
14 253.764 253.764 1e+100
4 450.003 900.005 1e+100
6 660.456 660.456 1e+100
9 941.163 941.163 1e+100
13 12.5531 25.1061 1e+100
7 731.723 1463.45 1e+100
3 524.214 524.214 1e+100
4 1504.15 1504.15 1e+100
42
1 530.623 1061.25 1e+100
13 665.05 1330.1 1e+100
2 138.252 553.007 1e+100
7 532.873 1065.75 1e+100
4 373.574 747.148 1e+100
14 677.949 2711.8 1e+100
10 479.562 959.123 1e+100
15 539.399 539.399 1e+100
11 982.666 3930.66 1e+100
5 268.17 536.34 1e+100
6 591.968 591.968 1e+100
1 582.846 1165.69 1e+100
7 1063.56 2127.12 1e+100
10 1154.32 2308.64 1e+100
13 1730.27 3460.54 1e+100
2 666.982 1333.96 1e+100
12 121.85 121.85 1e+100
0 174.094 174.094 1e+100
8 1250.26 5001.05 1e+100
9 523.147 523.147 1e+100
15 1382.69 1382.69 1e+100
4 159.542 319.083 1e+100
3 864.094 864.094 1e+100
5 164.059 656.238 1e+100
14 387.941 1551.76 1e+100
0 289.052 289.052 1e+100
1 656.906 656.906 1e+100
11 110.873 443.491 1e+100
6 184.767 184.767 1e+100
4 430.907 861.814 1e+100
15 299.148 299.148 1e+100
7 272 272 1e+100
8 117.524 117.524 1e+100
5 584.403 2337.61 1e+100
10 482.801 965.603 1e+100
1 937.433 1874.87 1e+100
2 296.549 1186.19 1e+100
3 407.588 407.588 1e+100
11 1204.17 2408.33 1e+100
14 404.213 1616.85 1e+100
0 146.372 146.372 1e+100
13 367.682 367.682 1e+100
37
1 530.623 1061.25 1e+100
13 665.05 1330.1 1e+100
2 138.252 553.007 1e+100
7 532.873 1065.75 1e+100
4 373.574 747.148 1e+100
14 677.949 2711.8 1e+100
10 479.562 959.123 1e+100
15 539.399 539.399 1e+100
0 2625.64 2625.64 1e+100
5 264.96 1059.84 1e+100
11 603.51 603.51 1e+100
8 1026.96 4107.83 1e+100
1 315.654 315.654 1e+100
6 348.914 348.914 1e+100
13 153.119 153.119 1e+100
7 753.455 753.455 1e+100
4 82.2175 164.435 1e+100
14 112.421 112.421 1e+100
2 151.975 607.9 1e+100
11 539.871 2159.48 1e+100
10 409.132 409.132 1e+100
12 720.446 720.446 1e+100
8 283.622 1134.49 1e+100
9 1021.35 1021.35 1e+100
1 545.371 1090.74 1e+100
13 128.34 128.34 1e+100
7 1114.65 1114.65 1e+100
2 29.6248 59.2496 1e+100
3 202.592 202.592 1e+100
4 265.647 265.647 1e+100
15 232.075 232.075 1e+100
5 189.117 756.466 1e+100
10 356.277 712.554 1e+100
11 1140.76 1140.76 1e+100
14 778.851 1557.7 1e+100
0 85.8696 85.8696 1e+100
8 355.155 355.155 1e+100
45
1 279.796 559.592 1e+100
2 163.906 327.812 1e+100
13 218.657 437.314 1e+100
4 629.542 1259.08 1e+100
14 1004.25 4016.99 1e+100
11 980.704 3922.82 1e+100
5 1064.15 2128.29 1e+100
6 857.373 857.373 1e+100
8 711.322 711.322 1e+100
7 373.297 746.594 1e+100
13 959.992 1919.98 1e+100
9 1518.7 1518.7 1e+100
1 826.824 1653.65 1e+100
3 2810.36 2810.36 1e+100
2 396.772 1587.09 1e+100
12 225.748 225.748 1e+100
8 1293.4 5173.59 1e+100
15 595.465 595.465 1e+100
7 830.517 830.517 1e+100
4 511.278 511.278 1e+100
6 1129.96 1129.96 1e+100
10 221.606 443.213 1e+100
2 809.204 3236.82 1e+100
0 131.101 131.101 1e+100
7 974.252 1948.5 1e+100
1 991.269 1982.54 1e+100
12 366.042 366.042 1e+100
9 1095.88 1095.88 1e+100
13 304.972 609.943 1e+100
14 421.936 1687.74 1e+100
5 366.27 1465.08 1e+100
11 571.747 1143.49 1e+100
10 757.325 1514.65 1e+100
4 1642.79 3285.58 1e+100
15 787.32 787.32 1e+100
8 2552.32 5104.64 1e+100
0 413.369 413.369 1e+100
12 964.38 964.38 1e+100
13 2317.97 2317.97 1e+100
2 167.307 669.23 1e+100
1 448.745 897.491 1e+100
6 984.387 984.387 1e+100
11 847.247 1694.49 1e+100
3 102.605 102.605 1e+100
7 267.248 267.248 1e+100
40
1 530.623 1061.25 1e+100
13 665.05 1330.1 1e+100
2 138.252 553.007 1e+100
7 532.873 1065.75 1e+100
4 373.574 747.148 1e+100
14 677.949 2711.8 1e+100
10 479.562 959.123 1e+100
15 539.399 539.399 1e+100
12 2622.02 2622.02 1e+100
5 264.96 1059.84 1e+100
2 321.367 321.367 1e+100
8 1026.96 4107.83 1e+100
1 315.654 315.654 1e+100
6 348.914 348.914 1e+100
13 205.465 205.465 1e+100
7 753.455 753.455 1e+100
4 82.2175 164.435 1e+100
11 464.215 1856.86 1e+100
0 131.101 131.101 1e+100
13 1734.27 3468.53 1e+100
2 599.994 1199.99 1e+100
2 2297.21 2297.21 1e+100
3 116.737 116.737 1e+100
1 660.232 1320.46 1e+100
5 104.437 417.748 1e+100
14 627.113 2508.45 1e+100
10 159.323 318.646 1e+100
4 617.936 1235.87 1e+100
7 2570.05 5140.1 1e+100
15 2487.68 2487.68 1e+100
8 1502.97 3005.94 1e+100
11 323.793 1295.17 1e+100
6 1435.06 1435.06 1e+100
13 2049.75 4099.51 1e+100
9 510.891 510.891 1e+100
12 797.172 797.172 1e+100
0 423.646 423.646 1e+100
3 2206.35 2206.35 1e+100
5 1825.65 1825.65 1e+100
1 787.139 1574.28 1e+100
45
1 530.623 1061.25 1e+100
13 665.05 1330.1 1e+100
2 138.252 553.007 1e+100
7 532.873 1065.75 1e+100
4 373.574 747.148 1e+100
14 677.949 2711.8 1e+100
10 479.562 959.123 1e+100
15 539.399 539.399 1e+100
5 1146.32 4585.27 1e+100
4 1183.06 2366.12 1e+100
6 591.968 591.968 1e+100
1 404.288 808.575 1e+100
8 1117.14 2234.28 1e+100
13 2807.86 5615.73 1e+100
7 797.006 1594.01 1e+100
10 1026.22 2052.45 1e+100
9 446.787 446.787 1e+100
12 83.5045 83.5045 1e+100
2 1375.05 5500.21 1e+100
3 180.892 180.892 1e+100
0 1342.55 1342.55 1e+100
13 460.752 921.503 1e+100
5 2006.71 8026.85 1e+100
14 722.181 2888.72 1e+100
8 894.412 1788.82 1e+100
1 245.372 490.744 1e+100
15 298.068 298.068 1e+100
7 1053.6 2107.2 1e+100
8 1895.53 3791.07 1e+100
4 149.842 299.685 1e+100
10 973.024 1946.05 1e+100
3 223.156 223.156 1e+100
9 348.844 348.844 1e+100
12 805.766 805.766 1e+100
11 525.457 525.457 1e+100
6 349.34 349.34 1e+100
1 418.777 418.777 1e+100
0 247.69 247.69 1e+100
2 152.931 305.862 1e+100
6 1959.24 1959.24 1e+100
15 585.844 585.844 1e+100
14 909.011 1818.02 1e+100
13 862.053 1724.11 1e+100
0 1040.42 1040.42 1e+100
2 1207.08 1207.08 1e+100
43
1 279.796 559.592 1e+100
2 163.906 327.812 1e+100
13 218.657 437.314 1e+100
4 629.542 1259.08 1e+100
14 1004.25 4016.99 1e+100
11 980.704 3922.82 1e+100
5 1064.15 2128.29 1e+100
6 857.373 857.373 1e+100
8 711.322 711.322 1e+100
7 373.297 746.594 1e+100
13 959.992 1919.98 1e+100
9 1518.7 1518.7 1e+100
1 826.824 1653.65 1e+100
10 301.27 602.54 1e+100
12 411.418 411.418 1e+100
3 203.955 203.955 1e+100
0 369.655 369.655 1e+100
2 135.135 270.269 1e+100
11 1253.01 5012.05 1e+100
4 659.864 1319.73 1e+100
15 17.5808 17.5808 1e+100
8 651.657 2606.63 1e+100
5 624.81 2499.24 1e+100
14 54.0876 216.351 1e+100
7 174.303 348.607 1e+100
13 133.725 267.45 1e+100
6 342.419 342.419 1e+100
1 620.719 1241.44 1e+100
7 1175.43 2350.85 1e+100
10 285.34 570.681 1e+100
8 1031.42 2062.84 1e+100
12 223.156 223.156 1e+100
3 387.143 387.143 1e+100
2 29.6248 59.2496 1e+100
0 371.097 371.097 1e+100
4 609.533 609.533 1e+100
15 480.921 480.921 1e+100
11 306.601 1226.4 1e+100
13 173.058 346.115 1e+100
14 186.741 186.741 1e+100
10 659.54 1319.08 1e+100
9 221.04 221.04 1e+100
6 277.68 277.68 1e+100
43
1 279.796 559.592 1e+100
2 163.906 327.812 1e+100
13 218.657 437.314 1e+100
4 629.542 1259.08 1e+100
14 1004.25 4016.99 1e+100
11 980.704 3922.82 1e+100
5 1064.15 2128.29 1e+100
6 857.373 857.373 1e+100
8 711.322 711.322 1e+100
7 373.297 746.594 1e+100
1 581.62 1163.24 1e+100
9 1518.7 1518.7 1e+100
13 1205.2 2410.39 1e+100
10 301.27 602.54 1e+100
0 264.774 264.774 1e+100
14 2399.62 2399.62 1e+100
3 215.186 215.186 1e+100
10 763.329 1526.66 1e+100
11 1253.01 5012.05 1e+100
4 659.864 1319.73 1e+100
15 17.5808 17.5808 1e+100
8 669.189 2676.75 1e+100
1 345.324 690.648 1e+100
12 1202.12 1202.12 1e+100
7 464.087 464.087 1e+100
0 512.825 512.825 1e+100
2 293.828 1175.31 1e+100
3 151.931 151.931 1e+100
5 122.667 122.667 1e+100
10 431.224 862.448 1e+100
2 1532.97 6131.9 1e+100
6 80.3494 80.3494 1e+100
9 306.157 306.157 1e+100
13 388.244 388.244 1e+100
11 249.717 998.867 1e+100
8 164.412 328.824 1e+100
7 388.89 777.779 1e+100
14 145.807 583.227 1e+100
3 132.141 132.141 1e+100
4 360.939 721.878 1e+100
5 590.588 2362.35 1e+100
10 38.0118 38.0118 1e+100
1 245.344 245.344 1e+100
41
1 279.796 559.592 1e+100
2 163.906 327.812 1e+100
13 218.657 437.314 1e+100
4 629.542 1259.08 1e+100
14 1004.25 4016.99 1e+100
11 980.704 3922.82 1e+100
5 1064.15 2128.29 1e+100
6 857.373 857.373 1e+100
8 711.322 711.322 1e+100
7 373.297 746.594 1e+100
13 959.992 1919.98 1e+100
9 1518.7 1518.7 1e+100
2 1598.89 3197.77 1e+100
10 909.866 1819.73 1e+100
3 49.2669 49.2669 1e+100
12 177.053 177.053 1e+100
15 502.938 502.938 1e+100
0 146.092 146.092 1e+100
11 949.499 3798 1e+100
12 1105.18 1105.18 1e+100
7 220.063 440.126 1e+100
13 246.155 492.311 1e+100
5 66.5751 66.5751 1e+100
3 75.7556 75.7556 1e+100
1 304.972 609.943 1e+100
14 267.175 1068.7 1e+100
2 863.955 3455.82 1e+100
4 571.747 1143.49 1e+100
10 204.426 408.853 1e+100
13 1248.33 2496.66 1e+100
11 891.13 3564.52 1e+100
8 1058.82 4235.27 1e+100
0 1050.6 1050.6 1e+100
3 1223.56 1223.56 1e+100
12 1267.81 1267.81 1e+100
7 1047.25 2094.49 1e+100
14 1684.3 6737.19 1e+100
15 260.928 260.928 1e+100
5 208.526 834.105 1e+100
6 517.918 517.918 1e+100
4 194.994 389.988 1e+100
45
1 279.796 559.592 1e+100
2 163.906 327.812 1e+100
13 218.657 437.314 1e+100
4 629.542 1259.08 1e+100
14 1004.25 4016.99 1e+100
11 980.704 3922.82 1e+100
5 1064.15 2128.29 1e+100
6 857.373 857.373 1e+100
8 711.322 711.322 1e+100
7 373.297 746.594 1e+100
1 581.62 1163.24 1e+100
9 1518.7 1518.7 1e+100
13 1205.2 2410.39 1e+100
10 301.27 602.54 1e+100
12 411.418 411.418 1e+100
2 150.675 150.675 1e+100
0 369.655 369.655 1e+100
10 763.329 1526.66 1e+100
11 1253.01 5012.05 1e+100
4 659.864 1319.73 1e+100
15 17.5808 17.5808 1e+100
8 651.657 2606.63 1e+100
2 557.44 2229.76 1e+100
3 537.526 537.526 1e+100
7 220.063 440.126 1e+100
1 165.812 331.624 1e+100
6 305.662 305.662 1e+100
0 110.598 110.598 1e+100
10 439.459 878.917 1e+100
5 104.437 417.748 1e+100
11 876.931 3507.72 1e+100
14 289.607 579.214 1e+100
13 512.124 1024.25 1e+100
1 1167.99 2335.98 1e+100
9 2320.45 2320.45 1e+100
8 1419.76 2839.52 1e+100
2 416.053 1664.21 1e+100
12 376.17 376.17 1e+100
7 542.992 1085.98 1e+100
15 178.866 178.866 1e+100
3 1776.57 1776.57 1e+100
6 166.389 166.389 1e+100
12 1668.84 1668.84 1e+100
4 943.232 943.232 1e+100
10 566.366 1132.73 1e+100
38
1 279.796 559.592 1e+100
2 163.906 327.812 1e+100
13 218.657 437.314 1e+100
4 629.542 1259.08 1e+100
14 1004.25 4016.99 1e+100
11 980.704 3922.82 1e+100
5 1064.15 2128.29 1e+100
6 857.373 857.373 1e+100
8 711.322 711.322 1e+100
7 373.297 746.594 1e+100
1 581.62 1163.24 1e+100
9 1518.7 1518.7 1e+100
13 1205.2 2410.39 1e+100
2 554.558 1109.12 1e+100
3 49.2669 49.2669 1e+100
15 370.573 370.573 1e+100
0 842.286 842.286 1e+100
12 342.611 342.611 1e+100
1 237.486 237.486 1e+100
11 578.398 2313.59 1e+100
5 172.076 688.305 1e+100
15 632.694 632.694 1e+100
8 851.901 851.901 1e+100
2 797.128 3188.51 1e+100
12 129.455 129.455 1e+100
7 430.907 861.814 1e+100
3 509.015 509.015 1e+100
14 352.396 1409.58 1e+100
5 1582.08 6328.34 1e+100
0 279.709 279.709 1e+100
4 517.803 517.803 1e+100
10 114.297 114.297 1e+100
1 79.9636 159.927 1e+100
11 878.825 3515.3 1e+100
6 264.985 264.985 1e+100
8 745.271 2981.08 1e+100
12 502.779 502.779 1e+100
14 725.83 1451.66 1e+100
38
1 530.623 1061.25 1e+100
13 665.05 1330.1 1e+100
2 138.252 553.007 1e+100
7 532.873 1065.75 1e+100
4 373.574 747.148 1e+100
14 677.949 2711.8 1e+100
10 479.562 959.123 1e+100
15 539.399 539.399 1e+100
0 382.751 382.751 1e+100
2 130.296 260.592 1e+100
6 1727.65 1727.65 1e+100
13 159.788 159.788 1e+100
1 571.952 571.952 1e+100
11 236.961 473.923 1e+100
12 282.965 282.965 1e+100
5 467.178 1868.71 1e+100
4 218.425 436.851 1e+100
9 838.883 838.883 1e+100
7 341.125 341.125 1e+100
10 494.121 494.121 1e+100
15 237.882 237.882 1e+100
0 355.739 355.739 1e+100
14 423.151 423.151 1e+100
2 123.409 123.409 1e+100
4 148.695 297.39 1e+100
3 405.093 405.093 1e+100
9 910.22 910.22 1e+100
12 417.096 417.096 1e+100
8 349.34 349.34 1e+100
1 144.841 144.841 1e+100
5 530.791 530.791 1e+100
7 235.64 471.281 1e+100
13 421.926 421.926 1e+100
11 686.875 686.875 1e+100
2 561.568 1123.14 1e+100
10 169.233 338.465 1e+100
6 52.7357 52.7357 1e+100
15 147.189 147.189 1e+100
41
1 530.623 1061.25 1e+100
13 665.05 1330.1 1e+100
2 138.252 553.007 1e+100
7 532.873 1065.75 1e+100
4 373.574 747.148 1e+100
14 677.949 2711.8 1e+100
10 479.562 959.123 1e+100
15 539.399 539.399 1e+100
14 2088.19 8352.76 1e+100
5 268.17 536.34 1e+100
6 591.968 591.968 1e+100
2 697.182 1394.36 1e+100
13 1262.97 2525.93 1e+100
1 1915.65 3831.31 1e+100
7 797.006 1594.01 1e+100
1 137.053 274.105 1e+100
12 121.85 121.85 1e+100
0 174.094 174.094 1e+100
8 1250.26 5001.05 1e+100
3 180.892 180.892 1e+100
10 1496.83 1496.83 1e+100
4 167.693 335.387 1e+100
9 838.883 838.883 1e+100
6 341.125 341.125 1e+100
3 736.446 736.446 1e+100
15 237.882 237.882 1e+100
5 392.629 392.629 1e+100
2 42.7672 42.7672 1e+100
12 123.409 123.409 1e+100
4 122.074 244.148 1e+100
13 989.042 989.042 1e+100
11 508.393 1016.79 1e+100
0 202.592 202.592 1e+100
10 398.407 398.407 1e+100
9 1265.63 1265.63 1e+100
2 1468.96 5875.85 1e+100
14 139.268 278.536 1e+100
12 537.65 537.65 1e+100
1 250.921 501.842 1e+100
15 181.259 181.259 1e+100
7 293.873 293.873 1e+100
36
7 515.81 1031.62 1e+100
13 415.859 831.717 1e+100
14 666.049 2664.2 1e+100
15 546.325 546.325 1e+100
8 1108.7 2217.4 1e+100
2 294.106 588.212 1e+100
9 2773.08 2773.08 1e+100
5 264.96 1059.84 1e+100
11 603.51 603.51 1e+100
8 2302.46 9209.83 1e+100
3 961.838 961.838 1e+100
6 348.914 348.914 1e+100
13 405.315 405.315 1e+100
7 83.4187 83.4187 1e+100
10 221.606 443.213 1e+100
4 996.916 1993.83 1e+100
15 537.94 537.94 1e+100
2 438.72 438.72 1e+100
0 261.378 261.378 1e+100
5 170.625 682.499 1e+100
12 430.072 430.072 1e+100
1 261.179 261.179 1e+100
14 482.183 964.367 1e+100
11 336.209 1344.84 1e+100
6 889.609 889.609 1e+100
3 541.008 541.008 1e+100
8 441.227 441.227 1e+100
5 799.908 3199.63 1e+100
13 160.759 321.517 1e+100
7 503.634 1007.27 1e+100
14 263.001 1052 1e+100
10 132.141 132.141 1e+100
4 317.146 634.292 1e+100
2 748.059 2992.24 1e+100
0 38.0118 38.0118 1e+100
9 367.682 367.682 1e+100
38
4 1262.04 1262.04 1e+100
9 596.136 596.136 1e+100
5 1097.64 1097.64 1e+100
2 71.4152 71.4152 1e+100
1 412.849 825.698 1e+100
3 1002 1002 1e+100
13 262.072 524.143 1e+100
7 829.663 1659.33 1e+100
5 8395.14 8395.14 1e+100
8 3219.94 12879.8 1e+100
12 225.748 225.748 1e+100
14 1499.81 5999.23 1e+100
9 337.857 337.857 1e+100
6 348.914 348.914 1e+100
15 563.195 563.195 1e+100
4 368.243 368.243 1e+100
10 221.606 443.213 1e+100
13 387.373 387.373 1e+100
5 143.724 143.724 1e+100
0 494.121 494.121 1e+100
9 622.951 622.951 1e+100
3 576.969 576.969 1e+100
7 357.518 357.518 1e+100
12 123.409 123.409 1e+100
1 139.865 279.73 1e+100
11 405.093 405.093 1e+100
2 1409.21 1409.21 1e+100
10 343.289 343.289 1e+100
-1 1e+100 1e+100 1e+100
15 575.061 575.061 1e+100
14 253.764 253.764 1e+100
4 450.003 900.005 1e+100
6 660.456 660.456 1e+100
9 941.163 941.163 1e+100
13 12.5531 25.1061 1e+100
7 731.723 1463.45 1e+100
3 524.214 524.214 1e+100
4 1504.15 1504.15 1e+100
42
1 279.796 559.592 1e+100
2 163.906 327.812 1e+100
13 218.657 437.314 1e+100
4 629.542 1259.08 1e+100
14 1004.25 4016.99 1e+100
11 980.704 3922.82 1e+100
5 1064.15 2128.29 1e+100
6 857.373 857.373 1e+100
8 711.322 711.322 1e+100
7 373.297 746.594 1e+100
1 581.62 1163.24 1e+100
9 1518.7 1518.7 1e+100
8 2741.4 5482.8 1e+100
2 240.333 240.333 1e+100
10 168.496 336.992 1e+100
11 543.953 543.953 1e+100
6 1369.72 1369.72 1e+100
12 763.572 763.572 1e+100
4 1185.52 2371.04 1e+100
15 317.711 317.711 1e+100
2 349.315 1397.26 1e+100
13 302.387 604.775 1e+100
1 247.258 247.258 1e+100
14 743.622 2974.49 1e+100
5 172.076 688.305 1e+100
0 233.224 233.224 1e+100
12 674.464 674.464 1e+100
11 690.34 2761.36 1e+100
9 304.437 304.437 1e+100
10 539.889 1079.78 1e+100
1 1147.52 1147.52 1e+100
7 571.649 571.649 1e+100
13 267.721 535.441 1e+100
2 526.835 2107.34 1e+100
6 952.155 952.155 1e+100
8 1541.24 3082.47 1e+100
3 178.866 178.866 1e+100
15 1091.07 1091.07 1e+100
5 327.708 327.708 1e+100
7 1171.92 1171.92 1e+100
4 794.012 794.012 1e+100
14 582.582 1165.16 1e+100
41
1 279.796 559.592 1e+100
2 163.906 327.812 1e+100
13 218.657 437.314 1e+100
4 629.542 1259.08 1e+100
14 1004.25 4016.99 1e+100
11 980.704 3922.82 1e+100
5 1064.15 2128.29 1e+100
6 857.373 857.373 1e+100
8 711.322 711.322 1e+100
7 373.297 746.594 1e+100
2 1022.6 2045.21 1e+100
9 1518.7 1518.7 1e+100
13 1205.2 2410.39 1e+100
1 470.588 941.176 1e+100
12 215.619 215.619 1e+100
3 170.988 170.988 1e+100
0 842.286 842.286 1e+100
15 472.413 472.413 1e+100
11 167.465 669.86 1e+100
14 159.082 636.328 1e+100
7 174.303 348.607 1e+100
2 99.8905 199.781 1e+100
6 342.419 342.419 1e+100
4 550.793 1101.59 1e+100
13 159.019 318.038 1e+100
10 154.774 309.548 1e+100
5 697.023 1394.05 1e+100
1 223.156 223.156 1e+100
12 26.9292 26.9292 1e+100
0 327.251 327.251 1e+100
15 248.42 248.42 1e+100
3 1183.64 1183.64 1e+100
8 1103.17 1103.17 1e+100
11 40.2466 40.2466 1e+100
7 275.742 551.485 1e+100
9 572.335 572.335 1e+100
6 630.195 630.195 1e+100
14 345.916 691.833 1e+100
2 402.069 804.138 1e+100
11 832.975 832.975 1e+100
13 276.57 276.57 1e+100
37
4 1262.04 1262.04 1e+100
9 596.136 596.136 1e+100
5 1097.64 1097.64 1e+100
2 71.4152 71.4152 1e+100
1 412.849 825.698 1e+100
3 1002 1002 1e+100
13 262.072 524.143 1e+100
7 829.663 1659.33 1e+100
15 2445.06 2445.06 1e+100
14 719.575 2878.3 1e+100
2 666.855 666.855 1e+100
8 1026.96 4107.83 1e+100
12 747.68 747.68 1e+100
6 348.914 348.914 1e+100
0 577.121 577.121 1e+100
4 310.561 310.561 1e+100
10 221.606 443.213 1e+100
9 412.776 412.776 1e+100
11 477.367 1909.47 1e+100
5 210.992 843.966 1e+100
13 176.495 176.495 1e+100
1 522.057 522.057 1e+100
8 283.622 1134.49 1e+100
7 501.615 501.615 1e+100
2 430.907 861.814 1e+100
0 330.679 330.679 1e+100
14 180.429 721.716 1e+100
5 1621 6484 1e+100
10 446.455 446.455 1e+100
9 606.453 606.453 1e+100
3 114.297 114.297 1e+100
13 665.209 1330.42 1e+100
11 780.878 3123.51 1e+100
4 264.985 264.985 1e+100
2 554.354 2217.42 1e+100
15 227.764 227.764 1e+100
1 42.1304 84.2608 1e+100
46
1 279.796 559.592 1e+100
2 163.906 327.812 1e+100
13 218.657 437.314 1e+100
4 629.542 1259.08 1e+100
14 1004.25 4016.99 1e+100
11 980.704 3922.82 1e+100
5 1064.15 2128.29 1e+100
6 857.373 857.373 1e+100
8 711.322 711.322 1e+100
7 373.297 746.594 1e+100
2 1022.6 2045.21 1e+100
9 1518.7 1518.7 1e+100
1 826.824 1653.65 1e+100
2 2656.71 10626.9 1e+100
10 106.823 213.645 1e+100
15 2111.86 2111.86 1e+100
13 539.385 1078.77 1e+100
8 1063.45 2126.91 1e+100
4 1469.82 2939.63 1e+100
7 801.557 1603.11 1e+100
14 1442.28 2884.56 1e+100
12 121.85 121.85 1e+100
0 174.094 174.094 1e+100
11 1622.54 6490.15 1e+100
3 180.892 180.892 1e+100
6 1473.68 1473.68 1e+100
10 899.05 1798.1 1e+100
9 1200.3 1200.3 1e+100
7 2161.38 2161.38 1e+100
3 736.446 736.446 1e+100
1 163.402 163.402 1e+100
0 692.931 692.931 1e+100
13 152.414 152.414 1e+100
12 123.409 123.409 1e+100
5 271.757 543.514 1e+100
8 689.178 689.178 1e+100
11 2586.79 5173.58 1e+100
10 4446.78 4446.78 1e+100
6 375.778 375.778 1e+100
9 1627.05 1627.05 1e+100
14 154.676 618.706 1e+100
13 438.682 877.364 1e+100
12 537.65 537.65 1e+100
4 251.785 503.571 1e+100
1 123.567 123.567 1e+100
15 293.873 293.873 1e+100
38
7 515.81 1031.62 1e+100
13 415.859 831.717 1e+100
14 666.049 2664.2 1e+100
15 546.325 546.325 1e+100
8 1108.7 2217.4 1e+100
2 294.106 588.212 1e+100
9 2773.08 2773.08 1e+100
5 264.96 1059.84 1e+100
11 603.51 603.51 1e+100
8 2302.46 9209.83 1e+100
3 961.838 961.838 1e+100
6 348.914 348.914 1e+100
13 359.531 359.531 1e+100
7 83.4187 83.4187 1e+100
10 221.606 443.213 1e+100
4 996.916 1993.83 1e+100
15 537.94 537.94 1e+100
2 438.72 438.72 1e+100
1 208.448 208.448 1e+100
14 463.175 1852.7 1e+100
12 430.072 430.072 1e+100
0 189.297 189.297 1e+100
11 364.277 728.554 1e+100
5 429.572 1718.29 1e+100
6 890.02 890.02 1e+100
12 1249.18 1249.18 1e+100
14 2228.33 2228.33 1e+100
1 1209.47 1209.47 1e+100
8 1011.5 1011.5 1e+100
3 319.761 319.761 1e+100
15 89.9808 89.9808 1e+100
2 211.175 422.35 1e+100
9 690.038 690.038 1e+100
13 294.156 294.156 1e+100
10 12.5531 25.1061 1e+100
11 489.133 978.265 1e+100
4 265.23 265.23 1e+100
2 1265.32 1265.32 1e+100
43
1 279.796 559.592 1e+100
2 163.906 327.812 1e+100
13 218.657 437.314 1e+100
4 629.542 1259.08 1e+100
14 1004.25 4016.99 1e+100
11 980.704 3922.82 1e+100
5 1064.15 2128.29 1e+100
6 857.373 857.373 1e+100
8 711.322 711.322 1e+100
7 373.297 746.594 1e+100
4 2130.29 4260.58 1e+100
9 1518.7 1518.7 1e+100
8 2741.4 5482.8 1e+100
2 240.333 240.333 1e+100
10 168.496 336.992 1e+100
15 889.324 889.324 1e+100
1 391.772 391.772 1e+100
0 571.952 571.952 1e+100
13 164.375 328.75 1e+100
12 282.965 282.965 1e+100
11 956.131 3824.52 1e+100
13 3143.19 6286.37 1e+100
5 433.833 867.666 1e+100
6 894.962 894.962 1e+100
7 464.087 464.087 1e+100
10 320.997 320.997 1e+100
14 486.353 1945.41 1e+100
3 174.109 174.109 1e+100
0 802.653 802.653 1e+100
1 1737.44 3474.88 1e+100
2 304.376 1217.5 1e+100
12 744.652 744.652 1e+100
14 964.275 3857.1 1e+100
5 1380.98 5523.93 1e+100
9 1425.93 1425.93 1e+100
4 503.795 503.795 1e+100
3 618.674 618.674 1e+100
7 292.319 584.638 1e+100
11 543.046 2172.19 1e+100
15 50.9252 50.9252 1e+100
8 161.198 644.793 1e+100
12 900.365 900.365 1e+100
10 44.8189 89.6377 1e+100
38
4 1262.04 1262.04 1e+100
9 596.136 596.136 1e+100
5 1097.64 1097.64 1e+100
2 71.4152 71.4152 1e+100
1 412.849 825.698 1e+100
3 1002 1002 1e+100
13 262.072 524.143 1e+100
7 829.663 1659.33 1e+100
14 792.721 792.721 1e+100
10 168.496 336.992 1e+100
15 889.324 889.324 1e+100
4 50.9572 50.9572 1e+100
12 763.572 763.572 1e+100
11 236.961 473.923 1e+100
9 84.362 84.362 1e+100
2 85.1364 340.545 1e+100
13 824.122 1648.24 1e+100
5 651.831 2607.32 1e+100
14 677.478 2709.91 1e+100
7 136.75 273.5 1e+100
10 499.723 999.446 1e+100
1 438.869 438.869 1e+100
8 683.747 1367.49 1e+100
4 276.288 552.577 1e+100
10 2279.71 4559.42 1e+100
11 295.842 591.683 1e+100
12 137.814 137.814 1e+100
6 272 272 1e+100
1 989.17 989.17 1e+100
14 1098.72 4394.87 1e+100
13 281.797 563.593 1e+100
5 556.545 1113.09 1e+100
2 296.549 1186.19 1e+100
0 188.848 188.848 1e+100
7 421.893 843.786 1e+100
5 1519.67 6078.69 1e+100
15 17.5958 17.5958 1e+100
4 240.139 240.139 1e+100
42
4 1262.04 1262.04 1e+100
9 596.136 596.136 1e+100
5 1097.64 1097.64 1e+100
2 71.4152 71.4152 1e+100
1 412.849 825.698 1e+100
3 1002 1002 1e+100
13 262.072 524.143 1e+100
7 829.663 1659.33 1e+100
15 2445.06 2445.06 1e+100
14 719.575 2878.3 1e+100
12 225.748 225.748 1e+100
8 1026.96 4107.83 1e+100
9 337.857 337.857 1e+100
6 348.914 348.914 1e+100
4 828.668 828.668 1e+100
5 816.84 816.84 1e+100
10 221.606 443.213 1e+100
2 150.175 600.701 1e+100
0 131.101 131.101 1e+100
8 862.233 1724.47 1e+100
13 575.583 1151.17 1e+100
3 157.06 157.06 1e+100
12 110.598 110.598 1e+100
7 294.751 589.501 1e+100
11 104.437 417.748 1e+100
14 366.27 1465.08 1e+100
2 466.372 932.744 1e+100
10 757.325 1514.65 1e+100
1 530.617 1061.23 1e+100
0 394.591 394.591 1e+100
6 441.311 441.311 1e+100
4 1567.51 1567.51 1e+100
9 627.255 627.255 1e+100
7 1374.53 1374.53 1e+100
3 273.322 273.322 1e+100
5 82.5383 165.077 1e+100
15 363.24 363.24 1e+100
8 536.008 536.008 1e+100
13 700.011 1400.02 1e+100
1 626.35 1252.7 1e+100
12 833.711 833.711 1e+100
5 1136.69 1136.69 1e+100
38
7 672.336 1344.67 1e+100
4 681.25 1362.5 1e+100
5 436.813 1747.25 1e+100
11 1162.44 4649.76 1e+100
9 780.087 780.087 1e+100
2 405.826 811.652 1e+100
14 800.626 1601.25 1e+100
15 458.392 458.392 1e+100
3 203.955 203.955 1e+100
12 305.101 305.101 1e+100
10 284.797 569.594 1e+100
5 108.402 433.607 1e+100
4 431.891 863.782 1e+100
0 373.663 373.663 1e+100
11 566.254 2265.02 1e+100
2 231.46 925.842 1e+100
14 467.33 1869.32 1e+100
7 174.303 348.607 1e+100
1 530.623 1061.25 1e+100
9 231.299 231.299 1e+100
8 683.747 1367.49 1e+100
11 703.056 1406.11 1e+100
13 558.923 1117.85 1e+100
10 842.405 1684.81 1e+100
0 218.375 218.375 1e+100
12 174.256 174.256 1e+100
3 360.398 360.398 1e+100
5 581.72 581.72 1e+100
6 439.922 439.922 1e+100
4 154.997 154.997 1e+100
2 57.3396 57.3396 1e+100
7 275.742 551.485 1e+100
15 660.456 660.456 1e+100
9 519.075 519.075 1e+100
14 654.159 1308.32 1e+100
1 391.926 783.852 1e+100
2 850.068 850.068 1e+100
11 817.121 817.121 1e+100
41
4 1262.04 1262.04 1e+100
9 596.136 596.136 1e+100
5 1097.64 1097.64 1e+100
2 71.4152 71.4152 1e+100
1 412.849 825.698 1e+100
3 1002 1002 1e+100
13 262.072 524.143 1e+100
7 829.663 1659.33 1e+100
11 982.666 3930.66 1e+100
10 106.823 213.645 1e+100
6 591.968 591.968 1e+100
2 851.006 1702.01 1e+100
4 986.611 1973.22 1e+100
14 167.288 334.575 1e+100
8 556.5 1113 1e+100
13 1058.45 2116.91 1e+100
9 228.567 228.567 1e+100
12 83.5045 83.5045 1e+100
5 1078.79 4315.16 1e+100
0 381.62 381.62 1e+100
7 902.87 902.87 1e+100
10 899.05 1798.1 1e+100
15 689.629 689.629 1e+100
6 341.125 341.125 1e+100
12 875.652 875.652 1e+100
8 1808.48 1808.48 1e+100
3 335.194 335.194 1e+100
2 282.33 282.33 1e+100
9 143.486 143.486 1e+100
1 139.865 279.73 1e+100
7 284.073 284.073 1e+100
6 304.172 304.172 1e+100
11 209.971 839.885 1e+100
10 276.949 553.898 1e+100
4 500.92 1001.84 1e+100
14 386.72 1546.88 1e+100
13 316.549 316.549 1e+100
5 305.429 610.858 1e+100
2 137.613 550.452 1e+100
9 19.419 19.419 1e+100
15 494.62 494.62 1e+100
41
7 672.336 1344.67 1e+100
4 681.25 1362.5 1e+100
5 436.813 1747.25 1e+100
11 1162.44 4649.76 1e+100
9 780.087 780.087 1e+100
2 405.826 811.652 1e+100
5 1288.76 5155.03 1e+100
13 540.317 1080.63 1e+100
6 591.968 591.968 1e+100
1 454.561 909.122 1e+100
7 766.434 1532.87 1e+100
14 167.288 334.575 1e+100
8 556.5 1113 1e+100
4 433.083 866.166 1e+100
15 275.133 275.133 1e+100
12 83.5045 83.5045 1e+100
11 1520 6079.98 1e+100
3 180.892 180.892 1e+100
9 1097.58 1097.58 1e+100
10 326.403 652.806 1e+100
2 231.46 925.842 1e+100
14 692.664 2770.65 1e+100
7 543.705 1087.41 1e+100
1 295.645 591.291 1e+100
6 342.419 342.419 1e+100
8 813.092 1626.18 1e+100
5 411.56 823.12 1e+100
4 149.842 299.685 1e+100
13 529.812 1059.62 1e+100
0 223.156 223.156 1e+100
12 401.157 401.157 1e+100
9 447.312 447.312 1e+100
14 1113.9 4455.61 1e+100
10 477.814 955.628 1e+100
7 1617.54 3235.08 1e+100
2 1155.6 4622.41 1e+100
3 316.549 316.549 1e+100
1 38.3625 76.7251 1e+100
11 650.507 2602.03 1e+100
15 38.0118 38.0118 1e+100
6 268.403 268.403 1e+100
32
7 515.81 1031.62 1e+100
13 415.859 831.717 1e+100
14 666.049 2664.2 1e+100
15 546.325 546.325 1e+100
8 1108.7 2217.4 1e+100
2 294.106 588.212 1e+100
10 909.866 1819.73 1e+100
9 358.219 358.219 1e+100
3 170.988 170.988 1e+100
11 457.758 457.758 1e+100
1 244.034 244.034 1e+100
2 767.201 767.201 1e+100
13 364.271 364.271 1e+100
0 494.121 494.121 1e+100
15 172.52 172.52 1e+100
9 397.031 397.031 1e+100
10 324.469 324.469 1e+100
3 123.409 123.409 1e+100
1 115.602 231.204 1e+100
7 247.36 247.36 1e+100
11 704.156 704.156 1e+100
14 253.776 253.776 1e+100
8 349.34 349.34 1e+100
12 788.995 788.995 1e+100
4 1487.75 1487.75 1e+100
13 257.455 514.911 1e+100
6 421.926 421.926 1e+100
15 490.732 490.732 1e+100
2 168.217 336.435 1e+100
10 698.674 1397.35 1e+100
9 344.275 344.275 1e+100
8 1270.41 1270.41 1e+100
