38
6 384.016 384.016 1e+100
1 505.658 1011.32 1e+100
4 629.542 1259.08 1e+100
5 1500.39 6001.55 1e+100
6 4599.75 4599.75 1e+100
2 809.33 3237.32 1e+100
6 8929.88 8929.88 1e+100
4 2836.27 5672.55 1e+100
7 403.391 403.391 1e+100
7 2239.04 4478.09 1e+100
2 2109.72 4219.43 1e+100
3 3563.49 3563.49 1e+100
4 5999.58 11999.2 1e+100
3 183.29 183.29 1e+100
1 388.462 776.925 1e+100
0 4719.27 4719.27 1e+100
6 387.388 387.388 1e+100
2 3138.31 3138.31 1e+100
1 7403.17 14806.3 1e+100
0 190.678 190.678 1e+100
5 1787.75 7150.99 1e+100
1 1773.85 3547.7 1e+100
2 4731.89 18927.6 1e+100
5 5394.56 21578.3 1e+100
7 777.277 1554.55 1e+100
4 1482.77 2965.53 1e+100
6 3437.19 3437.19 1e+100
7 4068.97 8137.95 1e+100
7 1778.4 3556.8 1e+100
1 2985.44 5970.88 1e+100
4 4929.62 9859.24 1e+100
0 348.882 348.882 1e+100
0 4646.37 4646.37 1e+100
5 1345.33 5381.3 1e+100
1 294.424 588.848 1e+100
3 1136.18 1136.18 1e+100
3 3117.9 3117.9 1e+100
3 4631.06 4631.06 1e+100
39
6 241.292 241.292 1e+100
2 160.277 320.555 1e+100
1 238.384 476.769 1e+100
7 858.32 858.32 1e+100
0 96.1445 96.1445 1e+100
4 376.525 753.051 1e+100
5 1154.09 4616.37 1e+100
5 7683.29 30733.1 1e+100
7 1828.64 3657.29 1e+100
3 470.872 470.872 1e+100
2 835.329 3341.32 1e+100
3 1877.46 1877.46 1e+100
1 1363.86 1363.86 1e+100
2 2563.94 5127.88 1e+100
3 4718.19 4718.19 1e+100
0 2212.89 2212.89 1e+100
0 491.029 491.029 1e+100
4 719.05 1438.1 1e+100
5 1165.95 4663.8 1e+100
1 1247.73 2495.47 1e+100
6 1578.25 1578.25 1e+100
5 3091.28 12365.1 1e+100
1 2828.89 5657.78 1e+100
6 3441.75 3441.75 1e+100
7 3676.52 3676.52 1e+100
7 1179.25 1179.25 1e+100
2 1514.85 6059.4 1e+100
0 1858.74 1858.74 1e+100
3 462.043 462.043 1e+100
4 386.945 773.889 1e+100
2 2754 11016 1e+100
4 3866.68 3866.68 1e+100
1 3828.48 3828.48 1e+100
0 2498.44 2498.44 1e+100
4 1168.61 2337.21 1e+100
3 3180.9 3180.9 1e+100
6 3008.98 3008.98 1e+100
7 3196.49 3196.49 1e+100
2 3667.51 14670 1e+100
32
6 1254.93 1254.93 1e+100
7 1848.23 3696.45 1e+100
2 129.403 517.611 1e+100
5 1080.63 4322.52 1e+100
0 2160.06 2160.06 1e+100
0 222.037 222.037 1e+100
1 215.929 431.858 1e+100
2 2262.41 2262.41 1e+100
4 378.607 757.214 1e+100
3 604.902 604.902 1e+100
1 105.38 210.759 1e+100
4 457.654 457.654 1e+100
5 1692.91 6771.64 1e+100
6 280.527 280.527 1e+100
7 1324.95 1324.95 1e+100
3 566.514 566.514 1e+100
0 5368.72 5368.72 1e+100
1 433.408 433.408 1e+100
5 5399.63 21598.5 1e+100
2 222.305 889.221 1e+100
0 147.9 147.9 1e+100
6 1473.02 1473.02 1e+100
2 1778.07 7112.28 1e+100
3 663.619 663.619 1e+100
1 1041.71 2083.42 1e+100
4 339.479 339.479 1e+100
4 2096.04 2096.04 1e+100
5 579.944 2319.77 1e+100
7 158.727 317.454 1e+100
0 343.922 343.922 1e+100
7 1608.11 1608.11 1e+100
6 627.457 627.457 1e+100
33
4 1435.35 1435.35 1e+100
2 41.8641 83.7281 1e+100
7 282.488 564.976 1e+100
1 256.355 512.711 1e+100
6 630.235 630.235 1e+100
5 305.738 611.477 1e+100
0 1223.32 1223.32 1e+100
3 195.865 195.865 1e+100
7 3230.27 3230.27 1e+100
5 1122 2243.99 1e+100
4 603.654 603.654 1e+100
1 1121.57 1121.57 1e+100
2 887.003 887.003 1e+100
4 3601.71 7203.42 1e+100
3 531.066 531.066 1e+100
5 2301.08 9204.33 1e+100
7 3442.79 6885.58 1e+100
1 2587.16 5174.32 1e+100
0 2472.85 2472.85 1e+100
0 558.509 558.509 1e+100
3 5266.97 5266.97 1e+100
2 1643.6 6574.39 1e+100
6 1227.6 1227.6 1e+100
3 1618.81 1618.81 1e+100
7 3604.8 7209.61 1e+100
2 2882.75 11531 1e+100
0 3368.17 3368.17 1e+100
1 3460.78 3460.78 1e+100
5 1858.66 7434.64 1e+100
7 3499.38 6998.76 1e+100
3 1391.92 1391.92 1e+100
6 933.948 933.948 1e+100
6 2447.11 2447.11 1e+100
39
6 1254.93 1254.93 1e+100
7 1848.23 3696.45 1e+100
2 129.403 517.611 1e+100
5 1080.63 4322.52 1e+100
1 1856.15 1856.15 1e+100
0 222.037 222.037 1e+100
1 215.929 431.858 1e+100
5 3075.05 3075.05 1e+100
4 378.607 757.214 1e+100
3 604.902 604.902 1e+100
4 1377.15 1377.15 1e+100
2 839.683 1679.37 1e+100
6 1866.25 1866.25 1e+100
6 53.1798 53.1798 1e+100
7 1392.47 1392.47 1e+100
1 1294.33 2588.66 1e+100
3 137.979 137.979 1e+100
2 5423.53 21694.1 1e+100
4 1589.67 3179.34 1e+100
0 3163.48 3163.48 1e+100
2 1601.12 6404.5 1e+100
5 1034.94 4139.75 1e+100
0 677.327 677.327 1e+100
0 4621.29 4621.29 1e+100
5 2590.7 10362.8 1e+100
3 465.9 465.9 1e+100
7 967.192 1934.38 1e+100
3 2363.37 2363.37 1e+100
4 2647.83 5295.65 1e+100
6 3995.21 3995.21 1e+100
4 525.565 1051.13 1e+100
1 4891.35 4891.35 1e+100
1 979.49 1958.98 1e+100
4 4199.74 4199.74 1e+100
2 1155.43 4621.73 1e+100
7 1598.48 3196.96 1e+100
6 1057.76 1057.76 1e+100
1 2321 4642 1e+100
5 2741.2 2741.2 1e+100
39
6 241.292 241.292 1e+100
2 160.277 320.555 1e+100
1 238.384 476.769 1e+100
7 858.32 858.32 1e+100
0 96.1445 96.1445 1e+100
4 376.525 753.051 1e+100
5 1154.09 4616.37 1e+100
2 6362.07 25448.3 1e+100
7 1828.64 3657.29 1e+100
3 470.872 470.872 1e+100
2 835.329 3341.32 1e+100
3 1877.46 1877.46 1e+100
1 1363.86 1363.86 1e+100
5 1153.45 2306.91 1e+100
4 1302.03 2604.06 1e+100
0 212.064 212.064 1e+100
0 1981.65 1981.65 1e+100
2 1558.08 1558.08 1e+100
3 6480.5 6480.5 1e+100
6 735.557 735.557 1e+100
7 622.049 622.049 1e+100
1 375.993 375.993 1e+100
7 2344.04 2344.04 1e+100
4 1396.96 1396.96 1e+100
3 459.299 459.299 1e+100
0 1608.75 1608.75 1e+100
1 1487.17 2974.33 1e+100
5 831.585 1663.17 1e+100
5 4581.89 4581.89 1e+100
6 733.363 733.363 1e+100
6 2047.39 2047.39 1e+100
1 1770.83 3541.66 1e+100
7 3167.45 6334.9 1e+100
2 3219.77 3219.77 1e+100
0 1625.56 1625.56 1e+100
5 1292.79 2585.58 1e+100
4 1847.85 3695.7 1e+100
3 1091.73 1091.73 1e+100
1 2414.12 4828.24 1e+100
29
4 1435.35 1435.35 1e+100
2 41.8641 83.7281 1e+100
7 282.488 564.976 1e+100
1 256.355 512.711 1e+100
6 630.235 630.235 1e+100
5 305.738 611.477 1e+100
0 1223.32 1223.32 1e+100
3 195.865 195.865 1e+100
2 664.711 664.711 1e+100
1 446.833 446.833 1e+100
2 2393.11 9572.43 1e+100
3 263.673 263.673 1e+100
1 2604.53 5209.06 1e+100
7 241.907 241.907 1e+100
4 381.348 381.348 1e+100
0 1052.28 1052.28 1e+100
5 203.185 812.739 1e+100
6 1227.6 1227.6 1e+100
3 1225.3 1225.3 1e+100
7 2396.94 4793.88 1e+100
5 1442.33 5769.32 1e+100
3 2679.54 2679.54 1e+100
0 2931.1 2931.1 1e+100
5 2637.93 2637.93 1e+100
4 868.649 1737.3 1e+100
6 1823.79 1823.79 1e+100
1 2736.45 2736.45 1e+100
0 3128.32 3128.32 1e+100
2 1567.28 6269.13 1e+100
35
6 241.292 241.292 1e+100
2 160.277 320.555 1e+100
1 238.384 476.769 1e+100
7 858.32 858.32 1e+100
0 96.1445 96.1445 1e+100
4 376.525 753.051 1e+100
5 1154.09 4616.37 1e+100
2 4830.18 19320.7 1e+100
7 1828.64 3657.29 1e+100
3 470.872 470.872 1e+100
2 835.329 3341.32 1e+100
0 917.877 917.877 1e+100
5 1655.84 1655.84 1e+100
1 935.273 1870.55 1e+100
4 1302.03 2604.06 1e+100
3 1171.61 1171.61 1e+100
3 2941.19 2941.19 1e+100
6 1201.15 1201.15 1e+100
4 3560.05 3560.05 1e+100
5 1461.23 5844.92 1e+100
1 4974.12 4974.12 1e+100
0 822.727 822.727 1e+100
7 686.919 1373.84 1e+100
5 4427.36 4427.36 1e+100
4 555.965 1111.93 1e+100
1 1639.22 3278.45 1e+100
2 2799.24 5598.48 1e+100
3 2722.37 2722.37 1e+100
0 2678.1 2678.1 1e+100
4 3441.81 3441.81 1e+100
7 2089.94 4179.88 1e+100
7 4039.82 4039.82 1e+100
6 590.833 590.833 1e+100
6 2410.9 2410.9 1e+100
5 279.773 1119.09 1e+100
38
6 1636.87 1636.87 1e+100
4 394.921 394.921 1e+100
5 1097.64 1097.64 1e+100
3 216.765 216.765 1e+100
1 412.849 825.698 1e+100
0 584.385 584.385 1e+100
2 298.247 596.493 1e+100
7 829.663 1659.33 1e+100
4 875.026 875.026 1e+100
1 7717.23 15434.5 1e+100
0 855.08 855.08 1e+100
7 801.869 801.869 1e+100
0 4101.98 4101.98 1e+100
5 8842.3 17684.6 1e+100
3 464.689 464.689 1e+100
2 653.997 2615.99 1e+100
1 984.464 1968.93 1e+100
2 4368.01 17472 1e+100
5 940.252 3761.01 1e+100
4 2059.29 4118.57 1e+100
7 1612.27 3224.53 1e+100
6 1651.91 1651.91 1e+100
4 5350.98 10702 1e+100
4 3060.41 6120.82 1e+100
1 632.916 1265.83 1e+100
7 5055.15 10110.3 1e+100
3 617.798 617.798 1e+100
2 650.152 2600.61 1e+100
5 3858.21 15432.8 1e+100
3 5342.16 5342.16 1e+100
0 3000.83 3000.83 1e+100
3 3176.4 3176.4 1e+100
7 1847.66 3695.32 1e+100
5 1285.14 5140.57 1e+100
6 1648.06 1648.06 1e+100
2 3883.7 15534.8 1e+100
6 3003.42 3003.42 1e+100
1 354.863 709.725 1e+100
36
6 1254.93 1254.93 1e+100
7 1848.23 3696.45 1e+100
2 129.403 517.611 1e+100
5 1080.63 4322.52 1e+100
0 2160.06 2160.06 1e+100
0 222.037 222.037 1e+100
1 215.929 431.858 1e+100
5 3075.05 3075.05 1e+100
4 378.607 757.214 1e+100
3 604.902 604.902 1e+100
1 755.871 1511.74 1e+100
2 793.913 1587.83 1e+100
6 1997.11 1997.11 1e+100
4 393.151 393.151 1e+100
7 928.684 928.684 1e+100
0 1362.3 1362.3 1e+100
5 1574.15 6296.61 1e+100
3 604.317 604.317 1e+100
4 1212.53 1212.53 1e+100
1 757.012 1514.02 1e+100
6 5082.47 5082.47 1e+100
2 160.266 320.533 1e+100
7 1706.07 3412.14 1e+100
7 3514.94 7029.89 1e+100
3 1225.23 1225.23 1e+100
2 1110.01 4440.03 1e+100
5 4349.41 17397.7 1e+100
0 3157.22 3157.22 1e+100
6 962.216 962.216 1e+100
0 991.465 991.465 1e+100
1 1496.68 2993.36 1e+100
5 1776.35 7105.38 1e+100
3 2837.76 2837.76 1e+100
2 1764.7 7058.81 1e+100
1 2293.61 2293.61 1e+100
4 220.673 441.345 1e+100
32
6 1636.87 1636.87 1e+100
4 394.921 394.921 1e+100
5 1097.64 1097.64 1e+100
3 216.765 216.765 1e+100
1 412.849 825.698 1e+100
0 584.385 584.385 1e+100
2 298.247 596.493 1e+100
7 829.663 1659.33 1e+100
4 73.307 146.614 1e+100
1 851.474 851.474 1e+100
2 1105.45 4421.81 1e+100
6 536.415 536.415 1e+100
3 428.234 428.234 1e+100
0 1038.76 1038.76 1e+100
3 1809.32 1809.32 1e+100
5 651.831 2607.32 1e+100
2 1899.55 7598.22 1e+100
7 136.75 273.5 1e+100
4 530.623 1061.25 1e+100
1 1385.01 1385.01 1e+100
1 3227.21 6454.43 1e+100
5 1612.99 3225.99 1e+100
4 4038.38 8076.76 1e+100
7 1626.11 3252.22 1e+100
0 1006.42 1006.42 1e+100
6 302.046 302.046 1e+100
3 1679.8 1679.8 1e+100
4 1218.56 2437.12 1e+100
0 2745.72 2745.72 1e+100
6 926.898 926.898 1e+100
5 1636.99 1636.99 1e+100
2 1995.5 7982.02 1e+100
41
6 1254.93 1254.93 1e+100
7 1848.23 3696.45 1e+100
2 129.403 517.611 1e+100
5 1080.63 4322.52 1e+100
4 2324.6 2324.6 1e+100
0 222.037 222.037 1e+100
1 215.929 431.858 1e+100
6 5399.29 5399.29 1e+100
4 378.607 757.214 1e+100
3 604.902 604.902 1e+100
2 1066.07 1066.07 1e+100
1 3025.18 6050.35 1e+100
6 464.398 464.398 1e+100
3 1017.09 1017.09 1e+100
0 698.579 698.579 1e+100
1 7250.11 14500.2 1e+100
0 8250.25 8250.25 1e+100
2 1175.05 4700.21 1e+100
1 364.277 728.554 1e+100
5 3949.93 15799.7 1e+100
5 661.736 2646.94 1e+100
4 1496.01 2992.03 1e+100
5 6016.59 12033.2 1e+100
3 1385.03 1385.03 1e+100
4 2960.15 5920.31 1e+100
7 56.4987 112.997 1e+100
2 1625.55 3251.11 1e+100
7 2372.29 4744.59 1e+100
0 91.7658 91.7658 1e+100
2 3014.77 6029.54 1e+100
0 2065.7 2065.7 1e+100
6 2528.92 2528.92 1e+100
3 3324.79 3324.79 1e+100
1 634.461 1268.92 1e+100
7 5036.47 10072.9 1e+100
4 3507.63 3507.63 1e+100
0 2787.48 2787.48 1e+100
2 3475.97 6951.95 1e+100
7 2737.73 5475.47 1e+100
6 3222.06 3222.06 1e+100
1 1277.75 2555.5 1e+100
28
6 1636.87 1636.87 1e+100
4 394.921 394.921 1e+100
5 1097.64 1097.64 1e+100
3 216.765 216.765 1e+100
1 412.849 825.698 1e+100
0 584.385 584.385 1e+100
2 298.247 596.493 1e+100
7 829.663 1659.33 1e+100
3 812.205 812.205 1e+100
1 514.487 514.487 1e+100
2 1549.95 6199.82 1e+100
4 423.697 423.697 1e+100
5 654.099 2616.39 1e+100
5 3474.81 13899.2 1e+100
7 136.75 273.5 1e+100
7 5417.36 10834.7 1e+100
6 565.149 565.149 1e+100
1 3202.08 6404.15 1e+100
1 911.501 1823 1e+100
4 909.101 1818.2 1e+100
7 1626.11 3252.22 1e+100
3 223.156 223.156 1e+100
6 1201.41 1201.41 1e+100
2 2066.82 8267.29 1e+100
4 1580.12 3160.23 1e+100
3 1469.3 1469.3 1e+100
0 487.702 487.702 1e+100
0 2000.86 2000.86 1e+100
37
6 1636.87 1636.87 1e+100
4 394.921 394.921 1e+100
5 1097.64 1097.64 1e+100
3 216.765 216.765 1e+100
1 412.849 825.698 1e+100
0 584.385 584.385 1e+100
2 298.247 596.493 1e+100
7 829.663 1659.33 1e+100
4 1068.29 2136.57 1e+100
0 1964.17 1964.17 1e+100
3 990.021 990.021 1e+100
3 4996.07 4996.07 1e+100
4 1530.35 3060.69 1e+100
2 862.06 3448.24 1e+100
1 667.887 1335.77 1e+100
3 6060.14 6060.14 1e+100
5 317.464 1269.86 1e+100
7 672.676 672.676 1e+100
2 1997.72 7990.86 1e+100
5 4476.47 17905.9 1e+100
6 203.995 203.995 1e+100
3 901.988 901.988 1e+100
5 455.522 1822.09 1e+100
6 1627.05 1627.05 1e+100
7 1280.98 2561.96 1e+100
6 3524.51 3524.51 1e+100
1 702.7 1405.4 1e+100
0 1651.38 1651.38 1e+100
4 29.6248 59.2496 1e+100
2 3652.25 3652.25 1e+100
1 1950.65 3901.31 1e+100
4 3960.18 3960.18 1e+100
2 1552.02 6208.1 1e+100
7 1912.27 3824.53 1e+100
1 3194.23 3194.23 1e+100
4 1635.45 3270.89 1e+100
0 2915.63 2915.63 1e+100
40
6 241.292 241.292 1e+100
2 160.277 320.555 1e+100
1 238.384 476.769 1e+100
7 858.32 858.32 1e+100
0 96.1445 96.1445 1e+100
4 376.525 753.051 1e+100
5 1154.09 4616.37 1e+100
2 8230.88 32923.5 1e+100
7 1828.64 3657.29 1e+100
3 470.872 470.872 1e+100
2 835.329 3341.32 1e+100
0 917.877 917.877 1e+100
1 1363.86 1363.86 1e+100
4 768.429 1536.86 1e+100
3 3267.41 3267.41 1e+100
5 3154.23 12616.9 1e+100
7 1365.16 1365.16 1e+100
5 1193.03 1193.03 1e+100
3 526.64 526.64 1e+100
0 876.144 876.144 1e+100
2 1113.08 4452.32 1e+100
6 931.894 931.894 1e+100
4 953.954 953.954 1e+100
2 2119.57 4239.15 1e+100
3 3575.26 3575.26 1e+100
1 989.787 1979.57 1e+100
7 3276.04 6552.09 1e+100
7 1375.17 2750.34 1e+100
4 4842.51 4842.51 1e+100
4 1185.66 2371.32 1e+100
6 1383.85 1383.85 1e+100
1 1452.23 2904.47 1e+100
0 602.228 602.228 1e+100
4 2433.61 4867.23 1e+100
0 2313.92 2313.92 1e+100
5 2044.27 8177.1 1e+100
1 2704.87 5409.74 1e+100
6 2371.3 2371.3 1e+100
5 3103.66 6207.31 1e+100
7 2913.85 2913.85 1e+100
31
4 1435.35 1435.35 1e+100
2 41.8641 83.7281 1e+100
7 282.488 564.976 1e+100
1 256.355 512.711 1e+100
6 630.235 630.235 1e+100
5 305.738 611.477 1e+100
0 1223.32 1223.32 1e+100
3 195.865 195.865 1e+100
3 1458.11 1458.11 1e+100
7 5799.61 5799.61 1e+100
2 1494.32 5977.27 1e+100
5 224.915 224.915 1e+100
7 587.925 587.925 1e+100
0 490.678 490.678 1e+100
3 3115.27 3115.27 1e+100
4 572.533 572.533 1e+100
6 2791.73 2791.73 1e+100
6 725.636 725.636 1e+100
3 100.129 100.129 1e+100
5 443.281 886.563 1e+100
5 2115.66 8462.65 1e+100
2 1676.86 6707.42 1e+100
7 496.715 496.715 1e+100
3 3432.62 3432.62 1e+100
1 222.526 222.526 1e+100
4 2040.54 4081.08 1e+100
2 3431.92 13727.7 1e+100
0 248.017 248.017 1e+100
5 2770.36 11081.4 1e+100
0 1603.37 1603.37 1e+100
1 1099.19 2198.38 1e+100
32
4 1435.35 1435.35 1e+100
2 41.8641 83.7281 1e+100
7 282.488 564.976 1e+100
1 256.355 512.711 1e+100
6 630.235 630.235 1e+100
5 305.738 611.477 1e+100
0 1223.32 1223.32 1e+100
3 195.865 195.865 1e+100
2 664.711 664.711 1e+100
1 446.833 446.833 1e+100
5 1758.72 7034.87 1e+100
3 263.673 263.673 1e+100
7 1607.31 1607.31 1e+100
2 1079.51 4318.02 1e+100
2 4889.52 19558.1 1e+100
4 116.628 116.628 1e+100
0 850.527 850.527 1e+100
5 2149.18 8596.72 1e+100
3 440.889 440.889 1e+100
4 1371.45 2742.9 1e+100
6 727.947 727.947 1e+100
7 2009 4018 1e+100
6 3487.01 3487.01 1e+100
1 1231.36 2462.72 1e+100
0 2051.53 2051.53 1e+100
1 3203.01 6406.02 1e+100
0 3763.22 3763.22 1e+100
2 633.814 2535.26 1e+100
4 2002.74 4005.48 1e+100
3 2028.2 2028.2 1e+100
7 2891.12 5782.24 1e+100
5 2299.67 2299.67 1e+100
36
4 1435.35 1435.35 1e+100
2 41.8641 83.7281 1e+100
7 282.488 564.976 1e+100
1 256.355 512.711 1e+100
6 630.235 630.235 1e+100
5 305.738 611.477 1e+100
0 1223.32 1223.32 1e+100
3 195.865 195.865 1e+100
1 1861.37 1861.37 1e+100
7 5336.81 10673.6 1e+100
7 1087.65 1087.65 1e+100
4 143.431 143.431 1e+100
3 977.221 977.221 1e+100
5 728.381 1456.76 1e+100
6 6349.15 6349.15 1e+100
2 467.178 1868.71 1e+100
1 2073.9 4147.79 1e+100
2 7068.47 7068.47 1e+100
0 490.678 490.678 1e+100
6 1440.32 1440.32 1e+100
4 427.648 427.648 1e+100
3 5388.98 5388.98 1e+100
3 999.161 999.161 1e+100
6 2838.89 2838.89 1e+100
1 1997.77 3995.55 1e+100
5 1357.64 5430.54 1e+100
2 1060.34 4241.38 1e+100
4 4899.94 4899.94 1e+100
3 2178.49 2178.49 1e+100
7 4226.41 4226.41 1e+100
4 1895.66 3791.31 1e+100
2 2815.41 11261.7 1e+100
0 248.017 248.017 1e+100
5 2012.33 8049.32 1e+100
0 1603.37 1603.37 1e+100
1 2038.51 4077.03 1e+100
29
6 1636.87 1636.87 1e+100
4 394.921 394.921 1e+100
5 1097.64 1097.64 1e+100
3 216.765 216.765 1e+100
1 412.849 825.698 1e+100
0 584.385 584.385 1e+100
2 298.247 596.493 1e+100
7 829.663 1659.33 1e+100
4 125.114 250.228 1e+100
1 851.474 851.474 1e+100
2 1105.45 4421.81 1e+100
6 536.415 536.415 1e+100
3 591.356 591.356 1e+100
4 1077.62 1077.62 1e+100
3 1972.44 1972.44 1e+100
7 1061.85 1061.85 1e+100
5 143.724 143.724 1e+100
0 801.421 801.421 1e+100
6 961.142 961.142 1e+100
1 1291.6 1291.6 1e+100
1 3589.8 3589.8 1e+100
3 2518.91 2518.91 1e+100
7 2321.77 4643.53 1e+100
5 194.117 194.117 1e+100
2 456.322 1825.29 1e+100
4 401.647 803.295 1e+100
2 2302.82 2302.82 1e+100
4 1851.03 1851.03 1e+100
0 194.641 194.641 1e+100
34
4 1435.35 1435.35 1e+100
2 41.8641 83.7281 1e+100
7 282.488 564.976 1e+100
1 256.355 512.711 1e+100
6 630.235 630.235 1e+100
5 305.738 611.477 1e+100
0 1223.32 1223.32 1e+100
3 195.865 195.865 1e+100
6 3616.8 3616.8 1e+100
4 5958.35 11916.7 1e+100
0 1543.3 1543.3 1e+100
7 640.778 640.778 1e+100
3 977.221 977.221 1e+100
1 632.402 1264.8 1e+100
3 2754.95 2754.95 1e+100
5 106.674 426.695 1e+100
4 1498.56 2997.12 1e+100
2 1031.42 4125.67 1e+100
5 1571.32 6285.28 1e+100
2 4359.7 8719.41 1e+100
7 1451.18 2902.35 1e+100
0 5487.22 5487.22 1e+100
1 4340.43 8680.85 1e+100
2 1992.58 3985.16 1e+100
4 1147.01 2294.02 1e+100
1 670.79 1341.58 1e+100
6 4429.1 4429.1 1e+100
0 1596.38 1596.38 1e+100
6 1633.48 1633.48 1e+100
7 2139.11 4278.22 1e+100
3 2305.29 2305.29 1e+100
2 3984.9 3984.9 1e+100
0 1793.59 1793.59 1e+100
5 1667.27 6669.07 1e+100
34
4 1435.35 1435.35 1e+100
2 41.8641 83.7281 1e+100
7 282.488 564.976 1e+100
1 256.355 512.711 1e+100
6 630.235 630.235 1e+100
5 305.738 611.477 1e+100
0 1223.32 1223.32 1e+100
3 195.865 195.865 1e+100
3 4120.63 4120.63 1e+100
1 4736.7 9473.4 1e+100
6 2822.53 2822.53 1e+100
6 1009.46 1009.46 1e+100
3 977.221 977.221 1e+100
4 1350.74 2701.47 1e+100
4 5417.98 5417.98 1e+100
5 120.906 483.624 1e+100
1 539.789 1079.58 1e+100
7 756.422 1512.84 1e+100
0 609.142 609.142 1e+100
6 4091.04 4091.04 1e+100
1 4889.2 4889.2 1e+100
2 493.315 1973.26 1e+100
3 3370.69 3370.69 1e+100
5 1047.63 1047.63 1e+100
1 701.801 1403.6 1e+100
2 1732.46 6929.85 1e+100
0 1504.46 1504.46 1e+100
7 1756.02 1756.02 1e+100
2 2928.06 2928.06 1e+100
4 973.928 1947.86 1e+100
3 3966.88 3966.88 1e+100
0 2868.03 2868.03 1e+100
7 1953.24 1953.24 1e+100
5 1107.18 4428.73 1e+100
31
4 1435.35 1435.35 1e+100
2 41.8641 83.7281 1e+100
7 282.488 564.976 1e+100
1 256.355 512.711 1e+100
6 630.235 630.235 1e+100
5 305.738 611.477 1e+100
0 1223.32 1223.32 1e+100
3 195.865 195.865 1e+100
2 1080.91 2161.83 1e+100
5 1046.48 2092.96 1e+100
3 776.499 776.499 1e+100
1 579.472 579.472 1e+100
4 783.307 783.307 1e+100
0 2290.24 2290.24 1e+100
2 1905.24 7620.97 1e+100
5 1211.99 4847.95 1e+100
7 174.303 348.607 1e+100
1 3931.77 7863.54 1e+100
6 1185.38 1185.38 1e+100
7 1638.44 3276.89 1e+100
4 1132.09 2264.18 1e+100
1 693.137 1386.27 1e+100
4 3447.89 6895.77 1e+100
3 222.755 222.755 1e+100
6 3540.22 3540.22 1e+100
0 2172 2172 1e+100
5 1951.14 3902.28 1e+100
3 1962.06 1962.06 1e+100
7 2509.15 2509.15 1e+100
6 761.002 761.002 1e+100
2 981.682 3926.73 1e+100
35
4 1435.35 1435.35 1e+100
2 41.8641 83.7281 1e+100
7 282.488 564.976 1e+100
1 256.355 512.711 1e+100
6 630.235 630.235 1e+100
5 305.738 611.477 1e+100
0 1223.32 1223.32 1e+100
3 195.865 195.865 1e+100
1 1055.62 2111.23 1e+100
2 327.326 327.326 1e+100
5 567.84 2271.36 1e+100
4 293.941 293.941 1e+100
3 550.519 550.519 1e+100
6 1396 1396 1e+100
3 6227.29 6227.29 1e+100
0 953.865 953.865 1e+100
5 1656.89 6627.56 1e+100
2 1357.38 5429.51 1e+100
1 978.203 978.203 1e+100
0 4735.4 4735.4 1e+100
2 2913.14 11652.6 1e+100
3 770.1 770.1 1e+100
4 747.804 1495.61 1e+100
7 727.947 727.947 1e+100
5 1924.75 7699 1e+100
5 6091.91 24367.6 1e+100
6 3404.3 3404.3 1e+100
0 1147.54 1147.54 1e+100
6 1238.55 1238.55 1e+100
4 1920.66 3841.33 1e+100
5 3518.84 14075.4 1e+100
7 1844.38 1844.38 1e+100
2 4324.77 17299.1 1e+100
4 2717.6 2717.6 1e+100
1 869.935 1739.87 1e+100
32
6 1636.87 1636.87 1e+100
4 394.921 394.921 1e+100
5 1097.64 1097.64 1e+100
3 216.765 216.765 1e+100
1 412.849 825.698 1e+100
0 584.385 584.385 1e+100
2 298.247 596.493 1e+100
7 829.663 1659.33 1e+100
3 812.205 812.205 1e+100
0 973.203 973.203 1e+100
5 816.84 3267.36 1e+100
1 474.144 474.144 1e+100
6 732.512 732.512 1e+100
7 323.955 323.955 1e+100
2 658.604 658.604 1e+100
4 572.533 572.533 1e+100
3 422.545 422.545 1e+100
0 1897.83 1897.83 1e+100
7 2631.95 2631.95 1e+100
2 1769.78 3539.56 1e+100
1 808.419 1616.84 1e+100
5 2052.25 2052.25 1e+100
6 3328.99 3328.99 1e+100
6 464.783 464.783 1e+100
2 2053.44 4106.88 1e+100
4 1395.94 2791.89 1e+100
3 2117.86 2117.86 1e+100
0 2160.23 2160.23 1e+100
1 1269.63 2539.25 1e+100
4 2842.68 5685.36 1e+100
5 3082.43 3082.43 1e+100
7 2074.57 4149.14 1e+100
35
6 241.292 241.292 1e+100
2 160.277 320.555 1e+100
1 238.384 476.769 1e+100
7 858.32 858.32 1e+100
0 96.1445 96.1445 1e+100
4 376.525 753.051 1e+100
5 1154.09 4616.37 1e+100
2 4830.18 19320.7 1e+100
7 1828.64 3657.29 1e+100
3 470.872 470.872 1e+100
2 835.329 3341.32 1e+100
7 3873.6 3873.6 1e+100
1 4432.79 4432.79 1e+100
4 768.429 1536.86 1e+100
1 215.501 215.501 1e+100
5 1146.76 4587.03 1e+100
0 184.899 184.899 1e+100
3 870.676 870.676 1e+100
6 1041.61 1041.61 1e+100
3 2251.76 2251.76 1e+100
6 2317.95 2317.95 1e+100
5 2235.81 8943.23 1e+100
2 6671.91 26687.6 1e+100
6 3940.11 3940.11 1e+100
4 882.159 882.159 1e+100
2 2650.96 10603.9 1e+100
0 156.936 156.936 1e+100
4 2013.12 4026.24 1e+100
0 2054.4 2054.4 1e+100
0 3810.96 3810.96 1e+100
5 2654.81 10619.2 1e+100
7 899.952 1799.9 1e+100
3 1590.81 1590.81 1e+100
7 2349.33 2349.33 1e+100
1 647.972 647.972 1e+100
