43
2 559.048 1118.1 1e+100
10 265.837 531.674 1e+100
4 505.065 1010.13 1e+100
1 136.788 273.577 1e+100
11 1305.52 5222.08 1e+100
5 1104.56 4418.22 1e+100
2 1752.43 3504.87 1e+100
7 403.391 403.391 1e+100
6 460.567 460.567 1e+100
8 1080.91 2161.82 1e+100
10 1124.54 2249.07 1e+100
9 1518.7 1518.7 1e+100
1 1361.84 2723.68 1e+100
3 183.29 183.29 1e+100
4 969.658 1939.32 1e+100
6 1203.84 1203.84 1e+100
7 915.741 915.741 1e+100
0 571.952 571.952 1e+100
5 1460.17 2920.34 1e+100
3 784.814 784.814 1e+100
2 2248.44 8993.76 1e+100
4 2355.04 4710.09 1e+100
8 1765.43 7061.74 1e+100
11 250.352 1001.41 1e+100
1 944.92 1889.84 1e+100
7 4532.64 9065.28 1e+100
9 1180.21 1180.21 1e+100
1 2409.06 4818.12 1e+100
7 620.648 1241.3 1e+100
4 2003.5 4006.99 1e+100
11 3309.31 6618.62 1e+100
0 93.3778 93.3778 1e+100
6 1130.94 1130.94 1e+100
6 2920.7 2920.7 1e+100
11 671.592 2686.37 1e+100
5 1055.55 2111.09 1e+100
7 4049.64 8099.28 1e+100
2 1505.77 6023.07 1e+100
3 132.141 132.141 1e+100
5 2709.24 5418.48 1e+100
8 1106.91 4427.65 1e+100
0 1011.27 1011.27 1e+100
9 659.575 659.575 1e+100
38
11 1035.45 2070.9 1e+100
1 560.135 1120.27 1e+100
2 138.252 553.007 1e+100
7 532.873 1065.75 1e+100
10 267.027 534.054 1e+100
5 831.122 3324.49 1e+100
4 487.658 975.316 1e+100
9 935.486 935.486 1e+100
8 3194.61 6389.22 1e+100
0 264.774 264.774 1e+100
10 593.507 593.507 1e+100
4 1548.43 1548.43 1e+100
2 388.851 777.701 1e+100
11 504.392 2017.57 1e+100
1 723.21 1446.42 1e+100
9 2711.36 2711.36 1e+100
5 1209.87 4839.47 1e+100
10 1534.92 3069.84 1e+100
1 2631.21 2631.21 1e+100
0 800.872 800.872 1e+100
9 3596.51 3596.51 1e+100
2 383.479 1533.92 1e+100
11 3306.23 3306.23 1e+100
3 612.063 612.063 1e+100
4 967.979 1935.96 1e+100
11 839.495 3357.98 1e+100
8 2216.17 2216.17 1e+100
6 580.566 580.566 1e+100
4 2066.77 4133.53 1e+100
2 778.384 3113.54 1e+100
7 598.164 598.164 1e+100
5 1459.42 2918.84 1e+100
3 1483.84 1483.84 1e+100
0 2448.27 2448.27 1e+100
0 142.923 142.923 1e+100
6 1180.84 1180.84 1e+100
1 2198.44 2198.44 1e+100
10 1343.33 2686.65 1e+100
40
7 672.336 1344.67 1e+100
11 669.454 1338.91 1e+100
5 436.813 1747.25 1e+100
2 968.407 3873.63 1e+100
0 207.918 207.918 1e+100
1 206.487 412.974 1e+100
11 903.303 3613.21 1e+100
10 106.823 213.645 1e+100
6 591.968 591.968 1e+100
4 906.931 1813.86 1e+100
7 766.434 1532.87 1e+100
1 747.501 1495 1e+100
8 556.5 1113 1e+100
5 339.785 679.569 1e+100
3 135.916 135.916 1e+100
0 95.1741 95.1741 1e+100
2 1325.96 5303.84 1e+100
9 523.147 523.147 1e+100
10 2292.49 2292.49 1e+100
1 2118.61 4237.22 1e+100
0 615.575 615.575 1e+100
5 1132.01 4528.04 1e+100
11 1183.05 4732.18 1e+100
3 438.892 438.892 1e+100
9 922.22 922.22 1e+100
2 3157.3 12629.2 1e+100
6 185.053 185.053 1e+100
4 175.408 350.817 1e+100
7 180.106 180.106 1e+100
2 249.796 249.796 1e+100
0 1975.85 1975.85 1e+100
11 2434.96 9739.85 1e+100
1 942.967 1885.93 1e+100
4 629.875 1259.75 1e+100
5 383.502 1534.01 1e+100
3 628.786 628.786 1e+100
10 125.797 251.594 1e+100
8 592.808 2371.23 1e+100
9 399.648 399.648 1e+100
7 779.76 779.76 1e+100
36
8 1258.76 2517.52 1e+100
4 799.283 1598.57 1e+100
2 753.322 3013.29 1e+100
9 893.562 893.562 1e+100
7 435.614 871.227 1e+100
11 410.828 821.655 1e+100
3 183.29 183.29 1e+100
1 442.394 884.787 1e+100
6 1727.65 1727.65 1e+100
8 1045.2 1045.2 1e+100
0 571.952 571.952 1e+100
10 557.606 1115.21 1e+100
4 278.188 278.188 1e+100
11 808.134 3232.53 1e+100
5 510.473 1020.95 1e+100
2 250.924 501.848 1e+100
9 885.177 885.177 1e+100
7 1097.79 1097.79 1e+100
1 594.894 594.894 1e+100
5 999.218 3996.87 1e+100
3 174.109 174.109 1e+100
0 802.653 802.653 1e+100
4 1673.07 3346.15 1e+100
5 2238.36 8953.46 1e+100
3 2033.04 2033.04 1e+100
9 1194.12 1194.12 1e+100
2 1113.09 1113.09 1e+100
11 446.046 1784.18 1e+100
10 297.534 595.068 1e+100
1 122.337 244.673 1e+100
8 761.962 3047.85 1e+100
0 715.995 715.995 1e+100
7 120.687 241.373 1e+100
11 2228.4 8913.58 1e+100
4 1040.45 1040.45 1e+100
6 572.495 572.495 1e+100
35
7 672.336 1344.67 1e+100
11 669.454 1338.91 1e+100
5 436.813 1747.25 1e+100
2 968.407 3873.63 1e+100
0 207.918 207.918 1e+100
1 206.487 412.974 1e+100
3 183.29 183.29 1e+100
10 168.496 336.992 1e+100
6 1727.65 1727.65 1e+100
8 1594.8 1594.8 1e+100
1 903.154 903.154 1e+100
4 427.438 854.875 1e+100
0 84.362 84.362 1e+100
11 206.351 825.403 1e+100
5 481.123 962.246 1e+100
3 412.776 412.776 1e+100
5 1437.81 5751.23 1e+100
8 2459.25 9837 1e+100
10 153.769 153.769 1e+100
7 758.599 758.599 1e+100
2 488.911 1955.64 1e+100
0 419.939 419.939 1e+100
1 477.881 955.761 1e+100
6 1229.32 1229.32 1e+100
4 248.987 248.987 1e+100
11 344.315 688.629 1e+100
9 243.809 243.809 1e+100
3 716.241 716.241 1e+100
7 1717.36 1717.36 1e+100
5 992.116 3968.46 1e+100
10 121.536 243.071 1e+100
4 1236.43 1236.43 1e+100
1 1771.89 3543.78 1e+100
2 892.412 892.412 1e+100
0 1700.85 1700.85 1e+100
34
11 1035.45 2070.9 1e+100
1 560.135 1120.27 1e+100
2 138.252 553.007 1e+100
7 532.873 1065.75 1e+100
10 267.027 534.054 1e+100
5 831.122 3324.49 1e+100
4 487.658 975.316 1e+100
9 935.486 935.486 1e+100
2 624.663 1249.33 1e+100
3 7422.59 7422.59 1e+100
10 299.632 299.632 1e+100
1 693.851 693.851 1e+100
0 146.092 146.092 1e+100
4 591.014 591.014 1e+100
6 921.172 921.172 1e+100
5 736.681 736.681 1e+100
9 609.15 609.15 1e+100
7 285.118 285.118 1e+100
2 39.4004 39.4004 1e+100
0 143.486 143.486 1e+100
10 139.865 279.73 1e+100
11 247.36 247.36 1e+100
1 192.561 192.561 1e+100
0 1311.83 1311.83 1e+100
8 349.34 349.34 1e+100
2 805.253 805.253 1e+100
7 912.801 912.801 1e+100
4 976.813 1953.63 1e+100
6 1127.46 1127.46 1e+100
8 1786.11 1786.11 1e+100
10 818.721 1637.44 1e+100
5 74.2381 148.476 1e+100
1 1339.98 1339.98 1e+100
9 306.02 306.02 1e+100
36
8 1258.76 2517.52 1e+100
4 799.283 1598.57 1e+100
2 753.322 3013.29 1e+100
9 893.562 893.562 1e+100
7 435.614 871.227 1e+100
11 410.828 821.655 1e+100
3 2810.36 2810.36 1e+100
5 264.96 1059.84 1e+100
10 553.103 553.103 1e+100
8 1345.49 5381.94 1e+100
1 583.49 583.49 1e+100
6 348.914 348.914 1e+100
4 494.395 494.395 1e+100
7 1089.32 1089.32 1e+100
11 706.996 1413.99 1e+100
2 19.3517 38.7034 1e+100
9 885.177 885.177 1e+100
0 1062.3 1062.3 1e+100
10 358.957 358.957 1e+100
5 170.625 682.499 1e+100
6 2467.25 2467.25 1e+100
2 2510.03 2510.03 1e+100
1 1917.34 3834.68 1e+100
5 1409.77 5639.08 1e+100
4 1259.75 1259.75 1e+100
3 1195.18 1195.18 1e+100
10 1370.84 2741.69 1e+100
11 1207.67 4830.69 1e+100
8 757.692 757.692 1e+100
7 741.224 1482.45 1e+100
1 2187.53 2187.53 1e+100
9 1077.95 1077.95 1e+100
0 403.674 403.674 1e+100
3 1795.45 1795.45 1e+100
0 2227.23 2227.23 1e+100
10 2063.64 4127.27 1e+100
36
11 1035.45 2070.9 1e+100
1 560.135 1120.27 1e+100
2 138.252 553.007 1e+100
7 532.873 1065.75 1e+100
10 267.027 534.054 1e+100
5 831.122 3324.49 1e+100
4 487.658 975.316 1e+100
9 935.486 935.486 1e+100
2 624.663 1249.33 1e+100
3 8509.34 8509.34 1e+100
10 299.632 299.632 1e+100
6 1796.11 1796.11 1e+100
0 146.092 146.092 1e+100
11 573.546 2294.19 1e+100
4 94.5563 94.5563 1e+100
7 220.063 440.126 1e+100
5 114.547 229.095 1e+100
9 544.035 544.035 1e+100
0 588.379 588.379 1e+100
2 247.499 494.999 1e+100
11 2762.44 11049.8 1e+100
5 976.77 3907.08 1e+100
10 228.275 456.551 1e+100
4 516.287 1032.57 1e+100
1 626.556 1253.11 1e+100
8 214.852 214.852 1e+100
1 1968.02 3936.05 1e+100
11 432.16 1728.64 1e+100
9 2891.38 2891.38 1e+100
7 606.374 1212.75 1e+100
10 1176.21 1176.21 1e+100
6 1748.91 1748.91 1e+100
9 404.234 404.234 1e+100
8 815.122 815.122 1e+100
0 2333.22 2333.22 1e+100
2 374.407 748.814 1e+100
38
8 1957.81 1957.81 1e+100
1 197.59 197.59 1e+100
3 1153.86 1153.86 1e+100
4 341.882 341.882 1e+100
11 918.26 1836.52 1e+100
0 584.385 584.385 1e+100
2 298.247 596.493 1e+100
7 829.663 1659.33 1e+100
10 273.473 273.473 1e+100
5 364.512 729.023 1e+100
6 1727.65 1727.65 1e+100
3 615.789 615.789 1e+100
4 1045.19 1045.19 1e+100
1 452.705 905.409 1e+100
9 787.838 787.838 1e+100
2 653.997 2615.99 1e+100
10 485.995 971.989 1e+100
11 378.611 1514.44 1e+100
5 831.005 3324.02 1e+100
7 136.75 273.5 1e+100
8 375.882 751.765 1e+100
3 983.727 983.727 1e+100
7 1600.89 3201.78 1e+100
4 2295.79 4591.57 1e+100
10 160.784 321.568 1e+100
1 491.093 982.186 1e+100
0 223.156 223.156 1e+100
2 650.152 2600.61 1e+100
11 1195.27 4781.09 1e+100
9 1061.75 1061.75 1e+100
6 1910.78 1910.78 1e+100
0 2781.76 2781.76 1e+100
8 611.275 1222.55 1e+100
5 1175.89 4703.58 1e+100
3 979.871 979.871 1e+100
2 1304.85 5219.39 1e+100
8 1408.21 1408.21 1e+100
10 52.1559 104.312 1e+100
34
7 672.336 1344.67 1e+100
11 669.454 1338.91 1e+100
5 436.813 1747.25 1e+100
2 968.407 3873.63 1e+100
0 207.918 207.918 1e+100
1 206.487 412.974 1e+100
10 909.866 1819.73 1e+100
9 358.219 358.219 1e+100
3 170.988 170.988 1e+100
4 636.161 636.161 1e+100
0 146.092 146.092 1e+100
11 150.175 600.701 1e+100
5 131.101 131.101 1e+100
7 220.063 440.126 1e+100
1 555.859 1111.72 1e+100
10 3229.04 3229.04 1e+100
3 755.796 755.796 1e+100
10 389.109 778.218 1e+100
2 267.175 1068.7 1e+100
11 2527.14 10108.6 1e+100
4 1226.87 2453.75 1e+100
1 1309.28 2618.55 1e+100
11 815.601 1631.2 1e+100
5 402.132 1608.53 1e+100
8 1655.42 6621.67 1e+100
0 885.286 885.286 1e+100
3 1903.6 1903.6 1e+100
9 2103.45 2103.45 1e+100
7 1047.25 2094.49 1e+100
2 1684.3 6737.19 1e+100
6 453.065 453.065 1e+100
5 1056.83 4227.3 1e+100
6 1808.42 1808.42 1e+100
4 850.12 1700.24 1e+100
43
8 1957.81 1957.81 1e+100
1 197.59 197.59 1e+100
3 1153.86 1153.86 1e+100
4 341.882 341.882 1e+100
11 918.26 1836.52 1e+100
0 584.385 584.385 1e+100
2 298.247 596.493 1e+100
7 829.663 1659.33 1e+100
5 1146.32 4585.27 1e+100
10 106.823 213.645 1e+100
6 591.968 591.968 1e+100
1 686.22 1372.44 1e+100
7 1777.41 3554.82 1e+100
1 3041.3 6082.61 1e+100
4 2187.64 4375.27 1e+100
2 1094.63 2189.26 1e+100
9 446.787 446.787 1e+100
6 3376.44 3376.44 1e+100
8 1226.07 4904.27 1e+100
10 943.568 943.568 1e+100
0 1423.1 1423.1 1e+100
10 2425.89 4851.79 1e+100
11 378.611 1514.44 1e+100
2 1591.91 6367.63 1e+100
5 2641.1 5282.2 1e+100
7 3099.55 6199.1 1e+100
3 620.355 620.355 1e+100
8 1355.18 2710.36 1e+100
5 273.978 547.956 1e+100
10 2477.54 4955.07 1e+100
2 2746.25 5492.51 1e+100
9 223.156 223.156 1e+100
0 1540.14 1540.14 1e+100
1 2155.92 4311.83 1e+100
11 2066.16 8264.66 1e+100
5 2929.89 2929.89 1e+100
4 1236.52 2473.03 1e+100
6 2321.59 2321.59 1e+100
0 3002.85 3002.85 1e+100
9 2122.37 2122.37 1e+100
8 1817.13 1817.13 1e+100
3 623.611 623.611 1e+100
7 2320.09 4640.18 1e+100
38
7 672.336 1344.67 1e+100
11 669.454 1338.91 1e+100
5 436.813 1747.25 1e+100
2 968.407 3873.63 1e+100
0 207.918 207.918 1e+100
1 206.487 412.974 1e+100
9 525.122 525.122 1e+100
10 168.496 336.992 1e+100
3 1223.61 1223.61 1e+100
0 464.555 464.555 1e+100
9 1572.8 1572.8 1e+100
1 4378.36 8756.72 1e+100
10 1245.07 1245.07 1e+100
5 206.351 825.403 1e+100
11 150.877 301.753 1e+100
2 472.313 1889.25 1e+100
11 1353.01 5412.05 1e+100
7 174.303 348.607 1e+100
1 530.623 1061.25 1e+100
6 565.149 565.149 1e+100
8 683.747 1367.49 1e+100
7 1175.43 2350.85 1e+100
5 656.853 1313.71 1e+100
11 2507.36 5014.72 1e+100
0 643.369 643.369 1e+100
9 1075.09 1075.09 1e+100
10 2039.42 2039.42 1e+100
4 455.306 455.306 1e+100
6 1685.72 1685.72 1e+100
0 2131.79 2131.79 1e+100
3 225.841 225.841 1e+100
2 465.496 930.991 1e+100
8 1749.95 1749.95 1e+100
2 2141.73 2141.73 1e+100
4 1579.52 3159.04 1e+100
5 1548.79 3097.58 1e+100
3 1018.57 1018.57 1e+100
7 1289.49 1289.49 1e+100
38
8 1957.81 1957.81 1e+100
1 197.59 197.59 1e+100
3 1153.86 1153.86 1e+100
4 341.882 341.882 1e+100
11 918.26 1836.52 1e+100
0 584.385 584.385 1e+100
2 298.247 596.493 1e+100
7 829.663 1659.33 1e+100
9 2773.08 2773.08 1e+100
5 264.96 1059.84 1e+100
10 553.103 553.103 1e+100
8 2148.49 8593.98 1e+100
1 639.364 639.364 1e+100
6 348.914 348.914 1e+100
4 184.984 184.984 1e+100
3 873.058 873.058 1e+100
2 553.04 1106.08 1e+100
11 378.611 1514.44 1e+100
5 125.969 503.875 1e+100
7 136.75 273.5 1e+100
10 488.217 976.435 1e+100
6 179.407 179.407 1e+100
1 1314.85 2629.7 1e+100
7 1137.87 2275.74 1e+100
4 1657.99 3315.99 1e+100
8 1604.38 3208.77 1e+100
0 223.156 223.156 1e+100
6 815.673 815.673 1e+100
9 943.603 943.603 1e+100
5 547.208 2188.83 1e+100
10 766.321 1532.64 1e+100
11 457.103 914.206 1e+100
2 386.72 1546.88 1e+100
0 1474.75 1474.75 1e+100
7 2174.3 4348.6 1e+100
11 1420.23 5680.93 1e+100
3 894.25 894.25 1e+100
1 1257.72 1257.72 1e+100
37
8 1957.81 1957.81 1e+100
1 197.59 197.59 1e+100
3 1153.86 1153.86 1e+100
4 341.882 341.882 1e+100
11 918.26 1836.52 1e+100
0 584.385 584.385 1e+100
2 298.247 596.493 1e+100
7 829.663 1659.33 1e+100
10 301.27 602.54 1e+100
6 2263.73 2263.73 1e+100
5 494.782 494.782 1e+100
9 559.437 559.437 1e+100
1 363.964 727.929 1e+100
2 862.06 3448.24 1e+100
4 532.641 1065.28 1e+100
10 569.975 569.975 1e+100
8 464.742 1858.97 1e+100
0 44.4737 44.4737 1e+100
5 523.777 2095.11 1e+100
11 526.336 2105.35 1e+100
1 668.253 668.253 1e+100
9 662.335 662.335 1e+100
8 602.8 2411.2 1e+100
10 446.781 446.781 1e+100
4 774.067 1548.13 1e+100
0 944.738 944.738 1e+100
7 986.44 986.44 1e+100
2 28.3196 56.6392 1e+100
5 633.051 633.051 1e+100
11 1420.02 1420.02 1e+100
9 1621.1 1621.1 1e+100
2 2121.27 8485.07 1e+100
1 615.396 1230.79 1e+100
6 622.917 622.917 1e+100
5 1973.28 3946.56 1e+100
3 382.709 382.709 1e+100
8 652.788 652.788 1e+100
45
11 1035.45 2070.9 1e+100
1 560.135 1120.27 1e+100
2 138.252 553.007 1e+100
7 532.873 1065.75 1e+100
10 267.027 534.054 1e+100
5 831.122 3324.49 1e+100
4 487.658 975.316 1e+100
9 935.486 935.486 1e+100
11 900.084 3600.34 1e+100
2 416.64 833.281 1e+100
8 630.902 630.902 1e+100
1 742.87 1485.74 1e+100
10 2288.07 4576.14 1e+100
4 1162.42 2324.84 1e+100
7 797.006 1594.01 1e+100
2 1994.13 3988.25 1e+100
3 135.916 135.916 1e+100
3 2180.87 2180.87 1e+100
8 1757.65 7030.59 1e+100
0 381.62 381.62 1e+100
6 1306.44 1306.44 1e+100
5 1717.13 3434.27 1e+100
11 2763.52 11054.1 1e+100
0 1254.92 1254.92 1e+100
7 1967.83 3935.66 1e+100
1 829.609 1659.22 1e+100
9 544.035 544.035 1e+100
6 2278.99 2278.99 1e+100
10 3119.17 6238.34 1e+100
11 3325.13 13300.5 1e+100
2 1274.61 5098.46 1e+100
4 803.507 1607.01 1e+100
8 2843.56 5687.11 1e+100
1 1831.78 3663.57 1e+100
0 3460.02 3460.02 1e+100
5 2650.38 5300.76 1e+100
1 3653.58 3653.58 1e+100
9 1142.37 1142.37 1e+100
4 3403.74 3403.74 1e+100
5 878.861 3515.45 1e+100
2 1980.97 3961.94 1e+100
0 522.576 522.576 1e+100
4 1079.01 2158.02 1e+100
7 1252.09 1252.09 1e+100
3 4286.92 4286.92 1e+100
34
8 1258.76 2517.52 1e+100
4 799.283 1598.57 1e+100
2 753.322 3013.29 1e+100
9 893.562 893.562 1e+100
7 435.614 871.227 1e+100
11 410.828 821.655 1e+100
6 435.485 435.485 1e+100
5 264.96 1059.84 1e+100
3 479.232 479.232 1e+100
8 1345.49 5381.94 1e+100
1 583.49 583.49 1e+100
7 1161.83 1161.83 1e+100
0 577.121 577.121 1e+100
2 1444.43 1444.43 1e+100
10 221.606 443.213 1e+100
5 701.765 701.765 1e+100
9 766.512 766.512 1e+100
3 722.191 722.191 1e+100
4 235.317 235.317 1e+100
11 607.471 607.471 1e+100
1 818.068 818.068 1e+100
0 1585.93 1585.93 1e+100
10 793.931 1587.86 1e+100
5 1661.15 6644.59 1e+100
8 606.085 2424.34 1e+100
6 1737.34 1737.34 1e+100
1 1997.39 1997.39 1e+100
3 1667.47 1667.47 1e+100
7 1209.17 2418.33 1e+100
2 1970.54 7882.18 1e+100
9 207.164 207.164 1e+100
11 932.588 3730.35 1e+100
4 125.603 125.603 1e+100
10 834.672 1669.34 1e+100
35
8 1258.76 2517.52 1e+100
4 799.283 1598.57 1e+100
2 753.322 3013.29 1e+100
9 893.562 893.562 1e+100
7 435.614 871.227 1e+100
11 410.828 821.655 1e+100
6 435.485 435.485 1e+100
5 264.96 1059.84 1e+100
3 479.232 479.232 1e+100
8 1345.49 5381.94 1e+100
0 749.144 749.144 1e+100
7 1161.83 1161.83 1e+100
1 442.753 442.753 1e+100
4 1276.66 1276.66 1e+100
10 221.606 443.213 1e+100
3 2634.08 2634.08 1e+100
5 452.86 1811.44 1e+100
11 495.167 1980.67 1e+100
3 147.922 147.922 1e+100
2 1039.6 1039.6 1e+100
8 602 2408 1e+100
0 580.932 580.932 1e+100
1 1319.61 2639.22 1e+100
0 2478.4 2478.4 1e+100
6 461.632 461.632 1e+100
10 378.39 756.779 1e+100
9 625.54 625.54 1e+100
7 1418.63 1418.63 1e+100
5 2079.83 2079.83 1e+100
5 225.218 900.871 1e+100
11 972.047 1944.09 1e+100
6 1449.07 1449.07 1e+100
2 1127.65 2255.29 1e+100
4 147.379 147.379 1e+100
8 651.989 651.989 1e+100
34
8 1258.76 2517.52 1e+100
4 799.283 1598.57 1e+100
2 753.322 3013.29 1e+100
9 893.562 893.562 1e+100
7 435.614 871.227 1e+100
11 410.828 821.655 1e+100
3 183.29 183.29 1e+100
5 364.512 729.023 1e+100
6 1727.65 1727.65 1e+100
8 1045.2 1045.2 1e+100
0 571.952 571.952 1e+100
10 557.606 1115.21 1e+100
3 784.814 784.814 1e+100
11 808.134 3232.53 1e+100
1 481.123 962.246 1e+100
4 809.1 809.1 1e+100
7 422.607 422.607 1e+100
2 831.272 831.272 1e+100
9 301.94 301.94 1e+100
5 683.154 683.154 1e+100
0 593.947 593.947 1e+100
3 1264.74 1264.74 1e+100
1 404.999 809.998 1e+100
11 804.289 3217.16 1e+100
8 917.011 3668.05 1e+100
10 136.332 136.332 1e+100
6 1910.78 1910.78 1e+100
1 1968.98 1968.98 1e+100
7 1272.92 2545.85 1e+100
11 2398.38 9593.53 1e+100
9 328.52 328.52 1e+100
2 587.517 2350.07 1e+100
5 286.161 286.161 1e+100
4 136.639 273.279 1e+100
41
8 1957.81 1957.81 1e+100
1 197.59 197.59 1e+100
3 1153.86 1153.86 1e+100
4 341.882 341.882 1e+100
11 918.26 1836.52 1e+100
0 584.385 584.385 1e+100
2 298.247 596.493 1e+100
7 829.663 1659.33 1e+100
5 1146.32 4585.27 1e+100
10 106.823 213.645 1e+100
6 591.968 591.968 1e+100
1 406.872 813.743 1e+100
7 1777.41 3554.82 1e+100
11 1978.44 3956.87 1e+100
4 2187.64 4375.27 1e+100
2 1094.63 2189.26 1e+100
9 446.787 446.787 1e+100
0 1770.12 1770.12 1e+100
8 1226.07 4904.27 1e+100
1 2723.78 2723.78 1e+100
3 716.79 716.79 1e+100
10 899.05 1798.1 1e+100
9 1715.12 1715.12 1e+100
6 296.782 296.782 1e+100
0 2548.59 2548.59 1e+100
3 856.008 856.008 1e+100
5 836.133 836.133 1e+100
7 2508.82 2508.82 1e+100
2 114.029 114.029 1e+100
10 683.655 1367.31 1e+100
8 151.556 151.556 1e+100
6 261.062 261.062 1e+100
11 596.746 2386.98 1e+100
4 2774.6 5549.21 1e+100
1 1638.09 3276.18 1e+100
2 806.886 3227.54 1e+100
10 1147.74 1147.74 1e+100
8 1979.07 3958.14 1e+100
5 987.033 3948.13 1e+100
9 1168.43 1168.43 1e+100
3 373.626 373.626 1e+100
36
8 1258.76 2517.52 1e+100
4 799.283 1598.57 1e+100
2 753.322 3013.29 1e+100
9 893.562 893.562 1e+100
7 435.614 871.227 1e+100
11 410.828 821.655 1e+100
10 273.473 273.473 1e+100
5 364.512 729.023 1e+100
3 1223.61 1223.61 1e+100
6 1333.66 1333.66 1e+100
0 571.952 571.952 1e+100
4 679.964 1359.93 1e+100
1 84.362 84.362 1e+100
11 808.134 3232.53 1e+100
10 485.995 971.989 1e+100
2 207.528 830.111 1e+100
8 1048 4192.02 1e+100
7 174.303 348.607 1e+100
5 500.054 1000.11 1e+100
9 375.025 375.025 1e+100
7 1638.44 3276.89 1e+100
2 1168.69 2337.38 1e+100
10 179.053 358.106 1e+100
4 718.352 1436.7 1e+100
0 93.3778 93.3778 1e+100
7 3172.5 3172.5 1e+100
1 283.76 567.521 1e+100
11 919.948 3679.79 1e+100
6 916.208 916.208 1e+100
2 2546.55 5093.11 1e+100
10 1225.69 1225.69 1e+100
5 2140.95 2140.95 1e+100
3 35.1178 35.1178 1e+100
9 417.337 417.337 1e+100
8 1696.99 1696.99 1e+100
1 976.553 1953.11 1e+100
36
8 1258.76 2517.52 1e+100
4 799.283 1598.57 1e+100
2 753.322 3013.29 1e+100
9 893.562 893.562 1e+100
7 435.614 871.227 1e+100
11 410.828 821.655 1e+100
10 273.473 273.473 1e+100
5 364.512 729.023 1e+100
0 893.861 893.861 1e+100
6 1333.66 1333.66 1e+100
1 698.579 698.579 1e+100
4 679.964 1359.93 1e+100
3 539.823 539.823 1e+100
11 808.134 3232.53 1e+100
10 485.995 971.989 1e+100
2 8.50586 17.0117 1e+100
9 885.177 885.177 1e+100
7 1097.79 1097.79 1e+100
8 1915.28 1915.28 1e+100
5 705.306 2821.23 1e+100
10 1059.54 1059.54 1e+100
3 1627.56 1627.56 1e+100
1 1111.14 2222.28 1e+100
5 1944.45 7777.81 1e+100
4 1307.81 1307.81 1e+100
6 1595.7 1595.7 1e+100
10 2083.86 4167.72 1e+100
11 919.948 3679.79 1e+100
2 978.237 978.237 1e+100
7 1950.88 3901.76 1e+100
1 1381.33 1381.33 1e+100
0 713.044 713.044 1e+100
9 21.4877 21.4877 1e+100
6 2195.97 2195.97 1e+100
9 1845.04 1845.04 1e+100
8 1135.41 2270.81 1e+100
32
8 1258.76 2517.52 1e+100
4 799.283 1598.57 1e+100
2 753.322 3013.29 1e+100
9 893.562 893.562 1e+100
7 435.614 871.227 1e+100
11 410.828 821.655 1e+100
1 560.142 1120.28 1e+100
5 292.912 292.912 1e+100
3 170.988 170.988 1e+100
10 763.227 763.227 1e+100
0 146.092 146.092 1e+100
2 207.528 830.111 1e+100
11 328.136 1312.54 1e+100
7 174.303 348.607 1e+100
1 470.298 940.595 1e+100
6 565.149 565.149 1e+100
11 3003.29 6006.59 1e+100
2 1168.69 2337.38 1e+100
5 149.842 299.685 1e+100
10 385.341 770.682 1e+100
0 223.156 223.156 1e+100
9 2411.82 2411.82 1e+100
4 361.095 722.19 1e+100
8 339.928 1359.71 1e+100
6 1231.99 1231.99 1e+100
7 725.731 1451.46 1e+100
5 1196.48 1196.48 1e+100
3 547.425 547.425 1e+100
9 4149.12 4149.12 1e+100
2 1643.65 1643.65 1e+100
10 2028.8 2028.8 1e+100
4 1053.89 2107.77 1e+100
40
8 1258.76 2517.52 1e+100
4 799.283 1598.57 1e+100
2 753.322 3013.29 1e+100
9 893.562 893.562 1e+100
7 435.614 871.227 1e+100
11 410.828 821.655 1e+100
5 1146.32 4585.27 1e+100
10 106.823 213.645 1e+100
6 591.968 591.968 1e+100
1 454.561 909.122 1e+100
8 1115.54 2231.08 1e+100
4 949.43 1898.86 1e+100
7 1132.87 2265.74 1e+100
11 1248.77 2497.53 1e+100
0 293.679 293.679 1e+100
3 337.807 337.807 1e+100
2 1795.77 7183.07 1e+100
3 2355.02 2355.02 1e+100
9 1460.11 1460.11 1e+100
10 899.05 1798.1 1e+100
1 910.444 910.444 1e+100
11 2040.99 8163.97 1e+100
5 1426.06 5704.24 1e+100
4 926.268 926.268 1e+100
0 787.8 787.8 1e+100
8 642.11 2568.44 1e+100
6 185.053 185.053 1e+100
10 749.675 1499.35 1e+100
9 376.568 376.568 1e+100
11 2308.85 9235.42 1e+100
8 2607.47 10429.9 1e+100
7 2166.05 2166.05 1e+100
0 1242.88 1242.88 1e+100
3 1059.47 1059.47 1e+100
4 1414.98 2829.96 1e+100
2 1886.38 7545.5 1e+100
9 1493 1493 1e+100
5 1535.1 6140.41 1e+100
6 558.378 558.378 1e+100
1 156.477 312.954 1e+100
38
8 1957.81 1957.81 1e+100
1 197.59 197.59 1e+100
3 1153.86 1153.86 1e+100
4 341.882 341.882 1e+100
11 918.26 1836.52 1e+100
0 584.385 584.385 1e+100
2 298.247 596.493 1e+100
7 829.663 1659.33 1e+100
6 435.485 435.485 1e+100
5 264.96 1059.84 1e+100
9 749.912 749.912 1e+100
8 2148.49 8593.98 1e+100
1 748.484 748.484 1e+100
6 2056.76 2056.76 1e+100
4 374.277 374.277 1e+100
3 873.058 873.058 1e+100
10 221.606 443.213 1e+100
2 653.258 653.258 1e+100
7 233.226 233.226 1e+100
11 669.125 669.125 1e+100
1 1033.58 1033.58 1e+100
9 379.561 379.561 1e+100
0 517.425 517.425 1e+100
10 597.234 597.234 1e+100
4 1484.33 2968.65 1e+100
5 595.13 595.13 1e+100
2 724.595 724.595 1e+100
5 2323.33 2323.33 1e+100
3 716.052 716.052 1e+100
0 1283.28 1283.28 1e+100
7 785.936 785.936 1e+100
8 219.877 439.754 1e+100
6 747.231 747.231 1e+100
8 1896.11 1896.11 1e+100
10 1035.39 2070.79 1e+100
11 11.417 22.834 1e+100
9 326.806 326.806 1e+100
1 729.705 729.705 1e+100
42
11 1035.45 2070.9 1e+100
1 560.135 1120.27 1e+100
2 138.252 553.007 1e+100
7 532.873 1065.75 1e+100
10 267.027 534.054 1e+100
5 831.122 3324.49 1e+100
4 487.658 975.316 1e+100
9 935.486 935.486 1e+100
11 900.084 3600.34 1e+100
2 416.64 833.281 1e+100
8 630.902 630.902 1e+100
1 742.87 1485.74 1e+100
7 1063.56 2127.12 1e+100
10 777.293 1554.59 1e+100
7 2730.86 5461.72 1e+100
4 1034.32 2068.64 1e+100
3 135.916 135.916 1e+100
0 174.094 174.094 1e+100
8 1757.65 7030.59 1e+100
3 2341.15 2341.15 1e+100
5 1653.12 1653.12 1e+100
10 2148.4 4296.81 1e+100
6 1948.64 1948.64 1e+100
2 248.441 993.766 1e+100
11 1179.83 4719.31 1e+100
0 289.052 289.052 1e+100
4 1174.2 1174.2 1e+100
5 1214.28 4857.12 1e+100
9 216.229 216.229 1e+100
1 191.348 382.697 1e+100
0 1835.84 1835.84 1e+100
9 2539.12 2539.12 1e+100
5 2269.82 2269.82 1e+100
2 679.495 2717.98 1e+100
10 972.76 1945.52 1e+100
8 1295.34 2590.68 1e+100
2 3105.84 12423.3 1e+100
4 1131.81 1131.81 1e+100
1 868.637 1737.27 1e+100
11 1114.65 4458.61 1e+100
3 38.0118 38.0118 1e+100
0 2435.49 2435.49 1e+100
37
11 1035.45 2070.9 1e+100
1 560.135 1120.27 1e+100
2 138.252 553.007 1e+100
7 532.873 1065.75 1e+100
10 267.027 534.054 1e+100
5 831.122 3324.49 1e+100
4 487.658 975.316 1e+100
9 935.486 935.486 1e+100
3 2810.36 2810.36 1e+100
2 480.271 1921.09 1e+100
0 114.359 114.359 1e+100
8 1026.96 4107.83 1e+100
1 540.195 540.195 1e+100
6 348.914 348.914 1e+100
11 157.191 157.191 1e+100
7 753.455 753.455 1e+100
10 122.379 244.758 1e+100
0 188.356 188.356 1e+100
2 556.255 2225.02 1e+100
5 259.042 1036.17 1e+100
4 233.224 233.224 1e+100
1 1593.06 1593.06 1e+100
8 283.676 1134.7 1e+100
9 156.462 156.462 1e+100
11 1140.81 2281.63 1e+100
6 289.269 289.269 1e+100
7 1114.65 1114.65 1e+100
10 279.527 559.055 1e+100
0 1395.06 1395.06 1e+100
9 2036.56 2036.56 1e+100
1 2551.82 2551.82 1e+100
2 154.676 618.706 1e+100
4 364.583 729.166 1e+100
5 900.76 900.76 1e+100
2 1214.06 2428.12 1e+100
3 102.605 102.605 1e+100
8 355.197 355.197 1e+100
45
2 559.048 1118.1 1e+100
10 265.837 531.674 1e+100
4 505.065 1010.13 1e+100
1 136.788 273.577 1e+100
11 1305.52 5222.08 1e+100
5 1104.56 4418.22 1e+100
10 1805.04 3610.07 1e+100
7 403.391 403.391 1e+100
6 460.567 460.567 1e+100
8 1080.91 2161.82 1e+100
4 1246.4 2492.8 1e+100
9 1518.7 1518.7 1e+100
1 1361.84 2723.68 1e+100
3 2810.36 2810.36 1e+100
2 885.83 3543.32 1e+100
0 114.359 114.359 1e+100
8 2005.67 8022.68 1e+100
5 1582.84 1582.84 1e+100
6 575.104 575.104 1e+100
0 1060.49 1060.49 1e+100
7 675.978 675.978 1e+100
4 2041.24 4082.47 1e+100
2 1298.26 5193.05 1e+100
11 1126.96 1126.96 1e+100
8 1840.94 3681.89 1e+100
10 697.182 1394.36 1e+100
1 563.124 563.124 1e+100
8 4880.5 4880.5 1e+100
7 2370.97 4741.95 1e+100
2 1859.87 7439.48 1e+100
11 3909.36 15637.5 1e+100
5 2486.58 4973.16 1e+100
10 1450.6 2901.2 1e+100
1 2556.79 5113.57 1e+100
3 2459.72 2459.72 1e+100
4 2197.7 4395.4 1e+100
9 410.764 410.764 1e+100
0 796.683 796.683 1e+100
9 2122.46 2122.46 1e+100
11 962.416 3849.66 1e+100
10 2162.15 4324.3 1e+100
6 501.831 501.831 1e+100
5 2762.08 5524.16 1e+100
0 2898.97 2898.97 1e+100
6 3075.98 3075.98 1e+100
40
11 1035.45 2070.9 1e+100
1 560.135 1120.27 1e+100
2 138.252 553.007 1e+100
7 532.873 1065.75 1e+100
10 267.027 534.054 1e+100
5 831.122 3324.49 1e+100
4 487.658 975.316 1e+100
9 935.486 935.486 1e+100
3 2810.36 2810.36 1e+100
2 480.271 1921.09 1e+100
0 114.359 114.359 1e+100
8 1026.96 4107.83 1e+100
1 540.195 540.195 1e+100
6 348.914 348.914 1e+100
4 707.382 707.382 1e+100
7 753.455 753.455 1e+100
10 82.2175 164.435 1e+100
11 340.298 1361.19 1e+100
0 351.673 351.673 1e+100
8 862.233 1724.47 1e+100
5 114.547 229.095 1e+100
9 544.035 544.035 1e+100
2 110.598 110.598 1e+100
1 878.326 1756.65 1e+100
11 2537.23 10148.9 1e+100
5 976.77 3907.08 1e+100
10 1051.44 2102.88 1e+100
2 1786.17 3572.34 1e+100
5 3227.82 6455.65 1e+100
3 1195.18 1195.18 1e+100
4 1580.44 3160.89 1e+100
11 206.945 827.779 1e+100
6 1437.05 1437.05 1e+100
7 432.869 865.738 1e+100
0 373.087 373.087 1e+100
8 733.285 733.285 1e+100
9 404.234 404.234 1e+100
7 1785.11 1785.11 1e+100
3 2204.21 2204.21 1e+100
1 1005.23 2010.47 1e+100
45
11 1035.45 2070.9 1e+100
1 560.135 1120.27 1e+100
2 138.252 553.007 1e+100
7 532.873 1065.75 1e+100
10 267.027 534.054 1e+100
5 831.122 3324.49 1e+100
4 487.658 975.316 1e+100
9 935.486 935.486 1e+100
11 900.084 3600.34 1e+100
2 416.64 833.281 1e+100
8 630.902 630.902 1e+100
1 742.87 1485.74 1e+100
10 2288.07 4576.14 1e+100
4 1162.42 2324.84 1e+100
7 797.006 1594.01 1e+100
2 1994.13 3988.25 1e+100
3 135.916 135.916 1e+100
0 174.094 174.094 1e+100
8 1757.65 7030.59 1e+100
0 2191.31 2191.31 1e+100
3 2611.27 2611.27 1e+100
1 2653.33 5306.65 1e+100
5 561.933 2247.73 1e+100
11 1879.83 7519.32 1e+100
7 1630.65 3261.3 1e+100
4 1275.19 2550.39 1e+100
6 565.149 565.149 1e+100
8 1886.76 3773.52 1e+100
5 1523.1 3046.19 1e+100
2 1477.26 2954.52 1e+100
11 3034.18 6068.35 1e+100
9 699.205 699.205 1e+100
2 3147.28 3147.28 1e+100
0 3812.48 3812.48 1e+100
0 1083.1 1083.1 1e+100
6 1685.72 1685.72 1e+100
9 2187.63 2187.63 1e+100
3 1028.28 1028.28 1e+100
7 1729.86 3459.71 1e+100
10 2673.91 2673.91 1e+100
10 434.369 434.369 1e+100
1 1257.1 2514.2 1e+100
4 1056.95 2113.9 1e+100
3 1821 1821 1e+100
5 1637.16 1637.16 1e+100
43
2 559.048 1118.1 1e+100
10 265.837 531.674 1e+100
4 505.065 1010.13 1e+100
1 136.788 273.577 1e+100
11 1305.52 5222.08 1e+100
5 1104.56 4418.22 1e+100
10 1805.04 3610.07 1e+100
7 403.391 403.391 1e+100
6 460.567 460.567 1e+100
8 1080.91 2161.82 1e+100
4 1246.4 2492.8 1e+100
9 1518.7 1518.7 1e+100
1 1361.84 2723.68 1e+100
2 1003.78 2007.56 1e+100
0 264.774 264.774 1e+100
3 203.955 203.955 1e+100
3 1559.81 1559.81 1e+100
2 1465.84 2931.68 1e+100
8 8400.18 33600.7 1e+100
4 1986.83 3973.66 1e+100
6 1662.72 1662.72 1e+100
8 1363.1 5452.41 1e+100
5 273.945 1095.78 1e+100
5 3094.65 12378.6 1e+100
7 174.303 348.607 1e+100
10 451.527 903.055 1e+100
0 911.076 911.076 1e+100
1 2391.14 4782.29 1e+100
1 100.57 201.14 1e+100
2 620.173 1240.35 1e+100
7 1663.66 3327.33 1e+100
4 2253.81 2253.81 1e+100
9 620.107 620.107 1e+100
2 1706.51 3413.02 1e+100
3 135.005 135.005 1e+100
6 1189.93 1189.93 1e+100
3 1846.7 1846.7 1e+100
11 154.676 618.706 1e+100
10 157.891 315.782 1e+100
9 1607.55 1607.55 1e+100
11 1214.06 2428.12 1e+100
1 2831.35 2831.35 1e+100
0 457.225 457.225 1e+100
43
2 559.048 1118.1 1e+100
10 265.837 531.674 1e+100
4 505.065 1010.13 1e+100
1 136.788 273.577 1e+100
11 1305.52 5222.08 1e+100
5 1104.56 4418.22 1e+100
2 1752.43 3504.87 1e+100
7 403.391 403.391 1e+100
6 460.567 460.567 1e+100
8 1080.91 2161.82 1e+100
4 1246.4 2492.8 1e+100
9 1518.7 1518.7 1e+100
4 3185.69 6371.37 1e+100
10 537.919 1075.84 1e+100
0 264.774 264.774 1e+100
3 203.955 203.955 1e+100
3 1559.81 1559.81 1e+100
1 1244.7 2489.4 1e+100
5 1376.86 5507.45 1e+100
10 1141.63 2283.25 1e+100
11 1378.17 1378.17 1e+100
8 1363.1 5452.41 1e+100
4 3633.46 7266.92 1e+100
6 1034.44 1034.44 1e+100
9 1804.99 1804.99 1e+100
0 512.825 512.825 1e+100
2 1386.63 5546.51 1e+100
5 4178.7 4178.7 1e+100
3 1442.47 1442.47 1e+100
1 912.596 1825.19 1e+100
5 1711.97 6847.87 1e+100
0 1848.05 1848.05 1e+100
6 1343.38 1343.38 1e+100
6 3133.14 3133.14 1e+100
11 670.239 2680.96 1e+100
7 880.175 1760.35 1e+100
10 223.826 447.653 1e+100
8 1383.11 5532.43 1e+100
3 1355.81 1355.81 1e+100
10 1898.61 3797.22 1e+100
2 1319.07 5276.27 1e+100
1 279.971 279.971 1e+100
9 1244.28 1244.28 1e+100
41
2 559.048 1118.1 1e+100
10 265.837 531.674 1e+100
4 505.065 1010.13 1e+100
1 136.788 273.577 1e+100
11 1305.52 5222.08 1e+100
5 1104.56 4418.22 1e+100
2 1752.43 3504.87 1e+100
7 403.391 403.391 1e+100
6 460.567 460.567 1e+100
8 1080.91 2161.82 1e+100
5 10007.2 20014.4 1e+100
9 1518.7 1518.7 1e+100
7 2664.03 5328.06 1e+100
7 5262.62 10525.2 1e+100
3 49.2669 49.2669 1e+100
6 2666.46 2666.46 1e+100
10 656.506 656.506 1e+100
0 146.092 146.092 1e+100
11 1364.45 5457.79 1e+100
5 348.24 348.24 1e+100
8 87.1916 174.383 1e+100
2 644.58 1289.16 1e+100
3 552.15 552.15 1e+100
0 588.379 588.379 1e+100
10 3467.46 6934.92 1e+100
11 1926.06 7704.22 1e+100
2 3514.29 14057.2 1e+100
10 1247.22 2494.44 1e+100
2 1398 2795.99 1e+100
4 4402.68 8805.36 1e+100
5 619.27 2477.08 1e+100
8 953.958 3815.83 1e+100
3 1851.07 1851.07 1e+100
0 1736.18 1736.18 1e+100
6 1900.23 1900.23 1e+100
7 3790.13 7580.27 1e+100
8 2709.03 10836.1 1e+100
9 494.438 494.438 1e+100
5 1273.96 5095.86 1e+100
9 1849.8 1849.8 1e+100
4 52.1559 104.312 1e+100
45
2 559.048 1118.1 1e+100
10 265.837 531.674 1e+100
4 505.065 1010.13 1e+100
1 136.788 273.577 1e+100
11 1305.52 5222.08 1e+100
5 1104.56 4418.22 1e+100
7 4253.54 8507.08 1e+100
7 403.391 403.391 1e+100
6 460.567 460.567 1e+100
8 1080.91 2161.82 1e+100
4 1246.4 2492.8 1e+100
9 1518.7 1518.7 1e+100
1 1361.84 2723.68 1e+100
2 1003.78 2007.56 1e+100
0 264.774 264.774 1e+100
3 203.955 203.955 1e+100
3 1559.81 1559.81 1e+100
10 8876.71 17753.4 1e+100
11 1736.9 6947.61 1e+100
5 930.392 1860.78 1e+100
6 1662.72 1662.72 1e+100
8 1363.1 5452.41 1e+100
2 800.398 3201.59 1e+100
0 1026.84 1026.84 1e+100
1 1180.72 2361.43 1e+100
4 532.564 1065.13 1e+100
9 1322.7 1322.7 1e+100
6 3975.43 3975.43 1e+100
7 2468.4 4936.81 1e+100
11 1457.51 5830.04 1e+100
5 1268.88 5075.53 1e+100
2 3238.38 6476.77 1e+100
8 1949.06 3898.13 1e+100
4 1534.74 3069.48 1e+100
3 2959.64 2959.64 1e+100
4 2876.21 5752.42 1e+100
2 659.012 2636.05 1e+100
9 3670.04 3670.04 1e+100
1 1496.2 2992.4 1e+100
6 1143.5 1143.5 1e+100
0 2264.37 2264.37 1e+100
9 1182.89 1182.89 1e+100
1 2848.44 2848.44 1e+100
11 3178.73 3178.73 1e+100
5 1501.95 3003.9 1e+100
38
2 559.048 1118.1 1e+100
10 265.837 531.674 1e+100
4 505.065 1010.13 1e+100
1 136.788 273.577 1e+100
11 1305.52 5222.08 1e+100
5 1104.56 4418.22 1e+100
10 1805.04 3610.07 1e+100
7 403.391 403.391 1e+100
6 460.567 460.567 1e+100
8 1080.91 2161.82 1e+100
2 860.872 1721.74 1e+100
9 1518.7 1518.7 1e+100
1 1361.84 2723.68 1e+100
4 1043.22 2086.43 1e+100
0 392.522 392.522 1e+100
3 170.988 170.988 1e+100
9 2274.46 2274.46 1e+100
6 2107.98 2107.98 1e+100
7 815.311 815.311 1e+100
5 707.16 2828.64 1e+100
2 21.8088 87.2351 1e+100
0 381.746 381.746 1e+100
3 765.188 765.188 1e+100
11 394.527 1578.11 1e+100
1 175.459 175.459 1e+100
4 339.573 679.146 1e+100
10 152.021 152.021 1e+100
5 975.021 3900.09 1e+100
8 945.558 3782.23 1e+100
9 1429.41 1429.41 1e+100
3 1220.27 1220.27 1e+100
6 1636.07 1636.07 1e+100
7 657.502 1315 1e+100
5 2569.11 10276.5 1e+100
11 895.91 895.91 1e+100
2 194.559 778.235 1e+100
0 445.433 445.433 1e+100
4 915.443 1830.89 1e+100
38
11 1035.45 2070.9 1e+100
1 560.135 1120.27 1e+100
2 138.252 553.007 1e+100
7 532.873 1065.75 1e+100
10 267.027 534.054 1e+100
5 831.122 3324.49 1e+100
4 487.658 975.316 1e+100
9 935.486 935.486 1e+100
3 183.29 183.29 1e+100
2 130.296 260.592 1e+100
6 1727.65 1727.65 1e+100
11 241.937 241.937 1e+100
0 571.952 571.952 1e+100
10 688.734 1377.47 1e+100
1 150.095 150.095 1e+100
5 1497.27 5989.1 1e+100
4 799.988 1599.98 1e+100
3 781.998 781.998 1e+100
7 652.763 652.763 1e+100
0 967.105 967.105 1e+100
9 609.15 609.15 1e+100
11 622.077 622.077 1e+100
1 398.631 398.631 1e+100
10 1374.96 1374.96 1e+100
2 139.865 279.73 1e+100
0 1887.89 1887.89 1e+100
3 853.335 853.335 1e+100
4 133.228 133.228 1e+100
8 349.34 349.34 1e+100
1 1164.48 1164.48 1e+100
11 1249.76 1249.76 1e+100
7 542.773 1085.55 1e+100
8 1959.24 1959.24 1e+100
9 927.362 927.362 1e+100
2 818.721 1637.44 1e+100
5 538.783 1077.57 1e+100
6 52.7357 52.7357 1e+100
7 1596.92 1596.92 1e+100
41
11 1035.45 2070.9 1e+100
1 560.135 1120.27 1e+100
2 138.252 553.007 1e+100
7 532.873 1065.75 1e+100
10 267.027 534.054 1e+100
5 831.122 3324.49 1e+100
4 487.658 975.316 1e+100
9 935.486 935.486 1e+100
11 900.084 3600.34 1e+100
2 416.64 833.281 1e+100
8 630.902 630.902 1e+100
1 742.87 1485.74 1e+100
7 1063.56 2127.12 1e+100
5 2161.76 4323.52 1e+100
7 2730.86 5461.72 1e+100
4 1034.32 2068.64 1e+100
3 1847.49 1847.49 1e+100
0 174.094 174.094 1e+100
8 1757.65 7030.59 1e+100
3 180.892 180.892 1e+100
11 1769.23 1769.23 1e+100
2 1208.87 2417.74 1e+100
6 1646.27 1646.27 1e+100
9 1085.18 1085.18 1e+100
3 2813.98 2813.98 1e+100
0 1145.61 1145.61 1e+100
1 439.565 439.565 1e+100
4 423.049 423.049 1e+100
2 796.776 796.776 1e+100
10 395.056 790.111 1e+100
8 1683.34 1683.34 1e+100
11 1716.58 3433.16 1e+100
2 2239.68 2239.68 1e+100
1 1549.32 1549.32 1e+100
9 3059.64 3059.64 1e+100
5 783.075 3132.3 1e+100
4 709.317 1418.63 1e+100
6 619.973 619.973 1e+100
10 1144.74 2289.48 1e+100
7 817.92 817.92 1e+100
0 720.796 720.796 1e+100
36
8 1258.76 2517.52 1e+100
4 799.283 1598.57 1e+100
2 753.322 3013.29 1e+100
9 893.562 893.562 1e+100
7 435.614 871.227 1e+100
11 410.828 821.655 1e+100
3 2810.36 2810.36 1e+100
5 264.96 1059.84 1e+100
10 553.103 553.103 1e+100
8 1345.49 5381.94 1e+100
1 583.49 583.49 1e+100
6 348.914 348.914 1e+100
4 494.395 494.395 1e+100
7 1089.32 1089.32 1e+100
11 706.996 1413.99 1e+100
2 19.3517 38.7034 1e+100
9 885.177 885.177 1e+100
0 1062.3 1062.3 1e+100
10 358.957 358.957 1e+100
5 170.625 682.499 1e+100
6 2467.25 2467.25 1e+100
2 2510.03 2510.03 1e+100
1 1917.34 3834.68 1e+100
5 1409.77 5639.08 1e+100
9 1780.49 1780.49 1e+100
7 448.004 448.004 1e+100
3 980.89 980.89 1e+100
8 734.013 2936.05 1e+100
4 249.713 499.426 1e+100
10 243.555 487.111 1e+100
11 353.293 1413.17 1e+100
0 1121 1121 1e+100
4 1903.41 3806.82 1e+100
5 2220.37 8881.48 1e+100
1 1284.71 1284.71 1e+100
7 1166.83 1166.83 1e+100
38
8 1957.81 1957.81 1e+100
1 197.59 197.59 1e+100
3 1153.86 1153.86 1e+100
4 341.882 341.882 1e+100
11 918.26 1836.52 1e+100
0 584.385 584.385 1e+100
2 298.247 596.493 1e+100
7 829.663 1659.33 1e+100
6 435.485 435.485 1e+100
5 264.96 1059.84 1e+100
9 749.912 749.912 1e+100
8 2148.49 8593.98 1e+100
1 748.484 748.484 1e+100
6 2056.76 2056.76 1e+100
4 374.277 374.277 1e+100
3 873.058 873.058 1e+100
10 221.606 443.213 1e+100
2 653.258 653.258 1e+100
7 233.226 233.226 1e+100
11 669.125 669.125 1e+100
1 1033.58 1033.58 1e+100
9 379.561 379.561 1e+100
0 517.425 517.425 1e+100
10 597.234 597.234 1e+100
4 1484.33 2968.65 1e+100
5 595.13 595.13 1e+100
2 724.595 724.595 1e+100
5 2323.33 2323.33 1e+100
3 716.052 716.052 1e+100
0 1283.28 1283.28 1e+100
7 785.936 785.936 1e+100
8 219.877 439.754 1e+100
6 747.231 747.231 1e+100
8 1896.11 1896.11 1e+100
10 1035.39 2070.79 1e+100
11 11.417 22.834 1e+100
9 326.806 326.806 1e+100
1 729.705 729.705 1e+100
42
2 559.048 1118.1 1e+100
10 265.837 531.674 1e+100
4 505.065 1010.13 1e+100
1 136.788 273.577 1e+100
11 1305.52 5222.08 1e+100
5 1104.56 4418.22 1e+100
2 1752.43 3504.87 1e+100
7 403.391 403.391 1e+100
6 460.567 460.567 1e+100
8 1080.91 2161.82 1e+100
4 1246.4 2492.8 1e+100
9 1518.7 1518.7 1e+100
1 1361.84 2723.68 1e+100
3 183.29 183.29 1e+100
10 148.642 297.283 1e+100
6 1209.32 1209.32 1e+100
7 915.741 915.741 1e+100
3 1230.97 1230.97 1e+100
11 1258.04 2516.09 1e+100
0 190.678 190.678 1e+100
5 1079.98 4319.93 1e+100
10 1534.03 3068.06 1e+100
1 1567.66 1567.66 1e+100
8 2335.33 9341.33 1e+100
2 517.182 2068.73 1e+100
4 684.23 684.23 1e+100
3 1141.86 1141.86 1e+100
2 2072.95 8291.79 1e+100
0 496.43 496.43 1e+100
1 2175.96 4351.91 1e+100
7 75.6084 75.6084 1e+100
9 1239.84 1239.84 1e+100
10 1258.82 2517.63 1e+100
5 1191.8 4767.19 1e+100
6 1231.85 1231.85 1e+100
11 1989.11 3978.23 1e+100
8 2076.2 2076.2 1e+100
7 1680.95 1680.95 1e+100
0 1638.38 1638.38 1e+100
9 1840.11 1840.11 1e+100
3 2924.42 2924.42 1e+100
4 198.431 396.862 1e+100
41
2 559.048 1118.1 1e+100
10 265.837 531.674 1e+100
4 505.065 1010.13 1e+100
1 136.788 273.577 1e+100
11 1305.52 5222.08 1e+100
5 1104.56 4418.22 1e+100
10 1805.04 3610.07 1e+100
7 403.391 403.391 1e+100
6 460.567 460.567 1e+100
8 1080.91 2161.82 1e+100
2 860.872 1721.74 1e+100
9 1518.7 1518.7 1e+100
1 1361.84 2723.68 1e+100
4 1043.22 2086.43 1e+100
3 49.2669 49.2669 1e+100
0 276.193 276.193 1e+100
7 1846.4 1846.4 1e+100
6 2107.98 2107.98 1e+100
5 182.654 730.618 1e+100
11 250.352 1001.41 1e+100
8 174.303 348.607 1e+100
2 149.553 299.105 1e+100
0 1518.24 1518.24 1e+100
1 2391.14 4782.29 1e+100
1 100.57 201.14 1e+100
10 614.449 1228.9 1e+100
5 2962.8 5925.61 1e+100
4 366.834 366.834 1e+100
10 2284.47 2284.47 1e+100
9 525.741 525.741 1e+100
6 1481.13 1481.13 1e+100
3 824.789 824.789 1e+100
2 322.958 322.958 1e+100
5 103.778 103.778 1e+100
8 275.742 551.485 1e+100
3 2434.69 2434.69 1e+100
8 1951.98 1951.98 1e+100
11 437.184 874.368 1e+100
4 1463.61 2927.22 1e+100
2 1649.02 1649.02 1e+100
0 1183.93 1183.93 1e+100
37
8 1957.81 1957.81 1e+100
1 197.59 197.59 1e+100
3 1153.86 1153.86 1e+100
4 341.882 341.882 1e+100
11 918.26 1836.52 1e+100
0 584.385 584.385 1e+100
2 298.247 596.493 1e+100
7 829.663 1659.33 1e+100
9 2773.08 2773.08 1e+100
5 264.96 1059.84 1e+100
1 110.174 110.174 1e+100
8 2148.49 8593.98 1e+100
4 767.932 767.932 1e+100
6 348.914 348.914 1e+100
2 767.692 767.692 1e+100
3 873.058 873.058 1e+100
10 221.606 443.213 1e+100
0 44.4737 44.4737 1e+100
5 341.761 1367.04 1e+100
11 418.079 1672.32 1e+100
1 478.62 478.62 1e+100
7 645.943 645.943 1e+100
2 1165.96 4663.85 1e+100
3 1971.2 1971.2 1e+100
10 859.951 1719.9 1e+100
6 289.269 289.269 1e+100
5 609.622 2438.49 1e+100
8 1197.08 4788.33 1e+100
4 609.647 609.647 1e+100
7 1101.03 1101.03 1e+100
0 920.172 920.172 1e+100
1 967.334 1934.67 1e+100
5 2203.72 8814.86 1e+100
9 797.876 797.876 1e+100
11 534.113 2136.45 1e+100
6 1039.58 1039.58 1e+100
10 1435.81 2871.63 1e+100
46
2 559.048 1118.1 1e+100
10 265.837 531.674 1e+100
4 505.065 1010.13 1e+100
1 136.788 273.577 1e+100
11 1305.52 5222.08 1e+100
5 1104.56 4418.22 1e+100
10 1805.04 3610.07 1e+100
7 403.391 403.391 1e+100
6 460.567 460.567 1e+100
8 1080.91 2161.82 1e+100
2 860.872 1721.74 1e+100
9 1518.7 1518.7 1e+100
1 1361.84 2723.68 1e+100
5 1824.07 7296.28 1e+100
4 1210.17 2420.34 1e+100
6 967.199 967.199 1e+100
10 3006.58 6013.15 1e+100
7 986.084 1972.17 1e+100
11 1870.38 3740.76 1e+100
7 2653.38 5306.77 1e+100
2 2236.5 4472.99 1e+100
3 135.916 135.916 1e+100
3 2180.87 2180.87 1e+100
8 1610.11 6440.46 1e+100
0 381.62 381.62 1e+100
1 1797.87 1797.87 1e+100
4 2002.4 4004.8 1e+100
9 1200.3 1200.3 1e+100
8 2368.58 2368.58 1e+100
0 937.174 937.174 1e+100
1 1937.09 1937.09 1e+100
3 2308.03 2308.03 1e+100
0 2377.61 2377.61 1e+100
5 1556.07 1556.07 1e+100
11 1114.57 2229.15 1e+100
9 1316.24 1316.24 1e+100
11 2558.4 5116.8 1e+100
5 2998.97 2998.97 1e+100
10 1926.29 1926.29 1e+100
6 4555.43 4555.43 1e+100
2 829.716 3318.86 1e+100
4 323.815 647.63 1e+100
9 2303.68 2303.68 1e+100
2 1889.1 3778.2 1e+100
7 740.444 740.444 1e+100
8 1326.08 1326.08 1e+100
38
8 1258.76 2517.52 1e+100
4 799.283 1598.57 1e+100
2 753.322 3013.29 1e+100
9 893.562 893.562 1e+100
7 435.614 871.227 1e+100
11 410.828 821.655 1e+100
3 2810.36 2810.36 1e+100
5 264.96 1059.84 1e+100
10 553.103 553.103 1e+100
8 1345.49 5381.94 1e+100
1 583.49 583.49 1e+100
6 348.914 348.914 1e+100
2 835.306 835.306 1e+100
7 1089.32 1089.32 1e+100
4 367.572 735.145 1e+100
11 390.816 781.632 1e+100
9 885.177 885.177 1e+100
0 1062.3 1062.3 1e+100
10 358.957 358.957 1e+100
5 170.625 682.499 1e+100
1 2267.26 2267.26 1e+100
6 1983.91 1983.91 1e+100
4 1765.97 3531.95 1e+100
5 1409.77 5639.08 1e+100
9 1780.49 1780.49 1e+100
1 3086.38 3086.38 1e+100
8 890.867 890.867 1e+100
6 2842.21 2842.21 1e+100
11 1817.88 1817.88 1e+100
10 531.957 531.957 1e+100
2 93.8216 93.8216 1e+100
7 290.566 581.132 1e+100
3 727.325 727.325 1e+100
0 1310.35 1310.35 1e+100
5 1756.67 3513.35 1e+100
4 1881.47 3762.94 1e+100
2 886.55 886.55 1e+100
7 1344.71 1344.71 1e+100
43
2 559.048 1118.1 1e+100
10 265.837 531.674 1e+100
4 505.065 1010.13 1e+100
1 136.788 273.577 1e+100
11 1305.52 5222.08 1e+100
5 1104.56 4418.22 1e+100
2 1752.43 3504.87 1e+100
7 403.391 403.391 1e+100
6 460.567 460.567 1e+100
8 1080.91 2161.82 1e+100
4 1246.4 2492.8 1e+100
9 1518.7 1518.7 1e+100
1 1361.84 2723.68 1e+100
3 183.29 183.29 1e+100
10 148.642 297.283 1e+100
8 2164.38 2164.38 1e+100
3 2051.43 2051.43 1e+100
0 571.952 571.952 1e+100
7 1890.92 3781.84 1e+100
1 2688.89 2688.89 1e+100
11 1592.88 6371.53 1e+100
10 1534.03 3068.06 1e+100
5 76.0964 152.193 1e+100
6 1462.67 1462.67 1e+100
9 1804.99 1804.99 1e+100
4 878.503 878.503 1e+100
2 1386.63 5546.51 1e+100
6 3967.63 3967.63 1e+100
0 802.653 802.653 1e+100
10 1696.04 3392.08 1e+100
2 2625.77 10503.1 1e+100
3 2124.69 2124.69 1e+100
5 1785.97 7143.9 1e+100
8 2165.01 8660.04 1e+100
7 1469.58 1469.58 1e+100
1 2401.83 2401.83 1e+100
0 1815.9 1815.9 1e+100
4 1113.49 2226.98 1e+100
11 1178.06 4712.23 1e+100
9 1519.69 1519.69 1e+100
5 2440.67 9762.68 1e+100
4 1910.42 1910.42 1e+100
10 641.545 1283.09 1e+100
38
8 1957.81 1957.81 1e+100
1 197.59 197.59 1e+100
3 1153.86 1153.86 1e+100
4 341.882 341.882 1e+100
11 918.26 1836.52 1e+100
0 584.385 584.385 1e+100
2 298.247 596.493 1e+100
7 829.663 1659.33 1e+100
10 273.473 273.473 1e+100
5 364.512 729.023 1e+100
4 488.082 488.082 1e+100
3 615.789 615.789 1e+100
9 1272.24 1272.24 1e+100
1 452.705 905.409 1e+100
0 1083.8 1083.8 1e+100
2 653.997 2615.99 1e+100
5 6430.79 12861.6 1e+100
11 378.611 1514.44 1e+100
5 831.005 3324.02 1e+100
7 136.75 273.5 1e+100
8 320.138 640.276 1e+100
6 565.149 565.149 1e+100
11 2309.48 4618.95 1e+100
4 633.213 1266.43 1e+100
7 3081.37 6162.74 1e+100
1 491.093 982.186 1e+100
9 641.984 641.984 1e+100
0 5598.22 5598.22 1e+100
4 1631.89 1631.89 1e+100
2 411.117 1644.47 1e+100
1 2196.9 4393.8 1e+100
8 400.883 801.766 1e+100
5 1773.97 7095.9 1e+100
9 1893.58 1893.58 1e+100
2 2332.63 4665.26 1e+100
8 1364.01 5456.05 1e+100
3 139.033 139.033 1e+100
6 167.739 167.739 1e+100
42
8 1957.81 1957.81 1e+100
1 197.59 197.59 1e+100
3 1153.86 1153.86 1e+100
4 341.882 341.882 1e+100
11 918.26 1836.52 1e+100
0 584.385 584.385 1e+100
2 298.247 596.493 1e+100
7 829.663 1659.33 1e+100
9 2773.08 2773.08 1e+100
5 264.96 1059.84 1e+100
1 110.174 110.174 1e+100
8 2148.49 8593.98 1e+100
4 767.932 767.932 1e+100
6 348.914 348.914 1e+100
0 973.203 973.203 1e+100
3 873.058 873.058 1e+100
10 221.606 443.213 1e+100
2 3763.74 15055 1e+100
1 347.488 347.488 1e+100
7 294.483 588.965 1e+100
11 294.643 589.285 1e+100
6 1114.73 1114.73 1e+100
2 110.598 110.598 1e+100
1 883.586 1767.17 1e+100
5 2921.43 11685.7 1e+100
11 1156.86 4627.46 1e+100
10 1190.83 2381.65 1e+100
4 927.635 1855.27 1e+100
4 3183.88 6367.77 1e+100
6 2950.72 2950.72 1e+100
3 1521.25 1521.25 1e+100
5 455.306 455.306 1e+100
0 1705.63 1705.63 1e+100
11 2342.8 2342.8 1e+100
7 820.175 820.175 1e+100
8 219.877 439.754 1e+100
9 690.038 690.038 1e+100
9 2519.58 2519.58 1e+100
10 2149.05 4298.11 1e+100
1 1571.72 3143.43 1e+100
7 1612.9 1612.9 1e+100
8 1274.02 1274.02 1e+100
38
7 672.336 1344.67 1e+100
11 669.454 1338.91 1e+100
5 436.813 1747.25 1e+100
2 968.407 3873.63 1e+100
0 207.918 207.918 1e+100
1 206.487 412.974 1e+100
4 404.193 808.386 1e+100
5 852.579 852.579 1e+100
9 547.364 547.364 1e+100
3 215.186 215.186 1e+100
10 284.797 569.594 1e+100
11 279.719 1118.88 1e+100
1 534.456 1068.91 1e+100
4 672.898 672.898 1e+100
2 372.412 1489.65 1e+100
8 2256.2 9024.8 1e+100
11 1120.43 4481.71 1e+100
7 174.303 348.607 1e+100
10 878.871 1757.74 1e+100
0 718.202 718.202 1e+100
2 2799.79 5599.58 1e+100
2 509.213 1018.43 1e+100
5 671.798 1343.6 1e+100
4 1294.43 2588.86 1e+100
3 223.156 223.156 1e+100
9 247.36 247.36 1e+100
1 1442.67 1442.67 1e+100
9 1975.56 1975.56 1e+100
6 439.922 439.922 1e+100
3 1711.58 1711.58 1e+100
10 1541.7 1541.7 1e+100
7 275.742 551.485 1e+100
6 2049.82 2049.82 1e+100
0 1005.98 1005.98 1e+100
11 1307.26 2614.51 1e+100
5 1563.73 3127.47 1e+100
8 1394.03 1394.03 1e+100
7 1329.89 1329.89 1e+100
41
8 1957.81 1957.81 1e+100
1 197.59 197.59 1e+100
3 1153.86 1153.86 1e+100
4 341.882 341.882 1e+100
11 918.26 1836.52 1e+100
0 584.385 584.385 1e+100
2 298.247 596.493 1e+100
7 829.663 1659.33 1e+100
5 1146.32 4585.27 1e+100
10 106.823 213.645 1e+100
6 591.968 591.968 1e+100
1 406.872 813.743 1e+100
7 1777.41 3554.82 1e+100
11 1978.44 3956.87 1e+100
4 2187.64 4375.27 1e+100
2 1094.63 2189.26 1e+100
9 446.787 446.787 1e+100
0 1770.12 1770.12 1e+100
8 1226.07 4904.27 1e+100
1 2723.78 2723.78 1e+100
3 716.79 716.79 1e+100
10 899.05 1798.1 1e+100
9 1715.12 1715.12 1e+100
6 296.782 296.782 1e+100
0 2548.59 2548.59 1e+100
3 856.008 856.008 1e+100
5 836.133 836.133 1e+100
7 2508.82 2508.82 1e+100
2 114.029 114.029 1e+100
10 683.655 1367.31 1e+100
8 151.556 151.556 1e+100
6 261.062 261.062 1e+100
11 596.746 2386.98 1e+100
4 2774.6 5549.21 1e+100
1 1638.09 3276.18 1e+100
2 806.886 3227.54 1e+100
10 1147.74 1147.74 1e+100
8 1979.07 3958.14 1e+100
5 987.033 3948.13 1e+100
9 1168.43 1168.43 1e+100
3 373.626 373.626 1e+100
41
7 672.336 1344.67 1e+100
11 669.454 1338.91 1e+100
5 436.813 1747.25 1e+100
2 968.407 3873.63 1e+100
0 207.918 207.918 1e+100
1 206.487 412.974 1e+100
11 903.303 3613.21 1e+100
10 106.823 213.645 1e+100
6 591.968 591.968 1e+100
4 906.931 1813.86 1e+100
7 766.434 1532.87 1e+100
1 747.501 1495 1e+100
8 556.5 1113 1e+100
5 339.785 679.569 1e+100
1 6427.88 6427.88 1e+100
0 6478.9 6478.9 1e+100
8 6024.56 24098.2 1e+100
9 523.147 523.147 1e+100
10 2292.49 2292.49 1e+100
1 2118.61 4237.22 1e+100
11 1763.7 7054.8 1e+100
5 837.063 3348.25 1e+100
7 543.705 1087.41 1e+100
4 748.015 1496.03 1e+100
6 342.419 342.419 1e+100
8 813.092 1626.18 1e+100
7 1544.83 3089.66 1e+100
1 2170.25 4340.51 1e+100
5 3896.02 7792.04 1e+100
9 223.156 223.156 1e+100
6 978.685 978.685 1e+100
6 2768.44 2768.44 1e+100
5 1258.3 5033.21 1e+100
10 2934.72 5869.43 1e+100
10 721.65 1443.3 1e+100
2 2687.03 10748.1 1e+100
9 1474.75 1474.75 1e+100
4 487.843 975.687 1e+100
11 1105.18 4420.72 1e+100
0 284.371 284.371 1e+100
7 1472.57 1472.57 1e+100
32
8 1258.76 2517.52 1e+100
4 799.283 1598.57 1e+100
2 753.322 3013.29 1e+100
9 893.562 893.562 1e+100
7 435.614 871.227 1e+100
11 410.828 821.655 1e+100
1 560.142 1120.28 1e+100
10 116.966 116.966 1e+100
3 170.988 170.988 1e+100
6 1796.11 1796.11 1e+100
0 146.092 146.092 1e+100
11 619.715 619.715 1e+100
8 341.125 341.125 1e+100
5 1041.92 1041.92 1e+100
7 368.316 368.316 1e+100
9 316.78 316.78 1e+100
1 25.3745 25.3745 1e+100
0 143.486 143.486 1e+100
10 139.865 279.73 1e+100
3 26.9292 26.9292 1e+100
2 1468.9 1468.9 1e+100
4 253.776 253.776 1e+100
7 1519.33 1519.33 1e+100
0 1272.5 1272.5 1e+100
9 944.463 944.463 1e+100
8 235.64 471.281 1e+100
6 2056.95 2056.95 1e+100
11 1300.48 1300.48 1e+100
10 818.721 1637.44 1e+100
5 379.119 758.238 1e+100
1 360.296 360.296 1e+100
8 1289.79 1289.79 1e+100
