63
2 146.331 585.323 1e+100
0 592.107 592.107 1e+100
5 302.314 1209.26 1e+100
3 158.879 158.879 1e+100
4 265.861 265.861 1e+100
1 489.665 979.33 1e+100
0 2339.88 2339.88 1e+100
2 3013.17 12052.7 1e+100
3 10346.6 10346.6 1e+100
1 2144.42 4288.85 1e+100
1 9729.74 9729.74 1e+100
2 4864.4 19457.6 1e+100
4 8256.85 16513.7 1e+100
1 4009.05 8018.11 1e+100
5 7804.59 31218.3 1e+100
1 12126.4 24252.9 1e+100
4 10740.2 21480.4 1e+100
5 4821.07 19284.3 1e+100
0 10832.8 10832.8 1e+100
3 1159.27 1159.27 1e+100
2 541.722 2166.89 1e+100
4 1956.31 3912.63 1e+100
4 12639.6 25279.1 1e+100
1 14706.8 29413.7 1e+100
5 991.358 3965.43 1e+100
2 15218.2 30436.4 1e+100
0 13023.3 13023.3 1e+100
1 22543.9 45087.9 1e+100
3 5789.04 5789.04 1e+100
0 5365.25 5365.25 1e+100
2 12688.1 25376.3 1e+100
0 7345.2 7345.2 1e+100
4 13725.3 27450.7 1e+100
3 2044.1 2044.1 1e+100
1 5391.2 10782.4 1e+100
3 9593.57 9593.57 1e+100
3 6001.65 6001.65 1e+100
2 6527.66 26110.6 1e+100
5 7652.66 30610.6 1e+100
3 13122.2 13122.2 1e+100
4 14250.7 28501.4 1e+100
1 14353.6 28707.2 1e+100
4 16004.3 32008.5 1e+100
1 2213.85 4427.7 1e+100
0 12683.7 12683.7 1e+100
0 516.966 516.966 1e+100
4 20404 20404 1e+100
2 13647.2 27294.4 1e+100
1 15457.8 30915.7 1e+100
2 7992.48 31969.9 1e+100
2 2656.5 10626 1e+100
5 9589.57 38358.3 1e+100
5 12807.6 51230.5 1e+100
4 809.256 809.256 1e+100
2 13988.1 55952.3 1e+100
5 18116.3 36232.6 1e+100
5 14190.6 56762.5 1e+100
5 16147.4 32294.8 1e+100
3 12499.4 12499.4 1e+100
4 15915.4 31830.8 1e+100
3 8365.55 8365.55 1e+100
2 15541.7 62166.8 1e+100
1 15043.3 30086.6 1e+100
63
5 300.169 600.338 1e+100
4 246.727 493.454 1e+100
3 180.119 180.119 1e+100
2 296.525 1186.1 1e+100
1 354.503 354.503 1e+100
0 511.21 511.21 1e+100
2 2402.86 9611.44 1e+100
5 3979.73 15918.9 1e+100
4 8898.81 8898.81 1e+100
5 1822.76 7291.03 1e+100
3 14272.8 14272.8 1e+100
0 13649.5 13649.5 1e+100
4 3933.09 3933.09 1e+100
4 1633.04 3266.07 1e+100
1 2230.19 4460.39 1e+100
0 16780.4 16780.4 1e+100
0 1928.13 1928.13 1e+100
4 18048.7 18048.7 1e+100
0 8376.69 8376.69 1e+100
3 1678.35 1678.35 1e+100
5 5089.11 20356.5 1e+100
2 6071.17 24284.7 1e+100
1 7526.47 15052.9 1e+100
1 5770.3 11540.6 1e+100
4 3512.56 7025.11 1e+100
2 2353.69 9414.75 1e+100
5 5816.63 23266.5 1e+100
1 19688.5 19688.5 1e+100
0 8167.71 8167.71 1e+100
1 9474.1 18948.2 1e+100
2 18680.7 18680.7 1e+100
3 7430.08 7430.08 1e+100
0 18256.4 18256.4 1e+100
3 4214.02 4214.02 1e+100
4 8223.95 16447.9 1e+100
2 15704.7 15704.7 1e+100
4 9330.43 18660.9 1e+100
0 8330.76 8330.76 1e+100
5 6459.49 25837.9 1e+100
3 1281.08 1281.08 1e+100
2 6319.08 25276.3 1e+100
1 823.463 823.463 1e+100
1 9177.7 18355.4 1e+100
5 12686.2 25372.5 1e+100
4 10798.6 21597.3 1e+100
0 1358.37 1358.37 1e+100
1 12684.1 12684.1 1e+100
0 13905.1 13905.1 1e+100
5 15668.5 15668.5 1e+100
3 7176.2 7176.2 1e+100
1 10432.6 20865.1 1e+100
2 9107.64 36430.6 1e+100
2 6729.67 26918.7 1e+100
5 13867 27734 1e+100
2 11284.5 45137.9 1e+100
0 9514 9514 1e+100
4 15074.4 30148.7 1e+100
5 9912.8 19825.6 1e+100
5 7330.61 29322.4 1e+100
3 14368.3 14368.3 1e+100
3 10121.3 10121.3 1e+100
1 13531.3 27062.5 1e+100
3 11842.8 11842.8 1e+100
42
1 456.472 912.945 1e+100
4 110.598 110.598 1e+100
3 148.116 148.116 1e+100
2 307.493 614.986 1e+100
5 290.732 1162.93 1e+100
0 638.506 638.506 1e+100
5 1832.63 7330.51 1e+100
2 1776.56 3553.13 1e+100
2 5089.79 20359.2 1e+100
0 2281.04 2281.04 1e+100
3 3670.58 3670.58 1e+100
3 1569.72 1569.72 1e+100
0 4320.15 4320.15 1e+100
5 3656.02 14624.1 1e+100
1 5814.35 11628.7 1e+100
2 3127.5 6255 1e+100
5 5160.65 20642.6 1e+100
4 1439.37 2878.73 1e+100
3 4736.39 4736.39 1e+100
1 1404.68 2809.36 1e+100
3 6591.47 6591.47 1e+100
4 2213.37 4426.74 1e+100
3 9631.2 9631.2 1e+100
4 5090.78 10181.6 1e+100
0 8145.07 8145.07 1e+100
3 6699.4 6699.4 1e+100
4 8001.95 8001.95 1e+100
0 9833.37 9833.37 1e+100
2 2900.96 11603.8 1e+100
5 5230.34 10460.7 1e+100
4 8556.73 17113.5 1e+100
5 2556.07 10224.3 1e+100
0 3386.67 3386.67 1e+100
2 3216.84 12867.4 1e+100
1 7065.34 14130.7 1e+100
2 5795.54 23182.2 1e+100
1 5096.48 10193 1e+100
5 8438.87 8438.87 1e+100
4 3832.26 7664.52 1e+100
0 904.485 904.485 1e+100
5 5402.31 21609.2 1e+100
2 6856.75 13713.5 1e+100
46
5 318.099 1272.39 1e+100
3 284.287 284.287 1e+100
1 506.68 1013.36 1e+100
4 232.672 465.343 1e+100
2 757.497 1514.99 1e+100
0 561.65 561.65 1e+100
0 2194.46 2194.46 1e+100
2 2407.02 9628.08 1e+100
2 5113.79 20455.2 1e+100
4 6054.38 12108.8 1e+100
5 1201.5 2403 1e+100
3 1945.87 1945.87 1e+100
1 4389.48 8778.96 1e+100
1 1362.71 2725.42 1e+100
4 2177.97 4355.95 1e+100
5 2612.11 5224.22 1e+100
1 5989.92 11979.8 1e+100
3 3561.25 3561.25 1e+100
5 3976.47 15905.9 1e+100
0 4972.01 4972.01 1e+100
4 7502.48 15005 1e+100
0 6951.96 6951.96 1e+100
4 2911.04 5822.07 1e+100
3 7517.53 7517.53 1e+100
4 8624.46 17248.9 1e+100
0 8829.04 8829.04 1e+100
0 1795.74 1795.74 1e+100
3 8600.86 8600.86 1e+100
1 6235.94 12471.9 1e+100
0 9952.78 9952.78 1e+100
5 3318.32 13273.3 1e+100
0 11265.1 11265.1 1e+100
2 4648.28 18593.1 1e+100
3 3292.08 3292.08 1e+100
4 8125.96 16251.9 1e+100
5 7873.95 31495.8 1e+100
2 9724.22 9724.22 1e+100
5 4693.6 18774.4 1e+100
4 8791.23 17582.5 1e+100
2 7421.98 29687.9 1e+100
5 9227.07 18454.1 1e+100
3 8988.43 8988.43 1e+100
1 5176.38 10352.8 1e+100
4 10750 10750 1e+100
2 4039.06 16156.2 1e+100
1 8400.2 16800.4 1e+100
53
1 456.472 912.945 1e+100
4 110.598 110.598 1e+100
3 148.116 148.116 1e+100
2 307.493 614.986 1e+100
5 290.732 1162.93 1e+100
0 638.506 638.506 1e+100
5 1832.63 7330.51 1e+100
2 1776.56 3553.13 1e+100
2 5106.03 20424.1 1e+100
0 2281.04 2281.04 1e+100
3 1626.28 1626.28 1e+100
5 3605.07 3605.07 1e+100
0 4320.15 4320.15 1e+100
2 3154.62 12618.5 1e+100
1 8756.06 17512.1 1e+100
4 1809.88 3619.77 1e+100
5 5383.97 21535.9 1e+100
1 1862.32 3724.64 1e+100
5 18482.9 18482.9 1e+100
0 7459.93 7459.93 1e+100
4 2337.57 4675.13 1e+100
3 4086.15 4086.15 1e+100
4 5713.47 11426.9 1e+100
4 3293.62 3293.62 1e+100
1 2471.01 4942.02 1e+100
0 13048.6 13048.6 1e+100
3 1407.06 1407.06 1e+100
0 3243.34 3243.34 1e+100
3 10721.4 10721.4 1e+100
0 15198.1 15198.1 1e+100
3 4527.81 4527.81 1e+100
2 6704.36 26817.4 1e+100
2 8213.57 16427.1 1e+100
4 6531.29 13062.6 1e+100
1 8928.17 17856.3 1e+100
3 11967.3 11967.3 1e+100
2 10116.8 20233.7 1e+100
4 10378.3 20756.6 1e+100
5 2902.01 5804.02 1e+100
3 6473.57 6473.57 1e+100
1 10686.8 21373.6 1e+100
4 11855.4 23710.9 1e+100
0 6533.1 6533.1 1e+100
2 1685.17 6740.67 1e+100
2 13478.9 26957.8 1e+100
2 3509.8 14039.2 1e+100
0 8034.31 8034.31 1e+100
1 12149.1 24298.2 1e+100
5 5066.29 20265.1 1e+100
4 2949.76 5899.53 1e+100
5 6225.6 24902.4 1e+100
5 8182.02 32728.1 1e+100
2 10507.1 21014.3 1e+100
59
5 300.169 600.338 1e+100
4 246.727 493.454 1e+100
3 180.119 180.119 1e+100
2 296.525 1186.1 1e+100
1 354.503 354.503 1e+100
0 511.21 511.21 1e+100
2 4135.4 16541.6 1e+100
5 1929.11 7716.46 1e+100
3 4123.68 4123.68 1e+100
2 1858.09 7432.36 1e+100
0 4563.22 4563.22 1e+100
0 6636.18 6636.18 1e+100
0 14438.8 14438.8 1e+100
1 4508.39 9016.77 1e+100
4 2389.62 4779.25 1e+100
0 2231.75 2231.75 1e+100
0 7946.88 7946.88 1e+100
1 2181.73 2181.73 1e+100
3 9787.8 9787.8 1e+100
3 6816.35 6816.35 1e+100
5 3038.49 12154 1e+100
2 5789.16 23156.7 1e+100
5 6463.03 25852.1 1e+100
4 6931.98 13864 1e+100
1 4405.03 8810.06 1e+100
3 9699.63 9699.63 1e+100
0 7467.14 7467.14 1e+100
4 2057.42 4114.84 1e+100
4 3905.6 7811.19 1e+100
0 9252.43 9252.43 1e+100
1 15668 15668 1e+100
1 8036.39 16072.8 1e+100
3 10973.8 10973.8 1e+100
5 2089.66 8358.64 1e+100
2 7900.94 31603.7 1e+100
4 7113.48 14227 1e+100
2 10499.6 41998.2 1e+100
3 11740.7 11740.7 1e+100
5 5319.37 21277.5 1e+100
0 15710.6 15710.6 1e+100
1 10509.6 21019.2 1e+100
0 13876.3 13876.3 1e+100
4 11344 22688 1e+100
1 8351.84 16703.7 1e+100
4 12962.9 12962.9 1e+100
3 15171.1 15171.1 1e+100
2 11929 23858 1e+100
1 4206.41 8412.82 1e+100
5 9795.98 39183.9 1e+100
2 3553.66 14214.6 1e+100
5 7107.21 28428.9 1e+100
2 13399.1 26798.2 1e+100
5 11342.3 45369.2 1e+100
4 14006.3 14006.3 1e+100
5 13307.1 26614.2 1e+100
1 11070.7 22141.3 1e+100
0 10666.9 10666.9 1e+100
4 7499.38 14998.8 1e+100
3 11839.6 11839.6 1e+100
57
5 318.099 1272.39 1e+100
3 284.287 284.287 1e+100
1 506.68 1013.36 1e+100
4 232.672 465.343 1e+100
2 757.497 1514.99 1e+100
0 561.65 561.65 1e+100
3 2145.94 2145.94 1e+100
5 3563.79 14255.1 1e+100
2 4143.47 16573.9 1e+100
4 6296.55 12593.1 1e+100
1 1336.57 2673.14 1e+100
0 1969.03 1969.03 1e+100
4 7730.02 15460 1e+100
4 1568.54 3137.08 1e+100
4 3950.71 7901.43 1e+100
1 2747.18 5494.36 1e+100
1 6621 13242 1e+100
1 21648 21648 1e+100
5 615.247 2460.99 1e+100
4 8896.26 17792.5 1e+100
2 6431.34 12862.7 1e+100
0 6334.69 6334.69 1e+100
2 749.703 1499.41 1e+100
5 6920.8 27683.2 1e+100
1 8471.31 8471.31 1e+100
2 7406.09 14812.2 1e+100
0 3164.58 3164.58 1e+100
4 16914.2 16914.2 1e+100
0 13516.5 13516.5 1e+100
0 11466.7 11466.7 1e+100
1 11424.8 22849.5 1e+100
0 16928.1 16928.1 1e+100
5 2431.28 9725.14 1e+100
2 14788.5 14788.5 1e+100
5 6836.23 27344.9 1e+100
0 8874.12 8874.12 1e+100
4 9141.65 18283.3 1e+100
2 10301.9 20603.8 1e+100
1 253.89 507.78 1e+100
5 15620.4 15620.4 1e+100
4 12648.1 12648.1 1e+100
3 20254.7 20254.7 1e+100
2 17278.3 17278.3 1e+100
0 16749.7 16749.7 1e+100
4 10396.5 20793 1e+100
2 6894.82 27579.3 1e+100
5 7246.82 28987.3 1e+100
1 12988.4 25976.7 1e+100
5 9494.92 37979.7 1e+100
0 17831.1 17831.1 1e+100
5 12171.6 24343.2 1e+100
2 10901.3 21802.7 1e+100
2 14161 56643.9 1e+100
5 17116 17116 1e+100
4 17007.1 17007.1 1e+100
1 14077.8 28155.6 1e+100
4 14777 14777 1e+100
56
5 300.169 600.338 1e+100
4 246.727 493.454 1e+100
3 180.119 180.119 1e+100
2 296.525 1186.1 1e+100
1 354.503 354.503 1e+100
0 511.21 511.21 1e+100
2 2402.86 9611.44 1e+100
5 1929.11 7716.46 1e+100
0 9947.75 9947.75 1e+100
5 3882.09 15528.4 1e+100
1 13831.7 13831.7 1e+100
1 2511.96 2511.96 1e+100
5 22538 22538 1e+100
1 4253.66 8507.31 1e+100
4 2389.62 4779.25 1e+100
4 14589.9 14589.9 1e+100
0 15417 15417 1e+100
0 2174.97 2174.97 1e+100
2 20165.1 20165.1 1e+100
3 1678.35 1678.35 1e+100
2 3622.09 14488.3 1e+100
5 6266.21 25064.8 1e+100
2 4913.4 19653.6 1e+100
4 5359.73 10719.5 1e+100
1 4150.3 8300.6 1e+100
0 11069.9 11069.9 1e+100
0 18956.4 18956.4 1e+100
4 2057.42 4114.84 1e+100
4 5980.11 11960.2 1e+100
1 5601.47 11202.9 1e+100
4 9752.56 19505.1 1e+100
4 20785.8 20785.8 1e+100
1 8353.18 16706.4 1e+100
2 12122.8 24245.6 1e+100
2 4140.16 16560.6 1e+100
3 21210.2 21210.2 1e+100
2 14158.6 28317.2 1e+100
1 10529.9 21059.9 1e+100
0 814.457 814.457 1e+100
2 17117.7 17117.7 1e+100
1 12727.3 12727.3 1e+100
0 14359.7 14359.7 1e+100
4 13335.1 13335.1 1e+100
5 10520.3 21040.5 1e+100
2 7664.58 30658.3 1e+100
5 7880.05 31520.2 1e+100
4 11517.3 23034.7 1e+100
5 4456.47 17825.9 1e+100
2 11806.2 11806.2 1e+100
4 14735.8 29471.6 1e+100
1 13656.1 27312.2 1e+100
2 4704.43 18817.7 1e+100
1 15710 15710 1e+100
5 11840.2 11840.2 1e+100
5 13752.3 27504.5 1e+100
0 11507.9 11507.9 1e+100
56
5 173.904 695.617 1e+100
1 739.232 1478.46 1e+100
3 197.944 197.944 1e+100
2 2585.24 10341 1e+100
0 2619.93 2619.93 1e+100
4 766.755 766.755 1e+100
3 1670.41 1670.41 1e+100
3 9398.33 9398.33 1e+100
5 1446.16 5784.63 1e+100
1 2368.05 4736.1 1e+100
3 11576 11576 1e+100
3 6944.18 6944.18 1e+100
4 6582.5 13165 1e+100
2 6010.49 24041.9 1e+100
5 2641.62 10566.5 1e+100
0 17053.7 17053.7 1e+100
4 3662.86 7325.72 1e+100
2 13167.6 13167.6 1e+100
1 8466.84 16933.7 1e+100
4 666.844 666.844 1e+100
1 3980.91 7961.82 1e+100
4 9982.37 9982.37 1e+100
3 863.802 863.802 1e+100
5 3289.3 13157.2 1e+100
5 5544.21 22176.8 1e+100
2 9907.21 9907.21 1e+100
1 5081.49 10163 1e+100
4 7033.87 14067.7 1e+100
1 8365.62 16731.2 1e+100
4 5286.68 10573.4 1e+100
3 15481.7 15481.7 1e+100
2 13871.2 13871.2 1e+100
0 7612.96 7612.96 1e+100
1 139.307 278.615 1e+100
5 10863.9 21727.8 1e+100
2 4465.2 17860.8 1e+100
2 6463.39 25853.6 1e+100
5 7481.12 29924.5 1e+100
1 13640.1 27280.2 1e+100
3 184.733 184.733 1e+100
0 16230.9 16230.9 1e+100
2 15140.3 15140.3 1e+100
0 2434.68 2434.68 1e+100
4 15596.7 15596.7 1e+100
2 16266.5 16266.5 1e+100
4 11440.9 11440.9 1e+100
4 17216.3 17216.3 1e+100
3 10404.4 10404.4 1e+100
5 10951 43804.1 1e+100
3 8484.09 8484.09 1e+100
0 9417.23 9417.23 1e+100
1 15365.5 15365.5 1e+100
5 13213.4 52853.8 1e+100
4 12474.8 24949.6 1e+100
1 9040.11 18080.2 1e+100
4 7915.17 15830.3 1e+100
51
1 456.472 912.945 1e+100
4 110.598 110.598 1e+100
3 148.116 148.116 1e+100
2 307.493 614.986 1e+100
5 290.732 1162.93 1e+100
0 638.506 638.506 1e+100
5 1832.63 7330.51 1e+100
1 18410.2 36820.4 1e+100
2 3254.26 13017 1e+100
0 2281.04 2281.04 1e+100
3 18766.2 18766.2 1e+100
3 20865 20865 1e+100
3 1722.86 1722.86 1e+100
2 1302.85 5211.4 1e+100
1 4327.84 8655.67 1e+100
5 3630.46 7260.92 1e+100
2 4859.71 19438.8 1e+100
4 1439.37 2878.73 1e+100
3 3123.65 3123.65 1e+100
2 5749.22 22996.9 1e+100
5 7384.66 14769.3 1e+100
5 3606.78 7213.57 1e+100
0 14976.3 14976.3 1e+100
0 16621.8 16621.8 1e+100
2 10808.3 21616.5 1e+100
5 8005.04 16010.1 1e+100
5 10575.7 21151.4 1e+100
1 9197.95 18395.9 1e+100
3 4990.21 4990.21 1e+100
1 5765.36 11530.7 1e+100
1 7101.61 14203.2 1e+100
2 4975.98 19903.9 1e+100
5 11205.4 11205.4 1e+100
2 6537.23 13074.5 1e+100
3 11804.3 11804.3 1e+100
0 10560.8 10560.8 1e+100
0 3480 3480 1e+100
1 11032.7 11032.7 1e+100
0 6491.01 6491.01 1e+100
0 1227.83 1227.83 1e+100
0 8270.82 8270.82 1e+100
3 8997.5 8997.5 1e+100
4 17659.7 17659.7 1e+100
2 12789.5 51158 1e+100
0 4113.09 4113.09 1e+100
3 5871.83 5871.83 1e+100
2 10759.7 10759.7 1e+100
5 12632.1 50528.4 1e+100
1 7717.03 15434.1 1e+100
2 15020.8 30041.5 1e+100
1 13358.2 26716.5 1e+100
55
5 173.904 695.617 1e+100
1 739.232 1478.46 1e+100
3 197.944 197.944 1e+100
2 2585.24 10341 1e+100
0 2619.93 2619.93 1e+100
4 766.755 766.755 1e+100
4 3552.22 3552.22 1e+100
3 1290.31 1290.31 1e+100
5 1446.16 5784.63 1e+100
1 2368.05 4736.1 1e+100
1 3814.52 3814.52 1e+100
0 6784.59 6784.59 1e+100
1 7682.31 15364.6 1e+100
2 6010.49 24041.9 1e+100
5 2641.62 10566.5 1e+100
5 11732.2 23464.5 1e+100
5 19392 19392 1e+100
1 4560.81 9121.63 1e+100
0 8612.99 8612.99 1e+100
4 9811.39 19622.8 1e+100
5 3289.3 13157.2 1e+100
5 5544.21 22176.8 1e+100
3 73.7963 73.7963 1e+100
4 3048.7 6097.41 1e+100
4 5915.99 11832 1e+100
5 13429.3 26858.7 1e+100
1 7928.88 15857.8 1e+100
0 14708.3 14708.3 1e+100
0 5560.8 5560.8 1e+100
0 11018.6 11018.6 1e+100
1 11517.3 23034.6 1e+100
1 9195.83 18391.7 1e+100
2 4465.2 17860.8 1e+100
2 8850.86 35403.4 1e+100
5 10770.5 43082 1e+100
1 5138.5 10277 1e+100
4 11080.6 22161.3 1e+100
0 17351.8 17351.8 1e+100
3 21154 21154 1e+100
0 19594.4 19594.4 1e+100
1 18234.1 18234.1 1e+100
2 17637.4 17637.4 1e+100
1 14071 28142 1e+100
2 13038.9 52155.5 1e+100
2 5479.71 21918.8 1e+100
1 12150.3 24300.7 1e+100
5 5482.86 21931.4 1e+100
2 18718.8 18718.8 1e+100
4 14857.1 29714.2 1e+100
4 12588.4 25176.8 1e+100
2 10078.7 40314.9 1e+100
4 17339.1 17339.1 1e+100
5 18034.1 18034.1 1e+100
1 15210.3 30420.5 1e+100
2 14769.3 14769.3 1e+100
65
1 456.472 912.945 1e+100
4 110.598 110.598 1e+100
3 148.116 148.116 1e+100
2 307.493 614.986 1e+100
5 290.732 1162.93 1e+100
0 638.506 638.506 1e+100
2 1848.94 7395.74 1e+100
4 3850.82 7701.64 1e+100
5 3237.95 12951.8 1e+100
3 1749.4 1749.4 1e+100
0 8134.03 8134.03 1e+100
0 2101.37 2101.37 1e+100
0 11862.9 11862.9 1e+100
5 1286.54 5146.17 1e+100
1 4327.84 8655.67 1e+100
4 1809.88 3619.77 1e+100
2 3355.98 13423.9 1e+100
4 4906.26 9812.53 1e+100
0 21954.1 21954.1 1e+100
3 10424.4 10424.4 1e+100
4 6358.9 12717.8 1e+100
3 16709.6 16709.6 1e+100
5 10548.2 21096.4 1e+100
0 18232.3 18232.3 1e+100
1 7113.25 14226.5 1e+100
3 18586.7 18586.7 1e+100
3 3378.02 3378.02 1e+100
2 3410.26 13641 1e+100
5 2468.71 9874.83 1e+100
3 737.703 737.703 1e+100
4 6565.26 13130.5 1e+100
4 9432.55 18865.1 1e+100
2 19849.7 39699.3 1e+100
4 11545.7 23091.4 1e+100
3 10684.7 10684.7 1e+100
3 3473.51 3473.51 1e+100
0 11849.7 11849.7 1e+100
1 7364.05 14728.1 1e+100
1 10977.7 21955.4 1e+100
5 5673.17 22692.7 1e+100
2 4699.42 18797.7 1e+100
2 7854.58 31418.3 1e+100
5 10626.8 42507.1 1e+100
4 17909.9 17909.9 1e+100
5 2778.98 11115.9 1e+100
3 18415.1 18415.1 1e+100
1 12571.3 25142.5 1e+100
5 18404.5 18404.5 1e+100
4 14216.3 28432.7 1e+100
2 15234.1 30468.2 1e+100
3 4783.79 4783.79 1e+100
1 18399.3 18399.3 1e+100
1 14267.8 28535.6 1e+100
1 8242.86 16485.7 1e+100
5 12051.1 48204.3 1e+100
2 8897.97 35591.9 1e+100
2 12341 49364 1e+100
5 15693.4 31386.7 1e+100
5 13597.4 54389.5 1e+100
0 393.429 393.429 1e+100
1 15606.7 31213.4 1e+100
4 14781.4 29562.9 1e+100
0 3670.16 3670.16 1e+100
4 10371.7 20743.4 1e+100
4 18008.8 18008.8 1e+100
51
5 173.904 695.617 1e+100
1 739.232 1478.46 1e+100
3 197.944 197.944 1e+100
2 2585.24 10341 1e+100
0 2619.93 2619.93 1e+100
4 766.755 766.755 1e+100
0 7494.6 7494.6 1e+100
1 14151.3 14151.3 1e+100
5 5450.23 21800.9 1e+100
1 2368.05 4736.1 1e+100
0 8893.59 8893.59 1e+100
3 14862.4 14862.4 1e+100
5 1091.37 2182.75 1e+100
2 6010.49 24041.9 1e+100
5 2682.77 10731.1 1e+100
4 6589.12 13178.2 1e+100
4 1875.48 3750.96 1e+100
3 2498.21 2498.21 1e+100
4 3869.63 7739.26 1e+100
5 5894.2 23576.8 1e+100
3 7625.4 7625.4 1e+100
1 3214.07 6428.13 1e+100
1 16895.2 16895.2 1e+100
3 10857.6 10857.6 1e+100
0 12871 12871 1e+100
5 7243.15 28972.6 1e+100
2 5653.04 22612.2 1e+100
0 7914.71 7914.71 1e+100
4 9829.38 19658.8 1e+100
4 12696.7 25393.3 1e+100
4 6305.85 12611.7 1e+100
1 548.616 1097.23 1e+100
0 9711.23 9711.23 1e+100
3 3781.89 3781.89 1e+100
0 14193 14193 1e+100
1 6150.75 12301.5 1e+100
1 12120.1 24240.2 1e+100
5 8707.98 34831.9 1e+100
2 6870.66 27482.6 1e+100
2 10025.8 40103.3 1e+100
5 10329.4 41317.6 1e+100
3 14508.5 14508.5 1e+100
5 14169.8 56679.2 1e+100
1 6673.48 13347 1e+100
2 12644.7 50578.8 1e+100
1 2630.82 5261.64 1e+100
3 11854.2 11854.2 1e+100
4 15350 30699.9 1e+100
3 5782.4 5782.4 1e+100
5 10868.2 43472.7 1e+100
4 11572.8 23145.6 1e+100
54
5 173.904 695.617 1e+100
1 739.232 1478.46 1e+100
3 197.944 197.944 1e+100
2 2585.24 10341 1e+100
0 2619.93 2619.93 1e+100
4 766.755 766.755 1e+100
0 7494.6 7494.6 1e+100
3 1290.31 1290.31 1e+100
5 1446.16 5784.63 1e+100
1 2368.05 4736.1 1e+100
3 5548.29 5548.29 1e+100
3 3154.47 3154.47 1e+100
4 5592.44 11184.9 1e+100
5 4888.26 19553 1e+100
5 2641.62 10566.5 1e+100
1 7121.73 14243.5 1e+100
1 2719.02 5438.04 1e+100
4 497.716 995.432 1e+100
5 6135.77 24543.1 1e+100
2 6043.21 24172.8 1e+100
3 8558.94 8558.94 1e+100
1 4557.25 4557.25 1e+100
4 5646.8 11293.6 1e+100
0 17151.3 17151.3 1e+100
3 5568.54 5568.54 1e+100
0 6859.28 6859.28 1e+100
3 12014.7 12014.7 1e+100
2 2164.28 4328.57 1e+100
0 8327.87 8327.87 1e+100
0 13750.4 13750.4 1e+100
2 17959.6 17959.6 1e+100
3 13795.1 13795.1 1e+100
2 8268.38 33073.5 1e+100
1 7351.19 14702.4 1e+100
4 9785.99 19572 1e+100
1 9429.04 18858.1 1e+100
5 16954.8 16954.8 1e+100
2 9411 18822 1e+100
1 13451 26902.1 1e+100
4 4790.17 9580.34 1e+100
3 15740.9 15740.9 1e+100
1 15063.2 30126.4 1e+100
5 14259.2 28518.4 1e+100
0 9133.08 9133.08 1e+100
2 5033.45 20133.8 1e+100
1 10765.2 21530.3 1e+100
5 5285.63 21142.5 1e+100
3 7095.92 7095.92 1e+100
4 14794.7 29589.5 1e+100
2 12163.7 48654.7 1e+100
4 6204.46 12408.9 1e+100
2 13323 53292 1e+100
5 8436.14 33744.6 1e+100
4 11974.9 23949.8 1e+100
53
5 300.169 600.338 1e+100
4 246.727 493.454 1e+100
3 180.119 180.119 1e+100
2 296.525 1186.1 1e+100
1 354.503 354.503 1e+100
0 511.21 511.21 1e+100
2 2402.86 9611.44 1e+100
5 1929.11 7716.46 1e+100
0 4275.49 4275.49 1e+100
5 3882.09 15528.4 1e+100
0 8993.62 8993.62 1e+100
1 2511.96 2511.96 1e+100
3 7427.42 7427.42 1e+100
1 4253.66 8507.31 1e+100
4 2389.62 4779.25 1e+100
1 7488.19 7488.19 1e+100
3 3493.47 3493.47 1e+100
3 1523.79 1523.79 1e+100
3 11414.4 11414.4 1e+100
3 17416.3 17416.3 1e+100
5 5082.8 20331.2 1e+100
2 4056.62 16226.5 1e+100
4 5455.25 10910.5 1e+100
4 17506.1 17506.1 1e+100
1 3806.53 7613.06 1e+100
3 2903.53 2903.53 1e+100
2 11791.7 23583.3 1e+100
4 1725.87 3451.74 1e+100
5 4795.7 9591.39 1e+100
0 11658.6 11658.6 1e+100
1 6192.37 12384.7 1e+100
4 7658.74 15317.5 1e+100
2 3833.17 15332.7 1e+100
0 14218 14218 1e+100
1 8676.62 17353.2 1e+100
3 5320.05 5320.05 1e+100
4 8339.1 16678.2 1e+100
4 10397.3 20794.7 1e+100
4 4477.03 8954.06 1e+100
0 5973.78 5973.78 1e+100
1 10435.3 20870.5 1e+100
2 4936.19 9872.38 1e+100
3 8196.16 8196.16 1e+100
5 4447.75 17791 1e+100
4 11673.2 23346.5 1e+100
5 6272.38 25089.5 1e+100
3 9697.36 9697.36 1e+100
1 11897.5 23795.1 1e+100
2 7522.98 30091.9 1e+100
5 8990.36 17980.7 1e+100
2 10004.1 40016.3 1e+100
5 10749.1 42996.3 1e+100
1 4919.34 9838.68 1e+100
54
5 318.099 1272.39 1e+100
3 284.287 284.287 1e+100
1 506.68 1013.36 1e+100
4 232.672 465.343 1e+100
2 757.497 1514.99 1e+100
0 561.65 561.65 1e+100
3 2145.94 2145.94 1e+100
5 3302.29 13209.2 1e+100
2 2927.18 11708.7 1e+100
1 4412.98 8825.95 1e+100
5 1201.5 2403 1e+100
0 1969.03 1969.03 1e+100
1 10908.3 21816.6 1e+100
1 1362.71 2725.42 1e+100
4 8055.15 16110.3 1e+100
4 1377.47 2754.94 1e+100
2 10535.5 21070.9 1e+100
0 11679 11679 1e+100
2 6274.54 25098.2 1e+100
1 7470.68 14941.4 1e+100
4 2514.57 5029.15 1e+100
4 13523.7 13523.7 1e+100
4 4508.72 9017.45 1e+100
5 8463.48 33853.9 1e+100
3 11178 11178 1e+100
5 10272.5 20545.1 1e+100
3 7000.29 7000.29 1e+100
3 1464.17 1464.17 1e+100
1 10010.2 10010.2 1e+100
0 6253.84 6253.84 1e+100
4 8155.13 8155.13 1e+100
5 5314.81 10629.6 1e+100
3 2495.23 2495.23 1e+100
2 11147.5 44590 1e+100
5 1443.94 5775.78 1e+100
1 2294.44 4588.88 1e+100
5 10155.9 20311.9 1e+100
0 121.766 121.766 1e+100
3 14002.5 14002.5 1e+100
3 12459.6 12459.6 1e+100
0 15040.5 15040.5 1e+100
1 15409.3 15409.3 1e+100
0 1611.77 1611.77 1e+100
0 10614.5 10614.5 1e+100
2 13375.8 13375.8 1e+100
0 12386.6 12386.6 1e+100
2 3160.3 12641.2 1e+100
0 8638.35 8638.35 1e+100
1 9685.35 9685.35 1e+100
3 9085.11 9085.11 1e+100
5 11438.1 45752.4 1e+100
2 10612.1 21224.2 1e+100
1 11298 22596 1e+100
4 12216.5 24433 1e+100
55
5 318.099 1272.39 1e+100
3 284.287 284.287 1e+100
1 506.68 1013.36 1e+100
4 232.672 465.343 1e+100
2 757.497 1514.99 1e+100
0 561.65 561.65 1e+100
3 2145.94 2145.94 1e+100
5 3563.79 14255.1 1e+100
5 6270.56 25082.2 1e+100
4 2623.9 5247.79 1e+100
1 3790.1 7580.2 1e+100
1 1490.77 1490.77 1e+100
4 4057.37 8114.73 1e+100
4 9586.18 19172.4 1e+100
2 1613.95 3227.9 1e+100
1 7658.47 15316.9 1e+100
1 11083.5 22166.9 1e+100
0 4218.47 4218.47 1e+100
5 615.247 2460.99 1e+100
2 12901.7 25803.5 1e+100
1 4523.23 9046.46 1e+100
3 15396.7 15396.7 1e+100
2 2466.38 4932.76 1e+100
2 4942.96 19771.8 1e+100
1 17481.7 17481.7 1e+100
4 4803.89 9607.77 1e+100
3 4357.56 4357.56 1e+100
0 313.998 313.998 1e+100
0 5398.05 5398.05 1e+100
0 8317.18 8317.18 1e+100
3 1104.65 1104.65 1e+100
0 15961 15961 1e+100
0 13673.8 13673.8 1e+100
5 12053.8 48215.4 1e+100
2 4779.58 9559.16 1e+100
1 11301 22602 1e+100
5 15386.9 30773.9 1e+100
3 6194.54 6194.54 1e+100
5 13196.5 26392.9 1e+100
4 9040.37 18080.7 1e+100
1 5089.65 10179.3 1e+100
0 9489.57 9489.57 1e+100
4 10652.5 21305 1e+100
4 6448.77 12897.5 1e+100
3 15510.9 15510.9 1e+100
5 6995.79 27983.2 1e+100
4 14272.6 28545.2 1e+100
5 4907.79 19631.1 1e+100
3 7180.26 7180.26 1e+100
4 12114.8 24229.6 1e+100
2 6613.74 26455 1e+100
1 7719.49 15439 1e+100
2 9699.45 38797.8 1e+100
2 11655.9 46623.5 1e+100
5 7828.5 15657 1e+100
52
5 318.099 1272.39 1e+100
3 284.287 284.287 1e+100
1 506.68 1013.36 1e+100
4 232.672 465.343 1e+100
2 757.497 1514.99 1e+100
0 561.65 561.65 1e+100
0 2194.46 2194.46 1e+100
2 2407.02 9628.08 1e+100
2 5113.79 20455.2 1e+100
4 4523.81 9047.61 1e+100
5 1201.5 2403 1e+100
3 1945.87 1945.87 1e+100
1 7336.85 14673.7 1e+100
1 1362.71 2725.42 1e+100
4 2177.97 4355.95 1e+100
5 2612.11 5224.22 1e+100
4 6090.9 12181.8 1e+100
0 5378.81 5378.81 1e+100
5 3976.47 15905.9 1e+100
3 3488.45 3488.45 1e+100
1 3861.32 7722.64 1e+100
0 6876.78 6876.78 1e+100
1 7257.55 14515.1 1e+100
3 4911.82 4911.82 1e+100
1 1289.34 2578.67 1e+100
3 6792.32 6792.32 1e+100
0 1795.74 1795.74 1e+100
0 8061.3 8061.3 1e+100
3 7456.26 7456.26 1e+100
5 3010.54 6021.08 1e+100
4 8799.3 8799.3 1e+100
5 4476.84 17907.4 1e+100
2 4375.96 17503.8 1e+100
4 5015.34 10030.7 1e+100
5 8458.77 16917.5 1e+100
5 11553.8 11553.8 1e+100
2 12560.7 12560.7 1e+100
1 8665.25 8665.25 1e+100
0 11989.9 11989.9 1e+100
1 12074 12074 1e+100
4 8905.49 8905.49 1e+100
3 7483.13 7483.13 1e+100
5 12838.7 12838.7 1e+100
3 11521.6 11521.6 1e+100
2 5340.78 21363.1 1e+100
1 6220.16 6220.16 1e+100
0 8312.23 8312.23 1e+100
3 8734.47 8734.47 1e+100
2 7603.2 30412.8 1e+100
1 8952.04 17904.1 1e+100
5 3858.79 7717.59 1e+100
4 9584.91 19169.8 1e+100
38
5 173.904 695.617 1e+100
1 739.232 1478.46 1e+100
3 197.944 197.944 1e+100
2 2585.24 10341 1e+100
0 2619.93 2619.93 1e+100
4 766.755 766.755 1e+100
3 17380.8 17380.8 1e+100
1 3934.46 3934.46 1e+100
5 3434.47 13737.9 1e+100
4 3234.52 6469.04 1e+100
5 14296.5 14296.5 1e+100
3 1190.48 1190.48 1e+100
1 1913.67 3827.33 1e+100
5 4888.26 19553 1e+100
5 667.007 2668.03 1e+100
1 5522.24 11044.5 1e+100
0 11941 11941 1e+100
4 6810.03 13620.1 1e+100
4 11583.2 11583.2 1e+100
2 1957.09 3914.19 1e+100
1 11958.1 11958.1 1e+100
4 12478.2 12478.2 1e+100
4 1503.9 3007.81 1e+100
0 8066.43 8066.43 1e+100
2 7416.48 29665.9 1e+100
2 3684.16 14736.7 1e+100
1 4618.1 9236.19 1e+100
5 3152.85 12611.4 1e+100
0 2262.44 2262.44 1e+100
5 6662.18 26648.7 1e+100
4 5105.82 10211.6 1e+100
5 4535.85 18143.4 1e+100
4 1088.52 2177.05 1e+100
0 3740.71 3740.71 1e+100
1 5199.19 10398.4 1e+100
2 9835.07 9835.07 1e+100
2 6855.2 27420.8 1e+100
4 6086.36 12172.7 1e+100
62
5 318.099 1272.39 1e+100
3 284.287 284.287 1e+100
1 506.68 1013.36 1e+100
4 232.672 465.343 1e+100
2 757.497 1514.99 1e+100
0 561.65 561.65 1e+100
0 2194.46 2194.46 1e+100
2 6617.13 26468.5 1e+100
2 2927.18 11708.7 1e+100
1 4412.98 8825.95 1e+100
5 1201.5 2403 1e+100
3 1945.87 1945.87 1e+100
4 5987.73 11975.5 1e+100
1 1362.71 2725.42 1e+100
4 2177.97 4355.95 1e+100
2 10825.2 21650.5 1e+100
1 5980.07 11960.1 1e+100
3 3561.25 3561.25 1e+100
5 2161.88 8647.54 1e+100
0 4972.01 4972.01 1e+100
2 7719.36 15438.7 1e+100
0 6951.96 6951.96 1e+100
4 2911.04 5822.07 1e+100
3 8145.78 8145.78 1e+100
1 10289.5 20579 1e+100
3 6016.57 6016.57 1e+100
0 1795.74 1795.74 1e+100
5 4577.82 18311.3 1e+100
5 1924.92 7699.67 1e+100
0 11959.8 11959.8 1e+100
1 5905.17 11810.3 1e+100
4 11811.9 23623.7 1e+100
4 7874.29 15748.6 1e+100
1 12782.9 25565.9 1e+100
0 7697.7 7697.7 1e+100
3 2521.51 2521.51 1e+100
3 9899.98 9899.98 1e+100
1 10540.3 21080.6 1e+100
4 4546.58 9093.16 1e+100
2 8733.31 34933.3 1e+100
5 5866.98 23467.9 1e+100
5 10508.6 42034.4 1e+100
4 12676.4 25352.7 1e+100
5 13305.3 26610.5 1e+100
3 15994.8 15994.8 1e+100
1 17108.1 17108.1 1e+100
0 15077.2 15077.2 1e+100
0 16555.7 16555.7 1e+100
0 11912.7 11912.7 1e+100
1 12839.2 25678.4 1e+100
2 9738.32 38953.3 1e+100
2 12590.7 50362.9 1e+100
4 13857.1 27714.3 1e+100
5 7023.88 28095.5 1e+100
4 17058.4 17058.4 1e+100
2 14515.4 29030.8 1e+100
4 15108.9 30217.9 1e+100
5 14588.7 58354.7 1e+100
2 16997.5 16997.5 1e+100
3 13074.3 13074.3 1e+100
1 13978.5 27957 1e+100
0 12140.8 12140.8 1e+100
55
5 318.099 1272.39 1e+100
3 284.287 284.287 1e+100
1 506.68 1013.36 1e+100
4 232.672 465.343 1e+100
2 757.497 1514.99 1e+100
0 561.65 561.65 1e+100
0 2194.46 2194.46 1e+100
2 2407.02 9628.08 1e+100
2 5113.79 20455.2 1e+100
1 5922.95 11845.9 1e+100
5 1201.5 2403 1e+100
3 1945.87 1945.87 1e+100
1 4389.48 8778.96 1e+100
1 1362.71 2725.42 1e+100
4 2177.97 4355.95 1e+100
5 2612.11 5224.22 1e+100
4 6121.36 12242.7 1e+100
3 3561.25 3561.25 1e+100
5 3976.47 15905.9 1e+100
0 4972.01 4972.01 1e+100
5 5350.16 10700.3 1e+100
0 6951.96 6951.96 1e+100
4 2911.04 5822.07 1e+100
0 8860.72 8860.72 1e+100
1 6809.28 13618.6 1e+100
3 11376.1 11376.1 1e+100
0 1795.74 1795.74 1e+100
3 4144.08 4144.08 1e+100
2 3825.62 7651.24 1e+100
1 11271.9 11271.9 1e+100
2 6916.21 27664.8 1e+100
0 11365.5 11365.5 1e+100
5 4401.91 17607.6 1e+100
3 5032.68 5032.68 1e+100
4 5472.56 10945.1 1e+100
1 8389.35 16778.7 1e+100
1 5881.84 11763.7 1e+100
3 10616.9 10616.9 1e+100
0 11701.7 11701.7 1e+100
3 6934.02 6934.02 1e+100
1 12605.6 12605.6 1e+100
1 11093.5 11093.5 1e+100
4 8586.56 17173.1 1e+100
2 7871.28 31485.1 1e+100
5 7170.34 28681.4 1e+100
5 9784.87 19569.7 1e+100
2 10048.1 40192.5 1e+100
0 7899.41 7899.41 1e+100
5 11474.9 22949.8 1e+100
4 6087.23 12174.5 1e+100
5 4200.69 16802.7 1e+100
3 12112.5 12112.5 1e+100
4 11923.9 11923.9 1e+100
4 9725.82 19451.6 1e+100
0 11976.8 11976.8 1e+100
61
5 318.099 1272.39 1e+100
3 284.287 284.287 1e+100
1 506.68 1013.36 1e+100
4 232.672 465.343 1e+100
2 757.497 1514.99 1e+100
0 561.65 561.65 1e+100
0 4264.84 4264.84 1e+100
5 1755.65 7022.62 1e+100
5 5692.49 22770 1e+100
4 2623.9 5247.79 1e+100
2 2865.01 5730.01 1e+100
3 1945.87 1945.87 1e+100
4 10792.6 21585.2 1e+100
1 1362.71 2725.42 1e+100
1 8391.01 16782 1e+100
1 12106.5 24213 1e+100
1 5388.2 10776.4 1e+100
0 1482.09 1482.09 1e+100
2 3825.39 15301.6 1e+100
2 4630.46 18521.9 1e+100
4 6972.59 13945.2 1e+100
1 1567.45 3134.89 1e+100
3 1793.64 1793.64 1e+100
3 3439.18 3439.18 1e+100
5 979.335 1958.67 1e+100
4 3946.21 7892.43 1e+100
2 5721.25 22885 1e+100
5 7595.28 30381.1 1e+100
3 4954.5 4954.5 1e+100
4 1506.02 3012.04 1e+100
1 10776.8 21553.5 1e+100
4 9081.5 18163 1e+100
2 10061.5 20123 1e+100
0 7363.3 7363.3 1e+100
0 2474.76 2474.76 1e+100
0 9847 9847 1e+100
1 12388.9 24777.9 1e+100
4 12106.5 24213 1e+100
2 7186.07 28744.3 1e+100
5 11144.6 44578.6 1e+100
5 3104.78 12419.1 1e+100
5 15371.2 30742.4 1e+100
1 15326.1 30652.2 1e+100
0 3344.53 3344.53 1e+100
3 10571.7 10571.7 1e+100
3 8821.85 8821.85 1e+100
0 13690.3 13690.3 1e+100
3 7225.08 7225.08 1e+100
5 16639.5 33279 1e+100
5 7688.84 30755.3 1e+100
2 12276 49103.9 1e+100
5 13176.4 26352.8 1e+100
2 14524.1 58096.3 1e+100
3 11700.1 11700.1 1e+100
4 14949.3 29898.6 1e+100
4 12680.6 25361.2 1e+100
2 9306.3 37225.2 1e+100
3 14900.7 14900.7 1e+100
3 4192.94 4192.94 1e+100
1 12278.3 24556.5 1e+100
3 12375.1 12375.1 1e+100
49
5 318.099 1272.39 1e+100
3 284.287 284.287 1e+100
1 506.68 1013.36 1e+100
4 232.672 465.343 1e+100
2 757.497 1514.99 1e+100
0 561.65 561.65 1e+100
3 2145.94 2145.94 1e+100
2 2407.02 9628.08 1e+100
2 5113.79 20455.2 1e+100
1 6090.72 12181.4 1e+100
5 1201.5 2403 1e+100
3 3994.97 3994.97 1e+100
4 5933.58 11867.2 1e+100
1 1362.71 2725.42 1e+100
1 3744.89 7489.77 1e+100
5 2612.11 5224.22 1e+100
4 1654.21 3308.42 1e+100
0 1482.09 1482.09 1e+100
5 3976.47 15905.9 1e+100
4 3285.71 6571.41 1e+100
0 2504.82 2504.82 1e+100
5 4455.03 8910.06 1e+100
0 4086.96 4086.96 1e+100
4 6649.12 13298.2 1e+100
1 5241.33 5241.33 1e+100
2 8163.86 8163.86 1e+100
1 10479.9 10479.9 1e+100
4 3682.77 3682.77 1e+100
5 4057.97 16231.9 1e+100
2 4769.14 9538.28 1e+100
4 6497.71 12995.4 1e+100
1 5796.32 11592.6 1e+100
0 8402.09 8402.09 1e+100
3 1316.55 1316.55 1e+100
3 9528.4 9528.4 1e+100
3 3730.02 3730.02 1e+100
3 5553.62 5553.62 1e+100
0 9892.1 9892.1 1e+100
3 10609.2 10609.2 1e+100
0 5595.26 5595.26 1e+100
0 11619.5 11619.5 1e+100
5 4216.11 16864.4 1e+100
3 7083.32 7083.32 1e+100
5 9096.02 9096.02 1e+100
0 2766.61 2766.61 1e+100
2 7227.62 28910.5 1e+100
4 8842.62 17685.2 1e+100
5 6447.38 12894.8 1e+100
2 10572.7 21145.4 1e+100
55
5 173.904 695.617 1e+100
1 739.232 1478.46 1e+100
3 197.944 197.944 1e+100
2 2585.24 10341 1e+100
0 2619.93 2619.93 1e+100
4 766.755 766.755 1e+100
1 8094.62 8094.62 1e+100
1 5483.21 5483.21 1e+100
5 1446.16 5784.63 1e+100
1 3986.04 7972.08 1e+100
3 6260.12 6260.12 1e+100
3 1190.48 1190.48 1e+100
1 1913.67 3827.33 1e+100
5 4888.26 19553 1e+100
5 2641.62 10566.5 1e+100
2 3728.26 7456.52 1e+100
4 1875.48 3750.96 1e+100
3 10477.2 10477.2 1e+100
4 3869.63 7739.26 1e+100
2 6634.73 26538.9 1e+100
3 15746.8 15746.8 1e+100
4 6169.4 12338.8 1e+100
2 17267.3 17267.3 1e+100
5 17350.8 17350.8 1e+100
0 8058.88 8058.88 1e+100
3 17089.3 17089.3 1e+100
3 5108.65 5108.65 1e+100
1 6316.53 12633.1 1e+100
0 11434.5 11434.5 1e+100
5 12015.4 48061.7 1e+100
5 8283.11 33132.4 1e+100
2 11900.6 23801.1 1e+100
2 8462.98 33851.9 1e+100
3 106.566 106.566 1e+100
2 5749.23 22996.9 1e+100
0 15437.1 15437.1 1e+100
1 6603.59 13207.2 1e+100
0 13602.7 13602.7 1e+100
1 8403.72 16807.4 1e+100
4 6335.64 12671.3 1e+100
4 12354.1 12354.1 1e+100
1 16216.1 16216.1 1e+100
1 10104.3 20208.5 1e+100
4 13921.3 27842.6 1e+100
5 3009.61 12038.4 1e+100
2 12638.4 50553.7 1e+100
5 4708.07 18832.3 1e+100
1 11574.3 23148.7 1e+100
5 12294.9 49179.6 1e+100
3 10244.5 10244.5 1e+100
1 13423.4 26846.9 1e+100
4 9486.27 18972.5 1e+100
0 10393.3 10393.3 1e+100
4 6861.58 13723.2 1e+100
0 1010.96 1010.96 1e+100
45
5 300.169 600.338 1e+100
4 246.727 493.454 1e+100
3 180.119 180.119 1e+100
2 296.525 1186.1 1e+100
1 354.503 354.503 1e+100
0 511.21 511.21 1e+100
2 2402.86 9611.44 1e+100
5 6092.84 24371.4 1e+100
0 4275.49 4275.49 1e+100
5 1822.76 7291.03 1e+100
3 5921.97 5921.97 1e+100
1 2511.96 2511.96 1e+100
0 8078.41 8078.41 1e+100
1 4253.66 8507.31 1e+100
4 2389.62 4779.25 1e+100
3 1603.74 1603.74 1e+100
4 15122 15122 1e+100
3 3526.46 3526.46 1e+100
0 10234.8 10234.8 1e+100
4 3563.43 3563.43 1e+100
5 3023.46 12093.9 1e+100
2 4056.62 16226.5 1e+100
1 5960.55 11921.1 1e+100
4 4890.56 4890.56 1e+100
5 7503.08 15006.2 1e+100
3 7974.25 7974.25 1e+100
1 6579.58 13159.2 1e+100
3 5145.62 5145.62 1e+100
3 9578.09 9578.09 1e+100
1 7285.56 7285.56 1e+100
1 11384.8 11384.8 1e+100
5 3752.14 15008.6 1e+100
4 6997.71 13995.4 1e+100
2 2153.72 4307.45 1e+100
2 6011.99 24048 1e+100
0 7030.07 7030.07 1e+100
5 5617.03 22468.1 1e+100
4 3664.79 7329.58 1e+100
2 7394.99 29580 1e+100
2 9351.79 18703.6 1e+100
0 8508.34 8508.34 1e+100
1 6733.24 13466.5 1e+100
3 9672.15 9672.15 1e+100
5 7170.65 28682.6 1e+100
4 6813.42 13626.8 1e+100
58
5 300.169 600.338 1e+100
4 246.727 493.454 1e+100
3 180.119 180.119 1e+100
2 296.525 1186.1 1e+100
1 354.503 354.503 1e+100
0 511.21 511.21 1e+100
2 2402.86 9611.44 1e+100
5 3979.73 15918.9 1e+100
1 4019.64 4019.64 1e+100
5 1822.76 7291.03 1e+100
0 2503.76 2503.76 1e+100
3 18416.5 18416.5 1e+100
0 6753.3 6753.3 1e+100
4 1633.04 3266.07 1e+100
4 4214.37 8428.74 1e+100
3 1603.74 1603.74 1e+100
3 10347.7 10347.7 1e+100
3 8378.06 8378.06 1e+100
0 4150.28 4150.28 1e+100
0 10201.1 10201.1 1e+100
5 5089.11 20356.5 1e+100
2 6095.77 24383.1 1e+100
1 4908.76 9817.51 1e+100
4 5174.86 10349.7 1e+100
0 15299.5 15299.5 1e+100
2 7821.9 15643.8 1e+100
2 1942.68 7770.74 1e+100
3 10549.1 10549.1 1e+100
5 9039.13 18078.3 1e+100
0 10717.2 10717.2 1e+100
3 17418.7 17418.7 1e+100
5 17438.1 17438.1 1e+100
0 5069.13 5069.13 1e+100
4 17166.3 17166.3 1e+100
0 11394 11394 1e+100
5 14807.8 14807.8 1e+100
2 13252.4 53009.7 1e+100
4 4177.16 8354.33 1e+100
1 5946.31 11892.6 1e+100
1 12095.3 24190.6 1e+100
3 1892.33 1892.33 1e+100
4 9455.67 18911.3 1e+100
4 7588.47 15176.9 1e+100
4 5419.38 10838.8 1e+100
3 9720.74 9720.74 1e+100
2 14140 28280 1e+100
4 13019 26038 1e+100
0 15413.6 15413.6 1e+100
5 2520.12 10080.5 1e+100
1 9277.19 18554.4 1e+100
5 4344.75 17379 1e+100
3 10852.4 10852.4 1e+100
1 13271.8 26543.7 1e+100
2 7801.83 31207.3 1e+100
1 2364.78 4729.56 1e+100
2 5550.51 22202 1e+100
5 8868.19 35472.7 1e+100
4 9845.97 19691.9 1e+100
65
2 146.331 585.323 1e+100
0 592.107 592.107 1e+100
5 302.314 1209.26 1e+100
3 158.879 158.879 1e+100
4 265.861 265.861 1e+100
1 489.665 979.33 1e+100
0 2339.88 2339.88 1e+100
5 1947.43 7789.73 1e+100
0 4328.49 4328.49 1e+100
2 9774.1 19548.2 1e+100
0 6821.8 6821.8 1e+100
5 3798.67 15194.7 1e+100
2 7728.35 15456.7 1e+100
1 1745.85 3491.7 1e+100
5 9742.15 38968.6 1e+100
1 8067.28 16134.6 1e+100
4 7896.99 15794 1e+100
5 6758.63 27034.5 1e+100
3 13134.4 13134.4 1e+100
3 1159.27 1159.27 1e+100
2 541.722 2166.89 1e+100
4 12710.3 25420.5 1e+100
2 2695 5390 1e+100
2 4409.37 8818.74 1e+100
2 10958.3 43833.3 1e+100
4 1162.72 2325.45 1e+100
0 8593.63 8593.63 1e+100
1 14104.4 28208.9 1e+100
0 11432.5 11432.5 1e+100
4 9345.06 18690.1 1e+100
4 14946.5 29893 1e+100
3 14927.2 14927.2 1e+100
1 8932.29 17864.6 1e+100
5 10761.9 43047.4 1e+100
3 17765.6 17765.6 1e+100
5 12570.9 25141.9 1e+100
3 7932.18 7932.18 1e+100
0 17139.7 17139.7 1e+100
3 5626.4 5626.4 1e+100
5 14464.1 28928.2 1e+100
1 10480.5 20961 1e+100
3 2292.22 2292.22 1e+100
4 14819.1 29638.3 1e+100
5 17030.7 34061.4 1e+100
2 11415.5 45662 1e+100
1 874.284 874.284 1e+100
4 442.276 884.552 1e+100
0 9542.54 9542.54 1e+100
5 19525.3 39050.5 1e+100
1 12732.4 25464.7 1e+100
1 18034.1 36068.3 1e+100
0 11250.4 11250.4 1e+100
4 15024.3 30048.7 1e+100
1 16039.3 32078.6 1e+100
0 16387.1 16387.1 1e+100
2 8536.38 34145.5 1e+100
4 16646.2 33292.4 1e+100
5 16993 67971.9 1e+100
0 12382.1 12382.1 1e+100
4 18504 37008 1e+100
2 15958.8 63835.4 1e+100
1 19448.4 38896.9 1e+100
2 17118.2 68472.6 1e+100
2 12922.4 51689.6 1e+100
1 12866.3 25732.5 1e+100
59
5 300.169 600.338 1e+100
4 246.727 493.454 1e+100
3 180.119 180.119 1e+100
2 296.525 1186.1 1e+100
1 354.503 354.503 1e+100
0 511.21 511.21 1e+100
2 2402.86 9611.44 1e+100
5 3979.73 15918.9 1e+100
0 4275.49 4275.49 1e+100
5 1822.76 7291.03 1e+100
0 10512.5 10512.5 1e+100
3 1957.24 1957.24 1e+100
3 11371.2 11371.2 1e+100
1 5839.09 11678.2 1e+100
4 2389.62 4779.25 1e+100
3 8651.77 8651.77 1e+100
3 3267.94 3267.94 1e+100
4 16624.1 16624.1 1e+100
1 11042 11042 1e+100
4 3563.43 3563.43 1e+100
5 5089.11 20356.5 1e+100
2 5378.53 21514.1 1e+100
2 6968.14 13936.3 1e+100
1 591.344 1182.69 1e+100
0 4914.43 4914.43 1e+100
2 2732.01 5464.02 1e+100
5 6134.34 24537.4 1e+100
2 16770.4 16770.4 1e+100
1 4945.73 9891.46 1e+100
1 17535.2 17535.2 1e+100
0 9728.71 9728.71 1e+100
0 15645.3 15645.3 1e+100
4 3385.87 6771.74 1e+100
4 6488.32 12976.6 1e+100
0 17052 17052 1e+100
1 6290.58 12581.2 1e+100
1 278.552 557.105 1e+100
2 7081.48 28325.9 1e+100
0 11414.1 11414.1 1e+100
4 8244.83 16489.7 1e+100
2 8439.29 16878.6 1e+100
0 9105.05 9105.05 1e+100
2 12386.4 12386.4 1e+100
2 10636.6 10636.6 1e+100
3 8648.29 8648.29 1e+100
5 9974.72 9974.72 1e+100
4 9513.12 19026.2 1e+100
5 11858.3 47433.1 1e+100
5 7352.5 29410 1e+100
4 6050.07 12100.1 1e+100
5 14035.1 56140.5 1e+100
1 9123.02 9123.02 1e+100
1 10970.7 21941.4 1e+100
1 7173.59 14347.2 1e+100
5 4382.84 17531.3 1e+100
3 13192.8 13192.8 1e+100
3 10401.6 10401.6 1e+100
4 12639.2 25278.3 1e+100
3 492.776 492.776 1e+100
65
5 300.169 600.338 1e+100
4 246.727 493.454 1e+100
3 180.119 180.119 1e+100
2 296.525 1186.1 1e+100
1 354.503 354.503 1e+100
0 511.21 511.21 1e+100
5 2367.53 9470.11 1e+100
2 1964.45 7857.79 1e+100
3 6110.44 6110.44 1e+100
2 3917.42 15669.7 1e+100
0 4293 4293 1e+100
0 2413.26 2413.26 1e+100
4 2108.34 2108.34 1e+100
4 4853.1 9706.19 1e+100
1 2230.19 4460.39 1e+100
0 14744.2 14744.2 1e+100
1 4652.15 4652.15 1e+100
3 1523.79 1523.79 1e+100
0 16673.9 16673.9 1e+100
3 11421.5 11421.5 1e+100
2 5118.13 20472.5 1e+100
5 4021.29 16085.2 1e+100
1 6279.85 12559.7 1e+100
3 12748.6 12748.6 1e+100
4 4405.97 8811.93 1e+100
3 14330.7 14330.7 1e+100
4 10064.2 20128.5 1e+100
5 11101.6 44406.3 1e+100
5 6637.49 26550 1e+100
3 15398.4 15398.4 1e+100
1 6376.37 12752.7 1e+100
4 6168.84 12337.7 1e+100
1 8129.93 16259.9 1e+100
4 4421.65 8843.31 1e+100
3 5147.37 5147.37 1e+100
0 16206.9 16206.9 1e+100
0 4202.74 4202.74 1e+100
4 12542.9 25085.9 1e+100
1 11155 22309.9 1e+100
2 9600.44 38401.7 1e+100
2 11598.6 46394.5 1e+100
5 2146.99 8587.98 1e+100
5 12386 49543.9 1e+100
3 15814.6 15814.6 1e+100
5 6947.77 27791.1 1e+100
3 17559.9 17559.9 1e+100
4 13625.4 27250.9 1e+100
5 17820.5 17820.5 1e+100
5 13919 27838 1e+100
4 15457.9 30915.9 1e+100
0 13647.1 13647.1 1e+100
0 17535.7 17535.7 1e+100
5 15619.6 31239.1 1e+100
1 12173.8 24347.6 1e+100
2 2748.13 10992.5 1e+100
2 13624 54495.9 1e+100
2 6578.31 26313.2 1e+100
4 16872.2 33744.3 1e+100
2 4294.44 17177.8 1e+100
1 17720.1 17720.1 1e+100
1 15696.2 31392.5 1e+100
2 16776.8 33553.6 1e+100
0 6802.46 6802.46 1e+100
1 12639.7 25279.4 1e+100
3 17735.2 17735.2 1e+100
76
2 146.331 585.323 1e+100
0 592.107 592.107 1e+100
5 302.314 1209.26 1e+100
3 158.879 158.879 1e+100
4 265.861 265.861 1e+100
1 489.665 979.33 1e+100
3 1864.66 1864.66 1e+100
5 1947.43 7789.73 1e+100
3 5841.63 5841.63 1e+100
1 6139.83 12279.7 1e+100
0 6447.54 6447.54 1e+100
2 2718.72 10874.9 1e+100
4 10989.4 21978.9 1e+100
1 1745.85 3491.7 1e+100
5 4514.38 18057.5 1e+100
4 3328.31 6656.63 1e+100
5 14995.4 29990.8 1e+100
5 6995.36 27981.4 1e+100
0 15484.4 15484.4 1e+100
3 3157.97 3157.97 1e+100
2 541.722 2166.89 1e+100
1 8119.94 16239.9 1e+100
1 10515.7 21031.3 1e+100
4 14534.4 29068.8 1e+100
2 3876.72 15506.9 1e+100
4 8664.29 17328.6 1e+100
3 7832.77 7832.77 1e+100
2 9203.27 18406.5 1e+100
0 1022.96 1022.96 1e+100
4 11533.8 23067.6 1e+100
1 14037 28074 1e+100
4 24278.4 48556.9 1e+100
2 5827.4 23309.6 1e+100
2 12042.4 48169.5 1e+100
0 11211.7 11211.7 1e+100
3 25493.6 25493.6 1e+100
4 15294.1 30588.3 1e+100
3 22347.4 22347.4 1e+100
3 26474.8 26474.8 1e+100
0 16405.2 16405.2 1e+100
3 8414.51 8414.51 1e+100
5 6517.95 13035.9 1e+100
5 9922.69 39690.7 1e+100
5 14815.4 59261.6 1e+100
0 6202.37 6202.37 1e+100
2 14823.8 29647.5 1e+100
1 119.458 238.916 1e+100
4 16753.3 33506.5 1e+100
1 10288.2 20576.5 1e+100
3 17426 17426 1e+100
0 201.068 201.068 1e+100
0 19148.6 19148.6 1e+100
1 16307.3 32614.5 1e+100
1 13985.8 27971.6 1e+100
2 7981.02 31924.1 1e+100
2 11782.4 47129.5 1e+100
5 20339.8 81359.3 1e+100
5 25695.9 51391.8 1e+100
3 13254.3 13254.3 1e+100
4 2536.34 5072.69 1e+100
1 19229.5 38459 1e+100
2 23765.7 47531.3 1e+100
3 11272.5 11272.5 1e+100
1 20841.7 41683.3 1e+100
4 24371.2 48742.3 1e+100
3 9049.13 9049.13 1e+100
5 15679 62716.1 1e+100
1 24461.7 48923.5 1e+100
5 22969.4 91877.5 1e+100
0 5820.65 5820.65 1e+100
1 22304 44607.9 1e+100
2 17490.7 69962.8 1e+100
4 16793.6 33587.2 1e+100
2 18650 74600 1e+100
2 14454.3 57817 1e+100
1 15741.6 31483.2 1e+100
