38
7 240.539 240.539 1e+100
2 163.906 327.812 1e+100
1 136.788 273.577 1e+100
5 1500.39 6001.55 1e+100
6 1644.42 1644.42 1e+100
5 6270.99 25084 1e+100
0 5341.37 5341.37 1e+100
4 935.83 1871.66 1e+100
4 3872.66 3872.66 1e+100
7 922.095 1844.19 1e+100
1 1637.54 3275.08 1e+100
3 1632.78 1632.78 1e+100
7 3294.86 6589.72 1e+100
0 382.751 382.751 1e+100
1 3853.61 7707.22 1e+100
6 1927 1927 1e+100
6 3720.07 3720.07 1e+100
3 5509.21 5509.21 1e+100
1 5331.96 10663.9 1e+100
3 2777.04 2777.04 1e+100
5 1787.75 7150.99 1e+100
4 7213.95 14427.9 1e+100
5 5311.08 21244.3 1e+100
2 4487.35 17949.4 1e+100
4 2298.77 4597.53 1e+100
7 3087.43 6174.87 1e+100
0 4441.67 4441.67 1e+100
5 7241.94 14483.9 1e+100
1 6245.59 12491.2 1e+100
4 6862.4 13724.8 1e+100
7 4978.87 9957.75 1e+100
6 5271.19 5271.19 1e+100
0 5077.94 5077.94 1e+100
2 4908.59 19634.4 1e+100
2 242.65 485.301 1e+100
6 2533.93 2533.93 1e+100
3 4216.7 4216.7 1e+100
3 5729.86 5729.86 1e+100
39
6 241.292 241.292 1e+100
2 160.277 320.555 1e+100
1 238.384 476.769 1e+100
7 858.32 858.32 1e+100
0 96.1445 96.1445 1e+100
4 376.525 753.051 1e+100
5 1154.09 4616.37 1e+100
5 4561.51 18246 1e+100
7 1828.64 3657.29 1e+100
3 470.872 470.872 1e+100
2 835.329 3341.32 1e+100
6 3266.49 3266.49 1e+100
0 1298.59 1298.59 1e+100
1 1674.92 3349.83 1e+100
0 2579.37 2579.37 1e+100
4 1182.97 1182.97 1e+100
3 1282.34 1282.34 1e+100
4 2255.17 4510.34 1e+100
2 1240.28 4961.12 1e+100
1 2278.62 4557.25 1e+100
6 3010.09 3010.09 1e+100
5 4376.96 17507.8 1e+100
7 3028.37 6056.74 1e+100
7 740.714 740.714 1e+100
0 3115.47 3115.47 1e+100
3 3466.89 3466.89 1e+100
2 1955.29 7821.15 1e+100
3 1113.42 1113.42 1e+100
4 2386.17 2386.17 1e+100
1 3787.38 7574.76 1e+100
2 3194.43 12777.7 1e+100
6 3073.34 3073.34 1e+100
6 5304.59 5304.59 1e+100
2 4390.03 4390.03 1e+100
4 2860.22 5720.44 1e+100
3 3890.77 3890.77 1e+100
7 3160.28 3160.28 1e+100
0 2635.44 2635.44 1e+100
5 2629.04 10516.2 1e+100
32
6 1254.93 1254.93 1e+100
7 1848.23 3696.45 1e+100
2 129.403 517.611 1e+100
5 1080.63 4322.52 1e+100
2 2013.52 2013.52 1e+100
3 218.237 218.237 1e+100
1 1867.51 3735.02 1e+100
0 710.982 710.982 1e+100
1 129.907 259.815 1e+100
3 1515.1 1515.1 1e+100
4 394.373 788.747 1e+100
6 955.407 955.407 1e+100
5 1692.91 6771.64 1e+100
0 558.714 558.714 1e+100
1 1575.13 1575.13 1e+100
3 907.656 907.656 1e+100
1 2956.22 2956.22 1e+100
7 79.0992 79.0992 1e+100
2 734.796 2939.18 1e+100
2 2999.55 11998.2 1e+100
4 316.959 316.959 1e+100
0 1751.21 1751.21 1e+100
5 4052.32 16209.3 1e+100
6 951.872 951.872 1e+100
7 687.401 1374.8 1e+100
6 2849.34 2849.34 1e+100
3 1916.71 1916.71 1e+100
5 579.944 2319.77 1e+100
4 1226.02 2452.03 1e+100
0 2070.04 2070.04 1e+100
1 2207.51 2207.51 1e+100
7 1353.7 1353.7 1e+100
33
6 1232.92 1232.92 1e+100
2 41.8641 83.7281 1e+100
7 282.488 564.976 1e+100
1 256.355 512.711 1e+100
7 1610.99 1610.99 1e+100
4 273.479 546.958 1e+100
0 1223.32 1223.32 1e+100
3 195.865 195.865 1e+100
4 1283.36 1283.36 1e+100
5 364.512 729.023 1e+100
6 401.361 401.361 1e+100
0 1083.08 1083.08 1e+100
2 318.09 318.09 1e+100
1 632.402 1264.8 1e+100
3 531.066 531.066 1e+100
5 1543.6 6174.39 1e+100
1 3611.21 7222.43 1e+100
7 2097.8 4195.6 1e+100
6 1720.5 1720.5 1e+100
0 1911.36 1911.36 1e+100
0 4264.24 4264.24 1e+100
2 1074.69 4298.75 1e+100
4 533.414 533.414 1e+100
6 3646.49 3646.49 1e+100
4 1994.96 3989.92 1e+100
5 2502.64 10010.6 1e+100
3 992.753 992.753 1e+100
7 2971.42 2971.42 1e+100
2 1703.75 6815 1e+100
4 1889.53 3779.07 1e+100
3 2425.02 2425.02 1e+100
5 3079.06 3079.06 1e+100
1 2003.57 2003.57 1e+100
39
6 1254.93 1254.93 1e+100
7 1848.23 3696.45 1e+100
2 129.403 517.611 1e+100
5 1080.63 4322.52 1e+100
1 2075.9 2075.9 1e+100
3 218.237 218.237 1e+100
2 1805.13 3610.27 1e+100
0 710.982 710.982 1e+100
1 129.907 259.815 1e+100
3 1515.1 1515.1 1e+100
4 381.669 381.669 1e+100
4 3255.09 6510.18 1e+100
5 828.784 828.784 1e+100
0 434.627 434.627 1e+100
6 1455.79 1455.79 1e+100
7 1081.14 2162.27 1e+100
3 1036.35 1036.35 1e+100
2 969.668 3878.67 1e+100
4 594.191 1188.38 1e+100
0 1658.26 1658.26 1e+100
2 2729.26 10917 1e+100
5 2133.46 8533.83 1e+100
6 1970.42 1970.42 1e+100
3 2013.42 2013.42 1e+100
5 3689.22 14756.9 1e+100
3 3775.68 3775.68 1e+100
1 466.564 933.127 1e+100
4 4277.1 4277.1 1e+100
7 2624.25 5248.49 1e+100
6 3872.53 3872.53 1e+100
1 4002.21 8004.43 1e+100
2 4383.79 4383.79 1e+100
7 766.293 1532.59 1e+100
7 4176.16 4176.16 1e+100
2 2283.57 9134.28 1e+100
4 977.213 1954.43 1e+100
0 1480.22 1480.22 1e+100
1 1760.57 3521.15 1e+100
0 3552.23 3552.23 1e+100
39
6 241.292 241.292 1e+100
2 160.277 320.555 1e+100
1 238.384 476.769 1e+100
7 858.32 858.32 1e+100
0 96.1445 96.1445 1e+100
4 376.525 753.051 1e+100
5 1154.09 4616.37 1e+100
5 4561.51 18246 1e+100
7 1828.64 3657.29 1e+100
3 470.872 470.872 1e+100
2 835.329 3341.32 1e+100
4 1595.81 1595.81 1e+100
0 1298.59 1298.59 1e+100
1 935.273 1870.55 1e+100
4 2686.99 5373.99 1e+100
3 1171.61 1171.61 1e+100
6 2017.84 2017.84 1e+100
0 2291.07 2291.07 1e+100
1 2815.14 2815.14 1e+100
2 569.201 569.201 1e+100
7 622.049 622.049 1e+100
6 3237.79 3237.79 1e+100
7 2344.04 2344.04 1e+100
2 2147.54 2147.54 1e+100
0 3167.47 3167.47 1e+100
3 504.387 504.387 1e+100
4 1574.24 3148.48 1e+100
4 4840.32 9680.63 1e+100
6 3423.91 3423.91 1e+100
3 1450.95 1450.95 1e+100
3 2764.97 2764.97 1e+100
1 2137.22 4274.44 1e+100
5 1507.23 3014.45 1e+100
7 3079.43 3079.43 1e+100
0 3429.86 3429.86 1e+100
2 3037.07 6074.15 1e+100
5 2953.96 5907.93 1e+100
1 3472.93 3472.93 1e+100
4 1257.56 2515.12 1e+100
29
6 1232.92 1232.92 1e+100
2 41.8641 83.7281 1e+100
7 282.488 564.976 1e+100
1 256.355 512.711 1e+100
7 1610.99 1610.99 1e+100
4 273.479 546.958 1e+100
0 1223.32 1223.32 1e+100
3 195.865 195.865 1e+100
7 4013.06 4013.06 1e+100
3 1091.75 1091.75 1e+100
2 690.481 2761.92 1e+100
5 503.82 503.82 1e+100
1 182.993 365.987 1e+100
6 153.28 153.28 1e+100
0 558.509 558.509 1e+100
4 403.075 403.075 1e+100
5 1877.67 7510.67 1e+100
1 3252.64 3252.64 1e+100
3 2887.79 2887.79 1e+100
4 2671.5 5343 1e+100
5 3116.81 12467.3 1e+100
0 1667.19 1667.19 1e+100
2 375.301 375.301 1e+100
4 3385.67 3385.67 1e+100
7 2016.82 4033.64 1e+100
6 733.544 733.544 1e+100
6 3698.34 3698.34 1e+100
0 2770.14 2770.14 1e+100
2 1448.65 5794.61 1e+100
35
6 241.292 241.292 1e+100
2 160.277 320.555 1e+100
1 238.384 476.769 1e+100
7 858.32 858.32 1e+100
0 96.1445 96.1445 1e+100
4 376.525 753.051 1e+100
5 1154.09 4616.37 1e+100
5 4561.51 18246 1e+100
4 2801.15 5602.3 1e+100
3 470.872 470.872 1e+100
2 835.329 3341.32 1e+100
3 1877.46 1877.46 1e+100
3 3643.13 3643.13 1e+100
7 2005.05 4010.09 1e+100
1 1233.9 2467.8 1e+100
0 388.089 388.089 1e+100
0 2157.68 2157.68 1e+100
0 4122.06 4122.06 1e+100
7 5594.99 5594.99 1e+100
2 1113.08 4452.32 1e+100
6 350.231 350.231 1e+100
1 1008.94 1008.94 1e+100
2 2119.57 4239.15 1e+100
6 4433.62 4433.62 1e+100
1 2744.67 5489.33 1e+100
5 2303.61 4607.22 1e+100
4 703.808 1407.62 1e+100
6 971.14 971.14 1e+100
4 3370.16 3370.16 1e+100
1 3611.39 3611.39 1e+100
7 985.104 1970.21 1e+100
3 789.759 789.759 1e+100
5 2299.42 2299.42 1e+100
4 590.945 590.945 1e+100
2 1890.95 7563.8 1e+100
38
6 1636.87 1636.87 1e+100
3 292.801 292.801 1e+100
1 3410.44 3410.44 1e+100
3 3422.89 3422.89 1e+100
4 910.814 1821.63 1e+100
0 584.385 584.385 1e+100
1 163.592 327.184 1e+100
7 829.663 1659.33 1e+100
3 772.905 772.905 1e+100
4 2632.55 5265.11 1e+100
6 2198.98 2198.98 1e+100
6 385.905 385.905 1e+100
0 1405.83 1405.83 1e+100
4 4110.9 8221.81 1e+100
3 2956.61 2956.61 1e+100
2 71.4152 285.661 1e+100
5 510.473 1020.95 1e+100
2 1780.35 7121.41 1e+100
5 1712.61 6850.43 1e+100
7 1378.04 2756.08 1e+100
1 2329.92 4659.84 1e+100
3 7013.8 7013.8 1e+100
4 7961.11 15922.2 1e+100
7 2379.16 4758.33 1e+100
1 6302.09 12604.2 1e+100
7 4694.96 9389.91 1e+100
0 775.579 775.579 1e+100
2 3359.74 13439 1e+100
5 4630.57 18522.3 1e+100
0 5499.94 5499.94 1e+100
3 2669.55 2669.55 1e+100
0 3334.18 3334.18 1e+100
4 4026.87 8053.74 1e+100
5 2057.5 8229.99 1e+100
6 1318.47 1318.47 1e+100
2 4014.44 16057.7 1e+100
6 2673.82 2673.82 1e+100
1 1968.31 3936.63 1e+100
36
6 1254.93 1254.93 1e+100
7 1848.23 3696.45 1e+100
2 129.403 517.611 1e+100
5 1080.63 4322.52 1e+100
2 2013.52 2013.52 1e+100
3 218.237 218.237 1e+100
1 1867.51 3735.02 1e+100
0 710.982 710.982 1e+100
1 129.907 259.815 1e+100
3 1515.1 1515.1 1e+100
5 2195.57 4391.14 1e+100
4 4404.41 8808.83 1e+100
0 1238.82 1238.82 1e+100
6 1351.27 1351.27 1e+100
7 928.684 928.684 1e+100
3 1202.19 1202.19 1e+100
2 731.025 2924.1 1e+100
1 1281.85 1281.85 1e+100
6 2170.65 2170.65 1e+100
4 4669.69 9339.38 1e+100
0 2353.89 2353.89 1e+100
4 292.476 584.953 1e+100
7 3342.93 6685.87 1e+100
7 1442.06 2884.12 1e+100
6 2953.3 2953.3 1e+100
5 1784.1 7136.39 1e+100
2 1545.89 6183.56 1e+100
0 4506.02 4506.02 1e+100
3 3395.84 3395.84 1e+100
3 831.349 831.349 1e+100
1 1863.96 3727.91 1e+100
2 3300.96 13203.8 1e+100
7 3331.63 3331.63 1e+100
5 2438.79 9755.17 1e+100
6 3776.12 3776.12 1e+100
1 3811.76 7623.52 1e+100
32
6 1636.87 1636.87 1e+100
3 292.801 292.801 1e+100
3 2135.76 2135.76 1e+100
1 3060.34 3060.34 1e+100
4 910.814 1821.63 1e+100
0 584.385 584.385 1e+100
1 163.592 327.184 1e+100
7 829.663 1659.33 1e+100
5 523.708 1047.42 1e+100
6 1339.51 1339.51 1e+100
2 184.612 738.45 1e+100
6 3008.47 3008.47 1e+100
0 1861.68 1861.68 1e+100
3 2166.44 2166.44 1e+100
3 4421.64 4421.64 1e+100
2 1223.01 4892.03 1e+100
5 994.832 3979.33 1e+100
7 136.75 273.5 1e+100
2 3289.66 6579.32 1e+100
4 667.421 667.421 1e+100
7 3428.45 6856.89 1e+100
7 1137.87 2275.74 1e+100
1 969.842 1939.68 1e+100
4 4118.84 8237.68 1e+100
0 1497.39 1497.39 1e+100
4 1629.82 1629.82 1e+100
3 4292.11 4292.11 1e+100
1 2527.94 5055.89 1e+100
0 3236.7 3236.7 1e+100
6 3453.59 3453.59 1e+100
6 1633.52 1633.52 1e+100
5 1090.78 4363.13 1e+100
41
6 1254.93 1254.93 1e+100
7 1848.23 3696.45 1e+100
2 129.403 517.611 1e+100
5 1080.63 4322.52 1e+100
4 3858.19 3858.19 1e+100
3 218.237 218.237 1e+100
1 3325.8 6651.6 1e+100
0 710.982 710.982 1e+100
1 129.907 259.815 1e+100
1 1434.74 1434.74 1e+100
4 381.669 381.669 1e+100
2 839.683 1679.37 1e+100
3 451.967 451.967 1e+100
6 3.07536 3.07536 1e+100
0 12264.4 12264.4 1e+100
7 3255.46 6510.91 1e+100
6 2347.95 2347.95 1e+100
5 1240.96 4963.85 1e+100
7 988.172 1976.34 1e+100
2 1550.47 6201.88 1e+100
5 2705.61 10822.4 1e+100
2 3407.62 6815.25 1e+100
1 1365.14 2730.28 1e+100
3 1260.13 1260.13 1e+100
4 3026.55 6053.1 1e+100
4 5708.51 11417 1e+100
1 4656.06 9312.13 1e+100
5 5406.01 10812 1e+100
7 6725.94 6725.94 1e+100
1 2712.85 5425.7 1e+100
5 8137.49 8137.49 1e+100
6 4043.02 4043.02 1e+100
2 6412.76 6412.76 1e+100
7 2573.94 5147.87 1e+100
2 3822.54 7645.08 1e+100
3 1965.08 1965.08 1e+100
6 1143.95 1143.95 1e+100
1 4972.95 9945.9 1e+100
5 2076.57 4153.14 1e+100
6 4736.16 4736.16 1e+100
7 3217.23 6434.45 1e+100
28
6 1636.87 1636.87 1e+100
3 292.801 292.801 1e+100
3 2135.76 2135.76 1e+100
1 3060.34 3060.34 1e+100
4 910.814 1821.63 1e+100
0 584.385 584.385 1e+100
1 163.592 327.184 1e+100
7 829.663 1659.33 1e+100
5 674.956 674.956 1e+100
4 1012.45 1012.45 1e+100
2 4465.69 17862.8 1e+100
6 988.547 988.547 1e+100
5 1039.1 4156.38 1e+100
2 684 2736 1e+100
7 247.275 494.55 1e+100
1 1571.39 3142.77 1e+100
3 612.914 612.914 1e+100
7 1711.42 3422.83 1e+100
7 4393.38 8786.75 1e+100
4 4673.69 9347.37 1e+100
4 1652.42 3304.85 1e+100
0 114.695 114.695 1e+100
3 1249.18 1249.18 1e+100
5 1697.67 6790.67 1e+100
1 2227.12 4454.25 1e+100
6 78.8961 78.8961 1e+100
6 2060.62 2060.62 1e+100
0 1158.54 1158.54 1e+100
37
6 1636.87 1636.87 1e+100
3 292.801 292.801 1e+100
7 8949.37 8949.37 1e+100
3 1785.67 1785.67 1e+100
4 910.814 1821.63 1e+100
0 584.385 584.385 1e+100
1 163.592 327.184 1e+100
7 829.663 1659.33 1e+100
2 138.867 277.735 1e+100
0 1964.17 1964.17 1e+100
7 3088.4 3088.4 1e+100
3 2376.65 2376.65 1e+100
1 3012.67 6025.33 1e+100
2 713.539 2854.16 1e+100
4 1156.92 2313.83 1e+100
1 427.836 427.836 1e+100
5 1540.48 6161.91 1e+100
0 6410.62 6410.62 1e+100
2 1849.2 7396.78 1e+100
2 5659.21 22636.8 1e+100
0 3924.47 3924.47 1e+100
0 1853.6 1853.6 1e+100
5 1678.54 6714.14 1e+100
1 5836.46 5836.46 1e+100
4 1398.34 2796.69 1e+100
5 5920.57 5920.57 1e+100
4 3130.7 6261.4 1e+100
3 5252.42 5252.42 1e+100
1 1454.44 2908.89 1e+100
3 898.786 898.786 1e+100
1 3426.1 6852.2 1e+100
0 7773.04 7773.04 1e+100
2 1403.5 5614.01 1e+100
4 3659.64 7319.27 1e+100
3 2314.97 2314.97 1e+100
7 384.47 768.941 1e+100
5 1829.03 1829.03 1e+100
40
6 241.292 241.292 1e+100
2 160.277 320.555 1e+100
1 238.384 476.769 1e+100
7 858.32 858.32 1e+100
0 96.1445 96.1445 1e+100
4 376.525 753.051 1e+100
5 1154.09 4616.37 1e+100
5 4561.51 18246 1e+100
4 2801.15 5602.3 1e+100
3 470.872 470.872 1e+100
2 835.329 3341.32 1e+100
0 917.877 917.877 1e+100
1 1363.86 1363.86 1e+100
4 6832.2 13664.4 1e+100
6 1838.69 1838.69 1e+100
2 1521.58 6086.32 1e+100
7 146.01 146.01 1e+100
3 870.676 870.676 1e+100
3 2738.77 2738.77 1e+100
0 876.144 876.144 1e+100
5 6423.16 25692.6 1e+100
6 5640.81 5640.81 1e+100
3 3872.6 3872.6 1e+100
4 1656.35 3312.7 1e+100
7 428.771 428.771 1e+100
7 4428.21 8856.42 1e+100
5 2303.61 4607.22 1e+100
1 5548.95 11097.9 1e+100
0 5329.44 5329.44 1e+100
2 440.936 881.871 1e+100
6 1716.85 1716.85 1e+100
7 4890.66 9781.32 1e+100
0 602.228 602.228 1e+100
1 452.689 905.378 1e+100
0 2313.92 2313.92 1e+100
2 3338.44 13353.8 1e+100
1 1441.02 2882.04 1e+100
3 3489.93 3489.93 1e+100
2 1323.06 2646.11 1e+100
6 5227.34 5227.34 1e+100
31
6 1232.92 1232.92 1e+100
2 41.8641 83.7281 1e+100
7 282.488 564.976 1e+100
1 256.355 512.711 1e+100
0 3489.81 3489.81 1e+100
4 273.479 546.958 1e+100
0 1223.32 1223.32 1e+100
3 195.865 195.865 1e+100
4 1280.89 1280.89 1e+100
1 446.833 446.833 1e+100
2 690.481 2761.92 1e+100
5 503.82 503.82 1e+100
7 539.724 539.724 1e+100
6 5803.68 5803.68 1e+100
6 720.508 720.508 1e+100
0 2173.3 2173.3 1e+100
4 864.403 864.403 1e+100
1 1371.46 1371.46 1e+100
3 4042.22 4042.22 1e+100
7 1799.64 3599.28 1e+100
5 534.88 2139.52 1e+100
2 873.962 3495.85 1e+100
3 885.286 885.286 1e+100
6 1037.85 1037.85 1e+100
0 4928.47 4928.47 1e+100
1 2199.3 4398.61 1e+100
2 2629.03 10516.1 1e+100
4 3066.74 3066.74 1e+100
5 1189.57 4758.3 1e+100
4 467.386 467.386 1e+100
7 1840.38 3680.76 1e+100
32
6 1232.92 1232.92 1e+100
2 41.8641 83.7281 1e+100
7 282.488 564.976 1e+100
1 256.355 512.711 1e+100
3 5701.45 5701.45 1e+100
4 273.479 546.958 1e+100
0 1223.32 1223.32 1e+100
3 195.865 195.865 1e+100
0 7285.19 7285.19 1e+100
6 736.459 736.459 1e+100
2 690.481 2761.92 1e+100
3 252.853 252.853 1e+100
1 830.367 830.367 1e+100
5 327.903 1311.61 1e+100
2 5101.89 20407.6 1e+100
0 869.586 869.586 1e+100
0 2973.92 2973.92 1e+100
2 1080.94 4323.78 1e+100
6 1259.43 1259.43 1e+100
1 1438.67 2877.34 1e+100
6 3156.9 3156.9 1e+100
7 1349.33 2698.65 1e+100
3 3714.46 3714.46 1e+100
5 108.47 216.94 1e+100
7 3165.36 3165.36 1e+100
4 7427.9 14855.8 1e+100
7 4877.06 4877.06 1e+100
5 2201.42 8805.67 1e+100
1 2069.96 4139.92 1e+100
3 4701.91 4701.91 1e+100
5 3260.8 6521.6 1e+100
6 3922.44 3922.44 1e+100
36
6 1232.92 1232.92 1e+100
2 41.8641 83.7281 1e+100
7 282.488 564.976 1e+100
1 256.355 512.711 1e+100
7 1610.99 1610.99 1e+100
4 273.479 546.958 1e+100
0 1223.32 1223.32 1e+100
3 195.865 195.865 1e+100
5 472.967 472.967 1e+100
2 1007.36 2014.71 1e+100
6 636.715 636.715 1e+100
0 1083.08 1083.08 1e+100
1 943.733 943.733 1e+100
4 696.121 1392.24 1e+100
3 531.066 531.066 1e+100
5 581.948 2327.79 1e+100
2 2392.74 4785.49 1e+100
0 5029.15 5029.15 1e+100
6 5584.63 5584.63 1e+100
1 1338.89 1338.89 1e+100
6 1361.16 1361.16 1e+100
0 1357.6 1357.6 1e+100
3 779.602 779.602 1e+100
3 2725.92 2725.92 1e+100
4 1625.91 3251.81 1e+100
2 1815.93 7263.73 1e+100
5 1102.96 4411.85 1e+100
1 4538.71 4538.71 1e+100
1 1656.23 1656.23 1e+100
3 4049.2 4049.2 1e+100
7 1209.17 2418.33 1e+100
5 2858.03 11432.1 1e+100
6 1387.74 1387.74 1e+100
2 2470.63 9882.5 1e+100
7 2006.1 2006.1 1e+100
4 1666.65 3333.3 1e+100
29
6 1636.87 1636.87 1e+100
3 292.801 292.801 1e+100
1 3410.44 3410.44 1e+100
6 4078.05 4078.05 1e+100
4 910.814 1821.63 1e+100
0 584.385 584.385 1e+100
1 163.592 327.184 1e+100
7 829.663 1659.33 1e+100
5 523.708 1047.42 1e+100
6 5695.06 5695.06 1e+100
2 184.612 738.45 1e+100
7 952.379 952.379 1e+100
2 4327.76 4327.76 1e+100
4 1078.01 1078.01 1e+100
2 1814.47 1814.47 1e+100
5 1411.65 1411.65 1e+100
1 2279.77 2279.77 1e+100
4 4440 4440 1e+100
5 4972.55 4972.55 1e+100
0 3141.57 3141.57 1e+100
0 1075.48 1075.48 1e+100
7 1409.59 1409.59 1e+100
7 3028.59 6057.17 1e+100
1 2328.78 2328.78 1e+100
5 1047.06 4188.24 1e+100
4 401.299 802.599 1e+100
6 184.688 184.688 1e+100
2 2589.03 2589.03 1e+100
3 767.82 767.82 1e+100
34
6 1232.92 1232.92 1e+100
2 41.8641 83.7281 1e+100
7 282.488 564.976 1e+100
1 256.355 512.711 1e+100
7 1610.99 1610.99 1e+100
4 273.479 546.958 1e+100
0 1223.32 1223.32 1e+100
3 195.865 195.865 1e+100
2 1233.75 1233.75 1e+100
5 364.512 729.023 1e+100
6 445.647 445.647 1e+100
6 2238.72 2238.72 1e+100
3 977.221 977.221 1e+100
4 696.121 1392.24 1e+100
0 2075.1 2075.1 1e+100
2 2878.74 11515 1e+100
2 1446.27 2892.53 1e+100
5 1075.3 4301.19 1e+100
5 3896.01 15584 1e+100
7 3159.92 6319.84 1e+100
1 911.603 1823.21 1e+100
4 4180.94 4180.94 1e+100
7 4624.06 9248.12 1e+100
7 792.799 1585.6 1e+100
1 4419.36 8838.72 1e+100
4 734.51 1469.02 1e+100
3 346.97 346.97 1e+100
6 1851.57 1851.57 1e+100
3 3119.18 3119.18 1e+100
1 1599.54 3199.08 1e+100
0 1625.44 1625.44 1e+100
6 3868.86 3868.86 1e+100
6 2048.79 2048.79 1e+100
2 1812.81 7251.23 1e+100
34
6 1232.92 1232.92 1e+100
2 41.8641 83.7281 1e+100
7 282.488 564.976 1e+100
1 256.355 512.711 1e+100
7 1610.99 1610.99 1e+100
4 273.479 546.958 1e+100
0 1223.32 1223.32 1e+100
3 195.865 195.865 1e+100
4 1283.36 1283.36 1e+100
5 364.512 729.023 1e+100
6 401.361 401.361 1e+100
0 1083.08 1083.08 1e+100
2 318.09 318.09 1e+100
1 632.402 1264.8 1e+100
3 531.066 531.066 1e+100
5 1543.6 6174.39 1e+100
1 3611.21 7222.43 1e+100
7 2097.8 4195.6 1e+100
6 1720.5 1720.5 1e+100
0 1911.36 1911.36 1e+100
5 2694.25 2694.25 1e+100
2 1074.69 4298.75 1e+100
4 533.414 533.414 1e+100
3 1618.81 1618.81 1e+100
4 1994.96 3989.92 1e+100
2 2313.83 9255.33 1e+100
7 3557.8 3557.8 1e+100
6 2155.41 2155.41 1e+100
1 2951.38 2951.38 1e+100
4 2776.62 5553.24 1e+100
3 2324.85 2324.85 1e+100
0 1691.96 1691.96 1e+100
6 2352.63 2352.63 1e+100
5 2214.85 8859.38 1e+100
31
6 1232.92 1232.92 1e+100
2 41.8641 83.7281 1e+100
7 282.488 564.976 1e+100
1 256.355 512.711 1e+100
7 1610.99 1610.99 1e+100
4 273.479 546.958 1e+100
0 1223.32 1223.32 1e+100
3 195.865 195.865 1e+100
4 1582.71 3165.42 1e+100
4 4595.61 9191.23 1e+100
5 456.506 456.506 1e+100
1 579.472 579.472 1e+100
6 621.851 621.851 1e+100
3 117.708 117.708 1e+100
5 1511.46 6045.83 1e+100
2 684 2736 1e+100
7 105.29 210.579 1e+100
1 1271.85 2543.7 1e+100
0 103.838 103.838 1e+100
7 1569.43 3138.86 1e+100
1 3247.11 6494.22 1e+100
4 3207.44 6414.88 1e+100
5 4541.1 9082.2 1e+100
3 709.812 709.812 1e+100
0 1066.24 1066.24 1e+100
4 4698.05 4698.05 1e+100
2 1423.15 2846.3 1e+100
3 2449.12 2449.12 1e+100
7 2440.14 2440.14 1e+100
0 1263.46 1263.46 1e+100
5 587.898 2351.59 1e+100
35
6 1232.92 1232.92 1e+100
2 41.8641 83.7281 1e+100
7 282.488 564.976 1e+100
1 256.355 512.711 1e+100
1 4867.06 4867.06 1e+100
4 273.479 546.958 1e+100
0 1223.32 1223.32 1e+100
3 195.865 195.865 1e+100
2 427.987 855.975 1e+100
1 941.879 941.879 1e+100
5 519.48 2077.92 1e+100
0 1233.59 1233.59 1e+100
4 373.304 373.304 1e+100
3 2698.94 2698.94 1e+100
3 467.894 467.894 1e+100
6 415.95 415.95 1e+100
5 1608.53 6434.12 1e+100
2 715.625 2862.5 1e+100
4 3138.29 3138.29 1e+100
4 1067.42 1067.42 1e+100
2 2271.39 9085.56 1e+100
6 3516.2 3516.2 1e+100
7 1723.21 3446.42 1e+100
0 435.55 435.55 1e+100
5 1876.39 7505.56 1e+100
2 4236.75 16947 1e+100
0 3674.41 3674.41 1e+100
6 609.627 609.627 1e+100
1 5687.52 5687.52 1e+100
7 2896.07 5792.14 1e+100
2 5991.82 23967.3 1e+100
1 1237.45 1237.45 1e+100
5 2531.08 10124.3 1e+100
3 1850.22 1850.22 1e+100
4 3030 6060 1e+100
32
6 1636.87 1636.87 1e+100
3 292.801 292.801 1e+100
3 2135.76 2135.76 1e+100
0 3808.26 3808.26 1e+100
4 910.814 1821.63 1e+100
0 584.385 584.385 1e+100
1 163.592 327.184 1e+100
7 829.663 1659.33 1e+100
5 674.956 674.956 1e+100
1 633.037 633.037 1e+100
5 2403.35 9613.41 1e+100
1 3254.89 3254.89 1e+100
6 656.639 656.639 1e+100
7 215.133 215.133 1e+100
4 404.554 404.554 1e+100
3 529.064 529.064 1e+100
7 2545.92 2545.92 1e+100
0 1623.35 1623.35 1e+100
2 4022.13 4022.13 1e+100
2 395.056 790.111 1e+100
4 1316.6 2633.19 1e+100
0 2874.72 2874.72 1e+100
1 4044.46 4044.46 1e+100
5 4508.96 4508.96 1e+100
1 1897.23 3794.45 1e+100
5 1918.75 3837.49 1e+100
3 1264.45 1264.45 1e+100
6 2473.95 2473.95 1e+100
2 629.941 1259.88 1e+100
7 2996.81 5993.62 1e+100
6 283.549 283.549 1e+100
4 1725.06 3450.13 1e+100
35
6 241.292 241.292 1e+100
2 160.277 320.555 1e+100
1 238.384 476.769 1e+100
7 858.32 858.32 1e+100
0 96.1445 96.1445 1e+100
4 376.525 753.051 1e+100
5 1154.09 4616.37 1e+100
5 4561.51 18246 1e+100
7 1828.64 3657.29 1e+100
3 470.872 470.872 1e+100
2 835.329 3341.32 1e+100
4 1595.81 1595.81 1e+100
1 1363.86 1363.86 1e+100
4 2153.4 4306.79 1e+100
0 402.462 402.462 1e+100
2 1521.58 6086.32 1e+100
6 772.279 772.279 1e+100
4 7043.02 7043.02 1e+100
7 1783.4 1783.4 1e+100
1 1879.28 1879.28 1e+100
6 2136.42 2136.42 1e+100
2 6067.74 24270.9 1e+100
2 2132.19 8528.78 1e+100
7 2654.3 2654.3 1e+100
6 3594.23 3594.23 1e+100
5 2382.3 9529.19 1e+100
0 399.078 399.078 1e+100
1 2806.72 5613.44 1e+100
0 2296.55 2296.55 1e+100
7 4658.39 4658.39 1e+100
5 4681.99 18727.9 1e+100
4 528.367 1056.73 1e+100
1 3675.31 3675.31 1e+100
4 1977.75 1977.75 1e+100
6 2748.66 2748.66 1e+100
37
6 241.292 241.292 1e+100
2 160.277 320.555 1e+100
1 238.384 476.769 1e+100
7 858.32 858.32 1e+100
0 96.1445 96.1445 1e+100
4 376.525 753.051 1e+100
5 1154.09 4616.37 1e+100
5 4561.51 18246 1e+100
7 1828.64 3657.29 1e+100
3 470.872 470.872 1e+100
2 835.329 3341.32 1e+100
6 3266.49 3266.49 1e+100
0 1298.59 1298.59 1e+100
1 862.821 862.821 1e+100
4 361.268 361.268 1e+100
5 4479.48 17917.9 1e+100
3 146.78 146.78 1e+100
7 1085.44 1085.44 1e+100
2 210.951 843.804 1e+100
2 2475.71 9902.82 1e+100
1 434.13 434.13 1e+100
0 178.745 178.745 1e+100
5 4869.94 19479.8 1e+100
3 324.028 324.028 1e+100
7 1693.74 3387.48 1e+100
4 114.906 114.906 1e+100
1 1482.34 2964.68 1e+100
6 1562.91 1562.91 1e+100
1 3058.6 6117.2 1e+100
0 1379.74 1379.74 1e+100
4 3196.76 6393.51 1e+100
0 3091.44 3091.44 1e+100
2 4212.61 16850.4 1e+100
7 2325.03 4650.06 1e+100
6 2550.35 2550.35 1e+100
4 4538.27 9076.54 1e+100
3 1331.77 1331.77 1e+100
37
7 240.539 240.539 1e+100
2 163.906 327.812 1e+100
1 136.788 273.577 1e+100
5 1500.39 6001.55 1e+100
6 1644.42 1644.42 1e+100
2 1934.89 7739.54 1e+100
7 3034.27 3034.27 1e+100
4 935.83 1871.66 1e+100
6 3751.96 3751.96 1e+100
7 922.095 1844.19 1e+100
1 1637.54 3275.08 1e+100
3 1632.78 1632.78 1e+100
4 2481.1 4962.2 1e+100
0 114.359 114.359 1e+100
0 1060.49 1060.49 1e+100
5 1660.69 6642.76 1e+100
6 4699.69 4699.69 1e+100
2 718.271 2873.08 1e+100
3 1538.39 1538.39 1e+100
3 3975.75 3975.75 1e+100
1 769.032 1538.06 1e+100
5 5031.31 5031.31 1e+100
2 2438.66 4877.32 1e+100
7 1901.31 3802.63 1e+100
5 2199.43 4398.86 1e+100
0 1616.42 1616.42 1e+100
4 1193.06 2386.12 1e+100
0 3351.05 3351.05 1e+100
4 4316.82 8633.65 1e+100
2 4775.07 4775.07 1e+100
1 2172.11 4344.21 1e+100
6 4477.85 4477.85 1e+100
2 2674.85 10699.4 1e+100
1 3160.44 6320.87 1e+100
3 3593.08 3593.08 1e+100
4 2075.18 4150.37 1e+100
7 1539.12 1539.12 1e+100
33
6 241.292 241.292 1e+100
2 160.277 320.555 1e+100
1 238.384 476.769 1e+100
7 858.32 858.32 1e+100
0 96.1445 96.1445 1e+100
4 376.525 753.051 1e+100
5 1154.09 4616.37 1e+100
5 4561.51 18246 1e+100
7 1828.64 3657.29 1e+100
3 470.872 470.872 1e+100
2 835.329 3341.32 1e+100
4 1595.81 1595.81 1e+100
3 2258.17 2258.17 1e+100
1 862.821 862.821 1e+100
6 7425.3 7425.3 1e+100
5 6061.39 24245.6 1e+100
3 2665.56 2665.56 1e+100
2 1113.08 4452.32 1e+100
7 1321.41 1321.41 1e+100
6 2043.19 2043.19 1e+100
1 681.726 1363.45 1e+100
0 697.361 697.361 1e+100
7 3540.15 7080.3 1e+100
5 2303.61 4607.22 1e+100
1 2502.42 5004.84 1e+100
3 2841.3 2841.3 1e+100
0 1693.33 1693.33 1e+100
7 4406.88 4406.88 1e+100
2 1098.49 2196.98 1e+100
6 2265.55 2265.55 1e+100
1 2817.19 2817.19 1e+100
0 1890.54 1890.54 1e+100
2 2401.88 9607.53 1e+100
42
6 241.292 241.292 1e+100
2 160.277 320.555 1e+100
1 238.384 476.769 1e+100
7 858.32 858.32 1e+100
0 96.1445 96.1445 1e+100
4 376.525 753.051 1e+100
5 1154.09 4616.37 1e+100
5 4561.51 18246 1e+100
1 4774.21 9548.41 1e+100
3 470.872 470.872 1e+100
2 835.329 3341.32 1e+100
3 1877.46 1877.46 1e+100
6 3336.58 3336.58 1e+100
1 835.288 1670.58 1e+100
0 3244.98 3244.98 1e+100
2 1521.58 6086.32 1e+100
0 4913.93 4913.93 1e+100
0 385.863 385.863 1e+100
3 1481.35 1481.35 1e+100
6 5680.93 5680.93 1e+100
2 2559.97 10239.9 1e+100
2 6834.74 27338.9 1e+100
7 965.623 1931.25 1e+100
1 3617.76 7235.53 1e+100
0 5422.38 5422.38 1e+100
4 2378.16 4756.32 1e+100
7 1966.75 3933.49 1e+100
5 5653.88 11307.8 1e+100
4 5404.95 10809.9 1e+100
3 1449.01 1449.01 1e+100
5 3710.67 7421.34 1e+100
3 5705.7 5705.7 1e+100
6 1401.08 1401.08 1e+100
6 4788.5 4788.5 1e+100
2 2733.89 5467.79 1e+100
7 5240.34 10480.7 1e+100
0 6127.34 6127.34 1e+100
3 2433.97 2433.97 1e+100
1 5044.52 10089 1e+100
7 2941.6 5883.2 1e+100
5 5723.56 5723.56 1e+100
1 2990 5980.01 1e+100
43
7 240.539 240.539 1e+100
2 163.906 327.812 1e+100
1 136.788 273.577 1e+100
5 1500.39 6001.55 1e+100
6 1644.42 1644.42 1e+100
2 1934.89 7739.54 1e+100
6 4531.17 4531.17 1e+100
4 935.83 1871.66 1e+100
3 4858.02 4858.02 1e+100
7 922.095 1844.19 1e+100
4 2756.79 5513.59 1e+100
3 1632.78 1632.78 1e+100
1 1361.84 2723.68 1e+100
7 4349.64 8699.28 1e+100
0 264.774 264.774 1e+100
0 2883.45 2883.45 1e+100
0 4239.31 4239.31 1e+100
7 4811.7 9623.4 1e+100
5 1931.77 7727.07 1e+100
4 3497.23 6994.45 1e+100
0 7273.2 7273.2 1e+100
5 3857.1 15428.4 1e+100
2 974.971 3899.88 1e+100
5 5853.45 23413.8 1e+100
1 944.92 1889.84 1e+100
4 4355.18 8710.37 1e+100
6 5704.06 5704.06 1e+100
1 7931.47 15862.9 1e+100
1 1946.04 3892.08 1e+100
2 7342.59 14685.2 1e+100
1 4261.84 8523.67 1e+100
0 7020.55 7020.55 1e+100
2 1961.01 3922.02 1e+100
3 3004.16 3004.16 1e+100
7 3253.48 6506.95 1e+100
0 2761.44 2761.44 1e+100
4 5073.6 10147.2 1e+100
3 5444.65 5444.65 1e+100
2 4858.51 19434.1 1e+100
7 4506.11 9012.23 1e+100
5 5612.98 5612.98 1e+100
2 2843.13 5686.26 1e+100
6 1268.8 1268.8 1e+100
38
7 240.539 240.539 1e+100
2 163.906 327.812 1e+100
1 136.788 273.577 1e+100
5 1500.39 6001.55 1e+100
6 1644.42 1644.42 1e+100
5 4103.54 16414.2 1e+100
7 3034.27 3034.27 1e+100
4 935.83 1871.66 1e+100
6 3751.96 3751.96 1e+100
7 922.095 1844.19 1e+100
2 1022.6 2045.21 1e+100
3 1632.78 1632.78 1e+100
4 2481.1 4962.2 1e+100
1 2006.83 4013.66 1e+100
0 264.774 264.774 1e+100
3 3859.1 3859.1 1e+100
3 5214.95 5214.95 1e+100
1 2468.89 4937.78 1e+100
2 2209.51 8838.03 1e+100
1 8812.68 17625.4 1e+100
0 1777.22 1777.22 1e+100
5 3791.56 15166.2 1e+100
4 2928.87 5857.74 1e+100
4 5194.53 5194.53 1e+100
4 6844.87 6844.87 1e+100
1 3028.71 3028.71 1e+100
2 2924.51 11698.1 1e+100
3 6573.66 6573.66 1e+100
0 2438.43 2438.43 1e+100
1 5297.13 10594.3 1e+100
2 4163.66 16654.6 1e+100
6 4700.48 4700.48 1e+100
7 8696.64 8696.64 1e+100
5 3625.77 14503.1 1e+100
2 4824.86 9649.71 1e+100
6 1647.34 1647.34 1e+100
3 2879.31 2879.31 1e+100
0 2389.82 2389.82 1e+100
39
7 240.539 240.539 1e+100
2 163.906 327.812 1e+100
1 136.788 273.577 1e+100
5 1500.39 6001.55 1e+100
6 1644.42 1644.42 1e+100
5 4103.54 16414.2 1e+100
6 4531.17 4531.17 1e+100
4 935.83 1871.66 1e+100
7 3037.75 3037.75 1e+100
7 922.095 1844.19 1e+100
4 2756.79 5513.59 1e+100
3 1632.78 1632.78 1e+100
2 1598.89 3197.77 1e+100
1 3683.06 7366.12 1e+100
1 1565.81 3131.63 1e+100
0 276.193 276.193 1e+100
0 2045.78 2045.78 1e+100
0 4010.16 4010.16 1e+100
3 2621.3 2621.3 1e+100
5 2886.93 11547.7 1e+100
6 6759.25 6759.25 1e+100
3 4041.69 4041.69 1e+100
1 3684.2 7368.4 1e+100
0 4796.29 4796.29 1e+100
7 5092.9 10185.8 1e+100
7 1134.47 2268.94 1e+100
2 450.564 901.128 1e+100
0 7123.5 7123.5 1e+100
5 3480.81 13923.2 1e+100
2 2222.2 8888.79 1e+100
4 6078.29 6078.29 1e+100
3 4302.58 4302.58 1e+100
7 5764.48 5764.48 1e+100
4 414.66 829.321 1e+100
2 3977.27 15909.1 1e+100
6 1691.57 1691.57 1e+100
5 4135.5 16542 1e+100
1 3172.7 3172.7 1e+100
4 2362.46 4724.93 1e+100
38
7 240.539 240.539 1e+100
2 163.906 327.812 1e+100
1 136.788 273.577 1e+100
5 1500.39 6001.55 1e+100
6 1644.42 1644.42 1e+100
2 1934.89 7739.54 1e+100
0 4998.24 4998.24 1e+100
4 935.83 1871.66 1e+100
6 3751.96 3751.96 1e+100
7 922.095 1844.19 1e+100
1 1637.54 3275.08 1e+100
3 1632.78 1632.78 1e+100
7 3294.86 6589.72 1e+100
4 3126.09 6252.17 1e+100
0 264.774 264.774 1e+100
5 4622.09 4622.09 1e+100
3 5402.85 5402.85 1e+100
4 3588.14 7176.29 1e+100
5 1931.77 7727.07 1e+100
1 2377.97 4755.94 1e+100
3 2536.37 2536.37 1e+100
2 3213.72 12854.9 1e+100
5 5492.8 21971.2 1e+100
6 6578.1 6578.1 1e+100
3 5472.05 5472.05 1e+100
2 151.784 303.568 1e+100
2 5613.38 5613.38 1e+100
4 3384.59 6769.19 1e+100
7 2410.55 4821.09 1e+100
7 4219.42 8438.84 1e+100
1 4815.99 4815.99 1e+100
6 1221.73 1221.73 1e+100
4 4251.32 4251.32 1e+100
1 2305.83 4611.66 1e+100
5 5214.56 5214.56 1e+100
0 1855.59 1855.59 1e+100
6 1418.94 1418.94 1e+100
2 1465.8 5863.19 1e+100
39
7 240.539 240.539 1e+100
2 163.906 327.812 1e+100
1 136.788 273.577 1e+100
5 1500.39 6001.55 1e+100
6 1644.42 1644.42 1e+100
5 6464.81 25859.2 1e+100
7 3034.27 3034.27 1e+100
4 935.83 1871.66 1e+100
1 2753.4 2753.4 1e+100
7 922.095 1844.19 1e+100
4 2756.79 5513.59 1e+100
3 1632.78 1632.78 1e+100
5 3204.92 6409.84 1e+100
4 5865.77 11731.5 1e+100
7 6658.68 13317.4 1e+100
0 276.193 276.193 1e+100
0 2045.78 2045.78 1e+100
6 2106.66 2106.66 1e+100
3 2621.3 2621.3 1e+100
0 3007.66 3007.66 1e+100
2 924.222 3696.89 1e+100
2 4482.16 17928.6 1e+100
6 3863.93 3863.93 1e+100
4 2030.28 2030.28 1e+100
5 6301.42 25205.7 1e+100
0 3784.19 3784.19 1e+100
1 2095.49 4190.97 1e+100
6 5410.71 5410.71 1e+100
2 1192.08 4768.33 1e+100
2 5892.17 23568.7 1e+100
4 5303.53 5303.53 1e+100
3 4814.95 4814.95 1e+100
3 2250.46 2250.46 1e+100
1 3268.35 6536.69 1e+100
2 7647.24 30588.9 1e+100
0 5299.48 5299.48 1e+100
5 2158.67 8634.66 1e+100
1 4065.28 4065.28 1e+100
7 3193.56 6387.12 1e+100
42
6 241.292 241.292 1e+100
2 160.277 320.555 1e+100
1 238.384 476.769 1e+100
7 858.32 858.32 1e+100
0 96.1445 96.1445 1e+100
4 376.525 753.051 1e+100
5 1154.09 4616.37 1e+100
5 4561.51 18246 1e+100
7 1828.64 3657.29 1e+100
3 470.872 470.872 1e+100
2 835.329 3341.32 1e+100
0 917.877 917.877 1e+100
4 1976.52 1976.52 1e+100
3 1855.83 1855.83 1e+100
1 1306.71 2613.43 1e+100
6 1106.2 1106.2 1e+100
7 1214.65 1214.65 1e+100
0 1363.57 1363.57 1e+100
1 2785.06 5570.13 1e+100
3 2457.35 2457.35 1e+100
2 949.079 3796.32 1e+100
4 2380.07 4760.13 1e+100
5 5887.87 5887.87 1e+100
7 1974.9 1974.9 1e+100
0 1758.73 1758.73 1e+100
6 1830.64 1830.64 1e+100
3 4771.98 4771.98 1e+100
3 2705.89 2705.89 1e+100
4 5908.03 5908.03 1e+100
2 1132.54 2265.08 1e+100
2 4398.62 8797.23 1e+100
0 1944.84 1944.84 1e+100
1 4250.78 4250.78 1e+100
7 4770.83 4770.83 1e+100
1 2103.54 4207.09 1e+100
7 2180.62 4361.24 1e+100
6 2566.03 2566.03 1e+100
4 2533.22 2533.22 1e+100
4 546.51 1093.02 1e+100
5 1240.73 2481.46 1e+100
0 2975.02 2975.02 1e+100
2 815.858 1631.72 1e+100
39
6 241.292 241.292 1e+100
2 160.277 320.555 1e+100
1 238.384 476.769 1e+100
7 858.32 858.32 1e+100
0 96.1445 96.1445 1e+100
4 376.525 753.051 1e+100
5 1154.09 4616.37 1e+100
5 4561.51 18246 1e+100
7 1828.64 3657.29 1e+100
3 470.872 470.872 1e+100
2 835.329 3341.32 1e+100
0 917.877 917.877 1e+100
1 1363.86 1363.86 1e+100
2 3750.75 7501.51 1e+100
3 936.334 936.334 1e+100
2 1521.58 6086.32 1e+100
6 776.788 776.788 1e+100
6 3959.9 3959.9 1e+100
0 521.772 521.772 1e+100
0 2776.97 2776.97 1e+100
3 2707.81 2707.81 1e+100
7 622.049 622.049 1e+100
1 375.993 375.993 1e+100
3 4364.1 4364.1 1e+100
6 6339.73 6339.73 1e+100
6 4273.64 4273.64 1e+100
1 3150.16 3150.16 1e+100
1 1487.17 2974.33 1e+100
4 2424.82 4849.63 1e+100
7 1673.57 1673.57 1e+100
5 3391.59 6783.18 1e+100
2 4418.04 4418.04 1e+100
4 566.863 1133.73 1e+100
0 2207.97 2207.97 1e+100
2 2317.82 9271.27 1e+100
4 2953.75 5907.51 1e+100
7 2661.01 2661.01 1e+100
1 3659.14 7318.29 1e+100
3 4039.79 4039.79 1e+100
28
6 1232.92 1232.92 1e+100
2 41.8641 83.7281 1e+100
7 282.488 564.976 1e+100
1 256.355 512.711 1e+100
7 1610.99 1610.99 1e+100
4 273.479 546.958 1e+100
0 1223.32 1223.32 1e+100
3 195.865 195.865 1e+100
6 4394.73 4394.73 1e+100
3 1091.75 1091.75 1e+100
2 690.481 2761.92 1e+100
5 503.82 503.82 1e+100
1 182.993 365.987 1e+100
6 153.28 153.28 1e+100
0 558.509 558.509 1e+100
7 1930.39 1930.39 1e+100
5 1877.67 7510.67 1e+100
4 968.162 968.162 1e+100
0 2697.87 2697.87 1e+100
1 2902.71 5805.42 1e+100
5 3116.81 12467.3 1e+100
0 4152.11 4152.11 1e+100
3 1270.74 1270.74 1e+100
2 1670.91 6683.65 1e+100
4 788.271 1576.54 1e+100
6 1697.57 1697.57 1e+100
4 2237.65 2237.65 1e+100
7 1658.81 1658.81 1e+100
32
6 1636.87 1636.87 1e+100
3 292.801 292.801 1e+100
3 2135.76 2135.76 1e+100
0 3808.26 3808.26 1e+100
4 910.814 1821.63 1e+100
0 584.385 584.385 1e+100
1 163.592 327.184 1e+100
7 829.663 1659.33 1e+100
5 674.956 674.956 1e+100
1 633.037 633.037 1e+100
5 2403.35 9613.41 1e+100
1 3254.89 3254.89 1e+100
6 656.639 656.639 1e+100
7 215.133 215.133 1e+100
4 404.554 404.554 1e+100
3 529.064 529.064 1e+100
7 2545.92 2545.92 1e+100
0 1623.35 1623.35 1e+100
2 4022.13 4022.13 1e+100
2 395.056 790.111 1e+100
4 1316.6 2633.19 1e+100
0 2874.72 2874.72 1e+100
1 4044.46 4044.46 1e+100
5 4508.96 4508.96 1e+100
1 1897.23 3794.45 1e+100
5 1918.75 3837.49 1e+100
3 1264.45 1264.45 1e+100
6 2473.95 2473.95 1e+100
2 629.941 1259.88 1e+100
7 2996.81 5993.62 1e+100
6 283.549 283.549 1e+100
4 1725.06 3450.13 1e+100
38
7 240.539 240.539 1e+100
2 163.906 327.812 1e+100
1 136.788 273.577 1e+100
5 1500.39 6001.55 1e+100
6 1644.42 1644.42 1e+100
5 4103.54 16414.2 1e+100
3 5475.21 5475.21 1e+100
4 935.83 1871.66 1e+100
7 3037.75 3037.75 1e+100
7 922.095 1844.19 1e+100
4 2756.79 5513.59 1e+100
3 1632.78 1632.78 1e+100
1 1361.84 2723.68 1e+100
0 382.751 382.751 1e+100
2 57.5818 115.164 1e+100
6 5352.58 5352.58 1e+100
6 1466.78 1466.78 1e+100
0 4930.23 4930.23 1e+100
1 5318.28 10636.6 1e+100
0 984.275 984.275 1e+100
2 3096.17 12384.7 1e+100
1 3050.99 6101.99 1e+100
6 2690.41 2690.41 1e+100
2 819.023 3276.09 1e+100
5 2347.71 9390.84 1e+100
4 4152.63 4152.63 1e+100
0 1961.34 1961.34 1e+100
2 4379.95 17519.8 1e+100
7 4487.03 4487.03 1e+100
7 2379.83 4759.67 1e+100
5 5084.28 5084.28 1e+100
6 5405.66 5405.66 1e+100
1 5844.9 5844.9 1e+100
4 867.205 1734.41 1e+100
0 3459.88 3459.88 1e+100
3 4011.57 4011.57 1e+100
3 2191.5 2191.5 1e+100
5 2017.5 8069.99 1e+100
41
7 240.539 240.539 1e+100
2 163.906 327.812 1e+100
1 136.788 273.577 1e+100
5 1500.39 6001.55 1e+100
6 1644.42 1644.42 1e+100
2 3825.25 15301 1e+100
4 4659.33 4659.33 1e+100
4 935.83 1871.66 1e+100
7 3037.75 3037.75 1e+100
7 922.095 1844.19 1e+100
1 1637.54 3275.08 1e+100
3 1632.78 1632.78 1e+100
5 3204.92 6409.84 1e+100
1 3482.17 6964.34 1e+100
2 312.808 625.616 1e+100
0 276.193 276.193 1e+100
0 2045.78 2045.78 1e+100
6 2106.66 2106.66 1e+100
0 3926.67 3926.67 1e+100
2 4483.37 17933.5 1e+100
5 3751.55 15006.2 1e+100
7 3291.41 6582.83 1e+100
2 1951.17 3902.33 1e+100
6 3118.47 3118.47 1e+100
4 3255.7 6511.4 1e+100
7 924.293 1848.59 1e+100
1 5065.21 10130.4 1e+100
2 7861.9 15723.8 1e+100
6 7740.6 7740.6 1e+100
1 3122 6243.99 1e+100
6 5629.89 5629.89 1e+100
0 2985.81 2985.81 1e+100
0 6749.23 6749.23 1e+100
7 6049.37 12098.7 1e+100
2 4631.78 9263.57 1e+100
4 3803.18 3803.18 1e+100
1 5494.82 5494.82 1e+100
5 5405.47 10810.9 1e+100
7 3439.84 6879.67 1e+100
0 3678.95 3678.95 1e+100
5 3350.96 6701.92 1e+100
32
6 1636.87 1636.87 1e+100
3 292.801 292.801 1e+100
3 2135.76 2135.76 1e+100
1 3060.34 3060.34 1e+100
4 910.814 1821.63 1e+100
0 584.385 584.385 1e+100
1 163.592 327.184 1e+100
7 829.663 1659.33 1e+100
5 674.956 674.956 1e+100
6 1174.01 1174.01 1e+100
2 1665.27 6661.07 1e+100
0 907.961 907.961 1e+100
4 342.405 342.405 1e+100
5 1089.75 4359 1e+100
5 4647.69 18590.8 1e+100
7 564.283 564.283 1e+100
3 1319.87 1319.87 1e+100
2 2055.73 8222.92 1e+100
0 1085.18 1085.18 1e+100
4 950.706 1901.41 1e+100
6 927.57 927.57 1e+100
5 1357.61 5430.45 1e+100
2 4021.09 16084.4 1e+100
1 351.889 351.889 1e+100
3 1774.96 1774.96 1e+100
1 3100.04 3100.04 1e+100
7 1053 2105.99 1e+100
2 5776.16 23104.6 1e+100
6 2044 2044 1e+100
5 4756.73 19026.9 1e+100
0 1458.5 1458.5 1e+100
4 1526.57 3053.14 1e+100
39
7 240.539 240.539 1e+100
2 163.906 327.812 1e+100
1 136.788 273.577 1e+100
5 1500.39 6001.55 1e+100
6 1644.42 1644.42 1e+100
2 1934.89 7739.54 1e+100
7 3034.27 3034.27 1e+100
4 935.83 1871.66 1e+100
1 3982.05 3982.05 1e+100
7 922.095 1844.19 1e+100
4 2756.79 5513.59 1e+100
3 1632.78 1632.78 1e+100
1 1361.84 2723.68 1e+100
4 4376.47 8752.94 1e+100
0 757.846 757.846 1e+100
2 2362.26 9449.04 1e+100
6 1617.29 1617.29 1e+100
3 3117.02 3117.02 1e+100
0 2845.04 2845.04 1e+100
5 1720.41 1720.41 1e+100
0 4681.3 4681.3 1e+100
7 2733.87 2733.87 1e+100
2 6838.37 6838.37 1e+100
6 6406.31 6406.31 1e+100
6 4056.42 4056.42 1e+100
6 1990.32 1990.32 1e+100
3 2968.29 2968.29 1e+100
2 1875.18 3750.36 1e+100
1 2812.82 5625.64 1e+100
0 4797.24 4797.24 1e+100
5 3055.16 6110.32 1e+100
4 5026.76 5026.76 1e+100
2 2990.7 5981.39 1e+100
3 4147.08 4147.08 1e+100
5 1283.64 5134.57 1e+100
1 3341.76 6683.51 1e+100
5 4563.04 4563.04 1e+100
4 2456.41 4912.82 1e+100
7 1791.87 1791.87 1e+100
34
6 1232.92 1232.92 1e+100
2 41.8641 83.7281 1e+100
7 282.488 564.976 1e+100
1 256.355 512.711 1e+100
7 1610.99 1610.99 1e+100
4 273.479 546.958 1e+100
0 1223.32 1223.32 1e+100
3 195.865 195.865 1e+100
6 4626.47 4626.47 1e+100
3 1091.75 1091.75 1e+100
2 971.783 3887.13 1e+100
5 503.82 503.82 1e+100
1 112.126 224.252 1e+100
6 385.019 385.019 1e+100
0 558.509 558.509 1e+100
7 1930.39 1930.39 1e+100
5 1877.67 7510.67 1e+100
0 3276.84 3276.84 1e+100
1 2602.8 2602.8 1e+100
4 682.854 1365.71 1e+100
2 3511.01 14044.1 1e+100
3 1857.11 1857.11 1e+100
4 1295.63 2591.26 1e+100
5 4387.95 4387.95 1e+100
2 3883.99 3883.99 1e+100
0 3735.43 3735.43 1e+100
7 1927.63 3855.27 1e+100
7 4416.13 8832.25 1e+100
3 4105.16 4105.16 1e+100
6 1862.96 1862.96 1e+100
5 1098.85 2197.69 1e+100
1 4341.86 8683.71 1e+100
4 1509.63 1509.63 1e+100
1 1735.38 3470.76 1e+100
43
7 240.539 240.539 1e+100
2 163.906 327.812 1e+100
1 136.788 273.577 1e+100
5 1500.39 6001.55 1e+100
6 1644.42 1644.42 1e+100
2 3542.67 14170.7 1e+100
6 4531.17 4531.17 1e+100
4 935.83 1871.66 1e+100
7 3037.75 3037.75 1e+100
7 922.095 1844.19 1e+100
4 2756.79 5513.59 1e+100
3 1632.78 1632.78 1e+100
1 1361.84 2723.68 1e+100
0 382.751 382.751 1e+100
2 57.5818 115.164 1e+100
3 2833.61 2833.61 1e+100
1 1696.87 1696.87 1e+100
0 1430.43 1430.43 1e+100
4 4027.01 8054.01 1e+100
0 3208.16 3208.16 1e+100
5 1787.75 7150.99 1e+100
7 4838.36 9676.71 1e+100
1 5210.56 10421.1 1e+100
3 4152.75 4152.75 1e+100
3 5803.09 5803.09 1e+100
0 4543.84 4543.84 1e+100
2 2656.29 10625.2 1e+100
7 6947.91 6947.91 1e+100
0 6505.12 6505.12 1e+100
7 5000.37 10000.7 1e+100
2 3895.44 15581.7 1e+100
3 6911.77 6911.77 1e+100
5 1783.9 7135.61 1e+100
5 5951.06 23804.3 1e+100
6 5535.47 5535.47 1e+100
4 6517.92 6517.92 1e+100
7 7392.48 7392.48 1e+100
1 485.343 970.687 1e+100
5 3378 13512 1e+100
6 1691.57 1691.57 1e+100
2 4606.62 18426.5 1e+100
1 4134.62 4134.62 1e+100
4 3015.56 6031.11 1e+100
33
6 1636.87 1636.87 1e+100
3 292.801 292.801 1e+100
1 3410.44 3410.44 1e+100
3 3422.89 3422.89 1e+100
4 910.814 1821.63 1e+100
0 584.385 584.385 1e+100
1 163.592 327.184 1e+100
7 829.663 1659.33 1e+100
3 772.905 772.905 1e+100
4 2632.55 5265.11 1e+100
6 2198.98 2198.98 1e+100
6 385.905 385.905 1e+100
0 1405.83 1405.83 1e+100
1 4077.35 8154.7 1e+100
0 5374.69 5374.69 1e+100
2 71.4152 285.661 1e+100
5 510.473 1020.95 1e+100
2 1780.35 7121.41 1e+100
5 1712.61 6850.43 1e+100
7 1378.04 2756.08 1e+100
4 2686.45 5372.89 1e+100
6 3007.14 3007.14 1e+100
7 2842.18 5684.36 1e+100
4 4661.71 9323.41 1e+100
5 3739.39 7478.79 1e+100
1 4115.74 8231.48 1e+100
0 775.579 775.579 1e+100
6 3643.4 3643.4 1e+100
2 2438.92 9755.7 1e+100
5 4410.41 8820.82 1e+100
3 6756.28 6756.28 1e+100
2 4865.26 4865.26 1e+100
0 4229.57 4229.57 1e+100
33
6 1636.87 1636.87 1e+100
3 292.801 292.801 1e+100
3 2135.76 2135.76 1e+100
5 4048.4 4048.4 1e+100
4 910.814 1821.63 1e+100
0 584.385 584.385 1e+100
1 163.592 327.184 1e+100
7 829.663 1659.33 1e+100
5 674.956 674.956 1e+100
1 633.037 633.037 1e+100
2 3950.16 15800.6 1e+100
4 947.21 947.21 1e+100
2 870.068 3480.27 1e+100
6 496.812 496.812 1e+100
1 7650.42 7650.42 1e+100
7 271.256 542.511 1e+100
6 2676.62 2676.62 1e+100
4 2076.03 4152.06 1e+100
1 1458.65 2917.31 1e+100
1 3267.53 6535.05 1e+100
7 2086.27 2086.27 1e+100
4 2841.36 5682.71 1e+100
3 4556.76 4556.76 1e+100
3 326.787 326.787 1e+100
6 8239.94 8239.94 1e+100
5 114.832 229.664 1e+100
2 3465.55 6931.11 1e+100
6 3415.14 3415.14 1e+100
5 2835.26 2835.26 1e+100
4 3302.56 6605.13 1e+100
7 2290.09 4580.18 1e+100
3 1019.92 1019.92 1e+100
5 758.122 1516.24 1e+100
41
6 1254.93 1254.93 1e+100
7 1848.23 3696.45 1e+100
2 129.403 517.611 1e+100
5 1080.63 4322.52 1e+100
2 2013.52 2013.52 1e+100
3 218.237 218.237 1e+100
1 1867.51 3735.02 1e+100
0 710.982 710.982 1e+100
1 129.907 259.815 1e+100
3 1515.1 1515.1 1e+100
4 404.193 808.386 1e+100
6 1931.56 1931.56 1e+100
3 2275.88 2275.88 1e+100
3 3631.74 3631.74 1e+100
4 866.252 1732.5 1e+100
2 1360.5 5442.01 1e+100
7 1083.52 2167.03 1e+100
3 4695.81 4695.81 1e+100
5 953.555 3814.22 1e+100
2 5035.56 20142.2 1e+100
5 2949.9 11799.6 1e+100
1 1431.77 2863.54 1e+100
2 7102.22 14204.4 1e+100
6 2577.39 2577.39 1e+100
7 4589.27 9178.54 1e+100
7 2298.7 4597.39 1e+100
4 531.28 1062.56 1e+100
1 5076.8 10153.6 1e+100
0 223.156 223.156 1e+100
2 823.469 1646.94 1e+100
5 6232.96 6232.96 1e+100
3 3941.34 3941.34 1e+100
3 5255.36 5255.36 1e+100
4 2861.02 5722.05 1e+100
1 1846.69 3693.37 1e+100
6 3282.34 3282.34 1e+100
0 1208.12 1208.12 1e+100
4 848.165 1696.33 1e+100
5 2320.87 4641.73 1e+100
0 3295.68 3295.68 1e+100
4 3504.31 7008.63 1e+100
29
6 1636.87 1636.87 1e+100
3 292.801 292.801 1e+100
1 3410.44 3410.44 1e+100
6 4078.05 4078.05 1e+100
4 910.814 1821.63 1e+100
0 584.385 584.385 1e+100
1 163.592 327.184 1e+100
7 829.663 1659.33 1e+100
5 523.708 1047.42 1e+100
6 5695.06 5695.06 1e+100
2 184.612 738.45 1e+100
7 952.379 952.379 1e+100
2 4327.76 4327.76 1e+100
4 1078.01 1078.01 1e+100
2 1814.47 1814.47 1e+100
5 1411.65 1411.65 1e+100
1 2279.77 2279.77 1e+100
4 4440 4440 1e+100
5 4972.55 4972.55 1e+100
0 3141.57 3141.57 1e+100
0 1075.48 1075.48 1e+100
7 1409.59 1409.59 1e+100
7 3028.59 6057.17 1e+100
1 2328.78 2328.78 1e+100
5 1047.06 4188.24 1e+100
4 401.299 802.599 1e+100
6 184.688 184.688 1e+100
2 2589.03 2589.03 1e+100
3 767.82 767.82 1e+100
33
6 1254.93 1254.93 1e+100
7 1848.23 3696.45 1e+100
2 129.403 517.611 1e+100
5 1080.63 4322.52 1e+100
2 2013.52 2013.52 1e+100
3 218.237 218.237 1e+100
1 1867.51 3735.02 1e+100
0 710.982 710.982 1e+100
1 129.907 259.815 1e+100
3 1515.1 1515.1 1e+100
4 394.373 788.747 1e+100
6 955.407 955.407 1e+100
5 1692.91 6771.64 1e+100
0 558.714 558.714 1e+100
7 1324.95 1324.95 1e+100
1 800.84 800.84 1e+100
3 1262.03 1262.03 1e+100
2 684.138 2736.55 1e+100
5 4629.18 18516.7 1e+100
4 1610.27 3220.54 1e+100
7 2267.6 4535.2 1e+100
0 1067.16 1067.16 1e+100
4 3074.41 6148.83 1e+100
2 1645.3 3290.6 1e+100
1 1206.13 2412.27 1e+100
2 3961.1 7922.19 1e+100
6 1289.57 1289.57 1e+100
0 1703.43 1703.43 1e+100
5 579.944 2319.77 1e+100
1 1877.15 3754.3 1e+100
7 2198.73 2198.73 1e+100
3 556.342 556.342 1e+100
3 2069.5 2069.5 1e+100
34
6 1232.92 1232.92 1e+100
2 41.8641 83.7281 1e+100
7 282.488 564.976 1e+100
1 256.355 512.711 1e+100
7 1610.99 1610.99 1e+100
4 273.479 546.958 1e+100
0 1223.32 1223.32 1e+100
3 195.865 195.865 1e+100
2 1080.91 2161.83 1e+100
5 5266.22 10532.4 1e+100
4 599.283 599.283 1e+100
0 2360.29 2360.29 1e+100
6 691.123 691.123 1e+100
5 252.661 252.661 1e+100
0 3882.08 3882.08 1e+100
7 456.787 456.787 1e+100
4 1524.92 1524.92 1e+100
7 2178.78 2178.78 1e+100
6 3633.62 3633.62 1e+100
6 1567.52 1567.52 1e+100
4 4299.08 4299.08 1e+100
4 2636.09 5272.18 1e+100
5 386.071 772.141 1e+100
1 5265.72 5265.72 1e+100
2 362.681 362.681 1e+100
0 3610.7 3610.7 1e+100
1 2745.84 5491.68 1e+100
7 3002.19 6004.38 1e+100
6 5328.93 5328.93 1e+100
3 1211.61 1211.61 1e+100
5 2396.03 4792.06 1e+100
2 1887.97 3775.93 1e+100
3 3299.17 3299.17 1e+100
1 642.551 1285.1 1e+100
