38
8 634.852 634.852 1e+100
10 265.837 531.674 1e+100
1 136.788 273.577 1e+100
11 1305.52 5222.08 1e+100
0 793.929 793.929 1e+100
2 809.33 3237.32 1e+100
7 314.971 314.971 1e+100
4 935.83 1871.66 1e+100
6 857.373 857.373 1e+100
8 1316.41 2632.82 1e+100
5 850.186 1700.37 1e+100
9 1518.7 1518.7 1e+100
1 1361.84 2723.68 1e+100
3 183.29 183.29 1e+100
10 148.642 297.283 1e+100
6 1828.72 1828.72 1e+100
0 616.286 616.286 1e+100
3 1230.97 1230.97 1e+100
2 1164.95 2329.89 1e+100
4 1248.38 1248.38 1e+100
11 1592.88 6371.53 1e+100
10 1534.03 3068.06 1e+100
5 804.866 3219.47 1e+100
8 1917.18 7668.72 1e+100
7 567.614 1135.23 1e+100
1 1154.42 2308.84 1e+100
0 984.224 984.224 1e+100
7 2031.75 4063.51 1e+100
5 1766.03 3532.06 1e+100
11 2043.38 4086.76 1e+100
4 2265.87 4531.74 1e+100
3 600.715 600.715 1e+100
0 1620.49 1620.49 1e+100
2 470.227 1880.91 1e+100
10 143.526 287.052 1e+100
6 1082.81 1082.81 1e+100
9 1066.1 1066.1 1e+100
1 883.247 883.247 1e+100
39
6 241.292 241.292 1e+100
5 479.873 959.746 1e+100
1 238.384 476.769 1e+100
9 1736.82 1736.82 1e+100
0 96.1445 96.1445 1e+100
10 290.821 581.642 1e+100
2 703.159 2812.64 1e+100
8 903.794 3615.18 1e+100
7 850.398 1700.8 1e+100
4 532.183 532.183 1e+100
11 469.742 1878.97 1e+100
10 1510.11 1510.11 1e+100
3 975.442 975.442 1e+100
5 337.271 674.542 1e+100
9 4263.64 4263.64 1e+100
0 696.549 696.549 1e+100
2 961.106 961.106 1e+100
5 799.33 1598.66 1e+100
11 874.693 3498.77 1e+100
4 690.547 1381.09 1e+100
10 1253.71 1253.71 1e+100
8 996.645 3986.58 1e+100
7 377.948 755.895 1e+100
9 158.97 158.97 1e+100
6 166.725 166.725 1e+100
1 261.378 261.378 1e+100
2 707.387 2829.55 1e+100
0 342.404 342.404 1e+100
10 1914.92 1914.92 1e+100
2 1924.13 3848.27 1e+100
5 489.626 1958.5 1e+100
4 1266.1 1266.1 1e+100
3 1597.07 1597.07 1e+100
0 982.108 982.108 1e+100
11 186.351 372.702 1e+100
1 685.26 685.26 1e+100
6 66.586 66.586 1e+100
7 254.496 254.496 1e+100
8 165.473 661.894 1e+100
32
8 1612.17 1612.17 1e+100
4 421.611 843.222 1e+100
2 129.403 517.611 1e+100
5 1080.63 4322.52 1e+100
1 413.461 413.461 1e+100
3 218.237 218.237 1e+100
11 661.694 1323.39 1e+100
0 710.982 710.982 1e+100
10 418.552 837.105 1e+100
9 704.34 704.34 1e+100
11 2507.38 5014.76 1e+100
3 296.635 296.635 1e+100
11 278.206 1112.82 1e+100
0 558.714 558.714 1e+100
2 287.57 287.57 1e+100
9 112.739 112.739 1e+100
4 731.486 731.486 1e+100
5 29.6408 29.6408 1e+100
2 1098.71 4394.84 1e+100
8 380.272 1521.09 1e+100
7 1931.35 1931.35 1e+100
1 973.35 973.35 1e+100
8 1936.04 7744.15 1e+100
3 397.126 397.126 1e+100
10 232.594 465.187 1e+100
0 79.5368 79.5368 1e+100
6 272 272 1e+100
5 463.725 1854.9 1e+100
2 463.958 927.916 1e+100
4 94.4865 94.4865 1e+100
9 145.807 145.807 1e+100
1 127.782 127.782 1e+100
33
6 1232.92 1232.92 1e+100
2 41.8641 83.7281 1e+100
7 282.488 564.976 1e+100
1 256.355 512.711 1e+100
8 835.695 835.695 1e+100
10 146.251 292.501 1e+100
0 1223.32 1223.32 1e+100
3 195.865 195.865 1e+100
9 525.122 525.122 1e+100
4 264.891 529.781 1e+100
7 1082.82 1082.82 1e+100
6 77.9753 77.9753 1e+100
2 318.09 318.09 1e+100
11 236.961 473.923 1e+100
1 230.641 230.641 1e+100
5 467.178 1868.71 1e+100
10 150.877 301.753 1e+100
8 1508.3 3016.61 1e+100
0 609.142 609.142 1e+100
6 906.254 906.254 1e+100
3 208.448 208.448 1e+100
2 1074.69 4298.75 1e+100
9 151.931 151.931 1e+100
4 195.663 195.663 1e+100
10 312.888 625.776 1e+100
2 2313.83 9255.33 1e+100
1 692.328 692.328 1e+100
7 1010.47 1010.47 1e+100
5 94.6877 378.751 1e+100
10 207.463 414.926 1e+100
4 31.6067 31.6067 1e+100
9 145.807 145.807 1e+100
3 78.6247 78.6247 1e+100
39
8 1612.17 1612.17 1e+100
4 421.611 843.222 1e+100
2 129.403 517.611 1e+100
5 1080.63 4322.52 1e+100
1 413.461 413.461 1e+100
3 218.237 218.237 1e+100
11 661.694 1323.39 1e+100
0 710.982 710.982 1e+100
10 418.552 837.105 1e+100
9 704.34 704.34 1e+100
2 1066.07 1066.07 1e+100
1 854.23 1708.46 1e+100
0 18.0984 18.0984 1e+100
8 359.05 359.05 1e+100
3 600.123 600.123 1e+100
10 336.314 672.629 1e+100
9 236.324 236.324 1e+100
11 71.4152 285.661 1e+100
10 3315.13 6630.25 1e+100
5 29.6408 29.6408 1e+100
2 699.267 2797.07 1e+100
11 1352.57 5410.3 1e+100
0 1571.72 1571.72 1e+100
3 511.016 511.016 1e+100
8 76.8251 307.3 1e+100
4 589.689 589.689 1e+100
5 2489.57 4979.14 1e+100
7 727.947 727.947 1e+100
5 431.424 862.847 1e+100
6 986.44 986.44 1e+100
2 2025.09 4050.18 1e+100
9 984.353 984.353 1e+100
11 2654.06 5308.11 1e+100
3 1469.78 1469.78 1e+100
2 253.576 1014.3 1e+100
1 313.838 627.676 1e+100
6 1973.88 1973.88 1e+100
10 1538.89 3077.77 1e+100
8 243.979 243.979 1e+100
39
6 241.292 241.292 1e+100
5 479.873 959.746 1e+100
1 238.384 476.769 1e+100
9 1736.82 1736.82 1e+100
0 96.1445 96.1445 1e+100
10 290.821 581.642 1e+100
2 703.159 2812.64 1e+100
8 903.794 3615.18 1e+100
7 850.398 1700.8 1e+100
4 532.183 532.183 1e+100
11 469.742 1878.97 1e+100
0 917.877 917.877 1e+100
3 975.442 975.442 1e+100
1 935.273 1870.55 1e+100
5 241.046 482.093 1e+100
10 804.26 804.26 1e+100
2 242.509 242.509 1e+100
4 535.715 535.715 1e+100
11 324.208 324.208 1e+100
0 700.408 700.408 1e+100
9 69.421 69.421 1e+100
3 223.39 223.39 1e+100
7 356.975 356.975 1e+100
1 701.04 701.04 1e+100
2 240.92 240.92 1e+100
10 137.04 137.04 1e+100
5 153.033 306.067 1e+100
11 457.025 914.051 1e+100
3 409.507 409.507 1e+100
6 241.28 241.28 1e+100
0 430.341 430.341 1e+100
10 180.005 360.01 1e+100
4 124.011 248.022 1e+100
9 396.776 396.776 1e+100
2 503.535 503.535 1e+100
5 387.919 775.837 1e+100
7 915.309 1830.62 1e+100
11 671.027 671.027 1e+100
10 823.295 1646.59 1e+100
29
6 1232.92 1232.92 1e+100
2 41.8641 83.7281 1e+100
7 282.488 564.976 1e+100
1 256.355 512.711 1e+100
8 835.695 835.695 1e+100
10 146.251 292.501 1e+100
0 1223.32 1223.32 1e+100
3 195.865 195.865 1e+100
11 3493.96 3493.96 1e+100
1 446.833 446.833 1e+100
8 975.162 3900.65 1e+100
11 322.621 322.621 1e+100
10 698.866 1397.73 1e+100
6 233.468 233.468 1e+100
0 558.509 558.509 1e+100
3 440.072 440.072 1e+100
5 493.315 1973.26 1e+100
9 325.681 325.681 1e+100
2 4375.52 4375.52 1e+100
5 1710.06 3420.12 1e+100
2 304.57 1218.28 1e+100
0 1667.19 1667.19 1e+100
6 668.891 668.891 1e+100
9 965.385 965.385 1e+100
4 553.364 1106.73 1e+100
3 863.954 863.954 1e+100
1 123.201 123.201 1e+100
10 571.276 571.276 1e+100
8 149.396 597.584 1e+100
35
6 241.292 241.292 1e+100
5 479.873 959.746 1e+100
1 238.384 476.769 1e+100
9 1736.82 1736.82 1e+100
0 96.1445 96.1445 1e+100
10 290.821 581.642 1e+100
2 703.159 2812.64 1e+100
8 903.794 3615.18 1e+100
7 850.398 1700.8 1e+100
4 532.183 532.183 1e+100
11 469.742 1878.97 1e+100
5 1105.51 1105.51 1e+100
3 975.442 975.442 1e+100
2 702.52 1405.04 1e+100
4 1644.98 3289.96 1e+100
0 244.741 244.741 1e+100
3 1333.94 1333.94 1e+100
0 1914.81 1914.81 1e+100
11 279.191 279.191 1e+100
5 519.201 2076.8 1e+100
6 89.8177 89.8177 1e+100
1 519.623 519.623 1e+100
2 703.661 1407.32 1e+100
9 131.987 131.987 1e+100
4 898.917 1797.83 1e+100
8 191.355 382.711 1e+100
10 871.42 1742.84 1e+100
6 710.727 710.727 1e+100
7 814.572 814.572 1e+100
11 179.147 179.147 1e+100
1 509.991 1019.98 1e+100
3 555.036 555.036 1e+100
9 172.647 172.647 1e+100
8 98.1922 98.1922 1e+100
5 165.473 661.894 1e+100
38
8 1957.81 1957.81 1e+100
3 292.801 292.801 1e+100
6 1428.74 1428.74 1e+100
4 341.882 341.882 1e+100
5 1034.42 2068.84 1e+100
1 568.027 568.027 1e+100
2 298.247 596.493 1e+100
7 829.663 1659.33 1e+100
10 273.473 273.473 1e+100
11 443.86 887.72 1e+100
3 8471.15 8471.15 1e+100
7 801.869 801.869 1e+100
0 571.952 571.952 1e+100
4 286.183 572.366 1e+100
9 787.838 787.838 1e+100
2 653.997 2615.99 1e+100
10 485.995 971.989 1e+100
5 494.771 1979.09 1e+100
11 910.354 3641.41 1e+100
8 143.352 286.705 1e+100
1 107.492 214.983 1e+100
6 101.959 101.959 1e+100
8 1607.49 3214.99 1e+100
7 506.776 1013.55 1e+100
10 160.784 321.568 1e+100
4 385.002 770.004 1e+100
0 64.0725 64.0725 1e+100
2 650.152 2600.61 1e+100
5 1311.43 5245.73 1e+100
4 2074.1 2074.1 1e+100
0 1965.97 1965.97 1e+100
10 3823.19 3823.19 1e+100
1 342.884 685.767 1e+100
11 1255.24 5020.97 1e+100
6 110.285 110.285 1e+100
2 1304.85 5219.39 1e+100
7 585.171 585.171 1e+100
10 52.1559 104.312 1e+100
36
8 1612.17 1612.17 1e+100
4 421.611 843.222 1e+100
2 129.403 517.611 1e+100
5 1080.63 4322.52 1e+100
1 413.461 413.461 1e+100
3 218.237 218.237 1e+100
11 661.694 1323.39 1e+100
0 710.982 710.982 1e+100
10 418.552 837.105 1e+100
9 704.34 704.34 1e+100
4 730.663 1461.33 1e+100
2 793.913 1587.83 1e+100
3 5665.28 5665.28 1e+100
3 120.023 120.023 1e+100
0 533.075 533.075 1e+100
9 482.587 482.587 1e+100
11 157.793 631.173 1e+100
6 931.894 931.894 1e+100
5 316.85 316.85 1e+100
4 731.804 1463.61 1e+100
10 514.185 514.185 1e+100
2 160.266 320.533 1e+100
7 191.355 382.711 1e+100
8 364.405 728.81 1e+100
3 98.8237 98.8237 1e+100
2 1110.01 4440.03 1e+100
11 986.52 3946.08 1e+100
9 289.168 289.168 1e+100
0 920.162 920.162 1e+100
6 1875.48 1875.48 1e+100
4 1471.47 2942.94 1e+100
5 544.467 2177.87 1e+100
7 183.516 183.516 1e+100
8 1582.31 6329.24 1e+100
10 177.833 177.833 1e+100
1 52.1559 104.312 1e+100
32
8 1957.81 1957.81 1e+100
3 292.801 292.801 1e+100
6 1428.74 1428.74 1e+100
4 341.882 341.882 1e+100
5 1034.42 2068.84 1e+100
1 568.027 568.027 1e+100
2 298.247 596.493 1e+100
7 829.663 1659.33 1e+100
10 398.672 797.345 1e+100
3 39.1344 39.1344 1e+100
11 478.575 1914.3 1e+100
10 2201.87 2201.87 1e+100
0 545.848 545.848 1e+100
4 180.242 180.242 1e+100
9 301.546 301.546 1e+100
5 494.771 1979.09 1e+100
2 627.646 2510.59 1e+100
7 136.75 273.5 1e+100
8 713.106 1426.21 1e+100
6 101.959 101.959 1e+100
7 1600.89 3201.78 1e+100
1 266.289 532.579 1e+100
11 258.559 517.117 1e+100
4 1022.38 2044.76 1e+100
0 184.882 184.882 1e+100
6 1064.36 1064.36 1e+100
9 188.509 188.509 1e+100
2 1366.8 2733.59 1e+100
3 304.923 304.923 1e+100
1 717.92 717.92 1e+100
10 827.033 827.033 1e+100
5 165.473 661.894 1e+100
41
8 1612.17 1612.17 1e+100
4 421.611 843.222 1e+100
2 129.403 517.611 1e+100
5 1080.63 4322.52 1e+100
1 413.461 413.461 1e+100
3 218.237 218.237 1e+100
11 661.694 1323.39 1e+100
0 710.982 710.982 1e+100
10 418.552 837.105 1e+100
9 704.34 704.34 1e+100
11 1354.47 1354.47 1e+100
8 4167.98 8335.97 1e+100
0 158.273 158.273 1e+100
8 359.05 359.05 1e+100
3 293.425 293.425 1e+100
1 164.375 328.75 1e+100
9 227.912 227.912 1e+100
2 628.564 2514.26 1e+100
4 813.576 1627.15 1e+100
5 305.619 1222.48 1e+100
11 1233.11 4932.45 1e+100
7 174.303 348.607 1e+100
2 1680.61 3361.22 1e+100
6 565.149 565.149 1e+100
7 1638.44 3276.89 1e+100
5 1266.78 2533.57 1e+100
4 2092.74 4185.47 1e+100
1 450.903 901.807 1e+100
3 114.695 114.695 1e+100
4 149.522 299.043 1e+100
9 485.404 485.404 1e+100
0 317.987 317.987 1e+100
0 1632.01 1632.01 1e+100
10 408.912 817.824 1e+100
1 1569.02 3138.04 1e+100
6 1270.1 1270.1 1e+100
3 1099.66 1099.66 1e+100
2 1406.62 2813.24 1e+100
11 604.076 1208.15 1e+100
9 1515.58 1515.58 1e+100
10 1052.2 2104.4 1e+100
28
8 1957.81 1957.81 1e+100
3 292.801 292.801 1e+100
6 1428.74 1428.74 1e+100
4 341.882 341.882 1e+100
5 1034.42 2068.84 1e+100
1 568.027 568.027 1e+100
2 298.247 596.493 1e+100
7 829.663 1659.33 1e+100
10 553.103 553.103 1e+100
4 168.035 168.035 1e+100
8 964.117 3856.47 1e+100
3 146.78 146.78 1e+100
2 186.117 744.466 1e+100
11 208.147 832.587 1e+100
7 136.75 273.5 1e+100
5 477.279 954.558 1e+100
6 101.959 101.959 1e+100
8 1528.73 3057.47 1e+100
4 565.049 1130.1 1e+100
1 284.409 568.817 1e+100
10 450.903 901.807 1e+100
3 194.595 194.595 1e+100
7 394.957 394.957 1e+100
11 629.386 2517.54 1e+100
1 955.425 1910.85 1e+100
2 256.508 256.508 1e+100
0 386.72 386.72 1e+100
5 215.259 215.259 1e+100
37
8 1957.81 1957.81 1e+100
3 292.801 292.801 1e+100
6 1428.74 1428.74 1e+100
4 341.882 341.882 1e+100
5 1034.42 2068.84 1e+100
1 568.027 568.027 1e+100
2 298.247 596.493 1e+100
7 829.663 1659.33 1e+100
11 580.993 1161.99 1e+100
3 198.837 198.837 1e+100
9 547.364 547.364 1e+100
10 307.202 307.202 1e+100
4 651.231 1302.46 1e+100
2 862.06 3448.24 1e+100
1 1101.31 2202.62 1e+100
0 373.663 373.663 1e+100
8 464.742 1858.97 1e+100
3 470.092 470.092 1e+100
11 151.975 607.9 1e+100
5 301.857 1207.43 1e+100
10 363.229 363.229 1e+100
7 698.755 698.755 1e+100
8 602.8 2411.2 1e+100
9 15.2791 15.2791 1e+100
10 1618.05 3236.11 1e+100
6 79.5368 79.5368 1e+100
2 323.727 647.454 1e+100
5 1864.02 1864.02 1e+100
11 29.6248 59.2496 1e+100
0 232.672 232.672 1e+100
4 235.72 471.44 1e+100
3 1183.52 1183.52 1e+100
2 1692.97 6771.9 1e+100
1 36.8272 73.6544 1e+100
4 1479.29 1479.29 1e+100
7 786.797 1573.59 1e+100
8 753.293 753.293 1e+100
40
6 241.292 241.292 1e+100
5 479.873 959.746 1e+100
1 238.384 476.769 1e+100
9 1736.82 1736.82 1e+100
0 96.1445 96.1445 1e+100
10 290.821 581.642 1e+100
2 703.159 2812.64 1e+100
8 903.794 3615.18 1e+100
7 850.398 1700.8 1e+100
4 532.183 532.183 1e+100
11 469.742 1878.97 1e+100
0 917.877 917.877 1e+100
3 975.442 975.442 1e+100
5 72.0388 144.078 1e+100
1 435.557 435.557 1e+100
11 1155.99 4623.97 1e+100
2 2788.53 2788.53 1e+100
10 703.595 703.595 1e+100
4 165.507 165.507 1e+100
0 876.144 876.144 1e+100
2 95.5055 382.022 1e+100
7 350.707 350.707 1e+100
9 779.794 779.794 1e+100
5 582.316 1164.63 1e+100
6 1426.21 1426.21 1e+100
10 848.615 1697.23 1e+100
8 1399.07 2798.14 1e+100
1 470.657 941.314 1e+100
4 261.142 261.142 1e+100
11 75.4878 150.976 1e+100
4 1995.77 1995.77 1e+100
7 2737.66 5475.32 1e+100
3 135.005 135.005 1e+100
7 702.008 1404.02 1e+100
0 308.557 308.557 1e+100
11 1444.74 5778.94 1e+100
5 1160.79 2321.57 1e+100
9 404.739 404.739 1e+100
10 598.928 1197.86 1e+100
1 429.909 429.909 1e+100
31
6 1232.92 1232.92 1e+100
2 41.8641 83.7281 1e+100
7 282.488 564.976 1e+100
1 256.355 512.711 1e+100
8 835.695 835.695 1e+100
10 146.251 292.501 1e+100
0 1223.32 1223.32 1e+100
3 195.865 195.865 1e+100
9 749.912 749.912 1e+100
9 1696.05 1696.05 1e+100
8 975.162 3900.65 1e+100
7 1066.65 1066.65 1e+100
2 176.11 176.11 1e+100
0 490.524 490.524 1e+100
3 849.592 849.592 1e+100
6 356.975 356.975 1e+100
1 543.046 543.046 1e+100
10 638.684 638.684 1e+100
11 503.621 503.621 1e+100
4 626.377 1252.75 1e+100
5 489.097 1956.39 1e+100
2 182.499 729.998 1e+100
1 2353.38 2353.38 1e+100
3 1166.93 1166.93 1e+100
7 989.313 989.313 1e+100
10 1466.52 2933.05 1e+100
8 1501.31 6005.23 1e+100
6 383.555 383.555 1e+100
11 584.925 2339.7 1e+100
9 85.2349 85.2349 1e+100
4 667.118 1334.24 1e+100
32
6 1232.92 1232.92 1e+100
2 41.8641 83.7281 1e+100
7 282.488 564.976 1e+100
1 256.355 512.711 1e+100
8 835.695 835.695 1e+100
10 146.251 292.501 1e+100
0 1223.32 1223.32 1e+100
3 195.865 195.865 1e+100
11 603.51 603.51 1e+100
1 446.833 446.833 1e+100
8 975.162 3900.65 1e+100
4 423.697 423.697 1e+100
2 505.058 505.058 1e+100
5 327.903 1311.61 1e+100
11 539.871 2159.48 1e+100
6 920.585 920.585 1e+100
3 217.667 217.667 1e+100
8 1365.63 5462.5 1e+100
7 720.408 720.408 1e+100
10 466.564 933.127 1e+100
0 79.5368 79.5368 1e+100
4 48.9582 97.9164 1e+100
1 853.599 853.599 1e+100
5 108.47 216.94 1e+100
9 243.809 243.809 1e+100
4 1296.91 2593.82 1e+100
3 1176.43 1176.43 1e+100
2 945.808 3783.23 1e+100
10 1097.85 2195.71 1e+100
6 1389.07 1389.07 1e+100
5 1714.29 3428.58 1e+100
11 563.44 563.44 1e+100
36
6 1232.92 1232.92 1e+100
2 41.8641 83.7281 1e+100
7 282.488 564.976 1e+100
1 256.355 512.711 1e+100
8 835.695 835.695 1e+100
10 146.251 292.501 1e+100
0 1223.32 1223.32 1e+100
3 195.865 195.865 1e+100
4 381.669 381.669 1e+100
5 364.512 729.023 1e+100
6 445.647 445.647 1e+100
7 622.958 622.958 1e+100
10 689.764 689.764 1e+100
11 236.961 473.923 1e+100
1 230.641 230.641 1e+100
2 85.1364 340.545 1e+100
4 594.191 1188.38 1e+100
3 500.739 500.739 1e+100
8 369.716 369.716 1e+100
5 945.978 945.978 1e+100
0 34.6986 34.6986 1e+100
6 1160.39 1160.39 1e+100
7 858.983 858.983 1e+100
2 71.9674 71.9674 1e+100
10 382.477 764.954 1e+100
11 880.721 3522.88 1e+100
8 1242.58 4970.33 1e+100
3 409.53 409.53 1e+100
4 517.803 517.803 1e+100
9 246.11 246.11 1e+100
1 425.821 851.642 1e+100
2 1092.67 4370.68 1e+100
0 82.8767 82.8767 1e+100
5 701.713 2806.85 1e+100
6 763.378 763.378 1e+100
10 423.53 847.059 1e+100
29
8 1957.81 1957.81 1e+100
3 292.801 292.801 1e+100
6 1428.74 1428.74 1e+100
4 341.882 341.882 1e+100
5 1034.42 2068.84 1e+100
1 568.027 568.027 1e+100
2 298.247 596.493 1e+100
7 829.663 1659.33 1e+100
11 472.417 944.833 1e+100
3 39.1344 39.1344 1e+100
2 1105.45 4421.81 1e+100
4 598.092 598.092 1e+100
10 106.566 106.566 1e+100
0 694.812 694.812 1e+100
9 301.546 301.546 1e+100
8 1083.95 1083.95 1e+100
6 362.005 362.005 1e+100
1 352.53 352.53 1e+100
3 488.953 488.953 1e+100
7 219.243 219.243 1e+100
5 117.146 117.146 1e+100
11 105.868 105.868 1e+100
10 153.033 306.067 1e+100
6 411.017 411.017 1e+100
2 94.5336 378.135 1e+100
1 606.379 1212.76 1e+100
11 189.029 189.029 1e+100
9 145.807 145.807 1e+100
0 78.6247 78.6247 1e+100
34
6 1232.92 1232.92 1e+100
2 41.8641 83.7281 1e+100
7 282.488 564.976 1e+100
1 256.355 512.711 1e+100
8 835.695 835.695 1e+100
10 146.251 292.501 1e+100
0 1223.32 1223.32 1e+100
3 195.865 195.865 1e+100
9 525.122 525.122 1e+100
4 264.891 529.781 1e+100
2 112.881 112.881 1e+100
6 65.0742 65.0742 1e+100
10 672.787 672.787 1e+100
1 632.402 1264.8 1e+100
3 531.066 531.066 1e+100
11 471.735 1886.94 1e+100
5 510.473 1020.95 1e+100
11 2180.67 8722.69 1e+100
8 1302.08 5208.33 1e+100
7 567.614 1135.23 1e+100
4 5240.36 10480.7 1e+100
6 517.382 517.382 1e+100
10 2863.97 5727.95 1e+100
2 265.983 531.967 1e+100
5 178.547 357.095 1e+100
1 670.79 1341.58 1e+100
9 114.695 114.695 1e+100
7 1151.96 1151.96 1e+100
0 163.441 163.441 1e+100
5 1736.65 3473.3 1e+100
3 98.9591 98.9591 1e+100
6 520.649 520.649 1e+100
2 289.979 289.979 1e+100
11 1257.11 5028.45 1e+100
34
6 1232.92 1232.92 1e+100
2 41.8641 83.7281 1e+100
7 282.488 564.976 1e+100
1 256.355 512.711 1e+100
8 835.695 835.695 1e+100
10 146.251 292.501 1e+100
0 1223.32 1223.32 1e+100
3 195.865 195.865 1e+100
9 525.122 525.122 1e+100
4 264.891 529.781 1e+100
7 1089.84 1089.84 1e+100
6 98.3878 98.3878 1e+100
10 672.787 672.787 1e+100
2 164.375 328.75 1e+100
1 230.641 230.641 1e+100
11 471.735 1886.94 1e+100
5 510.473 1020.95 1e+100
8 1324.09 2648.19 1e+100
0 609.142 609.142 1e+100
6 926.666 926.666 1e+100
3 914.391 914.391 1e+100
2 2088.04 8352.17 1e+100
9 323.329 323.329 1e+100
10 903.489 903.489 1e+100
4 364.277 728.554 1e+100
5 694.885 2779.54 1e+100
1 692.328 692.328 1e+100
7 3058.25 3058.25 1e+100
4 1078.45 1078.45 1e+100
11 379.33 758.661 1e+100
9 919.518 919.518 1e+100
0 180.127 180.127 1e+100
7 279.031 279.031 1e+100
8 531.022 2124.09 1e+100
31
6 1232.92 1232.92 1e+100
2 41.8641 83.7281 1e+100
7 282.488 564.976 1e+100
1 256.355 512.711 1e+100
8 835.695 835.695 1e+100
10 146.251 292.501 1e+100
0 1223.32 1223.32 1e+100
3 195.865 195.865 1e+100
4 955.411 1910.82 1e+100
2 3668.56 7337.11 1e+100
3 776.499 776.499 1e+100
9 876.563 876.563 1e+100
0 1722.96 1722.96 1e+100
2 252.661 252.661 1e+100
8 1507.18 6028.73 1e+100
11 208.147 832.587 1e+100
7 174.303 348.607 1e+100
10 393.68 787.36 1e+100
6 669.111 669.111 1e+100
7 1638.44 3276.89 1e+100
4 1222.8 2445.6 1e+100
2 2280.38 4560.76 1e+100
1 1250.65 2501.31 1e+100
3 135.467 135.467 1e+100
0 1979.68 1979.68 1e+100
9 629.142 629.142 1e+100
11 947.298 1894.6 1e+100
10 817.967 817.967 1e+100
6 672.366 672.366 1e+100
4 1246.8 1246.8 1e+100
8 583.623 2334.49 1e+100
35
6 1232.92 1232.92 1e+100
2 41.8641 83.7281 1e+100
7 282.488 564.976 1e+100
1 256.355 512.711 1e+100
8 835.695 835.695 1e+100
10 146.251 292.501 1e+100
0 1223.32 1223.32 1e+100
3 195.865 195.865 1e+100
4 394.373 788.747 1e+100
2 314.518 314.518 1e+100
11 478.575 1914.3 1e+100
6 170.526 170.526 1e+100
5 274.02 274.02 1e+100
1 122.096 122.096 1e+100
9 301.546 301.546 1e+100
7 806.292 806.292 1e+100
5 1085.16 4340.64 1e+100
11 1089.19 4356.76 1e+100
1 992.996 992.996 1e+100
3 720.446 720.446 1e+100
8 488.911 1955.64 1e+100
0 168.965 168.965 1e+100
4 151.706 303.411 1e+100
6 79.5368 79.5368 1e+100
2 826.858 3307.43 1e+100
8 2454.27 9817.08 1e+100
9 96.9438 96.9438 1e+100
3 1175.53 1175.53 1e+100
10 395.492 395.492 1e+100
4 1324.57 2649.13 1e+100
5 1384.26 5537.03 1e+100
6 1195.97 1195.97 1e+100
11 1198.23 4792.93 1e+100
0 542.29 542.29 1e+100
7 54.2865 108.573 1e+100
32
8 1957.81 1957.81 1e+100
3 292.801 292.801 1e+100
6 1428.74 1428.74 1e+100
4 341.882 341.882 1e+100
5 1034.42 2068.84 1e+100
1 568.027 568.027 1e+100
2 298.247 596.493 1e+100
7 829.663 1659.33 1e+100
0 114.359 114.359 1e+100
4 184.984 184.984 1e+100
8 964.117 3856.47 1e+100
10 527.576 527.576 1e+100
3 176.11 176.11 1e+100
7 215.133 215.133 1e+100
1 352.53 352.53 1e+100
6 182.071 182.071 1e+100
5 149.984 149.984 1e+100
0 117.146 117.146 1e+100
10 2408.93 2408.93 1e+100
10 745.943 1491.89 1e+100
11 590.009 1180.02 1e+100
1 538.647 538.647 1e+100
9 241.28 241.28 1e+100
3 142.948 142.948 1e+100
4 501.008 1002.02 1e+100
7 427.859 855.718 1e+100
6 923.379 923.379 1e+100
0 380.105 380.105 1e+100
2 698.481 1396.96 1e+100
8 232.425 464.85 1e+100
11 804.011 804.011 1e+100
5 425.196 850.392 1e+100
35
6 241.292 241.292 1e+100
5 479.873 959.746 1e+100
1 238.384 476.769 1e+100
9 1736.82 1736.82 1e+100
0 96.1445 96.1445 1e+100
10 290.821 581.642 1e+100
2 703.159 2812.64 1e+100
8 903.794 3615.18 1e+100
7 850.398 1700.8 1e+100
4 532.183 532.183 1e+100
11 469.742 1878.97 1e+100
10 1510.11 1510.11 1e+100
3 975.442 975.442 1e+100
5 72.0388 144.078 1e+100
1 23.7625 23.7625 1e+100
2 695.824 2783.3 1e+100
6 772.308 772.308 1e+100
11 777.6 777.6 1e+100
4 320.093 320.093 1e+100
0 125.627 125.627 1e+100
7 514.868 514.868 1e+100
5 838.111 3352.44 1e+100
8 712.231 2848.92 1e+100
10 84.3288 84.3288 1e+100
3 217.667 217.667 1e+100
2 1309.07 5236.27 1e+100
1 25.8006 25.8006 1e+100
4 524.368 1048.74 1e+100
6 34.3414 34.3414 1e+100
9 672.022 672.022 1e+100
11 223.756 895.024 1e+100
5 203.359 406.719 1e+100
7 74.7267 74.7267 1e+100
0 551.156 551.156 1e+100
3 78.6247 78.6247 1e+100
37
6 241.292 241.292 1e+100
5 479.873 959.746 1e+100
1 238.384 476.769 1e+100
9 1736.82 1736.82 1e+100
0 96.1445 96.1445 1e+100
10 290.821 581.642 1e+100
2 703.159 2812.64 1e+100
8 903.794 3615.18 1e+100
7 850.398 1700.8 1e+100
4 532.183 532.183 1e+100
11 469.742 1878.97 1e+100
4 1938.77 1938.77 1e+100
3 975.442 975.442 1e+100
5 225.748 225.748 1e+100
10 280.764 280.764 1e+100
8 821.76 3287.04 1e+100
0 181.47 181.47 1e+100
7 141.293 141.293 1e+100
2 151.975 607.9 1e+100
5 162.127 648.506 1e+100
1 176.495 176.495 1e+100
3 217.667 217.667 1e+100
8 1212.22 4848.9 1e+100
9 661.468 661.468 1e+100
4 100.895 201.79 1e+100
10 38.4991 38.4991 1e+100
7 542.981 1085.96 1e+100
6 829.401 829.401 1e+100
2 29.6248 59.2496 1e+100
0 371.097 371.097 1e+100
11 269.335 538.671 1e+100
3 1176.43 1176.43 1e+100
5 1899.03 7596.13 1e+100
1 124.013 248.025 1e+100
4 1253.52 1253.52 1e+100
7 1425.1 2850.2 1e+100
10 804.044 804.044 1e+100
37
8 634.852 634.852 1e+100
10 265.837 531.674 1e+100
1 136.788 273.577 1e+100
11 1305.52 5222.08 1e+100
0 793.929 793.929 1e+100
2 809.33 3237.32 1e+100
7 314.971 314.971 1e+100
4 935.83 1871.66 1e+100
6 857.373 857.373 1e+100
8 1316.41 2632.82 1e+100
5 850.186 1700.37 1e+100
9 1518.7 1518.7 1e+100
11 3010.06 6020.11 1e+100
5 4195.34 4195.34 1e+100
0 1404.39 1404.39 1e+100
2 1099.83 4399.31 1e+100
1 146.78 146.78 1e+100
5 548.166 2192.67 1e+100
6 1059.06 1059.06 1e+100
3 331.679 331.679 1e+100
4 180.11 360.22 1e+100
7 131.381 131.381 1e+100
1 1275.6 2551.2 1e+100
8 191.355 382.711 1e+100
7 4611 9222.01 1e+100
9 201.384 201.384 1e+100
10 292.24 584.48 1e+100
0 1809.06 1809.06 1e+100
10 1868.5 3737 1e+100
3 980.862 980.862 1e+100
2 1783.8 3567.61 1e+100
6 1821.83 1821.83 1e+100
11 1879.54 7518.16 1e+100
4 758.603 1517.21 1e+100
9 793.776 793.776 1e+100
1 1025.91 2051.82 1e+100
7 236.235 236.235 1e+100
33
6 241.292 241.292 1e+100
5 479.873 959.746 1e+100
1 238.384 476.769 1e+100
9 1736.82 1736.82 1e+100
0 96.1445 96.1445 1e+100
10 290.821 581.642 1e+100
2 703.159 2812.64 1e+100
8 903.794 3615.18 1e+100
7 850.398 1700.8 1e+100
4 532.183 532.183 1e+100
11 469.742 1878.97 1e+100
0 917.877 917.877 1e+100
3 975.442 975.442 1e+100
5 225.748 225.748 1e+100
10 87.4334 87.4334 1e+100
8 821.76 3287.04 1e+100
1 146.78 146.78 1e+100
2 4367.86 17471.4 1e+100
6 89.8177 89.8177 1e+100
4 78.7382 78.7382 1e+100
7 180.11 360.22 1e+100
9 131.987 131.987 1e+100
11 770.646 1541.29 1e+100
7 2264.81 4529.63 1e+100
10 649.039 1298.08 1e+100
1 322.525 322.525 1e+100
0 700.801 700.801 1e+100
3 598.792 598.792 1e+100
4 69.1453 138.291 1e+100
2 106.103 106.103 1e+100
6 293.356 293.356 1e+100
9 98.1922 98.1922 1e+100
8 6.1312 24.5248 1e+100
42
6 241.292 241.292 1e+100
5 479.873 959.746 1e+100
1 238.384 476.769 1e+100
9 1736.82 1736.82 1e+100
0 96.1445 96.1445 1e+100
10 290.821 581.642 1e+100
2 703.159 2812.64 1e+100
8 903.794 3615.18 1e+100
7 850.398 1700.8 1e+100
4 532.183 532.183 1e+100
11 469.742 1878.97 1e+100
5 1105.51 1105.51 1e+100
3 975.442 975.442 1e+100
10 682.725 1365.45 1e+100
1 23.7625 23.7625 1e+100
2 695.824 2783.3 1e+100
6 781.249 781.249 1e+100
11 777.6 777.6 1e+100
4 292.358 292.358 1e+100
0 857.194 857.194 1e+100
5 472.315 1889.26 1e+100
2 1489.93 5959.7 1e+100
8 174.303 348.607 1e+100
7 249.314 498.628 1e+100
9 342.419 342.419 1e+100
8 1638.44 3276.89 1e+100
1 146.696 293.393 1e+100
11 282.094 564.188 1e+100
10 591.752 1183.5 1e+100
3 114.695 114.695 1e+100
4 335.096 670.191 1e+100
7 908.232 908.232 1e+100
0 56.2088 56.2088 1e+100
6 602.797 602.797 1e+100
5 646.262 1292.52 1e+100
1 1388.05 2776.09 1e+100
9 1048.4 1048.4 1e+100
3 1099.66 1099.66 1e+100
11 598.98 1197.96 1e+100
2 860.89 1721.78 1e+100
0 749.344 749.344 1e+100
4 743.562 1487.12 1e+100
43
8 634.852 634.852 1e+100
10 265.837 531.674 1e+100
1 136.788 273.577 1e+100
11 1305.52 5222.08 1e+100
0 793.929 793.929 1e+100
2 809.33 3237.32 1e+100
7 314.971 314.971 1e+100
4 935.83 1871.66 1e+100
6 857.373 857.373 1e+100
8 1316.41 2632.82 1e+100
5 850.186 1700.37 1e+100
9 1518.7 1518.7 1e+100
1 1361.84 2723.68 1e+100
10 537.919 1075.84 1e+100
7 3513.51 3513.51 1e+100
3 203.955 203.955 1e+100
3 1559.81 1559.81 1e+100
10 999.978 1999.96 1e+100
2 1081.64 4326.55 1e+100
4 1282.24 2564.49 1e+100
0 1649.87 1649.87 1e+100
11 1184.33 4737.3 1e+100
5 804.866 3219.47 1e+100
11 3180.67 12722.7 1e+100
8 152.78 305.561 1e+100
1 1154.42 2308.84 1e+100
6 565.149 565.149 1e+100
8 1616.92 3233.84 1e+100
5 1766.03 3532.06 1e+100
10 175.077 350.154 1e+100
1 3045.86 6091.72 1e+100
0 1397.23 1397.23 1e+100
2 48.0745 96.1489 1e+100
9 620.107 620.107 1e+100
10 2790.92 5581.83 1e+100
3 135.005 135.005 1e+100
4 1240.58 2481.17 1e+100
3 1846.7 1846.7 1e+100
2 1417.32 5669.29 1e+100
7 1245.75 2491.51 1e+100
9 1607.55 1607.55 1e+100
10 549.277 1098.55 1e+100
6 229.358 229.358 1e+100
38
8 634.852 634.852 1e+100
10 265.837 531.674 1e+100
1 136.788 273.577 1e+100
11 1305.52 5222.08 1e+100
0 793.929 793.929 1e+100
2 809.33 3237.32 1e+100
7 314.971 314.971 1e+100
4 935.83 1871.66 1e+100
6 857.373 857.373 1e+100
8 1316.41 2632.82 1e+100
5 850.186 1700.37 1e+100
9 1518.7 1518.7 1e+100
1 1361.84 2723.68 1e+100
10 537.919 1075.84 1e+100
3 664.839 664.839 1e+100
7 3826.81 3826.81 1e+100
0 2719.38 2719.38 1e+100
10 999.978 1999.96 1e+100
2 1081.64 4326.55 1e+100
4 1282.24 2564.49 1e+100
6 2290.08 2290.08 1e+100
11 1184.33 4737.3 1e+100
5 613.889 1227.78 1e+100
8 1462.76 1462.76 1e+100
1 1172.3 1172.3 1e+100
3 912.89 912.89 1e+100
2 1796.64 7186.58 1e+100
0 2550.46 2550.46 1e+100
4 2483.85 2483.85 1e+100
10 667.873 1335.75 1e+100
2 3035.79 12143.2 1e+100
9 472.06 472.06 1e+100
1 1694.61 1694.61 1e+100
11 1018.95 4075.79 1e+100
10 562.448 1124.9 1e+100
5 814.511 814.511 1e+100
6 1281.9 1281.9 1e+100
3 642.076 642.076 1e+100
39
8 634.852 634.852 1e+100
10 265.837 531.674 1e+100
1 136.788 273.577 1e+100
11 1305.52 5222.08 1e+100
0 793.929 793.929 1e+100
2 809.33 3237.32 1e+100
7 314.971 314.971 1e+100
4 935.83 1871.66 1e+100
6 857.373 857.373 1e+100
8 1316.41 2632.82 1e+100
5 850.186 1700.37 1e+100
9 1518.7 1518.7 1e+100
1 1361.84 2723.68 1e+100
2 1739.36 3478.73 1e+100
10 177.054 354.108 1e+100
3 170.988 170.988 1e+100
6 2624.6 2624.6 1e+100
0 1256.16 1256.16 1e+100
10 617.958 617.958 1e+100
5 548.166 2192.67 1e+100
11 380.19 380.19 1e+100
3 696.048 696.048 1e+100
4 180.11 360.22 1e+100
7 128.38 128.38 1e+100
10 1538.37 3076.74 1e+100
8 191.355 382.711 1e+100
1 213.553 427.107 1e+100
9 201.384 201.384 1e+100
5 1142.05 4568.19 1e+100
8 1644.03 6576.11 1e+100
9 1728.86 1728.86 1e+100
2 618.363 618.363 1e+100
3 1225.61 1225.61 1e+100
4 919.778 1839.56 1e+100
11 275.519 1102.08 1e+100
7 163.075 163.075 1e+100
2 1541.19 6164.75 1e+100
1 155.168 155.168 1e+100
10 636.432 1272.86 1e+100
38
8 634.852 634.852 1e+100
10 265.837 531.674 1e+100
1 136.788 273.577 1e+100
11 1305.52 5222.08 1e+100
0 793.929 793.929 1e+100
2 809.33 3237.32 1e+100
7 314.971 314.971 1e+100
4 935.83 1871.66 1e+100
6 857.373 857.373 1e+100
8 1316.41 2632.82 1e+100
5 850.186 1700.37 1e+100
9 1518.7 1518.7 1e+100
1 1361.84 2723.68 1e+100
10 537.919 1075.84 1e+100
3 664.839 664.839 1e+100
4 2544.54 2544.54 1e+100
6 3406.13 3406.13 1e+100
10 999.978 1999.96 1e+100
2 1081.64 4326.55 1e+100
7 2803.83 5607.66 1e+100
8 2861.24 2861.24 1e+100
11 1184.33 4737.3 1e+100
5 548.166 2192.67 1e+100
9 3912.69 3912.69 1e+100
2 1636.75 1636.75 1e+100
5 1554.66 3109.32 1e+100
0 645.969 645.969 1e+100
10 796.427 1592.85 1e+100
1 477.561 955.121 1e+100
11 1485.72 2971.44 1e+100
9 383.778 383.778 1e+100
1 1432.52 1432.52 1e+100
6 2003.84 2003.84 1e+100
4 1024.51 2049.02 1e+100
10 1619.64 1619.64 1e+100
11 1800.49 1800.49 1e+100
0 255.153 255.153 1e+100
2 1212.62 4850.5 1e+100
39
8 634.852 634.852 1e+100
10 265.837 531.674 1e+100
1 136.788 273.577 1e+100
11 1305.52 5222.08 1e+100
0 793.929 793.929 1e+100
2 809.33 3237.32 1e+100
7 314.971 314.971 1e+100
4 935.83 1871.66 1e+100
6 857.373 857.373 1e+100
8 1316.41 2632.82 1e+100
5 850.186 1700.37 1e+100
9 1518.7 1518.7 1e+100
7 3344.65 6689.29 1e+100
10 641.615 1283.23 1e+100
1 1565.81 3131.63 1e+100
3 170.988 170.988 1e+100
3 1940.57 1940.57 1e+100
0 1256.16 1256.16 1e+100
6 2458.6 2458.6 1e+100
4 197.951 197.951 1e+100
11 1020.47 4081.88 1e+100
5 56.3796 225.518 1e+100
10 3067.24 3067.24 1e+100
4 1655.76 1655.76 1e+100
8 362.031 1448.13 1e+100
3 1723.22 1723.22 1e+100
10 114.42 228.84 1e+100
0 961.491 961.491 1e+100
2 189.541 758.163 1e+100
5 1466.39 5865.55 1e+100
1 742.763 742.763 1e+100
1 4924.85 4924.85 1e+100
6 2087.76 2087.76 1e+100
7 1115.3 2230.6 1e+100
11 1319.57 5278.27 1e+100
8 863.415 863.415 1e+100
2 844.235 3376.94 1e+100
0 1711.8 1711.8 1e+100
4 1094.46 2188.91 1e+100
42
6 241.292 241.292 1e+100
5 479.873 959.746 1e+100
1 238.384 476.769 1e+100
9 1736.82 1736.82 1e+100
0 96.1445 96.1445 1e+100
10 290.821 581.642 1e+100
2 703.159 2812.64 1e+100
8 903.794 3615.18 1e+100
7 850.398 1700.8 1e+100
4 532.183 532.183 1e+100
11 469.742 1878.97 1e+100
0 917.877 917.877 1e+100
3 975.442 975.442 1e+100
10 1488.48 1488.48 1e+100
5 314.476 628.951 1e+100
1 157.78 157.78 1e+100
7 236.405 236.405 1e+100
2 79.5739 79.5739 1e+100
4 688.167 1376.33 1e+100
0 650.468 650.468 1e+100
11 583.492 2333.97 1e+100
5 1699.86 3399.73 1e+100
8 1032.27 1032.27 1e+100
9 69.421 69.421 1e+100
3 223.39 223.39 1e+100
6 680.257 680.257 1e+100
3 3729.92 3729.92 1e+100
3 1663.82 1663.82 1e+100
11 570.258 570.258 1e+100
10 227.019 454.037 1e+100
5 938.636 1877.27 1e+100
7 344.312 344.312 1e+100
1 327.069 327.069 1e+100
0 597.263 597.263 1e+100
11 613.223 1226.45 1e+100
4 110.804 221.608 1e+100
9 396.776 396.776 1e+100
7 1066.09 1066.09 1e+100
10 461.904 923.807 1e+100
8 146.316 292.632 1e+100
1 1020.2 1020.2 1e+100
2 467.083 934.166 1e+100
39
6 241.292 241.292 1e+100
5 479.873 959.746 1e+100
1 238.384 476.769 1e+100
9 1736.82 1736.82 1e+100
0 96.1445 96.1445 1e+100
10 290.821 581.642 1e+100
2 703.159 2812.64 1e+100
8 903.794 3615.18 1e+100
7 850.398 1700.8 1e+100
4 532.183 532.183 1e+100
11 469.742 1878.97 1e+100
2 2104.9 2104.9 1e+100
3 975.442 975.442 1e+100
10 682.725 1365.45 1e+100
1 23.7625 23.7625 1e+100
5 59.7366 238.947 1e+100
6 800.456 800.456 1e+100
0 128.952 128.952 1e+100
4 333.114 333.114 1e+100
11 339.623 339.623 1e+100
7 519.139 519.139 1e+100
8 341.125 341.125 1e+100
3 223.39 223.39 1e+100
9 356.975 356.975 1e+100
1 463.926 463.926 1e+100
10 71.4651 71.4651 1e+100
4 274.672 274.672 1e+100
2 2230.71 4461.42 1e+100
2 238.587 477.175 1e+100
6 774.222 774.222 1e+100
11 222.309 444.618 1e+100
0 135.005 135.005 1e+100
7 534.483 1068.97 1e+100
3 1044.52 1044.52 1e+100
5 494.397 1977.59 1e+100
10 357.735 715.47 1e+100
8 886.508 886.508 1e+100
4 783.659 1567.32 1e+100
9 120.36 120.36 1e+100
28
6 1232.92 1232.92 1e+100
2 41.8641 83.7281 1e+100
7 282.488 564.976 1e+100
1 256.355 512.711 1e+100
8 835.695 835.695 1e+100
10 146.251 292.501 1e+100
0 1223.32 1223.32 1e+100
3 195.865 195.865 1e+100
1 5069.8 5069.8 1e+100
10 4176.06 4176.06 1e+100
8 975.162 3900.65 1e+100
11 322.621 322.621 1e+100
1 263.671 527.342 1e+100
7 315.38 315.38 1e+100
6 293.746 293.746 1e+100
10 1002.97 1002.97 1e+100
5 493.315 1973.26 1e+100
3 1418.67 1418.67 1e+100
9 916.141 916.141 1e+100
4 415.709 831.419 1e+100
2 304.57 1218.28 1e+100
0 371.154 371.154 1e+100
8 333.868 333.868 1e+100
11 131.728 526.912 1e+100
5 142.765 285.531 1e+100
7 50.7492 50.7492 1e+100
4 196.526 196.526 1e+100
6 707.759 707.759 1e+100
32
8 1957.81 1957.81 1e+100
3 292.801 292.801 1e+100
6 1428.74 1428.74 1e+100
4 341.882 341.882 1e+100
5 1034.42 2068.84 1e+100
1 568.027 568.027 1e+100
2 298.247 596.493 1e+100
7 829.663 1659.33 1e+100
0 114.359 114.359 1e+100
4 184.984 184.984 1e+100
8 964.117 3856.47 1e+100
10 527.576 527.576 1e+100
3 176.11 176.11 1e+100
7 215.133 215.133 1e+100
1 352.53 352.53 1e+100
6 182.071 182.071 1e+100
5 149.984 149.984 1e+100
0 117.146 117.146 1e+100
10 2408.93 2408.93 1e+100
10 745.943 1491.89 1e+100
11 590.009 1180.02 1e+100
1 538.647 538.647 1e+100
9 241.28 241.28 1e+100
3 142.948 142.948 1e+100
4 501.008 1002.02 1e+100
7 427.859 855.718 1e+100
6 923.379 923.379 1e+100
0 380.105 380.105 1e+100
2 698.481 1396.96 1e+100
8 232.425 464.85 1e+100
11 804.011 804.011 1e+100
5 425.196 850.392 1e+100
38
8 634.852 634.852 1e+100
10 265.837 531.674 1e+100
1 136.788 273.577 1e+100
11 1305.52 5222.08 1e+100
0 793.929 793.929 1e+100
2 809.33 3237.32 1e+100
7 314.971 314.971 1e+100
4 935.83 1871.66 1e+100
6 857.373 857.373 1e+100
8 1316.41 2632.82 1e+100
5 850.186 1700.37 1e+100
9 1518.7 1518.7 1e+100
1 1361.84 2723.68 1e+100
3 183.29 183.29 1e+100
10 148.642 297.283 1e+100
2 372.579 372.579 1e+100
0 616.286 616.286 1e+100
3 1230.97 1230.97 1e+100
7 2572.31 5144.62 1e+100
6 2319.17 2319.17 1e+100
11 7372.83 29491.3 1e+100
1 3050.99 6101.99 1e+100
4 197.951 197.951 1e+100
8 2567.96 10271.9 1e+100
5 13.0174 52.0696 1e+100
3 3212.73 3212.73 1e+100
3 1141.86 1141.86 1e+100
2 518.966 2075.86 1e+100
9 170.083 170.083 1e+100
4 806.253 1612.51 1e+100
0 79.5368 79.5368 1e+100
5 1475.47 1475.47 1e+100
-1 1e+100 1e+100 1e+100
10 941.69 1883.38 1e+100
6 1869.51 1869.51 1e+100
9 1751.27 1751.27 1e+100
0 775.448 775.448 1e+100
2 1475.96 5903.84 1e+100
41
8 634.852 634.852 1e+100
10 265.837 531.674 1e+100
1 136.788 273.577 1e+100
11 1305.52 5222.08 1e+100
0 793.929 793.929 1e+100
2 809.33 3237.32 1e+100
7 314.971 314.971 1e+100
4 935.83 1871.66 1e+100
6 857.373 857.373 1e+100
8 1316.41 2632.82 1e+100
5 850.186 1700.37 1e+100
9 1518.7 1518.7 1e+100
1 1361.84 2723.68 1e+100
2 1739.36 3478.73 1e+100
10 137.001 274.002 1e+100
3 170.988 170.988 1e+100
3 1940.57 1940.57 1e+100
0 1256.16 1256.16 1e+100
10 577.906 577.906 1e+100
5 804.866 3219.47 1e+100
11 250.352 1001.41 1e+100
8 152.78 305.561 1e+100
4 107.492 214.983 1e+100
6 342.419 342.419 1e+100
7 683.747 1367.49 1e+100
1 100.57 201.14 1e+100
10 858.233 1716.47 1e+100
8 3801.82 7603.65 1e+100
9 608.082 608.082 1e+100
2 1379.19 2758.38 1e+100
4 766.41 766.41 1e+100
3 1091.94 1091.94 1e+100
0 1432.03 1432.03 1e+100
11 684.836 1369.67 1e+100
8 571.705 1143.41 1e+100
6 1048.4 1048.4 1e+100
4 1488.18 1488.18 1e+100
5 897.961 1795.92 1e+100
1 5192.65 10385.3 1e+100
10 927.914 927.914 1e+100
11 1328.13 2656.25 1e+100
32
8 1957.81 1957.81 1e+100
3 292.801 292.801 1e+100
6 1428.74 1428.74 1e+100
4 341.882 341.882 1e+100
5 1034.42 2068.84 1e+100
1 568.027 568.027 1e+100
2 298.247 596.493 1e+100
7 829.663 1659.33 1e+100
0 114.359 114.359 1e+100
9 1058.19 1058.19 1e+100
8 964.117 3856.47 1e+100
4 253.09 253.09 1e+100
0 93.2178 93.2178 1e+100
11 477.367 1909.47 1e+100
2 362.599 1450.39 1e+100
10 692.971 692.971 1e+100
1 217.667 217.667 1e+100
5 127.562 510.248 1e+100
3 209.701 209.701 1e+100
7 100.895 201.79 1e+100
9 811.744 811.744 1e+100
11 745.228 2980.91 1e+100
8 1146.65 4586.62 1e+100
4 420.856 420.856 1e+100
0 289.229 289.229 1e+100
6 114.297 114.297 1e+100
10 1181.68 2363.37 1e+100
11 2339.32 9357.29 1e+100
5 628.945 628.945 1e+100
2 471.641 1886.57 1e+100
3 583.025 583.025 1e+100
1 52.1559 104.312 1e+100
39
8 634.852 634.852 1e+100
10 265.837 531.674 1e+100
1 136.788 273.577 1e+100
11 1305.52 5222.08 1e+100
0 793.929 793.929 1e+100
2 809.33 3237.32 1e+100
7 314.971 314.971 1e+100
4 935.83 1871.66 1e+100
6 857.373 857.373 1e+100
8 1316.41 2632.82 1e+100
5 850.186 1700.37 1e+100
9 1518.7 1518.7 1e+100
1 1361.84 2723.68 1e+100
10 72.0388 144.078 1e+100
6 2292.33 2292.33 1e+100
2 1236.7 4946.82 1e+100
0 766.796 766.796 1e+100
3 128.952 128.952 1e+100
4 1203.34 1203.34 1e+100
10 1378.92 1378.92 1e+100
11 212.415 212.415 1e+100
7 921.172 921.172 1e+100
3 979.545 979.545 1e+100
8 245.232 245.232 1e+100
6 2732.46 2732.46 1e+100
0 1139.83 1139.83 1e+100
9 530.697 530.697 1e+100
2 749.624 1499.25 1e+100
5 318.345 636.689 1e+100
11 328.377 328.377 1e+100
1 568.717 1137.43 1e+100
3 2042.8 2042.8 1e+100
10 1256.73 2513.47 1e+100
9 1709.48 1709.48 1e+100
5 1687.59 6750.37 1e+100
4 124.711 249.421 1e+100
11 1315.82 1315.82 1e+100
2 1499.31 2998.61 1e+100
8 274.278 274.278 1e+100
34
6 1232.92 1232.92 1e+100
2 41.8641 83.7281 1e+100
7 282.488 564.976 1e+100
1 256.355 512.711 1e+100
8 835.695 835.695 1e+100
10 146.251 292.501 1e+100
0 1223.32 1223.32 1e+100
3 195.865 195.865 1e+100
10 3222.94 3222.94 1e+100
6 8531.35 8531.35 1e+100
8 975.162 3900.65 1e+100
10 51.5992 51.5992 1e+100
1 273.774 547.549 1e+100
0 609.142 609.142 1e+100
7 165.792 165.792 1e+100
0 2748.65 2748.65 1e+100
11 581.292 2325.17 1e+100
5 300.169 300.169 1e+100
9 916.141 916.141 1e+100
4 415.709 831.419 1e+100
2 304.57 1218.28 1e+100
3 166.282 166.282 1e+100
11 874.8 1749.6 1e+100
4 1415.32 1415.32 1e+100
5 713.605 713.605 1e+100
2 737.264 737.264 1e+100
10 485.582 971.165 1e+100
7 136.809 273.618 1e+100
8 455.569 455.569 1e+100
9 622.909 622.909 1e+100
11 1336.01 2672.01 1e+100
1 394.308 788.615 1e+100
5 1406.74 1406.74 1e+100
10 1128.87 2257.75 1e+100
43
8 634.852 634.852 1e+100
10 265.837 531.674 1e+100
1 136.788 273.577 1e+100
11 1305.52 5222.08 1e+100
0 793.929 793.929 1e+100
2 809.33 3237.32 1e+100
7 314.971 314.971 1e+100
4 935.83 1871.66 1e+100
6 857.373 857.373 1e+100
7 2884.63 5769.26 1e+100
5 850.186 1700.37 1e+100
9 1518.7 1518.7 1e+100
8 1741.4 3482.79 1e+100
3 183.29 183.29 1e+100
10 148.642 297.283 1e+100
1 101.148 101.148 1e+100
6 1369.72 1369.72 1e+100
2 923.331 923.331 1e+100
10 1626.99 3253.98 1e+100
3 784.814 784.814 1e+100
11 1592.88 6371.53 1e+100
4 1607.12 3214.24 1e+100
5 613.889 1227.78 1e+100
0 161.467 161.467 1e+100
1 1369.65 1369.65 1e+100
0 2300.98 2300.98 1e+100
2 1679.93 6719.71 1e+100
9 1637.6 1637.6 1e+100
3 1872.55 1872.55 1e+100
4 1769.13 3538.26 1e+100
8 2004.05 8016.19 1e+100
6 1442.98 1442.98 1e+100
2 2157.85 8631.4 1e+100
5 1561.04 6244.16 1e+100
10 1205.65 1205.65 1e+100
7 1886.6 1886.6 1e+100
9 2082.17 2082.17 1e+100
1 1193.55 2387.11 1e+100
8 2765.17 11060.7 1e+100
1 3132.45 3132.45 1e+100
11 239.263 957.051 1e+100
6 1598.69 1598.69 1e+100
4 714.635 1429.27 1e+100
33
8 1957.81 1957.81 1e+100
3 292.801 292.801 1e+100
6 1428.74 1428.74 1e+100
4 341.882 341.882 1e+100
5 1034.42 2068.84 1e+100
1 568.027 568.027 1e+100
2 298.247 596.493 1e+100
7 829.663 1659.33 1e+100
11 562.464 562.464 1e+100
10 168.496 336.992 1e+100
3 6895.34 6895.34 1e+100
1 1266.1 1266.1 1e+100
9 1272.24 1272.24 1e+100
4 286.183 572.366 1e+100
0 190.678 190.678 1e+100
2 653.997 2615.99 1e+100
11 774.986 1549.97 1e+100
5 494.771 1979.09 1e+100
8 918.652 3674.61 1e+100
7 136.75 273.5 1e+100
10 223.47 446.94 1e+100
6 101.959 101.959 1e+100
7 1600.89 3201.78 1e+100
1 971.004 1942.01 1e+100
11 423.438 846.876 1e+100
4 324.582 649.164 1e+100
9 641.984 641.984 1e+100
6 738.225 738.225 1e+100
2 223.75 894.999 1e+100
10 879.384 1758.77 1e+100
0 1194.13 1194.13 1e+100
11 980.696 980.696 1e+100
5 861.747 861.747 1e+100
33
8 1957.81 1957.81 1e+100
3 292.801 292.801 1e+100
6 1428.74 1428.74 1e+100
4 341.882 341.882 1e+100
5 1034.42 2068.84 1e+100
1 568.027 568.027 1e+100
2 298.247 596.493 1e+100
7 829.663 1659.33 1e+100
10 553.103 553.103 1e+100
4 156.775 156.775 1e+100
8 964.117 3856.47 1e+100
9 566.541 566.541 1e+100
5 238.071 952.284 1e+100
3 89.8177 89.8177 1e+100
0 261.048 261.048 1e+100
2 180.11 360.22 1e+100
6 131.987 131.987 1e+100
1 211.552 423.103 1e+100
7 191.355 382.711 1e+100
4 718.381 1436.76 1e+100
10 278.859 278.859 1e+100
11 590.009 1180.02 1e+100
0 786.535 786.535 1e+100
9 116.791 116.791 1e+100
3 161.7 161.7 1e+100
5 416.527 833.053 1e+100
8 485.103 970.205 1e+100
6 878.537 878.537 1e+100
11 1163.94 1163.94 1e+100
1 97.8186 195.637 1e+100
2 572.303 1144.61 1e+100
9 809.927 809.927 1e+100
10 711.122 1422.24 1e+100
41
8 1612.17 1612.17 1e+100
4 421.611 843.222 1e+100
2 129.403 517.611 1e+100
5 1080.63 4322.52 1e+100
1 413.461 413.461 1e+100
3 218.237 218.237 1e+100
11 661.694 1323.39 1e+100
0 710.982 710.982 1e+100
10 418.552 837.105 1e+100
9 704.34 704.34 1e+100
4 1076.75 2153.51 1e+100
2 491.262 491.262 1e+100
1 694.097 694.097 1e+100
3 635.421 635.421 1e+100
4 1538.81 3077.63 1e+100
11 290.052 1160.21 1e+100
10 1070.79 2141.58 1e+100
9 236.707 236.707 1e+100
8 117.004 468.014 1e+100
5 305.619 1222.48 1e+100
11 1130.76 4523.04 1e+100
7 174.303 348.607 1e+100
2 148.093 296.185 1e+100
6 565.149 565.149 1e+100
8 2552.61 5105.23 1e+100
8 262.041 524.081 1e+100
1 149.842 299.685 1e+100
5 1509.74 3019.48 1e+100
9 17.1124 17.1124 1e+100
4 283.47 566.94 1e+100
0 1311.83 1311.83 1e+100
3 355.955 355.955 1e+100
10 1129.15 1129.15 1e+100
2 185.116 370.232 1e+100
7 592.912 1185.82 1e+100
6 1270.1 1270.1 1e+100
9 1002.08 1002.08 1e+100
1 466.728 933.456 1e+100
11 501.724 1003.45 1e+100
4 497.472 497.472 1e+100
2 828.406 1656.81 1e+100
29
8 1957.81 1957.81 1e+100
3 292.801 292.801 1e+100
6 1428.74 1428.74 1e+100
4 341.882 341.882 1e+100
5 1034.42 2068.84 1e+100
1 568.027 568.027 1e+100
2 298.247 596.493 1e+100
7 829.663 1659.33 1e+100
11 472.417 944.833 1e+100
3 39.1344 39.1344 1e+100
2 1105.45 4421.81 1e+100
4 598.092 598.092 1e+100
10 106.566 106.566 1e+100
0 694.812 694.812 1e+100
9 301.546 301.546 1e+100
8 1083.95 1083.95 1e+100
6 362.005 362.005 1e+100
1 352.53 352.53 1e+100
3 488.953 488.953 1e+100
7 219.243 219.243 1e+100
5 117.146 117.146 1e+100
11 105.868 105.868 1e+100
10 153.033 306.067 1e+100
6 411.017 411.017 1e+100
2 94.5336 378.135 1e+100
1 606.379 1212.76 1e+100
11 189.029 189.029 1e+100
9 145.807 145.807 1e+100
0 78.6247 78.6247 1e+100
33
8 1612.17 1612.17 1e+100
4 421.611 843.222 1e+100
2 129.403 517.611 1e+100
5 1080.63 4322.52 1e+100
1 413.461 413.461 1e+100
3 218.237 218.237 1e+100
11 661.694 1323.39 1e+100
0 710.982 710.982 1e+100
10 418.552 837.105 1e+100
9 704.34 704.34 1e+100
2 380.148 760.296 1e+100
4 39.1344 39.1344 1e+100
11 278.206 1112.82 1e+100
1 176.916 176.916 1e+100
10 761.212 761.212 1e+100
9 112.739 112.739 1e+100
3 954.931 954.931 1e+100
5 305.619 1222.48 1e+100
11 1072.31 4289.23 1e+100
7 174.303 348.607 1e+100
8 249.324 498.649 1e+100
6 565.149 565.149 1e+100
4 881.106 1762.21 1e+100
1 174.356 348.711 1e+100
10 267.253 534.505 1e+100
2 278.467 556.934 1e+100
9 80.5799 80.5799 1e+100
7 432.51 432.51 1e+100
5 964.988 3859.95 1e+100
10 938.269 1876.54 1e+100
0 422.985 422.985 1e+100
3 207.136 207.136 1e+100
8 76.4157 76.4157 1e+100
34
6 1232.92 1232.92 1e+100
2 41.8641 83.7281 1e+100
7 282.488 564.976 1e+100
1 256.355 512.711 1e+100
8 835.695 835.695 1e+100
10 146.251 292.501 1e+100
0 1223.32 1223.32 1e+100
3 195.865 195.865 1e+100
4 955.411 1910.82 1e+100
5 440.456 880.913 1e+100
10 472.055 472.055 1e+100
3 676.182 676.182 1e+100
6 580.87 580.87 1e+100
2 252.661 252.661 1e+100
11 623.235 623.235 1e+100
6 1984.99 1984.99 1e+100
1 223.39 223.39 1e+100
8 3168.05 3168.05 1e+100
7 7722.79 7722.79 1e+100
8 93.8153 93.8153 1e+100
5 105.868 105.868 1e+100
10 153.033 306.067 1e+100
2 386.071 772.141 1e+100
1 409.507 409.507 1e+100
3 56.2088 56.2088 1e+100
9 388.856 388.856 1e+100
5 148.832 297.665 1e+100
11 40.0862 80.1725 1e+100
0 1232.38 1232.38 1e+100
1 1131.28 1131.28 1e+100
2 847.277 1694.55 1e+100
4 439.196 878.393 1e+100
3 749.344 749.344 1e+100
10 154.832 309.664 1e+100
37
8 1612.17 1612.17 1e+100
4 421.611 843.222 1e+100
2 129.403 517.611 1e+100
5 1080.63 4322.52 1e+100
1 413.461 413.461 1e+100
3 218.237 218.237 1e+100
11 661.694 1323.39 1e+100
0 710.982 710.982 1e+100
10 418.552 837.105 1e+100
9 704.34 704.34 1e+100
4 730.663 1461.33 1e+100
2 793.913 1587.83 1e+100
2 5390.8 5390.8 1e+100
3 120.023 120.023 1e+100
10 49.9555 49.9555 1e+100
0 1414.2 1414.2 1e+100
11 157.793 631.173 1e+100
6 931.894 931.894 1e+100
5 316.85 316.85 1e+100
4 731.804 1463.61 1e+100
8 131.987 131.987 1e+100
2 160.266 320.533 1e+100
7 191.355 382.711 1e+100
10 563.331 1126.66 1e+100
3 98.8237 98.8237 1e+100
2 925.594 1851.19 1e+100
11 710.455 710.455 1e+100
9 355.955 355.955 1e+100
0 533.053 533.053 1e+100
5 26.4621 52.9242 1e+100
7 977.256 1954.51 1e+100
8 878.537 878.537 1e+100
6 927.89 927.89 1e+100
1 313.572 627.144 1e+100
4 1068.21 2136.43 1e+100
9 1049.09 1049.09 1e+100
5 669.752 1339.5 1e+100
31
6 1232.92 1232.92 1e+100
2 41.8641 83.7281 1e+100
7 282.488 564.976 1e+100
1 256.355 512.711 1e+100
8 835.695 835.695 1e+100
10 146.251 292.501 1e+100
0 1223.32 1223.32 1e+100
3 195.865 195.865 1e+100
11 580.993 1161.99 1e+100
9 928.292 928.292 1e+100
5 494.782 494.782 1e+100
4 412.854 412.854 1e+100
10 301.503 603.007 1e+100
2 108.7 434.8 1e+100
1 667.959 1335.92 1e+100
3 412.593 412.593 1e+100
8 872.647 3490.59 1e+100
11 936.164 936.164 1e+100
0 490.524 490.524 1e+100
5 565.069 565.069 1e+100
6 356.975 356.975 1e+100
7 327.75 327.75 1e+100
9 89.2162 89.2162 1e+100
3 133.853 133.853 1e+100
4 139.865 279.73 1e+100
0 539.536 539.536 1e+100
11 571.573 2286.29 1e+100
2 311.345 622.69 1e+100
1 78.8961 78.8961 1e+100
10 475.982 475.982 1e+100
5 78.6247 78.6247 1e+100
37
8 634.852 634.852 1e+100
10 265.837 531.674 1e+100
1 136.788 273.577 1e+100
11 1305.52 5222.08 1e+100
0 793.929 793.929 1e+100
2 809.33 3237.32 1e+100
7 314.971 314.971 1e+100
4 935.83 1871.66 1e+100
6 857.373 857.373 1e+100
8 1316.41 2632.82 1e+100
5 850.186 1700.37 1e+100
9 1518.7 1518.7 1e+100
1 1361.84 2723.68 1e+100
10 339.799 339.799 1e+100
3 891.059 891.059 1e+100
2 1099.83 4399.31 1e+100
4 1072.54 1072.54 1e+100
11 156.832 156.832 1e+100
2 2293.8 2293.8 1e+100
10 588.675 588.675 1e+100
6 369.812 369.812 1e+100
0 2255.72 2255.72 1e+100
0 189.627 189.627 1e+100
9 530.697 530.697 1e+100
7 747.88 1495.76 1e+100
5 1200.74 2401.48 1e+100
5 3121.11 3121.11 1e+100
4 618.477 618.477 1e+100
3 1115.44 1115.44 1e+100
1 855.814 1711.63 1e+100
8 110.804 221.608 1e+100
6 1105.2 1105.2 1e+100
9 547.508 547.508 1e+100
10 199.026 398.051 1e+100
11 439.196 878.393 1e+100
4 1311.61 1311.61 1e+100
7 431.197 862.393 1e+100
35
6 241.292 241.292 1e+100
5 479.873 959.746 1e+100
1 238.384 476.769 1e+100
9 1736.82 1736.82 1e+100
0 96.1445 96.1445 1e+100
10 290.821 581.642 1e+100
2 703.159 2812.64 1e+100
8 903.794 3615.18 1e+100
7 850.398 1700.8 1e+100
4 532.183 532.183 1e+100
11 469.742 1878.97 1e+100
5 1105.51 1105.51 1e+100
3 975.442 975.442 1e+100
2 702.52 1405.04 1e+100
4 1644.98 3289.96 1e+100
0 244.741 244.741 1e+100
3 1333.94 1333.94 1e+100
0 1914.81 1914.81 1e+100
11 279.191 279.191 1e+100
5 519.201 2076.8 1e+100
6 89.8177 89.8177 1e+100
1 519.623 519.623 1e+100
2 703.661 1407.32 1e+100
9 131.987 131.987 1e+100
4 898.917 1797.83 1e+100
8 191.355 382.711 1e+100
10 871.42 1742.84 1e+100
6 710.727 710.727 1e+100
7 814.572 814.572 1e+100
11 179.147 179.147 1e+100
1 509.991 1019.98 1e+100
3 555.036 555.036 1e+100
9 172.647 172.647 1e+100
8 98.1922 98.1922 1e+100
5 165.473 661.894 1e+100
35
6 1232.92 1232.92 1e+100
2 41.8641 83.7281 1e+100
7 282.488 564.976 1e+100
1 256.355 512.711 1e+100
8 835.695 835.695 1e+100
10 146.251 292.501 1e+100
0 1223.32 1223.32 1e+100
3 195.865 195.865 1e+100
4 955.411 1910.82 1e+100
5 440.456 880.913 1e+100
10 472.055 472.055 1e+100
2 130.389 130.389 1e+100
1 479.951 479.951 1e+100
9 285.804 285.804 1e+100
11 870.433 3481.73 1e+100
5 606.577 2426.31 1e+100
8 174.303 348.607 1e+100
4 865.566 1731.13 1e+100
6 667.421 667.421 1e+100
8 1638.44 3276.89 1e+100
7 503.285 1006.57 1e+100
2 221.256 442.513 1e+100
1 1071.69 2143.39 1e+100
3 256.775 256.775 1e+100
10 89.9771 179.954 1e+100
0 1245.27 1245.27 1e+100
4 1909.05 3818.11 1e+100
9 135.005 135.005 1e+100
10 1337.93 2675.86 1e+100
9 1846.7 1846.7 1e+100
2 1081.33 4325.33 1e+100
11 753.989 1507.98 1e+100
3 1786.96 1786.96 1e+100
5 1360.83 2721.66 1e+100
6 321.21 321.21 1e+100
31
6 1232.92 1232.92 1e+100
2 41.8641 83.7281 1e+100
7 282.488 564.976 1e+100
1 256.355 512.711 1e+100
8 835.695 835.695 1e+100
10 146.251 292.501 1e+100
0 1223.32 1223.32 1e+100
3 195.865 195.865 1e+100
9 749.912 749.912 1e+100
4 5383.37 5383.37 1e+100
8 975.162 3900.65 1e+100
11 322.621 322.621 1e+100
4 809.1 809.1 1e+100
7 341.125 341.125 1e+100
3 419.522 419.522 1e+100
0 34.6986 34.6986 1e+100
6 219.243 219.243 1e+100
10 117.146 117.146 1e+100
5 633.972 633.972 1e+100
2 139.865 279.73 1e+100
11 211.839 423.678 1e+100
7 1392.65 1392.65 1e+100
1 648.386 1296.77 1e+100
3 1482.78 1482.78 1e+100
4 824.385 1648.77 1e+100
5 1812.76 1812.76 1e+100
2 1376.68 5506.7 1e+100
10 403.414 806.828 1e+100
8 830.643 830.643 1e+100
11 1093.96 2187.92 1e+100
0 326.361 326.361 1e+100
31
8 1612.17 1612.17 1e+100
4 421.611 843.222 1e+100
2 129.403 517.611 1e+100
5 1080.63 4322.52 1e+100
1 413.461 413.461 1e+100
3 218.237 218.237 1e+100
11 661.694 1323.39 1e+100
0 710.982 710.982 1e+100
10 418.552 837.105 1e+100
9 704.34 704.34 1e+100
10 3822.14 3822.14 1e+100
3 200.848 200.848 1e+100
8 616.32 2465.28 1e+100
10 650.798 650.798 1e+100
5 305.619 1222.48 1e+100
2 208.147 832.587 1e+100
7 174.303 348.607 1e+100
4 107.492 214.983 1e+100
6 565.149 565.149 1e+100
7 1638.44 3276.89 1e+100
8 717.919 1435.84 1e+100
11 149.842 299.685 1e+100
2 1362.49 2724.99 1e+100
1 114.695 114.695 1e+100
3 828.471 828.471 1e+100
9 697.949 697.949 1e+100
4 795.429 1590.86 1e+100
0 223.79 223.79 1e+100
8 1169.55 1169.55 1e+100
6 140.77 140.77 1e+100
5 165.473 661.894 1e+100
41
8 634.852 634.852 1e+100
10 265.837 531.674 1e+100
1 136.788 273.577 1e+100
11 1305.52 5222.08 1e+100
0 793.929 793.929 1e+100
2 809.33 3237.32 1e+100
7 314.971 314.971 1e+100
4 935.83 1871.66 1e+100
6 857.373 857.373 1e+100
8 1316.41 2632.82 1e+100
5 850.186 1700.37 1e+100
9 1518.7 1518.7 1e+100
1 1361.84 2723.68 1e+100
4 2161.49 4322.98 1e+100
7 2528.54 2528.54 1e+100
2 1236.7 4946.82 1e+100
0 766.796 766.796 1e+100
3 128.952 128.952 1e+100
10 614.134 614.134 1e+100
11 1525.54 1525.54 1e+100
5 548.166 2192.67 1e+100
6 740.422 740.422 1e+100
3 795.077 795.077 1e+100
5 1554.66 3109.32 1e+100
0 1049.56 1049.56 1e+100
10 1662.84 3325.68 1e+100
8 482.852 965.703 1e+100
1 237.125 474.251 1e+100
9 201.384 201.384 1e+100
2 653.141 1306.28 1e+100
3 1320.56 1320.56 1e+100
11 573.395 573.395 1e+100
6 805.051 805.051 1e+100
4 26.4621 52.9242 1e+100
8 1268.38 2536.76 1e+100
1 1253.59 1253.59 1e+100
9 1479.36 1479.36 1e+100
2 1114.35 2228.69 1e+100
7 1079.36 2158.72 1e+100
10 1108.63 1108.63 1e+100
4 669.752 1339.5 1e+100
42
6 241.292 241.292 1e+100
5 479.873 959.746 1e+100
1 238.384 476.769 1e+100
9 1736.82 1736.82 1e+100
0 96.1445 96.1445 1e+100
10 290.821 581.642 1e+100
2 703.159 2812.64 1e+100
8 903.794 3615.18 1e+100
7 850.398 1700.8 1e+100
4 532.183 532.183 1e+100
11 469.742 1878.97 1e+100
0 917.877 917.877 1e+100
3 975.442 975.442 1e+100
10 1488.48 1488.48 1e+100
5 314.476 628.951 1e+100
1 157.78 157.78 1e+100
7 236.405 236.405 1e+100
2 79.5739 79.5739 1e+100
4 688.167 1376.33 1e+100
0 650.468 650.468 1e+100
11 583.492 2333.97 1e+100
5 1699.86 3399.73 1e+100
8 1032.27 1032.27 1e+100
9 69.421 69.421 1e+100
3 223.39 223.39 1e+100
6 680.257 680.257 1e+100
3 3729.92 3729.92 1e+100
3 1663.82 1663.82 1e+100
11 570.258 570.258 1e+100
10 227.019 454.037 1e+100
5 938.636 1877.27 1e+100
7 344.312 344.312 1e+100
1 327.069 327.069 1e+100
0 597.263 597.263 1e+100
11 613.223 1226.45 1e+100
4 110.804 221.608 1e+100
9 396.776 396.776 1e+100
7 1066.09 1066.09 1e+100
10 461.904 923.807 1e+100
8 146.316 292.632 1e+100
1 1020.2 1020.2 1e+100
2 467.083 934.166 1e+100
27
8 1957.81 1957.81 1e+100
3 292.801 292.801 1e+100
6 1428.74 1428.74 1e+100
4 341.882 341.882 1e+100
5 1034.42 2068.84 1e+100
1 568.027 568.027 1e+100
2 298.247 596.493 1e+100
7 829.663 1659.33 1e+100
0 114.359 114.359 1e+100
9 1058.19 1058.19 1e+100
8 964.117 3856.47 1e+100
10 527.576 527.576 1e+100
0 93.2178 93.2178 1e+100
11 477.367 1909.47 1e+100
2 362.599 1450.39 1e+100
4 288.163 288.163 1e+100
1 217.667 217.667 1e+100
5 127.562 510.248 1e+100
3 209.701 209.701 1e+100
7 700.295 1400.59 1e+100
9 811.744 811.744 1e+100
8 322.887 322.887 1e+100
11 896.37 3585.48 1e+100
10 158.727 317.454 1e+100
0 78.8961 78.8961 1e+100
6 260.791 260.791 1e+100
1 78.6247 78.6247 1e+100
32
6 1232.92 1232.92 1e+100
2 41.8641 83.7281 1e+100
7 282.488 564.976 1e+100
1 256.355 512.711 1e+100
8 835.695 835.695 1e+100
10 146.251 292.501 1e+100
0 1223.32 1223.32 1e+100
3 195.865 195.865 1e+100
9 749.912 749.912 1e+100
2 194.406 194.406 1e+100
8 975.162 3900.65 1e+100
4 423.697 423.697 1e+100
1 820.737 820.737 1e+100
0 490.524 490.524 1e+100
3 649.329 649.329 1e+100
6 356.975 356.975 1e+100
7 469.11 469.11 1e+100
9 189.627 189.627 1e+100
4 445.367 445.367 1e+100
10 211.645 423.29 1e+100
5 506.823 1013.65 1e+100
9 6066.28 6066.28 1e+100
11 56.2088 56.2088 1e+100
2 841.427 841.427 1e+100
4 2215.55 4431.11 1e+100
1 210.531 421.062 1e+100
0 633.734 633.734 1e+100
3 48.6464 48.6464 1e+100
5 968.029 1936.06 1e+100
8 442.753 885.505 1e+100
11 749.344 749.344 1e+100
4 112.264 224.528 1e+100
37
8 1957.81 1957.81 1e+100
3 292.801 292.801 1e+100
6 1428.74 1428.74 1e+100
4 341.882 341.882 1e+100
5 1034.42 2068.84 1e+100
1 568.027 568.027 1e+100
2 298.247 596.493 1e+100
7 829.663 1659.33 1e+100
11 580.993 1161.99 1e+100
0 264.774 264.774 1e+100
9 547.364 547.364 1e+100
3 201.6 201.6 1e+100
10 284.797 569.594 1e+100
2 862.06 3448.24 1e+100
4 280.751 561.501 1e+100
11 849.698 849.698 1e+100
8 464.742 1858.97 1e+100
5 238.071 952.284 1e+100
7 984.433 984.433 1e+100
3 270.805 270.805 1e+100
1 180.11 360.22 1e+100
6 131.987 131.987 1e+100
10 160.266 320.533 1e+100
8 1030.15 2060.29 1e+100
4 1645.42 3290.84 1e+100
9 146.867 146.867 1e+100
11 174.092 348.183 1e+100
3 4252.52 4252.52 1e+100
2 28.3196 56.6392 1e+100
0 406.474 406.474 1e+100
5 390.986 781.973 1e+100
7 1747.2 1747.2 1e+100
11 1543.34 6173.36 1e+100
1 758.603 1517.21 1e+100
9 739.259 739.259 1e+100
10 162.953 325.906 1e+100
6 235.712 235.712 1e+100
37
8 1612.17 1612.17 1e+100
4 421.611 843.222 1e+100
2 129.403 517.611 1e+100
5 1080.63 4322.52 1e+100
1 413.461 413.461 1e+100
3 218.237 218.237 1e+100
11 661.694 1323.39 1e+100
0 710.982 710.982 1e+100
10 418.552 837.105 1e+100
9 704.34 704.34 1e+100
4 730.663 1461.33 1e+100
2 793.913 1587.83 1e+100
10 732.873 732.873 1e+100
11 108.235 108.235 1e+100
6 1691.24 1691.24 1e+100
1 140.783 140.783 1e+100
5 114.649 229.297 1e+100
9 385.019 385.019 1e+100
7 1097.79 1097.79 1e+100
8 347.38 347.38 1e+100
2 246.03 984.121 1e+100
3 968.162 968.162 1e+100
0 670.402 670.402 1e+100
10 1088.43 2176.85 1e+100
11 707.763 2831.05 1e+100
4 359.081 359.081 1e+100
2 1111.28 2222.56 1e+100
9 920.827 920.827 1e+100
1 685.146 1370.29 1e+100
3 1532.3 1532.3 1e+100
5 953.275 1906.55 1e+100
11 1463.89 1463.89 1e+100
8 1180.72 4722.89 1e+100
7 760.521 1521.04 1e+100
0 771.407 771.407 1e+100
10 686.185 1372.37 1e+100
6 509.731 509.731 1e+100
31
8 1612.17 1612.17 1e+100
4 421.611 843.222 1e+100
2 129.403 517.611 1e+100
5 1080.63 4322.52 1e+100
1 413.461 413.461 1e+100
3 218.237 218.237 1e+100
11 661.694 1323.39 1e+100
0 710.982 710.982 1e+100
10 418.552 837.105 1e+100
9 704.34 704.34 1e+100
4 730.663 1461.33 1e+100
2 793.913 1587.83 1e+100
3 6913.49 6913.49 1e+100
11 153.499 153.499 1e+100
10 226.588 226.588 1e+100
9 540.285 540.285 1e+100
5 29.6408 29.6408 1e+100
2 713.969 2855.88 1e+100
8 2847.88 11391.5 1e+100
1 581.414 581.414 1e+100
6 2553.54 2553.54 1e+100
11 1077.65 4310.62 1e+100
0 560.243 560.243 1e+100
4 28.1575 56.3151 1e+100
10 72.8211 72.8211 1e+100
7 340.423 340.423 1e+100
5 463.725 1854.9 1e+100
2 143.102 286.204 1e+100
-1 1e+100 1e+100 1e+100
9 460.295 460.295 1e+100
1 564.888 564.888 1e+100
37
8 1612.17 1612.17 1e+100
4 421.611 843.222 1e+100
2 129.403 517.611 1e+100
5 1080.63 4322.52 1e+100
1 413.461 413.461 1e+100
3 218.237 218.237 1e+100
11 661.694 1323.39 1e+100
0 710.982 710.982 1e+100
10 418.552 837.105 1e+100
9 704.34 704.34 1e+100
4 730.663 1461.33 1e+100
11 1082.31 2164.61 1e+100
2 661.232 661.232 1e+100
10 252.911 252.911 1e+100
3 529.684 529.684 1e+100
9 410.643 410.643 1e+100
7 1607.31 1607.31 1e+100
11 1002.36 4009.45 1e+100
8 546.995 2187.98 1e+100
1 581.414 581.414 1e+100
0 646.188 646.188 1e+100
5 294.653 1178.61 1e+100
10 40.3121 40.3121 1e+100
4 28.1575 56.3151 1e+100
3 235.013 235.013 1e+100
2 713.874 1427.75 1e+100
1 6433.47 6433.47 1e+100
9 56.2088 56.2088 1e+100
9 1370.23 1370.23 1e+100
1 832.387 1664.77 1e+100
5 1592.87 3185.73 1e+100
6 883.123 883.123 1e+100
4 635.581 635.581 1e+100
11 22.6549 45.3099 1e+100
8 784.043 1568.09 1e+100
2 927.875 927.875 1e+100
7 586.985 1173.97 1e+100
38
8 1612.17 1612.17 1e+100
4 421.611 843.222 1e+100
2 129.403 517.611 1e+100
5 1080.63 4322.52 1e+100
1 413.461 413.461 1e+100
3 218.237 218.237 1e+100
11 661.694 1323.39 1e+100
0 710.982 710.982 1e+100
10 418.552 837.105 1e+100
9 704.34 704.34 1e+100
1 275.149 550.299 1e+100
6 1750.88 1750.88 1e+100
11 326.804 1307.22 1e+100
3 355.969 355.969 1e+100
2 714.787 714.787 1e+100
9 112.739 112.739 1e+100
10 857.194 857.194 1e+100
5 114.649 229.297 1e+100
7 1034.44 1034.44 1e+100
0 293.746 293.746 1e+100
1 432.281 432.281 1e+100
8 775.889 3103.56 1e+100
9 1427.61 1427.61 1e+100
0 2433.11 2433.11 1e+100
11 731.111 1462.22 1e+100
2 753.654 3014.62 1e+100
3 569.732 569.732 1e+100
4 327.013 654.025 1e+100
6 1629.04 1629.04 1e+100
4 1903.27 3806.55 1e+100
2 1804.87 1804.87 1e+100
5 953.275 1906.55 1e+100
10 290.054 290.054 1e+100
8 540.258 2161.03 1e+100
1 126.061 252.123 1e+100
7 736.223 736.223 1e+100
11 328.87 657.739 1e+100
3 1359.86 1359.86 1e+100
36
8 1612.17 1612.17 1e+100
4 421.611 843.222 1e+100
2 129.403 517.611 1e+100
5 1080.63 4322.52 1e+100
1 413.461 413.461 1e+100
3 218.237 218.237 1e+100
11 661.694 1323.39 1e+100
0 710.982 710.982 1e+100
10 418.552 837.105 1e+100
9 704.34 704.34 1e+100
4 730.663 1461.33 1e+100
2 793.913 1587.83 1e+100
3 591.414 591.414 1e+100
11 108.235 108.235 1e+100
1 304.237 304.237 1e+100
10 98.8026 98.8026 1e+100
7 1607.31 1607.31 1e+100
2 713.969 2855.88 1e+100
8 443.697 1774.79 1e+100
0 114.703 114.703 1e+100
6 2553.54 2553.54 1e+100
5 294.653 1178.61 1e+100
3 81.6534 81.6534 1e+100
4 28.1575 56.3151 1e+100
1 21.9897 21.9897 1e+100
11 28.7547 115.019 1e+100
8 1853.7 7414.82 1e+100
5 2918.46 2918.46 1e+100
0 954.903 954.903 1e+100
10 395.492 395.492 1e+100
7 1449.5 2899.01 1e+100
2 1013.07 4052.27 1e+100
1 1138.42 1138.42 1e+100
11 683.449 2733.8 1e+100
3 454.978 454.978 1e+100
4 604.116 1208.23 1e+100
43
8 634.852 634.852 1e+100
10 265.837 531.674 1e+100
1 136.788 273.577 1e+100
11 1305.52 5222.08 1e+100
0 793.929 793.929 1e+100
2 809.33 3237.32 1e+100
7 314.971 314.971 1e+100
4 935.83 1871.66 1e+100
6 857.373 857.373 1e+100
8 1316.41 2632.82 1e+100
5 850.186 1700.37 1e+100
9 1518.7 1518.7 1e+100
1 1361.84 2723.68 1e+100
10 537.919 1075.84 1e+100
3 664.839 664.839 1e+100
4 2544.54 2544.54 1e+100
6 3406.13 3406.13 1e+100
10 999.978 1999.96 1e+100
2 1081.64 4326.55 1e+100
7 2803.83 5607.66 1e+100
8 2861.24 2861.24 1e+100
11 1184.33 4737.3 1e+100
5 548.166 2192.67 1e+100
0 4041.19 4041.19 1e+100
2 1636.75 1636.75 1e+100
5 1554.66 3109.32 1e+100
0 665.29 665.29 1e+100
10 796.427 1592.85 1e+100
1 477.561 955.121 1e+100
11 1485.72 2971.44 1e+100
9 383.778 383.778 1e+100
4 855.622 1711.24 1e+100
7 2702.67 2702.67 1e+100
11 7267.27 7267.27 1e+100
9 1731.08 1731.08 1e+100
2 885.991 1771.98 1e+100
1 1263.09 2526.18 1e+100
11 2502.19 2502.19 1e+100
4 1429.56 1429.56 1e+100
10 489.425 978.85 1e+100
5 1891.07 3782.14 1e+100
6 582.906 582.906 1e+100
8 602.822 1205.64 1e+100
38
8 1957.81 1957.81 1e+100
3 292.801 292.801 1e+100
6 1428.74 1428.74 1e+100
4 341.882 341.882 1e+100
5 1034.42 2068.84 1e+100
1 568.027 568.027 1e+100
2 298.247 596.493 1e+100
7 829.663 1659.33 1e+100
11 580.993 1161.99 1e+100
0 264.774 264.774 1e+100
9 547.364 547.364 1e+100
3 201.6 201.6 1e+100
10 284.797 569.594 1e+100
2 862.06 3448.24 1e+100
4 419.725 839.45 1e+100
6 1924.25 1924.25 1e+100
8 464.742 1858.97 1e+100
5 494.771 1979.09 1e+100
11 398.845 1595.38 1e+100
7 136.75 273.5 1e+100
1 107.492 214.983 1e+100
0 911.076 911.076 1e+100
7 1600.89 3201.78 1e+100
5 1455.93 2911.87 1e+100
10 149.842 299.685 1e+100
4 1551.09 3102.18 1e+100
3 114.695 114.695 1e+100
2 541.101 2164.41 1e+100
8 463.524 1854.1 1e+100
9 438.543 438.543 1e+100
6 1277.84 1277.84 1e+100
0 3635.81 3635.81 1e+100
1 342.884 685.767 1e+100
11 743.735 2974.94 1e+100
5 1900.45 1900.45 1e+100
2 1195.8 4783.18 1e+100
1 1139.82 1139.82 1e+100
10 52.1559 104.312 1e+100
35
8 1612.17 1612.17 1e+100
4 421.611 843.222 1e+100
2 129.403 517.611 1e+100
5 1080.63 4322.52 1e+100
1 413.461 413.461 1e+100
3 218.237 218.237 1e+100
11 661.694 1323.39 1e+100
0 710.982 710.982 1e+100
10 418.552 837.105 1e+100
9 704.34 704.34 1e+100
4 730.663 1461.33 1e+100
2 5794.63 11589.3 1e+100
1 3202.92 3202.92 1e+100
10 182.716 182.716 1e+100
3 188.485 188.485 1e+100
1 98.8026 98.8026 1e+100
0 119.597 119.597 1e+100
7 341.125 341.125 1e+100
9 494.121 494.121 1e+100
6 888.924 888.924 1e+100
5 327.75 327.75 1e+100
3 1064.89 1064.89 1e+100
4 2013.4 2013.4 1e+100
4 350.412 700.824 1e+100
2 352.396 1409.58 1e+100
8 931.611 3726.45 1e+100
0 28.7996 28.7996 1e+100
9 811.464 811.464 1e+100
1 2436.69 2436.69 1e+100
7 1191.44 2382.88 1e+100
11 799.831 3199.32 1e+100
6 915.505 915.505 1e+100
5 652.867 2611.47 1e+100
0 1373.52 1373.52 1e+100
10 459.77 919.54 1e+100
44
8 634.852 634.852 1e+100
10 265.837 531.674 1e+100
1 136.788 273.577 1e+100
11 1305.52 5222.08 1e+100
0 793.929 793.929 1e+100
2 809.33 3237.32 1e+100
7 314.971 314.971 1e+100
4 935.83 1871.66 1e+100
6 857.373 857.373 1e+100
8 1316.41 2632.82 1e+100
5 850.186 1700.37 1e+100
9 1518.7 1518.7 1e+100
1 1361.84 2723.68 1e+100
3 183.29 183.29 1e+100
10 148.642 297.283 1e+100
8 2399.88 2399.88 1e+100
6 1369.72 1369.72 1e+100
2 923.331 923.331 1e+100
7 2572.31 5144.62 1e+100
3 784.814 784.814 1e+100
11 1592.88 6371.53 1e+100
10 1534.03 3068.06 1e+100
4 305.516 611.033 1e+100
0 142.366 142.366 1e+100
1 1172.3 1172.3 1e+100
5 482.292 482.292 1e+100
2 1679.93 6719.71 1e+100
9 1637.6 1637.6 1e+100
6 2473.65 2473.65 1e+100
7 4177.12 8354.25 1e+100
11 2551.92 10207.7 1e+100
0 1037.68 1037.68 1e+100
2 1973.44 3946.87 1e+100
3 569.793 569.793 1e+100
4 1404.62 1404.62 1e+100
4 2718.64 2718.64 1e+100
5 479.554 959.108 1e+100
1 1099.88 2199.77 1e+100
0 3285.73 3285.73 1e+100
3 1291.57 1291.57 1e+100
5 1674.41 3348.83 1e+100
8 1225.32 2450.64 1e+100
9 856.374 856.374 1e+100
10 472.2 944.401 1e+100
36
8 1957.81 1957.81 1e+100
3 292.801 292.801 1e+100
6 1428.74 1428.74 1e+100
4 341.882 341.882 1e+100
5 1034.42 2068.84 1e+100
1 568.027 568.027 1e+100
2 298.247 596.493 1e+100
7 829.663 1659.33 1e+100
11 472.417 944.833 1e+100
4 586.861 586.861 1e+100
2 1105.45 4421.81 1e+100
7 952.379 952.379 1e+100
9 309.414 309.414 1e+100
0 694.812 694.812 1e+100
10 125.627 125.627 1e+100
4 2218.06 4436.11 1e+100
8 232.912 232.912 1e+100
6 366.1 366.1 1e+100
1 163.317 163.317 1e+100
11 817.839 3271.36 1e+100
9 737.415 737.415 1e+100
3 106.919 106.919 1e+100
10 1171.7 2343.39 1e+100
5 844.138 3376.55 1e+100
0 978.357 978.357 1e+100
2 431.065 1724.26 1e+100
8 765.402 3061.61 1e+100
3 1064.95 1064.95 1e+100
1 749.79 749.79 1e+100
9 1181.98 1181.98 1e+100
7 86.236 172.472 1e+100
5 1605.26 6421.03 1e+100
6 93.9026 93.9026 1e+100
11 675.565 2702.26 1e+100
7 883.17 883.17 1e+100
10 117.2 234.401 1e+100
39
8 1612.17 1612.17 1e+100
4 421.611 843.222 1e+100
2 129.403 517.611 1e+100
5 1080.63 4322.52 1e+100
1 413.461 413.461 1e+100
3 218.237 218.237 1e+100
11 661.694 1323.39 1e+100
0 710.982 710.982 1e+100
10 418.552 837.105 1e+100
9 704.34 704.34 1e+100
7 2454.07 2454.07 1e+100
4 657.105 1314.21 1e+100
0 77.3289 77.3289 1e+100
8 359.05 359.05 1e+100
3 571.952 571.952 1e+100
1 407.484 814.968 1e+100
9 231.193 231.193 1e+100
2 216.765 867.061 1e+100
10 308.944 617.887 1e+100
11 157.793 631.173 1e+100
6 931.894 931.894 1e+100
5 316.85 316.85 1e+100
11 1164.29 2328.57 1e+100
4 1428.01 1428.01 1e+100
10 599.509 1199.02 1e+100
8 492.585 985.17 1e+100
1 1488.88 2977.76 1e+100
0 386.273 386.273 1e+100
2 238.587 477.175 1e+100
6 1383.85 1383.85 1e+100
7 66.4694 132.939 1e+100
9 910.294 910.294 1e+100
2 1486.54 2973.08 1e+100
3 232.075 232.075 1e+100
5 519.246 2076.98 1e+100
8 1722.52 3445.03 1e+100
0 978.666 978.666 1e+100
10 349.822 699.643 1e+100
4 1106.83 1106.83 1e+100
37
6 1232.92 1232.92 1e+100
2 41.8641 83.7281 1e+100
7 282.488 564.976 1e+100
1 256.355 512.711 1e+100
8 835.695 835.695 1e+100
10 146.251 292.501 1e+100
0 1223.32 1223.32 1e+100
3 195.865 195.865 1e+100
4 404.193 808.386 1e+100
11 762.172 762.172 1e+100
5 494.782 494.782 1e+100
9 559.437 559.437 1e+100
10 301.503 603.007 1e+100
2 108.7 434.8 1e+100
1 709.713 1419.43 1e+100
3 412.593 412.593 1e+100
8 872.647 3490.59 1e+100
6 514.868 514.868 1e+100
5 523.777 2095.11 1e+100
11 536.885 2147.54 1e+100
10 605.792 605.792 1e+100
4 758.714 758.714 1e+100
11 2092.65 8370.6 1e+100
3 289.505 289.505 1e+100
1 951.14 1902.28 1e+100
0 79.5368 79.5368 1e+100
2 808.801 1617.6 1e+100
3 2838.08 2838.08 1e+100
5 304.344 608.687 1e+100
9 135.005 135.005 1e+100
7 892.796 1785.59 1e+100
6 1228.29 1228.29 1e+100
8 1228.3 4913.2 1e+100
10 552.935 1105.87 1e+100
9 1551.19 1551.19 1e+100
4 846.756 1693.51 1e+100
0 845.081 845.081 1e+100
31
8 1957.81 1957.81 1e+100
3 292.801 292.801 1e+100
6 1428.74 1428.74 1e+100
4 341.882 341.882 1e+100
5 1034.42 2068.84 1e+100
1 568.027 568.027 1e+100
2 298.247 596.493 1e+100
7 829.663 1659.33 1e+100
10 909.866 1819.73 1e+100
11 537.664 1075.33 1e+100
3 88.7985 88.7985 1e+100
0 146.092 146.092 1e+100
4 212.437 212.437 1e+100
9 285.804 285.804 1e+100
2 186.117 744.466 1e+100
11 703.172 2812.69 1e+100
7 136.75 273.5 1e+100
5 127.75 255.5 1e+100
6 101.959 101.959 1e+100
7 1600.89 3201.78 1e+100
2 1147.28 2294.56 1e+100
1 149.842 299.685 1e+100
4 806.436 1612.87 1e+100
0 114.695 114.695 1e+100
6 1064.36 1064.36 1e+100
3 141.54 141.54 1e+100
10 483.18 966.361 1e+100
8 589.172 589.172 1e+100
9 887.163 887.163 1e+100
2 1171.28 1171.28 1e+100
5 165.473 661.894 1e+100
33
8 1612.17 1612.17 1e+100
4 421.611 843.222 1e+100
2 129.403 517.611 1e+100
5 1080.63 4322.52 1e+100
1 413.461 413.461 1e+100
3 218.237 218.237 1e+100
11 661.694 1323.39 1e+100
0 710.982 710.982 1e+100
10 418.552 837.105 1e+100
9 704.34 704.34 1e+100
4 730.663 1461.33 1e+100
2 793.913 1587.83 1e+100
1 396.406 396.406 1e+100
3 120.023 120.023 1e+100
0 298.021 298.021 1e+100
10 98.8026 98.8026 1e+100
5 4577.77 18311.1 1e+100
8 594.272 2377.09 1e+100
7 174.303 348.607 1e+100
4 640.818 1281.64 1e+100
6 565.149 565.149 1e+100
7 1638.44 3276.89 1e+100
1 1081.52 2163.03 1e+100
2 149.842 299.685 1e+100
10 1204.84 2409.67 1e+100
9 157.034 157.034 1e+100
0 700.801 700.801 1e+100
3 141.54 141.54 1e+100
5 499.507 999.014 1e+100
4 1065.11 1065.11 1e+100
6 568.404 568.404 1e+100
0 898.018 898.018 1e+100
8 690.23 2760.92 1e+100
37
8 634.852 634.852 1e+100
10 265.837 531.674 1e+100
1 136.788 273.577 1e+100
11 1305.52 5222.08 1e+100
0 793.929 793.929 1e+100
2 809.33 3237.32 1e+100
7 314.971 314.971 1e+100
4 935.83 1871.66 1e+100
6 857.373 857.373 1e+100
1 2653.71 5307.42 1e+100
5 850.186 1700.37 1e+100
9 1518.7 1518.7 1e+100
7 3344.65 6689.29 1e+100
6 3392.56 3392.56 1e+100
3 891.059 891.059 1e+100
8 247.021 988.083 1e+100
10 583.523 583.523 1e+100
4 197.951 197.951 1e+100
11 1020.47 4081.88 1e+100
5 13.0174 52.0696 1e+100
0 397.031 397.031 1e+100
2 973.35 973.35 1e+100
8 637.485 2549.94 1e+100
9 170.083 170.083 1e+100
4 806.253 1612.51 1e+100
3 644.617 644.617 1e+100
11 1288.33 5153.32 1e+100
5 1423.03 5692.1 1e+100
10 450.973 450.973 1e+100
0 1237.23 1237.23 1e+100
6 1935.52 1935.52 1e+100
1 720.57 1441.14 1e+100
11 2882.42 11529.7 1e+100
8 1138.87 1138.87 1e+100
2 866.719 3466.88 1e+100
9 543.407 543.407 1e+100
7 1015.07 2030.14 1e+100
35
8 1612.17 1612.17 1e+100
4 421.611 843.222 1e+100
2 129.403 517.611 1e+100
5 1080.63 4322.52 1e+100
1 413.461 413.461 1e+100
3 218.237 218.237 1e+100
11 661.694 1323.39 1e+100
0 710.982 710.982 1e+100
10 418.552 837.105 1e+100
9 704.34 704.34 1e+100
11 1354.47 1354.47 1e+100
8 4167.98 8335.97 1e+100
0 220.771 220.771 1e+100
8 359.05 359.05 1e+100
3 293.425 293.425 1e+100
1 164.375 328.75 1e+100
9 225.755 225.755 1e+100
2 628.564 2514.26 1e+100
4 813.576 1627.15 1e+100
5 305.619 1222.48 1e+100
11 1233.11 4932.45 1e+100
7 174.303 348.607 1e+100
4 1901.77 3803.53 1e+100
6 565.149 565.149 1e+100
7 1638.44 3276.89 1e+100
5 1266.78 2533.57 1e+100
10 3002.36 6004.72 1e+100
1 450.903 901.807 1e+100
3 114.695 114.695 1e+100
6 1201.41 1201.41 1e+100
2 200.91 803.639 1e+100
10 311.345 622.69 1e+100
0 592.775 592.775 1e+100
9 145.807 145.807 1e+100
3 1158.54 1158.54 1e+100
33
6 241.292 241.292 1e+100
5 479.873 959.746 1e+100
1 238.384 476.769 1e+100
9 1736.82 1736.82 1e+100
0 96.1445 96.1445 1e+100
10 290.821 581.642 1e+100
2 703.159 2812.64 1e+100
8 903.794 3615.18 1e+100
7 850.398 1700.8 1e+100
4 532.183 532.183 1e+100
11 469.742 1878.97 1e+100
7 2895.35 2895.35 1e+100
3 975.442 975.442 1e+100
0 327.215 327.215 1e+100
1 301.325 301.325 1e+100
8 821.76 3287.04 1e+100
4 105.186 105.186 1e+100
4 1461.64 1461.64 1e+100
11 151.975 607.9 1e+100
2 380.272 1521.09 1e+100
5 366.247 366.247 1e+100
3 217.667 217.667 1e+100
8 1212.22 4848.9 1e+100
6 209.701 209.701 1e+100
10 547.189 1094.38 1e+100
9 460.865 460.865 1e+100
1 648.276 648.276 1e+100
11 337.303 337.303 1e+100
7 98.2754 196.551 1e+100
3 303.546 303.546 1e+100
2 975.154 975.154 1e+100
1 845.493 845.493 1e+100
5 140.803 563.212 1e+100
42
8 634.852 634.852 1e+100
10 265.837 531.674 1e+100
1 136.788 273.577 1e+100
11 1305.52 5222.08 1e+100
0 793.929 793.929 1e+100
2 809.33 3237.32 1e+100
7 314.971 314.971 1e+100
4 935.83 1871.66 1e+100
6 857.373 857.373 1e+100
8 1316.41 2632.82 1e+100
5 850.186 1700.37 1e+100
9 1518.7 1518.7 1e+100
1 1361.84 2723.68 1e+100
3 183.29 183.29 1e+100
10 148.642 297.283 1e+100
4 1019.66 1019.66 1e+100
1 1696.87 1696.87 1e+100
3 1230.97 1230.97 1e+100
10 1626.99 3253.98 1e+100
2 601.3 601.3 1e+100
11 1592.88 6371.53 1e+100
7 2996.81 5993.63 1e+100
4 3065.76 3065.76 1e+100
8 407.445 407.445 1e+100
3 3138.25 3138.25 1e+100
6 326.972 326.972 1e+100
5 352.856 352.856 1e+100
1 1929.39 1929.39 1e+100
9 561.55 561.55 1e+100
2 1042.41 2084.81 1e+100
11 1679.79 3359.57 1e+100
3 2.13292 2.13292 1e+100
0 493.539 493.539 1e+100
5 1950.49 1950.49 1e+100
10 945.472 1890.94 1e+100
8 616.534 1233.07 1e+100
6 1062.9 1062.9 1e+100
9 578.362 578.362 1e+100
7 1163.26 2326.52 1e+100
4 1650.89 3301.78 1e+100
0 1186.68 1186.68 1e+100
2 725.722 1451.44 1e+100
33
6 1232.92 1232.92 1e+100
2 41.8641 83.7281 1e+100
7 282.488 564.976 1e+100
1 256.355 512.711 1e+100
8 835.695 835.695 1e+100
10 146.251 292.501 1e+100
0 1223.32 1223.32 1e+100
3 195.865 195.865 1e+100
9 749.912 749.912 1e+100
4 877.28 877.28 1e+100
8 975.162 3900.65 1e+100
1 205.139 205.139 1e+100
2 702.832 2811.33 1e+100
11 208.147 832.587 1e+100
7 174.303 348.607 1e+100
10 613.388 1226.78 1e+100
6 342.419 342.419 1e+100
7 1638.44 3276.89 1e+100
8 1076.76 2153.52 1e+100
5 325.742 651.484 1e+100
4 1517.25 3034.51 1e+100
3 157.034 157.034 1e+100
5 1899.37 7597.48 1e+100
8 2985.26 11941 1e+100
9 1096.1 1096.1 1e+100
1 258.429 258.429 1e+100
0 114.297 114.297 1e+100
10 848.78 1697.56 1e+100
11 553.036 2212.14 1e+100
6 338.563 338.563 1e+100
2 218.529 874.115 1e+100
3 1279.18 1279.18 1e+100
1 1633.67 3267.33 1e+100
32
8 634.852 634.852 1e+100
10 265.837 531.674 1e+100
1 136.788 273.577 1e+100
11 1305.52 5222.08 1e+100
0 793.929 793.929 1e+100
2 809.33 3237.32 1e+100
7 314.971 314.971 1e+100
4 935.83 1871.66 1e+100
6 857.373 857.373 1e+100
1 2653.71 5307.42 1e+100
5 850.186 1700.37 1e+100
9 1518.7 1518.7 1e+100
7 3344.65 6689.29 1e+100
7 5746.21 5746.21 1e+100
3 891.059 891.059 1e+100
8 247.021 988.083 1e+100
0 4938.77 4938.77 1e+100
4 197.951 197.951 1e+100
11 1171.95 4687.79 1e+100
5 128.703 514.812 1e+100
2 820.96 820.96 1e+100
6 1073.55 1073.55 1e+100
8 637.485 2549.94 1e+100
10 168.965 168.965 1e+100
4 806.253 1612.51 1e+100
10 2066.43 2066.43 1e+100
1 98.8644 98.8644 1e+100
5 1380.62 5522.48 1e+100
11 537.196 1074.39 1e+100
2 1005.41 1005.41 1e+100
0 171.162 171.162 1e+100
6 227.978 227.978 1e+100
37
6 241.292 241.292 1e+100
5 479.873 959.746 1e+100
1 238.384 476.769 1e+100
9 1736.82 1736.82 1e+100
0 96.1445 96.1445 1e+100
10 290.821 581.642 1e+100
2 703.159 2812.64 1e+100
8 903.794 3615.18 1e+100
7 850.398 1700.8 1e+100
4 532.183 532.183 1e+100
11 469.742 1878.97 1e+100
0 917.877 917.877 1e+100
3 975.442 975.442 1e+100
5 384.157 384.157 1e+100
10 254.271 254.271 1e+100
8 821.76 3287.04 1e+100
4 204.323 204.323 1e+100
0 106.913 106.913 1e+100
11 477.367 1909.47 1e+100
5 320.522 1282.09 1e+100
2 176.495 176.495 1e+100
3 217.667 217.667 1e+100
5 1876.29 7505.15 1e+100
9 168.965 168.965 1e+100
1 100.895 201.79 1e+100
10 21.4359 21.4359 1e+100
11 745.228 2980.91 1e+100
8 1004.53 4018.1 1e+100
4 428.886 428.886 1e+100
6 167.811 167.811 1e+100
3 1300.69 1300.69 1e+100
7 86.236 172.472 1e+100
11 2339.32 9357.29 1e+100
0 653.643 653.643 1e+100
2 175.769 703.074 1e+100
9 542.29 542.29 1e+100
1 676.826 1353.65 1e+100
31
8 1957.81 1957.81 1e+100
3 292.801 292.801 1e+100
6 1428.74 1428.74 1e+100
4 341.882 341.882 1e+100
5 1034.42 2068.84 1e+100
1 568.027 568.027 1e+100
2 298.247 596.493 1e+100
7 829.663 1659.33 1e+100
11 603.51 603.51 1e+100
3 200.848 200.848 1e+100
8 964.117 3856.47 1e+100
9 566.541 566.541 1e+100
2 591.417 591.417 1e+100
7 215.133 215.133 1e+100
4 223.39 223.39 1e+100
6 182.071 182.071 1e+100
1 149.984 149.984 1e+100
11 189.627 189.627 1e+100
0 316.809 316.809 1e+100
5 139.865 279.73 1e+100
2 1550.8 6203.2 1e+100
8 1146.65 4586.62 1e+100
3 725.793 725.793 1e+100
9 220.574 220.574 1e+100
10 114.297 114.297 1e+100
1 1004.13 2008.27 1e+100
5 1401.27 5605.06 1e+100
6 210.591 210.591 1e+100
11 32.2283 128.913 1e+100
7 289.457 289.457 1e+100
4 52.1559 104.312 1e+100
37
8 1957.81 1957.81 1e+100
3 292.801 292.801 1e+100
6 1428.74 1428.74 1e+100
4 341.882 341.882 1e+100
5 1034.42 2068.84 1e+100
1 568.027 568.027 1e+100
2 298.247 596.493 1e+100
7 829.663 1659.33 1e+100
10 273.473 273.473 1e+100
11 443.86 887.72 1e+100
3 157.78 157.78 1e+100
8 706.847 706.847 1e+100
9 1272.24 1272.24 1e+100
4 286.183 572.366 1e+100
0 190.678 190.678 1e+100
2 653.997 2615.99 1e+100
10 485.995 971.989 1e+100
1 32.7855 32.7855 1e+100
11 1205.3 4821.21 1e+100
5 133.828 535.31 1e+100
7 564.283 564.283 1e+100
6 591.414 591.414 1e+100
8 413.011 1652.04 1e+100
0 487.193 487.193 1e+100
1 641.087 1282.17 1e+100
3 79.5368 79.5368 1e+100
2 650.152 2600.61 1e+100
5 1543.84 6175.34 1e+100
4 976.539 976.539 1e+100
9 171.392 171.392 1e+100
10 114.297 114.297 1e+100
7 1053 2105.99 1e+100
11 1504.4 6017.6 1e+100
3 1195.97 1195.97 1e+100
2 1304.85 5219.39 1e+100
8 548.27 548.27 1e+100
10 990.96 1981.92 1e+100
31
8 1612.17 1612.17 1e+100
4 421.611 843.222 1e+100
2 129.403 517.611 1e+100
5 1080.63 4322.52 1e+100
1 413.461 413.461 1e+100
3 218.237 218.237 1e+100
11 661.694 1323.39 1e+100
0 710.982 710.982 1e+100
10 418.552 837.105 1e+100
9 704.34 704.34 1e+100
4 730.663 1461.33 1e+100
11 6729.49 13459 1e+100
0 4267.07 4267.07 1e+100
10 153.631 153.631 1e+100
0 275.039 275.039 1e+100
1 98.8026 98.8026 1e+100
3 176.11 176.11 1e+100
7 341.125 341.125 1e+100
9 844.088 844.088 1e+100
6 888.924 888.924 1e+100
5 327.75 327.75 1e+100
4 145.274 145.274 1e+100
1 656.556 656.556 1e+100
10 373.714 747.429 1e+100
8 700.801 700.801 1e+100
2 141.54 141.54 1e+100
10 1398.5 2797 1e+100
9 792.227 792.227 1e+100
3 68.7301 68.7301 1e+100
7 98.1922 98.1922 1e+100
5 213.695 854.781 1e+100
37
8 1612.17 1612.17 1e+100
4 421.611 843.222 1e+100
2 129.403 517.611 1e+100
5 1080.63 4322.52 1e+100
1 413.461 413.461 1e+100
3 218.237 218.237 1e+100
11 661.694 1323.39 1e+100
0 710.982 710.982 1e+100
10 418.552 837.105 1e+100
9 704.34 704.34 1e+100
2 445.385 890.77 1e+100
4 409.217 409.217 1e+100
11 390.847 1563.39 1e+100
8 509.56 509.56 1e+100
1 114.201 114.201 1e+100
0 180.648 180.648 1e+100
10 125.627 125.627 1e+100
3 176.11 176.11 1e+100
6 921.172 921.172 1e+100
5 419.522 419.522 1e+100
7 572.533 572.533 1e+100
9 149.984 149.984 1e+100
11 92.4882 92.4882 1e+100
0 122.207 122.207 1e+100
1 109.153 218.306 1e+100
2 214.869 429.739 1e+100
5 605.639 605.639 1e+100
3 173.999 173.999 1e+100
8 330.331 330.331 1e+100
1 392.815 785.63 1e+100
4 930.313 1860.63 1e+100
6 1040.19 1040.19 1e+100
0 150.161 150.161 1e+100
10 313.572 627.144 1e+100
7 1145.92 2291.84 1e+100
2 428.871 428.871 1e+100
11 472.617 945.235 1e+100
27
8 1957.81 1957.81 1e+100
3 292.801 292.801 1e+100
6 1428.74 1428.74 1e+100
4 341.882 341.882 1e+100
5 1034.42 2068.84 1e+100
1 568.027 568.027 1e+100
2 298.247 596.493 1e+100
7 829.663 1659.33 1e+100
0 114.359 114.359 1e+100
4 101.989 101.989 1e+100
8 964.117 3856.47 1e+100
10 527.576 527.576 1e+100
3 176.11 176.11 1e+100
7 215.133 215.133 1e+100
1 352.53 352.53 1e+100
6 182.071 182.071 1e+100
4 1068.62 1068.62 1e+100
0 117.146 117.146 1e+100
2 430.684 430.684 1e+100
10 745.943 1491.89 1e+100
7 590.282 590.282 1e+100
9 296.378 296.378 1e+100
11 437.298 874.596 1e+100
1 300.67 300.67 1e+100
3 68.7301 68.7301 1e+100
6 98.1922 98.1922 1e+100
8 138.356 553.426 1e+100
39
6 241.292 241.292 1e+100
5 479.873 959.746 1e+100
1 238.384 476.769 1e+100
9 1736.82 1736.82 1e+100
0 96.1445 96.1445 1e+100
10 290.821 581.642 1e+100
2 703.159 2812.64 1e+100
8 903.794 3615.18 1e+100
7 850.398 1700.8 1e+100
4 532.183 532.183 1e+100
11 469.742 1878.97 1e+100
5 1105.51 1105.51 1e+100
3 975.442 975.442 1e+100
1 935.273 1870.55 1e+100
4 1644.98 3289.96 1e+100
0 860.85 860.85 1e+100
10 342.482 342.482 1e+100
5 1087.43 1087.43 1e+100
11 279.191 279.191 1e+100
2 762.995 3051.98 1e+100
6 89.8177 89.8177 1e+100
3 594.12 594.12 1e+100
1 936.414 1872.83 1e+100
9 131.987 131.987 1e+100
4 898.917 1797.83 1e+100
8 191.355 382.711 1e+100
7 924.442 1848.88 1e+100
0 347.705 347.705 1e+100
2 855.356 1710.71 1e+100
6 541.777 541.777 1e+100
10 29.6248 59.2496 1e+100
11 309.119 309.119 1e+100
5 1183.19 2366.37 1e+100
3 979.184 979.184 1e+100
11 2153.04 8612.16 1e+100
10 1282.26 2564.52 1e+100
0 940.098 940.098 1e+100
4 649.23 1298.46 1e+100
8 220.058 220.058 1e+100
33
8 1612.17 1612.17 1e+100
4 421.611 843.222 1e+100
2 129.403 517.611 1e+100
5 1080.63 4322.52 1e+100
1 413.461 413.461 1e+100
3 218.237 218.237 1e+100
11 661.694 1323.39 1e+100
0 710.982 710.982 1e+100
10 418.552 837.105 1e+100
9 704.34 704.34 1e+100
4 1076.75 2153.51 1e+100
2 491.262 491.262 1e+100
10 1025.88 1025.88 1e+100
3 635.421 635.421 1e+100
4 1538.81 3077.63 1e+100
11 254.689 1018.76 1e+100
1 655.405 1310.81 1e+100
9 319.249 319.249 1e+100
8 175.643 702.573 1e+100
0 144.531 144.531 1e+100
7 341.125 341.125 1e+100
5 419.522 419.522 1e+100
6 888.924 888.924 1e+100
2 12.2321 12.2321 1e+100
11 62.1561 62.1561 1e+100
9 40.7172 40.7172 1e+100
10 27.475 54.95 1e+100
7 390.137 390.137 1e+100
8 159.992 639.967 1e+100
4 158.727 317.454 1e+100
0 78.8961 78.8961 1e+100
3 260.791 260.791 1e+100
5 78.6247 78.6247 1e+100
33
6 1232.92 1232.92 1e+100
2 41.8641 83.7281 1e+100
7 282.488 564.976 1e+100
1 256.355 512.711 1e+100
8 835.695 835.695 1e+100
10 146.251 292.501 1e+100
0 1223.32 1223.32 1e+100
3 195.865 195.865 1e+100
5 472.967 472.967 1e+100
4 264.891 529.781 1e+100
6 401.361 401.361 1e+100
7 986.194 986.194 1e+100
9 1272.24 1272.24 1e+100
11 6754.53 13509.1 1e+100
1 230.641 230.641 1e+100
2 85.1364 340.545 1e+100
10 463.611 927.222 1e+100
3 755.68 755.68 1e+100
5 1969.49 7877.98 1e+100
8 904.411 3617.64 1e+100
4 182.899 182.899 1e+100
0 783.125 783.125 1e+100
2 1368.92 5475.69 1e+100
6 686.672 686.672 1e+100
1 367.765 735.53 1e+100
9 1840.13 1840.13 1e+100
2 2836.57 2836.57 1e+100
-1 1e+100 1e+100 1e+100
10 738.482 1476.96 1e+100
0 869.005 869.005 1e+100
7 746.069 746.069 1e+100
4 1197.88 1197.88 1e+100
8 574.197 2296.79 1e+100
41
6 241.292 241.292 1e+100
5 479.873 959.746 1e+100
1 238.384 476.769 1e+100
9 1736.82 1736.82 1e+100
0 96.1445 96.1445 1e+100
10 290.821 581.642 1e+100
2 703.159 2812.64 1e+100
8 903.794 3615.18 1e+100
7 850.398 1700.8 1e+100
4 532.183 532.183 1e+100
11 469.742 1878.97 1e+100
10 1510.11 1510.11 1e+100
3 975.442 975.442 1e+100
5 72.0388 144.078 1e+100
1 23.7625 23.7625 1e+100
2 695.824 2783.3 1e+100
9 3520.94 3520.94 1e+100
11 777.6 777.6 1e+100
4 292.358 292.358 1e+100
0 125.627 125.627 1e+100
9 518.59 518.59 1e+100
5 838.111 3352.44 1e+100
8 1011.6 4046.41 1e+100
10 84.3288 84.3288 1e+100
3 217.667 217.667 1e+100
2 1309.07 5236.27 1e+100
6 555.415 555.415 1e+100
4 496.633 993.266 1e+100
1 79.5368 79.5368 1e+100
11 457.485 914.97 1e+100
3 541.524 541.524 1e+100
0 228.916 228.916 1e+100
5 841.842 841.842 1e+100
10 335.359 670.717 1e+100
7 1197.02 2394.04 1e+100
1 1904.78 1904.78 1e+100
3 1263.3 1263.3 1e+100
11 918.692 1837.38 1e+100
8 1246.42 2492.84 1e+100
0 922.051 922.051 1e+100
4 806.343 1612.69 1e+100
31
8 1957.81 1957.81 1e+100
3 292.801 292.801 1e+100
6 1428.74 1428.74 1e+100
4 341.882 341.882 1e+100
5 1034.42 2068.84 1e+100
1 568.027 568.027 1e+100
2 298.247 596.493 1e+100
7 829.663 1659.33 1e+100
10 398.672 797.345 1e+100
4 586.861 586.861 1e+100
11 478.575 1914.3 1e+100
7 952.379 952.379 1e+100
9 309.414 309.414 1e+100
3 396.508 396.508 1e+100
0 576.193 576.193 1e+100
5 494.771 1979.09 1e+100
2 779.487 3117.95 1e+100
1 662.22 1324.44 1e+100
10 457.24 914.48 1e+100
6 101.959 101.959 1e+100
4 1427.07 2854.14 1e+100
7 797.796 1595.59 1e+100
11 258.559 517.117 1e+100
8 819.935 1639.87 1e+100
9 72.2741 72.2741 1e+100
6 738.225 738.225 1e+100
5 1153.34 4613.37 1e+100
11 929.575 1859.15 1e+100
10 389.456 389.456 1e+100
0 145.807 145.807 1e+100
3 78.6247 78.6247 1e+100
34
6 1232.92 1232.92 1e+100
2 41.8641 83.7281 1e+100
7 282.488 564.976 1e+100
1 256.355 512.711 1e+100
8 835.695 835.695 1e+100
10 146.251 292.501 1e+100
0 1223.32 1223.32 1e+100
3 195.865 195.865 1e+100
9 525.122 525.122 1e+100
4 264.891 529.781 1e+100
7 1089.84 1089.84 1e+100
6 98.3878 98.3878 1e+100
10 672.787 672.787 1e+100
2 164.375 328.75 1e+100
1 230.641 230.641 1e+100
11 471.735 1886.94 1e+100
5 510.473 1020.95 1e+100
8 1324.09 2648.19 1e+100
0 609.142 609.142 1e+100
6 926.666 926.666 1e+100
3 914.391 914.391 1e+100
2 2088.04 8352.17 1e+100
9 323.329 323.329 1e+100
10 903.489 903.489 1e+100
4 364.277 728.554 1e+100
5 694.885 2779.54 1e+100
1 692.328 692.328 1e+100
7 3058.25 3058.25 1e+100
4 1078.45 1078.45 1e+100
11 379.33 758.661 1e+100
9 919.518 919.518 1e+100
0 180.127 180.127 1e+100
7 279.031 279.031 1e+100
8 531.022 2124.09 1e+100
29
8 1612.17 1612.17 1e+100
4 421.611 843.222 1e+100
2 129.403 517.611 1e+100
5 1080.63 4322.52 1e+100
1 413.461 413.461 1e+100
3 218.237 218.237 1e+100
11 661.694 1323.39 1e+100
0 710.982 710.982 1e+100
10 418.552 837.105 1e+100
9 704.34 704.34 1e+100
2 497.037 497.037 1e+100
10 54.8151 54.8151 1e+100
8 616.32 2465.28 1e+100
1 146.78 146.78 1e+100
0 119.597 119.597 1e+100
7 341.125 341.125 1e+100
4 223.39 223.39 1e+100
3 356.975 356.975 1e+100
6 1744.45 1744.45 1e+100
9 304.783 304.783 1e+100
11 123.409 123.409 1e+100
2 139.865 279.73 1e+100
7 716.274 716.274 1e+100
1 296.075 296.075 1e+100
5 643.624 1287.25 1e+100
4 171.53 171.53 1e+100
0 60.2014 60.2014 1e+100
3 48.7776 48.7776 1e+100
8 165.473 661.894 1e+100
30
6 1232.92 1232.92 1e+100
2 41.8641 83.7281 1e+100
7 282.488 564.976 1e+100
1 256.355 512.711 1e+100
8 835.695 835.695 1e+100
10 146.251 292.501 1e+100
0 1223.32 1223.32 1e+100
3 195.865 195.865 1e+100
4 955.411 1910.82 1e+100
5 440.456 880.913 1e+100
9 520.432 520.432 1e+100
2 104.571 104.571 1e+100
1 479.951 479.951 1e+100
3 173.855 173.855 1e+100
10 380.739 380.739 1e+100
11 6158.04 24632.2 1e+100
5 850.354 3401.42 1e+100
0 873.755 873.755 1e+100
8 919.408 919.408 1e+100
2 1028.74 4114.95 1e+100
9 21.6576 21.6576 1e+100
4 343.605 687.211 1e+100
1 185.279 185.279 1e+100
7 1044.64 1044.64 1e+100
3 442.435 442.435 1e+100
10 675.478 1350.96 1e+100
6 391.137 391.137 1e+100
1 1308.83 1308.83 1e+100
2 1109.6 1109.6 1e+100
5 520.14 2080.56 1e+100
41
8 634.852 634.852 1e+100
10 265.837 531.674 1e+100
1 136.788 273.577 1e+100
11 1305.52 5222.08 1e+100
0 793.929 793.929 1e+100
2 809.33 3237.32 1e+100
7 314.971 314.971 1e+100
4 935.83 1871.66 1e+100
6 857.373 857.373 1e+100
8 1316.41 2632.82 1e+100
5 850.186 1700.37 1e+100
9 1518.7 1518.7 1e+100
1 1361.84 2723.68 1e+100
3 183.29 183.29 1e+100
10 148.642 297.283 1e+100
6 1828.72 1828.72 1e+100
0 616.286 616.286 1e+100
3 1230.97 1230.97 1e+100
11 1258.04 2516.09 1e+100
4 1248.38 1248.38 1e+100
2 785.211 3140.85 1e+100
10 1534.03 3068.06 1e+100
5 1396.24 1396.24 1e+100
8 407.445 407.445 1e+100
3 1626.12 1626.12 1e+100
7 603.34 603.34 1e+100
1 618.545 618.545 1e+100
0 848.83 848.83 1e+100
9 577.869 577.869 1e+100
4 1689.48 3378.96 1e+100
2 375.111 750.222 1e+100
8 1458.97 1458.97 1e+100
10 469.922 939.843 1e+100
3 2689.38 2689.38 1e+100
5 1411.53 2823.05 1e+100
9 1756.65 1756.65 1e+100
11 1394.81 5579.23 1e+100
1 1311.5 2623 1e+100
6 1020.29 1020.29 1e+100
2 1257.23 2514.46 1e+100
7 290.226 290.226 1e+100
37
8 634.852 634.852 1e+100
10 265.837 531.674 1e+100
1 136.788 273.577 1e+100
11 1305.52 5222.08 1e+100
0 793.929 793.929 1e+100
2 809.33 3237.32 1e+100
7 314.971 314.971 1e+100
4 935.83 1871.66 1e+100
6 857.373 857.373 1e+100
8 1316.41 2632.82 1e+100
5 850.186 1700.37 1e+100
9 1518.7 1518.7 1e+100
4 2481.1 4962.2 1e+100
10 84.6097 169.219 1e+100
1 355.511 355.511 1e+100
2 1236.7 4946.82 1e+100
0 766.796 766.796 1e+100
3 128.952 128.952 1e+100
8 2327.36 2327.36 1e+100
3 1510.04 1510.04 1e+100
5 804.866 3219.47 1e+100
11 250.352 1001.41 1e+100
7 567.614 1135.23 1e+100
-1 1e+100 1e+100 1e+100
0 1275.24 1275.24 1e+100
7 2031.75 4063.51 1e+100
5 1766.03 3532.06 1e+100
2 1016.66 2033.32 1e+100
11 1404.7 2809.4 1e+100
9 608.082 608.082 1e+100
0 2237.65 2237.65 1e+100
6 378.662 378.662 1e+100
1 2100.81 4201.61 1e+100
9 2347.39 2347.39 1e+100
-1 1e+100 1e+100 1e+100
5 1790.03 1790.03 1e+100
8 1216.22 4864.88 1e+100
36
6 241.292 241.292 1e+100
5 479.873 959.746 1e+100
1 238.384 476.769 1e+100
9 1736.82 1736.82 1e+100
0 96.1445 96.1445 1e+100
10 290.821 581.642 1e+100
2 703.159 2812.64 1e+100
8 903.794 3615.18 1e+100
7 850.398 1700.8 1e+100
4 532.183 532.183 1e+100
11 469.742 1878.97 1e+100
0 917.877 917.877 1e+100
3 975.442 975.442 1e+100
10 1488.48 1488.48 1e+100
5 69.8826 139.765 1e+100
1 261.564 261.564 1e+100
7 236.405 236.405 1e+100
2 79.5739 79.5739 1e+100
4 688.167 1376.33 1e+100
0 650.468 650.468 1e+100
5 1248.97 4995.87 1e+100
5 3632.51 7265.01 1e+100
8 1022.16 1022.16 1e+100
9 69.421 69.421 1e+100
6 2246 2246 1e+100
1 986.005 986.005 1e+100
7 510.948 510.948 1e+100
0 899.004 899.004 1e+100
10 230.851 230.851 1e+100
2 476.912 953.825 1e+100
9 121.795 121.795 1e+100
8 657.565 2630.26 1e+100
11 158.727 317.454 1e+100
10 314.013 314.013 1e+100
4 521.056 521.056 1e+100
3 78.6247 78.6247 1e+100
37
8 634.852 634.852 1e+100
10 265.837 531.674 1e+100
1 136.788 273.577 1e+100
11 1305.52 5222.08 1e+100
0 793.929 793.929 1e+100
2 809.33 3237.32 1e+100
7 314.971 314.971 1e+100
4 935.83 1871.66 1e+100
6 857.373 857.373 1e+100
1 2653.71 5307.42 1e+100
5 850.186 1700.37 1e+100
9 1518.7 1518.7 1e+100
7 3344.65 6689.29 1e+100
6 3392.56 3392.56 1e+100
3 891.059 891.059 1e+100
8 247.021 988.083 1e+100
10 583.523 583.523 1e+100
4 197.951 197.951 1e+100
11 1020.47 4081.88 1e+100
5 13.0174 52.0696 1e+100
0 397.031 397.031 1e+100
2 973.35 973.35 1e+100
8 637.485 2549.94 1e+100
9 170.083 170.083 1e+100
4 806.253 1612.51 1e+100
3 644.617 644.617 1e+100
11 1288.33 5153.32 1e+100
5 1423.03 5692.1 1e+100
10 450.973 450.973 1e+100
0 1237.23 1237.23 1e+100
6 1935.52 1935.52 1e+100
1 720.57 1441.14 1e+100
11 2882.42 11529.7 1e+100
8 1138.87 1138.87 1e+100
2 866.719 3466.88 1e+100
9 543.407 543.407 1e+100
7 1015.07 2030.14 1e+100
