63
2 146.331 585.323 1e+100
3 6278.1 6278.1 1e+100
5 302.314 1209.26 1e+100
1 10553.3 10553.3 1e+100
3 189.638 189.638 1e+100
1 489.665 979.33 1e+100
0 4969.2 4969.2 1e+100
5 2248.42 8993.66 1e+100
3 3954.06 3954.06 1e+100
1 5615.41 11230.8 1e+100
0 882.823 882.823 1e+100
2 2653.59 10614.3 1e+100
2 901.359 1802.72 1e+100
2 15314.2 30628.4 1e+100
5 18458 73831.8 1e+100
4 13744.2 27488.3 1e+100
1 20281.8 40563.6 1e+100
5 22809.5 91237.9 1e+100
0 9333.61 9333.61 1e+100
3 10006.8 10006.8 1e+100
5 14750.3 59001.3 1e+100
1 16055.9 32111.8 1e+100
1 1863.74 3727.49 1e+100
4 17812.5 35624.9 1e+100
5 3300.58 13202.3 1e+100
2 24625.9 49251.7 1e+100
3 13108.4 13108.4 1e+100
4 8460.24 16920.5 1e+100
3 895.632 895.632 1e+100
0 12044.2 12044.2 1e+100
1 6539.81 13079.6 1e+100
0 14420 14420 1e+100
1 22665.2 45330.4 1e+100
3 19861.5 19861.5 1e+100
4 4910.42 9820.84 1e+100
0 4680.69 4680.69 1e+100
4 381.704 381.704 1e+100
2 19459.8 77839.1 1e+100
2 14368.8 57475.3 1e+100
3 5184.78 5184.78 1e+100
1 24656.8 49313.5 1e+100
1 10614.6 21229.3 1e+100
5 25436.9 50873.7 1e+100
2 16791 33582 1e+100
0 21708 21708 1e+100
0 15151.8 15151.8 1e+100
3 23327.4 23327.4 1e+100
4 697.481 1394.96 1e+100
2 496.455 992.909 1e+100
5 2249.25 8996.99 1e+100
2 8072.34 32289.4 1e+100
2 24824.9 99299.7 1e+100
5 4001.04 16004.2 1e+100
3 11822.2 11822.2 1e+100
2 1423.32 5693.27 1e+100
4 16004.8 32009.5 1e+100
5 5396.82 21587.3 1e+100
5 7380.92 14761.8 1e+100
0 15832.6 15832.6 1e+100
4 19910.7 39821.4 1e+100
3 13423.3 13423.3 1e+100
2 3133.67 12534.7 1e+100
1 5732.39 11464.8 1e+100
63
5 300.169 600.338 1e+100
2 3976.84 7953.68 1e+100
3 180.119 180.119 1e+100
5 2496.67 9986.7 1e+100
3 6360.53 6360.53 1e+100
1 7313.34 7313.34 1e+100
2 23786.2 95145 1e+100
5 16771.2 67085 1e+100
1 11395.5 11395.5 1e+100
5 18754.1 75016.5 1e+100
0 12963.5 12963.5 1e+100
0 10590.8 10590.8 1e+100
3 9206.82 9206.82 1e+100
4 23664.2 47328.4 1e+100
4 14561.2 29122.4 1e+100
3 17713.5 17713.5 1e+100
3 15107.3 15107.3 1e+100
4 17136 17136 1e+100
3 1531.86 1531.86 1e+100
0 15600.7 15600.7 1e+100
2 323.187 1292.75 1e+100
5 21506.6 86026.2 1e+100
5 25744.7 51489.5 1e+100
1 18927.7 37855.4 1e+100
2 24426.8 48853.6 1e+100
2 18323.8 73295.2 1e+100
5 2553.75 10215 1e+100
3 1563.23 1563.23 1e+100
3 9787.4 9787.4 1e+100
1 16158.1 32316.1 1e+100
3 22382.2 22382.2 1e+100
0 23036 23036 1e+100
0 267.721 267.721 1e+100
3 25442.4 25442.4 1e+100
4 24932.8 49865.6 1e+100
0 25836.6 25836.6 1e+100
1 21618.7 43237.5 1e+100
0 2453.86 2453.86 1e+100
2 10444.6 41778.2 1e+100
0 20019.6 20019.6 1e+100
2 1823.5 7294.02 1e+100
1 25101.7 25101.7 1e+100
1 281.153 562.306 1e+100
4 362.41 724.82 1e+100
4 2085.41 4170.83 1e+100
3 15015.7 15015.7 1e+100
0 3024.43 3024.43 1e+100
3 17339.2 17339.2 1e+100
0 15965.1 15965.1 1e+100
3 8407.34 8407.34 1e+100
5 4522.34 9044.68 1e+100
2 5366.76 21467 1e+100
2 2358.59 9434.37 1e+100
2 12120.4 24240.8 1e+100
5 7381.75 29527 1e+100
0 13520.7 13520.7 1e+100
1 10108.6 20217.3 1e+100
4 5742.52 11485 1e+100
5 1118.72 4474.89 1e+100
2 24512.7 24512.7 1e+100
4 13351.3 13351.3 1e+100
4 3400.1 6800.21 1e+100
4 15074.2 15074.2 1e+100
42
4 275.7 551.401 1e+100
2 2122.5 2122.5 1e+100
3 10661.6 10661.6 1e+100
5 4492.75 8985.49 1e+100
2 307.84 1231.36 1e+100
5 215.175 215.175 1e+100
5 11185.1 44740.5 1e+100
1 628.121 1256.24 1e+100
5 13149.4 52597.4 1e+100
4 10055.3 10055.3 1e+100
4 7765.82 7765.82 1e+100
1 11595.5 11595.5 1e+100
0 11512.9 11512.9 1e+100
2 3852.52 15410.1 1e+100
4 16942.9 33885.9 1e+100
2 7854.57 15709.1 1e+100
5 1441.71 5766.85 1e+100
1 6207.08 12414.2 1e+100
3 7126.23 7126.23 1e+100
1 2249.19 4498.39 1e+100
4 3097.71 3097.71 1e+100
4 399.408 798.816 1e+100
0 282.346 282.346 1e+100
2 13200.2 26400.3 1e+100
0 6077.18 6077.18 1e+100
3 9879.97 9879.97 1e+100
0 12266 12266 1e+100
0 2390.78 2390.78 1e+100
2 8084.99 32340 1e+100
2 15542.9 31085.9 1e+100
1 13452.5 26905.1 1e+100
2 810.008 3240.03 1e+100
3 12536.5 12536.5 1e+100
2 4057.39 16229.6 1e+100
1 8704.86 17409.7 1e+100
5 570.945 2283.78 1e+100
4 6401.76 12803.5 1e+100
3 203.737 203.737 1e+100
5 11058.3 22116.7 1e+100
3 10035.3 10035.3 1e+100
5 1828.91 7315.63 1e+100
1 2820.39 5640.78 1e+100
46
2 290.258 1161.03 1e+100
4 3172.62 3172.62 1e+100
2 3454.24 6908.49 1e+100
4 7564.17 15128.3 1e+100
1 415.465 830.93 1e+100
3 10408.9 10408.9 1e+100
4 5091.22 5091.22 1e+100
5 910.685 3642.74 1e+100
2 17063.1 68252.6 1e+100
1 11467.6 22935.3 1e+100
2 1174.14 2348.28 1e+100
5 3971.96 3971.96 1e+100
4 12246.8 24493.5 1e+100
4 277.141 554.281 1e+100
1 6914.97 13829.9 1e+100
4 17643.6 35287.2 1e+100
2 21335.8 42671.6 1e+100
3 7277.69 7277.69 1e+100
2 11292.4 45169.5 1e+100
0 6572.32 6572.32 1e+100
1 3613.93 7227.87 1e+100
0 10939.1 10939.1 1e+100
1 17568.8 35137.7 1e+100
1 580.253 580.253 1e+100
1 14357.6 28715.2 1e+100
0 3197.58 3197.58 1e+100
0 8247.74 8247.74 1e+100
0 13384.5 13384.5 1e+100
4 19045.5 38091 1e+100
0 387.132 387.132 1e+100
5 10100.3 40401.2 1e+100
2 10103.5 10103.5 1e+100
2 1100.54 4402.15 1e+100
3 13840.9 13840.9 1e+100
1 10138.5 20277 1e+100
5 1270.04 5080.15 1e+100
3 6704.63 6704.63 1e+100
2 3991.05 15964.2 1e+100
4 10090.3 20180.6 1e+100
5 2665.82 10663.3 1e+100
4 3509.16 7018.33 1e+100
3 8391.91 8391.91 1e+100
5 13312.5 26624.9 1e+100
3 142.543 142.543 1e+100
2 648.05 2592.2 1e+100
5 3962.98 7925.96 1e+100
53
4 275.7 551.401 1e+100
0 7997.39 7997.39 1e+100
4 2924.18 2924.18 1e+100
2 2155.98 4311.97 1e+100
2 307.84 1231.36 1e+100
5 215.175 215.175 1e+100
5 4278.22 17112.9 1e+100
1 628.121 1256.24 1e+100
2 18788.1 75152.3 1e+100
3 15813.5 15813.5 1e+100
3 6255.97 6255.97 1e+100
0 17504.2 17504.2 1e+100
1 2319.03 2319.03 1e+100
5 1802.64 7210.58 1e+100
4 20339.9 40679.8 1e+100
2 3124.5 6248.99 1e+100
5 15706.9 62827.8 1e+100
4 3804.57 7609.14 1e+100
3 3289.93 3289.93 1e+100
0 267.721 267.721 1e+100
1 3091.1 6182.21 1e+100
0 2643.52 2643.52 1e+100
2 20473.8 40947.6 1e+100
1 15211.4 15211.4 1e+100
1 12968.7 25937.3 1e+100
3 6443.97 6443.97 1e+100
3 183.412 183.412 1e+100
0 6801.71 6801.71 1e+100
3 15496.2 15496.2 1e+100
0 18452.4 18452.4 1e+100
3 8838.06 8838.06 1e+100
2 816.14 3264.56 1e+100
4 10683.7 21367.4 1e+100
1 22088.4 44176.9 1e+100
4 1846.67 3693.34 1e+100
1 4315.63 4315.63 1e+100
4 5956.85 11913.7 1e+100
1 1793.86 3587.71 1e+100
1 6235.43 12470.9 1e+100
0 8008.7 8008.7 1e+100
4 3621.55 7243.1 1e+100
1 7807.32 15614.6 1e+100
2 5152.96 5152.96 1e+100
5 771.182 3084.73 1e+100
4 7387.65 14775.3 1e+100
2 1246.99 4987.96 1e+100
0 9634.26 9634.26 1e+100
5 8323.02 16646 1e+100
5 4337.05 17348.2 1e+100
1 14803.7 29607.3 1e+100
2 7964.65 31858.6 1e+100
5 13956 55824 1e+100
2 2050.99 4101.98 1e+100
59
5 300.169 600.338 1e+100
2 7834.7 15669.4 1e+100
3 180.119 180.119 1e+100
2 15158.2 60632.8 1e+100
0 8599.36 8599.36 1e+100
1 5790.69 5790.69 1e+100
5 11149.3 44597.2 1e+100
5 2338.87 9355.47 1e+100
0 13066.4 13066.4 1e+100
5 15495.2 61980.8 1e+100
5 13414 13414 1e+100
3 12254.6 12254.6 1e+100
1 14927.7 14927.7 1e+100
4 14095.5 28191.1 1e+100
4 16912.4 33824.8 1e+100
5 17221.9 17221.9 1e+100
3 9412.79 9412.79 1e+100
3 15635.5 15635.5 1e+100
3 1531.86 1531.86 1e+100
3 4086.35 4086.35 1e+100
2 323.187 1292.75 1e+100
5 24382.9 97531.6 1e+100
2 1628.06 6512.25 1e+100
1 7338.7 14677.4 1e+100
4 6031.22 12062.4 1e+100
1 478.711 478.711 1e+100
0 521.59 521.59 1e+100
4 1262.41 2524.82 1e+100
1 17382.2 34764.5 1e+100
0 14608.4 14608.4 1e+100
1 13722.6 13722.6 1e+100
2 12890.6 25781.2 1e+100
3 3922.58 3922.58 1e+100
5 403.738 1614.95 1e+100
2 14932.4 59729.7 1e+100
4 16775.9 33551.7 1e+100
2 905.196 3620.78 1e+100
3 13144.4 13144.4 1e+100
2 7054.81 28219.2 1e+100
0 1110.72 1110.72 1e+100
1 22090.9 44181.8 1e+100
3 9049.68 9049.68 1e+100
2 23434.7 46869.4 1e+100
4 21309.1 42618.2 1e+100
0 15586.6 15586.6 1e+100
3 14784.5 14784.5 1e+100
5 16409.7 32819.4 1e+100
1 7531.14 15062.3 1e+100
5 3254.85 13019.4 1e+100
2 18949.9 75799.7 1e+100
2 3661.76 14647 1e+100
4 18557.1 37114.2 1e+100
5 685.339 2741.36 1e+100
3 15964.7 15964.7 1e+100
5 13639.7 27279.3 1e+100
1 18413.4 36826.8 1e+100
3 17611.5 17611.5 1e+100
4 5180.14 10360.3 1e+100
0 16223 16223 1e+100
57
2 290.258 1161.03 1e+100
2 2116.28 2116.28 1e+100
2 18149.5 36299 1e+100
4 3084.44 6168.88 1e+100
1 415.465 830.93 1e+100
3 5909.72 5909.72 1e+100
4 4698.6 4698.6 1e+100
5 910.685 3642.74 1e+100
5 19263.9 77055.5 1e+100
1 3187.49 6374.99 1e+100
2 23363.4 46726.8 1e+100
3 7336.43 7336.43 1e+100
1 26153.9 52307.8 1e+100
4 277.141 554.281 1e+100
1 19535 39069.9 1e+100
2 3557.47 7114.93 1e+100
2 19244.7 38489.4 1e+100
4 10169 10169 1e+100
5 10512.5 42050.1 1e+100
5 24582.3 49164.5 1e+100
1 22187.8 44375.6 1e+100
0 21179 21179 1e+100
1 9749.54 19499.1 1e+100
2 13244.8 52979.3 1e+100
3 11913.9 11913.9 1e+100
2 22548 45096 1e+100
4 24548.7 24548.7 1e+100
0 8877.01 8877.01 1e+100
3 24829.7 24829.7 1e+100
0 1127 1127 1e+100
4 18432.5 36865 1e+100
0 3866.06 3866.06 1e+100
5 1264.55 5058.2 1e+100
3 164.257 164.257 1e+100
2 9240.05 36960.2 1e+100
3 7136.88 7136.88 1e+100
1 1858.38 3716.76 1e+100
4 10312.1 20624.1 1e+100
4 12035.1 24070.1 1e+100
0 8603.3 8603.3 1e+100
3 12631 12631 1e+100
1 12343.8 12343.8 1e+100
0 12872.6 12872.6 1e+100
0 4163.76 4163.76 1e+100
4 3457.15 6914.3 1e+100
5 9059.77 36239.1 1e+100
2 321.682 1286.73 1e+100
1 3128.46 6256.91 1e+100
2 3687.54 14750.2 1e+100
0 10428.2 10428.2 1e+100
1 8732.44 17464.9 1e+100
4 7014.26 14028.5 1e+100
5 2596.02 10384.1 1e+100
3 16444.5 16444.5 1e+100
3 13580 13580 1e+100
4 509.561 1019.12 1e+100
3 9493.59 9493.59 1e+100
56
5 300.169 600.338 1e+100
4 8107.23 16214.5 1e+100
3 180.119 180.119 1e+100
2 3924.84 15699.4 1e+100
1 8007.59 8007.59 1e+100
2 25436.5 25436.5 1e+100
2 15340.8 61363.2 1e+100
5 16145.2 64580.7 1e+100
3 4772.59 4772.59 1e+100
5 18128.1 72512.2 1e+100
4 11921 11921 1e+100
3 9488.11 9488.11 1e+100
3 16232.6 16232.6 1e+100
2 9404.99 18810 1e+100
5 2866.44 5732.88 1e+100
4 13668.1 13668.1 1e+100
3 10971.2 10971.2 1e+100
4 15624.2 15624.2 1e+100
4 19689.8 19689.8 1e+100
1 16027.2 16027.2 1e+100
2 323.187 1292.75 1e+100
5 20880.5 83522 1e+100
2 20381.1 81524.4 1e+100
5 26123.2 52246.4 1e+100
1 20363.5 40727 1e+100
1 23101.3 23101.3 1e+100
4 22100.6 22100.6 1e+100
1 25458.2 50916.4 1e+100
2 25868.7 51737.4 1e+100
1 7316.52 14633 1e+100
2 1909.23 3818.47 1e+100
3 25814.2 25814.2 1e+100
4 14396.2 28792.4 1e+100
2 16742.2 33484.4 1e+100
5 4357.75 17431 1e+100
1 26910.9 26910.9 1e+100
2 14150.6 28301.2 1e+100
1 337.942 675.883 1e+100
3 15776.1 15776.1 1e+100
3 13796.2 13796.2 1e+100
4 22597.7 22597.7 1e+100
4 24512.4 24512.4 1e+100
3 18046.7 18046.7 1e+100
4 241.838 483.676 1e+100
2 6183.49 24734 1e+100
5 385.115 1540.46 1e+100
1 8473.12 16946.2 1e+100
5 6755.68 27022.7 1e+100
3 19302.1 19302.1 1e+100
1 13710.7 27421.3 1e+100
2 11377.1 22754.2 1e+100
2 763.755 3055.02 1e+100
5 26623.9 26623.9 1e+100
4 15989.1 15989.1 1e+100
4 3506.02 7012.03 1e+100
3 7146.63 7146.63 1e+100
56
5 173.904 695.617 1e+100
2 439.942 879.884 1e+100
4 351.152 351.152 1e+100
5 19012.8 76051.4 1e+100
4 4616.77 4616.77 1e+100
0 361.4 361.4 1e+100
0 3180.11 3180.11 1e+100
1 2924.3 2924.3 1e+100
5 9753.22 39012.9 1e+100
4 14786.9 29573.8 1e+100
1 419.595 419.595 1e+100
3 409.435 409.435 1e+100
5 3117.72 6235.45 1e+100
2 6370.84 25483.4 1e+100
5 672.62 2690.48 1e+100
0 6066.44 6066.44 1e+100
1 11115.1 22230.3 1e+100
4 15807.3 15807.3 1e+100
1 15323.2 30646.5 1e+100
0 10770.1 10770.1 1e+100
2 444.937 889.874 1e+100
3 2918.81 2918.81 1e+100
3 785.119 785.119 1e+100
2 15054.3 60217.2 1e+100
2 9963.37 39853.5 1e+100
0 2143.25 2143.25 1e+100
1 17314.8 34629.6 1e+100
1 10750.6 21501.2 1e+100
4 18637.8 37275.7 1e+100
2 12385.5 24771.1 1e+100
0 17626.4 17626.4 1e+100
3 9956.52 9956.52 1e+100
3 18506.4 18506.4 1e+100
4 5381.83 10763.7 1e+100
1 1168.77 2337.54 1e+100
2 640.067 2560.27 1e+100
5 2364.26 9457.05 1e+100
2 18880.3 75521.2 1e+100
1 19027.8 38055.5 1e+100
3 4966.35 4966.35 1e+100
0 10486.9 10486.9 1e+100
3 11314.4 11314.4 1e+100
3 2599.64 2599.64 1e+100
5 18554 18554 1e+100
3 12481.9 12481.9 1e+100
0 12538.8 12538.8 1e+100
5 20180 20180 1e+100
4 20820.2 20820.2 1e+100
2 3865.13 15460.5 1e+100
3 6161.86 6161.86 1e+100
0 21070.2 21070.2 1e+100
0 4213.08 4213.08 1e+100
5 6296.96 25187.9 1e+100
1 3717.36 7434.72 1e+100
4 5484.74 10969.5 1e+100
1 960.619 1921.24 1e+100
51
4 275.7 551.401 1e+100
2 2122.5 2122.5 1e+100
0 10908.9 10908.9 1e+100
2 4704.64 9409.28 1e+100
2 307.84 1231.36 1e+100
5 215.175 215.175 1e+100
5 6152.63 24610.5 1e+100
1 628.121 1256.24 1e+100
5 3954.42 15817.7 1e+100
4 4587.27 4587.27 1e+100
1 2904.15 2904.15 1e+100
5 13797 13797 1e+100
0 5311.42 5311.42 1e+100
2 12867.6 51470.6 1e+100
4 16815.5 33630.9 1e+100
1 13014.7 26029.5 1e+100
5 1441.71 5766.85 1e+100
4 1739.51 3479.02 1e+100
0 20963.6 20963.6 1e+100
2 14352.6 57410.4 1e+100
1 18741.4 37482.9 1e+100
2 18548.3 37096.6 1e+100
1 21784.6 21784.6 1e+100
0 521.59 521.59 1e+100
1 12955.9 25911.9 1e+100
5 20728.2 41456.4 1e+100
4 19732 39464 1e+100
2 11297.7 22595.4 1e+100
1 24980.3 24980.3 1e+100
4 3080.66 6161.32 1e+100
1 7168.24 14336.5 1e+100
2 1840.98 7363.93 1e+100
0 19793.3 19793.3 1e+100
1 693.863 1387.73 1e+100
5 13023.4 13023.4 1e+100
0 12050.5 12050.5 1e+100
0 10034.5 10034.5 1e+100
5 6681.31 6681.31 1e+100
5 10586.9 10586.9 1e+100
0 2453.68 2453.68 1e+100
2 12961.3 12961.3 1e+100
5 14314.6 14314.6 1e+100
2 18332.9 18332.9 1e+100
5 2604.68 10418.7 1e+100
0 7113.92 7113.92 1e+100
4 21504.8 21504.8 1e+100
0 13463.4 13463.4 1e+100
2 2953.45 11813.8 1e+100
4 2212.94 4425.88 1e+100
4 4531.31 9062.62 1e+100
1 1921.52 3843.04 1e+100
55
5 173.904 695.617 1e+100
2 439.942 879.884 1e+100
4 351.152 351.152 1e+100
5 22230.8 88923.3 1e+100
4 4616.77 4616.77 1e+100
0 361.4 361.4 1e+100
0 3180.11 3180.11 1e+100
1 2924.3 2924.3 1e+100
2 12929.5 51718.2 1e+100
2 18457.7 36915.3 1e+100
1 419.595 419.595 1e+100
3 409.435 409.435 1e+100
4 18949.5 37898.9 1e+100
2 1669.11 6676.45 1e+100
5 672.62 2690.48 1e+100
1 4985 9970.01 1e+100
3 2251.52 2251.52 1e+100
1 16581 33162 1e+100
0 2548.45 2548.45 1e+100
4 12860.9 25721.9 1e+100
2 17728.6 70914.5 1e+100
5 1178.23 4712.91 1e+100
0 4259.75 4259.75 1e+100
1 20897.5 41795 1e+100
2 1393.36 2786.72 1e+100
4 21639 43277.9 1e+100
4 18174.6 36349.2 1e+100
3 4774.07 4774.07 1e+100
0 5553.64 5553.64 1e+100
3 19320.5 19320.5 1e+100
4 7451.34 14902.7 1e+100
1 12202.9 24405.9 1e+100
2 2949.86 11799.4 1e+100
2 11448.8 45795.4 1e+100
2 21554.6 86218.4 1e+100
1 4582.08 9164.17 1e+100
5 22137.4 44274.8 1e+100
0 13685.8 13685.8 1e+100
3 7788.65 7788.65 1e+100
3 9591.17 9591.17 1e+100
3 12923.4 12923.4 1e+100
0 6683.86 6683.86 1e+100
4 4239.55 8479.11 1e+100
2 4585.07 18340.3 1e+100
5 5040.96 20163.8 1e+100
1 6407.42 12814.8 1e+100
5 10674 42696 1e+100
0 8241.38 8241.38 1e+100
1 15012.2 30024.4 1e+100
1 8286.74 16573.5 1e+100
5 1648.19 6592.77 1e+100
0 15244 15244 1e+100
0 10072.7 10072.7 1e+100
5 6936.5 13873 1e+100
3 9948.72 9948.72 1e+100
65
4 275.7 551.401 1e+100
0 5136.19 5136.19 1e+100
4 2924.18 2924.18 1e+100
1 3490.62 6981.24 1e+100
2 307.84 1231.36 1e+100
5 215.175 215.175 1e+100
5 16700.2 66800.7 1e+100
1 628.121 1256.24 1e+100
2 1705.38 6821.53 1e+100
3 4519.41 4519.41 1e+100
4 4421.42 4421.42 1e+100
2 3966.13 3966.13 1e+100
3 8578 8578 1e+100
5 20584 82336.2 1e+100
4 13697.2 27394.5 1e+100
5 3863.76 7727.53 1e+100
5 1441.71 5766.85 1e+100
4 17989.9 35979.7 1e+100
3 5467.34 5467.34 1e+100
0 267.721 267.721 1e+100
1 17387.6 34775.3 1e+100
0 7615.75 7615.75 1e+100
1 22150.4 44300.8 1e+100
0 10424.7 10424.7 1e+100
1 10686.1 21372.3 1e+100
0 12428.4 12428.4 1e+100
3 183.412 183.412 1e+100
2 17525.5 70102.1 1e+100
2 22679.1 90716.3 1e+100
0 16206.6 16206.6 1e+100
1 2385.58 4771.15 1e+100
1 5270.21 10540.4 1e+100
4 18606.9 37213.8 1e+100
1 23423.7 46847.5 1e+100
0 21379 21379 1e+100
0 3111.94 3111.94 1e+100
3 21007.3 21007.3 1e+100
2 19586.6 39173.2 1e+100
1 12636.2 25272.4 1e+100
2 4484.36 17937.4 1e+100
2 12794.7 51178.9 1e+100
5 5890.66 23562.6 1e+100
5 9615.79 38463.2 1e+100
3 9857.86 9857.86 1e+100
2 9172.43 36689.7 1e+100
3 6219.92 6219.92 1e+100
4 21550.8 43101.7 1e+100
3 11604.1 11604.1 1e+100
4 23627.7 47255.4 1e+100
4 1731 3461.99 1e+100
3 8004.52 8004.52 1e+100
0 12310.3 12310.3 1e+100
5 23733.4 47466.9 1e+100
1 5586.39 11172.8 1e+100
2 6096.02 24384.1 1e+100
5 19400.6 77602.6 1e+100
2 954.971 3819.88 1e+100
5 12918.1 25836.3 1e+100
5 499.699 1998.8 1e+100
3 12694.7 12694.7 1e+100
4 3048.57 6097.13 1e+100
1 14845.7 29691.5 1e+100
0 15324.6 15324.6 1e+100
1 8291.85 16583.7 1e+100
3 14030.5 14030.5 1e+100
51
5 173.904 695.617 1e+100
2 439.942 879.884 1e+100
4 351.152 351.152 1e+100
2 5009.67 20038.7 1e+100
3 5992.61 5992.61 1e+100
0 361.4 361.4 1e+100
4 2105.7 2105.7 1e+100
0 2769.94 2769.94 1e+100
5 3445.14 13780.6 1e+100
5 24560.7 49121.4 1e+100
1 419.595 419.595 1e+100
3 409.435 409.435 1e+100
5 21769.2 43538.4 1e+100
5 14637.5 58550 1e+100
5 672.62 2690.48 1e+100
1 18393.3 36786.6 1e+100
4 3111.44 6222.88 1e+100
0 11442.9 11442.9 1e+100
4 12957.6 25915.2 1e+100
2 10461.1 41844.5 1e+100
4 6587.44 6587.44 1e+100
1 743.262 1486.52 1e+100
3 10403.4 10403.4 1e+100
0 14657.6 14657.6 1e+100
0 3924.2 3924.2 1e+100
5 15854.4 63417.4 1e+100
2 15372.7 61490.8 1e+100
1 12787.2 12787.2 1e+100
1 2842.06 5684.11 1e+100
4 16615.3 33230.6 1e+100
1 20978.2 41956.5 1e+100
4 3260.21 6520.41 1e+100
0 19221.7 19221.7 1e+100
0 15541.1 15541.1 1e+100
3 21966.7 21966.7 1e+100
1 7596.12 15192.2 1e+100
1 5215.61 10431.2 1e+100
5 8414.19 33656.8 1e+100
2 10882.5 43529.8 1e+100
2 19127.2 76508.6 1e+100
5 652.693 2610.77 1e+100
3 11777.4 11777.4 1e+100
2 4293.52 17174.1 1e+100
1 8447.17 16894.3 1e+100
5 2048.48 8193.9 1e+100
4 12260.8 24521.6 1e+100
3 13464.6 13464.6 1e+100
4 18416.8 36833.7 1e+100
3 15574.2 15574.2 1e+100
5 3306.44 13225.8 1e+100
4 4534 9068.01 1e+100
54
5 173.904 695.617 1e+100
2 439.942 879.884 1e+100
4 351.152 351.152 1e+100
5 22182.6 88730.3 1e+100
4 4616.77 4616.77 1e+100
0 361.4 361.4 1e+100
0 3180.11 3180.11 1e+100
1 2924.3 2924.3 1e+100
2 16240.2 64960.8 1e+100
1 5292.45 10584.9 1e+100
1 419.595 419.595 1e+100
3 409.435 409.435 1e+100
4 17393 34785.9 1e+100
5 1150.61 4602.44 1e+100
2 4361.12 17444.5 1e+100
1 18383.3 36766.7 1e+100
2 1007.6 2015.21 1e+100
4 18955.2 37910.4 1e+100
2 9216.15 36864.6 1e+100
5 9359.78 37439.1 1e+100
4 7467.93 7467.93 1e+100
3 3732.23 3732.23 1e+100
1 20343.9 40687.8 1e+100
3 12089.9 12089.9 1e+100
3 778.473 778.473 1e+100
0 11343.8 11343.8 1e+100
0 7968.01 7968.01 1e+100
4 23942.3 47884.6 1e+100
0 4585.05 4585.05 1e+100
0 16795.6 16795.6 1e+100
3 18056.1 18056.1 1e+100
3 7060.59 7060.59 1e+100
5 432.164 1728.66 1e+100
1 3273.97 6547.94 1e+100
5 24618.3 49236.7 1e+100
4 6937.63 13875.3 1e+100
3 12720.7 12720.7 1e+100
1 9454.06 18908.1 1e+100
1 6968.43 13936.9 1e+100
1 4740.39 9480.79 1e+100
0 637.048 637.048 1e+100
5 3920.92 7841.83 1e+100
2 8749.9 17499.8 1e+100
0 11926.3 11926.3 1e+100
2 2462.29 9849.17 1e+100
1 11695.3 23390.5 1e+100
5 1271 5084.01 1e+100
3 1925.3 1925.3 1e+100
4 10267.9 20535.9 1e+100
5 10038.5 40154.2 1e+100
1 19785.3 39570.7 1e+100
2 14478.3 57913.3 1e+100
2 21010.8 84043.2 1e+100
4 7283.96 14567.9 1e+100
53
5 300.169 600.338 1e+100
4 17588.3 35176.7 1e+100
3 180.119 180.119 1e+100
2 3924.84 15699.4 1e+100
3 4254.84 4254.84 1e+100
1 5312.39 5312.39 1e+100
2 10231.5 40926 1e+100
5 18414.3 73657.2 1e+100
0 10481.6 10481.6 1e+100
2 18471 73884.1 1e+100
3 14580.7 14580.7 1e+100
3 2027.87 2027.87 1e+100
4 8912.05 8912.05 1e+100
1 24948.3 49896.6 1e+100
5 2866.44 5732.88 1e+100
0 17286.9 17286.9 1e+100
3 6054.74 6054.74 1e+100
3 18159.9 18159.9 1e+100
3 16228.2 16228.2 1e+100
3 11038.5 11038.5 1e+100
2 323.187 1292.75 1e+100
2 21527.4 86109.7 1e+100
1 15046.8 30093.5 1e+100
4 12419.2 12419.2 1e+100
1 499.63 999.26 1e+100
0 12248.6 12248.6 1e+100
1 18122.5 36245 1e+100
1 9214.12 18428.2 1e+100
5 12808 25615.9 1e+100
0 18759.4 18759.4 1e+100
2 4199.26 8398.51 1e+100
4 355.652 711.304 1e+100
2 1176.51 4706.06 1e+100
3 20335.3 20335.3 1e+100
4 16921.3 33842.6 1e+100
3 15720.2 15720.2 1e+100
1 4301.63 8603.27 1e+100
2 7309.34 14618.7 1e+100
1 2003.32 4006.64 1e+100
3 17445.1 17445.1 1e+100
2 10762.8 21525.6 1e+100
4 14064 28128 1e+100
0 573.546 573.546 1e+100
5 333.712 1334.85 1e+100
4 615.667 1231.33 1e+100
5 2189.67 8758.67 1e+100
3 3114.58 3114.58 1e+100
4 6042.39 12084.8 1e+100
5 6128.09 24512.4 1e+100
4 19272.9 38545.8 1e+100
5 15842.7 63370.9 1e+100
2 22377.8 89511.2 1e+100
2 7448.24 14896.5 1e+100
54
2 290.258 1161.03 1e+100
1 3184.44 3184.44 1e+100
4 5333.65 10667.3 1e+100
4 3084.44 6168.88 1e+100
1 415.465 830.93 1e+100
0 5233.45 5233.45 1e+100
3 11646.9 11646.9 1e+100
5 910.685 3642.74 1e+100
5 18225.5 72902.1 1e+100
1 16295.9 32591.9 1e+100
2 11360.9 22721.8 1e+100
0 14604.9 14604.9 1e+100
2 18255.1 36510.3 1e+100
4 277.141 554.281 1e+100
1 23093.8 46187.7 1e+100
4 11646.2 23292.5 1e+100
2 21629.1 43258.1 1e+100
3 13114.1 13114.1 1e+100
2 590.649 2362.6 1e+100
1 5333.39 10666.8 1e+100
4 13020.4 26040.7 1e+100
3 2584.04 2584.04 1e+100
1 18455 36910.1 1e+100
2 1268.33 5073.3 1e+100
0 371.965 371.965 1e+100
5 20264.9 40529.8 1e+100
3 21736.7 21736.7 1e+100
3 7024.13 7024.13 1e+100
0 20688.2 20688.2 1e+100
0 4047.68 4047.68 1e+100
0 6469.09 6469.09 1e+100
2 6464.1 12928.2 1e+100
3 12450.5 12450.5 1e+100
5 367.693 1470.77 1e+100
2 2585.03 10340.1 1e+100
4 15804.4 31608.7 1e+100
1 7939.46 15878.9 1e+100
4 11754.7 11754.7 1e+100
0 7090.02 7090.02 1e+100
2 8069.24 8069.24 1e+100
3 14994.1 14994.1 1e+100
5 9332.03 9332.03 1e+100
3 12622.5 12622.5 1e+100
0 14444.8 14444.8 1e+100
5 19800.2 19800.2 1e+100
2 9099 9099 1e+100
5 852.066 3408.26 1e+100
3 2107 2107 1e+100
4 18479.6 18479.6 1e+100
0 11425.8 11425.8 1e+100
5 4413.09 17652.4 1e+100
4 3593.24 7186.48 1e+100
4 574.678 1149.36 1e+100
1 3909.8 7819.6 1e+100
55
2 290.258 1161.03 1e+100
2 2116.28 2116.28 1e+100
2 28422 56844 1e+100
4 3084.44 6168.88 1e+100
1 415.465 830.93 1e+100
0 8126.35 8126.35 1e+100
5 4157.64 4157.64 1e+100
5 910.685 3642.74 1e+100
2 22134.1 88536.4 1e+100
1 3187.49 6374.99 1e+100
2 26141.9 52283.8 1e+100
5 23319.4 23319.4 1e+100
5 26732 53464 1e+100
4 277.141 554.281 1e+100
1 15430.1 30860.1 1e+100
4 4237.82 8475.63 1e+100
1 28838.2 57676.5 1e+100
0 4323.75 4323.75 1e+100
2 17935.3 71741.2 1e+100
2 30487.1 60974.2 1e+100
1 12099.7 24199.3 1e+100
0 30479.7 30479.7 1e+100
1 24590.2 49180.3 1e+100
2 1971.56 7886.25 1e+100
0 371.965 371.965 1e+100
4 15288.9 30577.7 1e+100
4 28887.7 28887.7 1e+100
0 19615.8 19615.8 1e+100
0 22961 22961 1e+100
0 6854.31 6854.31 1e+100
4 23612 23612 1e+100
5 28753.5 28753.5 1e+100
1 30026.4 30026.4 1e+100
2 4106.57 16426.3 1e+100
2 5643.88 11287.8 1e+100
1 16414.6 32829.3 1e+100
4 8630.67 17261.3 1e+100
0 15177.7 15177.7 1e+100
4 10680.2 21360.4 1e+100
4 1878.21 3756.42 1e+100
1 1209.93 2419.85 1e+100
0 8061.3 8061.3 1e+100
5 8947.69 17895.4 1e+100
4 3714.95 7429.9 1e+100
0 10038.8 10038.8 1e+100
5 797.512 3190.05 1e+100
4 5765.85 11531.7 1e+100
2 906.852 3627.41 1e+100
0 12034 12034 1e+100
1 2742.22 5484.44 1e+100
5 4363.38 17453.5 1e+100
4 15868 31736 1e+100
2 8115.47 32461.9 1e+100
5 11960.2 47840.7 1e+100
1 4635.21 9270.43 1e+100
52
2 290.258 1161.03 1e+100
2 2116.28 2116.28 1e+100
2 6233.11 12466.2 1e+100
4 3084.44 6168.88 1e+100
1 415.465 830.93 1e+100
3 10851.7 10851.7 1e+100
3 12490.4 12490.4 1e+100
5 910.685 3642.74 1e+100
2 17948.8 71795.1 1e+100
1 3187.49 6374.99 1e+100
1 6259.13 12518.3 1e+100
3 6461.01 6461.01 1e+100
4 17574 35148.1 1e+100
4 277.141 554.281 1e+100
2 12223.4 24446.8 1e+100
5 14328.8 28657.7 1e+100
4 21032.2 42064.4 1e+100
3 16195.6 16195.6 1e+100
2 3105.26 12421 1e+100
0 3623.92 3623.92 1e+100
1 11414.2 22828.4 1e+100
0 262.796 262.796 1e+100
4 8259.82 16519.6 1e+100
0 15431.3 15431.3 1e+100
1 8733.42 17466.8 1e+100
0 5138.88 5138.88 1e+100
3 183.412 183.412 1e+100
0 8906.87 8906.87 1e+100
0 6352.73 6352.73 1e+100
4 1312.61 2625.22 1e+100
3 894.724 894.724 1e+100
5 367.693 1470.77 1e+100
5 7120.8 28483.2 1e+100
1 11403.9 22807.9 1e+100
1 13662.2 27324.4 1e+100
3 16016 16016 1e+100
0 9841.51 9841.51 1e+100
3 3873.24 3873.24 1e+100
3 9561.95 9561.95 1e+100
5 15817.3 15817.3 1e+100
3 13515.8 13515.8 1e+100
2 16651.8 16651.8 1e+100
5 11276 11276 1e+100
5 13349.4 13349.4 1e+100
5 852.066 3408.26 1e+100
0 14241.3 14241.3 1e+100
1 16554.9 16554.9 1e+100
0 16071.3 16071.3 1e+100
2 1688.49 6753.96 1e+100
4 356.815 713.631 1e+100
4 7093.45 14186.9 1e+100
1 1953.99 3907.97 1e+100
38
5 173.904 695.617 1e+100
2 439.942 879.884 1e+100
4 351.152 351.152 1e+100
2 11735.9 46943.4 1e+100
4 4616.77 4616.77 1e+100
0 361.4 361.4 1e+100
0 3180.11 3180.11 1e+100
1 2924.3 2924.3 1e+100
5 3445.14 13780.6 1e+100
1 5292.45 10584.9 1e+100
1 419.595 419.595 1e+100
3 409.435 409.435 1e+100
2 4297.84 8595.68 1e+100
2 1669.11 6676.45 1e+100
5 672.62 2690.48 1e+100
4 9532.58 19065.2 1e+100
3 2251.52 2251.52 1e+100
2 16964.3 33928.5 1e+100
3 4532.71 4532.71 1e+100
1 8527.84 17055.7 1e+100
0 4431.07 4431.07 1e+100
0 1876.93 1876.93 1e+100
1 4200.1 8400.2 1e+100
3 5959.22 5959.22 1e+100
5 6559.27 26237.1 1e+100
5 2696.58 10786.3 1e+100
4 11147.5 22295 1e+100
5 9449.59 37798.4 1e+100
3 6394.56 6394.56 1e+100
2 1105.61 4422.44 1e+100
5 10994.7 21989.4 1e+100
5 6855 27420 1e+100
5 13478.1 26956.2 1e+100
0 7008.67 7008.67 1e+100
1 10696.8 21393.7 1e+100
0 4597.5 4597.5 1e+100
2 10191.3 40765.2 1e+100
4 12125.6 24251.2 1e+100
62
2 290.258 1161.03 1e+100
2 2116.28 2116.28 1e+100
4 12011.4 24022.8 1e+100
4 3084.44 6168.88 1e+100
1 415.465 830.93 1e+100
3 11432.9 11432.9 1e+100
4 13447.8 13447.8 1e+100
5 910.685 3642.74 1e+100
5 5675.21 22700.9 1e+100
1 3187.49 6374.99 1e+100
2 3688.75 7377.5 1e+100
0 14738.9 14738.9 1e+100
5 21173.6 42347.1 1e+100
4 277.141 554.281 1e+100
1 15248.5 30497 1e+100
1 24509.1 49018.2 1e+100
4 15535.8 31071.6 1e+100
3 12362.7 12362.7 1e+100
2 17985.4 71941.4 1e+100
0 5637.9 5637.9 1e+100
1 17631.9 35263.9 1e+100
0 262.796 262.796 1e+100
1 19949 39898 1e+100
0 10001.4 10001.4 1e+100
4 6828.02 13656 1e+100
0 2263.16 2263.16 1e+100
3 183.412 183.412 1e+100
5 22468.4 89873.8 1e+100
2 17780.5 71121.9 1e+100
3 16052.5 16052.5 1e+100
1 24378.2 48756.3 1e+100
4 18654.4 37308.7 1e+100
4 26259.3 52518.6 1e+100
1 5031.71 10063.4 1e+100
0 22939.6 22939.6 1e+100
3 610.358 610.358 1e+100
3 22167 22167 1e+100
4 492.022 984.043 1e+100
1 6504.85 13009.7 1e+100
5 8722.19 34888.8 1e+100
2 1485.51 5942.04 1e+100
2 21534.9 86139.7 1e+100
2 12328.9 24657.7 1e+100
1 1254.17 2508.34 1e+100
3 3672.11 3672.11 1e+100
3 10098.9 10098.9 1e+100
0 4709.26 4709.26 1e+100
0 14450.5 14450.5 1e+100
3 1739.19 1739.19 1e+100
4 14615.7 29231.4 1e+100
2 6396.81 25587.2 1e+100
2 3388.64 13554.6 1e+100
1 7734.31 15468.6 1e+100
5 10958.6 43834.2 1e+100
3 11401.4 11401.4 1e+100
4 19384.3 38768.6 1e+100
4 836.288 1672.58 1e+100
5 4022.44 16089.8 1e+100
0 16301.3 16301.3 1e+100
3 15300.3 15300.3 1e+100
2 8711.35 17422.7 1e+100
0 11113.5 11113.5 1e+100
55
2 290.258 1161.03 1e+100
2 2116.28 2116.28 1e+100
4 5758.48 11517 1e+100
5 4555.68 9111.36 1e+100
1 415.465 830.93 1e+100
3 4689.45 4689.45 1e+100
3 6328.18 6328.18 1e+100
5 910.685 3642.74 1e+100
5 19182.1 76728.3 1e+100
1 3187.49 6374.99 1e+100
5 23542 47084.1 1e+100
0 9057.95 9057.95 1e+100
4 12326.2 24652.4 1e+100
4 277.141 554.281 1e+100
2 19799 39597.9 1e+100
1 12030.3 24060.5 1e+100
1 22375.4 44750.9 1e+100
3 14073.5 14073.5 1e+100
2 13693.8 54775.3 1e+100
0 10607.9 10607.9 1e+100
1 6939.31 13878.6 1e+100
0 262.796 262.796 1e+100
4 17335.5 34671 1e+100
2 22425.5 22425.5 1e+100
4 575.102 1150.2 1e+100
0 2263.16 2263.16 1e+100
3 183.412 183.412 1e+100
3 20481.2 20481.2 1e+100
1 16102 32204 1e+100
3 4957.32 4957.32 1e+100
2 656.598 2626.39 1e+100
0 3254.31 3254.31 1e+100
2 6720.37 26881.5 1e+100
3 7570.23 7570.23 1e+100
1 5859.03 11718.1 1e+100
2 11391.2 22782.3 1e+100
1 1254.17 2508.34 1e+100
0 12254.6 12254.6 1e+100
3 13540.5 13540.5 1e+100
3 15343.1 15343.1 1e+100
0 9602.99 9602.99 1e+100
2 12556.7 12556.7 1e+100
4 3904.48 7808.97 1e+100
5 4392.93 17571.7 1e+100
5 812.138 3248.55 1e+100
4 10447.8 20895.6 1e+100
5 8514.28 34057.1 1e+100
0 14079.6 14079.6 1e+100
1 8947.26 17894.5 1e+100
2 6806.28 13612.6 1e+100
2 1623.41 6493.64 1e+100
0 15817.3 15817.3 1e+100
4 16285.7 16285.7 1e+100
4 956.895 1913.79 1e+100
3 10403.1 10403.1 1e+100
61
2 290.258 1161.03 1e+100
2 2116.28 2116.28 1e+100
4 3295.51 6591.02 1e+100
5 4555.68 9111.36 1e+100
1 415.465 830.93 1e+100
1 6813.66 6813.66 1e+100
4 4731.94 4731.94 1e+100
5 910.685 3642.74 1e+100
5 21391 85563.9 1e+100
1 3187.49 6374.99 1e+100
4 6742.95 13485.9 1e+100
4 13256.3 13256.3 1e+100
4 16601.3 33202.6 1e+100
4 277.141 554.281 1e+100
1 8689.13 17378.3 1e+100
4 19559.7 39119.3 1e+100
1 29688.7 59377.3 1e+100
0 14022.4 14022.4 1e+100
2 22951 91804.1 1e+100
2 19621 78484 1e+100
1 24646.5 49292.9 1e+100
1 19691.6 39383.1 1e+100
0 29172.7 29172.7 1e+100
0 17405.4 17405.4 1e+100
1 31554.4 63108.7 1e+100
4 22826.4 45652.8 1e+100
5 23488.7 93955 1e+100
2 9503.97 38015.9 1e+100
0 21515 21515 1e+100
2 29177.7 58355.3 1e+100
1 16071.3 32142.5 1e+100
5 27880.4 55760.9 1e+100
2 239.159 478.318 1e+100
5 33425.8 33425.8 1e+100
0 4088.94 4088.94 1e+100
4 32146.3 32146.3 1e+100
2 1384.94 2769.88 1e+100
4 6821.64 13643.3 1e+100
5 6211.95 24847.8 1e+100
2 11625.4 46501.4 1e+100
2 23228.6 92914.3 1e+100
5 12887.3 25774.7 1e+100
1 10079.2 20158.5 1e+100
0 21651.8 21651.8 1e+100
0 24196.6 24196.6 1e+100
0 7292.83 7292.83 1e+100
0 12149.5 12149.5 1e+100
0 5219.16 5219.16 1e+100
2 13750.1 27500.2 1e+100
5 1582.35 6329.41 1e+100
2 4404.88 17619.5 1e+100
1 7550.58 15101.2 1e+100
5 8448.31 33793.2 1e+100
0 393.208 393.208 1e+100
4 24768.9 49537.8 1e+100
1 11644 23288 1e+100
2 1310.73 5242.92 1e+100
0 28072.4 28072.4 1e+100
4 16038 16038 1e+100
4 2658.11 5316.23 1e+100
0 16191.9 16191.9 1e+100
49
2 290.258 1161.03 1e+100
1 3184.44 3184.44 1e+100
2 17794.5 35589.1 1e+100
4 11904.9 23809.8 1e+100
1 415.465 830.93 1e+100
4 2897.9 2897.9 1e+100
3 6934.5 6934.5 1e+100
5 910.685 3642.74 1e+100
5 15120.9 60483.6 1e+100
2 2483.15 4966.29 1e+100
4 4719.65 9439.31 1e+100
3 8898.65 8898.65 1e+100
1 13716.8 27433.6 1e+100
4 277.141 554.281 1e+100
4 18207.3 36414.6 1e+100
2 15110.5 30220.9 1e+100
1 16411.7 32823.3 1e+100
3 12528.3 12528.3 1e+100
5 3317.46 13269.8 1e+100
1 4389.52 8779.05 1e+100
3 16586.3 16586.3 1e+100
1 6768.29 13536.6 1e+100
3 21117.1 21117.1 1e+100
2 20432.5 40864.9 1e+100
0 12638.9 12638.9 1e+100
4 19736.5 19736.5 1e+100
0 8380.25 8380.25 1e+100
0 18243.6 18243.6 1e+100
2 1701.67 6806.67 1e+100
1 6584.93 13169.9 1e+100
1 17593.5 35187 1e+100
2 7524.02 15048 1e+100
0 566.496 566.496 1e+100
0 13599 13599 1e+100
3 160.756 160.756 1e+100
3 10350.2 10350.2 1e+100
4 10326.3 10326.3 1e+100
3 5761.14 5761.14 1e+100
4 7936.09 7936.09 1e+100
5 13696.5 13696.5 1e+100
3 15670.1 15670.1 1e+100
5 1002.18 4008.73 1e+100
0 2255.26 2255.26 1e+100
5 16701.8 16701.8 1e+100
2 12769 12769 1e+100
2 1993.92 7975.67 1e+100
4 414.17 828.341 1e+100
5 4092.29 8184.57 1e+100
4 2260.91 4521.81 1e+100
55
5 173.904 695.617 1e+100
2 439.942 879.884 1e+100
4 351.152 351.152 1e+100
2 5009.67 20038.7 1e+100
3 5992.61 5992.61 1e+100
0 361.4 361.4 1e+100
4 2105.7 2105.7 1e+100
0 2769.94 2769.94 1e+100
5 3445.14 13780.6 1e+100
1 3025.41 6050.82 1e+100
1 419.595 419.595 1e+100
3 409.435 409.435 1e+100
4 3669.59 7339.19 1e+100
5 18217.4 72869.7 1e+100
5 672.62 2690.48 1e+100
1 5860.84 11721.7 1e+100
1 12133.8 24267.6 1e+100
0 16603.2 16603.2 1e+100
4 5952.13 11904.3 1e+100
5 14148.3 56593.3 1e+100
2 13026.7 13026.7 1e+100
1 8576.21 17152.4 1e+100
4 16512.3 16512.3 1e+100
3 14502.7 14502.7 1e+100
0 3924.2 3924.2 1e+100
0 7860.1 7860.1 1e+100
1 13806 13806 1e+100
4 7538.54 15077.1 1e+100
3 11476.3 11476.3 1e+100
5 9831.7 39326.8 1e+100
2 15544.9 62179.6 1e+100
1 15862.7 31725.5 1e+100
2 5003.16 20012.7 1e+100
0 9122.53 9122.53 1e+100
5 1554.46 6217.82 1e+100
3 6047.51 6047.51 1e+100
5 16741.4 33482.7 1e+100
3 15967.9 15967.9 1e+100
2 8874.61 17749.2 1e+100
4 8122.51 16245 1e+100
2 12019.2 12019.2 1e+100
3 14043.1 14043.1 1e+100
4 10147.7 20295.4 1e+100
1 17717.9 35435.7 1e+100
5 6414.21 25656.8 1e+100
2 19562.4 78249.5 1e+100
2 5946.26 23785 1e+100
5 18211 36422 1e+100
5 3844.69 15378.8 1e+100
3 7125.5 7125.5 1e+100
4 17409.2 34818.4 1e+100
1 19062.1 38124.2 1e+100
3 16485.3 16485.3 1e+100
1 8874.67 17749.3 1e+100
0 15963.4 15963.4 1e+100
45
5 300.169 600.338 1e+100
1 5362.61 10725.2 1e+100
3 180.119 180.119 1e+100
2 3924.84 15699.4 1e+100
0 7914.26 7914.26 1e+100
0 5773.71 5773.71 1e+100
5 15689.2 62756.6 1e+100
2 10585.9 42343.5 1e+100
3 12801.1 12801.1 1e+100
5 13056 52224 1e+100
4 12499.5 12499.5 1e+100
3 2027.87 2027.87 1e+100
1 11426.2 11426.2 1e+100
5 17893.1 35786.3 1e+100
5 2866.44 5732.88 1e+100
3 3632.95 3632.95 1e+100
0 12555.7 12555.7 1e+100
0 15290.4 15290.4 1e+100
3 7829.62 7829.62 1e+100
4 20709.7 20709.7 1e+100
2 323.187 1292.75 1e+100
2 13550.9 54203.8 1e+100
1 13450.3 26900.6 1e+100
3 16340.6 16340.6 1e+100
1 499.63 999.26 1e+100
0 282.346 282.346 1e+100
2 17720.1 35440.2 1e+100
0 14992.2 14992.2 1e+100
5 17384.4 17384.4 1e+100
3 19776.6 19776.6 1e+100
0 18102.5 18102.5 1e+100
5 1585.89 6343.56 1e+100
1 4720.59 9441.18 1e+100
1 14803.6 29607.2 1e+100
2 436.68 1746.72 1e+100
3 647.275 647.275 1e+100
5 4567.48 18269.9 1e+100
4 214.073 428.146 1e+100
5 2354.34 9417.37 1e+100
4 2559.01 5118.03 1e+100
0 4268.63 4268.63 1e+100
4 10338.2 20676.5 1e+100
4 4315.82 4315.82 1e+100
2 1315.26 5261.05 1e+100
1 443.256 886.511 1e+100
