63
2 146.331 585.323 1e+100
4 285.073 285.073 1e+100
5 302.314 1209.26 1e+100
3 158.879 158.879 1e+100
0 606.3 606.3 1e+100
1 489.665 979.33 1e+100
0 4529.74 4529.74 1e+100
5 1947.43 7789.73 1e+100
9 349.622 349.622 1e+100
4 1951.32 3902.64 1e+100
6 1917.67 1917.67 1e+100
2 2718.72 10874.9 1e+100
1 1607.81 3215.62 1e+100
1 3254.99 6509.99 1e+100
8 1642.05 6568.19 1e+100
7 155.444 310.888 1e+100
7 2474.78 4949.56 1e+100
8 4123.03 16492.1 1e+100
6 4083.32 4083.32 1e+100
0 1786.43 1786.43 1e+100
2 541.722 2166.89 1e+100
4 3931.43 7862.86 1e+100
7 4374.13 8748.27 1e+100
2 4292.57 8585.13 1e+100
5 2995.15 11980.6 1e+100
1 5710.55 11421.1 1e+100
3 5856.37 5856.37 1e+100
1 7029.91 14059.8 1e+100
0 5261.09 5261.09 1e+100
3 548.024 548.024 1e+100
7 6036.09 12072.2 1e+100
9 493.278 493.278 1e+100
4 4630.33 9260.67 1e+100
3 1971.39 1971.39 1e+100
1 9949.56 19899.1 1e+100
9 3822.35 3822.35 1e+100
0 5473.7 5473.7 1e+100
2 9021.37 36085.5 1e+100
2 6368.46 25473.9 1e+100
9 1407.83 1407.83 1e+100
4 5155.69 10311.4 1e+100
7 7504.77 15009.5 1e+100
4 6909.25 13818.5 1e+100
1 1459.79 2919.58 1e+100
6 2938.21 2938.21 1e+100
0 5569.18 5569.18 1e+100
6 5421.91 5421.91 1e+100
5 8948.38 17896.8 1e+100
1 5862.68 11725.4 1e+100
5 1718.66 6874.63 1e+100
2 2966.84 11867.4 1e+100
8 1965.29 7861.14 1e+100
8 5183.33 20733.3 1e+100
9 5076.5 5076.5 1e+100
5 2657.13 10628.5 1e+100
7 7420.12 14840.2 1e+100
8 6566.34 26265.4 1e+100
8 8523.14 17046.3 1e+100
3 3842.68 3842.68 1e+100
4 6820.37 13640.7 1e+100
9 2594.32 2594.32 1e+100
5 4210.75 16843 1e+100
7 2656.64 5313.28 1e+100
63
4 276.138 552.276 1e+100
1 599.336 1198.67 1e+100
6 2682.24 2682.24 1e+100
2 296.525 1186.1 1e+100
6 4510.68 4510.68 1e+100
7 2264.01 2264.01 1e+100
5 606.844 2427.38 1e+100
2 5015.59 20062.4 1e+100
8 311.352 311.352 1e+100
5 2667.24 10669 1e+100
0 587.306 587.306 1e+100
3 154.813 154.813 1e+100
0 3023.53 3023.53 1e+100
7 5478.29 10956.6 1e+100
1 2742.23 5484.47 1e+100
3 9293.12 9293.12 1e+100
6 7978.78 7978.78 1e+100
9 9205.02 9205.02 1e+100
3 5776.2 5776.2 1e+100
0 8337.98 8337.98 1e+100
2 6124.97 24499.9 1e+100
8 1446.04 5784.15 1e+100
7 5991.48 11983 1e+100
7 1231.29 2462.59 1e+100
4 780.962 1561.92 1e+100
8 3281 13124 1e+100
5 4330.74 17323 1e+100
9 291.731 291.731 1e+100
2 919.518 919.518 1e+100
4 5260.74 10521.5 1e+100
3 881.815 881.815 1e+100
6 9473.02 9473.02 1e+100
8 10489.8 10489.8 1e+100
0 8289.22 8289.22 1e+100
1 2802.05 5604.1 1e+100
0 1943.28 1943.28 1e+100
1 3908.52 7817.05 1e+100
9 2622.47 2622.47 1e+100
8 3893.22 15572.9 1e+100
9 824.163 824.163 1e+100
5 873.301 3493.21 1e+100
0 2831.88 2831.88 1e+100
4 1497.14 2994.28 1e+100
4 4965.98 9931.96 1e+100
1 5376.74 10753.5 1e+100
3 8125.84 8125.84 1e+100
6 1404.17 1404.17 1e+100
3 6417.82 6417.82 1e+100
4 7948.22 7948.22 1e+100
9 2444.06 2444.06 1e+100
7 5509.86 11019.7 1e+100
5 3077.55 12310.2 1e+100
2 3512.44 14049.8 1e+100
4 6146.74 12293.5 1e+100
8 4693.38 18773.5 1e+100
3 2026.75 2026.75 1e+100
5 4978.49 9956.98 1e+100
1 6884.48 13769 1e+100
2 5288.1 21152.4 1e+100
5 7460.54 7460.54 1e+100
9 5400.78 5400.78 1e+100
7 6649.13 13298.3 1e+100
6 4069.72 4069.72 1e+100
42
7 2391.08 4782.16 1e+100
6 2453.11 2453.11 1e+100
1 609.998 609.998 1e+100
4 308.224 616.448 1e+100
5 290.732 1162.93 1e+100
9 228.387 228.387 1e+100
2 339.11 1356.44 1e+100
4 1777.29 3554.59 1e+100
2 2276.09 9104.36 1e+100
3 145.938 145.938 1e+100
0 614.388 614.388 1e+100
9 1691.25 1691.25 1e+100
0 2866.38 2866.38 1e+100
2 4197.88 16791.5 1e+100
8 400.367 800.735 1e+100
1 3610.98 7221.96 1e+100
5 3355.64 13422.6 1e+100
5 963.935 1927.87 1e+100
3 998.866 998.866 1e+100
7 3339.29 6678.58 1e+100
9 2088.59 2088.59 1e+100
1 154.432 308.863 1e+100
0 4618.2 4618.2 1e+100
7 3958.32 7916.64 1e+100
0 1789.57 1789.57 1e+100
4 1209.73 1209.73 1e+100
6 3394.28 3394.28 1e+100
6 1107.14 1107.14 1e+100
5 1616.87 6467.49 1e+100
1 1001.81 2003.62 1e+100
7 3806.91 7613.81 1e+100
8 312.039 1248.16 1e+100
9 3485.84 3485.84 1e+100
2 384.495 1537.98 1e+100
2 2621.07 5242.13 1e+100
8 1695.04 6780.18 1e+100
8 3651.84 7303.68 1e+100
9 831.568 831.568 1e+100
4 1122.18 2244.37 1e+100
5 4072.77 4072.77 1e+100
5 1092.91 4371.62 1e+100
1 817.519 1635.04 1e+100
46
5 318.099 1272.39 1e+100
6 2281.63 2281.63 1e+100
2 163.775 327.55 1e+100
4 232.672 465.343 1e+100
1 415.465 830.93 1e+100
9 312.83 312.83 1e+100
3 161.303 161.303 1e+100
2 1547.82 6191.27 1e+100
8 1176.61 4706.46 1e+100
7 935.94 1871.88 1e+100
5 1201.5 2403 1e+100
0 596.622 596.622 1e+100
8 3564.01 7128.02 1e+100
4 1568.54 3137.08 1e+100
7 4426.35 8852.7 1e+100
5 4420.24 8840.48 1e+100
1 3449.13 6898.26 1e+100
9 1233.27 1233.27 1e+100
5 2161.88 8647.54 1e+100
3 1411.26 1411.26 1e+100
1 980.607 1961.21 1e+100
6 2084.9 2084.9 1e+100
7 823.29 1646.58 1e+100
0 2813.05 2813.05 1e+100
4 1495.16 2990.33 1e+100
0 683.85 683.85 1e+100
9 3118.38 3118.38 1e+100
3 2005.77 2005.77 1e+100
1 5670.3 11340.6 1e+100
9 611.503 611.503 1e+100
2 417.541 1670.16 1e+100
9 3450.79 3450.79 1e+100
8 2229.77 8919.08 1e+100
6 2312.81 2312.81 1e+100
4 996.66 1993.32 1e+100
5 1782.8 7131.19 1e+100
0 2387.07 2387.07 1e+100
8 2564.33 10257.3 1e+100
7 2654.3 5308.61 1e+100
5 3165.8 12663.2 1e+100
4 3784.64 7569.29 1e+100
3 2393.35 2393.35 1e+100
1 1029.86 2059.72 1e+100
9 2971.98 2971.98 1e+100
2 880.733 3522.93 1e+100
4 622.721 1245.44 1e+100
53
7 2391.08 4782.16 1e+100
6 2453.11 2453.11 1e+100
1 609.998 609.998 1e+100
4 308.224 616.448 1e+100
5 290.732 1162.93 1e+100
9 228.387 228.387 1e+100
2 339.11 1356.44 1e+100
5 5636.74 11273.5 1e+100
2 2276.09 9104.36 1e+100
3 145.938 145.938 1e+100
0 614.388 614.388 1e+100
3 2031.91 2031.91 1e+100
4 1384.27 1384.27 1e+100
5 3606.69 14426.8 1e+100
8 400.367 800.735 1e+100
1 2057 4114 1e+100
5 1234.83 4939.34 1e+100
7 3796.93 7593.85 1e+100
0 1680.2 1680.2 1e+100
6 2902.71 2902.71 1e+100
1 4327.2 8654.39 1e+100
9 522.386 522.386 1e+100
4 3745.69 7491.38 1e+100
4 1325.84 1325.84 1e+100
1 1755.21 3510.42 1e+100
3 1951.47 1951.47 1e+100
0 1946.37 1946.37 1e+100
6 2893.3 2893.3 1e+100
3 3324.18 3324.18 1e+100
3 5932.28 5932.28 1e+100
6 4581.6 4581.6 1e+100
2 127.668 510.672 1e+100
2 1636.88 3273.77 1e+100
4 3024.44 6048.88 1e+100
7 1792.32 3584.63 1e+100
9 2437.2 2437.2 1e+100
5 6115.84 12231.7 1e+100
8 440.289 880.577 1e+100
1 2374.25 4748.5 1e+100
9 455.34 455.34 1e+100
4 6691.57 13383.1 1e+100
1 3823.1 7646.19 1e+100
0 2671.83 2671.83 1e+100
8 1863.19 7452.74 1e+100
7 5126.64 10253.3 1e+100
5 1753.74 7014.98 1e+100
0 520.623 520.623 1e+100
7 2968.86 5937.71 1e+100
2 3471.04 13884.2 1e+100
1 5659.9 11319.8 1e+100
8 4491.1 17964.4 1e+100
2 4443.73 17774.9 1e+100
5 2552.76 5105.52 1e+100
59
4 276.138 552.276 1e+100
1 599.336 1198.67 1e+100
6 2682.24 2682.24 1e+100
2 296.525 1186.1 1e+100
4 2027.38 2027.38 1e+100
7 2264.01 2264.01 1e+100
5 606.844 2427.38 1e+100
2 1964.45 7857.79 1e+100
8 311.352 311.352 1e+100
5 2667.24 10669 1e+100
0 587.306 587.306 1e+100
3 154.813 154.813 1e+100
0 3023.53 3023.53 1e+100
1 4114.69 8229.38 1e+100
4 8129.87 16259.7 1e+100
0 5602.4 5602.4 1e+100
6 4008.83 4008.83 1e+100
1 1788.04 1788.04 1e+100
3 1307.48 1307.48 1e+100
9 5543.65 5543.65 1e+100
2 3073.83 12295.3 1e+100
8 1446.04 5784.15 1e+100
5 3046.15 12184.6 1e+100
8 2312.03 4624.07 1e+100
7 982.9 1965.8 1e+100
9 5538.56 5538.56 1e+100
9 1057.57 1057.57 1e+100
4 1139.15 2278.31 1e+100
8 2932.42 5864.83 1e+100
3 630.612 630.612 1e+100
3 2688.86 2688.86 1e+100
1 2223.07 4446.14 1e+100
6 3157.73 3157.73 1e+100
2 2124.99 8499.97 1e+100
5 2998.25 11993 1e+100
4 1926.61 3853.21 1e+100
2 3385.78 13543.1 1e+100
6 3924.66 3924.66 1e+100
5 4784.65 19138.6 1e+100
3 5052.69 5052.69 1e+100
1 2510.14 5020.27 1e+100
0 4349.59 4349.59 1e+100
7 3344.54 6689.07 1e+100
1 4342.64 8685.28 1e+100
3 3264.01 3264.01 1e+100
6 5550.19 5550.19 1e+100
7 5045.09 10090.2 1e+100
4 5741.88 11483.8 1e+100
2 4810.08 19240.3 1e+100
8 2857.3 11429.2 1e+100
8 6300.32 25201.3 1e+100
1 5756.85 11513.7 1e+100
2 6356.38 25425.5 1e+100
9 4677.34 4677.34 1e+100
7 6383.98 12768 1e+100
7 291.443 582.886 1e+100
0 1140.17 1140.17 1e+100
5 5511.81 11023.6 1e+100
0 4537.52 4537.52 1e+100
57
5 318.099 1272.39 1e+100
6 2281.63 2281.63 1e+100
2 163.775 327.55 1e+100
4 232.672 465.343 1e+100
1 415.465 830.93 1e+100
9 312.83 312.83 1e+100
3 161.303 161.303 1e+100
2 1547.82 6191.27 1e+100
8 1176.61 4706.46 1e+100
7 935.94 1871.88 1e+100
4 1804.56 3609.13 1e+100
0 596.622 596.622 1e+100
7 3962.72 7925.45 1e+100
5 3035.78 6071.55 1e+100
1 1271.92 2543.83 1e+100
4 3215.17 6430.35 1e+100
2 2895.35 5790.7 1e+100
3 1484.05 1484.05 1e+100
5 615.247 2460.99 1e+100
8 2052.8 4105.59 1e+100
1 3542.33 7084.67 1e+100
6 5049.78 5049.78 1e+100
7 942.658 1885.32 1e+100
8 6226.93 24907.7 1e+100
9 622.136 622.136 1e+100
1 8206.82 16413.6 1e+100
3 3137.32 3137.32 1e+100
0 264.924 264.924 1e+100
3 4809.1 4809.1 1e+100
6 1060.89 1060.89 1e+100
7 4939.71 9879.43 1e+100
0 1145.21 1145.21 1e+100
5 1760.02 7040.09 1e+100
9 829.785 829.785 1e+100
8 2637.5 10550 1e+100
7 1903.44 1903.44 1e+100
1 2178.99 4357.97 1e+100
4 468.658 937.316 1e+100
1 3362.85 6725.71 1e+100
0 4236.86 4236.86 1e+100
9 4296.75 4296.75 1e+100
9 979.27 979.27 1e+100
6 5063.37 5063.37 1e+100
0 966.799 966.799 1e+100
4 3570.09 7140.19 1e+100
5 2715.09 10860.4 1e+100
8 5087.24 20348.9 1e+100
4 1649.42 3298.85 1e+100
2 503.365 2013.46 1e+100
0 2048.21 2048.21 1e+100
5 4616.03 9232.06 1e+100
7 5871.14 11742.3 1e+100
2 3312.74 13251 1e+100
3 5677.18 5677.18 1e+100
9 5234.33 5234.33 1e+100
4 4709.36 9418.72 1e+100
9 1173.68 1173.68 1e+100
56
4 276.138 552.276 1e+100
1 599.336 1198.67 1e+100
6 2682.24 2682.24 1e+100
2 296.525 1186.1 1e+100
4 2027.38 2027.38 1e+100
7 2264.01 2264.01 1e+100
5 606.844 2427.38 1e+100
5 2778.52 11114.1 1e+100
8 311.352 311.352 1e+100
2 1858.09 7432.36 1e+100
0 587.306 587.306 1e+100
3 154.813 154.813 1e+100
0 3023.53 3023.53 1e+100
1 1985.65 3971.29 1e+100
1 4566.98 9133.95 1e+100
6 4105.87 4105.87 1e+100
3 3004.21 3004.21 1e+100
9 5412.71 5412.71 1e+100
3 1307.48 1307.48 1e+100
3 5042.62 5042.62 1e+100
2 3058.8 12235.2 1e+100
8 1446.04 5784.15 1e+100
2 4350.11 17400.5 1e+100
8 2312.03 4624.07 1e+100
7 982.9 1965.8 1e+100
9 775.887 775.887 1e+100
0 2047.47 2047.47 1e+100
1 4234.77 8469.55 1e+100
8 5824.53 11649.1 1e+100
1 5833.75 11667.5 1e+100
4 700.08 1400.16 1e+100
8 7343.01 7343.01 1e+100
7 2651.04 5302.08 1e+100
7 5529.68 11059.4 1e+100
2 3576.87 14307.5 1e+100
0 1756.84 1756.84 1e+100
7 2938.32 5876.63 1e+100
5 751.744 1503.49 1e+100
9 2436.29 2436.29 1e+100
6 1169.18 1169.18 1e+100
9 4678.9 4678.9 1e+100
3 3036.18 3036.18 1e+100
6 2744.62 2744.62 1e+100
4 349.35 698.7 1e+100
2 4743.45 18973.8 1e+100
5 5004.79 20019.2 1e+100
4 4216.35 8432.7 1e+100
8 1221.49 4885.96 1e+100
6 3826.03 3826.03 1e+100
7 5532.31 11064.6 1e+100
4 1804.55 3609.1 1e+100
5 2035.14 8140.55 1e+100
0 4023.89 4023.89 1e+100
3 4789.5 4789.5 1e+100
4 5305.81 10611.6 1e+100
6 4501.07 4501.07 1e+100
56
2 281.903 1127.61 1e+100
7 2572.48 5144.95 1e+100
9 421.911 421.911 1e+100
8 493.345 1973.38 1e+100
6 264.453 264.453 1e+100
1 271.729 271.729 1e+100
3 152.312 152.312 1e+100
0 251.81 251.81 1e+100
5 204.204 816.814 1e+100
4 353.653 707.306 1e+100
3 1551.3 1551.3 1e+100
0 2115.97 2115.97 1e+100
7 3746.91 7493.82 1e+100
5 1658 6631.99 1e+100
2 775.006 3100.02 1e+100
9 907.263 907.263 1e+100
4 962.661 1925.32 1e+100
3 4313.91 4313.91 1e+100
8 1962.07 3924.14 1e+100
4 3934.91 3934.91 1e+100
4 2084.65 4169.29 1e+100
3 1601.97 1601.97 1e+100
0 2370.98 2370.98 1e+100
2 1422.69 5690.76 1e+100
5 1300.55 5202.19 1e+100
6 1349.15 1349.15 1e+100
4 4450.44 8900.88 1e+100
1 2009.87 4019.73 1e+100
8 1860.85 3721.71 1e+100
1 262.682 525.365 1e+100
9 1167.61 1167.61 1e+100
0 2466.47 2466.47 1e+100
8 5459.97 5459.97 1e+100
7 2013.35 4026.7 1e+100
1 3114.12 6228.24 1e+100
5 2693.83 10775.3 1e+100
2 2711.85 10847.4 1e+100
8 2907.68 11630.7 1e+100
7 5241.6 10483.2 1e+100
6 5151.35 5151.35 1e+100
0 5519.02 5519.02 1e+100
6 1537.69 1537.69 1e+100
3 5677.28 5677.28 1e+100
1 6325.14 6325.14 1e+100
0 3273.72 3273.72 1e+100
6 2618.53 2618.53 1e+100
6 6436.18 6436.18 1e+100
9 5153.12 5153.12 1e+100
5 2833.94 11335.8 1e+100
3 3115.19 3115.19 1e+100
9 2004.47 2004.47 1e+100
5 5539.63 5539.63 1e+100
2 3366.26 13465.1 1e+100
1 3203.22 6406.43 1e+100
4 4201.63 8403.25 1e+100
7 1293.93 2587.85 1e+100
51
7 2391.08 4782.16 1e+100
6 2453.11 2453.11 1e+100
1 609.998 609.998 1e+100
4 308.224 616.448 1e+100
5 290.732 1162.93 1e+100
9 228.387 228.387 1e+100
2 339.11 1356.44 1e+100
4 1777.29 3554.59 1e+100
5 1681.62 6726.46 1e+100
3 145.938 145.938 1e+100
0 614.388 614.388 1e+100
9 1691.25 1691.25 1e+100
3 2185.05 2185.05 1e+100
2 2162.5 8649.99 1e+100
8 400.367 800.735 1e+100
1 2057 4114 1e+100
2 3667.13 14668.5 1e+100
5 2991.26 5982.52 1e+100
0 1680.2 1680.2 1e+100
5 4216.98 16867.9 1e+100
7 6372.58 12745.2 1e+100
4 3554.44 7108.87 1e+100
9 1371.34 1371.34 1e+100
3 1530.8 1530.8 1e+100
8 5176.51 10353 1e+100
7 3346.19 6692.39 1e+100
7 1263.14 2526.29 1e+100
1 2469.95 4939.9 1e+100
7 6449.86 6449.86 1e+100
4 142.083 284.167 1e+100
1 373.61 747.22 1e+100
2 1572.54 6290.18 1e+100
3 1240.17 1240.17 1e+100
8 905.465 1810.93 1e+100
0 276.429 276.429 1e+100
9 1024.83 1024.83 1e+100
0 3916.44 3916.44 1e+100
6 226.877 226.877 1e+100
6 2050.48 2050.48 1e+100
0 5042.6 5042.6 1e+100
9 2925.12 2925.12 1e+100
6 3670.08 3670.08 1e+100
9 4697.2 4697.2 1e+100
5 1944.72 7778.88 1e+100
0 1471.35 1471.35 1e+100
3 2998.04 2998.04 1e+100
5 4650.41 4650.41 1e+100
2 1671.31 6685.24 1e+100
1 989.032 1978.06 1e+100
4 2231.31 4462.62 1e+100
1 2817.88 5635.77 1e+100
55
2 281.903 1127.61 1e+100
7 2572.48 5144.95 1e+100
9 421.911 421.911 1e+100
8 493.345 1973.38 1e+100
6 264.453 264.453 1e+100
1 271.729 271.729 1e+100
3 152.312 152.312 1e+100
0 251.81 251.81 1e+100
5 204.204 816.814 1e+100
4 353.653 707.306 1e+100
3 1551.3 1551.3 1e+100
0 2115.97 2115.97 1e+100
4 1640.03 3280.05 1e+100
2 1033.34 4133.36 1e+100
5 1399.66 5598.65 1e+100
1 1418.27 2836.55 1e+100
9 846.882 846.882 1e+100
7 2365.43 4730.87 1e+100
3 1159.11 1159.11 1e+100
8 57.0404 114.081 1e+100
5 2047.35 8189.38 1e+100
2 675.892 2703.57 1e+100
6 1342.76 1342.76 1e+100
1 1514.8 3029.6 1e+100
4 2091.39 4182.79 1e+100
8 1188.46 2376.91 1e+100
4 344.211 688.422 1e+100
9 1263.88 1263.88 1e+100
0 892.172 892.172 1e+100
9 3747.58 3747.58 1e+100
7 5318.9 10637.8 1e+100
4 3195.65 6391.3 1e+100
5 3512.17 14048.7 1e+100
2 1893.51 7574.05 1e+100
8 2235.29 8941.15 1e+100
7 1133.13 2266.26 1e+100
4 4338.9 8677.8 1e+100
6 1131.99 1131.99 1e+100
3 981.166 981.166 1e+100
0 1993.07 1993.07 1e+100
3 2540.3 2540.3 1e+100
6 3307.22 3307.22 1e+100
1 4886.12 9772.24 1e+100
2 3205.32 12821.3 1e+100
2 6057.72 24230.9 1e+100
7 2313.89 4627.79 1e+100
8 3704.45 14817.8 1e+100
0 3040.84 3040.84 1e+100
4 5771.34 11542.7 1e+100
1 2386.79 4773.58 1e+100
5 3914.86 15659.5 1e+100
3 4328.53 4328.53 1e+100
6 4197.78 4197.78 1e+100
7 5208.23 10416.5 1e+100
0 3715.88 3715.88 1e+100
65
7 2391.08 4782.16 1e+100
6 2453.11 2453.11 1e+100
1 609.998 609.998 1e+100
4 308.224 616.448 1e+100
5 290.732 1162.93 1e+100
9 228.387 228.387 1e+100
2 339.11 1356.44 1e+100
4 1777.29 3554.59 1e+100
2 2276.09 9104.36 1e+100
3 145.938 145.938 1e+100
0 614.388 614.388 1e+100
3 2031.91 2031.91 1e+100
9 1844.38 1844.38 1e+100
8 7429.26 29717.1 1e+100
8 400.367 800.735 1e+100
1 2057 4114 1e+100
2 3881.53 15526.1 1e+100
4 2832.74 5665.48 1e+100
5 440.054 440.054 1e+100
0 3858.71 3858.71 1e+100
1 6485.43 12970.9 1e+100
3 2904.48 2904.48 1e+100
7 4463.32 8926.65 1e+100
9 1785.95 1785.95 1e+100
1 7607.42 15214.8 1e+100
0 639.411 639.411 1e+100
6 1775.28 1775.28 1e+100
5 4942.01 19768.1 1e+100
2 5039.26 20157.1 1e+100
9 2703.92 2703.92 1e+100
7 1077.97 2155.94 1e+100
5 281.803 563.605 1e+100
1 8864.44 17728.9 1e+100
1 171.199 342.397 1e+100
6 6329.47 6329.47 1e+100
6 3452.41 3452.41 1e+100
6 8813.17 8813.17 1e+100
2 9445.25 18890.5 1e+100
7 8418.41 16836.8 1e+100
8 1087.94 4351.78 1e+100
2 6256.89 25027.5 1e+100
5 8318.04 33272.2 1e+100
8 4330.4 17321.6 1e+100
9 4942.62 4942.62 1e+100
5 788.201 3152.8 1e+100
3 6464.85 6464.85 1e+100
4 4891.37 9782.74 1e+100
9 3054.67 3054.67 1e+100
4 6691.5 13383 1e+100
4 8528 17056 1e+100
6 892.598 892.598 1e+100
3 2736.05 2736.05 1e+100
7 9893.49 19787 1e+100
7 3883.86 7767.73 1e+100
8 5754.7 23018.8 1e+100
5 5820.65 23282.6 1e+100
2 829.298 3317.19 1e+100
1 148.623 297.246 1e+100
8 7301.01 29204 1e+100
0 4112.87 4112.87 1e+100
4 147.01 294.021 1e+100
4 1834.28 3668.56 1e+100
0 1761.55 1761.55 1e+100
7 4349.78 8699.56 1e+100
3 3013.55 3013.55 1e+100
51
2 281.903 1127.61 1e+100
7 2572.48 5144.95 1e+100
9 421.911 421.911 1e+100
8 493.345 1973.38 1e+100
6 264.453 264.453 1e+100
1 271.729 271.729 1e+100
3 152.312 152.312 1e+100
0 251.81 251.81 1e+100
5 204.204 816.814 1e+100
4 353.653 707.306 1e+100
0 2429.43 2429.43 1e+100
3 1502.18 1502.18 1e+100
4 1640.03 3280.05 1e+100
2 1033.34 4133.36 1e+100
5 1399.66 5598.65 1e+100
8 1636.36 3272.73 1e+100
4 4694.04 9388.07 1e+100
9 2722.18 2722.18 1e+100
1 682.716 1365.43 1e+100
2 1869.85 7479.41 1e+100
3 3264.8 3264.8 1e+100
4 1431.29 2862.58 1e+100
6 405.397 405.397 1e+100
9 5442.76 5442.76 1e+100
6 2077.18 2077.18 1e+100
5 2047.35 8189.38 1e+100
5 4302.25 17209 1e+100
3 501.836 501.836 1e+100
1 1151.44 2302.88 1e+100
7 2589.09 5178.18 1e+100
1 2905 5809.99 1e+100
7 841.905 1683.81 1e+100
6 3508.95 3508.95 1e+100
3 5060.06 5060.06 1e+100
6 5992.65 5992.65 1e+100
4 5893.56 11787.1 1e+100
4 3572.07 7144.14 1e+100
2 1527.2 6108.79 1e+100
5 5519.87 22079.5 1e+100
8 101.527 406.109 1e+100
8 3319.58 13278.3 1e+100
0 166.908 166.908 1e+100
2 4823.52 19294.1 1e+100
7 4371.76 8743.52 1e+100
8 4702.58 18810.3 1e+100
4 6273.62 12547.2 1e+100
0 1645.18 1645.18 1e+100
1 2816.12 5632.24 1e+100
3 1421.8 1421.8 1e+100
2 1521.9 6087.58 1e+100
7 1465.22 2930.44 1e+100
54
2 281.903 1127.61 1e+100
7 2572.48 5144.95 1e+100
9 421.911 421.911 1e+100
8 493.345 1973.38 1e+100
6 264.453 264.453 1e+100
1 271.729 271.729 1e+100
3 152.312 152.312 1e+100
0 251.81 251.81 1e+100
5 204.204 816.814 1e+100
4 353.653 707.306 1e+100
9 1463.57 1463.57 1e+100
0 2115.97 2115.97 1e+100
4 6628.53 13257.1 1e+100
2 1033.34 4133.36 1e+100
5 1399.66 5598.65 1e+100
4 2460.79 4921.57 1e+100
4 704.62 1409.24 1e+100
1 21.3104 42.6207 1e+100
8 2190.56 8762.22 1e+100
5 5206.99 20827.9 1e+100
3 200.324 200.324 1e+100
0 2779.08 2779.08 1e+100
7 4001.31 8002.61 1e+100
9 1462.13 1462.13 1e+100
9 5680.79 5680.79 1e+100
6 4402.87 4402.87 1e+100
3 1487.8 1487.8 1e+100
1 2012.37 4024.75 1e+100
9 2515.94 2515.94 1e+100
3 2821.84 2821.84 1e+100
6 101.844 101.844 1e+100
8 2486.56 2486.56 1e+100
2 127.668 510.672 1e+100
7 48.0571 96.1143 1e+100
1 4394.36 8788.71 1e+100
7 3980.31 7960.62 1e+100
0 3607.22 3607.22 1e+100
4 4257.71 8515.42 1e+100
2 5140.9 10281.8 1e+100
5 4013.73 8027.47 1e+100
3 3938.77 3938.77 1e+100
5 117.825 235.649 1e+100
5 5462.58 10925.2 1e+100
0 4944.63 4944.63 1e+100
2 2640.23 10560.9 1e+100
7 5316.42 10632.8 1e+100
2 552.23 2208.92 1e+100
0 957.506 957.506 1e+100
4 5487.85 10975.7 1e+100
8 2472.67 9890.68 1e+100
1 812.831 1625.66 1e+100
8 3631.99 14527.9 1e+100
8 5588.41 22353.6 1e+100
2 5274.81 10549.6 1e+100
53
4 276.138 552.276 1e+100
1 599.336 1198.67 1e+100
6 2682.24 2682.24 1e+100
2 296.525 1186.1 1e+100
0 2711.59 2711.59 1e+100
7 2264.01 2264.01 1e+100
5 606.844 2427.38 1e+100
2 1964.45 7857.79 1e+100
8 311.352 311.352 1e+100
5 2667.24 10669 1e+100
0 587.306 587.306 1e+100
3 154.813 154.813 1e+100
3 3745.14 3745.14 1e+100
5 8654.32 17308.6 1e+100
4 6784.39 13568.8 1e+100
4 1545.84 1545.84 1e+100
3 1465.51 1465.51 1e+100
1 1788.04 1788.04 1e+100
6 4032.91 4032.91 1e+100
9 3373.64 3373.64 1e+100
2 6884.74 27539 1e+100
8 1446.04 5784.15 1e+100
4 3410.06 6820.12 1e+100
9 326.51 326.51 1e+100
7 1786.31 3572.63 1e+100
0 1437.34 1437.34 1e+100
8 1016.33 2032.66 1e+100
4 6120.63 12241.3 1e+100
7 6073.47 12146.9 1e+100
9 3650.4 3650.4 1e+100
1 556.29 1112.58 1e+100
1 5803.05 11606.1 1e+100
5 75.5651 302.26 1e+100
3 693.57 693.57 1e+100
5 5793.08 11586.2 1e+100
0 1589.45 1589.45 1e+100
7 6169.82 12339.6 1e+100
1 6408.24 12816.5 1e+100
1 2621.34 5242.69 1e+100
0 3297.31 3297.31 1e+100
7 471.945 943.89 1e+100
1 626.499 1253 1e+100
6 2614.23 2614.23 1e+100
2 199.731 798.926 1e+100
2 6143.18 12286.4 1e+100
5 1241.83 4967.31 1e+100
6 463.02 463.02 1e+100
2 3985.4 7970.79 1e+100
8 35.6091 142.436 1e+100
4 4854.56 9709.11 1e+100
8 1194.93 4779.7 1e+100
8 3151.34 12605.4 1e+100
7 1094.4 2188.81 1e+100
54
5 318.099 1272.39 1e+100
6 2281.63 2281.63 1e+100
2 163.775 327.55 1e+100
4 232.672 465.343 1e+100
1 415.465 830.93 1e+100
9 312.83 312.83 1e+100
3 161.303 161.303 1e+100
2 1547.82 6191.27 1e+100
8 1176.61 4706.46 1e+100
7 935.94 1871.88 1e+100
5 1201.5 2403 1e+100
0 596.622 596.622 1e+100
7 3962.72 7925.45 1e+100
2 4235.26 8470.51 1e+100
1 1271.92 2543.83 1e+100
4 3534.17 7068.35 1e+100
2 7878.57 15757.1 1e+100
9 6458.69 6458.69 1e+100
5 2161.88 8647.54 1e+100
8 2052.8 4105.59 1e+100
4 398.932 797.863 1e+100
3 4985.83 4985.83 1e+100
7 942.658 1885.32 1e+100
5 5253.53 21014.1 1e+100
0 5973.62 5973.62 1e+100
4 3122.73 6245.46 1e+100
3 1815.72 1815.72 1e+100
6 6417.92 6417.92 1e+100
2 7990.06 7990.06 1e+100
0 807 807 1e+100
0 2865.25 2865.25 1e+100
4 4568.14 9136.28 1e+100
9 5593.58 5593.58 1e+100
5 1126.25 4504.99 1e+100
8 2365.18 9460.7 1e+100
7 1877.53 3755.07 1e+100
1 4846.18 9692.37 1e+100
3 5487.38 5487.38 1e+100
6 5809.83 5809.83 1e+100
9 403.235 403.235 1e+100
9 6046.6 6046.6 1e+100
1 213.73 213.73 1e+100
6 182.327 182.327 1e+100
8 4255.89 4255.89 1e+100
4 6126.73 6126.73 1e+100
8 6027.98 6027.98 1e+100
2 503.413 2013.65 1e+100
6 1517.82 1517.82 1e+100
7 4822.69 4822.69 1e+100
0 3880.74 3880.74 1e+100
5 3036.52 12146.1 1e+100
4 3363.06 6726.12 1e+100
7 2174.06 4348.12 1e+100
1 898.513 1797.03 1e+100
55
5 318.099 1272.39 1e+100
6 2281.63 2281.63 1e+100
2 163.775 327.55 1e+100
4 232.672 465.343 1e+100
1 415.465 830.93 1e+100
9 312.83 312.83 1e+100
3 161.303 161.303 1e+100
2 1547.82 6191.27 1e+100
8 1176.61 4706.46 1e+100
7 935.94 1871.88 1e+100
5 1201.5 2403 1e+100
0 596.622 596.622 1e+100
1 3551.1 7102.2 1e+100
5 10536.9 21073.7 1e+100
1 1271.92 2543.83 1e+100
4 3534.17 7068.35 1e+100
1 5151.54 10303.1 1e+100
3 1484.05 1484.05 1e+100
5 2161.88 8647.54 1e+100
7 3662.15 7324.3 1e+100
4 398.932 797.863 1e+100
6 5903.7 5903.7 1e+100
7 942.658 1885.32 1e+100
2 1974.45 7897.8 1e+100
9 371.965 371.965 1e+100
7 8180.31 16360.6 1e+100
3 4839.09 4839.09 1e+100
0 370.226 370.226 1e+100
0 7337.64 7337.64 1e+100
8 1390.85 1390.85 1e+100
6 862.949 862.949 1e+100
3 5515.91 5515.91 1e+100
3 1510.32 1510.32 1e+100
5 694.391 2777.57 1e+100
4 7113.14 14226.3 1e+100
7 2096.05 4192.09 1e+100
2 7542.17 15084.3 1e+100
0 152.304 152.304 1e+100
5 7789.5 15579 1e+100
4 885.48 1770.96 1e+100
1 6705.53 13411.1 1e+100
9 139.863 139.863 1e+100
2 3102.19 6204.39 1e+100
4 4192.42 8384.83 1e+100
0 1489.71 1489.71 1e+100
5 1392.71 5570.85 1e+100
2 4724.06 9448.12 1e+100
2 824.939 3299.76 1e+100
9 1271.52 1271.52 1e+100
5 3065.27 6130.54 1e+100
8 1864.8 7459.19 1e+100
1 1787.58 3575.16 1e+100
8 3024.11 12096.5 1e+100
8 4980.53 19922.1 1e+100
4 1019.39 2038.78 1e+100
52
5 318.099 1272.39 1e+100
6 2281.63 2281.63 1e+100
2 163.775 327.55 1e+100
4 232.672 465.343 1e+100
1 415.465 830.93 1e+100
9 312.83 312.83 1e+100
3 161.303 161.303 1e+100
2 1547.82 6191.27 1e+100
8 1176.61 4706.46 1e+100
7 935.94 1871.88 1e+100
5 1201.5 2403 1e+100
0 596.622 596.622 1e+100
8 3564.01 7128.02 1e+100
4 1568.54 3137.08 1e+100
7 4426.35 8852.7 1e+100
2 4066.71 8133.42 1e+100
1 3449.13 6898.26 1e+100
9 1233.27 1233.27 1e+100
5 2161.88 8647.54 1e+100
3 1411.26 1411.26 1e+100
1 980.607 1961.21 1e+100
0 3732.87 3732.87 1e+100
7 823.29 1646.58 1e+100
0 1264.11 1264.11 1e+100
4 1495.16 2990.33 1e+100
6 1239.03 1239.03 1e+100
9 1584.9 1584.9 1e+100
3 2110.39 2110.39 1e+100
6 1902.96 1902.96 1e+100
5 3669.23 7338.46 1e+100
9 4268.74 4268.74 1e+100
5 1126.25 4504.99 1e+100
8 1886.74 7546.96 1e+100
1 2373.57 4747.14 1e+100
4 771.165 1542.33 1e+100
9 898.246 898.246 1e+100
0 4993.46 4993.46 1e+100
0 3450.56 3450.56 1e+100
3 4995.41 4995.41 1e+100
9 4528.01 4528.01 1e+100
6 3541.84 3541.84 1e+100
3 2581.56 2581.56 1e+100
5 5227.82 5227.82 1e+100
7 5015.88 5015.88 1e+100
2 508.693 2034.77 1e+100
6 1520.35 1520.35 1e+100
7 1867.24 1867.24 1e+100
2 3214.38 3214.38 1e+100
8 2314.01 9256.06 1e+100
5 2464.15 4928.29 1e+100
1 2670.09 5340.18 1e+100
4 1997.94 3995.87 1e+100
38
2 281.903 1127.61 1e+100
7 2572.48 5144.95 1e+100
9 421.911 421.911 1e+100
8 493.345 1973.38 1e+100
6 264.453 264.453 1e+100
1 271.729 271.729 1e+100
3 152.312 152.312 1e+100
0 251.81 251.81 1e+100
5 204.204 816.814 1e+100
4 353.653 707.306 1e+100
3 1551.3 1551.3 1e+100
9 1414.45 1414.45 1e+100
4 1640.03 3280.05 1e+100
2 1033.34 4133.36 1e+100
5 1399.66 5598.65 1e+100
1 1418.27 2836.55 1e+100
0 1353.79 1353.79 1e+100
7 2365.43 4730.87 1e+100
1 2650.56 2650.56 1e+100
8 57.0404 114.081 1e+100
6 1818.57 1818.57 1e+100
3 399.835 399.835 1e+100
4 433.03 866.06 1e+100
0 2434.75 2434.75 1e+100
5 642.428 2569.71 1e+100
2 52.3364 209.346 1e+100
8 1270.84 2541.69 1e+100
5 1521.7 6086.81 1e+100
9 166.908 166.908 1e+100
2 1906.23 7624.94 1e+100
4 160.549 321.098 1e+100
5 2904.71 11618.8 1e+100
7 518.548 1037.1 1e+100
9 1645.18 1645.18 1e+100
4 3050.93 6101.86 1e+100
3 547.98 547.98 1e+100
8 2054.71 8218.83 1e+100
1 675.387 1350.77 1e+100
62
5 318.099 1272.39 1e+100
6 2281.63 2281.63 1e+100
2 163.775 327.55 1e+100
4 232.672 465.343 1e+100
1 415.465 830.93 1e+100
9 312.83 312.83 1e+100
3 161.303 161.303 1e+100
2 1547.82 6191.27 1e+100
8 1176.61 4706.46 1e+100
7 935.94 1871.88 1e+100
5 1201.5 2403 1e+100
0 596.622 596.622 1e+100
7 5531.46 11062.9 1e+100
4 1568.54 3137.08 1e+100
5 5033.44 10066.9 1e+100
4 3209.29 6418.58 1e+100
1 3449.13 6898.26 1e+100
9 1233.27 1233.27 1e+100
2 3627.86 14511.5 1e+100
0 2139.2 2139.2 1e+100
1 980.607 1961.21 1e+100
6 2084.9 2084.9 1e+100
1 4379.46 8758.91 1e+100
6 3993.66 3993.66 1e+100
4 3309.75 6619.49 1e+100
3 2586.01 2586.01 1e+100
9 1584.9 1584.9 1e+100
5 366.988 1467.95 1e+100
8 1674.94 6699.76 1e+100
3 171.496 171.496 1e+100
7 599.985 1199.97 1e+100
4 3805.31 7610.63 1e+100
7 3820.36 7640.72 1e+100
1 7418.09 14836.2 1e+100
6 4742.83 4742.83 1e+100
9 1680.38 1680.38 1e+100
6 7226.53 7226.53 1e+100
4 7022.45 14044.9 1e+100
7 6845.39 13690.8 1e+100
8 3068.23 12272.9 1e+100
2 2243.21 8972.86 1e+100
5 3703.03 14812.1 1e+100
4 4669.82 9339.64 1e+100
8 6651.94 13303.9 1e+100
9 2550.15 2550.15 1e+100
0 4522.68 4522.68 1e+100
0 1205.2 1205.2 1e+100
3 5031.06 5031.06 1e+100
3 1990.54 1990.54 1e+100
1 7474.37 14948.7 1e+100
2 3555.02 14220.1 1e+100
8 4082.73 16330.9 1e+100
4 7655.47 15310.9 1e+100
5 5172.19 20688.8 1e+100
3 3071.95 3071.95 1e+100
5 7848.89 15697.8 1e+100
1 3396.67 6793.35 1e+100
2 5802.82 23211.3 1e+100
9 4045.75 4045.75 1e+100
0 5460.26 5460.26 1e+100
7 7202.34 14404.7 1e+100
0 1399.6 1399.6 1e+100
55
5 318.099 1272.39 1e+100
6 2281.63 2281.63 1e+100
2 163.775 327.55 1e+100
4 232.672 465.343 1e+100
1 415.465 830.93 1e+100
9 312.83 312.83 1e+100
3 161.303 161.303 1e+100
2 1547.82 6191.27 1e+100
8 1176.61 4706.46 1e+100
7 935.94 1871.88 1e+100
4 1804.56 3609.13 1e+100
0 596.622 596.622 1e+100
8 3564.01 7128.02 1e+100
4 3377.35 6754.69 1e+100
2 2941.36 5882.71 1e+100
4 5018.1 10036.2 1e+100
1 1225.91 2451.82 1e+100
0 2212 2212 1e+100
5 615.247 2460.99 1e+100
3 1411.26 1411.26 1e+100
7 2384.03 4768.06 1e+100
9 396.094 396.094 1e+100
1 2156.23 4312.47 1e+100
3 2834.62 2834.62 1e+100
5 1159.47 2318.95 1e+100
9 2273.18 2273.18 1e+100
0 4095.83 4095.83 1e+100
3 3917.95 3917.95 1e+100
1 3002.5 6005 1e+100
6 496.705 496.705 1e+100
2 5487.35 21949.4 1e+100
0 1329.42 1329.42 1e+100
5 1105.43 4421.71 1e+100
3 4806.56 4806.56 1e+100
7 991.316 1982.63 1e+100
4 4102.04 8204.08 1e+100
7 2175.18 4350.37 1e+100
9 1513.96 1513.96 1e+100
6 573.326 573.326 1e+100
6 3745.54 3745.54 1e+100
0 4488.9 4488.9 1e+100
6 2148.76 2148.76 1e+100
7 4323.12 8646.25 1e+100
8 1393.21 5572.84 1e+100
5 3873.87 15495.5 1e+100
4 5282.8 10565.6 1e+100
2 401.707 1606.83 1e+100
9 3242.19 3242.19 1e+100
8 3294.15 6588.3 1e+100
4 1328.62 2657.24 1e+100
5 904.207 3616.83 1e+100
9 4875.08 4875.08 1e+100
6 4602.46 4602.46 1e+100
1 3676.81 7353.62 1e+100
0 1637.16 1637.16 1e+100
61
5 318.099 1272.39 1e+100
6 2281.63 2281.63 1e+100
2 163.775 327.55 1e+100
4 232.672 465.343 1e+100
1 415.465 830.93 1e+100
9 312.83 312.83 1e+100
3 161.303 161.303 1e+100
2 1547.82 6191.27 1e+100
8 1176.61 4706.46 1e+100
7 935.94 1871.88 1e+100
5 1201.5 2403 1e+100
0 596.622 596.622 1e+100
7 2369.41 4738.82 1e+100
4 3354.22 6708.45 1e+100
1 1271.92 2543.83 1e+100
4 1377.47 2754.94 1e+100
7 3969.85 7939.71 1e+100
3 1484.05 1484.05 1e+100
5 2161.88 8647.54 1e+100
2 2567.76 10271 1e+100
8 1329.19 2658.38 1e+100
4 3558.96 7117.92 1e+100
0 596.521 596.521 1e+100
6 906.355 906.355 1e+100
1 1259.74 2519.48 1e+100
8 1949.57 3899.14 1e+100
5 2173.76 8695.06 1e+100
2 3154.79 12619.1 1e+100
9 615.383 615.383 1e+100
7 3894.95 7789.91 1e+100
4 5020.89 10041.8 1e+100
8 7621.23 15242.5 1e+100
1 5333.84 10667.7 1e+100
0 1956.73 1956.73 1e+100
3 444.404 444.404 1e+100
0 4440.43 4440.43 1e+100
1 8307.61 16615.2 1e+100
4 6125.14 12250.3 1e+100
2 4548.07 18192.3 1e+100
5 3462.92 13851.7 1e+100
8 2235.66 8942.64 1e+100
1 2543.46 5086.91 1e+100
4 7268.39 14536.8 1e+100
3 1314.17 1314.17 1e+100
3 3675.81 3675.81 1e+100
9 636.573 636.573 1e+100
9 3682.72 3682.72 1e+100
6 991.171 991.171 1e+100
7 7266.28 14532.6 1e+100
5 4774.73 19098.9 1e+100
2 7920.43 31681.7 1e+100
1 5302.6 10605.2 1e+100
8 3704.83 14819.3 1e+100
6 2072.58 2072.58 1e+100
5 6675.67 13351.3 1e+100
7 4766.95 9533.9 1e+100
2 4950.77 19803.1 1e+100
6 3705.47 3705.47 1e+100
3 4613.39 4613.39 1e+100
1 8196.94 16393.9 1e+100
9 830.981 830.981 1e+100
49
5 318.099 1272.39 1e+100
6 2281.63 2281.63 1e+100
2 163.775 327.55 1e+100
4 232.672 465.343 1e+100
1 415.465 830.93 1e+100
9 312.83 312.83 1e+100
3 161.303 161.303 1e+100
2 1547.82 6191.27 1e+100
8 1176.61 4706.46 1e+100
7 935.94 1871.88 1e+100
5 3009.63 6019.26 1e+100
0 596.622 596.622 1e+100
7 2369.41 4738.82 1e+100
4 3354.22 6708.45 1e+100
2 2941.36 5882.71 1e+100
4 1377.47 2754.94 1e+100
1 3924.72 7849.45 1e+100
3 1484.05 1484.05 1e+100
5 615.247 2460.99 1e+100
1 1143.23 2286.46 1e+100
9 766.093 766.093 1e+100
4 3215.19 6430.37 1e+100
0 168.99 168.99 1e+100
8 84.6796 169.359 1e+100
6 540.117 540.117 1e+100
9 874.022 874.022 1e+100
8 790.657 790.657 1e+100
7 118.6 118.6 1e+100
5 694.391 2777.57 1e+100
4 2522.46 5044.92 1e+100
8 1345.44 2690.89 1e+100
7 1630.58 3261.15 1e+100
3 121.766 121.766 1e+100
6 3327.58 3327.58 1e+100
0 160.756 160.756 1e+100
9 1774.11 1774.11 1e+100
3 1764.84 1764.84 1e+100
6 1082.27 1082.27 1e+100
0 2770.01 2770.01 1e+100
9 3239.47 3239.47 1e+100
3 3419.02 3419.02 1e+100
2 588.996 2355.98 1e+100
0 793.843 793.843 1e+100
7 3817.31 3817.31 1e+100
2 3294.68 3294.68 1e+100
5 2707.87 10831.5 1e+100
5 261.066 522.132 1e+100
1 1220.88 2441.76 1e+100
4 2477.27 4954.55 1e+100
55
2 281.903 1127.61 1e+100
7 2572.48 5144.95 1e+100
9 421.911 421.911 1e+100
8 493.345 1973.38 1e+100
6 264.453 264.453 1e+100
1 271.729 271.729 1e+100
3 152.312 152.312 1e+100
0 251.81 251.81 1e+100
5 204.204 816.814 1e+100
4 353.653 707.306 1e+100
9 1463.57 1463.57 1e+100
9 3565.39 3565.39 1e+100
7 3746.91 7493.82 1e+100
2 1033.34 4133.36 1e+100
2 3318.03 13272.1 1e+100
8 1636.36 3272.73 1e+100
1 1380.45 2760.91 1e+100
6 1268.15 1268.15 1e+100
1 3374.6 6749.21 1e+100
5 675.316 2701.26 1e+100
0 413.419 413.419 1e+100
4 258.163 516.325 1e+100
3 4289.01 4289.01 1e+100
3 8234.69 8234.69 1e+100
9 5693.62 5693.62 1e+100
3 547.732 547.732 1e+100
9 2392.46 2392.46 1e+100
4 3432.83 6865.66 1e+100
0 998.315 998.315 1e+100
5 1346.7 5386.81 1e+100
8 1948.74 7794.97 1e+100
1 2842.66 5685.33 1e+100
5 2607.49 10430 1e+100
4 456.363 456.363 1e+100
2 3338.48 13353.9 1e+100
6 6971.36 6971.36 1e+100
4 3719.9 7439.8 1e+100
0 5162.29 5162.29 1e+100
7 5242.72 10485.4 1e+100
4 5552.4 11104.8 1e+100
6 3377.8 3377.8 1e+100
6 1660.91 1660.91 1e+100
7 1183.4 2366.79 1e+100
1 4663.32 9326.63 1e+100
5 4031.79 16127.1 1e+100
8 2806.53 11226.1 1e+100
2 859.194 3436.78 1e+100
5 5542.37 11084.7 1e+100
2 5495.68 21982.7 1e+100
0 831.547 831.547 1e+100
7 6296.65 12593.3 1e+100
7 2189.62 4379.25 1e+100
0 1952.86 1952.86 1e+100
1 5129.23 10258.5 1e+100
6 3520.06 3520.06 1e+100
45
4 276.138 552.276 1e+100
1 599.336 1198.67 1e+100
6 2682.24 2682.24 1e+100
2 296.525 1186.1 1e+100
0 4698.35 4698.35 1e+100
7 2264.01 2264.01 1e+100
5 606.844 2427.38 1e+100
2 4073.5 16294 1e+100
8 311.352 311.352 1e+100
5 2667.24 10669 1e+100
0 587.306 587.306 1e+100
3 154.813 154.813 1e+100
4 2160.36 2160.36 1e+100
1 1985.65 3971.29 1e+100
1 4566.98 9133.95 1e+100
7 9677.63 9677.63 1e+100
3 1465.51 1465.51 1e+100
0 2226.82 2226.82 1e+100
7 3446.41 3446.41 1e+100
6 5603.85 5603.85 1e+100
2 1004.12 4016.48 1e+100
8 1446.04 5784.15 1e+100
4 3155.41 6310.82 1e+100
6 2556.72 2556.72 1e+100
5 2594.44 5188.87 1e+100
3 875.582 875.582 1e+100
8 1016.33 2032.66 1e+100
3 2217.54 2217.54 1e+100
6 4324.65 4324.65 1e+100
4 3095.23 3095.23 1e+100
3 3905.84 3905.84 1e+100
5 2197.38 8789.51 1e+100
7 1060.53 2121.06 1e+100
8 864.917 1729.83 1e+100
2 866.988 3467.95 1e+100
0 3483.86 3483.86 1e+100
5 2513.26 10053.1 1e+100
1 1467.88 2935.76 1e+100
2 2249.99 8999.97 1e+100
7 2170.84 4341.67 1e+100
0 829.582 829.582 1e+100
4 2542.91 5085.82 1e+100
2 3900.58 3900.58 1e+100
8 3120.51 12482 1e+100
1 2448.42 4896.84 1e+100
58
4 276.138 552.276 1e+100
1 599.336 1198.67 1e+100
6 2682.24 2682.24 1e+100
2 296.525 1186.1 1e+100
3 2238.83 2238.83 1e+100
7 2264.01 2264.01 1e+100
5 606.844 2427.38 1e+100
5 2778.52 11114.1 1e+100
8 311.352 311.352 1e+100
2 3960.83 15843.3 1e+100
0 587.306 587.306 1e+100
3 154.813 154.813 1e+100
0 3023.53 3023.53 1e+100
1 1985.65 3971.29 1e+100
4 3944.85 7889.69 1e+100
1 3671.18 3671.18 1e+100
6 4008.83 4008.83 1e+100
9 6952.14 6952.14 1e+100
7 3446.41 3446.41 1e+100
3 3592.93 3592.93 1e+100
2 1004.12 4016.48 1e+100
8 1446.04 5784.15 1e+100
8 3035.64 6071.28 1e+100
4 515.489 1030.98 1e+100
0 4631.33 4631.33 1e+100
4 4779.99 9559.98 1e+100
5 5343.82 21375.3 1e+100
0 7469.75 7469.75 1e+100
7 4648.05 9296.1 1e+100
6 6436.99 6436.99 1e+100
1 9722.12 9722.12 1e+100
3 8062.31 8062.31 1e+100
3 4963.14 4963.14 1e+100
3 2313.73 2313.73 1e+100
6 7113.8 7113.8 1e+100
6 3108.22 3108.22 1e+100
2 5498.62 21994.5 1e+100
1 3585.51 7171.02 1e+100
4 5541.17 11082.3 1e+100
5 6961.55 13923.1 1e+100
0 6769.45 6769.45 1e+100
5 169.108 338.216 1e+100
7 618.772 1237.54 1e+100
7 4196.71 8393.42 1e+100
9 320.481 320.481 1e+100
1 731.706 1463.41 1e+100
5 4131.07 8262.14 1e+100
9 5720.15 5720.15 1e+100
2 479.429 1917.71 1e+100
7 5801.05 11602.1 1e+100
2 2304.06 9216.23 1e+100
9 3568.94 3568.94 1e+100
1 4702.98 9405.96 1e+100
8 35.6091 142.436 1e+100
4 1959.65 3919.3 1e+100
8 1194.93 4779.7 1e+100
8 3151.34 12605.4 1e+100
2 4907.96 9815.91 1e+100
65
2 146.331 585.323 1e+100
4 285.073 285.073 1e+100
5 302.314 1209.26 1e+100
3 158.879 158.879 1e+100
0 606.3 606.3 1e+100
1 489.665 979.33 1e+100
9 2300.5 2300.5 1e+100
5 1947.43 7789.73 1e+100
9 349.622 349.622 1e+100
2 7170.67 14341.3 1e+100
6 1917.67 1917.67 1e+100
2 2718.72 10874.9 1e+100
4 1814.41 3628.83 1e+100
1 1745.85 3491.7 1e+100
8 1642.05 6568.19 1e+100
7 155.444 310.888 1e+100
7 2474.78 4949.56 1e+100
8 4123.03 16492.1 1e+100
3 1773.87 1773.87 1e+100
0 1786.43 1786.43 1e+100
2 541.722 2166.89 1e+100
7 5794.95 11589.9 1e+100
4 7877.64 15755.3 1e+100
4 3317.02 6634.03 1e+100
5 2995.15 11980.6 1e+100
1 2623.03 5246.06 1e+100
3 3964.45 3964.45 1e+100
1 3942.4 7884.79 1e+100
9 3031.85 3031.85 1e+100
8 6696.77 13393.5 1e+100
4 5202.09 10404.2 1e+100
3 8896.88 8896.88 1e+100
7 2796.68 5593.36 1e+100
2 2542.2 10168.8 1e+100
0 3586.27 3586.27 1e+100
5 7092.22 14184.4 1e+100
6 3658.35 3658.35 1e+100
0 1614.65 1614.65 1e+100
6 1352.57 1352.57 1e+100
4 7415.31 14830.6 1e+100
1 4123.49 8246.99 1e+100
6 4738.77 4738.77 1e+100
1 5279.74 10559.5 1e+100
1 6615.99 13232 1e+100
2 4665.95 18663.8 1e+100
3 2726.54 2726.54 1e+100
2 8550.62 17101.2 1e+100
9 1141.92 1141.92 1e+100
1 7296.35 14592.7 1e+100
2 6489.22 12978.4 1e+100
5 6640.88 13281.8 1e+100
0 4557.42 4557.42 1e+100
7 6664.8 13329.6 1e+100
5 8089.73 16179.5 1e+100
9 2479.33 2479.33 1e+100
5 573.209 2292.84 1e+100
7 8286.67 16573.3 1e+100
5 2397.84 9591.35 1e+100
0 2035.76 2035.76 1e+100
1 8526.49 17053 1e+100
8 408.78 1635.12 1e+100
4 6149.24 12298.5 1e+100
8 3494.49 13978 1e+100
8 5450.91 21803.6 1e+100
7 3356.77 6713.54 1e+100
59
4 276.138 552.276 1e+100
1 599.336 1198.67 1e+100
6 2682.24 2682.24 1e+100
2 296.525 1186.1 1e+100
1 2327.97 2327.97 1e+100
7 2264.01 2264.01 1e+100
5 606.844 2427.38 1e+100
5 2778.52 11114.1 1e+100
8 311.352 311.352 1e+100
5 4731.49 18926 1e+100
0 587.306 587.306 1e+100
3 154.813 154.813 1e+100
3 3745.14 3745.14 1e+100
4 1685.05 3370.1 1e+100
2 4256.76 8513.52 1e+100
0 4293.53 4293.53 1e+100
3 1465.51 1465.51 1e+100
0 2226.82 2226.82 1e+100
9 4099.3 4099.3 1e+100
0 6370.81 6370.81 1e+100
2 1004.12 4016.48 1e+100
8 1446.04 5784.15 1e+100
8 3035.64 6071.28 1e+100
1 2564.81 5129.63 1e+100
6 4850.72 4850.72 1e+100
7 2668.47 5336.95 1e+100
2 6342.84 25371.4 1e+100
9 541.223 541.223 1e+100
1 5080.56 10161.1 1e+100
0 6886.92 6886.92 1e+100
9 8107.5 8107.5 1e+100
8 8217.92 8217.92 1e+100
8 3782.72 7565.44 1e+100
4 138.867 277.735 1e+100
0 7967.34 7967.34 1e+100
4 1295.12 2590.24 1e+100
4 4461.82 8923.65 1e+100
2 1987.92 7951.68 1e+100
5 6242.33 6242.33 1e+100
1 1203.1 2406.21 1e+100
7 2176.57 4353.15 1e+100
3 989.365 989.365 1e+100
3 4987.21 4987.21 1e+100
9 3922.04 3922.04 1e+100
4 6409.04 6409.04 1e+100
9 2325.26 2325.26 1e+100
7 4324.51 8649.03 1e+100
5 3584.53 14338.1 1e+100
5 1206.56 4826.24 1e+100
4 4607.56 9215.13 1e+100
8 3488.55 13954.2 1e+100
9 349.855 349.855 1e+100
1 4116.03 8232.06 1e+100
4 639.427 1278.85 1e+100
2 4591.33 18365.3 1e+100
3 6220.14 6220.14 1e+100
6 4242.76 4242.76 1e+100
7 5463.78 10927.6 1e+100
3 1864.14 1864.14 1e+100
65
4 276.138 552.276 1e+100
1 599.336 1198.67 1e+100
6 2682.24 2682.24 1e+100
2 296.525 1186.1 1e+100
0 4703.87 4703.87 1e+100
7 2264.01 2264.01 1e+100
5 606.844 2427.38 1e+100
2 1964.45 7857.79 1e+100
8 311.352 311.352 1e+100
5 2667.24 10669 1e+100
0 587.306 587.306 1e+100
3 154.813 154.813 1e+100
3 3745.14 3745.14 1e+100
1 1985.65 3971.29 1e+100
4 4941.52 9883.04 1e+100
7 3984.56 3984.56 1e+100
3 1465.51 1465.51 1e+100
6 4025.91 4025.91 1e+100
0 2233.82 2233.82 1e+100
9 3373.64 3373.64 1e+100
2 3073.83 12295.3 1e+100
8 1446.04 5784.15 1e+100
4 1567.19 3134.39 1e+100
9 326.51 326.51 1e+100
1 1538.52 3077.04 1e+100
3 5340.8 5340.8 1e+100
8 1016.33 2032.66 1e+100
5 4490.36 17961.4 1e+100
5 1837.45 7349.81 1e+100
0 2842.94 2842.94 1e+100
1 2917.6 5835.21 1e+100
4 4029.49 8058.98 1e+100
8 3552.35 7104.7 1e+100
7 4231.8 8463.61 1e+100
3 6820 6820 1e+100
3 2288.61 2288.61 1e+100
3 9303.7 9303.7 1e+100
1 7366.04 14732.1 1e+100
4 6933.45 13866.9 1e+100
2 1650.28 6601.13 1e+100
5 7590.7 30362.8 1e+100
8 893.52 3574.08 1e+100
8 8694.12 34776.5 1e+100
6 1435.89 1435.89 1e+100
5 4872.17 19488.7 1e+100
6 4762.85 4762.85 1e+100
7 1267.55 2535.11 1e+100
9 1758.98 1758.98 1e+100
7 4646.05 9292.11 1e+100
1 8476.92 16953.8 1e+100
6 2974.17 2974.17 1e+100
9 3473.53 3473.53 1e+100
7 6346.61 12693.2 1e+100
4 7952.29 15904.6 1e+100
2 5025.18 20100.7 1e+100
8 4237.97 16951.9 1e+100
2 2336.41 9345.64 1e+100
7 7816.66 15633.3 1e+100
2 6571.48 26285.9 1e+100
0 3949.74 3949.74 1e+100
2 8536.31 17072.6 1e+100
1 3586.57 7173.13 1e+100
0 1598.42 1598.42 1e+100
4 2864.81 5729.62 1e+100
9 3751.04 3751.04 1e+100
76
2 146.331 585.323 1e+100
4 285.073 285.073 1e+100
5 302.314 1209.26 1e+100
3 158.879 158.879 1e+100
0 606.3 606.3 1e+100
1 489.665 979.33 1e+100
0 2541.39 2541.39 1e+100
5 1947.43 7789.73 1e+100
9 349.622 349.622 1e+100
1 5192.71 10385.4 1e+100
6 1917.67 1917.67 1e+100
2 2718.72 10874.9 1e+100
1 1607.81 3215.62 1e+100
7 13081.9 26163.7 1e+100
8 1642.05 6568.19 1e+100
7 155.444 310.888 1e+100
7 2474.78 4949.56 1e+100
8 4123.03 16492.1 1e+100
3 1773.87 1773.87 1e+100
9 1595.11 1595.11 1e+100
2 541.722 2166.89 1e+100
4 3939.79 7879.58 1e+100
4 6335.52 12671 1e+100
4 1678.04 3356.08 1e+100
5 2995.15 11980.6 1e+100
1 2330.95 4661.91 1e+100
3 6271.25 6271.25 1e+100
7 13739.3 27478.5 1e+100
6 7931.07 7931.07 1e+100
1 9178.3 18356.6 1e+100
1 7422.14 14844.3 1e+100
4 6744.51 13489 1e+100
2 4851.67 19406.7 1e+100
5 3869.72 15478.9 1e+100
0 2266.08 2266.08 1e+100
9 6504.8 6504.8 1e+100
1 11125.9 22251.9 1e+100
6 2278.86 2278.86 1e+100
0 7259.07 7259.07 1e+100
9 7807.25 7807.25 1e+100
3 6852.98 6852.98 1e+100
8 6317.8 12635.6 1e+100
5 5114.68 20458.7 1e+100
2 5578.38 22313.5 1e+100
6 3771.23 3771.23 1e+100
4 8034.59 16069.2 1e+100
7 2159.25 4318.49 1e+100
4 11990 23980 1e+100
7 4272.39 8544.79 1e+100
3 628.764 628.764 1e+100
6 6712.18 6712.18 1e+100
3 9061.92 9061.92 1e+100
7 7242.81 14485.6 1e+100
5 10703.4 21406.7 1e+100
2 247.325 989.3 1e+100
5 6403.84 25615.4 1e+100
8 3232.87 12931.5 1e+100
5 12550.9 25101.9 1e+100
9 305.267 305.267 1e+100
7 12431.5 24862.9 1e+100
1 2309.53 4619.06 1e+100
5 8329.41 16658.8 1e+100
0 3324.71 3324.71 1e+100
1 12535.2 25070.5 1e+100
1 10145.8 20291.6 1e+100
9 1642.68 1642.68 1e+100
2 8272.91 33091.6 1e+100
2 10105 20210.1 1e+100
2 6184.9 24739.6 1e+100
0 803.054 803.054 1e+100
2 11962.8 23925.6 1e+100
8 408.78 1635.12 1e+100
4 7125.66 14251.3 1e+100
8 4459.96 17839.8 1e+100
8 6416.38 25665.5 1e+100
7 3042.48 6084.95 1e+100
