63
2 146.331 585.323 1e+100
3 184.024 184.024 1e+100
5 302.314 1209.26 1e+100
1 619.946 619.946 1e+100
4 265.861 265.861 1e+100
7 2447.1 4894.2 1e+100
0 587.306 587.306 1e+100
2 3013.17 12052.7 1e+100
6 2693.24 2693.24 1e+100
4 17364.4 34728.7 1e+100
3 6887.58 6887.58 1e+100
2 19433.6 77734.5 1e+100
7 8471.83 16943.7 1e+100
7 5230.27 10460.5 1e+100
5 13368.3 53473.2 1e+100
1 9673.44 19346.9 1e+100
1 7327.96 14655.9 1e+100
5 6679.14 26716.5 1e+100
0 4498 4498 1e+100
0 1880.61 1880.61 1e+100
2 541.722 2166.89 1e+100
4 11039.7 22079.4 1e+100
1 4968.45 9936.9 1e+100
1 3238.08 6476.16 1e+100
5 991.358 3965.43 1e+100
7 9194.97 18389.9 1e+100
3 8659.41 8659.41 1e+100
1 752.105 1504.21 1e+100
3 614.876 614.876 1e+100
6 5094.99 5094.99 1e+100
4 682.493 1364.99 1e+100
4 4087.35 4087.35 1e+100
4 7984.82 15969.6 1e+100
3 3192.06 3192.06 1e+100
7 9660.7 19321.4 1e+100
4 1375.42 1375.42 1e+100
7 1167.17 1167.17 1e+100
2 10813.1 43252.5 1e+100
5 1221.03 4884.13 1e+100
3 514.405 514.405 1e+100
4 4599.46 9198.93 1e+100
7 10156.3 20312.5 1e+100
5 5775.62 11551.2 1e+100
7 3435.07 6870.13 1e+100
0 3352.9 3352.9 1e+100
6 246.697 246.697 1e+100
0 5836.6 5836.6 1e+100
7 13635.8 27271.5 1e+100
2 7362.97 14725.9 1e+100
2 641.171 2564.69 1e+100
2 12102.3 48409.2 1e+100
5 6822.45 27289.8 1e+100
5 11471.7 45887 1e+100
6 5997.99 5997.99 1e+100
2 3937.49 15750 1e+100
1 9984.87 19969.7 1e+100
5 12854.8 51419 1e+100
4 9527.31 19054.6 1e+100
3 6645.72 6645.72 1e+100
1 5802.31 11604.6 1e+100
6 3515.81 3515.81 1e+100
2 635.869 2543.47 1e+100
7 9032.4 18064.8 1e+100
63
1 636.089 1272.18 1e+100
2 291.523 583.046 1e+100
0 597.801 597.801 1e+100
5 273.912 1095.65 1e+100
3 247.088 247.088 1e+100
4 1033.62 1033.62 1e+100
2 15573.6 62294.3 1e+100
5 1941.83 7767.34 1e+100
7 469.886 469.886 1e+100
2 1791.51 7166.04 1e+100
6 2664.66 2664.66 1e+100
0 13535.5 13535.5 1e+100
3 1842.4 1842.4 1e+100
1 8244.22 16488.4 1e+100
7 3671.06 7342.12 1e+100
0 4008.19 4008.19 1e+100
1 1614.01 1614.01 1e+100
0 1941.47 1941.47 1e+100
0 11340.9 11340.9 1e+100
7 4844.87 4844.87 1e+100
5 9751.36 39005.5 1e+100
5 4234.62 16938.5 1e+100
4 385.048 770.096 1e+100
4 9148.18 18296.4 1e+100
4 2080.23 4160.46 1e+100
2 8603.44 34413.8 1e+100
2 1606.63 6426.51 1e+100
7 14354.4 14354.4 1e+100
3 11258.5 11258.5 1e+100
1 1532.11 3064.22 1e+100
3 3499.95 3499.95 1e+100
0 5182.2 5182.2 1e+100
3 1174.18 1174.18 1e+100
6 1684.71 1684.71 1e+100
7 9841.29 19682.6 1e+100
6 4131.22 4131.22 1e+100
7 8084.82 16169.6 1e+100
4 9607.93 9607.93 1e+100
2 2249.48 8997.92 1e+100
0 6418.59 6418.59 1e+100
5 4482.53 17930.1 1e+100
4 2395.55 2395.55 1e+100
4 4537.01 9074.02 1e+100
1 6578.92 13157.8 1e+100
7 2792.61 5585.22 1e+100
1 696.055 696.055 1e+100
0 1071.51 1071.51 1e+100
1 4707.16 4707.16 1e+100
6 5025.98 5025.98 1e+100
6 7493.83 7493.83 1e+100
1 11208.8 22417.5 1e+100
2 3204.55 12818.2 1e+100
5 7138.83 28555.3 1e+100
1 9288.1 18576.2 1e+100
5 11735.6 46942.3 1e+100
1 7297.32 7297.32 1e+100
5 9063.54 18127.1 1e+100
4 8863.55 17727.1 1e+100
2 7156.39 28625.6 1e+100
3 2515.43 2515.43 1e+100
6 8384.39 8384.39 1e+100
4 10531.7 21063.3 1e+100
3 5296.97 5296.97 1e+100
42
7 2391.08 4782.16 1e+100
1 4884.74 4884.74 1e+100
3 148.116 148.116 1e+100
4 2394.93 4789.86 1e+100
5 290.732 1162.93 1e+100
4 230.325 230.325 1e+100
2 339.11 1356.44 1e+100
1 628.121 1256.24 1e+100
2 2276.09 9104.36 1e+100
0 562.897 562.897 1e+100
6 2720.09 2720.09 1e+100
0 2448.87 2448.87 1e+100
6 4972.08 4972.08 1e+100
5 1286.54 5146.17 1e+100
1 11767.5 23535.1 1e+100
4 3363.17 6726.33 1e+100
5 2791.17 11164.7 1e+100
1 1683.57 3367.13 1e+100
2 3113.88 3113.88 1e+100
4 10303.9 20607.8 1e+100
3 352.643 352.643 1e+100
7 2260.14 4520.29 1e+100
0 1849.84 1849.84 1e+100
1 6680.22 13360.4 1e+100
1 3225.86 3225.86 1e+100
3 460.573 460.573 1e+100
3 3068.67 3068.67 1e+100
6 3896.96 3896.96 1e+100
5 1052.4 4209.6 1e+100
4 753.993 1507.99 1e+100
5 7979.63 15959.3 1e+100
2 3167.5 12670 1e+100
7 748.559 748.559 1e+100
2 4690.16 18760.6 1e+100
4 3476.24 6952.48 1e+100
5 1526 6104.01 1e+100
7 2548.91 5097.81 1e+100
2 232.456 232.456 1e+100
7 5815.45 11630.9 1e+100
0 852.944 852.944 1e+100
5 2668.45 10673.8 1e+100
4 569.704 1139.41 1e+100
46
2 290.258 1161.03 1e+100
5 295.182 295.182 1e+100
4 356.744 713.487 1e+100
1 656.849 1313.7 1e+100
7 1625.77 3251.54 1e+100
3 146.983 146.983 1e+100
6 2656.03 2656.03 1e+100
5 1715.83 6863.34 1e+100
5 4422.6 17690.4 1e+100
7 4979.31 9958.62 1e+100
4 1186.63 2373.26 1e+100
0 596.622 596.622 1e+100
7 6412.78 12825.6 1e+100
4 2759.41 5518.83 1e+100
1 7306.98 14614 1e+100
1 1801.65 3603.3 1e+100
7 2436.21 4872.43 1e+100
3 1067.42 1067.42 1e+100
2 587.407 2349.63 1e+100
0 3903.15 3903.15 1e+100
1 2731.57 5463.14 1e+100
3 2565.39 2565.39 1e+100
7 6333.48 12667 1e+100
6 3030.89 3030.89 1e+100
2 1131.63 2263.27 1e+100
0 683.85 683.85 1e+100
4 2147.37 2147.37 1e+100
6 4114.23 4114.23 1e+100
1 7355.73 14711.5 1e+100
3 3756.6 3756.6 1e+100
2 1909 7636.01 1e+100
3 5068.91 5068.91 1e+100
5 3957.09 15828.4 1e+100
0 3645.66 3645.66 1e+100
1 1338.86 2677.71 1e+100
2 4009.44 16037.8 1e+100
6 5123.55 5123.55 1e+100
2 5532.1 22128.4 1e+100
4 4707.1 9414.19 1e+100
5 4372.95 17491.8 1e+100
4 751.476 1502.95 1e+100
4 2482.31 2482.31 1e+100
1 6296.17 12592.3 1e+100
0 4839.97 4839.97 1e+100
5 5515.4 22061.6 1e+100
7 4362.29 8724.58 1e+100
53
7 2391.08 4782.16 1e+100
0 2992.94 2992.94 1e+100
3 148.116 148.116 1e+100
1 2855.19 5710.38 1e+100
5 290.732 1162.93 1e+100
4 230.325 230.325 1e+100
2 339.11 1356.44 1e+100
1 628.121 1256.24 1e+100
2 2276.09 9104.36 1e+100
0 562.897 562.897 1e+100
6 2720.09 2720.09 1e+100
4 1693.19 1693.19 1e+100
3 1722.86 1722.86 1e+100
5 1286.54 5146.17 1e+100
2 13695.7 27391.4 1e+100
5 10623.5 21247 1e+100
5 2791.17 11164.7 1e+100
4 3176.29 6352.58 1e+100
2 3113.88 3113.88 1e+100
3 6360.42 6360.42 1e+100
7 2549.38 5098.76 1e+100
7 11514.1 11514.1 1e+100
7 5978.83 11957.7 1e+100
3 1664.42 1664.42 1e+100
1 3508.53 7017.06 1e+100
0 2089.31 2089.31 1e+100
1 1442.87 1442.87 1e+100
3 2143.83 2143.83 1e+100
6 1858.31 1858.31 1e+100
0 8298.39 8298.39 1e+100
0 6011.25 6011.25 1e+100
5 1052.4 4209.6 1e+100
4 5291.37 10582.7 1e+100
1 4332.88 8665.75 1e+100
4 9240.58 18481.2 1e+100
3 5927.82 5927.82 1e+100
1 10084.9 20169.7 1e+100
4 3057.58 6115.16 1e+100
7 596.432 1192.86 1e+100
6 2975.24 2975.24 1e+100
5 7392.71 14785.4 1e+100
4 6410.1 12820.2 1e+100
6 4458.58 4458.58 1e+100
5 1750.72 7002.89 1e+100
4 371.691 743.382 1e+100
5 3575.35 14301.4 1e+100
0 1159.15 1159.15 1e+100
5 8855 17710 1e+100
2 2178.86 8715.44 1e+100
7 3215.12 6430.24 1e+100
2 3338.18 13352.7 1e+100
2 5294.6 21178.4 1e+100
1 6521.77 13043.5 1e+100
59
1 636.089 1272.18 1e+100
2 291.523 583.046 1e+100
0 597.801 597.801 1e+100
5 273.912 1095.65 1e+100
3 247.088 247.088 1e+100
4 1033.62 1033.62 1e+100
5 2380.25 9520.99 1e+100
5 4551.92 18207.7 1e+100
7 469.886 469.886 1e+100
2 3894.25 15577 1e+100
6 2664.66 2664.66 1e+100
6 11499 11499 1e+100
3 7428.57 7428.57 1e+100
4 5737.96 11475.9 1e+100
1 10650 21300.1 1e+100
0 2021.43 2021.43 1e+100
3 1784.58 1784.58 1e+100
1 3386.09 3386.09 1e+100
1 1455.98 1455.98 1e+100
6 6281.43 6281.43 1e+100
2 937.539 3750.16 1e+100
2 9223.1 36892.4 1e+100
5 8088.03 32352.1 1e+100
7 916.982 1833.96 1e+100
4 250.187 500.373 1e+100
6 2117.74 2117.74 1e+100
3 2862.62 2862.62 1e+100
1 5584.13 11168.3 1e+100
7 1537.36 3074.72 1e+100
3 6452.93 6452.93 1e+100
3 435.372 435.372 1e+100
4 3846.34 7692.68 1e+100
0 587.101 587.101 1e+100
5 12767.8 51071.1 1e+100
2 2508.81 10035.2 1e+100
1 2398.68 4797.36 1e+100
5 1726.92 6907.68 1e+100
6 4739.17 4739.17 1e+100
5 8841.07 35364.3 1e+100
0 6585.43 6585.43 1e+100
5 3263.96 6527.91 1e+100
0 4751.08 4751.08 1e+100
4 7515.18 15030.4 1e+100
7 9570.81 19141.6 1e+100
4 3944.17 3944.17 1e+100
4 5613.05 5613.05 1e+100
7 7346.8 14693.6 1e+100
7 3150.74 6301.48 1e+100
2 9008.41 36033.6 1e+100
2 3366.6 13466.4 1e+100
5 6361.79 25447.2 1e+100
1 7834.69 15669.4 1e+100
2 10554.7 42218.9 1e+100
0 420.333 420.333 1e+100
1 9683.78 19367.6 1e+100
4 8080.27 16160.5 1e+100
0 1541.65 1541.65 1e+100
7 3616.65 7233.31 1e+100
3 5982.21 5982.21 1e+100
57
2 290.258 1161.03 1e+100
5 295.182 295.182 1e+100
4 356.744 713.487 1e+100
1 656.849 1313.7 1e+100
7 1625.77 3251.54 1e+100
3 146.983 146.983 1e+100
6 2656.03 2656.03 1e+100
5 1715.83 6863.34 1e+100
5 4422.6 17690.4 1e+100
7 12596.2 25192.4 1e+100
1 3769.5 7539 1e+100
0 596.622 596.622 1e+100
7 6502.01 13004 1e+100
1 1992.72 3985.43 1e+100
7 2482.22 4964.45 1e+100
4 1050.6 2101.21 1e+100
1 10986.2 21972.5 1e+100
3 1067.42 1067.42 1e+100
2 587.407 2349.63 1e+100
7 7668.25 15336.5 1e+100
1 8488.34 16976.7 1e+100
3 9175.9 9175.9 1e+100
7 12602.9 25205.8 1e+100
2 1234.14 4936.54 1e+100
0 626.892 626.892 1e+100
4 2492.95 4985.9 1e+100
3 6005.79 6005.79 1e+100
4 617.79 617.79 1e+100
3 3700.01 3700.01 1e+100
3 1650.25 1650.25 1e+100
7 7430.3 14860.6 1e+100
6 1283.92 1283.92 1e+100
5 8791.14 35164.6 1e+100
0 834.541 834.541 1e+100
5 6494.01 25976.1 1e+100
7 1235.3 1235.3 1e+100
2 705.106 1410.21 1e+100
4 2603.48 5206.96 1e+100
1 9950.71 19901.4 1e+100
6 1318.76 1318.76 1e+100
0 1170.69 1170.69 1e+100
0 2814.49 2814.49 1e+100
1 2490.73 2490.73 1e+100
6 5061.58 5061.58 1e+100
1 344.94 689.88 1e+100
2 1697.74 6790.94 1e+100
2 7298.16 29192.6 1e+100
4 3784.25 7568.49 1e+100
2 3874.58 15498.3 1e+100
4 5155.02 5155.02 1e+100
2 9222.86 18445.7 1e+100
4 6564.45 13128.9 1e+100
5 2469.24 9876.94 1e+100
0 3966.75 3966.75 1e+100
6 5952.13 5952.13 1e+100
4 8232.57 16465.1 1e+100
6 2193.54 2193.54 1e+100
56
1 636.089 1272.18 1e+100
2 291.523 583.046 1e+100
0 597.801 597.801 1e+100
5 273.912 1095.65 1e+100
3 247.088 247.088 1e+100
4 1033.62 1033.62 1e+100
5 4127.82 16511.3 1e+100
5 1941.83 7767.34 1e+100
7 469.886 469.886 1e+100
2 3616.25 14465 1e+100
6 2664.66 2664.66 1e+100
3 9793.38 9793.38 1e+100
3 1842.4 1842.4 1e+100
2 1677.83 3355.66 1e+100
7 9095.98 18192 1e+100
1 1905.79 1905.79 1e+100
0 1924.39 1924.39 1e+100
6 4304.18 4304.18 1e+100
4 2216.02 2216.02 1e+100
7 6860.17 6860.17 1e+100
2 4816.96 19267.8 1e+100
2 11009.5 44038 1e+100
5 4167.48 16669.9 1e+100
7 916.982 1833.96 1e+100
7 12483.1 24966.2 1e+100
0 1559.47 1559.47 1e+100
3 866.341 866.341 1e+100
7 8763.77 17527.5 1e+100
2 7364.32 14728.6 1e+100
7 2046.46 4092.91 1e+100
4 6456.91 12913.8 1e+100
0 5575.99 5575.99 1e+100
1 609.966 1219.93 1e+100
4 339.534 679.068 1e+100
5 3394.24 13577 1e+100
0 1209.93 1209.93 1e+100
1 4877.2 9754.4 1e+100
4 798.832 1597.66 1e+100
6 1327.75 1327.75 1e+100
3 1192.41 1192.41 1e+100
4 2996.17 2996.17 1e+100
1 503.949 503.949 1e+100
3 2767.85 2767.85 1e+100
4 7939.32 15878.6 1e+100
5 9306.14 37224.5 1e+100
5 6928.17 27712.7 1e+100
4 6018.65 12037.3 1e+100
2 2761.28 11045.1 1e+100
1 2524.8 2524.8 1e+100
2 9740.72 19481.4 1e+100
1 5476.62 10953.2 1e+100
5 3958.51 15834 1e+100
0 7767.14 7767.14 1e+100
6 4432.72 4432.72 1e+100
1 7144.74 14289.5 1e+100
6 2202.53 2202.53 1e+100
56
2 281.903 1127.61 1e+100
5 286.783 573.565 1e+100
3 197.944 197.944 1e+100
2 3869.74 15479 1e+100
6 264.453 264.453 1e+100
1 271.729 271.729 1e+100
7 2496.67 2496.67 1e+100
0 251.81 251.81 1e+100
5 4363.76 17455 1e+100
4 353.653 707.306 1e+100
3 3584.3 3584.3 1e+100
3 1190.48 1190.48 1e+100
4 1640.03 3280.05 1e+100
5 1295.18 5180.73 1e+100
2 11598.6 46394.2 1e+100
1 1233 1233 1e+100
7 4802.99 9605.99 1e+100
6 3091.05 3091.05 1e+100
1 12940.7 25881.3 1e+100
0 327.959 327.959 1e+100
7 8107.95 16215.9 1e+100
7 1952.07 1952.07 1e+100
3 3860.78 3860.78 1e+100
5 16295.5 65182.1 1e+100
5 11206.7 44827 1e+100
0 1245.93 1245.93 1e+100
1 1259.72 2519.43 1e+100
4 3954.88 7909.77 1e+100
4 10724.7 21449.5 1e+100
4 344.211 688.422 1e+100
6 3836.79 3836.79 1e+100
4 1551.39 1551.39 1e+100
6 6320.49 6320.49 1e+100
5 2400.54 4801.07 1e+100
1 3283.22 6566.44 1e+100
2 3986.03 15944.1 1e+100
5 12424.4 49697.5 1e+100
2 13219.3 52877.2 1e+100
7 7383.95 14767.9 1e+100
3 4702.53 4702.53 1e+100
0 1335.72 1335.72 1e+100
0 3743.08 3743.08 1e+100
0 5409.85 5409.85 1e+100
2 5284.48 5284.48 1e+100
1 4253.22 4253.22 1e+100
5 2784.94 2784.94 1e+100
3 5987.36 5987.36 1e+100
1 5980.64 5980.64 1e+100
5 6197.13 24788.5 1e+100
3 2021.47 2021.47 1e+100
0 7489.13 7489.13 1e+100
7 2078.36 2078.36 1e+100
2 8575.53 34302.1 1e+100
4 3334.67 6669.34 1e+100
4 5296.01 10592 1e+100
5 3509.03 7018.07 1e+100
51
7 2391.08 4782.16 1e+100
3 2113.79 2113.79 1e+100
3 148.116 148.116 1e+100
4 2394.93 4789.86 1e+100
5 290.732 1162.93 1e+100
4 230.325 230.325 1e+100
2 339.11 1356.44 1e+100
1 628.121 1256.24 1e+100
5 3237.95 12951.8 1e+100
0 562.897 562.897 1e+100
6 2720.09 2720.09 1e+100
0 2448.87 2448.87 1e+100
1 3626.97 3626.97 1e+100
5 1286.54 5146.17 1e+100
7 12124.9 24249.8 1e+100
1 1979.06 3958.11 1e+100
2 1846.15 7384.61 1e+100
2 3605.86 7211.73 1e+100
4 2543.8 2543.8 1e+100
5 7678.95 30715.8 1e+100
2 10185 20370 1e+100
1 3907.38 7814.77 1e+100
3 992.304 992.304 1e+100
7 1231.85 1231.85 1e+100
7 2946.66 5893.32 1e+100
7 6628.68 13257.4 1e+100
7 4545.63 9091.26 1e+100
1 7466.89 14933.8 1e+100
0 3196.77 3196.77 1e+100
4 1734.56 3469.12 1e+100
5 1492.74 2985.49 1e+100
5 2824.19 11296.8 1e+100
6 717.152 717.152 1e+100
5 6666.27 13332.5 1e+100
4 4503.98 4503.98 1e+100
3 645.792 645.792 1e+100
6 4115.85 4115.85 1e+100
3 7302.64 7302.64 1e+100
0 7561.86 7561.86 1e+100
6 5242.02 5242.02 1e+100
6 7025.27 7025.27 1e+100
4 7832.8 7832.8 1e+100
3 4648.71 4648.71 1e+100
2 706.354 2825.41 1e+100
1 3291.52 3291.52 1e+100
0 4078.38 4078.38 1e+100
3 1861.58 1861.58 1e+100
2 2968.77 11875.1 1e+100
4 5069.13 10138.3 1e+100
1 6348.01 12696 1e+100
4 307.775 615.551 1e+100
55
2 281.903 1127.61 1e+100
5 286.783 573.565 1e+100
3 197.944 197.944 1e+100
2 11378.5 45514.2 1e+100
6 264.453 264.453 1e+100
1 271.729 271.729 1e+100
7 2496.67 2496.67 1e+100
0 251.81 251.81 1e+100
2 3542.46 14169.9 1e+100
4 353.653 707.306 1e+100
3 1239.61 1239.61 1e+100
1 2162.95 2162.95 1e+100
4 1640.03 3280.05 1e+100
5 8676.15 34704.6 1e+100
2 775.006 3100.02 1e+100
5 3195.35 6390.7 1e+100
5 315.88 315.88 1e+100
4 1877.52 3755.05 1e+100
0 818.459 818.459 1e+100
4 12559.5 25119.1 1e+100
2 14355.2 57420.9 1e+100
2 3023.83 12095.3 1e+100
6 1339.21 1339.21 1e+100
4 9656.9 19313.8 1e+100
1 4925.65 9851.29 1e+100
7 12406.3 24812.6 1e+100
7 629.753 1259.51 1e+100
0 2297.66 2297.66 1e+100
3 1001.63 1001.63 1e+100
6 8489.87 8489.87 1e+100
7 4876.65 9753.31 1e+100
1 347.911 695.822 1e+100
5 7130.87 28523.5 1e+100
5 11486.9 45947.6 1e+100
2 9352.82 37411.3 1e+100
4 645.217 1290.43 1e+100
4 3667.95 7335.9 1e+100
1 1380.43 1380.43 1e+100
6 3109.37 3109.37 1e+100
6 1359.57 1359.57 1e+100
3 1948.01 1948.01 1e+100
4 1810.62 1810.62 1e+100
1 7289.72 14579.4 1e+100
5 12798.7 51194.9 1e+100
5 2172.48 8689.92 1e+100
7 5509.67 11019.3 1e+100
2 2962.49 11849.9 1e+100
7 146.331 146.331 1e+100
4 5100.39 10200.8 1e+100
1 4790.39 9580.78 1e+100
5 7533.56 30134.3 1e+100
3 3736.24 3736.24 1e+100
0 4381.69 4381.69 1e+100
7 6599.12 13198.2 1e+100
7 821.374 821.374 1e+100
65
7 2391.08 4782.16 1e+100
5 2086.11 2086.11 1e+100
3 148.116 148.116 1e+100
1 2855.19 5710.38 1e+100
5 290.732 1162.93 1e+100
4 230.325 230.325 1e+100
2 339.11 1356.44 1e+100
1 628.121 1256.24 1e+100
5 4125.33 16501.3 1e+100
0 562.897 562.897 1e+100
6 2720.09 2720.09 1e+100
3 1569.72 1569.72 1e+100
0 2602.01 2602.01 1e+100
2 4218.01 16872 1e+100
1 18491.1 36982.3 1e+100
1 7772.67 15545.3 1e+100
2 1846.15 7384.61 1e+100
1 3527.94 7055.88 1e+100
4 660.137 660.137 1e+100
3 5042.9 5042.9 1e+100
7 7688.04 15376.1 1e+100
6 5450.44 5450.44 1e+100
1 12335.4 24670.8 1e+100
3 2069.53 2069.53 1e+100
4 9980.78 19961.6 1e+100
0 2280.44 2280.44 1e+100
4 926.311 926.311 1e+100
2 12448 49792.1 1e+100
5 9385.65 37542.6 1e+100
7 534.974 534.974 1e+100
5 11208.8 22417.6 1e+100
7 7289.39 14578.8 1e+100
1 12234.2 24468.4 1e+100
1 7676.79 15353.6 1e+100
3 5303.25 5303.25 1e+100
6 1109.51 1109.51 1e+100
3 7786.94 7786.94 1e+100
4 12031.3 24062.6 1e+100
7 1105.24 2210.48 1e+100
5 6386.26 25545.1 1e+100
2 1976.46 7905.84 1e+100
5 13898.7 55594.8 1e+100
2 6218.74 24875 1e+100
4 304.265 304.265 1e+100
2 3504.99 14019.9 1e+100
0 5531.26 5531.26 1e+100
1 1367.56 2735.12 1e+100
0 3696.91 3696.91 1e+100
4 2027.79 4055.58 1e+100
2 13798.7 27597.4 1e+100
4 3646.67 3646.67 1e+100
4 5315.56 5315.56 1e+100
7 12108.7 24217.4 1e+100
7 2124.09 4248.17 1e+100
2 7643.04 30572.2 1e+100
5 11401.3 45605.2 1e+100
5 623.034 2492.14 1e+100
7 9532.64 19065.3 1e+100
5 2875.51 11502 1e+100
6 4629.6 4629.6 1e+100
7 7381.54 14763.1 1e+100
4 11870.8 23741.5 1e+100
0 487.48 487.48 1e+100
4 7454.73 14909.5 1e+100
1 3083.17 3083.17 1e+100
51
2 281.903 1127.61 1e+100
5 286.783 573.565 1e+100
3 197.944 197.944 1e+100
5 16398.2 65593 1e+100
6 264.453 264.453 1e+100
1 271.729 271.729 1e+100
7 2496.67 2496.67 1e+100
0 251.81 251.81 1e+100
5 1816 7263.99 1e+100
4 353.653 707.306 1e+100
3 1239.61 1239.61 1e+100
1 2162.95 2162.95 1e+100
4 1640.03 3280.05 1e+100
2 5048.09 20192.4 1e+100
2 775.006 3100.02 1e+100
1 12622.7 25245.5 1e+100
7 4815.29 9630.57 1e+100
6 1268.15 1268.15 1e+100
1 9903.24 19806.5 1e+100
5 2259.98 9039.9 1e+100
0 413.419 413.419 1e+100
2 1433.66 2867.31 1e+100
6 7678.71 7678.71 1e+100
3 2839.35 2839.35 1e+100
0 4420.43 4420.43 1e+100
2 14159.4 56637.6 1e+100
2 9070.63 36282.5 1e+100
3 260.729 260.729 1e+100
4 6677.96 13355.9 1e+100
7 798.563 1597.13 1e+100
4 8431.52 16863 1e+100
4 344.211 688.422 1e+100
3 4920.92 4920.92 1e+100
0 384.144 384.144 1e+100
0 5742.47 5742.47 1e+100
1 4483.34 8966.68 1e+100
1 347.911 695.822 1e+100
2 6071.24 24285 1e+100
2 10288.2 41153 1e+100
5 10219.6 40878.5 1e+100
2 3312.68 13250.7 1e+100
4 395.312 395.312 1e+100
5 1044.25 4176.99 1e+100
4 2111.6 4223.21 1e+100
5 3622.95 14491.8 1e+100
7 4627.12 9254.25 1e+100
6 834.611 834.611 1e+100
7 7893.67 15787.3 1e+100
1 911.632 911.632 1e+100
5 4765.4 19061.6 1e+100
7 1465.2 2930.41 1e+100
54
2 281.903 1127.61 1e+100
5 286.783 573.565 1e+100
3 197.944 197.944 1e+100
2 14020 56079.9 1e+100
6 264.453 264.453 1e+100
1 271.729 271.729 1e+100
7 2496.67 2496.67 1e+100
0 251.81 251.81 1e+100
2 1554.16 6216.62 1e+100
4 353.653 707.306 1e+100
0 2429.43 2429.43 1e+100
3 1190.48 1190.48 1e+100
4 1640.03 3280.05 1e+100
5 1295.18 5180.73 1e+100
5 3579.87 14319.5 1e+100
1 2482.15 4964.31 1e+100
1 725.987 1451.97 1e+100
2 5620.57 11241.1 1e+100
2 4026.58 16106.3 1e+100
2 1680.43 6721.71 1e+100
6 3108.86 3108.86 1e+100
4 1812.69 1812.69 1e+100
7 5717.54 11435.1 1e+100
3 1167.58 1167.58 1e+100
4 4585.86 4585.86 1e+100
3 4959.98 4959.98 1e+100
0 2145.66 2145.66 1e+100
1 4817.46 9634.91 1e+100
3 2221.39 2221.39 1e+100
0 3479.71 3479.71 1e+100
3 8681.38 8681.38 1e+100
3 6394.24 6394.24 1e+100
5 6347.13 25388.5 1e+100
7 191.954 383.907 1e+100
1 4595.78 9191.57 1e+100
1 8712.17 17424.3 1e+100
6 2487.03 2487.03 1e+100
4 4808.69 9617.38 1e+100
4 733.379 1466.76 1e+100
7 1434.17 2868.33 1e+100
0 6402.22 6402.22 1e+100
5 9064.5 18129 1e+100
7 4737.42 9474.84 1e+100
6 3824.44 3824.44 1e+100
5 3112.21 12448.8 1e+100
4 8196.61 16393.2 1e+100
5 1024.2 4096.81 1e+100
0 3880.57 3880.57 1e+100
4 6038.83 12077.7 1e+100
2 6421.85 25687.4 1e+100
7 6574.22 13148.4 1e+100
2 4170.53 16682.1 1e+100
2 9569.93 38279.7 1e+100
5 5756.47 11512.9 1e+100
53
1 636.089 1272.18 1e+100
2 291.523 583.046 1e+100
0 597.801 597.801 1e+100
5 273.912 1095.65 1e+100
3 247.088 247.088 1e+100
4 1033.62 1033.62 1e+100
2 2336.28 9345.11 1e+100
2 12494.3 49977.1 1e+100
7 469.886 469.886 1e+100
2 8334.41 33337.6 1e+100
6 2664.66 2664.66 1e+100
4 4742.05 4742.05 1e+100
3 1842.4 1842.4 1e+100
1 2045 4090 1e+100
1 14954.1 29908.2 1e+100
0 4502.41 4502.41 1e+100
0 1924.39 1924.39 1e+100
7 6214.37 6214.37 1e+100
3 5742.96 5742.96 1e+100
7 3162.56 3162.56 1e+100
2 3555.51 14222 1e+100
5 3878.27 15513.1 1e+100
5 1603.94 3207.89 1e+100
6 2834.98 2834.98 1e+100
4 854.228 1708.46 1e+100
3 1264.22 1264.22 1e+100
5 4716.15 9432.31 1e+100
1 5208.38 10416.8 1e+100
4 3019.54 6039.08 1e+100
0 7462.3 7462.3 1e+100
1 252.218 504.435 1e+100
4 5791.4 11582.8 1e+100
2 9797.77 39191.1 1e+100
1 1352.7 1352.7 1e+100
4 8662.22 17324.4 1e+100
3 3023.27 3023.27 1e+100
4 6471.75 12943.5 1e+100
7 5404.93 10809.9 1e+100
1 8028.85 16057.7 1e+100
6 2602.25 2602.25 1e+100
7 7017.08 14034.2 1e+100
1 6034 12068 1e+100
0 1407.97 1407.97 1e+100
2 4853.01 19412 1e+100
7 8638.95 17277.9 1e+100
2 808.239 3232.95 1e+100
4 2298.47 2298.47 1e+100
4 9838.76 19677.5 1e+100
5 447.471 1789.89 1e+100
5 8498.53 16997.1 1e+100
5 2928.56 11714.3 1e+100
5 4884.98 19539.9 1e+100
7 1917.02 3834.04 1e+100
54
2 290.258 1161.03 1e+100
5 295.182 295.182 1e+100
4 356.744 713.487 1e+100
1 656.849 1313.7 1e+100
7 1625.77 3251.54 1e+100
3 146.983 146.983 1e+100
6 2656.03 2656.03 1e+100
5 1715.83 6863.34 1e+100
5 4422.6 17690.4 1e+100
1 9910.18 19820.4 1e+100
4 5435.1 10870.2 1e+100
0 596.622 596.622 1e+100
2 7041.12 14082.2 1e+100
4 1212.78 2425.55 1e+100
7 5439.02 10878 1e+100
1 1801.65 3603.3 1e+100
7 2436.21 4872.43 1e+100
3 1067.42 1067.42 1e+100
2 587.407 2349.63 1e+100
1 11043.1 22086.2 1e+100
7 9302.76 18605.5 1e+100
1 12827.7 12827.7 1e+100
7 6291.45 12582.9 1e+100
2 1234.14 4936.54 1e+100
0 626.892 626.892 1e+100
4 627.502 1255 1e+100
3 10157.2 10157.2 1e+100
3 1136 1136 1e+100
0 9644.38 9644.38 1e+100
1 4679.15 4679.15 1e+100
0 1348.9 1348.9 1e+100
1 391.944 783.889 1e+100
6 1040.58 1040.58 1e+100
5 4877.61 19510.4 1e+100
2 1444.39 5777.56 1e+100
5 9446.38 18892.8 1e+100
2 7321.63 14643.3 1e+100
0 4229.2 4229.2 1e+100
1 442.97 442.97 1e+100
3 2426.19 2426.19 1e+100
6 3471.45 3471.45 1e+100
6 1299.84 1299.84 1e+100
3 174.019 174.019 1e+100
4 3202.79 3202.79 1e+100
6 4936.8 4936.8 1e+100
3 3451.2 3451.2 1e+100
2 3876.03 15504.1 1e+100
4 1226.63 1226.63 1e+100
6 7568.08 7568.08 1e+100
0 691.277 691.277 1e+100
5 4745.03 18980.1 1e+100
4 4236.66 8473.32 1e+100
7 6119.65 12239.3 1e+100
4 6065.51 12131 1e+100
55
2 290.258 1161.03 1e+100
5 295.182 295.182 1e+100
4 356.744 713.487 1e+100
1 656.849 1313.7 1e+100
7 1625.77 3251.54 1e+100
3 146.983 146.983 1e+100
6 2656.03 2656.03 1e+100
5 1715.83 6863.34 1e+100
5 4422.6 17690.4 1e+100
7 10254.6 20509.2 1e+100
4 2989.56 5979.11 1e+100
0 596.622 596.622 1e+100
7 5915.61 11831.2 1e+100
4 1212.78 2425.55 1e+100
7 7908.79 15817.6 1e+100
1 1801.65 3603.3 1e+100
1 5360.33 10720.7 1e+100
3 1067.42 1067.42 1e+100
2 587.407 2349.63 1e+100
1 9070.39 18140.8 1e+100
4 6907.28 13814.6 1e+100
3 7739.09 7739.09 1e+100
7 1617.98 3235.95 1e+100
2 1234.14 4936.54 1e+100
0 626.892 626.892 1e+100
1 1390.2 2780.4 1e+100
6 3558.95 3558.95 1e+100
0 2034.52 2034.52 1e+100
3 4242.65 4242.65 1e+100
3 1143.48 1143.48 1e+100
6 7159.31 7159.31 1e+100
6 4235.77 4235.77 1e+100
7 920.416 920.416 1e+100
2 1479.41 5917.66 1e+100
4 378.651 757.302 1e+100
5 7565.3 15130.6 1e+100
7 8889.02 17778 1e+100
0 1780.38 1780.38 1e+100
2 10189.6 20379.3 1e+100
2 6492.64 12985.3 1e+100
4 1620.86 3241.73 1e+100
0 5341.13 5341.13 1e+100
4 7249.64 14499.3 1e+100
4 4860.22 9720.43 1e+100
0 3117.79 3117.79 1e+100
2 3991.98 15967.9 1e+100
1 8818.06 17636.1 1e+100
2 1903.98 7615.9 1e+100
0 6472.79 6472.79 1e+100
4 8711.94 17423.9 1e+100
5 278.383 1113.53 1e+100
1 1996.37 3992.74 1e+100
5 1437.7 5750.8 1e+100
5 3394.12 13576.5 1e+100
2 6626.55 13253.1 1e+100
52
2 290.258 1161.03 1e+100
5 295.182 295.182 1e+100
4 356.744 713.487 1e+100
1 656.849 1313.7 1e+100
7 1625.77 3251.54 1e+100
3 146.983 146.983 1e+100
6 2656.03 2656.03 1e+100
5 1715.83 6863.34 1e+100
5 4422.6 17690.4 1e+100
7 3208.17 6416.33 1e+100
1 2228.74 4457.48 1e+100
0 596.622 596.622 1e+100
7 6172.21 12344.4 1e+100
1 3801.52 7603.05 1e+100
4 7686.11 15372.2 1e+100
7 9075.32 18150.6 1e+100
4 10098.9 20197.8 1e+100
3 1067.42 1067.42 1e+100
2 587.407 2349.63 1e+100
4 510.086 510.086 1e+100
1 9475.2 18950.4 1e+100
0 7136.55 7136.55 1e+100
7 3095.52 6191.03 1e+100
4 1933.45 1933.45 1e+100
2 1131.63 2263.27 1e+100
0 683.85 683.85 1e+100
3 1419.05 1419.05 1e+100
3 6275.5 6275.5 1e+100
0 1347.78 1347.78 1e+100
1 2217.99 4435.98 1e+100
6 1040.58 1040.58 1e+100
2 5104.73 20418.9 1e+100
2 1372.41 5489.65 1e+100
4 9023.36 18046.7 1e+100
4 1245.21 2490.42 1e+100
6 5462.83 5462.83 1e+100
3 2039.33 2039.33 1e+100
3 496.424 496.424 1e+100
1 7948.26 7948.26 1e+100
6 7105.91 7105.91 1e+100
6 1146.77 1146.77 1e+100
6 2930.01 2930.01 1e+100
2 7333.01 7333.01 1e+100
3 6680.48 6680.48 1e+100
5 2193.88 8775.52 1e+100
1 1359.2 1359.2 1e+100
0 6166.29 6166.29 1e+100
0 690.161 690.161 1e+100
5 4456.29 17825.2 1e+100
2 4569.34 9138.68 1e+100
7 5286.55 10573.1 1e+100
1 2231.54 4463.09 1e+100
38
2 281.903 1127.61 1e+100
5 286.783 573.565 1e+100
3 197.944 197.944 1e+100
5 11560.7 46243 1e+100
6 264.453 264.453 1e+100
1 271.729 271.729 1e+100
7 2496.67 2496.67 1e+100
0 251.81 251.81 1e+100
2 1554.16 6216.62 1e+100
4 353.653 707.306 1e+100
4 1800.12 1800.12 1e+100
3 1190.48 1190.48 1e+100
4 4077.51 8155.03 1e+100
2 3007.95 12031.8 1e+100
5 1036.85 4147.39 1e+100
1 1418.27 2836.55 1e+100
0 1353.79 1353.79 1e+100
4 4315.01 8630.02 1e+100
6 2212.25 2212.25 1e+100
7 8272.26 16544.5 1e+100
3 2393.46 2393.46 1e+100
3 30.6911 30.6911 1e+100
7 718.572 1437.14 1e+100
3 4926.68 4926.68 1e+100
5 296.292 1185.17 1e+100
5 4642.27 18569.1 1e+100
1 514.135 1028.27 1e+100
2 1272.54 5090.15 1e+100
0 763.529 763.529 1e+100
5 718.893 2875.57 1e+100
7 2272.46 4544.92 1e+100
2 2655.54 10622.2 1e+100
7 303.603 607.206 1e+100
6 1272.06 1272.06 1e+100
4 5327.36 10654.7 1e+100
1 1918.54 1918.54 1e+100
2 3798 15192 1e+100
4 1550.19 3100.38 1e+100
62
2 290.258 1161.03 1e+100
5 295.182 295.182 1e+100
4 356.744 713.487 1e+100
1 656.849 1313.7 1e+100
7 1625.77 3251.54 1e+100
3 146.983 146.983 1e+100
6 2656.03 2656.03 1e+100
5 1715.83 6863.34 1e+100
5 11547.8 46191.4 1e+100
7 9138.9 18277.8 1e+100
4 1186.63 2373.26 1e+100
0 596.622 596.622 1e+100
7 7605.43 15210.9 1e+100
1 13113 26226 1e+100
7 2482.22 4964.45 1e+100
1 1801.65 3603.3 1e+100
4 11528.6 23057.2 1e+100
3 1067.42 1067.42 1e+100
2 587.407 2349.63 1e+100
3 11198.5 11198.5 1e+100
1 7975.36 15950.7 1e+100
0 6666.78 6666.78 1e+100
4 12458.9 24917.9 1e+100
0 4198.02 4198.02 1e+100
4 2410.1 4820.2 1e+100
0 683.85 683.85 1e+100
4 344.444 344.444 1e+100
5 1167.36 4669.44 1e+100
2 350.689 1402.76 1e+100
0 1520.37 1520.37 1e+100
4 12984.3 25968.6 1e+100
1 7576.72 15153.4 1e+100
7 1583.49 3166.98 1e+100
1 303.125 606.25 1e+100
3 1093.57 1093.57 1e+100
6 865.957 865.957 1e+100
3 3577.27 3577.27 1e+100
7 8259.77 16519.5 1e+100
1 3332.69 6665.39 1e+100
2 4179.85 16719.4 1e+100
2 1568.31 6273.24 1e+100
5 5507.56 22030.2 1e+100
4 3674.52 7349.04 1e+100
1 585.441 1170.88 1e+100
6 4105.51 4105.51 1e+100
4 1722.09 1722.09 1e+100
6 6348.12 6348.12 1e+100
4 4823.61 4823.61 1e+100
0 9187.02 9187.02 1e+100
1 9918.55 19837.1 1e+100
5 1332.46 5329.83 1e+100
2 7552.2 30208.8 1e+100
7 10723.2 21446.5 1e+100
5 9024.69 36098.8 1e+100
6 8963.57 8963.57 1e+100
5 11701.4 23402.8 1e+100
7 8311.44 16622.9 1e+100
2 4582.54 18330.2 1e+100
0 5104.43 5104.43 1e+100
6 1184.94 1184.94 1e+100
2 9335.11 18670.2 1e+100
6 6542.53 6542.53 1e+100
55
2 290.258 1161.03 1e+100
5 295.182 295.182 1e+100
4 356.744 713.487 1e+100
1 656.849 1313.7 1e+100
7 1625.77 3251.54 1e+100
3 146.983 146.983 1e+100
6 2656.03 2656.03 1e+100
5 1715.83 6863.34 1e+100
5 5762.25 23049 1e+100
4 10339.4 20678.7 1e+100
4 1186.63 2373.26 1e+100
0 596.622 596.622 1e+100
4 8805.88 17611.8 1e+100
4 2759.41 5518.83 1e+100
5 3109.37 6218.75 1e+100
1 1801.65 3603.3 1e+100
7 2436.21 4872.43 1e+100
3 1067.42 1067.42 1e+100
2 587.407 2349.63 1e+100
4 3796.66 3796.66 1e+100
1 2731.57 5463.14 1e+100
0 8464.22 8464.22 1e+100
7 3366.54 6733.08 1e+100
0 1264.11 1264.11 1e+100
2 1131.63 2263.27 1e+100
0 5752.28 5752.28 1e+100
3 1419.05 1419.05 1e+100
0 2347.44 2347.44 1e+100
4 9542.39 19084.8 1e+100
6 4384.55 4384.55 1e+100
2 1909 7636.01 1e+100
6 1023.11 1023.11 1e+100
5 7833.66 31334.7 1e+100
4 3539.17 3539.17 1e+100
7 3317.99 6635.98 1e+100
1 1340.49 2680.99 1e+100
1 5891.63 11783.3 1e+100
3 2548.55 2548.55 1e+100
6 4461.17 4461.17 1e+100
6 1172.6 1172.6 1e+100
3 244.445 244.445 1e+100
1 4034.3 4034.3 1e+100
7 8298.31 16596.6 1e+100
2 5762.69 23050.7 1e+100
2 3384.72 13538.9 1e+100
7 4547.18 9094.36 1e+100
2 7939.53 31758.1 1e+100
1 2058.89 2058.89 1e+100
1 7324.08 14648.2 1e+100
7 5798.98 11598 1e+100
5 3808.88 15235.5 1e+100
3 4044.15 4044.15 1e+100
6 5398.76 5398.76 1e+100
5 7639.69 15279.4 1e+100
0 6645.45 6645.45 1e+100
61
2 290.258 1161.03 1e+100
5 295.182 295.182 1e+100
4 356.744 713.487 1e+100
1 656.849 1313.7 1e+100
7 1625.77 3251.54 1e+100
3 146.983 146.983 1e+100
6 2656.03 2656.03 1e+100
5 1715.83 6863.34 1e+100
2 13765 55060 1e+100
7 8342.98 16686 1e+100
1 2228.74 4457.48 1e+100
0 596.622 596.622 1e+100
7 4761.4 9522.81 1e+100
1 3801.52 7603.05 1e+100
7 2482.22 4964.45 1e+100
1 14293.2 28586.4 1e+100
2 10914.9 21829.7 1e+100
4 853.891 853.891 1e+100
2 587.407 2349.63 1e+100
2 1392.48 5569.92 1e+100
4 7057.11 14114.2 1e+100
4 2067.82 4135.63 1e+100
0 450.533 450.533 1e+100
3 814.473 814.473 1e+100
7 3936.86 7873.73 1e+100
4 7677.49 15355 1e+100
5 1167.36 4669.44 1e+100
5 3422.27 13689.1 1e+100
0 1399.2 1399.2 1e+100
4 3162.79 6325.57 1e+100
7 9434.73 18869.5 1e+100
4 9217.81 18435.6 1e+100
1 9401.71 18803.4 1e+100
3 2160.98 2160.98 1e+100
6 865.957 865.957 1e+100
3 4644.68 4644.68 1e+100
1 4088.29 8176.58 1e+100
7 6868.47 13736.9 1e+100
2 791.666 3166.66 1e+100
2 5147.7 20590.8 1e+100
2 11177.3 44709.2 1e+100
1 6611.33 13222.7 1e+100
1 833.115 1666.23 1e+100
6 1735.72 1735.72 1e+100
6 5733.57 5733.57 1e+100
0 3800.27 3800.27 1e+100
0 1265.04 1265.04 1e+100
0 5295.04 5295.04 1e+100
1 11272.6 22545.2 1e+100
5 3515.83 14063.3 1e+100
5 6368.22 25472.9 1e+100
7 11711.3 23422.5 1e+100
5 8616.32 34465.3 1e+100
1 4258.94 4258.94 1e+100
5 11293 22586 1e+100
7 9299.47 18598.9 1e+100
2 1194.36 4777.45 1e+100
3 7758.48 7758.48 1e+100
0 6185.6 6185.6 1e+100
4 10862.8 21725.6 1e+100
6 2610.5 2610.5 1e+100
49
2 290.258 1161.03 1e+100
5 295.182 295.182 1e+100
4 356.744 713.487 1e+100
1 656.849 1313.7 1e+100
7 1625.77 3251.54 1e+100
3 146.983 146.983 1e+100
6 2656.03 2656.03 1e+100
5 1715.83 6863.34 1e+100
5 5913.51 23654 1e+100
7 3208.17 6416.33 1e+100
2 2981.79 5963.58 1e+100
0 596.622 596.622 1e+100
2 11340.5 22680.9 1e+100
1 3778.4 7556.8 1e+100
4 10632.5 21264.9 1e+100
1 1801.65 3603.3 1e+100
5 3063.37 6126.73 1e+100
4 853.891 853.891 1e+100
2 587.407 2349.63 1e+100
7 3796.69 7593.37 1e+100
3 603.165 603.165 1e+100
4 1640.48 3280.97 1e+100
0 168.99 168.99 1e+100
5 4770.38 9540.76 1e+100
6 1981.75 1981.75 1e+100
3 711.095 711.095 1e+100
6 4754.98 4754.98 1e+100
0 1512.65 1512.65 1e+100
2 666.551 2666.2 1e+100
1 1397.64 2795.28 1e+100
5 4618.97 9237.93 1e+100
4 4191.56 8383.11 1e+100
3 6108.26 6108.26 1e+100
3 1675.16 1675.16 1e+100
4 266.866 266.866 1e+100
7 7189.72 7189.72 1e+100
7 5018.12 5018.12 1e+100
0 5032.49 5032.49 1e+100
3 3575.45 3575.45 1e+100
0 6849.67 6849.67 1e+100
1 6879.76 6879.76 1e+100
2 824.686 3298.74 1e+100
1 4959.43 4959.43 1e+100
6 4839.22 4839.22 1e+100
0 2119.79 2119.79 1e+100
2 3087.1 12348.4 1e+100
7 1896.2 3792.39 1e+100
1 1380.32 2760.65 1e+100
4 243.886 487.771 1e+100
55
2 281.903 1127.61 1e+100
5 286.783 573.565 1e+100
3 197.944 197.944 1e+100
5 15958.1 63832.3 1e+100
6 264.453 264.453 1e+100
1 271.729 271.729 1e+100
7 2496.67 2496.67 1e+100
0 251.81 251.81 1e+100
2 1554.16 6216.62 1e+100
4 353.653 707.306 1e+100
3 1239.61 1239.61 1e+100
4 1751 1751 1e+100
1 2475.25 4950.5 1e+100
5 1295.18 5180.73 1e+100
2 2749.61 10998.5 1e+100
4 13356.7 26713.3 1e+100
5 4756.52 9513.04 1e+100
6 1268.15 1268.15 1e+100
4 10637.2 21274.3 1e+100
5 2131.69 8526.78 1e+100
0 413.419 413.419 1e+100
7 1716.83 3433.66 1e+100
3 9075.41 9075.41 1e+100
4 1944.31 1944.31 1e+100
0 7120.62 7120.62 1e+100
3 893.118 893.118 1e+100
3 2951.37 2951.37 1e+100
1 1268.25 2536.51 1e+100
0 998.315 998.315 1e+100
2 7318.64 29274.5 1e+100
5 7828.87 31315.5 1e+100
4 6587.1 13174.2 1e+100
2 4602.37 18409.5 1e+100
1 1626.72 1626.72 1e+100
2 10977 43907.9 1e+100
6 3362.35 3362.35 1e+100
7 5918.74 11837.5 1e+100
0 1689.66 1689.66 1e+100
1 9407.09 18814.2 1e+100
1 5187.5 10375 1e+100
6 1573.67 1573.67 1e+100
2 2723.33 2723.33 1e+100
1 7197.5 14395 1e+100
4 3182.64 6365.28 1e+100
2 571.219 2284.88 1e+100
5 8686.66 34746.6 1e+100
5 4253.83 17015.3 1e+100
7 3194.94 6389.89 1e+100
2 7598.1 30392.4 1e+100
7 1071.92 1071.92 1e+100
7 6968.67 13937.3 1e+100
4 329.24 658.481 1e+100
3 2052.26 2052.26 1e+100
5 1365.62 2731.25 1e+100
1 1725.62 1725.62 1e+100
45
1 636.089 1272.18 1e+100
2 291.523 583.046 1e+100
0 597.801 597.801 1e+100
5 273.912 1095.65 1e+100
3 247.088 247.088 1e+100
4 1033.62 1033.62 1e+100
5 11481.7 45926.8 1e+100
2 3948.48 15793.9 1e+100
7 469.886 469.886 1e+100
2 1791.51 7166.04 1e+100
6 2664.66 2664.66 1e+100
7 6837.54 6837.54 1e+100
3 1842.4 1842.4 1e+100
1 2045 4090 1e+100
4 9936.88 19873.8 1e+100
6 4384.13 4384.13 1e+100
1 3438.75 3438.75 1e+100
0 8470.22 8470.22 1e+100
4 3860.28 3860.28 1e+100
0 3519.41 3519.41 1e+100
2 7037.19 28148.8 1e+100
5 2428.26 9713.05 1e+100
7 2174.84 4349.69 1e+100
0 472.277 472.277 1e+100
4 628.43 1256.86 1e+100
0 3714.41 3714.41 1e+100
7 9431.8 18863.6 1e+100
1 4556.25 4556.25 1e+100
3 1099.65 1099.65 1e+100
6 8727.29 8727.29 1e+100
3 3003.64 3003.64 1e+100
5 3180.48 12721.9 1e+100
4 1474.4 2948.8 1e+100
1 6195.74 12391.5 1e+100
2 741.973 2967.89 1e+100
6 3108.9 3108.9 1e+100
2 6364.42 25457.7 1e+100
1 258.582 517.163 1e+100
2 4238.09 16952.4 1e+100
7 2911.48 5822.95 1e+100
3 3971.7 3971.7 1e+100
4 6626.34 13252.7 1e+100
6 626.713 626.713 1e+100
5 2656.52 10626.1 1e+100
4 1290.11 2580.22 1e+100
