63
2 146.331 585.323 1e+100
9 329.567 329.567 1e+100
5 302.314 1209.26 1e+100
6 2693.91 2693.91 1e+100
7 2514.16 2514.16 1e+100
1 489.665 979.33 1e+100
3 167.2 167.2 1e+100
8 3219.87 12879.5 1e+100
4 277.141 277.141 1e+100
2 13902.2 27804.4 1e+100
0 882.823 882.823 1e+100
5 1652.99 6611.95 1e+100
4 3946.52 7893.05 1e+100
7 11711.5 23423 1e+100
8 12337.1 49348.4 1e+100
1 9445.21 18890.4 1e+100
1 4059.09 8118.18 1e+100
8 7948.97 31795.9 1e+100
0 5716.19 5716.19 1e+100
7 3694.3 3694.3 1e+100
2 541.722 2166.89 1e+100
4 11275.3 22550.7 1e+100
4 7184.18 14368.4 1e+100
1 1601.27 3202.54 1e+100
2 2057.09 8228.37 1e+100
7 9248.32 18496.6 1e+100
0 2654.65 2654.65 1e+100
7 6734.18 13468.4 1e+100
9 760.419 760.419 1e+100
4 4706.88 4706.88 1e+100
4 630.234 1260.47 1e+100
3 730.691 730.691 1e+100
1 4261.62 8523.23 1e+100
9 2031.65 2031.65 1e+100
1 13294.5 26589.1 1e+100
9 3912.15 3912.15 1e+100
6 1433.76 1433.76 1e+100
5 8925.12 35700.5 1e+100
5 592.768 2371.07 1e+100
3 1645.24 1645.24 1e+100
4 6365.65 12731.3 1e+100
5 11186.7 22373.5 1e+100
1 4160.4 8320.8 1e+100
7 9916.29 19832.6 1e+100
6 3193.93 3193.93 1e+100
3 2806.75 2806.75 1e+100
6 5677.63 5677.63 1e+100
7 2038.95 4077.89 1e+100
2 7172.53 14345.1 1e+100
2 780.601 3122.4 1e+100
8 1272.62 5090.49 1e+100
8 5791.23 23164.9 1e+100
5 4286.93 17147.7 1e+100
9 3350.99 3350.99 1e+100
5 1106.58 4426.32 1e+100
8 9523.74 19047.5 1e+100
2 1800.38 7201.51 1e+100
7 9632.09 19264.2 1e+100
0 3907.67 3907.67 1e+100
1 5574.09 11148.2 1e+100
9 4845.14 4845.14 1e+100
2 2942.83 11771.3 1e+100
4 8472.47 16944.9 1e+100
63
1 636.089 1272.18 1e+100
7 2478.68 4957.36 1e+100
9 294.385 294.385 1e+100
2 296.525 1186.1 1e+100
3 247.088 247.088 1e+100
0 511.21 511.21 1e+100
5 606.844 2427.38 1e+100
8 3222.38 12889.5 1e+100
6 522.827 522.827 1e+100
5 2667.24 10669 1e+100
4 239.265 239.265 1e+100
1 6192.81 6192.81 1e+100
0 4207.75 4207.75 1e+100
1 2045 4090 1e+100
4 6095.12 12190.2 1e+100
9 4166.35 4166.35 1e+100
0 1928.13 1928.13 1e+100
4 1878.78 1878.78 1e+100
3 1797.25 1797.25 1e+100
6 3215.5 3215.5 1e+100
2 1004.12 4016.48 1e+100
2 8010.52 32042.1 1e+100
7 3986.37 7972.75 1e+100
7 2230.21 4460.42 1e+100
1 7958.55 15917.1 1e+100
2 2807.75 11231 1e+100
5 2482.36 9929.42 1e+100
9 179.459 179.459 1e+100
0 9011.56 9011.56 1e+100
1 1414.74 2829.47 1e+100
0 3380.75 3380.75 1e+100
3 2568.84 2568.84 1e+100
0 5450.53 5450.53 1e+100
4 1246.07 1246.07 1e+100
2 9192.24 18384.5 1e+100
6 3048.77 3048.77 1e+100
2 7435.77 14871.5 1e+100
3 211.985 211.985 1e+100
8 2026.71 8106.85 1e+100
6 7261.46 7261.46 1e+100
5 2293.79 9175.17 1e+100
6 3937.37 3937.37 1e+100
5 8060.37 16120.7 1e+100
8 6388.87 12777.7 1e+100
4 3556.67 7113.35 1e+100
9 1125.88 1125.88 1e+100
9 5610.93 5610.93 1e+100
9 7254.74 7254.74 1e+100
1 2488.04 2488.04 1e+100
3 7284.91 7284.91 1e+100
4 7599.61 15199.2 1e+100
8 2981.78 11927.1 1e+100
5 5062.23 20248.9 1e+100
4 5678.94 11357.9 1e+100
2 1289.74 5158.96 1e+100
6 6895.58 6895.58 1e+100
7 5119.99 10240 1e+100
7 2851.3 5702.6 1e+100
5 2092.57 8370.29 1e+100
3 1635.32 1635.32 1e+100
9 2586.58 2586.58 1e+100
8 6825.95 13651.9 1e+100
3 4416.86 4416.86 1e+100
42
1 456.472 912.945 1e+100
9 306.53 306.53 1e+100
0 3344.55 3344.55 1e+100
4 308.224 616.448 1e+100
5 290.732 1162.93 1e+100
3 215.457 215.457 1e+100
2 339.11 1356.44 1e+100
7 2513.34 5026.68 1e+100
8 3212.65 12850.6 1e+100
6 2664.25 2664.25 1e+100
0 614.388 614.388 1e+100
9 2172 2172 1e+100
1 1942.28 1942.28 1e+100
5 1286.54 5146.17 1e+100
7 10382.7 20765.4 1e+100
4 3103.82 6207.65 1e+100
2 1846.15 7384.61 1e+100
4 4348.44 8696.87 1e+100
4 457.092 457.092 1e+100
2 3930.8 7861.6 1e+100
3 244.317 244.317 1e+100
7 1956.72 3913.45 1e+100
5 410.472 410.472 1e+100
1 7128.17 14256.3 1e+100
1 865.476 865.476 1e+100
3 352.247 352.247 1e+100
6 2816.58 2816.58 1e+100
9 1546.78 1546.78 1e+100
8 1023.82 4095.26 1e+100
5 787.686 1575.37 1e+100
2 6707.69 13415.4 1e+100
8 4080.42 16321.7 1e+100
7 445.137 445.137 1e+100
5 4261.28 17045.1 1e+100
1 1128.37 2256.74 1e+100
8 1497.42 5989.68 1e+100
4 1453.85 2907.7 1e+100
3 448.371 448.371 1e+100
4 4720.39 9440.78 1e+100
0 142.543 142.543 1e+100
5 959.656 3838.62 1e+100
2 1530.78 3061.56 1e+100
46
5 318.099 1272.39 1e+100
1 349.156 349.156 1e+100
2 163.775 327.55 1e+100
4 232.672 465.343 1e+100
1 3678.14 7356.27 1e+100
6 2670.89 2670.89 1e+100
9 278.799 278.799 1e+100
8 4866.56 19466.2 1e+100
8 1176.61 4706.46 1e+100
7 935.94 1871.88 1e+100
5 1201.5 2403 1e+100
0 596.622 596.622 1e+100
7 6008.22 12016.4 1e+100
4 3354.22 6708.45 1e+100
1 9021.97 18043.9 1e+100
4 1377.47 2754.94 1e+100
1 4488.58 8977.16 1e+100
3 182.315 182.315 1e+100
2 407.41 1629.64 1e+100
3 2182.62 2182.62 1e+100
1 291.408 582.817 1e+100
0 1636.87 1636.87 1e+100
1 5418.9 10837.8 1e+100
9 790.449 790.449 1e+100
2 951.637 1903.27 1e+100
7 1359.54 1359.54 1e+100
5 359.313 359.313 1e+100
9 1873.78 1873.78 1e+100
7 5244.6 10489.2 1e+100
3 2888.43 2888.43 1e+100
5 1222.59 4890.36 1e+100
6 340.669 340.669 1e+100
2 897.591 3590.36 1e+100
0 1864.78 1864.78 1e+100
4 1237.34 2474.68 1e+100
8 2904.11 11616.4 1e+100
6 519.5 519.5 1e+100
5 2597.88 10391.5 1e+100
4 3769.94 7539.88 1e+100
2 1313.45 5253.79 1e+100
8 4257.23 8514.46 1e+100
6 1997.77 1997.77 1e+100
7 4185.05 8370.09 1e+100
3 2150.09 2150.09 1e+100
2 2455.9 9823.6 1e+100
4 863.402 1726.8 1e+100
53
1 456.472 912.945 1e+100
9 306.53 306.53 1e+100
6 5181.53 5181.53 1e+100
4 308.224 616.448 1e+100
5 290.732 1162.93 1e+100
3 215.457 215.457 1e+100
2 339.11 1356.44 1e+100
7 2513.34 5026.68 1e+100
8 3212.65 12850.6 1e+100
6 2664.25 2664.25 1e+100
0 614.388 614.388 1e+100
0 2713.25 2713.25 1e+100
3 1831.45 1831.45 1e+100
5 1286.54 5146.17 1e+100
5 11803.5 23607 1e+100
1 2232.84 4465.67 1e+100
2 1846.15 7384.61 1e+100
4 980.973 1961.95 1e+100
9 1125.26 1125.26 1e+100
6 7456.95 7456.95 1e+100
2 2962.58 5925.17 1e+100
9 2543.54 2543.54 1e+100
5 2455.15 4910.3 1e+100
3 1773.02 1773.02 1e+100
4 1589.66 3179.33 1e+100
1 1654.39 1654.39 1e+100
7 1483.72 1483.72 1e+100
3 2252.42 2252.42 1e+100
0 1796.91 1796.91 1e+100
9 7674.05 7674.05 1e+100
5 1814.22 1814.22 1e+100
8 1023.82 4095.26 1e+100
7 1241.98 2483.97 1e+100
8 8293.94 16587.9 1e+100
1 5743.46 11486.9 1e+100
9 2596.33 2596.33 1e+100
1 1535.64 3071.28 1e+100
4 3215.91 6431.83 1e+100
7 4355.56 8711.11 1e+100
0 2913.84 2913.84 1e+100
4 925.507 1851.01 1e+100
7 2360.71 4721.42 1e+100
3 3057.63 3057.63 1e+100
8 1722.14 6888.55 1e+100
1 2925.35 5850.7 1e+100
2 949.388 3797.55 1e+100
6 1055.41 1055.41 1e+100
8 3394.69 6789.39 1e+100
5 3769.27 15077.1 1e+100
7 5769.85 11539.7 1e+100
5 1517.96 6071.82 1e+100
2 4099.9 16399.6 1e+100
4 3349.83 6699.65 1e+100
59
1 636.089 1272.18 1e+100
7 2478.68 4957.36 1e+100
9 294.385 294.385 1e+100
2 296.525 1186.1 1e+100
3 247.088 247.088 1e+100
0 511.21 511.21 1e+100
5 606.844 2427.38 1e+100
8 3222.38 12889.5 1e+100
6 522.827 522.827 1e+100
2 3396.78 13587.1 1e+100
4 239.265 239.265 1e+100
1 2111.95 2111.95 1e+100
5 2090.82 2090.82 1e+100
7 3864.99 7729.98 1e+100
7 9606.6 19213.2 1e+100
4 1958.73 1958.73 1e+100
0 1928.13 1928.13 1e+100
9 1638.06 1638.06 1e+100
2 1155.39 1155.39 1e+100
3 1601.19 1601.19 1e+100
8 4331.76 17327 1e+100
5 12818.7 51274.6 1e+100
8 7067.47 28269.9 1e+100
1 8139.93 16279.9 1e+100
8 10864.6 21729.2 1e+100
6 1649.58 1649.58 1e+100
1 1550.56 1550.56 1e+100
1 3265.37 6530.75 1e+100
1 5113.55 10227.1 1e+100
5 1115.18 1115.18 1e+100
9 462.692 462.692 1e+100
4 797.436 1594.87 1e+100
3 1295.02 1295.02 1e+100
2 1535.55 6142.19 1e+100
5 4179.56 16718.3 1e+100
5 6224.29 12448.6 1e+100
8 2510.49 10042 1e+100
0 128.952 128.952 1e+100
5 1335.63 5342.51 1e+100
0 1874.27 1874.27 1e+100
4 3270.62 6541.24 1e+100
0 3686.62 3686.62 1e+100
4 5070.75 10141.5 1e+100
4 1112.88 2225.76 1e+100
6 1443.01 1443.01 1e+100
3 1897.02 1897.02 1e+100
4 8585.36 17170.7 1e+100
7 520.733 1041.47 1e+100
2 3724.46 14897.8 1e+100
5 6962.16 27848.6 1e+100
8 5341.24 21364.9 1e+100
2 7366.76 14733.5 1e+100
2 5270.77 21083.1 1e+100
9 392.856 392.856 1e+100
7 6658.4 13316.8 1e+100
4 5635.84 11271.7 1e+100
2 777.585 777.585 1e+100
7 986.647 1973.29 1e+100
6 1585.28 1585.28 1e+100
57
5 318.099 1272.39 1e+100
1 349.156 349.156 1e+100
2 163.775 327.55 1e+100
4 232.672 465.343 1e+100
1 6237.86 12475.7 1e+100
6 2670.89 2670.89 1e+100
9 278.799 278.799 1e+100
5 1755.65 7022.62 1e+100
8 1176.61 4706.46 1e+100
7 935.94 1871.88 1e+100
4 3328.08 6656.16 1e+100
0 596.622 596.622 1e+100
5 5428.38 10856.8 1e+100
4 4900.86 9801.72 1e+100
5 3149.19 6298.39 1e+100
4 1377.47 2754.94 1e+100
1 9250.84 18501.7 1e+100
3 182.315 182.315 1e+100
2 407.41 1629.64 1e+100
8 2052.8 4105.59 1e+100
1 374.775 749.549 1e+100
9 2845.19 2845.19 1e+100
1 10300.5 20601.1 1e+100
2 1054.14 4216.55 1e+100
7 1743.27 1743.27 1e+100
1 1349.52 2699.04 1e+100
8 4022.41 4022.41 1e+100
0 320.481 320.481 1e+100
3 4625.49 4625.49 1e+100
3 835.13 835.13 1e+100
8 1814.84 3629.68 1e+100
6 567.14 567.14 1e+100
8 9216.19 36864.7 1e+100
0 974.293 974.293 1e+100
2 969.567 3878.27 1e+100
3 1723.73 1723.73 1e+100
1 3776.8 7553.6 1e+100
2 3520.31 7040.63 1e+100
7 4150.69 8301.37 1e+100
0 1268.66 1268.66 1e+100
6 3026.68 3026.68 1e+100
4 1671.89 1671.89 1e+100
6 372.431 372.431 1e+100
7 460.211 460.211 1e+100
4 5100.02 10200 1e+100
8 4909.12 19636.5 1e+100
2 4559 18236 1e+100
7 2003.99 4007.97 1e+100
5 2026.69 8106.78 1e+100
2 1167.92 1167.92 1e+100
7 5583.13 11166.3 1e+100
4 2600.69 5201.38 1e+100
5 4836.07 19344.3 1e+100
9 4100.25 4100.25 1e+100
0 2729.36 2729.36 1e+100
2 6341.91 12683.8 1e+100
9 1574.72 1574.72 1e+100
56
1 636.089 1272.18 1e+100
7 2478.68 4957.36 1e+100
9 294.385 294.385 1e+100
2 296.525 1186.1 1e+100
3 247.088 247.088 1e+100
0 511.21 511.21 1e+100
5 606.844 2427.38 1e+100
8 3222.38 12889.5 1e+100
6 522.827 522.827 1e+100
5 4782.78 19131.1 1e+100
4 239.265 239.265 1e+100
6 5232.32 5232.32 1e+100
0 4207.75 4207.75 1e+100
1 2045 4090 1e+100
4 2586.48 5172.96 1e+100
9 1718.01 1718.01 1e+100
0 1928.13 1928.13 1e+100
3 9524.99 9524.99 1e+100
2 1155.39 1155.39 1e+100
3 1601.19 1601.19 1e+100
5 1826.07 7304.29 1e+100
2 5232.66 20930.7 1e+100
2 1337.74 5350.98 1e+100
4 10710.8 21421.5 1e+100
1 8863.81 17727.6 1e+100
4 2095.2 2095.2 1e+100
3 1898.98 1898.98 1e+100
2 8225.89 16451.8 1e+100
4 7684.39 15368.8 1e+100
4 5601.34 11202.7 1e+100
1 405.543 811.087 1e+100
6 5829.53 5829.53 1e+100
7 142.083 284.167 1e+100
1 1377.88 2755.77 1e+100
8 525.866 2103.47 1e+100
4 1745.66 1745.66 1e+100
7 429.357 858.715 1e+100
1 3670.32 7340.65 1e+100
9 285.222 285.222 1e+100
0 1771.23 1771.23 1e+100
7 3493.58 3493.58 1e+100
3 1936.99 1936.99 1e+100
9 2460.46 2460.46 1e+100
5 3372.87 6745.74 1e+100
8 1692.44 6769.77 1e+100
8 4544.84 18179.4 1e+100
1 1523.62 3047.24 1e+100
2 3422.93 13691.7 1e+100
0 2899.67 2899.67 1e+100
8 6469.55 12939.1 1e+100
7 1028.78 2057.56 1e+100
5 4703.57 18814.3 1e+100
7 4645.83 4645.83 1e+100
9 3351.01 3351.01 1e+100
5 443.605 887.21 1e+100
0 3574.71 3574.71 1e+100
56
2 281.903 1127.61 1e+100
4 315.065 630.131 1e+100
7 2557.11 2557.11 1e+100
8 493.345 1973.38 1e+100
6 264.453 264.453 1e+100
1 271.729 271.729 1e+100
6 5139.13 5139.13 1e+100
3 171.261 171.261 1e+100
5 204.204 816.814 1e+100
7 3701.06 7402.12 1e+100
0 374.485 374.485 1e+100
9 727.497 727.497 1e+100
4 1489.5 2979 1e+100
5 1658 6631.99 1e+100
2 775.006 3100.02 1e+100
3 3220.77 3220.77 1e+100
1 3623.88 7247.75 1e+100
8 3209.08 3209.08 1e+100
2 9628.5 19257 1e+100
3 247.409 247.409 1e+100
1 1051.89 2103.79 1e+100
4 1516 1516 1e+100
0 650.961 650.961 1e+100
5 1804.31 7217.26 1e+100
2 1049.22 4196.9 1e+100
9 447.243 447.243 1e+100
7 6411.03 12822.1 1e+100
4 4599.12 9198.24 1e+100
7 8164.59 16329.2 1e+100
1 5008.65 10017.3 1e+100
3 3481.12 3481.12 1e+100
0 746.446 746.446 1e+100
8 8765.12 8765.12 1e+100
7 1443.88 2887.76 1e+100
4 5703.37 11406.7 1e+100
5 3269.14 13076.5 1e+100
2 2266.85 9067.38 1e+100
8 6212.84 24851.3 1e+100
7 2741.92 5483.84 1e+100
9 799.163 799.163 1e+100
4 1057.34 1057.34 1e+100
6 1882.91 1882.91 1e+100
6 5561.85 5561.85 1e+100
9 2442.24 2442.24 1e+100
3 6077.45 6077.45 1e+100
0 3691.42 3691.42 1e+100
0 5553.27 5553.27 1e+100
6 2907.91 2907.91 1e+100
8 1449.68 5798.72 1e+100
1 1174.26 1174.26 1e+100
9 4675.77 4675.77 1e+100
0 823.956 823.956 1e+100
2 2921.26 11685 1e+100
1 3934.75 7869.5 1e+100
5 3074.55 6149.1 1e+100
4 5427.92 10855.8 1e+100
51
1 456.472 912.945 1e+100
9 306.53 306.53 1e+100
1 3035.14 3035.14 1e+100
4 308.224 616.448 1e+100
5 290.732 1162.93 1e+100
3 215.457 215.457 1e+100
2 339.11 1356.44 1e+100
7 2513.34 5026.68 1e+100
8 3212.65 12850.6 1e+100
6 2664.25 2664.25 1e+100
0 614.388 614.388 1e+100
9 2172 2172 1e+100
3 1831.45 1831.45 1e+100
5 1286.54 5146.17 1e+100
4 10570.5 21140.9 1e+100
2 4192.45 8384.9 1e+100
2 1846.15 7384.61 1e+100
1 3895.55 7791.11 1e+100
4 457.092 457.092 1e+100
5 1234.72 4938.87 1e+100
5 7776.45 15552.9 1e+100
4 1540.05 3080.09 1e+100
3 1292.03 1292.03 1e+100
0 984.761 984.761 1e+100
2 5494.45 10988.9 1e+100
4 5074.27 10148.5 1e+100
4 2991.22 5982.44 1e+100
7 2284.55 4569.11 1e+100
9 2919.9 2919.9 1e+100
7 408.303 816.607 1e+100
7 3256.89 6513.79 1e+100
5 461.476 1845.9 1e+100
0 694.124 694.124 1e+100
8 804.327 1608.65 1e+100
0 4249.08 4249.08 1e+100
3 945.52 945.52 1e+100
6 499.858 499.858 1e+100
6 4384.78 4384.78 1e+100
0 5892.16 5892.16 1e+100
3 4719.05 4719.05 1e+100
3 2845.81 2845.81 1e+100
1 5546.83 5546.83 1e+100
7 4626.6 4626.6 1e+100
2 243.139 972.558 1e+100
7 2706.27 2706.27 1e+100
9 3801.51 3801.51 1e+100
6 1004.12 1004.12 1e+100
5 560.24 2240.96 1e+100
1 231.035 462.07 1e+100
8 2055.34 4110.68 1e+100
1 2059.89 4119.77 1e+100
55
2 281.903 1127.61 1e+100
4 315.065 630.131 1e+100
7 2557.11 2557.11 1e+100
8 493.345 1973.38 1e+100
6 264.453 264.453 1e+100
1 271.729 271.729 1e+100
9 3555.11 3555.11 1e+100
3 171.261 171.261 1e+100
5 204.204 816.814 1e+100
2 3642.07 7284.14 1e+100
0 374.485 374.485 1e+100
9 727.497 727.497 1e+100
1 2475.25 4950.5 1e+100
5 1658 6631.99 1e+100
2 775.006 3100.02 1e+100
8 2452.2 4904.41 1e+100
3 1273.24 1273.24 1e+100
4 439.475 878.949 1e+100
0 19.0477 19.0477 1e+100
8 5818.18 11636.4 1e+100
5 9834.32 39337.3 1e+100
5 7181.41 28725.6 1e+100
6 1815.21 1815.21 1e+100
4 6790.04 13580.1 1e+100
5 920.406 1840.81 1e+100
8 1922.16 3844.32 1e+100
7 332.871 665.741 1e+100
3 1690.24 1690.24 1e+100
4 83.9659 83.9659 1e+100
3 4173.94 4173.94 1e+100
1 741.688 1483.38 1e+100
4 1734.77 3469.55 1e+100
2 6326.53 25306.1 1e+100
2 8324.72 33298.9 1e+100
8 2968.99 11875.9 1e+100
2 574.64 1149.28 1e+100
7 2684.79 5369.58 1e+100
0 253.159 253.159 1e+100
9 318.236 318.236 1e+100
1 1427.7 1427.7 1e+100
7 269.96 269.96 1e+100
5 1407.37 1407.37 1e+100
7 4832.73 9665.46 1e+100
8 8869.06 35476.2 1e+100
5 2809.06 11236.3 1e+100
1 2937.84 5875.68 1e+100
8 5759.93 23039.7 1e+100
2 1293.04 1293.04 1e+100
4 2233.53 4467.06 1e+100
1 4189.64 8379.27 1e+100
2 2559.84 10239.3 1e+100
6 1088.55 1088.55 1e+100
0 1713.86 1713.86 1e+100
1 5857.75 11715.5 1e+100
9 593.309 593.309 1e+100
65
1 456.472 912.945 1e+100
9 306.53 306.53 1e+100
0 3344.55 3344.55 1e+100
4 308.224 616.448 1e+100
5 290.732 1162.93 1e+100
3 215.457 215.457 1e+100
2 339.11 1356.44 1e+100
7 2513.34 5026.68 1e+100
8 3212.65 12850.6 1e+100
6 2664.25 2664.25 1e+100
0 614.388 614.388 1e+100
7 4108.27 4108.27 1e+100
9 1715.26 1715.26 1e+100
5 1286.54 5146.17 1e+100
2 13795.1 27590.1 1e+100
4 1276.46 2552.93 1e+100
5 2791.17 11164.7 1e+100
1 11109.7 22219.4 1e+100
6 3517.18 3517.18 1e+100
3 1008.92 1008.92 1e+100
1 614.771 1229.54 1e+100
2 939.818 939.818 1e+100
4 7229.81 14459.6 1e+100
3 2432.28 2432.28 1e+100
1 1736.76 3473.51 1e+100
9 1393.7 1393.7 1e+100
4 436.007 436.007 1e+100
5 2845.45 11381.8 1e+100
5 11063.3 44253.2 1e+100
9 2230.21 2230.21 1e+100
4 3844.46 7688.92 1e+100
5 6929.52 13859 1e+100
4 7128.6 14257.2 1e+100
4 902.687 1805.37 1e+100
3 3181.45 3181.45 1e+100
0 1056.73 1056.73 1e+100
3 5665.15 5665.15 1e+100
8 998.816 1997.63 1e+100
1 1479.64 2959.27 1e+100
5 4310.28 17241.1 1e+100
2 846.422 3385.69 1e+100
2 7180.34 28721.4 1e+100
8 3635.87 14543.5 1e+100
7 3210.61 3210.61 1e+100
2 2374.95 9499.79 1e+100
0 2514.1 2514.1 1e+100
7 1335.09 2670.17 1e+100
6 1571.35 1571.35 1e+100
7 4934.14 9868.27 1e+100
7 8584.69 17169.4 1e+100
8 1892.08 1892.08 1e+100
0 4216.02 4216.02 1e+100
4 9918.92 19837.8 1e+100
1 4298.19 8596.37 1e+100
8 5060.17 20240.7 1e+100
2 4682.95 18731.8 1e+100
5 6853.34 27413.4 1e+100
1 8205.77 16411.5 1e+100
8 6606.48 26425.9 1e+100
9 3337.02 3337.02 1e+100
8 8571.3 17142.6 1e+100
7 5499.23 10998.5 1e+100
9 985.701 985.701 1e+100
1 1024.27 2048.54 1e+100
6 1759.27 1759.27 1e+100
51
2 281.903 1127.61 1e+100
4 315.065 630.131 1e+100
7 2557.11 2557.11 1e+100
8 493.345 1973.38 1e+100
6 264.453 264.453 1e+100
1 271.729 271.729 1e+100
4 2034.24 2034.24 1e+100
3 171.261 171.261 1e+100
5 204.204 816.814 1e+100
7 3701.06 7402.12 1e+100
0 374.485 374.485 1e+100
9 727.497 727.497 1e+100
4 4869.56 9739.11 1e+100
2 3021.65 12086.6 1e+100
2 775.006 3100.02 1e+100
1 10364.2 20728.5 1e+100
8 5115.21 10230.4 1e+100
6 1268.15 1268.15 1e+100
8 2103.91 4207.81 1e+100
5 648.182 2592.73 1e+100
3 447.219 447.219 1e+100
1 535.043 1070.09 1e+100
0 1542.58 1542.58 1e+100
9 920.815 920.815 1e+100
0 3214.36 3214.36 1e+100
8 7778.98 31115.9 1e+100
8 5126.07 20504.3 1e+100
9 2456.12 2456.12 1e+100
1 4099.96 8199.91 1e+100
1 1638.01 3276.01 1e+100
1 5853.51 11707 1e+100
4 185.372 370.743 1e+100
6 6050.06 6050.06 1e+100
3 417.944 417.944 1e+100
0 4536.4 4536.4 1e+100
7 1443.88 2887.76 1e+100
7 5001.45 10002.9 1e+100
5 305.528 1222.11 1e+100
5 5112.29 20449.2 1e+100
5 8267.45 33069.8 1e+100
2 1286.24 5144.95 1e+100
3 1485.77 1485.77 1e+100
2 5126.63 20506.5 1e+100
4 3680.02 7360.05 1e+100
5 1325.3 5301.22 1e+100
4 1711.17 3422.33 1e+100
6 834.611 834.611 1e+100
4 6570.4 13140.8 1e+100
9 1776.55 1776.55 1e+100
2 1825.01 7300.05 1e+100
7 906.002 1812 1e+100
54
2 281.903 1127.61 1e+100
4 315.065 630.131 1e+100
7 2557.11 2557.11 1e+100
8 493.345 1973.38 1e+100
6 264.453 264.453 1e+100
1 271.729 271.729 1e+100
6 5139.13 5139.13 1e+100
3 171.261 171.261 1e+100
5 204.204 816.814 1e+100
4 1943.89 3887.77 1e+100
0 374.485 374.485 1e+100
9 727.497 727.497 1e+100
4 3230.26 6460.52 1e+100
2 3021.65 12086.6 1e+100
2 775.006 3100.02 1e+100
1 2482.15 4964.31 1e+100
1 725.987 1451.97 1e+100
1 4177.34 8354.67 1e+100
8 2190.56 8762.22 1e+100
5 370.981 1483.92 1e+100
3 767.186 767.186 1e+100
7 1801.35 1801.35 1e+100
2 3440.79 6881.58 1e+100
0 432.406 432.406 1e+100
0 5412.98 5412.98 1e+100
0 2502.18 2502.18 1e+100
9 422.267 422.267 1e+100
1 7468.81 14937.6 1e+100
8 2520.89 2520.89 1e+100
9 1756.31 1756.31 1e+100
3 4469.51 4469.51 1e+100
3 2182.37 2182.37 1e+100
5 512.46 2049.84 1e+100
4 1226.03 2452.06 1e+100
1 7247.14 14494.3 1e+100
5 3648.8 7297.6 1e+100
7 2622.01 2622.01 1e+100
5 5683.27 11366.5 1e+100
7 722.038 1444.08 1e+100
4 2468.25 4936.49 1e+100
9 2873.24 2873.24 1e+100
7 4170.11 8340.22 1e+100
4 3917.09 7834.18 1e+100
6 1731.47 1731.47 1e+100
2 4611.91 18447.6 1e+100
7 5791.98 11584 1e+100
2 2523.91 10095.6 1e+100
5 837.658 837.658 1e+100
2 6284.47 12568.9 1e+100
8 4924.23 19696.9 1e+100
1 2178.35 4356.71 1e+100
8 2672.91 10691.6 1e+100
8 5896.92 23587.7 1e+100
4 4851.2 9702.4 1e+100
53
1 636.089 1272.18 1e+100
7 2478.68 4957.36 1e+100
9 294.385 294.385 1e+100
2 296.525 1186.1 1e+100
3 247.088 247.088 1e+100
0 511.21 511.21 1e+100
5 606.844 2427.38 1e+100
8 3222.38 12889.5 1e+100
6 522.827 522.827 1e+100
2 1858.09 7432.36 1e+100
4 239.265 239.265 1e+100
1 3936.69 3936.69 1e+100
0 4207.75 4207.75 1e+100
1 2045 4090 1e+100
4 5692.52 11385 1e+100
6 4928.93 4928.93 1e+100
0 1928.13 1928.13 1e+100
9 1638.06 1638.06 1e+100
3 1797.25 1797.25 1e+100
4 3456.71 3456.71 1e+100
2 3058.8 12235.2 1e+100
5 2260.61 9042.42 1e+100
4 6698.66 13397.3 1e+100
4 409.582 409.582 1e+100
7 1593.12 3186.24 1e+100
3 1155.36 1155.36 1e+100
5 1830.9 3661.8 1e+100
2 8530.46 17060.9 1e+100
1 4006.22 8012.43 1e+100
3 6809.42 6809.42 1e+100
8 5284.33 10568.7 1e+100
7 3769.94 7539.88 1e+100
8 525.866 2103.47 1e+100
9 531.931 531.931 1e+100
8 5938.79 11877.6 1e+100
9 4205.55 4205.55 1e+100
7 533.802 1067.6 1e+100
1 723.031 1446.06 1e+100
2 4613.64 9227.29 1e+100
6 2192.3 2192.3 1e+100
1 3847.52 7695.04 1e+100
2 2618.8 5237.6 1e+100
0 1606.15 1606.15 1e+100
2 489.803 1959.21 1e+100
7 5688.79 11377.6 1e+100
8 1692.13 6768.52 1e+100
3 456.774 456.774 1e+100
1 5309.82 10619.6 1e+100
5 151.582 606.329 1e+100
4 3506.12 7012.25 1e+100
5 1310.9 5243.59 1e+100
5 3267.32 13069.3 1e+100
7 2717 5434.01 1e+100
54
5 318.099 1272.39 1e+100
1 349.156 349.156 1e+100
2 163.775 327.55 1e+100
4 232.672 465.343 1e+100
1 8181.3 16362.6 1e+100
6 2670.89 2670.89 1e+100
9 278.799 278.799 1e+100
5 1755.65 7022.62 1e+100
8 1176.61 4706.46 1e+100
7 935.94 1871.88 1e+100
4 3345.32 6690.64 1e+100
0 596.622 596.622 1e+100
5 5428.38 10856.8 1e+100
4 1568.54 3137.08 1e+100
5 3149.19 6298.39 1e+100
1 1719.51 3439.02 1e+100
2 9348.83 18697.7 1e+100
3 182.315 182.315 1e+100
2 407.41 1629.64 1e+100
8 9326.36 18652.7 1e+100
4 7975.62 15951.2 1e+100
7 1943.59 1943.59 1e+100
8 6606.87 13213.7 1e+100
2 1054.14 4216.55 1e+100
9 144.993 144.993 1e+100
4 2529.9 5059.81 1e+100
0 1874.2 1874.2 1e+100
3 330.001 330.001 1e+100
8 412.654 412.654 1e+100
3 2118.68 2118.68 1e+100
9 866.997 866.997 1e+100
1 309.806 619.613 1e+100
6 717.916 717.916 1e+100
2 1725.53 6902.1 1e+100
8 2436.89 9747.56 1e+100
5 6427.09 12854.2 1e+100
1 812.41 1624.82 1e+100
9 1564.33 1564.33 1e+100
3 3002.47 3002.47 1e+100
3 5409.83 5409.83 1e+100
6 1170.93 1170.93 1e+100
6 2994.53 2994.53 1e+100
6 4819.31 4819.31 1e+100
9 5026.72 5026.72 1e+100
9 2849.16 2849.16 1e+100
0 4371.71 4371.71 1e+100
2 1973.67 7894.69 1e+100
4 5555.37 5555.37 1e+100
0 1223.07 1223.07 1e+100
4 1306.88 1306.88 1e+100
5 1725.74 6902.95 1e+100
7 946.196 1892.39 1e+100
1 3847.86 7695.72 1e+100
7 2775.05 5550.1 1e+100
55
5 318.099 1272.39 1e+100
1 349.156 349.156 1e+100
2 163.775 327.55 1e+100
4 232.672 465.343 1e+100
2 11204.8 22409.5 1e+100
6 2670.89 2670.89 1e+100
9 278.799 278.799 1e+100
5 1755.65 7022.62 1e+100
8 1176.61 4706.46 1e+100
7 935.94 1871.88 1e+100
4 3328.08 6656.16 1e+100
0 596.622 596.622 1e+100
7 2369.41 4738.82 1e+100
1 1894.32 3788.64 1e+100
5 3149.19 6298.39 1e+100
4 1377.47 2754.94 1e+100
2 12015.2 24030.4 1e+100
3 182.315 182.315 1e+100
2 407.41 1629.64 1e+100
8 2052.8 4105.59 1e+100
4 4061.21 8122.42 1e+100
9 2845.19 2845.19 1e+100
7 3687.04 7374.08 1e+100
2 1054.14 4216.55 1e+100
3 670.305 670.305 1e+100
1 1309.04 2618.09 1e+100
9 7510.57 7510.57 1e+100
0 673.177 673.177 1e+100
6 4570.36 4570.36 1e+100
3 1933.73 1933.73 1e+100
6 1698.65 1698.65 1e+100
8 1344.08 1344.08 1e+100
7 118.6 118.6 1e+100
2 1299.42 5197.67 1e+100
2 4622.87 9245.75 1e+100
7 4448.22 8896.44 1e+100
5 6608.97 13217.9 1e+100
0 419.034 419.034 1e+100
1 4932.38 9864.77 1e+100
4 2734.39 5468.78 1e+100
1 857.705 1715.41 1e+100
0 3979.79 3979.79 1e+100
4 4346.54 8693.08 1e+100
4 6265.28 12530.6 1e+100
0 1756.44 1756.44 1e+100
5 1977.87 7911.49 1e+100
1 6322.09 12644.2 1e+100
2 1723.98 6895.92 1e+100
3 2381.74 2381.74 1e+100
5 3650.43 7300.86 1e+100
8 370.967 1483.87 1e+100
7 866.698 1733.4 1e+100
8 1530.28 6121.13 1e+100
8 3486.7 13946.8 1e+100
1 1369.3 2738.6 1e+100
52
5 318.099 1272.39 1e+100
1 349.156 349.156 1e+100
2 163.775 327.55 1e+100
4 232.672 465.343 1e+100
7 8574.88 17149.8 1e+100
6 2670.89 2670.89 1e+100
9 278.799 278.799 1e+100
5 1755.65 7022.62 1e+100
8 1176.61 4706.46 1e+100
7 935.94 1871.88 1e+100
2 2801.79 5603.59 1e+100
0 596.622 596.622 1e+100
7 2369.41 4738.82 1e+100
1 1894.32 3788.64 1e+100
8 8977.67 17955.3 1e+100
4 1377.47 2754.94 1e+100
8 3711.96 7423.92 1e+100
3 182.315 182.315 1e+100
2 407.41 1629.64 1e+100
9 3996.36 3996.36 1e+100
5 4447.14 8894.27 1e+100
9 1026.42 1026.42 1e+100
7 2290.11 4580.22 1e+100
3 1307.52 1307.52 1e+100
4 1477.92 2955.85 1e+100
0 683.85 683.85 1e+100
1 1282.27 1282.27 1e+100
3 2495.46 2495.46 1e+100
5 702.353 702.353 1e+100
4 2315.94 4631.88 1e+100
6 717.916 717.916 1e+100
2 918.409 3673.64 1e+100
5 3793.71 15174.8 1e+100
7 1814.8 3629.6 1e+100
7 5455.77 10911.5 1e+100
6 1408.41 1408.41 1e+100
0 226.775 226.775 1e+100
1 359.65 359.65 1e+100
6 3245.24 3245.24 1e+100
6 5068.84 5068.84 1e+100
3 3011.94 3011.94 1e+100
0 2127.06 2127.06 1e+100
3 4829.11 4829.11 1e+100
0 3899.15 3899.15 1e+100
8 1556.5 6226.01 1e+100
4 1457.15 1457.15 1e+100
5 4552.14 4552.14 1e+100
9 2079.39 2079.39 1e+100
2 785.83 3143.32 1e+100
1 646.444 1292.89 1e+100
1 2607.78 5215.56 1e+100
4 2329.49 4658.98 1e+100
38
2 281.903 1127.61 1e+100
4 315.065 630.131 1e+100
7 2557.11 2557.11 1e+100
8 493.345 1973.38 1e+100
6 264.453 264.453 1e+100
1 271.729 271.729 1e+100
4 2034.24 2034.24 1e+100
3 171.261 171.261 1e+100
5 204.204 816.814 1e+100
7 3701.06 7402.12 1e+100
0 374.485 374.485 1e+100
9 727.497 727.497 1e+100
1 2475.25 4950.5 1e+100
5 1658 6631.99 1e+100
2 775.006 3100.02 1e+100
8 2452.2 4904.41 1e+100
6 3296.33 3296.33 1e+100
1 2712.75 5425.49 1e+100
0 140.408 140.408 1e+100
4 5891.73 11783.5 1e+100
9 645.221 645.221 1e+100
3 161.795 161.795 1e+100
4 256.143 512.285 1e+100
2 237.24 237.24 1e+100
5 1126.75 4507 1e+100
8 5280.89 21123.6 1e+100
4 2443.76 4887.52 1e+100
2 833.245 3332.98 1e+100
0 194.34 194.34 1e+100
8 1357.51 5430.05 1e+100
7 209.663 419.325 1e+100
2 2216.25 8865 1e+100
7 2484.79 4969.59 1e+100
3 626.801 626.801 1e+100
1 3838.41 7676.82 1e+100
9 772.625 772.625 1e+100
5 565.473 2261.89 1e+100
1 61.2402 122.48 1e+100
62
5 318.099 1272.39 1e+100
1 349.156 349.156 1e+100
2 163.775 327.55 1e+100
4 232.672 465.343 1e+100
5 13024.5 26049.1 1e+100
6 2670.89 2670.89 1e+100
9 278.799 278.799 1e+100
5 1755.65 7022.62 1e+100
8 1176.61 4706.46 1e+100
7 935.94 1871.88 1e+100
1 3671.1 7342.2 1e+100
0 596.622 596.622 1e+100
7 3899.99 7799.97 1e+100
1 1894.32 3788.64 1e+100
2 13366 26732 1e+100
4 1377.47 2754.94 1e+100
7 5500.43 11000.9 1e+100
3 182.315 182.315 1e+100
2 407.41 1629.64 1e+100
9 1528.76 1528.76 1e+100
4 9295.97 18591.9 1e+100
0 1636.87 1636.87 1e+100
7 823.29 1646.58 1e+100
9 2952.12 2952.12 1e+100
4 1477.92 2955.85 1e+100
2 674.98 674.98 1e+100
3 602.519 602.519 1e+100
8 2327.23 9308.91 1e+100
2 1829.63 7318.51 1e+100
3 1816.42 1816.42 1e+100
5 377.399 754.799 1e+100
8 9370.24 18740.5 1e+100
5 2130.96 4261.92 1e+100
1 1768.61 3537.21 1e+100
0 2382.61 2382.61 1e+100
6 103.745 103.745 1e+100
0 4866.31 4866.31 1e+100
7 5664.28 11328.6 1e+100
4 8144.64 16289.3 1e+100
2 5554.66 22218.6 1e+100
2 7552.85 30211.4 1e+100
5 3177.79 12711.1 1e+100
4 981.058 1962.12 1e+100
1 8916.62 17833.2 1e+100
6 973.512 973.512 1e+100
3 4336.52 4336.52 1e+100
1 3318.77 3318.77 1e+100
3 1682.27 1682.27 1e+100
1 1722 1722 1e+100
1 6746.89 13493.8 1e+100
2 1923.19 7692.75 1e+100
8 5378.03 21512.1 1e+100
7 6297.29 12594.6 1e+100
5 4646.95 18587.8 1e+100
4 1699.46 1699.46 1e+100
4 8643.39 17286.8 1e+100
1 4247.57 8495.13 1e+100
8 2408.38 9633.5 1e+100
9 1393.19 1393.19 1e+100
6 2434.21 2434.21 1e+100
7 7386.75 14773.5 1e+100
4 2374.5 2374.5 1e+100
55
5 318.099 1272.39 1e+100
1 349.156 349.156 1e+100
2 163.775 327.55 1e+100
4 232.672 465.343 1e+100
5 5623.82 11247.6 1e+100
6 2670.89 2670.89 1e+100
9 278.799 278.799 1e+100
5 3302.29 13209.2 1e+100
8 1176.61 4706.46 1e+100
7 935.94 1871.88 1e+100
5 1201.5 2403 1e+100
0 596.622 596.622 1e+100
7 3899.99 7799.97 1e+100
4 3354.22 6708.45 1e+100
1 5114.1 10228.2 1e+100
4 1377.47 2754.94 1e+100
1 10362.1 20724.1 1e+100
3 182.315 182.315 1e+100
2 407.41 1629.64 1e+100
9 1528.76 1528.76 1e+100
1 291.408 582.817 1e+100
1 1830.2 1830.2 1e+100
7 823.29 1646.58 1e+100
0 1264.11 1264.11 1e+100
2 951.637 1903.27 1e+100
8 2559.04 2559.04 1e+100
3 534.018 534.018 1e+100
9 2123.27 2123.27 1e+100
1 5162.85 10325.7 1e+100
6 567.14 567.14 1e+100
2 1729.01 6916.03 1e+100
3 866.427 866.427 1e+100
8 2783.93 11135.7 1e+100
7 1840.7 1840.7 1e+100
7 6101.31 12202.6 1e+100
4 433.88 867.76 1e+100
7 3595.44 7190.89 1e+100
0 1025.07 1025.07 1e+100
6 4303.64 4303.64 1e+100
3 3466.48 3466.48 1e+100
3 931.246 931.246 1e+100
6 388.732 388.732 1e+100
4 5365.77 10731.5 1e+100
5 1978.91 7915.63 1e+100
8 3194.52 12778.1 1e+100
4 1614.64 3229.29 1e+100
5 4155.75 16623 1e+100
0 4320.89 4320.89 1e+100
2 5107.02 10214 1e+100
4 2866.44 5732.89 1e+100
2 2600.13 10400.5 1e+100
9 2208.87 2208.87 1e+100
6 1279.29 1279.29 1e+100
8 4977.43 9954.86 1e+100
0 1899.85 1899.85 1e+100
61
5 318.099 1272.39 1e+100
1 349.156 349.156 1e+100
2 163.775 327.55 1e+100
4 232.672 465.343 1e+100
7 3652.68 7305.36 1e+100
6 2670.89 2670.89 1e+100
9 278.799 278.799 1e+100
5 1755.65 7022.62 1e+100
8 1176.61 4706.46 1e+100
7 935.94 1871.88 1e+100
4 3345.32 6690.64 1e+100
0 596.622 596.622 1e+100
1 6375.92 12751.8 1e+100
4 1568.54 3137.08 1e+100
7 7238.19 14476.4 1e+100
1 1719.51 3439.02 1e+100
1 3899.48 7798.96 1e+100
3 182.315 182.315 1e+100
2 407.41 1629.64 1e+100
2 1212.48 4849.93 1e+100
8 1329.19 2658.38 1e+100
7 3371.43 6742.86 1e+100
9 650.808 650.808 1e+100
3 813.127 813.127 1e+100
7 7226.01 14452 1e+100
8 3354.17 6708.34 1e+100
5 1207.18 4828.73 1e+100
2 5998.53 23994.1 1e+100
9 1599.47 1599.47 1e+100
7 9014.13 18028.3 1e+100
1 10256.1 20512.2 1e+100
1 4664.83 9329.65 1e+100
4 6915.12 13830.2 1e+100
0 1626.11 1626.11 1e+100
6 103.745 103.745 1e+100
3 3164.67 3164.67 1e+100
2 7968.64 15937.3 1e+100
1 7689.85 15379.7 1e+100
2 611.669 2446.68 1e+100
5 5241.67 20966.7 1e+100
8 174.082 696.329 1e+100
4 194.834 389.667 1e+100
5 9691.7 19383.4 1e+100
6 973.512 973.512 1e+100
4 3714.7 3714.7 1e+100
0 4543.67 4543.67 1e+100
9 1465.32 1465.32 1e+100
6 3148.75 3148.75 1e+100
4 1463.13 2926.25 1e+100
8 6813.95 27255.8 1e+100
2 1626.18 6504.71 1e+100
4 6883.88 13767.8 1e+100
8 3704.83 14819.3 1e+100
9 5053.75 5053.75 1e+100
5 6122.67 12245.3 1e+100
2 8020.31 16040.6 1e+100
5 1288.33 5153.32 1e+100
3 6278.47 6278.47 1e+100
6 4039.3 4039.3 1e+100
4 7973.34 15946.7 1e+100
9 2632.71 2632.71 1e+100
49
5 318.099 1272.39 1e+100
1 349.156 349.156 1e+100
2 163.775 327.55 1e+100
4 232.672 465.343 1e+100
4 6259.15 12518.3 1e+100
6 2670.89 2670.89 1e+100
9 278.799 278.799 1e+100
5 1755.65 7022.62 1e+100
8 1176.61 4706.46 1e+100
7 935.94 1871.88 1e+100
2 2801.79 5603.59 1e+100
0 596.622 596.622 1e+100
7 7802.95 15605.9 1e+100
1 1894.32 3788.64 1e+100
5 3149.19 6298.39 1e+100
4 1377.47 2754.94 1e+100
7 2503.04 5006.07 1e+100
3 182.315 182.315 1e+100
2 407.41 1629.64 1e+100
8 2513.42 5026.83 1e+100
9 551.189 551.189 1e+100
1 1755.28 3510.56 1e+100
3 312.118 312.118 1e+100
7 2950.64 5901.29 1e+100
4 800.621 800.621 1e+100
0 248.583 248.583 1e+100
9 1809.62 1809.62 1e+100
6 1635.09 1635.09 1e+100
2 486.554 1946.22 1e+100
1 1062.55 2125.11 1e+100
8 1363.33 2726.67 1e+100
5 4463.92 8927.84 1e+100
6 5780.16 5780.16 1e+100
0 1212.65 1212.65 1e+100
3 499.858 499.858 1e+100
0 3626.13 3626.13 1e+100
1 5156.6 5156.6 1e+100
3 3154.44 3154.44 1e+100
5 1722.36 1722.36 1e+100
9 5019.53 5019.53 1e+100
3 4881.85 4881.85 1e+100
2 644.689 2578.76 1e+100
3 1132.95 1132.95 1e+100
9 1893.86 1893.86 1e+100
6 2242.23 2242.23 1e+100
2 2907.1 11628.4 1e+100
4 2266.23 4532.46 1e+100
1 1045.24 2090.48 1e+100
8 3398.47 6796.95 1e+100
55
2 281.903 1127.61 1e+100
4 315.065 630.131 1e+100
7 2557.11 2557.11 1e+100
8 493.345 1973.38 1e+100
6 264.453 264.453 1e+100
1 271.729 271.729 1e+100
0 3223.56 3223.56 1e+100
3 171.261 171.261 1e+100
5 204.204 816.814 1e+100
7 5237.07 10474.1 1e+100
0 374.485 374.485 1e+100
9 727.497 727.497 1e+100
4 1489.5 2979 1e+100
2 3021.65 12086.6 1e+100
2 775.006 3100.02 1e+100
8 1636.36 3272.73 1e+100
4 8283.34 16566.7 1e+100
6 1268.15 1268.15 1e+100
1 682.716 1365.43 1e+100
5 648.182 2592.73 1e+100
3 1055.84 1055.84 1e+100
4 1280.76 2561.52 1e+100
8 2230.29 2230.29 1e+100
9 920.815 920.815 1e+100
1 3277.55 3277.55 1e+100
0 2357.24 2357.24 1e+100
0 4415.48 4415.48 1e+100
7 421.69 843.38 1e+100
3 5270.84 5270.84 1e+100
5 1319.57 5278.28 1e+100
8 6129.18 24516.7 1e+100
1 165.693 331.387 1e+100
5 4559.25 18237 1e+100
6 3659.28 3659.28 1e+100
8 3285.24 13141 1e+100
3 258.938 258.938 1e+100
7 4071.57 8143.14 1e+100
6 1771.34 1771.34 1e+100
7 5871.7 11743.4 1e+100
5 6124.66 12249.3 1e+100
9 359.533 359.533 1e+100
9 2028.42 2028.42 1e+100
2 5295.2 10590.4 1e+100
4 836.317 1672.63 1e+100
5 2031.63 8126.52 1e+100
8 6986.97 27947.9 1e+100
2 350.942 1403.77 1e+100
1 6109.77 12219.5 1e+100
2 2603.41 10413.7 1e+100
9 3207.05 3207.05 1e+100
4 6149.27 12298.5 1e+100
7 1014.48 2028.96 1e+100
1 3631.21 3631.21 1e+100
4 1302.23 2604.46 1e+100
3 434.24 434.24 1e+100
45
1 636.089 1272.18 1e+100
7 2478.68 4957.36 1e+100
9 294.385 294.385 1e+100
2 296.525 1186.1 1e+100
3 247.088 247.088 1e+100
0 511.21 511.21 1e+100
5 606.844 2427.38 1e+100
8 3222.38 12889.5 1e+100
6 522.827 522.827 1e+100
2 1858.09 7432.36 1e+100
4 239.265 239.265 1e+100
0 3888.28 3888.28 1e+100
6 4325.75 4325.75 1e+100
1 2045 4090 1e+100
1 5904.4 11808.8 1e+100
4 3945.49 3945.49 1e+100
2 3473.54 3473.54 1e+100
4 1878.78 1878.78 1e+100
0 1693.61 1693.61 1e+100
3 1601.19 1601.19 1e+100
5 1826.07 7304.29 1e+100
8 5515.17 22060.7 1e+100
7 8430.56 16861.1 1e+100
9 168.861 168.861 1e+100
7 1593.12 3186.24 1e+100
1 1100.13 1100.13 1e+100
8 5085.46 10170.9 1e+100
3 1513.8 1513.8 1e+100
9 276.791 276.791 1e+100
0 4024.36 4024.36 1e+100
9 2180.78 2180.78 1e+100
5 489.1 1956.4 1e+100
7 900.393 1800.79 1e+100
8 4934.05 9868.09 1e+100
2 1237.09 4948.35 1e+100
6 1736.18 1736.18 1e+100
2 2759.74 11039 1e+100
4 2463.14 4926.28 1e+100
5 962.704 3850.81 1e+100
4 494.284 988.569 1e+100
9 3148.84 3148.84 1e+100
1 2593.87 5187.73 1e+100
3 1666.67 1666.67 1e+100
5 2105.16 8420.62 1e+100
7 716.103 1432.21 1e+100
58
1 636.089 1272.18 1e+100
7 2478.68 4957.36 1e+100
9 294.385 294.385 1e+100
2 296.525 1186.1 1e+100
3 247.088 247.088 1e+100
0 511.21 511.21 1e+100
5 606.844 2427.38 1e+100
8 3222.38 12889.5 1e+100
6 522.827 522.827 1e+100
2 1858.09 7432.36 1e+100
4 239.265 239.265 1e+100
4 2312.22 2312.22 1e+100
3 1842.4 1842.4 1e+100
1 2045 4090 1e+100
7 9788.91 19577.8 1e+100
9 1718.01 1718.01 1e+100
0 1928.13 1928.13 1e+100
4 3856.31 3856.31 1e+100
1 3280.72 3280.72 1e+100
0 6760.26 6760.26 1e+100
2 3058.8 12235.2 1e+100
2 6355.32 25421.3 1e+100
1 10452.9 20905.9 1e+100
5 2772.39 5544.77 1e+100
6 1161.77 1161.77 1e+100
1 6199.26 12398.5 1e+100
5 147.559 590.237 1e+100
9 1636.79 1636.79 1e+100
7 1146.88 2293.77 1e+100
0 7276.37 7276.37 1e+100
0 1945.17 1945.17 1e+100
5 6850.15 6850.15 1e+100
3 189.92 189.92 1e+100
9 3202.42 3202.42 1e+100
9 5810.52 5810.52 1e+100
3 1878.22 1878.22 1e+100
8 881.678 3526.71 1e+100
7 1621.42 3242.85 1e+100
2 7863.05 15726.1 1e+100
8 8115.44 16230.9 1e+100
6 3627.32 3627.32 1e+100
4 6937.19 13874.4 1e+100
8 4080.66 8161.33 1e+100
7 2863.64 5727.28 1e+100
3 3823.99 3823.99 1e+100
8 5692.81 11385.6 1e+100
1 286.684 573.367 1e+100
6 1275.91 1275.91 1e+100
8 1580 6320 1e+100
4 558.365 1116.73 1e+100
5 788.555 3154.22 1e+100
4 2490.46 2490.46 1e+100
7 6912.48 13825 1e+100
2 2924.52 11698.1 1e+100
1 3378.92 6757.84 1e+100
2 4083.83 16335.3 1e+100
5 5173.11 20692.4 1e+100
4 3374.11 6748.23 1e+100
65
2 146.331 585.323 1e+100
9 329.567 329.567 1e+100
5 302.314 1209.26 1e+100
6 2693.91 2693.91 1e+100
7 2514.16 2514.16 1e+100
1 489.665 979.33 1e+100
3 167.2 167.2 1e+100
8 3219.87 12879.5 1e+100
4 277.141 277.141 1e+100
7 14672.1 29344.2 1e+100
0 882.823 882.823 1e+100
2 2718.72 10874.9 1e+100
7 4230.82 8461.64 1e+100
4 11299.9 22599.9 1e+100
2 11150.2 44600.8 1e+100
1 9244.29 18488.6 1e+100
1 13490 26980 1e+100
8 5954.08 23816.3 1e+100
0 3048.48 3048.48 1e+100
9 3807.75 3807.75 1e+100
2 541.722 2166.89 1e+100
1 4991.56 9983.13 1e+100
5 1629.27 3258.53 1e+100
4 12956.6 25913.1 1e+100
2 3876.72 15506.9 1e+100
1 821.811 1643.62 1e+100
9 8490.54 8490.54 1e+100
4 654.398 1308.8 1e+100
3 898.544 898.544 1e+100
1 9972.77 19945.5 1e+100
4 2399.63 4799.26 1e+100
3 10081.6 10081.6 1e+100
8 13579.5 27159 1e+100
5 4677.11 18708.4 1e+100
9 144.993 144.993 1e+100
1 775.646 1551.29 1e+100
0 8233.18 8233.18 1e+100
3 1116.56 1116.56 1e+100
6 4486.72 4486.72 1e+100
2 10772.2 21544.4 1e+100
7 5934.75 11869.5 1e+100
6 5893.47 5893.47 1e+100
7 4058.5 8117 1e+100
7 6907.09 13814.2 1e+100
5 322.187 1288.75 1e+100
6 255.508 255.508 1e+100
5 10419.8 20839.6 1e+100
0 2344.54 2344.54 1e+100
7 7587.44 15174.9 1e+100
7 1131.41 2262.81 1e+100
4 476.052 952.104 1e+100
9 1399.96 1399.96 1e+100
4 2442.96 4885.93 1e+100
2 3418.75 6837.51 1e+100
3 363.902 363.902 1e+100
5 3771.34 15085.3 1e+100
5 7601.67 15203.3 1e+100
2 1276.5 5106.02 1e+100
3 1865.11 1865.11 1e+100
5 5443.89 10887.8 1e+100
8 4382.87 17531.5 1e+100
1 1396.18 2792.36 1e+100
8 2131.55 8526.22 1e+100
8 5355.56 21422.3 1e+100
4 3065.42 6130.84 1e+100
59
1 636.089 1272.18 1e+100
7 2478.68 4957.36 1e+100
9 294.385 294.385 1e+100
2 296.525 1186.1 1e+100
3 247.088 247.088 1e+100
0 511.21 511.21 1e+100
5 606.844 2427.38 1e+100
8 3222.38 12889.5 1e+100
6 522.827 522.827 1e+100
5 2667.24 10669 1e+100
4 239.265 239.265 1e+100
9 2071.5 2071.5 1e+100
3 1842.4 1842.4 1e+100
1 2045 4090 1e+100
1 9099.58 18199.2 1e+100
0 4506.15 4506.15 1e+100
0 1928.13 1928.13 1e+100
8 4763.59 4763.59 1e+100
6 4663.8 4663.8 1e+100
9 4035.02 4035.02 1e+100
2 1004.12 4016.48 1e+100
2 9084.38 36337.5 1e+100
2 10674 21348 1e+100
4 738.268 1476.54 1e+100
3 10814.5 10814.5 1e+100
2 6437.85 12875.7 1e+100
2 2049.35 8197.39 1e+100
3 1957.41 1957.41 1e+100
7 1146.88 2293.77 1e+100
6 9331.72 9331.72 1e+100
4 1624.66 1624.66 1e+100
0 9482.02 9482.02 1e+100
8 8347.75 16695.5 1e+100
1 405.543 811.087 1e+100
1 8890.14 8890.14 1e+100
1 1561.79 3123.59 1e+100
4 5284.52 10569 1e+100
5 595.571 2382.28 1e+100
9 2166.61 2166.61 1e+100
4 1164.75 2329.5 1e+100
1 1801 3602.01 1e+100
0 1465.68 1465.68 1e+100
0 3827.31 3827.31 1e+100
6 1429.72 1429.72 1e+100
3 658.041 658.041 1e+100
5 2006.41 2006.41 1e+100
7 897.848 1795.7 1e+100
8 3930.23 15720.9 1e+100
5 3408.1 13632.4 1e+100
7 4764.85 9529.69 1e+100
2 770.285 3081.14 1e+100
4 1883.15 1883.15 1e+100
5 5332.81 10665.6 1e+100
7 2353.05 4706.09 1e+100
8 970.078 3880.31 1e+100
3 2446.26 2446.26 1e+100
6 2286.64 2286.64 1e+100
4 4686.58 9373.16 1e+100
9 4029.3 4029.3 1e+100
65
1 636.089 1272.18 1e+100
7 2478.68 4957.36 1e+100
9 294.385 294.385 1e+100
2 296.525 1186.1 1e+100
3 247.088 247.088 1e+100
0 511.21 511.21 1e+100
5 606.844 2427.38 1e+100
8 3222.38 12889.5 1e+100
6 522.827 522.827 1e+100
2 1858.09 7432.36 1e+100
4 239.265 239.265 1e+100
9 5021.37 5021.37 1e+100
5 2090.82 2090.82 1e+100
4 4205.43 8410.86 1e+100
1 15401.7 30803.3 1e+100
6 4928.93 4928.93 1e+100
0 1928.13 1928.13 1e+100
4 1878.78 1878.78 1e+100
1 1455.98 1455.98 1e+100
3 1601.19 1601.19 1e+100
2 3058.8 12235.2 1e+100
5 3793.79 15175.1 1e+100
5 10706.6 21413.1 1e+100
9 168.861 168.861 1e+100
1 1311.82 2623.65 1e+100
3 1796.18 1796.18 1e+100
5 6904.87 13809.7 1e+100
5 11929.1 47716.3 1e+100
2 4634.64 18538.6 1e+100
7 807.032 807.032 1e+100
8 4261.23 8522.46 1e+100
1 3074.69 6149.39 1e+100
4 3807.23 7614.46 1e+100
1 1327.51 2655.02 1e+100
3 3275.38 3275.38 1e+100
0 528.055 528.055 1e+100
3 5759.08 5759.08 1e+100
7 5638.91 11277.8 1e+100
7 3317.42 6634.85 1e+100
2 1635.25 6541.01 1e+100
8 1219.85 4879.41 1e+100
5 1919.49 7677.97 1e+100
2 7658.67 30634.7 1e+100
0 2024.78 2024.78 1e+100
2 4944.91 19779.7 1e+100
0 3770.1 3770.1 1e+100
7 6721.42 13442.8 1e+100
6 3676.12 3676.12 1e+100
4 8537.36 17074.7 1e+100
7 8553.92 17107.8 1e+100
9 3412.64 3412.64 1e+100
9 1695.75 1695.75 1e+100
1 3840.46 7680.92 1e+100
7 582.578 1165.16 1e+100
8 7886.15 31544.6 1e+100
5 2962.89 11851.5 1e+100
8 5197.38 20789.5 1e+100
1 5310.52 10621 1e+100
2 8619.35 34477.4 1e+100
9 4456.03 4456.03 1e+100
1 7159.61 14319.2 1e+100
8 8932.9 17865.8 1e+100
6 466.695 466.695 1e+100
4 4692.74 9385.48 1e+100
6 3864.05 3864.05 1e+100
76
2 146.331 585.323 1e+100
9 329.567 329.567 1e+100
5 302.314 1209.26 1e+100
6 2693.91 2693.91 1e+100
7 2514.16 2514.16 1e+100
1 489.665 979.33 1e+100
3 167.2 167.2 1e+100
8 3219.87 12879.5 1e+100
4 277.141 277.141 1e+100
5 17928.8 35857.7 1e+100
0 882.823 882.823 1e+100
2 2718.72 10874.9 1e+100
4 3199.32 6398.63 1e+100
7 16012 32024.1 1e+100
5 14664.5 58658.1 1e+100
1 9773.82 19547.6 1e+100
8 8745.8 17491.6 1e+100
8 10404.8 41619.2 1e+100
9 5998.76 5998.76 1e+100
9 1322.38 1322.38 1e+100
2 541.722 2166.89 1e+100
8 6472.94 12945.9 1e+100
7 7258.43 14516.9 1e+100
5 1407.21 2814.41 1e+100
2 16670.5 66682.1 1e+100
4 874.174 1748.35 1e+100
0 2654.65 2654.65 1e+100
4 5281.06 10562.1 1e+100
3 898.544 898.544 1e+100
1 643.054 1286.11 1e+100
7 8371 16742 1e+100
1 2338.24 4676.48 1e+100
2 7073.15 28292.6 1e+100
8 2998.94 11995.8 1e+100
6 2072.52 2072.52 1e+100
6 5769.93 5769.93 1e+100
1 12739.6 25479.2 1e+100
0 6087.61 6087.61 1e+100
3 961.127 961.127 1e+100
3 4428.97 4428.97 1e+100
9 954.476 954.476 1e+100
1 5728.91 11457.8 1e+100
5 1516.77 6067.08 1e+100
2 3912.44 15649.8 1e+100
3 2139.23 2139.23 1e+100
5 3411.43 6822.86 1e+100
7 784.33 1568.66 1e+100
1 3001.75 6003.5 1e+100
4 1250.07 2500.15 1e+100
9 4853.66 4853.66 1e+100
0 2644.67 2644.67 1e+100
9 7337.35 7337.35 1e+100
7 10173 20346 1e+100
1 9016.6 18033.2 1e+100
2 7009.77 28039.1 1e+100
2 510.82 2043.28 1e+100
8 8247.06 32988.2 1e+100
4 12050.6 24101.3 1e+100
3 5474.37 5474.37 1e+100
4 5844.61 11689.2 1e+100
7 7668.53 15337.1 1e+100
7 1086.97 2173.93 1e+100
0 6591.18 6591.18 1e+100
1 12277.5 24555.1 1e+100
4 3188.71 6377.43 1e+100
6 4300.04 4300.04 1e+100
2 10102.5 40409.9 1e+100
4 9232.53 18465.1 1e+100
2 8014.46 32057.8 1e+100
6 609.499 609.499 1e+100
4 7074.75 14149.5 1e+100
5 6699.16 26796.6 1e+100
5 2502.5 5004.99 1e+100
5 4447.84 17791.4 1e+100
8 7800.25 31201 1e+100
8 12672.4 25344.9 1e+100
61
2 146.331 585.323 1e+100
9 329.567 329.567 1e+100
5 302.314 1209.26 1e+100
6 2693.91 2693.91 1e+100
7 2514.16 2514.16 1e+100
1 489.665 979.33 1e+100
3 167.2 167.2 1e+100
8 3219.87 12879.5 1e+100
4 277.141 277.141 1e+100
8 14629.5 29259 1e+100
0 882.823 882.823 1e+100
5 1652.99 6611.95 1e+100
4 1660.17 3320.35 1e+100
5 12392.6 24785.2 1e+100
2 10246 40984 1e+100
4 8108.34 16216.7 1e+100
1 9951.86 19903.7 1e+100
2 5886.8 23547.2 1e+100
0 3048.48 3048.48 1e+100
9 3233.56 3233.56 1e+100
2 541.722 2166.89 1e+100
1 7679.01 15358 1e+100
5 6935.84 13871.7 1e+100
4 3162.78 6325.56 1e+100
2 2057.09 8228.37 1e+100
5 13269.8 26539.6 1e+100
1 5006.35 5006.35 1e+100
1 602.036 1204.07 1e+100
9 760.419 760.419 1e+100
7 10206.7 20413.4 1e+100
7 8450.53 16901.1 1e+100
4 3670.08 7340.16 1e+100
5 4118.79 16475.2 1e+100
5 1772.63 7090.54 1e+100
3 339.213 339.213 1e+100
6 3380.71 3380.71 1e+100
7 12154.3 24308.7 1e+100
3 4149.71 4149.71 1e+100
7 1697.6 1697.6 1e+100
9 3515.49 3515.49 1e+100
1 944.609 944.609 1e+100
4 7053.25 14106.5 1e+100
0 2592.98 2592.98 1e+100
2 5028.61 10057.2 1e+100
6 465.657 465.657 1e+100
2 11683.6 46734.3 1e+100
3 871.645 871.645 1e+100
8 1389.88 5559.54 1e+100
0 3481.58 3481.58 1e+100
7 3839.36 7678.73 1e+100
8 2407.39 9629.56 1e+100
6 1924.3 1924.3 1e+100
8 3930.04 15720.2 1e+100
7 872.092 1744.18 1e+100
5 4930.24 19721 1e+100
4 8010.66 16021.3 1e+100
9 3487.67 3487.67 1e+100
1 6804.8 13609.6 1e+100
3 3633.75 3633.75 1e+100
8 5483.67 21934.7 1e+100
2 6553.64 13107.3 1e+100
61
2 146.331 585.323 1e+100
9 329.567 329.567 1e+100
5 302.314 1209.26 1e+100
6 2693.91 2693.91 1e+100
7 2514.16 2514.16 1e+100
1 489.665 979.33 1e+100
3 167.2 167.2 1e+100
8 3219.87 12879.5 1e+100
4 277.141 277.141 1e+100
7 4367.73 8735.45 1e+100
0 882.823 882.823 1e+100
5 1652.99 6611.95 1e+100
1 3409.03 6818.06 1e+100
1 1745.85 3491.7 1e+100
5 8541.87 34167.5 1e+100
4 9539.66 19079.3 1e+100
5 5979.79 11959.6 1e+100
8 11306.4 45225.7 1e+100
0 3048.48 3048.48 1e+100
3 1460.51 1460.51 1e+100
2 541.722 2166.89 1e+100
1 10780.7 21561.4 1e+100
4 3384.01 6768.01 1e+100
4 1653.63 3307.27 1e+100
2 2057.09 8228.37 1e+100
2 4202.61 8405.22 1e+100
6 4439.95 4439.95 1e+100
1 5424.74 10849.5 1e+100
9 760.419 760.419 1e+100
2 8285.52 33142.1 1e+100
4 9544.53 19089.1 1e+100
1 6703.74 13407.5 1e+100
3 1525.63 1525.63 1e+100
9 1414.83 1414.83 1e+100
4 3167.41 6334.82 1e+100
4 5015.59 10031.2 1e+100
5 1377.62 2755.25 1e+100
1 1800.77 3601.55 1e+100
9 5490.25 5490.25 1e+100
7 2882.18 5764.36 1e+100
7 4218.43 8436.86 1e+100
8 578.635 2314.54 1e+100
9 1124.19 1124.19 1e+100
2 7272.83 14545.7 1e+100
3 5320.05 5320.05 1e+100
0 1971.22 1971.22 1e+100
3 1277.87 1277.87 1e+100
6 5254.5 5254.5 1e+100
9 8475.35 8475.35 1e+100
0 3916.75 3916.75 1e+100
2 2739.55 2739.55 1e+100
7 6085.18 6085.18 1e+100
0 5644.16 5644.16 1e+100
8 880.312 3521.25 1e+100
2 763.385 763.385 1e+100
6 1576.82 1576.82 1e+100
3 1782.13 1782.13 1e+100
8 3142.73 12570.9 1e+100
7 3321.51 6643.02 1e+100
5 4439.67 8879.34 1e+100
5 7164.55 14329.1 1e+100
69
2 146.331 585.323 1e+100
9 329.567 329.567 1e+100
5 302.314 1209.26 1e+100
6 2693.91 2693.91 1e+100
7 2514.16 2514.16 1e+100
1 489.665 979.33 1e+100
3 167.2 167.2 1e+100
8 3219.87 12879.5 1e+100
4 277.141 277.141 1e+100
4 2196.79 4393.57 1e+100
0 882.823 882.823 1e+100
5 1652.99 6611.95 1e+100
1 6447.88 12895.8 1e+100
2 11828.6 23657.2 1e+100
8 5786.81 23147.3 1e+100
5 9713.66 19427.3 1e+100
5 12033 24066 1e+100
5 6146.17 24584.7 1e+100
0 3048.48 3048.48 1e+100
9 1322.38 1322.38 1e+100
2 541.722 2166.89 1e+100
5 13759.9 27519.7 1e+100
7 9252.23 18504.5 1e+100
1 1601.27 3202.54 1e+100
2 2057.09 8228.37 1e+100
4 9656.71 19313.4 1e+100
9 5016.21 5016.21 1e+100
7 4727.18 9454.36 1e+100
3 898.544 898.544 1e+100
8 13927.5 27855.1 1e+100
4 2953.49 5906.99 1e+100
4 4950.31 9900.62 1e+100
8 11304.3 45217.2 1e+100
5 1772.63 7090.54 1e+100
3 1749.91 1749.91 1e+100
6 1841.94 1841.94 1e+100
1 11347.3 22694.6 1e+100
3 5278.32 5278.32 1e+100
9 8539.24 8539.24 1e+100
3 7348.09 7348.09 1e+100
9 954.476 954.476 1e+100
5 5668.75 11337.5 1e+100
7 8789.9 17579.8 1e+100
1 4839.62 9679.24 1e+100
0 5688.49 5688.49 1e+100
1 1454.23 2908.45 1e+100
7 519.217 1038.43 1e+100
2 511.363 2045.45 1e+100
0 1322.43 1322.43 1e+100
2 8785.39 17570.8 1e+100
1 6690.64 13381.3 1e+100
3 693.665 693.665 1e+100
6 5202.07 5202.07 1e+100
6 1884.59 1884.59 1e+100
9 3640.26 3640.26 1e+100
6 287.813 287.813 1e+100
4 8831.83 17663.7 1e+100
8 5905.41 23621.6 1e+100
2 4045.29 16181.2 1e+100
2 9966.15 19932.3 1e+100
8 2796.28 11185.1 1e+100
6 6330.5 6330.5 1e+100
7 2245.13 4490.27 1e+100
4 6332.5 12665 1e+100
2 1075.63 4302.53 1e+100
3 6778.35 6778.35 1e+100
1 3748.14 3748.14 1e+100
7 9072.3 18144.6 1e+100
6 2078.99 2078.99 1e+100
61
2 146.331 585.323 1e+100
9 329.567 329.567 1e+100
5 302.314 1209.26 1e+100
6 2693.91 2693.91 1e+100
7 2514.16 2514.16 1e+100
1 489.665 979.33 1e+100
3 167.2 167.2 1e+100
8 3219.87 12879.5 1e+100
4 277.141 277.141 1e+100
7 9797.4 19594.8 1e+100
0 882.823 882.823 1e+100
2 2718.72 10874.9 1e+100
4 1660.17 3320.35 1e+100
7 4089.14 8178.27 1e+100
5 5932.83 23731.3 1e+100
4 7924.97 15849.9 1e+100
4 4143.53 8287.06 1e+100
8 9251.28 37005.1 1e+100
0 3048.48 3048.48 1e+100
9 1322.38 1322.38 1e+100
2 541.722 2166.89 1e+100
1 8834.23 17668.5 1e+100
1 4733.16 9466.31 1e+100
2 7768.38 15536.8 1e+100
5 991.358 3965.43 1e+100
7 4966.32 9932.63 1e+100
6 4439.95 4439.95 1e+100
1 602.036 1204.07 1e+100
3 898.544 898.544 1e+100
8 3562.74 14250.9 1e+100
4 7929.84 15859.7 1e+100
7 10252.4 20504.8 1e+100
9 1387.5 1387.5 1e+100
3 1552.95 1552.95 1e+100
1 4516.56 9033.12 1e+100
4 3400.9 6801.79 1e+100
1 523.81 523.81 1e+100
5 900.483 900.483 1e+100
0 3836.6 3836.6 1e+100
0 1549.46 1549.46 1e+100
2 427.976 1711.9 1e+100
5 6818.9 13637.8 1e+100
4 6746.13 13492.3 1e+100
2 5844.39 11688.8 1e+100
6 5768.44 5768.44 1e+100
9 1040.99 1040.99 1e+100
3 1871.42 1871.42 1e+100
3 6895.17 6895.17 1e+100
0 7404.31 7404.31 1e+100
3 4525.99 4525.99 1e+100
9 2941.28 2941.28 1e+100
9 6815.3 6815.3 1e+100
9 4713.37 4713.37 1e+100
2 586.11 2344.44 1e+100
3 2504.5 2504.5 1e+100
0 3920.84 3920.84 1e+100
6 2230.52 2230.52 1e+100
8 1087.57 4350.27 1e+100
7 1180.8 2361.6 1e+100
5 1830.63 3661.27 1e+100
1 6170.97 12341.9 1e+100
60
1 636.089 1272.18 1e+100
7 2478.68 4957.36 1e+100
9 294.385 294.385 1e+100
2 296.525 1186.1 1e+100
3 247.088 247.088 1e+100
0 511.21 511.21 1e+100
5 606.844 2427.38 1e+100
8 3222.38 12889.5 1e+100
6 522.827 522.827 1e+100
5 2667.24 10669 1e+100
4 239.265 239.265 1e+100
4 2312.22 2312.22 1e+100
6 6253.99 6253.99 1e+100
1 3583.7 7167.39 1e+100
1 6165.03 12330.1 1e+100
0 2231.75 2231.75 1e+100
9 1620.97 1620.97 1e+100
3 2074.32 2074.32 1e+100
1 1455.98 1455.98 1e+100
6 3215.5 3215.5 1e+100
2 1004.12 4016.48 1e+100
5 7996.09 31984.4 1e+100
3 6037.06 6037.06 1e+100
7 4233.05 8466.09 1e+100
3 3067.12 3067.12 1e+100
5 9562.8 19125.6 1e+100
9 3294.83 3294.83 1e+100
2 7757.47 15514.9 1e+100
7 1382.12 1382.12 1e+100
2 1408.75 1408.75 1e+100
9 4482.78 4482.78 1e+100
9 271.767 271.767 1e+100
4 337.551 675.103 1e+100
0 797.43 797.43 1e+100
8 1269.82 5079.26 1e+100
5 1281.8 5127.21 1e+100
1 4364.84 8729.69 1e+100
8 2530.6 10122.4 1e+100
6 4095.44 4095.44 1e+100
8 5918.09 23672.4 1e+100
3 5508.2 5508.2 1e+100
4 2206.26 4412.53 1e+100
6 5831.39 5831.39 1e+100
2 7276.34 14552.7 1e+100
7 6637.51 13275 1e+100
4 435.379 435.379 1e+100
0 4872.07 4872.07 1e+100
4 3902.82 7805.63 1e+100
7 4086.7 8173.4 1e+100
2 602.571 2410.28 1e+100
5 2139.59 8558.37 1e+100
8 3438.81 13755.2 1e+100
4 5372.87 10745.7 1e+100
2 2148.88 8595.51 1e+100
0 630.662 630.662 1e+100
1 5996.56 11993.1 1e+100
4 6889.31 13778.6 1e+100
0 1751.98 1751.98 1e+100
7 812.785 1625.57 1e+100
9 4012.06 4012.06 1e+100
53
1 636.089 1272.18 1e+100
7 2478.68 4957.36 1e+100
9 294.385 294.385 1e+100
2 296.525 1186.1 1e+100
3 247.088 247.088 1e+100
0 511.21 511.21 1e+100
5 606.844 2427.38 1e+100
8 3222.38 12889.5 1e+100
6 522.827 522.827 1e+100
2 1858.09 7432.36 1e+100
4 239.265 239.265 1e+100
9 7803.08 7803.08 1e+100
0 4207.75 4207.75 1e+100
1 3975.3 7950.61 1e+100
2 10911.9 21823.7 1e+100
3 2140.79 2140.79 1e+100
0 1928.13 1928.13 1e+100
9 1638.06 1638.06 1e+100
7 8998.87 8998.87 1e+100
6 3215.5 3215.5 1e+100
2 3058.8 12235.2 1e+100
5 2260.61 9042.42 1e+100
4 1820.29 3640.57 1e+100
3 2594.32 2594.32 1e+100
1 154.432 308.863 1e+100
9 1159.25 1159.25 1e+100
5 1830.9 3661.8 1e+100
0 3232.11 3232.11 1e+100
9 2054.32 2054.32 1e+100
7 150.877 301.753 1e+100
6 2909.33 2909.33 1e+100
8 1269.82 5079.26 1e+100
2 4588.67 18354.7 1e+100
4 916.147 1832.29 1e+100
1 5076.59 10153.2 1e+100
3 4354.24 4354.24 1e+100
8 5966.7 11933.4 1e+100
1 3015.19 6030.39 1e+100
7 527.767 1055.53 1e+100
6 3593.7 3593.7 1e+100
7 5991.35 11982.7 1e+100
7 1976.61 3953.22 1e+100
3 2002.83 2002.83 1e+100
2 489.803 1959.21 1e+100
1 329.305 658.61 1e+100
8 1604.6 6418.41 1e+100
9 3847.16 3847.16 1e+100
4 5289.07 10578.1 1e+100
5 151.582 606.329 1e+100
4 552.549 1105.1 1e+100
5 1310.9 5243.59 1e+100
5 3267.32 13069.3 1e+100
8 2403.62 4807.24 1e+100
48
5 318.099 1272.39 1e+100
1 349.156 349.156 1e+100
2 163.775 327.55 1e+100
4 232.672 465.343 1e+100
1 6237.86 12475.7 1e+100
6 2670.89 2670.89 1e+100
9 278.799 278.799 1e+100
5 1755.65 7022.62 1e+100
8 1176.61 4706.46 1e+100
7 935.94 1871.88 1e+100
4 5131.01 10262 1e+100
0 596.622 596.622 1e+100
5 9628.9 19257.8 1e+100
4 3354.22 6708.45 1e+100
5 3149.19 6298.39 1e+100
4 1377.47 2754.94 1e+100
7 8533.27 17066.5 1e+100
3 182.315 182.315 1e+100
2 407.41 1629.64 1e+100
8 2052.8 4105.59 1e+100
1 374.775 749.549 1e+100
7 1943.59 1943.59 1e+100
1 6230.06 12460.1 1e+100
2 1054.14 4216.55 1e+100
9 144.993 144.993 1e+100
1 1349.52 2699.04 1e+100
0 1937.83 1937.83 1e+100
3 264.924 264.924 1e+100
9 6393.39 6393.39 1e+100
3 2789.56 2789.56 1e+100
1 7019.7 14039.4 1e+100
6 567.14 567.14 1e+100
5 3419.7 13678.8 1e+100
9 352.641 352.641 1e+100
2 5079.76 20319 1e+100
3 3678.17 3678.17 1e+100
2 525.109 1050.22 1e+100
8 2477.36 9909.44 1e+100
9 531.472 531.472 1e+100
2 1451.21 5804.83 1e+100
4 3334.8 6669.59 1e+100
8 3860.36 15441.5 1e+100
4 1365.94 2731.88 1e+100
6 192.708 192.708 1e+100
4 6225.18 12450.4 1e+100
0 2623.75 2623.75 1e+100
2 4470.54 17882.2 1e+100
7 817.966 1635.93 1e+100
55
2 281.903 1127.61 1e+100
4 315.065 630.131 1e+100
7 2557.11 2557.11 1e+100
8 493.345 1973.38 1e+100
6 264.453 264.453 1e+100
1 271.729 271.729 1e+100
0 3223.56 3223.56 1e+100
3 171.261 171.261 1e+100
5 204.204 816.814 1e+100
7 5237.07 10474.1 1e+100
0 374.485 374.485 1e+100
9 727.497 727.497 1e+100
4 1489.5 2979 1e+100
2 3021.65 12086.6 1e+100
2 775.006 3100.02 1e+100
8 1636.36 3272.73 1e+100
4 8283.34 16566.7 1e+100
6 1268.15 1268.15 1e+100
1 682.716 1365.43 1e+100
5 648.182 2592.73 1e+100
3 1055.84 1055.84 1e+100
4 1280.76 2561.52 1e+100
8 2230.29 2230.29 1e+100
9 920.815 920.815 1e+100
1 3277.55 3277.55 1e+100
0 2357.24 2357.24 1e+100
0 4415.48 4415.48 1e+100
7 421.69 843.38 1e+100
3 5270.84 5270.84 1e+100
5 1319.57 5278.28 1e+100
8 6129.18 24516.7 1e+100
1 165.693 331.387 1e+100
5 4559.25 18237 1e+100
6 3659.28 3659.28 1e+100
8 3285.24 13141 1e+100
3 258.938 258.938 1e+100
7 4071.57 8143.14 1e+100
6 1771.34 1771.34 1e+100
7 5871.7 11743.4 1e+100
5 6124.66 12249.3 1e+100
9 359.533 359.533 1e+100
9 2028.42 2028.42 1e+100
2 5295.2 10590.4 1e+100
4 836.317 1672.63 1e+100
5 2031.63 8126.52 1e+100
8 6986.97 27947.9 1e+100
2 350.942 1403.77 1e+100
1 6109.77 12219.5 1e+100
2 2603.41 10413.7 1e+100
9 3207.05 3207.05 1e+100
4 6149.27 12298.5 1e+100
7 1014.48 2028.96 1e+100
1 3631.21 3631.21 1e+100
4 1302.23 2604.46 1e+100
3 434.24 434.24 1e+100
64
2 146.331 585.323 1e+100
9 329.567 329.567 1e+100
5 302.314 1209.26 1e+100
6 2693.91 2693.91 1e+100
7 2514.16 2514.16 1e+100
1 489.665 979.33 1e+100
3 167.2 167.2 1e+100
8 3219.87 12879.5 1e+100
4 277.141 277.141 1e+100
1 3683.57 7367.13 1e+100
0 882.823 882.823 1e+100
5 1652.99 6611.95 1e+100
7 5752.32 11504.6 1e+100
7 4089.14 8178.27 1e+100
8 5786.81 23147.3 1e+100
5 7905.77 15811.5 1e+100
4 7466.14 14932.3 1e+100
5 5825.53 23302.1 1e+100
0 3048.48 3048.48 1e+100
9 1322.38 1322.38 1e+100
2 541.722 2166.89 1e+100
4 9193 18386 1e+100
4 3384.01 6768.01 1e+100
4 1653.63 3307.27 1e+100
2 2057.09 8228.37 1e+100
1 821.811 1643.62 1e+100
0 8726.46 8726.46 1e+100
5 2227.6 4455.19 1e+100
3 898.544 898.544 1e+100
6 5465.74 5465.74 1e+100
1 8313.66 16627.3 1e+100
3 6096.59 6096.59 1e+100
8 8344.47 16688.9 1e+100
6 2492.38 2492.38 1e+100
2 9705.9 19411.8 1e+100
3 1373.17 1373.17 1e+100
9 1433.64 1433.64 1e+100
4 2529.35 2529.35 1e+100
0 8077.75 8077.75 1e+100
0 3836.6 3836.6 1e+100
0 1549.46 1549.46 1e+100
2 867.175 3468.7 1e+100
1 1363.78 2727.57 1e+100
8 7623.22 15246.4 1e+100
7 2555.08 5110.17 1e+100
1 2737.3 5474.6 1e+100
3 613.942 613.942 1e+100
6 6832.26 6832.26 1e+100
9 5891.25 5891.25 1e+100
9 1787.45 1787.45 1e+100
9 275.338 275.338 1e+100
7 7486.97 14973.9 1e+100
2 3711.07 14844.3 1e+100
2 1333.11 5332.42 1e+100
7 5566.3 11132.6 1e+100
8 2796.28 11185.1 1e+100
4 7557.94 7557.94 1e+100
1 5847.52 11695 1e+100
7 3154.51 6309.01 1e+100
5 5804.7 23218.8 1e+100
3 4534.24 4534.24 1e+100
6 3807.91 3807.91 1e+100
2 7992.17 15984.3 1e+100
9 2954.84 2954.84 1e+100
74
2 146.331 585.323 1e+100
9 329.567 329.567 1e+100
5 302.314 1209.26 1e+100
6 2693.91 2693.91 1e+100
7 2514.16 2514.16 1e+100
1 489.665 979.33 1e+100
3 167.2 167.2 1e+100
8 3219.87 12879.5 1e+100
4 277.141 277.141 1e+100
5 18035.4 36070.9 1e+100
0 882.823 882.823 1e+100
2 2718.72 10874.9 1e+100
7 12014.6 24029.2 1e+100
7 15200.9 30401.8 1e+100
5 12881.8 51527.1 1e+100
5 6278.17 12556.3 1e+100
4 7987.67 15975.3 1e+100
5 2793.33 11173.3 1e+100
6 7356.6 7356.6 1e+100
9 3233.56 3233.56 1e+100
2 541.722 2166.89 1e+100
1 3863.02 7726.05 1e+100
4 9887.02 19774 1e+100
1 1601.27 3202.54 1e+100
2 3876.72 15506.9 1e+100
7 12737.7 25475.5 1e+100
0 2654.65 2654.65 1e+100
4 654.398 1308.8 1e+100
9 760.419 760.419 1e+100
2 8891.2 35564.8 1e+100
1 6717.25 13434.5 1e+100
4 1933.4 3866.79 1e+100
6 1962.75 1962.75 1e+100
3 873.281 873.281 1e+100
1 8293.01 16586 1e+100
5 5318.24 10636.5 1e+100
8 6076.85 24307.4 1e+100
8 10142.9 40571.8 1e+100
6 2911.41 2911.41 1e+100
4 3028.36 6056.73 1e+100
7 2829.46 5658.92 1e+100
1 2930.13 5860.27 1e+100
4 11518.6 23037.3 1e+100
0 2315.01 2315.01 1e+100
7 425.966 425.966 1e+100
0 4798.71 4798.71 1e+100
8 909.447 1818.89 1e+100
7 3933.71 7867.43 1e+100
2 8290.38 33161.5 1e+100
8 11360.6 45442.3 1e+100
5 635.584 2542.33 1e+100
2 4334.22 17336.9 1e+100
3 6886.18 6886.18 1e+100
8 6458.67 25834.7 1e+100
9 4248.73 4248.73 1e+100
1 9591.07 19182.1 1e+100
9 832.742 832.742 1e+100
5 11072.2 22144.4 1e+100
1 11423.6 22847.1 1e+100
9 2460.05 2460.05 1e+100
9 5950.66 5950.66 1e+100
4 11829.3 23658.6 1e+100
4 7774.91 15549.8 1e+100
2 9768.57 39074.3 1e+100
5 5243.12 20972.5 1e+100
8 1363.12 5452.49 1e+100
2 11279.2 22558.3 1e+100
2 1221.19 4884.74 1e+100
3 656.062 656.062 1e+100
1 12706.6 25413.2 1e+100
7 11002.6 22005.1 1e+100
3 1777.38 1777.38 1e+100
7 3478.35 6956.7 1e+100
3 3381.28 3381.28 1e+100
50
2 281.903 1127.61 1e+100
4 315.065 630.131 1e+100
7 2557.11 2557.11 1e+100
8 493.345 1973.38 1e+100
6 264.453 264.453 1e+100
1 271.729 271.729 1e+100
9 3555.11 3555.11 1e+100
3 171.261 171.261 1e+100
5 204.204 816.814 1e+100
4 3561.87 7123.75 1e+100
0 374.485 374.485 1e+100
9 727.497 727.497 1e+100
4 1489.5 2979 1e+100
8 3918.59 15674.4 1e+100
2 775.006 3100.02 1e+100
5 9104.17 18208.3 1e+100
2 6181.67 12363.3 1e+100
6 1268.15 1268.15 1e+100
1 682.716 1365.43 1e+100
5 648.182 2592.73 1e+100
0 773.603 773.603 1e+100
7 1419.95 2839.9 1e+100
3 1962.13 1962.13 1e+100
2 1088.19 1088.19 1e+100
3 5046.09 5046.09 1e+100
1 1419.92 1419.92 1e+100
9 2911.9 2911.9 1e+100
3 2638.94 2638.94 1e+100
8 5280.78 5280.78 1e+100
5 893.461 3573.84 1e+100
4 1034.02 2068.05 1e+100
8 6478.02 12956 1e+100
7 1303.35 2606.69 1e+100
0 150.385 150.385 1e+100
2 480.11 480.11 1e+100
6 3862.77 3862.77 1e+100
9 3812 3812 1e+100
0 1793.46 1793.46 1e+100
1 1961.86 1961.86 1e+100
2 4170.9 4170.9 1e+100
0 3413.06 3413.06 1e+100
6 4887.78 4887.78 1e+100
8 701.863 2807.45 1e+100
7 3261.62 3261.62 1e+100
4 3665.35 3665.35 1e+100
6 488.231 488.231 1e+100
5 1151.38 4605.53 1e+100
1 2951.06 5902.12 1e+100
4 1016.71 2033.42 1e+100
7 4133.96 8267.93 1e+100
60
2 146.331 585.323 1e+100
9 329.567 329.567 1e+100
5 302.314 1209.26 1e+100
6 2693.91 2693.91 1e+100
7 2514.16 2514.16 1e+100
1 489.665 979.33 1e+100
3 167.2 167.2 1e+100
8 3219.87 12879.5 1e+100
4 277.141 277.141 1e+100
7 15106.3 30212.5 1e+100
0 882.823 882.823 1e+100
2 5003.83 20015.3 1e+100
2 8398.46 16796.9 1e+100
7 11076.7 22153.4 1e+100
5 13190.6 52762.3 1e+100
4 12591.5 25183 1e+100
1 9237.96 18475.9 1e+100
5 2793.33 11173.3 1e+100
3 2089.54 2089.54 1e+100
9 3233.56 3233.56 1e+100
2 541.722 2166.89 1e+100
4 8338.79 16677.6 1e+100
1 5065.77 10131.5 1e+100
1 6780.15 13560.3 1e+100
2 2057.09 8228.37 1e+100
4 874.174 1748.35 1e+100
0 2654.65 2654.65 1e+100
1 602.036 1204.07 1e+100
9 760.419 760.419 1e+100
1 10141.7 20283.3 1e+100
7 2488.3 2488.3 1e+100
8 10347.8 20695.7 1e+100
4 776.505 776.505 1e+100
5 2080.17 4160.34 1e+100
1 881.888 881.888 1e+100
6 753.542 753.542 1e+100
8 7367.33 14734.7 1e+100
3 2615.3 2615.3 1e+100
8 1322.58 5290.34 1e+100
2 7007.89 28031.6 1e+100
2 9052.61 18105.2 1e+100
8 11479 22958 1e+100
0 1794.26 1794.26 1e+100
8 9288.52 18577 1e+100
8 4336.31 8672.62 1e+100
4 227.838 455.677 1e+100
9 2683.72 2683.72 1e+100
1 9556.77 19113.5 1e+100
4 1676.68 3353.37 1e+100
6 1077.25 1077.25 1e+100
8 1835.65 7342.58 1e+100
7 3642.98 7285.97 1e+100
2 1332.77 5331.07 1e+100
9 162.062 162.062 1e+100
7 1485.2 2970.41 1e+100
5 400.855 1603.42 1e+100
4 4743.4 9486.81 1e+100
5 1560.17 6240.68 1e+100
5 3516.59 14066.4 1e+100
7 6473.18 12946.4 1e+100
60
5 318.099 1272.39 1e+100
1 349.156 349.156 1e+100
2 163.775 327.55 1e+100
4 232.672 465.343 1e+100
2 8666.97 17333.9 1e+100
6 2670.89 2670.89 1e+100
9 278.799 278.799 1e+100
5 1755.65 7022.62 1e+100
8 1176.61 4706.46 1e+100
7 935.94 1871.88 1e+100
1 3710.13 7420.27 1e+100
0 596.622 596.622 1e+100
7 2369.41 4738.82 1e+100
4 3354.22 6708.45 1e+100
5 3149.19 6298.39 1e+100
4 1377.47 2754.94 1e+100
7 9044.38 18088.8 1e+100
3 182.315 182.315 1e+100
2 407.41 1629.64 1e+100
7 11220.2 22440.5 1e+100
1 374.775 749.549 1e+100
9 2845.19 2845.19 1e+100
7 4150.08 8300.16 1e+100
2 1054.14 4216.55 1e+100
3 670.305 670.305 1e+100
1 2894.72 5789.43 1e+100
8 720.325 720.325 1e+100
0 673.177 673.177 1e+100
6 4468.01 4468.01 1e+100
7 1162.12 1162.12 1e+100
8 1867.9 3735.79 1e+100
6 567.14 567.14 1e+100
5 7822.79 31291.1 1e+100
3 877.954 877.954 1e+100
2 969.567 3878.27 1e+100
7 3644.04 3644.04 1e+100
1 3003.61 6007.22 1e+100
5 4729.03 18916.1 1e+100
0 2004.88 2004.88 1e+100
2 5238.78 20955.1 1e+100
9 3357.75 3357.75 1e+100
4 4608.03 9216.05 1e+100
3 3236.48 3236.48 1e+100
1 6433.48 12867 1e+100
4 8254.59 16509.2 1e+100
0 162.602 162.602 1e+100
3 1321.93 1321.93 1e+100
4 414.175 828.35 1e+100
2 7269.22 14538.4 1e+100
5 2201.41 8805.62 1e+100
8 1582.83 6331.33 1e+100
2 1051.78 4207.11 1e+100
4 1884.23 3768.46 1e+100
8 5310.51 21242 1e+100
3 4325.54 4325.54 1e+100
8 7275.33 14550.7 1e+100
4 5169.12 10338.2 1e+100
9 3810.6 3810.6 1e+100
1 2588.86 5177.72 1e+100
0 2103.79 2103.79 1e+100
63
2 146.331 585.323 1e+100
9 329.567 329.567 1e+100
5 302.314 1209.26 1e+100
6 2693.91 2693.91 1e+100
7 2514.16 2514.16 1e+100
1 489.665 979.33 1e+100
3 167.2 167.2 1e+100
8 3219.87 12879.5 1e+100
4 277.141 277.141 1e+100
5 12286.8 24573.6 1e+100
0 882.823 882.823 1e+100
5 1652.99 6611.95 1e+100
1 1607.81 3215.62 1e+100
1 3254.99 6509.99 1e+100
2 8218.26 32873.1 1e+100
4 9493.46 18986.9 1e+100
4 7147.98 14296 1e+100
2 3859.06 15436.2 1e+100
0 3048.48 3048.48 1e+100
3 1460.51 1460.51 1e+100
2 541.722 2166.89 1e+100
4 3344.55 6689.09 1e+100
7 9368.58 18737.2 1e+100
8 9674.88 19349.8 1e+100
5 2810.98 11243.9 1e+100
1 4132.17 8264.35 1e+100
0 10872.9 10872.9 1e+100
1 5451.54 10903.1 1e+100
9 760.419 760.419 1e+100
1 9094.58 9094.58 1e+100
4 630.234 1260.47 1e+100
3 7594.03 7594.03 1e+100
4 4043.45 8086.9 1e+100
7 3937.12 3937.12 1e+100
7 2086.85 4173.71 1e+100
9 1235.04 1235.04 1e+100
6 1433.76 1433.76 1e+100
0 2592.98 2592.98 1e+100
2 3000.86 6001.72 1e+100
3 2135.87 2135.87 1e+100
8 2079.48 8317.93 1e+100
3 337.57 337.57 1e+100
5 6108.04 24432.2 1e+100
0 3481.58 3481.58 1e+100
1 4042.92 8085.84 1e+100
7 3248.88 6497.76 1e+100
4 8626.39 8626.39 1e+100
5 790.348 790.348 1e+100
6 511.139 511.139 1e+100
9 2861.82 2861.82 1e+100
9 690.219 690.219 1e+100
6 4993.63 4993.63 1e+100
6 3120.39 3120.39 1e+100
9 4327.17 4327.17 1e+100
3 6777.82 6777.82 1e+100
8 2492.61 9970.43 1e+100
6 1144.23 1144.23 1e+100
0 3910 3910 1e+100
3 1147.64 1147.64 1e+100
2 4344.78 17379.1 1e+100
7 6472.46 12944.9 1e+100
8 6536.57 13073.1 1e+100
5 1490.42 2980.84 1e+100
49
2 281.903 1127.61 1e+100
4 315.065 630.131 1e+100
7 2557.11 2557.11 1e+100
8 493.345 1973.38 1e+100
6 264.453 264.453 1e+100
1 271.729 271.729 1e+100
5 2368.77 2368.77 1e+100
3 171.261 171.261 1e+100
5 204.204 816.814 1e+100
7 7084.32 14168.6 1e+100
0 374.485 374.485 1e+100
9 727.497 727.497 1e+100
7 8370.69 16741.4 1e+100
2 3021.65 12086.6 1e+100
2 775.006 3100.02 1e+100
6 3597.61 3597.61 1e+100
4 786.653 1573.31 1e+100
1 728.397 728.397 1e+100
8 1962.07 3924.14 1e+100
3 247.409 247.409 1e+100
1 5840.41 11680.8 1e+100
0 425.16 425.16 1e+100
9 982.511 982.511 1e+100
5 1568.48 6273.93 1e+100
2 6833.6 27334.4 1e+100
0 1261.68 1261.68 1e+100
8 5193.69 10387.4 1e+100
4 388.01 776.02 1e+100
7 8657.11 17314.2 1e+100
7 332.871 665.741 1e+100
6 3857.96 3857.96 1e+100
3 954.48 954.48 1e+100
0 3984.58 3984.58 1e+100
7 1473.5 2947 1e+100
4 1492.26 2984.53 1e+100
2 1476.36 5905.45 1e+100
8 2152.32 8609.28 1e+100
8 6515.57 26062.3 1e+100
5 4859.08 19436.3 1e+100
9 194.34 194.34 1e+100
5 6381.73 25526.9 1e+100
1 358.435 716.869 1e+100
5 2276.07 9104.29 1e+100
4 4239.63 8479.26 1e+100
9 1672.61 1672.61 1e+100
1 5265.01 10530 1e+100
3 1355.44 1355.44 1e+100
2 1471.06 5884.24 1e+100
4 1077.71 2155.42 1e+100
55
2 281.903 1127.61 1e+100
4 315.065 630.131 1e+100
7 2557.11 2557.11 1e+100
8 493.345 1973.38 1e+100
6 264.453 264.453 1e+100
1 271.729 271.729 1e+100
0 3223.56 3223.56 1e+100
3 171.261 171.261 1e+100
5 204.204 816.814 1e+100
1 2739.49 5478.99 1e+100
0 374.485 374.485 1e+100
9 727.497 727.497 1e+100
4 1489.5 2979 1e+100
5 1658 6631.99 1e+100
2 775.006 3100.02 1e+100
1 11408.2 22816.5 1e+100
7 7144.54 14289.1 1e+100
6 1268.15 1268.15 1e+100
8 9214.16 18428.3 1e+100
8 2971.37 11885.5 1e+100
3 1055.84 1055.84 1e+100
7 1419.95 2839.9 1e+100
6 7703.03 7703.03 1e+100
9 920.815 920.815 1e+100
0 5153.07 5153.07 1e+100
1 7134.47 14268.9 1e+100
2 679.503 1359.01 1e+100
3 7707.22 7707.22 1e+100
4 178.576 357.152 1e+100
1 721.04 1442.08 1e+100
5 426.994 1707.98 1e+100
0 921.855 921.855 1e+100
5 2276.4 9105.62 1e+100
1 1387.67 1387.67 1e+100
8 3982.58 15930.3 1e+100
3 2082.48 2082.48 1e+100
4 553.72 1107.44 1e+100
3 248.127 248.127 1e+100
5 6120.58 12241.2 1e+100
4 6004.41 12008.8 1e+100
9 359.533 359.533 1e+100
4 2255.85 2255.85 1e+100
7 1431.74 2863.48 1e+100
5 3609.74 7219.49 1e+100
2 577.999 2312 1e+100
8 7495.29 29981.1 1e+100
8 1503.3 6013.19 1e+100
2 5697.15 11394.3 1e+100
2 3601.16 14404.6 1e+100
6 1035.42 1035.42 1e+100
7 5010.47 10020.9 1e+100
4 2918.94 5837.88 1e+100
2 1086.88 1086.88 1e+100
1 1522.96 3045.93 1e+100
9 501.795 501.795 1e+100
70
1 456.472 912.945 1e+100
9 306.53 306.53 1e+100
3 2309.62 2309.62 1e+100
4 308.224 616.448 1e+100
5 290.732 1162.93 1e+100
3 215.457 215.457 1e+100
2 339.11 1356.44 1e+100
7 2513.34 5026.68 1e+100
8 3212.65 12850.6 1e+100
6 2664.25 2664.25 1e+100
0 614.388 614.388 1e+100
0 2713.25 2713.25 1e+100
9 1715.26 1715.26 1e+100
2 2162.5 8649.99 1e+100
4 12570.4 25140.8 1e+100
4 1276.46 2552.93 1e+100
5 10731.6 42926.3 1e+100
1 15173.2 30346.4 1e+100
1 1352.28 1352.28 1e+100
5 411.982 823.964 1e+100
5 2810.74 5621.48 1e+100
4 1758.23 3516.46 1e+100
5 6372.15 25488.6 1e+100
8 3088.31 12353.2 1e+100
0 2747.96 2747.96 1e+100
6 2632.67 2632.67 1e+100
1 9294.64 18589.3 1e+100
9 4336.61 4336.61 1e+100
1 1468.42 1468.42 1e+100
3 3123.31 3123.31 1e+100
9 1059.25 1059.25 1e+100
4 5252.28 10504.6 1e+100
5 3139.91 12559.6 1e+100
2 1068.63 4274.53 1e+100
3 833.561 833.561 1e+100
2 7138.81 14277.6 1e+100
1 9992.31 19984.6 1e+100
4 6313.44 12626.9 1e+100
7 4447.26 8894.51 1e+100
4 2235.94 2235.94 1e+100
7 52.2148 52.2148 1e+100
3 5866.69 5866.69 1e+100
7 7386.81 14773.6 1e+100
1 1831.82 3663.65 1e+100
8 2641.66 10566.7 1e+100
2 2286.25 9145.02 1e+100
2 9828.74 39315 1e+100
8 4329.5 17318 1e+100
7 4936.9 4936.9 1e+100
2 3814.78 15259.1 1e+100
6 4947.73 4947.73 1e+100
7 1483.01 2966.01 1e+100
0 3479.37 3479.37 1e+100
7 8465.31 16930.6 1e+100
5 10572.5 21144.9 1e+100
6 1354.16 1354.16 1e+100
0 5193.92 5193.92 1e+100
7 11979.9 23959.8 1e+100
1 2850.67 5701.34 1e+100
8 5753.8 23015.2 1e+100
2 7331.34 29325.4 1e+100
5 7679.35 30717.4 1e+100
8 9396.1 18792.2 1e+100
8 7300.11 29200.4 1e+100
9 4093.59 4093.59 1e+100
8 11245.2 22490.4 1e+100
7 9030.4 18060.8 1e+100
0 269.942 269.942 1e+100
1 3316.59 6633.17 1e+100
6 1496.42 1496.42 1e+100
38
2 281.903 1127.61 1e+100
4 315.065 630.131 1e+100
7 2557.11 2557.11 1e+100
8 493.345 1973.38 1e+100
6 264.453 264.453 1e+100
1 271.729 271.729 1e+100
4 2034.24 2034.24 1e+100
3 171.261 171.261 1e+100
5 204.204 816.814 1e+100
7 3701.06 7402.12 1e+100
0 374.485 374.485 1e+100
9 727.497 727.497 1e+100
1 2475.25 4950.5 1e+100
5 1658 6631.99 1e+100
2 775.006 3100.02 1e+100
8 2452.2 4904.41 1e+100
6 3296.33 3296.33 1e+100
1 2712.75 5425.49 1e+100
0 140.408 140.408 1e+100
4 5891.73 11783.5 1e+100
9 645.221 645.221 1e+100
3 161.795 161.795 1e+100
4 256.143 512.285 1e+100
2 237.24 237.24 1e+100
5 1126.75 4507 1e+100
8 5280.89 21123.6 1e+100
4 2443.76 4887.52 1e+100
2 833.245 3332.98 1e+100
0 194.34 194.34 1e+100
8 1357.51 5430.05 1e+100
7 209.663 419.325 1e+100
2 2216.25 8865 1e+100
7 2484.79 4969.59 1e+100
3 626.801 626.801 1e+100
1 3838.41 7676.82 1e+100
9 772.625 772.625 1e+100
5 565.473 2261.89 1e+100
1 61.2402 122.48 1e+100
50
1 456.472 912.945 1e+100
9 306.53 306.53 1e+100
1 3035.14 3035.14 1e+100
4 308.224 616.448 1e+100
5 290.732 1162.93 1e+100
3 215.457 215.457 1e+100
2 339.11 1356.44 1e+100
7 2513.34 5026.68 1e+100
8 3212.65 12850.6 1e+100
6 2664.25 2664.25 1e+100
0 614.388 614.388 1e+100
3 1678.32 1678.32 1e+100
4 1384.27 1384.27 1e+100
5 1286.54 5146.17 1e+100
4 14400.1 28800.2 1e+100
5 2815.76 5631.52 1e+100
2 1846.15 7384.61 1e+100
7 9371.25 18742.5 1e+100
6 3517.18 3517.18 1e+100
1 4220.49 8440.98 1e+100
9 691.864 691.864 1e+100
4 1758.32 3516.65 1e+100
0 80.968 80.968 1e+100
1 6181.86 12363.7 1e+100
8 2816.87 11267.5 1e+100
2 1526.97 6107.89 1e+100
3 824.951 824.951 1e+100
2 5785.97 11571.9 1e+100
7 2170.59 4341.19 1e+100
1 3690.44 7380.89 1e+100
7 423.41 846.819 1e+100
6 4016.54 4016.54 1e+100
3 1986.46 1986.46 1e+100
0 5638.84 5638.84 1e+100
8 4858.52 9717.04 1e+100
4 1462.59 2925.18 1e+100
5 321.603 1286.41 1e+100
2 2744.59 10978.4 1e+100
2 7107.84 28431.4 1e+100
8 7940.13 31760.5 1e+100
0 194.34 194.34 1e+100
5 3046.03 12184.1 1e+100
7 2085.94 4171.87 1e+100
8 5357.12 21428.5 1e+100
4 4209.96 8419.91 1e+100
9 203.737 203.737 1e+100
1 4923.35 9846.69 1e+100
5 938.315 938.315 1e+100
5 4599.65 18398.6 1e+100
4 1048.04 2096.07 1e+100
56
5 318.099 1272.39 1e+100
1 349.156 349.156 1e+100
2 163.775 327.55 1e+100
4 232.672 465.343 1e+100
1 2000.36 4000.72 1e+100
6 2670.89 2670.89 1e+100
9 278.799 278.799 1e+100
5 1755.65 7022.62 1e+100
8 1176.61 4706.46 1e+100
7 935.94 1871.88 1e+100
4 1804.56 3609.13 1e+100
0 596.622 596.622 1e+100
7 4451.16 8902.32 1e+100
4 3377.35 6754.69 1e+100
5 3149.19 6298.39 1e+100
1 3982.16 7964.33 1e+100
7 7976.41 15952.8 1e+100
3 182.315 182.315 1e+100
2 407.41 1629.64 1e+100
2 1212.48 4849.93 1e+100
8 1329.19 2658.38 1e+100
1 8100.61 16201.2 1e+100
3 577.041 577.041 1e+100
9 521.59 521.59 1e+100
7 111.703 223.406 1e+100
8 1949.57 3899.14 1e+100
0 717.357 717.357 1e+100
9 1959.42 1959.42 1e+100
4 3375.46 6750.91 1e+100
6 717.916 717.916 1e+100
2 1625.71 6502.84 1e+100
5 4461.98 17847.9 1e+100
7 2365.97 4731.95 1e+100
8 6079.7 24318.8 1e+100
0 3764.19 3764.19 1e+100
5 1618.05 6472.19 1e+100
3 517.713 517.713 1e+100
4 5768.54 11537.1 1e+100
0 1876.24 1876.24 1e+100
7 7407.45 14814.9 1e+100
4 7601.04 15202.1 1e+100
4 355.63 355.63 1e+100
6 3315.7 3315.7 1e+100
4 3554.95 7109.9 1e+100
1 1119.82 2239.65 1e+100
2 2337.77 9351.08 1e+100
5 5319.77 21279.1 1e+100
8 3181.29 12725.1 1e+100
2 5980.07 11960.1 1e+100
2 3884.08 15536.3 1e+100
6 551.148 551.148 1e+100
2 7829.16 15658.3 1e+100
8 6373.7 12747.4 1e+100
9 1060.32 1060.32 1e+100
1 1585.74 3171.48 1e+100
3 693.014 693.014 1e+100
