38
8 634.852 634.852 1e+100
10 265.837 531.674 1e+100
13 255.06 510.121 1e+100
14 1004.25 4016.99 1e+100
12 770.12 770.12 1e+100
11 980.704 3922.82 1e+100
7 314.971 314.971 1e+100
1 505.628 1011.26 1e+100
9 1986.65 1986.65 1e+100
8 1316.41 2632.82 1e+100
2 512.427 1024.85 1e+100
6 970.069 970.069 1e+100
4 1244.46 2488.92 1e+100
10 342.264 342.264 1e+100
5 364.512 729.023 1e+100
13 218.634 218.634 1e+100
12 592.477 592.477 1e+100
0 571.952 571.952 1e+100
14 956.772 1913.54 1e+100
15 317.711 317.711 1e+100
11 956.131 3824.52 1e+100
10 554.786 1109.57 1e+100
2 467.108 1868.43 1e+100
5 831.005 3324.02 1e+100
7 174.303 348.607 1e+100
1 107.492 214.983 1e+100
9 370.82 370.82 1e+100
8 148.102 296.204 1e+100
13 367.028 734.056 1e+100
10 214.102 428.204 1e+100
4 454.894 909.788 1e+100
0 64.0725 64.0725 1e+100
7 432.51 432.51 1e+100
14 262.129 1048.51 1e+100
11 324.633 649.267 1e+100
1 66.111 66.111 1e+100
3 171.162 171.162 1e+100
12 78.6247 78.6247 1e+100
39
6 241.292 241.292 1e+100
13 491.976 983.951 1e+100
1 238.384 476.769 1e+100
15 1283.89 1283.89 1e+100
14 668.021 668.021 1e+100
10 290.821 581.642 1e+100
2 703.159 2812.64 1e+100
8 903.794 3615.18 1e+100
7 850.398 1700.8 1e+100
0 124.26 124.26 1e+100
5 279.272 1117.09 1e+100
3 615.383 615.383 1e+100
12 781.269 781.269 1e+100
4 404.193 808.386 1e+100
13 319.196 319.196 1e+100
11 581.202 581.202 1e+100
9 559.437 559.437 1e+100
10 691.512 1383.02 1e+100
14 260.44 1041.76 1e+100
1 141.163 282.326 1e+100
5 304.908 304.908 1e+100
8 719.287 2877.15 1e+100
13 698.848 1397.7 1e+100
7 233.468 233.468 1e+100
6 166.725 166.725 1e+100
12 125.681 125.681 1e+100
11 154.032 616.13 1e+100
9 390.518 390.518 1e+100
3 428.93 428.93 1e+100
4 150.877 301.753 1e+100
2 145.938 583.753 1e+100
0 231.242 231.242 1e+100
15 700.801 700.801 1e+100
14 438.451 438.451 1e+100
5 261.459 522.919 1e+100
1 473.221 473.221 1e+100
6 66.586 66.586 1e+100
13 571.259 571.259 1e+100
8 165.473 661.894 1e+100
32
8 1612.17 1612.17 1e+100
4 421.611 843.222 1e+100
11 570.009 2280.04 1e+100
2 629.762 2519.05 1e+100
14 289.241 289.241 1e+100
12 40.5138 40.5138 1e+100
1 215.929 431.858 1e+100
0 710.982 710.982 1e+100
13 39.193 78.386 1e+100
15 237.856 237.856 1e+100
14 151.999 303.997 1e+100
4 39.1344 39.1344 1e+100
11 429.898 1719.59 1e+100
8 509.56 509.56 1e+100
10 106.566 106.566 1e+100
1 180.242 180.242 1e+100
9 301.546 301.546 1e+100
13 243.852 243.852 1e+100
5 327.903 1311.61 1e+100
2 133.828 535.31 1e+100
12 114.703 114.703 1e+100
0 646.188 646.188 1e+100
8 356.473 1425.89 1e+100
1 277.483 277.483 1e+100
11 100.895 201.79 1e+100
4 79.5368 79.5368 1e+100
6 272 272 1e+100
14 536.879 2147.52 1e+100
5 158.727 317.454 1e+100
15 78.8961 78.8961 1e+100
10 145.807 145.807 1e+100
0 78.6247 78.6247 1e+100
33
8 1613.29 1613.29 1e+100
13 292.214 584.429 1e+100
7 282.488 564.976 1e+100
5 787.968 1575.94 1e+100
6 630.235 630.235 1e+100
10 146.251 292.501 1e+100
15 1123.12 1123.12 1e+100
2 135.548 135.548 1e+100
4 381.669 381.669 1e+100
1 442.394 884.787 1e+100
13 358.742 358.742 1e+100
8 321.364 321.364 1e+100
3 926.917 926.917 1e+100
14 164.375 328.75 1e+100
0 190.678 190.678 1e+100
2 22.2664 89.0656 1e+100
10 311.195 622.391 1e+100
5 432.246 864.493 1e+100
15 508.942 508.942 1e+100
7 79.078 79.078 1e+100
12 399.033 399.033 1e+100
11 581.292 2325.17 1e+100
4 151.931 151.931 1e+100
1 371.238 371.238 1e+100
10 473.207 946.414 1e+100
2 981.306 3925.23 1e+100
0 652.366 652.366 1e+100
6 340.423 340.423 1e+100
14 209.971 839.885 1e+100
4 158.727 317.454 1e+100
1 144.356 144.356 1e+100
11 145.412 145.412 1e+100
7 76.8611 76.8611 1e+100
39
8 1612.17 1612.17 1e+100
4 421.611 843.222 1e+100
11 570.009 2280.04 1e+100
2 629.762 2519.05 1e+100
14 289.241 289.241 1e+100
12 40.5138 40.5138 1e+100
1 215.929 431.858 1e+100
0 710.982 710.982 1e+100
13 39.193 78.386 1e+100
15 237.856 237.856 1e+100
10 273.473 273.473 1e+100
5 364.512 729.023 1e+100
0 18.0984 18.0984 1e+100
6 1333.66 1333.66 1e+100
4 79.5739 79.5739 1e+100
1 325.305 650.61 1e+100
3 539.823 539.823 1e+100
14 418.818 1675.27 1e+100
10 485.995 971.989 1e+100
13 243.852 243.852 1e+100
2 412.106 1648.42 1e+100
11 133.828 535.31 1e+100
15 176.495 176.495 1e+100
4 30.7427 30.7427 1e+100
5 650.34 2601.36 1e+100
12 334.349 334.349 1e+100
8 100.895 201.79 1e+100
6 395.107 395.107 1e+100
14 12.4703 24.9407 1e+100
1 113.686 113.686 1e+100
10 29.6248 59.2496 1e+100
3 1450.38 1450.38 1e+100
13 569.681 1139.36 1e+100
9 211.376 211.376 1e+100
2 154.676 618.706 1e+100
14 541.407 1082.81 1e+100
0 283.816 283.816 1e+100
4 164.195 328.39 1e+100
11 172.284 172.284 1e+100
39
6 241.292 241.292 1e+100
13 491.976 983.951 1e+100
1 238.384 476.769 1e+100
15 1283.89 1283.89 1e+100
14 668.021 668.021 1e+100
10 290.821 581.642 1e+100
2 703.159 2812.64 1e+100
8 903.794 3615.18 1e+100
7 850.398 1700.8 1e+100
0 124.26 124.26 1e+100
5 279.272 1117.09 1e+100
3 615.383 615.383 1e+100
12 781.269 781.269 1e+100
2 702.52 1405.04 1e+100
13 417.723 835.446 1e+100
4 342.522 342.522 1e+100
0 235.253 235.253 1e+100
10 208.243 208.243 1e+100
9 285.804 285.804 1e+100
5 14.2839 14.2839 1e+100
6 341.125 341.125 1e+100
1 782.734 782.734 1e+100
7 356.975 356.975 1e+100
3 441.28 441.28 1e+100
2 117.135 117.135 1e+100
0 105.868 105.868 1e+100
4 139.865 279.73 1e+100
13 149.522 299.043 1e+100
12 230.53 230.53 1e+100
9 56.2088 56.2088 1e+100
11 223.091 223.091 1e+100
14 26.4621 52.9242 1e+100
5 110.804 221.608 1e+100
6 502.241 502.241 1e+100
15 162.27 162.27 1e+100
1 229.168 458.336 1e+100
10 570.076 1140.15 1e+100
0 243.055 243.055 1e+100
4 101.006 202.012 1e+100
29
8 1613.29 1613.29 1e+100
13 292.214 584.429 1e+100
7 282.488 564.976 1e+100
5 787.968 1575.94 1e+100
6 630.235 630.235 1e+100
10 146.251 292.501 1e+100
15 1123.12 1123.12 1e+100
2 135.548 135.548 1e+100
3 479.232 479.232 1e+100
9 1058.19 1058.19 1e+100
8 578.634 2314.54 1e+100
14 184.3 184.3 1e+100
13 210.098 420.196 1e+100
7 144.819 144.819 1e+100
9 2578.57 2578.57 1e+100
5 203.893 203.893 1e+100
2 154.032 616.13 1e+100
4 276.138 276.138 1e+100
0 189.297 189.297 1e+100
10 150.877 301.753 1e+100
11 429.572 1718.29 1e+100
15 297.154 297.154 1e+100
8 263.455 263.455 1e+100
3 141.54 141.54 1e+100
1 420.342 840.685 1e+100
2 505.956 505.956 1e+100
13 343.624 343.624 1e+100
8 460.672 460.672 1e+100
5 165.473 661.894 1e+100
35
6 241.292 241.292 1e+100
13 491.976 983.951 1e+100
1 238.384 476.769 1e+100
15 1283.89 1283.89 1e+100
14 668.021 668.021 1e+100
10 290.821 581.642 1e+100
2 703.159 2812.64 1e+100
8 903.794 3615.18 1e+100
7 850.398 1700.8 1e+100
0 124.26 124.26 1e+100
5 279.272 1117.09 1e+100
3 615.383 615.383 1e+100
12 781.269 781.269 1e+100
2 702.52 1405.04 1e+100
13 155.305 310.609 1e+100
4 342.522 342.522 1e+100
0 235.253 235.253 1e+100
1 169.996 169.996 1e+100
9 285.804 285.804 1e+100
14 640.672 2562.69 1e+100
6 89.8177 89.8177 1e+100
3 170.653 170.653 1e+100
10 180.11 360.22 1e+100
15 131.987 131.987 1e+100
11 482.534 965.069 1e+100
7 619.796 1239.59 1e+100
10 2000.8 4001.6 1e+100
0 16.5216 16.5216 1e+100
8 814.572 814.572 1e+100
12 141.54 141.54 1e+100
2 186.351 372.702 1e+100
3 394.454 394.454 1e+100
15 172.647 172.647 1e+100
13 98.1922 98.1922 1e+100
14 165.473 661.894 1e+100
38
8 1957.81 1957.81 1e+100
9 596.136 596.136 1e+100
14 580.914 580.914 1e+100
0 206.351 206.351 1e+100
1 412.849 825.698 1e+100
13 674.275 674.275 1e+100
2 298.247 596.493 1e+100
7 829.663 1659.33 1e+100
4 381.669 381.669 1e+100
11 443.86 887.72 1e+100
9 63.4866 63.4866 1e+100
6 1333.66 1333.66 1e+100
3 926.917 926.917 1e+100
5 424.478 848.955 1e+100
15 317.711 317.711 1e+100
2 653.997 2615.99 1e+100
10 311.195 622.391 1e+100
14 153.278 613.11 1e+100
11 910.354 3641.41 1e+100
8 143.352 286.705 1e+100
13 107.492 214.983 1e+100
9 871.649 871.649 1e+100
8 1607.49 3214.99 1e+100
1 1060.9 2121.81 1e+100
4 149.842 299.685 1e+100
5 462.866 925.733 1e+100
0 114.695 114.695 1e+100
2 650.152 2600.61 1e+100
14 970.213 3880.85 1e+100
7 612.786 612.786 1e+100
3 75.8218 75.8218 1e+100
10 350.806 350.806 1e+100
13 342.884 685.767 1e+100
11 1255.24 5020.97 1e+100
6 51.6698 51.6698 1e+100
2 1304.85 5219.39 1e+100
9 501.67 501.67 1e+100
4 52.1559 104.312 1e+100
36
8 1612.17 1612.17 1e+100
4 421.611 843.222 1e+100
11 570.009 2280.04 1e+100
2 629.762 2519.05 1e+100
14 289.241 289.241 1e+100
12 40.5138 40.5138 1e+100
1 215.929 431.858 1e+100
0 710.982 710.982 1e+100
13 39.193 78.386 1e+100
15 237.856 237.856 1e+100
10 909.866 1819.73 1e+100
5 440.456 880.913 1e+100
3 170.988 170.988 1e+100
4 144.154 144.154 1e+100
15 679.762 679.762 1e+100
9 285.804 285.804 1e+100
2 95.5055 382.022 1e+100
8 949.581 949.581 1e+100
5 215.504 215.504 1e+100
14 180.11 360.22 1e+100
12 131.987 131.987 1e+100
11 482.534 965.069 1e+100
7 191.355 382.711 1e+100
13 746.965 1493.93 1e+100
4 74.6982 74.6982 1e+100
2 689.455 2757.82 1e+100
8 1291.81 5167.25 1e+100
9 92.4972 92.4972 1e+100
0 365.461 365.461 1e+100
3 114.297 114.297 1e+100
1 645.782 1291.56 1e+100
5 443.647 1774.59 1e+100
12 166.406 166.406 1e+100
14 390.744 1562.98 1e+100
7 186.201 186.201 1e+100
11 52.1559 104.312 1e+100
32
8 1957.81 1957.81 1e+100
9 596.136 596.136 1e+100
14 580.914 580.914 1e+100
0 206.351 206.351 1e+100
1 412.849 825.698 1e+100
13 674.275 674.275 1e+100
2 298.247 596.493 1e+100
7 829.663 1659.33 1e+100
4 394.373 788.747 1e+100
9 158.142 158.142 1e+100
5 519.48 2077.92 1e+100
1 736.549 736.549 1e+100
15 482.077 482.077 1e+100
0 180.242 180.242 1e+100
10 125.627 125.627 1e+100
14 210.799 843.194 1e+100
11 208.147 832.587 1e+100
8 143.352 286.705 1e+100
4 452.95 905.901 1e+100
6 565.149 565.149 1e+100
7 1150.85 2301.7 1e+100
1 581.966 1163.93 1e+100
2 149.842 299.685 1e+100
13 450.903 901.807 1e+100
0 147.976 147.976 1e+100
8 727.696 727.696 1e+100
3 181.57 181.57 1e+100
10 261.459 522.919 1e+100
9 76.5292 76.5292 1e+100
11 1918.78 1918.78 1e+100
6 140.77 140.77 1e+100
14 165.473 661.894 1e+100
41
8 1612.17 1612.17 1e+100
4 421.611 843.222 1e+100
11 570.009 2280.04 1e+100
2 629.762 2519.05 1e+100
14 289.241 289.241 1e+100
12 40.5138 40.5138 1e+100
1 215.929 431.858 1e+100
0 710.982 710.982 1e+100
13 39.193 78.386 1e+100
15 237.856 237.856 1e+100
3 183.29 183.29 1e+100
5 364.512 729.023 1e+100
0 18.0984 18.0984 1e+100
8 359.05 359.05 1e+100
4 79.5739 79.5739 1e+100
10 557.606 1115.21 1e+100
1 84.362 84.362 1e+100
11 493.975 1975.9 1e+100
13 608.091 1216.18 1e+100
2 134.608 538.43 1e+100
5 831.005 3324.02 1e+100
7 174.303 348.607 1e+100
14 107.492 214.983 1e+100
6 565.149 565.149 1e+100
1 2140.53 4281.06 1e+100
8 107.5 214.999 1e+100
4 149.842 299.685 1e+100
13 5280.21 10560.4 1e+100
15 114.695 114.695 1e+100
13 149.522 299.043 1e+100
12 344.312 344.312 1e+100
9 241.28 241.28 1e+100
0 318.413 318.413 1e+100
11 26.4621 52.9242 1e+100
10 110.804 221.608 1e+100
7 538.587 538.587 1e+100
3 206.487 206.487 1e+100
14 161.333 322.665 1e+100
5 201.969 403.939 1e+100
13 363.523 363.523 1e+100
4 414.048 828.096 1e+100
28
8 1957.81 1957.81 1e+100
9 596.136 596.136 1e+100
14 580.914 580.914 1e+100
0 206.351 206.351 1e+100
1 412.849 825.698 1e+100
13 674.275 674.275 1e+100
2 298.247 596.493 1e+100
7 829.663 1659.33 1e+100
12 225.748 225.748 1e+100
0 73.7652 73.7652 1e+100
14 301.261 1205.04 1e+100
15 181.47 181.47 1e+100
2 253.152 1012.61 1e+100
11 208.147 832.587 1e+100
8 143.352 286.705 1e+100
1 107.492 214.983 1e+100
9 342.419 342.419 1e+100
7 496.536 993.073 1e+100
14 402.861 805.721 1e+100
10 154.774 309.548 1e+100
13 136.947 273.894 1e+100
15 229.271 229.271 1e+100
6 272 272 1e+100
11 629.386 2517.54 1e+100
4 356.744 713.487 1e+100
1 66.111 66.111 1e+100
3 171.162 171.162 1e+100
12 78.6247 78.6247 1e+100
37
8 1957.81 1957.81 1e+100
9 596.136 596.136 1e+100
14 580.914 580.914 1e+100
0 206.351 206.351 1e+100
1 412.849 825.698 1e+100
13 674.275 674.275 1e+100
2 298.247 596.493 1e+100
7 829.663 1659.33 1e+100
5 500.302 1000.6 1e+100
12 411.418 411.418 1e+100
4 401.929 401.929 1e+100
3 215.186 215.186 1e+100
10 284.797 569.594 1e+100
11 338.613 1354.45 1e+100
1 659.548 1319.1 1e+100
15 17.5808 17.5808 1e+100
14 77.5805 310.322 1e+100
13 124.572 124.572 1e+100
5 151.975 607.9 1e+100
8 220.083 880.332 1e+100
2 234.854 234.854 1e+100
3 321.972 321.972 1e+100
14 217.68 870.722 1e+100
15 108.081 108.081 1e+100
10 32.3988 64.7976 1e+100
12 79.5368 79.5368 1e+100
5 2151.89 4303.77 1e+100
6 986.44 986.44 1e+100
5 29.6248 59.2496 1e+100
4 135.005 135.005 1e+100
7 457.394 914.788 1e+100
9 532.88 532.88 1e+100
11 722.726 2890.9 1e+100
1 208.539 417.077 1e+100
0 560.885 560.885 1e+100
13 146.803 293.606 1e+100
8 251.459 251.459 1e+100
40
6 241.292 241.292 1e+100
13 491.976 983.951 1e+100
1 238.384 476.769 1e+100
15 1283.89 1283.89 1e+100
14 668.021 668.021 1e+100
10 290.821 581.642 1e+100
2 703.159 2812.64 1e+100
8 903.794 3615.18 1e+100
7 850.398 1700.8 1e+100
0 124.26 124.26 1e+100
5 279.272 1117.09 1e+100
3 615.383 615.383 1e+100
12 781.269 781.269 1e+100
13 72.0388 144.078 1e+100
1 322.407 322.407 1e+100
14 4767.29 19069.2 1e+100
15 317.568 317.568 1e+100
4 234.425 234.425 1e+100
7 949.526 949.526 1e+100
9 301.546 301.546 1e+100
2 632.035 2528.14 1e+100
6 534.085 534.085 1e+100
14 98.2287 98.2287 1e+100
13 242.416 484.831 1e+100
3 414.105 414.105 1e+100
4 379.445 758.89 1e+100
8 191.355 382.711 1e+100
1 357.51 715.02 1e+100
10 610.234 610.234 1e+100
14 329.936 659.872 1e+100
15 809.118 809.118 1e+100
11 508.393 1016.79 1e+100
0 454.725 454.725 1e+100
7 343.611 687.221 1e+100
9 154.864 154.864 1e+100
5 486.371 1945.48 1e+100
13 820.89 1641.78 1e+100
6 156.602 156.602 1e+100
4 146.803 293.606 1e+100
3 142.585 142.585 1e+100
31
8 1613.29 1613.29 1e+100
13 292.214 584.429 1e+100
7 282.488 564.976 1e+100
5 787.968 1575.94 1e+100
6 630.235 630.235 1e+100
10 146.251 292.501 1e+100
15 1123.12 1123.12 1e+100
2 135.548 135.548 1e+100
3 479.232 479.232 1e+100
13 84.0569 84.0569 1e+100
8 578.634 2314.54 1e+100
14 184.3 184.3 1e+100
4 809.1 809.1 1e+100
6 341.125 341.125 1e+100
0 494.121 494.121 1e+100
15 92.741 92.741 1e+100
10 149.984 149.984 1e+100
7 117.146 117.146 1e+100
5 105.868 105.868 1e+100
1 153.033 306.067 1e+100
2 28.7547 115.019 1e+100
8 762.92 3051.68 1e+100
11 438.543 438.543 1e+100
3 75.8218 75.8218 1e+100
9 246.11 246.11 1e+100
13 425.914 851.829 1e+100
14 318.691 1274.76 1e+100
15 128.238 128.238 1e+100
5 188.148 752.592 1e+100
10 252.082 252.082 1e+100
4 129.906 259.811 1e+100
32
8 1613.29 1613.29 1e+100
13 292.214 584.429 1e+100
7 282.488 564.976 1e+100
5 787.968 1575.94 1e+100
6 630.235 630.235 1e+100
10 146.251 292.501 1e+100
15 1123.12 1123.12 1e+100
2 135.548 135.548 1e+100
1 78.1829 78.1829 1e+100
3 891.059 891.059 1e+100
8 578.634 2314.54 1e+100
4 423.697 423.697 1e+100
11 817.717 817.717 1e+100
2 151.975 607.9 1e+100
5 462.262 1849.05 1e+100
0 233.224 233.224 1e+100
7 335.603 335.603 1e+100
8 969.098 3876.39 1e+100
6 168.965 168.965 1e+100
10 151.706 303.411 1e+100
3 644.617 644.617 1e+100
4 48.9582 97.9164 1e+100
1 1430.81 1430.81 1e+100
2 29.6248 59.2496 1e+100
12 454.725 454.725 1e+100
13 733.62 1467.24 1e+100
9 211.376 211.376 1e+100
14 800.177 3200.71 1e+100
11 118.737 237.474 1e+100
0 702.553 702.553 1e+100
7 431.798 863.596 1e+100
5 486.796 486.796 1e+100
36
8 1613.29 1613.29 1e+100
13 292.214 584.429 1e+100
7 282.488 564.976 1e+100
5 787.968 1575.94 1e+100
6 630.235 630.235 1e+100
10 146.251 292.501 1e+100
15 1123.12 1123.12 1e+100
2 135.548 135.548 1e+100
11 562.464 562.464 1e+100
4 264.891 529.781 1e+100
13 358.742 358.742 1e+100
6 3758.86 3758.86 1e+100
1 698.579 698.579 1e+100
14 164.375 328.75 1e+100
0 190.678 190.678 1e+100
2 22.0685 88.274 1e+100
10 150.877 301.753 1e+100
8 1469.45 1469.45 1e+100
6 341.125 341.125 1e+100
12 649.329 649.329 1e+100
15 92.741 92.741 1e+100
7 543.046 543.046 1e+100
4 117.146 117.146 1e+100
2 10.1291 10.1291 1e+100
10 76.2669 152.534 1e+100
5 925.685 3702.74 1e+100
14 109.495 437.981 1e+100
9 655.819 655.819 1e+100
0 75.8218 75.8218 1e+100
3 181.447 181.447 1e+100
11 86.236 172.472 1e+100
8 1028.51 4114.02 1e+100
15 128.238 128.238 1e+100
2 94.1812 376.725 1e+100
7 148.312 148.312 1e+100
1 52.1559 104.312 1e+100
29
8 1957.81 1957.81 1e+100
9 596.136 596.136 1e+100
14 580.914 580.914 1e+100
0 206.351 206.351 1e+100
1 412.849 825.698 1e+100
13 674.275 674.275 1e+100
2 298.247 596.493 1e+100
7 829.663 1659.33 1e+100
10 398.672 797.345 1e+100
9 158.142 158.142 1e+100
11 478.575 1914.3 1e+100
0 881.236 881.236 1e+100
4 234.425 234.425 1e+100
15 396.508 396.508 1e+100
3 159.238 159.238 1e+100
5 814.11 814.11 1e+100
7 215.133 215.133 1e+100
1 223.39 223.39 1e+100
9 607.961 607.961 1e+100
2 219.243 219.243 1e+100
13 117.146 117.146 1e+100
14 105.868 105.868 1e+100
8 139.865 279.73 1e+100
7 264.658 264.658 1e+100
5 449.519 1798.07 1e+100
4 163.775 327.55 1e+100
14 189.029 189.029 1e+100
11 145.807 145.807 1e+100
1 78.6247 78.6247 1e+100
34
8 1613.29 1613.29 1e+100
13 292.214 584.429 1e+100
7 282.488 564.976 1e+100
5 787.968 1575.94 1e+100
6 630.235 630.235 1e+100
10 146.251 292.501 1e+100
15 1123.12 1123.12 1e+100
2 135.548 135.548 1e+100
11 562.464 562.464 1e+100
4 264.891 529.781 1e+100
13 358.742 358.742 1e+100
3 1627.05 1627.05 1e+100
12 763.572 763.572 1e+100
14 164.375 328.75 1e+100
1 84.362 84.362 1e+100
2 23.3192 93.2767 1e+100
10 218.425 436.851 1e+100
11 1156.31 4625.22 1e+100
8 586.423 2345.69 1e+100
7 174.303 348.607 1e+100
4 319.255 638.51 1e+100
6 342.419 342.419 1e+100
5 900.426 1800.85 1e+100
13 503.883 1007.77 1e+100
10 149.842 299.685 1e+100
14 202.795 405.59 1e+100
12 133.387 133.387 1e+100
7 758.647 758.647 1e+100
9 296.378 296.378 1e+100
1 186.351 372.702 1e+100
0 391.137 391.137 1e+100
3 373.639 373.639 1e+100
6 98.1922 98.1922 1e+100
11 232.808 931.233 1e+100
34
8 1613.29 1613.29 1e+100
13 292.214 584.429 1e+100
7 282.488 564.976 1e+100
5 787.968 1575.94 1e+100
6 630.235 630.235 1e+100
10 146.251 292.501 1e+100
15 1123.12 1123.12 1e+100
2 135.548 135.548 1e+100
4 381.669 381.669 1e+100
1 442.394 884.787 1e+100
13 358.742 358.742 1e+100
8 321.364 321.364 1e+100
3 926.917 926.917 1e+100
14 164.375 328.75 1e+100
12 282.965 282.965 1e+100
2 22.0685 88.274 1e+100
10 311.195 622.391 1e+100
4 927.285 1854.57 1e+100
7 144.819 144.819 1e+100
8 1149.64 1149.64 1e+100
1 594.894 594.894 1e+100
5 154.032 616.13 1e+100
9 325.681 325.681 1e+100
15 754.995 754.995 1e+100
10 473.207 946.414 1e+100
11 429.572 1718.29 1e+100
0 695.233 695.233 1e+100
6 195.93 195.93 1e+100
2 339.928 339.928 1e+100
13 273.08 546.16 1e+100
3 106.103 106.103 1e+100
14 746.069 746.069 1e+100
6 393.147 393.147 1e+100
8 11.8607 47.4427 1e+100
31
8 1613.29 1613.29 1e+100
13 292.214 584.429 1e+100
7 282.488 564.976 1e+100
5 787.968 1575.94 1e+100
6 630.235 630.235 1e+100
10 146.251 292.501 1e+100
15 1123.12 1123.12 1e+100
2 135.548 135.548 1e+100
1 560.142 1120.28 1e+100
4 353.653 707.306 1e+100
3 170.988 170.988 1e+100
13 218.879 218.879 1e+100
14 521.79 521.79 1e+100
9 285.804 285.804 1e+100
8 466.636 1866.54 1e+100
11 208.147 832.587 1e+100
7 174.303 348.607 1e+100
13 911.258 1822.52 1e+100
6 342.419 342.419 1e+100
10 789.752 1579.5 1e+100
5 27.051 54.102 1e+100
4 149.842 299.685 1e+100
1 746.905 1493.81 1e+100
0 223.156 223.156 1e+100
7 758.647 758.647 1e+100
15 141.54 141.54 1e+100
2 643.624 1287.25 1e+100
9 445.715 445.715 1e+100
6 346.625 346.625 1e+100
5 54.3069 54.3069 1e+100
14 165.473 661.894 1e+100
35
8 1613.29 1613.29 1e+100
13 292.214 584.429 1e+100
7 282.488 564.976 1e+100
5 787.968 1575.94 1e+100
6 630.235 630.235 1e+100
10 146.251 292.501 1e+100
15 1123.12 1123.12 1e+100
2 135.548 135.548 1e+100
11 4937.39 9874.78 1e+100
0 757.846 757.846 1e+100
11 478.575 1914.3 1e+100
8 471.874 471.874 1e+100
9 309.414 309.414 1e+100
14 180.242 180.242 1e+100
4 248.223 248.223 1e+100
10 235.226 235.226 1e+100
2 327.903 1311.61 1e+100
5 462.262 1849.05 1e+100
12 366.247 366.247 1e+100
13 842.998 842.998 1e+100
8 319.115 1276.46 1e+100
6 168.965 168.965 1e+100
1 430.907 861.814 1e+100
0 26.6008 26.6008 1e+100
11 28.7547 115.019 1e+100
14 656.633 2626.53 1e+100
9 629.299 629.299 1e+100
10 429.661 429.661 1e+100
3 181.447 181.447 1e+100
7 425.914 851.829 1e+100
2 627.312 2509.25 1e+100
15 264.985 264.985 1e+100
5 571.305 2285.22 1e+100
8 454.38 454.38 1e+100
13 281.919 563.839 1e+100
32
8 1957.81 1957.81 1e+100
9 596.136 596.136 1e+100
14 580.914 580.914 1e+100
0 206.351 206.351 1e+100
1 412.849 825.698 1e+100
13 674.275 674.275 1e+100
2 298.247 596.493 1e+100
7 829.663 1659.33 1e+100
3 479.232 479.232 1e+100
0 73.7652 73.7652 1e+100
14 301.261 1205.04 1e+100
15 181.47 181.47 1e+100
1 471.718 471.718 1e+100
7 215.133 215.133 1e+100
12 649.329 649.329 1e+100
6 888.924 888.924 1e+100
9 235.468 235.468 1e+100
13 117.146 117.146 1e+100
2 120.218 120.218 1e+100
8 139.865 279.73 1e+100
10 307.532 615.065 1e+100
15 179.254 179.254 1e+100
5 207.373 207.373 1e+100
11 223.091 223.091 1e+100
8 423.527 847.054 1e+100
14 110.804 221.608 1e+100
3 883.123 883.123 1e+100
12 48.6464 48.6464 1e+100
2 120.613 241.226 1e+100
1 146.316 292.632 1e+100
4 251.206 251.206 1e+100
13 106.676 213.353 1e+100
35
6 241.292 241.292 1e+100
13 491.976 983.951 1e+100
1 238.384 476.769 1e+100
15 1283.89 1283.89 1e+100
14 668.021 668.021 1e+100
10 290.821 581.642 1e+100
2 703.159 2812.64 1e+100
8 903.794 3615.18 1e+100
7 850.398 1700.8 1e+100
0 124.26 124.26 1e+100
5 279.272 1117.09 1e+100
3 615.383 615.383 1e+100
12 781.269 781.269 1e+100
13 136.422 272.844 1e+100
1 296.823 296.823 1e+100
14 391.346 1565.38 1e+100
7 386.915 386.915 1e+100
4 234.425 234.425 1e+100
10 285.589 285.589 1e+100
9 301.546 301.546 1e+100
3 235.226 235.226 1e+100
5 402.164 1608.66 1e+100
2 133.828 535.31 1e+100
13 59.4078 59.4078 1e+100
6 405.45 405.45 1e+100
8 488.911 1955.64 1e+100
0 209.701 209.701 1e+100
14 100.895 201.79 1e+100
15 460.865 460.865 1e+100
7 340.423 340.423 1e+100
11 518.277 2073.11 1e+100
5 158.727 317.454 1e+100
10 78.8961 78.8961 1e+100
4 145.807 145.807 1e+100
6 78.6247 78.6247 1e+100
37
6 241.292 241.292 1e+100
13 491.976 983.951 1e+100
1 238.384 476.769 1e+100
15 1283.89 1283.89 1e+100
14 668.021 668.021 1e+100
10 290.821 581.642 1e+100
2 703.159 2812.64 1e+100
8 903.794 3615.18 1e+100
7 850.398 1700.8 1e+100
0 124.26 124.26 1e+100
5 279.272 1117.09 1e+100
3 615.383 615.383 1e+100
12 781.269 781.269 1e+100
13 151.352 151.352 1e+100
0 104.415 104.415 1e+100
8 821.76 3287.04 1e+100
3 74.2297 74.2297 1e+100
10 235.226 235.226 1e+100
5 151.975 607.9 1e+100
2 262.277 1049.11 1e+100
12 91.4613 91.4613 1e+100
15 160.71 160.71 1e+100
8 1212.22 4848.9 1e+100
3 251.657 251.657 1e+100
1 192.193 384.386 1e+100
7 79.5368 79.5368 1e+100
14 89.9771 179.954 1e+100
0 798.274 798.274 1e+100
4 360.445 720.891 1e+100
11 406.474 406.474 1e+100
13 235.72 471.44 1e+100
9 211.376 211.376 1e+100
5 154.676 618.706 1e+100
10 208.539 417.077 1e+100
6 503.947 503.947 1e+100
14 972.097 1944.19 1e+100
2 291.656 291.656 1e+100
37
8 634.852 634.852 1e+100
10 265.837 531.674 1e+100
13 255.06 510.121 1e+100
14 1004.25 4016.99 1e+100
12 770.12 770.12 1e+100
11 980.704 3922.82 1e+100
7 314.971 314.971 1e+100
1 505.628 1011.26 1e+100
9 1986.65 1986.65 1e+100
8 1316.41 2632.82 1e+100
2 512.427 1024.85 1e+100
6 970.069 970.069 1e+100
4 1244.46 2488.92 1e+100
0 114.359 114.359 1e+100
13 361.786 361.786 1e+100
14 1164.55 4658.21 1e+100
15 181.47 181.47 1e+100
2 210.408 841.63 1e+100
7 815.423 815.423 1e+100
5 459.164 459.164 1e+100
1 269.592 539.184 1e+100
12 131.987 131.987 1e+100
10 163.248 326.497 1e+100
8 191.355 382.711 1e+100
4 96.264 192.528 1e+100
6 278.859 278.859 1e+100
11 470.736 941.472 1e+100
9 177.626 177.626 1e+100
10 625.695 1251.39 1e+100
3 202.592 202.592 1e+100
13 516.46 1032.92 1e+100
15 607.093 607.093 1e+100
5 661.558 2646.23 1e+100
2 400.786 801.571 1e+100
0 283.816 283.816 1e+100
7 1120.56 2241.13 1e+100
4 125.098 125.098 1e+100
33
6 241.292 241.292 1e+100
13 491.976 983.951 1e+100
1 238.384 476.769 1e+100
15 1283.89 1283.89 1e+100
14 668.021 668.021 1e+100
10 290.821 581.642 1e+100
2 703.159 2812.64 1e+100
8 903.794 3615.18 1e+100
7 850.398 1700.8 1e+100
0 124.26 124.26 1e+100
5 279.272 1117.09 1e+100
3 615.383 615.383 1e+100
12 781.269 781.269 1e+100
13 151.352 151.352 1e+100
10 243.946 243.946 1e+100
8 821.76 3287.04 1e+100
0 181.47 181.47 1e+100
14 279.476 1117.91 1e+100
6 89.8177 89.8177 1e+100
3 170.653 170.653 1e+100
2 263.299 526.599 1e+100
15 131.987 131.987 1e+100
5 160.266 320.533 1e+100
7 619.796 1239.59 1e+100
13 282.515 565.03 1e+100
0 357.215 357.215 1e+100
15 1127.95 1127.95 1e+100
12 141.54 141.54 1e+100
11 437.298 874.596 1e+100
14 60.4287 60.4287 1e+100
6 293.356 293.356 1e+100
13 169.651 169.651 1e+100
8 6.1312 24.5248 1e+100
42
6 241.292 241.292 1e+100
13 491.976 983.951 1e+100
1 238.384 476.769 1e+100
15 1283.89 1283.89 1e+100
14 668.021 668.021 1e+100
10 290.821 581.642 1e+100
2 703.159 2812.64 1e+100
8 903.794 3615.18 1e+100
7 850.398 1700.8 1e+100
0 124.26 124.26 1e+100
5 279.272 1117.09 1e+100
3 615.383 615.383 1e+100
12 781.269 781.269 1e+100
11 472.417 944.833 1e+100
13 812.469 812.469 1e+100
11 2107.59 8430.36 1e+100
15 317.568 317.568 1e+100
9 309.414 309.414 1e+100
0 265.485 265.485 1e+100
1 174.343 174.343 1e+100
2 42.1261 168.504 1e+100
5 208.147 832.587 1e+100
8 174.303 348.607 1e+100
7 107.492 214.983 1e+100
3 264.04 264.04 1e+100
8 1638.44 3276.89 1e+100
13 682.978 1365.96 1e+100
4 284.409 568.817 1e+100
10 1096.77 2193.55 1e+100
9 72.2741 72.2741 1e+100
1 308.153 616.306 1e+100
12 179.254 179.254 1e+100
0 355.955 355.955 1e+100
6 388.856 388.856 1e+100
11 44.4831 88.9662 1e+100
2 212.725 425.45 1e+100
15 883.123 883.123 1e+100
4 714.022 714.022 1e+100
7 53.297 106.594 1e+100
5 146.316 292.632 1e+100
1 522.154 522.154 1e+100
14 467.083 934.166 1e+100
43
8 634.852 634.852 1e+100
10 265.837 531.674 1e+100
13 255.06 510.121 1e+100
14 1004.25 4016.99 1e+100
12 770.12 770.12 1e+100
11 980.704 3922.82 1e+100
7 314.971 314.971 1e+100
1 505.628 1011.26 1e+100
9 1986.65 1986.65 1e+100
8 1316.41 2632.82 1e+100
2 512.427 1024.85 1e+100
6 970.069 970.069 1e+100
4 1244.46 2488.92 1e+100
5 500.302 1000.6 1e+100
0 264.774 264.774 1e+100
10 150.675 150.675 1e+100
3 215.186 215.186 1e+100
10 1222.88 2445.76 1e+100
5 1074.97 4299.89 1e+100
13 400.864 801.728 1e+100
15 17.5808 17.5808 1e+100
2 1115.04 4460.17 1e+100
11 304.975 1219.9 1e+100
14 159.082 636.328 1e+100
8 152.78 305.561 1e+100
1 107.492 214.983 1e+100
9 370.82 370.82 1e+100
8 1616.92 3233.84 1e+100
4 119.981 239.961 1e+100
10 377.215 754.43 1e+100
14 1313.43 2626.86 1e+100
6 59.4566 59.4566 1e+100
5 41.5573 83.1147 1e+100
11 1273.79 1273.79 1e+100
7 537.643 1075.29 1e+100
3 135.005 135.005 1e+100
13 361.763 723.526 1e+100
12 232.075 232.075 1e+100
5 1410.8 5643.22 1e+100
2 175.016 350.031 1e+100
15 560.885 560.885 1e+100
1 465.206 930.413 1e+100
9 118.964 118.964 1e+100
38
8 634.852 634.852 1e+100
10 265.837 531.674 1e+100
13 255.06 510.121 1e+100
14 1004.25 4016.99 1e+100
12 770.12 770.12 1e+100
11 980.704 3922.82 1e+100
7 314.971 314.971 1e+100
1 505.628 1011.26 1e+100
9 1986.65 1986.65 1e+100
13 2771.98 5543.96 1e+100
2 512.427 1024.85 1e+100
6 970.069 970.069 1e+100
4 1244.46 2488.92 1e+100
5 500.302 1000.6 1e+100
0 264.774 264.774 1e+100
15 491.511 491.511 1e+100
10 153.221 153.221 1e+100
10 1410.65 2821.3 1e+100
2 6393.59 25574.4 1e+100
1 852.043 1704.09 1e+100
3 369.028 369.028 1e+100
8 77.5805 310.322 1e+100
14 1032.32 2064.65 1e+100
7 1219.6 1219.6 1e+100
12 86.0866 86.0866 1e+100
2 180.485 180.485 1e+100
5 203.185 812.739 1e+100
15 174.109 174.109 1e+100
0 273.746 273.746 1e+100
10 1078.55 2157.09 1e+100
5 1442.33 5769.32 1e+100
3 432.273 432.273 1e+100
13 43.709 43.709 1e+100
8 188.705 754.818 1e+100
1 748.005 1496.01 1e+100
0 46.9504 46.9504 1e+100
15 145.807 145.807 1e+100
4 78.6247 78.6247 1e+100
39
8 634.852 634.852 1e+100
10 265.837 531.674 1e+100
13 255.06 510.121 1e+100
14 1004.25 4016.99 1e+100
12 770.12 770.12 1e+100
11 980.704 3922.82 1e+100
7 314.971 314.971 1e+100
1 505.628 1011.26 1e+100
9 1986.65 1986.65 1e+100
8 1316.41 2632.82 1e+100
2 512.427 1024.85 1e+100
6 970.069 970.069 1e+100
4 1244.46 2488.92 1e+100
10 641.615 1283.23 1e+100
5 440.456 880.913 1e+100
0 276.193 276.193 1e+100
13 459.724 459.724 1e+100
15 595.465 595.465 1e+100
3 140.783 140.783 1e+100
2 5074.95 20299.8 1e+100
14 306.272 306.272 1e+100
5 215.504 215.504 1e+100
1 180.11 360.22 1e+100
12 131.987 131.987 1e+100
2 360.463 720.926 1e+100
7 191.355 382.711 1e+100
4 96.264 192.528 1e+100
0 236.964 236.964 1e+100
2 1310.2 5240.82 1e+100
8 109.495 437.981 1e+100
3 438.543 438.543 1e+100
9 877.183 877.183 1e+100
6 114.297 114.297 1e+100
13 317.266 634.531 1e+100
14 201.831 807.325 1e+100
15 97.0764 97.0764 1e+100
5 175.769 703.074 1e+100
4 38.2282 38.2282 1e+100
10 208.789 417.578 1e+100
38
8 634.852 634.852 1e+100
10 265.837 531.674 1e+100
13 255.06 510.121 1e+100
14 1004.25 4016.99 1e+100
12 770.12 770.12 1e+100
11 980.704 3922.82 1e+100
7 314.971 314.971 1e+100
1 505.628 1011.26 1e+100
9 1986.65 1986.65 1e+100
8 1316.41 2632.82 1e+100
2 512.427 1024.85 1e+100
6 970.069 970.069 1e+100
4 1244.46 2488.92 1e+100
5 500.302 1000.6 1e+100
0 264.774 264.774 1e+100
10 150.675 150.675 1e+100
3 215.186 215.186 1e+100
10 1222.88 2445.76 1e+100
2 6388.45 25553.8 1e+100
13 281.834 563.668 1e+100
15 17.5808 17.5808 1e+100
-1 1e+100 1e+100 1e+100
5 760.872 3043.49 1e+100
14 963.086 963.086 1e+100
15 931.12 931.12 1e+100
1 180.11 360.22 1e+100
12 131.987 131.987 1e+100
10 1019.33 2038.66 1e+100
8 191.355 382.711 1e+100
4 96.264 192.528 1e+100
6 278.859 278.859 1e+100
9 550.457 550.457 1e+100
0 141.54 141.54 1e+100
7 261.459 522.919 1e+100
13 395.284 395.284 1e+100
11 133.55 133.55 1e+100
4 33.6654 33.6654 1e+100
14 609.234 2436.94 1e+100
39
8 634.852 634.852 1e+100
10 265.837 531.674 1e+100
13 255.06 510.121 1e+100
14 1004.25 4016.99 1e+100
12 770.12 770.12 1e+100
11 980.704 3922.82 1e+100
7 314.971 314.971 1e+100
1 505.628 1011.26 1e+100
9 1986.65 1986.65 1e+100
8 1316.41 2632.82 1e+100
2 512.427 1024.85 1e+100
6 970.069 970.069 1e+100
4 1244.46 2488.92 1e+100
10 641.615 1283.23 1e+100
5 440.456 880.913 1e+100
15 370.573 370.573 1e+100
0 146.092 146.092 1e+100
13 295.818 295.818 1e+100
3 140.783 140.783 1e+100
12 806.292 806.292 1e+100
5 360.513 1442.05 1e+100
2 133.828 535.31 1e+100
15 632.694 632.694 1e+100
11 217.667 217.667 1e+100
8 362.031 1448.13 1e+100
4 112.3 112.3 1e+100
10 66.704 133.408 1e+100
13 20.5727 20.5727 1e+100
8 4106.9 16427.6 1e+100
14 477.149 1908.6 1e+100
6 151.389 151.389 1e+100
0 445.11 445.11 1e+100
3 114.297 114.297 1e+100
1 250.057 500.114 1e+100
2 1458.59 5834.36 1e+100
9 264.985 264.985 1e+100
11 120.347 481.388 1e+100
12 229.083 229.083 1e+100
7 459.77 919.54 1e+100
42
6 241.292 241.292 1e+100
13 491.976 983.951 1e+100
1 238.384 476.769 1e+100
15 1283.89 1283.89 1e+100
14 668.021 668.021 1e+100
10 290.821 581.642 1e+100
2 703.159 2812.64 1e+100
8 903.794 3615.18 1e+100
7 850.398 1700.8 1e+100
0 124.26 124.26 1e+100
5 279.272 1117.09 1e+100
3 615.383 615.383 1e+100
12 781.269 781.269 1e+100
9 525.122 525.122 1e+100
4 264.891 529.781 1e+100
1 157.78 157.78 1e+100
15 167.058 167.058 1e+100
2 79.5739 79.5739 1e+100
11 236.961 473.923 1e+100
0 84.362 84.362 1e+100
5 394.349 1577.4 1e+100
13 311.195 622.391 1e+100
10 176.11 176.11 1e+100
8 341.125 341.125 1e+100
2 474.727 474.727 1e+100
6 356.975 356.975 1e+100
3 149.984 149.984 1e+100
12 117.146 117.146 1e+100
14 120.218 120.218 1e+100
4 139.865 279.73 1e+100
13 149.522 299.043 1e+100
0 179.254 179.254 1e+100
1 317.508 317.508 1e+100
15 318.413 318.413 1e+100
5 26.4621 52.9242 1e+100
11 110.804 221.608 1e+100
8 502.241 502.241 1e+100
2 125.976 125.976 1e+100
14 120.613 241.226 1e+100
10 146.316 292.632 1e+100
7 125.04 125.04 1e+100
4 101.006 202.012 1e+100
39
6 241.292 241.292 1e+100
13 491.976 983.951 1e+100
1 238.384 476.769 1e+100
15 1283.89 1283.89 1e+100
14 668.021 668.021 1e+100
10 290.821 581.642 1e+100
2 703.159 2812.64 1e+100
8 903.794 3615.18 1e+100
7 850.398 1700.8 1e+100
0 124.26 124.26 1e+100
5 279.272 1117.09 1e+100
3 615.383 615.383 1e+100
12 781.269 781.269 1e+100
11 472.417 944.833 1e+100
1 23.7625 23.7625 1e+100
11 5742.54 22970.2 1e+100
15 317.568 317.568 1e+100
4 234.425 234.425 1e+100
3 224.649 224.649 1e+100
9 301.546 301.546 1e+100
6 532.535 532.535 1e+100
8 341.125 341.125 1e+100
12 223.39 223.39 1e+100
15 742.296 742.296 1e+100
10 149.984 149.984 1e+100
14 117.146 117.146 1e+100
3 166.207 166.207 1e+100
4 20.9241 41.8483 1e+100
1 80.8637 161.727 1e+100
6 648.478 648.478 1e+100
13 148.584 297.169 1e+100
0 625.54 625.54 1e+100
7 360.079 720.159 1e+100
9 154.864 154.864 1e+100
11 800.177 3200.71 1e+100
14 403.414 806.828 1e+100
3 577.255 577.255 1e+100
4 770.607 1541.21 1e+100
10 392.313 392.313 1e+100
28
8 1613.29 1613.29 1e+100
13 292.214 584.429 1e+100
7 282.488 564.976 1e+100
5 787.968 1575.94 1e+100
6 630.235 630.235 1e+100
10 146.251 292.501 1e+100
15 1123.12 1123.12 1e+100
2 135.548 135.548 1e+100
3 479.232 479.232 1e+100
9 1058.19 1058.19 1e+100
8 578.634 2314.54 1e+100
14 184.3 184.3 1e+100
13 210.098 420.196 1e+100
7 144.819 144.819 1e+100
15 3743.84 3743.84 1e+100
5 203.893 203.893 1e+100
2 154.032 616.13 1e+100
4 276.138 276.138 1e+100
0 189.297 189.297 1e+100
10 150.877 301.753 1e+100
11 429.572 1718.29 1e+100
15 297.154 297.154 1e+100
8 73.5063 73.5063 1e+100
14 412.33 1649.32 1e+100
10 144.755 289.51 1e+100
0 37.9259 37.9259 1e+100
4 145.807 145.807 1e+100
2 78.6247 78.6247 1e+100
32
8 1957.81 1957.81 1e+100
9 596.136 596.136 1e+100
14 580.914 580.914 1e+100
0 206.351 206.351 1e+100
1 412.849 825.698 1e+100
13 674.275 674.275 1e+100
2 298.247 596.493 1e+100
7 829.663 1659.33 1e+100
3 479.232 479.232 1e+100
0 73.7652 73.7652 1e+100
14 301.261 1205.04 1e+100
15 181.47 181.47 1e+100
1 471.718 471.718 1e+100
7 215.133 215.133 1e+100
12 649.329 649.329 1e+100
6 888.924 888.924 1e+100
9 235.468 235.468 1e+100
13 117.146 117.146 1e+100
2 120.218 120.218 1e+100
8 139.865 279.73 1e+100
10 307.532 615.065 1e+100
15 179.254 179.254 1e+100
5 207.373 207.373 1e+100
11 223.091 223.091 1e+100
8 423.527 847.054 1e+100
14 110.804 221.608 1e+100
3 883.123 883.123 1e+100
12 48.6464 48.6464 1e+100
2 120.613 241.226 1e+100
1 146.316 292.632 1e+100
4 251.206 251.206 1e+100
13 106.676 213.353 1e+100
38
8 634.852 634.852 1e+100
10 265.837 531.674 1e+100
13 255.06 510.121 1e+100
14 1004.25 4016.99 1e+100
12 770.12 770.12 1e+100
11 980.704 3922.82 1e+100
7 314.971 314.971 1e+100
1 505.628 1011.26 1e+100
9 1986.65 1986.65 1e+100
8 1316.41 2632.82 1e+100
2 512.427 1024.85 1e+100
6 970.069 970.069 1e+100
4 1244.46 2488.92 1e+100
10 342.264 342.264 1e+100
5 364.512 729.023 1e+100
13 23.4143 23.4143 1e+100
12 592.477 592.477 1e+100
0 571.952 571.952 1e+100
14 956.772 1913.54 1e+100
15 317.711 317.711 1e+100
11 956.131 3824.52 1e+100
10 554.786 1109.57 1e+100
7 1456.96 1456.96 1e+100
5 1125.95 4503.81 1e+100
2 133.828 535.31 1e+100
3 621.273 621.273 1e+100
0 482.845 482.845 1e+100
8 362.031 1448.13 1e+100
11 1098.44 1098.44 1e+100
13 649.315 1298.63 1e+100
12 79.5368 79.5368 1e+100
9 195.93 195.93 1e+100
1 442.435 442.435 1e+100
10 71.9246 143.849 1e+100
15 434.614 434.614 1e+100
2 728.985 728.985 1e+100
9 393.147 393.147 1e+100
14 63.7432 254.973 1e+100
41
8 634.852 634.852 1e+100
10 265.837 531.674 1e+100
13 255.06 510.121 1e+100
14 1004.25 4016.99 1e+100
12 770.12 770.12 1e+100
11 980.704 3922.82 1e+100
7 314.971 314.971 1e+100
1 505.628 1011.26 1e+100
9 1986.65 1986.65 1e+100
8 1316.41 2632.82 1e+100
2 512.427 1024.85 1e+100
6 970.069 970.069 1e+100
4 1244.46 2488.92 1e+100
10 641.615 1283.23 1e+100
5 3668.56 7337.11 1e+100
1 4795.77 4795.77 1e+100
0 146.092 146.092 1e+100
15 595.465 595.465 1e+100
5 252.661 252.661 1e+100
11 24.9088 99.6351 1e+100
14 319.102 1276.41 1e+100
8 152.78 305.561 1e+100
13 613.388 1226.78 1e+100
9 370.82 370.82 1e+100
7 148.102 296.204 1e+100
4 119.981 239.961 1e+100
1 474.883 949.766 1e+100
2 136.947 273.894 1e+100
0 114.695 114.695 1e+100
10 293.275 586.55 1e+100
12 179.254 179.254 1e+100
6 355.955 355.955 1e+100
15 773.349 773.349 1e+100
13 611.039 1222.08 1e+100
11 197.922 395.845 1e+100
7 695.582 695.582 1e+100
12 901.029 901.029 1e+100
10 754.481 1508.96 1e+100
14 146.316 292.632 1e+100
3 147.995 147.995 1e+100
8 522.896 1045.79 1e+100
32
8 1957.81 1957.81 1e+100
9 596.136 596.136 1e+100
14 580.914 580.914 1e+100
0 206.351 206.351 1e+100
1 412.849 825.698 1e+100
13 674.275 674.275 1e+100
2 298.247 596.493 1e+100
7 829.663 1659.33 1e+100
3 479.232 479.232 1e+100
0 376.3 376.3 1e+100
14 301.261 1205.04 1e+100
15 181.47 181.47 1e+100
1 269.203 269.203 1e+100
5 327.903 1311.61 1e+100
2 262.277 1049.11 1e+100
3 51.026 51.026 1e+100
9 217.667 217.667 1e+100
8 362.031 1448.13 1e+100
15 358.686 358.686 1e+100
13 192.193 384.386 1e+100
0 129.858 129.858 1e+100
11 456.808 1827.23 1e+100
14 489.126 1956.5 1e+100
7 511.915 511.915 1e+100
12 445.11 445.11 1e+100
4 217.397 217.397 1e+100
1 111.574 223.147 1e+100
5 627.312 2509.25 1e+100
6 453.065 453.065 1e+100
2 371.32 1485.28 1e+100
3 130.201 130.201 1e+100
10 316.391 632.781 1e+100
39
8 634.852 634.852 1e+100
10 265.837 531.674 1e+100
13 255.06 510.121 1e+100
14 1004.25 4016.99 1e+100
12 770.12 770.12 1e+100
11 980.704 3922.82 1e+100
7 314.971 314.971 1e+100
1 505.628 1011.26 1e+100
9 1986.65 1986.65 1e+100
8 1316.41 2632.82 1e+100
2 512.427 1024.85 1e+100
6 970.069 970.069 1e+100
4 1244.46 2488.92 1e+100
10 179.338 358.676 1e+100
15 707.755 707.755 1e+100
5 519.48 2077.92 1e+100
12 742.987 742.987 1e+100
3 128.952 128.952 1e+100
14 521.347 521.347 1e+100
0 576.193 576.193 1e+100
6 651.664 651.664 1e+100
8 407.445 407.445 1e+100
13 223.39 223.39 1e+100
7 429.288 429.288 1e+100
2 149.984 149.984 1e+100
11 266.351 266.351 1e+100
5 105.868 105.868 1e+100
10 153.033 306.067 1e+100
4 43.598 87.196 1e+100
9 365.732 365.732 1e+100
1 360.445 720.891 1e+100
3 135.005 135.005 1e+100
14 94.7677 189.535 1e+100
0 154.864 154.864 1e+100
5 1101.98 4407.93 1e+100
10 549.533 1099.07 1e+100
6 267.922 267.922 1e+100
13 204.844 409.687 1e+100
7 149.572 149.572 1e+100
34
8 1613.29 1613.29 1e+100
13 292.214 584.429 1e+100
7 282.488 564.976 1e+100
5 787.968 1575.94 1e+100
6 630.235 630.235 1e+100
10 146.251 292.501 1e+100
15 1123.12 1123.12 1e+100
2 135.548 135.548 1e+100
3 479.232 479.232 1e+100
9 1058.19 1058.19 1e+100
8 578.634 2314.54 1e+100
14 184.3 184.3 1e+100
13 210.098 420.196 1e+100
7 144.819 144.819 1e+100
7 1795.16 1795.16 1e+100
5 203.893 203.893 1e+100
2 154.032 616.13 1e+100
4 276.138 276.138 1e+100
0 189.297 189.297 1e+100
10 150.877 301.753 1e+100
11 429.572 1718.29 1e+100
15 297.154 297.154 1e+100
2 447.54 895.081 1e+100
6 467.414 467.414 1e+100
3 355.955 355.955 1e+100
12 632.499 632.499 1e+100
5 201.287 402.574 1e+100
14 82.8718 165.744 1e+100
8 396.776 396.776 1e+100
1 206.487 206.487 1e+100
4 53.297 106.594 1e+100
13 146.316 292.632 1e+100
0 125.04 125.04 1e+100
10 101.006 202.012 1e+100
43
8 634.852 634.852 1e+100
10 265.837 531.674 1e+100
13 255.06 510.121 1e+100
14 1004.25 4016.99 1e+100
12 770.12 770.12 1e+100
11 980.704 3922.82 1e+100
7 314.971 314.971 1e+100
1 505.628 1011.26 1e+100
9 1986.65 1986.65 1e+100
8 1316.41 2632.82 1e+100
2 512.427 1024.85 1e+100
6 970.069 970.069 1e+100
4 1244.46 2488.92 1e+100
10 342.264 342.264 1e+100
5 364.512 729.023 1e+100
13 218.634 218.634 1e+100
7 1588.82 1588.82 1e+100
0 571.952 571.952 1e+100
14 956.772 1913.54 1e+100
15 317.711 317.711 1e+100
11 956.131 3824.52 1e+100
2 1577.73 3155.46 1e+100
1 124.719 249.438 1e+100
3 1439.17 1439.17 1e+100
12 86.0866 86.0866 1e+100
10 147.704 147.704 1e+100
5 705.306 2821.23 1e+100
6 1088.97 1088.97 1e+100
13 1762.79 1762.79 1e+100
4 1559.61 3119.23 1e+100
8 1752.74 7010.95 1e+100
10 1482.93 1482.93 1e+100
5 1183.23 4732.91 1e+100
14 632.861 2531.44 1e+100
9 623.999 623.999 1e+100
15 68.1358 68.1358 1e+100
0 130.174 130.174 1e+100
1 299.939 599.878 1e+100
11 541.951 2167.8 1e+100
12 207.018 207.018 1e+100
2 384.67 1538.68 1e+100
3 207.099 207.099 1e+100
7 278.708 557.416 1e+100
33
8 1957.81 1957.81 1e+100
9 596.136 596.136 1e+100
14 580.914 580.914 1e+100
0 206.351 206.351 1e+100
1 412.849 825.698 1e+100
13 674.275 674.275 1e+100
2 298.247 596.493 1e+100
7 829.663 1659.33 1e+100
4 381.669 381.669 1e+100
10 168.496 336.992 1e+100
9 63.4866 63.4866 1e+100
14 42.8773 42.8773 1e+100
12 763.572 763.572 1e+100
11 236.961 473.923 1e+100
15 317.711 317.711 1e+100
5 467.178 1868.71 1e+100
4 594.191 1188.38 1e+100
2 186.117 744.466 1e+100
8 936.875 3747.5 1e+100
1 251.655 503.31 1e+100
10 357.316 714.633 1e+100
0 667.421 667.421 1e+100
7 1150.85 2301.7 1e+100
14 503.285 1006.57 1e+100
4 248.098 496.196 1e+100
11 275.367 550.733 1e+100
12 133.387 133.387 1e+100
6 272 272 1e+100
5 94.6877 378.751 1e+100
13 311.345 622.69 1e+100
9 191.627 191.627 1e+100
3 171.162 171.162 1e+100
15 78.6247 78.6247 1e+100
33
8 1957.81 1957.81 1e+100
9 596.136 596.136 1e+100
14 580.914 580.914 1e+100
0 206.351 206.351 1e+100
1 412.849 825.698 1e+100
13 674.275 674.275 1e+100
2 298.247 596.493 1e+100
7 829.663 1659.33 1e+100
13 2239.3 2239.3 1e+100
0 219.273 219.273 1e+100
14 301.261 1205.04 1e+100
15 181.47 181.47 1e+100
2 369.081 1476.32 1e+100
6 931.894 931.894 1e+100
9 78.7382 78.7382 1e+100
1 320.973 641.947 1e+100
7 131.987 131.987 1e+100
10 163.248 326.497 1e+100
14 613.038 1226.08 1e+100
8 364.405 728.81 1e+100
15 357.215 357.215 1e+100
4 412.238 824.476 1e+100
12 664.946 664.946 1e+100
5 207.373 207.373 1e+100
11 223.091 223.091 1e+100
13 26.4621 52.9242 1e+100
2 519.093 1038.19 1e+100
0 883.123 883.123 1e+100
9 213.277 213.277 1e+100
10 228.502 457.005 1e+100
7 695.28 1390.56 1e+100
3 147.995 147.995 1e+100
1 481.62 963.24 1e+100
41
8 1612.17 1612.17 1e+100
4 421.611 843.222 1e+100
11 570.009 2280.04 1e+100
2 629.762 2519.05 1e+100
14 289.241 289.241 1e+100
12 40.5138 40.5138 1e+100
1 215.929 431.858 1e+100
0 710.982 710.982 1e+100
13 39.193 78.386 1e+100
15 237.856 237.856 1e+100
5 500.302 1000.6 1e+100
4 308.684 308.684 1e+100
3 203.955 203.955 1e+100
1 717.961 717.961 1e+100
10 284.797 569.594 1e+100
11 186.876 747.506 1e+100
13 388.71 777.421 1e+100
9 486.979 486.979 1e+100
8 175.643 702.573 1e+100
14 134.608 538.43 1e+100
2 254.444 1017.78 1e+100
7 174.303 348.607 1e+100
4 40.6809 81.3617 1e+100
6 565.149 565.149 1e+100
7 1638.44 3276.89 1e+100
8 317.61 635.221 1e+100
1 285.34 570.681 1e+100
10 796.364 1592.73 1e+100
0 157.034 157.034 1e+100
11 214.869 429.739 1e+100
15 230.53 230.53 1e+100
9 56.2088 56.2088 1e+100
5 267.981 267.981 1e+100
13 26.4621 52.9242 1e+100
14 296.728 593.456 1e+100
3 883.123 883.123 1e+100
1 714.954 714.954 1e+100
4 53.297 106.594 1e+100
2 146.316 292.632 1e+100
11 428.871 428.871 1e+100
13 669.752 1339.5 1e+100
29
8 1957.81 1957.81 1e+100
9 596.136 596.136 1e+100
14 580.914 580.914 1e+100
0 206.351 206.351 1e+100
1 412.849 825.698 1e+100
13 674.275 674.275 1e+100
2 298.247 596.493 1e+100
7 829.663 1659.33 1e+100
10 398.672 797.345 1e+100
9 158.142 158.142 1e+100
11 478.575 1914.3 1e+100
0 881.236 881.236 1e+100
4 234.425 234.425 1e+100
15 396.508 396.508 1e+100
3 159.238 159.238 1e+100
5 814.11 814.11 1e+100
7 215.133 215.133 1e+100
1 223.39 223.39 1e+100
9 607.961 607.961 1e+100
2 219.243 219.243 1e+100
13 117.146 117.146 1e+100
14 105.868 105.868 1e+100
8 139.865 279.73 1e+100
7 264.658 264.658 1e+100
5 449.519 1798.07 1e+100
4 163.775 327.55 1e+100
14 189.029 189.029 1e+100
11 145.807 145.807 1e+100
1 78.6247 78.6247 1e+100
33
8 1612.17 1612.17 1e+100
4 421.611 843.222 1e+100
11 570.009 2280.04 1e+100
2 629.762 2519.05 1e+100
14 289.241 289.241 1e+100
12 40.5138 40.5138 1e+100
1 215.929 431.858 1e+100
0 710.982 710.982 1e+100
13 39.193 78.386 1e+100
15 237.856 237.856 1e+100
13 232.507 465.014 1e+100
1 29.0673 29.0673 1e+100
14 387.534 1550.13 1e+100
8 509.56 509.56 1e+100
10 106.566 106.566 1e+100
4 180.242 180.242 1e+100
9 301.546 301.546 1e+100
11 301.969 1207.88 1e+100
5 377.796 1511.18 1e+100
7 174.303 348.607 1e+100
2 249.314 498.628 1e+100
6 565.149 565.149 1e+100
1 886.673 1773.35 1e+100
8 358.528 717.057 1e+100
10 284.409 568.817 1e+100
13 137.599 275.198 1e+100
12 157.034 157.034 1e+100
7 432.51 432.51 1e+100
5 799.036 3196.14 1e+100
14 163.775 327.55 1e+100
15 78.8961 78.8961 1e+100
9 145.807 145.807 1e+100
2 76.4191 76.4191 1e+100
34
8 1613.29 1613.29 1e+100
13 292.214 584.429 1e+100
7 282.488 564.976 1e+100
5 787.968 1575.94 1e+100
6 630.235 630.235 1e+100
10 146.251 292.501 1e+100
15 1123.12 1123.12 1e+100
2 135.548 135.548 1e+100
1 560.142 1120.28 1e+100
4 353.653 707.306 1e+100
3 170.988 170.988 1e+100
0 146.092 146.092 1e+100
13 106.412 106.412 1e+100
9 285.804 285.804 1e+100
14 349.629 349.629 1e+100
8 283.255 283.255 1e+100
10 223.39 223.39 1e+100
15 92.741 92.741 1e+100
1 325.909 325.909 1e+100
12 629.076 629.076 1e+100
0 105.868 105.868 1e+100
5 139.865 279.73 1e+100
2 149.522 299.043 1e+100
13 2546.34 2546.34 1e+100
9 56.2088 56.2088 1e+100
11 223.091 223.091 1e+100
13 26.4621 52.9242 1e+100
14 110.804 221.608 1e+100
15 838.272 838.272 1e+100
0 135.965 135.965 1e+100
10 313.572 627.144 1e+100
8 240.961 481.922 1e+100
3 125.04 125.04 1e+100
5 101.006 202.012 1e+100
37
8 1612.17 1612.17 1e+100
4 421.611 843.222 1e+100
11 570.009 2280.04 1e+100
2 629.762 2519.05 1e+100
14 289.241 289.241 1e+100
12 40.5138 40.5138 1e+100
1 215.929 431.858 1e+100
0 710.982 710.982 1e+100
13 39.193 78.386 1e+100
15 237.856 237.856 1e+100
10 909.866 1819.73 1e+100
5 440.456 880.913 1e+100
3 170.988 170.988 1e+100
4 144.154 144.154 1e+100
11 212.526 212.526 1e+100
9 285.804 285.804 1e+100
14 157.793 631.173 1e+100
13 1467.26 1467.26 1e+100
5 215.504 215.504 1e+100
2 180.11 360.22 1e+100
0 131.987 131.987 1e+100
1 294.258 588.516 1e+100
7 191.355 382.711 1e+100
11 725.901 1451.8 1e+100
3 278.859 278.859 1e+100
8 560.112 1120.22 1e+100
15 179.254 179.254 1e+100
9 56.2088 56.2088 1e+100
4 267.981 267.981 1e+100
5 26.4621 52.9242 1e+100
14 475.7 951.4 1e+100
0 878.537 878.537 1e+100
12 388.31 388.31 1e+100
1 313.572 627.144 1e+100
13 388.405 776.809 1e+100
9 749.344 749.344 1e+100
2 341.016 682.032 1e+100
31
8 1613.29 1613.29 1e+100
13 292.214 584.429 1e+100
7 282.488 564.976 1e+100
5 787.968 1575.94 1e+100
6 630.235 630.235 1e+100
10 146.251 292.501 1e+100
15 1123.12 1123.12 1e+100
2 135.548 135.548 1e+100
14 800.626 1601.25 1e+100
9 928.292 928.292 1e+100
4 401.929 401.929 1e+100
3 215.186 215.186 1e+100
10 301.503 603.007 1e+100
11 338.613 1354.45 1e+100
1 532.641 1065.28 1e+100
12 223.83 223.83 1e+100
8 79.4055 317.622 1e+100
5 572.529 572.529 1e+100
6 609.446 609.446 1e+100
0 494.121 494.121 1e+100
15 92.741 92.741 1e+100
13 235.468 235.468 1e+100
9 89.2162 89.2162 1e+100
11 105.868 105.868 1e+100
14 153.033 306.067 1e+100
7 340.423 340.423 1e+100
8 149.973 599.89 1e+100
10 163.775 327.55 1e+100
1 78.8961 78.8961 1e+100
2 296.549 296.549 1e+100
0 78.6247 78.6247 1e+100
37
8 634.852 634.852 1e+100
10 265.837 531.674 1e+100
13 255.06 510.121 1e+100
14 1004.25 4016.99 1e+100
12 770.12 770.12 1e+100
11 980.704 3922.82 1e+100
7 314.971 314.971 1e+100
1 505.628 1011.26 1e+100
9 1986.65 1986.65 1e+100
8 1316.41 2632.82 1e+100
2 512.427 1024.85 1e+100
6 970.069 970.069 1e+100
4 1244.46 2488.92 1e+100
0 114.359 114.359 1e+100
13 183.792 183.792 1e+100
14 1164.55 4658.21 1e+100
15 181.47 181.47 1e+100
6 651.664 651.664 1e+100
7 14.57 14.57 1e+100
0 388.329 388.329 1e+100
9 803.257 803.257 1e+100
12 149.984 149.984 1e+100
1 266.351 266.351 1e+100
15 203.14 203.14 1e+100
2 139.865 279.73 1e+100
10 149.522 299.043 1e+100
0 574.446 574.446 1e+100
5 207.373 207.373 1e+100
11 223.091 223.091 1e+100
4 26.4621 52.9242 1e+100
7 237.392 474.785 1e+100
8 1232.38 1232.38 1e+100
15 224.809 224.809 1e+100
2 374.803 749.606 1e+100
14 421.73 843.46 1e+100
3 147.995 147.995 1e+100
1 238.531 477.061 1e+100
35
6 241.292 241.292 1e+100
13 491.976 983.951 1e+100
1 238.384 476.769 1e+100
15 1283.89 1283.89 1e+100
14 668.021 668.021 1e+100
10 290.821 581.642 1e+100
2 703.159 2812.64 1e+100
8 903.794 3615.18 1e+100
7 850.398 1700.8 1e+100
0 124.26 124.26 1e+100
5 279.272 1117.09 1e+100
3 615.383 615.383 1e+100
12 781.269 781.269 1e+100
2 702.52 1405.04 1e+100
13 155.305 310.609 1e+100
4 342.522 342.522 1e+100
0 235.253 235.253 1e+100
1 169.996 169.996 1e+100
9 285.804 285.804 1e+100
14 640.672 2562.69 1e+100
6 89.8177 89.8177 1e+100
3 170.653 170.653 1e+100
10 180.11 360.22 1e+100
15 131.987 131.987 1e+100
11 482.534 965.069 1e+100
7 619.796 1239.59 1e+100
10 2000.8 4001.6 1e+100
0 16.5216 16.5216 1e+100
8 814.572 814.572 1e+100
12 141.54 141.54 1e+100
2 186.351 372.702 1e+100
3 394.454 394.454 1e+100
15 172.647 172.647 1e+100
13 98.1922 98.1922 1e+100
14 165.473 661.894 1e+100
35
8 1613.29 1613.29 1e+100
13 292.214 584.429 1e+100
7 282.488 564.976 1e+100
5 787.968 1575.94 1e+100
6 630.235 630.235 1e+100
10 146.251 292.501 1e+100
15 1123.12 1123.12 1e+100
2 135.548 135.548 1e+100
1 560.142 1120.28 1e+100
4 5020.23 10040.5 1e+100
3 170.988 170.988 1e+100
12 342.611 342.611 1e+100
10 851.734 851.734 1e+100
2 172.621 172.621 1e+100
14 4019.86 16079.5 1e+100
8 739.679 2958.72 1e+100
7 174.303 348.607 1e+100
13 393.68 787.36 1e+100
15 36.6274 36.6274 1e+100
7 1638.44 3276.89 1e+100
10 1200.52 2401.04 1e+100
4 284.409 568.817 1e+100
1 946.191 1892.38 1e+100
12 7.43765 7.43765 1e+100
14 502.265 1004.53 1e+100
6 1091.45 1091.45 1e+100
5 2257.89 4515.77 1e+100
3 406.474 406.474 1e+100
8 1540.79 3081.59 1e+100
9 211.376 211.376 1e+100
5 486.371 1945.48 1e+100
13 88.11 176.22 1e+100
0 903.985 903.985 1e+100
11 543.729 1087.46 1e+100
15 353.061 353.061 1e+100
31
8 1613.29 1613.29 1e+100
13 292.214 584.429 1e+100
7 282.488 564.976 1e+100
5 787.968 1575.94 1e+100
6 630.235 630.235 1e+100
10 146.251 292.501 1e+100
15 1123.12 1123.12 1e+100
2 135.548 135.548 1e+100
3 479.232 479.232 1e+100
13 84.0569 84.0569 1e+100
8 578.634 2314.54 1e+100
14 184.3 184.3 1e+100
11 623.235 623.235 1e+100
6 341.125 341.125 1e+100
12 649.329 649.329 1e+100
15 92.741 92.741 1e+100
3 65.7266 65.7266 1e+100
10 189.627 189.627 1e+100
5 105.868 105.868 1e+100
1 153.033 306.067 1e+100
14 191.966 383.933 1e+100
11 739.178 739.178 1e+100
2 352.101 704.201 1e+100
4 232.672 232.672 1e+100
13 559.835 1119.67 1e+100
9 211.376 211.376 1e+100
5 1101.98 4407.93 1e+100
10 475.895 951.791 1e+100
8 440.202 440.202 1e+100
7 361.52 723.039 1e+100
15 273.131 273.131 1e+100
31
8 1612.17 1612.17 1e+100
4 421.611 843.222 1e+100
11 570.009 2280.04 1e+100
2 629.762 2519.05 1e+100
14 289.241 289.241 1e+100
12 40.5138 40.5138 1e+100
1 215.929 431.858 1e+100
0 710.982 710.982 1e+100
13 39.193 78.386 1e+100
15 237.856 237.856 1e+100
9 749.912 749.912 1e+100
4 200.848 200.848 1e+100
8 616.32 2465.28 1e+100
15 146.78 146.78 1e+100
2 157.007 628.029 1e+100
5 377.796 1511.18 1e+100
7 174.303 348.607 1e+100
13 107.492 214.983 1e+100
12 667.421 667.421 1e+100
8 1180.94 2361.87 1e+100
4 597.862 1195.72 1e+100
10 154.774 309.548 1e+100
1 1250.65 2501.31 1e+100
9 114.695 114.695 1e+100
7 758.647 758.647 1e+100
14 141.54 141.54 1e+100
11 261.459 522.919 1e+100
0 391.137 391.137 1e+100
6 133.55 133.55 1e+100
12 243.041 243.041 1e+100
2 165.473 661.894 1e+100
41
8 634.852 634.852 1e+100
10 265.837 531.674 1e+100
13 255.06 510.121 1e+100
14 1004.25 4016.99 1e+100
12 770.12 770.12 1e+100
11 980.704 3922.82 1e+100
7 314.971 314.971 1e+100
1 505.628 1011.26 1e+100
9 1986.65 1986.65 1e+100
8 1316.41 2632.82 1e+100
2 512.427 1024.85 1e+100
6 970.069 970.069 1e+100
4 1244.46 2488.92 1e+100
10 72.0388 144.078 1e+100
13 473.783 473.783 1e+100
5 519.48 2077.92 1e+100
12 742.987 742.987 1e+100
3 128.952 128.952 1e+100
15 396.508 396.508 1e+100
0 576.193 576.193 1e+100
11 95.5055 382.022 1e+100
7 1059.45 1059.45 1e+100
14 500.397 500.397 1e+100
1 180.11 360.22 1e+100
9 1014.38 1014.38 1e+100
10 172.492 344.984 1e+100
8 191.355 382.711 1e+100
4 96.264 192.528 1e+100
6 278.859 278.859 1e+100
2 149.522 299.043 1e+100
15 268.509 268.509 1e+100
3 355.955 355.955 1e+100
0 223.091 223.091 1e+100
5 26.4621 52.9242 1e+100
11 475.7 951.4 1e+100
12 883.123 883.123 1e+100
10 45.8159 45.8159 1e+100
14 53.297 106.594 1e+100
7 31.2545 62.509 1e+100
2 363.523 363.523 1e+100
1 341.016 682.032 1e+100
42
6 241.292 241.292 1e+100
13 491.976 983.951 1e+100
1 238.384 476.769 1e+100
15 1283.89 1283.89 1e+100
14 668.021 668.021 1e+100
10 290.821 581.642 1e+100
2 703.159 2812.64 1e+100
8 903.794 3615.18 1e+100
7 850.398 1700.8 1e+100
0 124.26 124.26 1e+100
5 279.272 1117.09 1e+100
3 615.383 615.383 1e+100
12 781.269 781.269 1e+100
9 525.122 525.122 1e+100
4 264.891 529.781 1e+100
1 157.78 157.78 1e+100
15 167.058 167.058 1e+100
2 79.5739 79.5739 1e+100
11 236.961 473.923 1e+100
0 84.362 84.362 1e+100
5 394.349 1577.4 1e+100
13 311.195 622.391 1e+100
10 176.11 176.11 1e+100
8 341.125 341.125 1e+100
2 474.727 474.727 1e+100
6 356.975 356.975 1e+100
3 149.984 149.984 1e+100
12 117.146 117.146 1e+100
14 120.218 120.218 1e+100
4 139.865 279.73 1e+100
13 149.522 299.043 1e+100
0 179.254 179.254 1e+100
1 317.508 317.508 1e+100
15 318.413 318.413 1e+100
5 26.4621 52.9242 1e+100
11 110.804 221.608 1e+100
8 502.241 502.241 1e+100
2 125.976 125.976 1e+100
14 120.613 241.226 1e+100
10 146.316 292.632 1e+100
7 125.04 125.04 1e+100
4 101.006 202.012 1e+100
27
8 1957.81 1957.81 1e+100
9 596.136 596.136 1e+100
14 580.914 580.914 1e+100
0 206.351 206.351 1e+100
1 412.849 825.698 1e+100
13 674.275 674.275 1e+100
2 298.247 596.493 1e+100
7 829.663 1659.33 1e+100
10 6233.65 6233.65 1e+100
0 73.7652 73.7652 1e+100
14 301.261 1205.04 1e+100
15 181.47 181.47 1e+100
1 269.203 269.203 1e+100
5 327.903 1311.61 1e+100
8 220.083 880.332 1e+100
3 621.273 621.273 1e+100
9 372.463 372.463 1e+100
14 691.725 2766.9 1e+100
15 358.686 358.686 1e+100
13 192.193 384.386 1e+100
0 79.5368 79.5368 1e+100
6 272 272 1e+100
11 518.277 2073.11 1e+100
5 158.727 317.454 1e+100
1 78.8961 78.8961 1e+100
10 260.791 260.791 1e+100
9 78.6247 78.6247 1e+100
32
8 1613.29 1613.29 1e+100
13 292.214 584.429 1e+100
7 282.488 564.976 1e+100
5 787.968 1575.94 1e+100
6 630.235 630.235 1e+100
10 146.251 292.501 1e+100
15 1123.12 1123.12 1e+100
2 135.548 135.548 1e+100
3 479.232 479.232 1e+100
13 84.0569 84.0569 1e+100
8 578.634 2314.54 1e+100
14 184.3 184.3 1e+100
4 809.1 809.1 1e+100
6 341.125 341.125 1e+100
0 494.121 494.121 1e+100
15 92.741 92.741 1e+100
3 65.7266 65.7266 1e+100
7 117.146 117.146 1e+100
5 105.868 105.868 1e+100
1 153.033 306.067 1e+100
2 149.522 299.043 1e+100
0 680.238 680.238 1e+100
11 56.2088 56.2088 1e+100
10 351.99 351.99 1e+100
5 148.832 297.665 1e+100
13 110.804 221.608 1e+100
6 502.241 502.241 1e+100
12 330.381 330.381 1e+100
1 387.919 775.837 1e+100
4 146.316 292.632 1e+100
9 314.613 314.613 1e+100
8 52.6272 105.254 1e+100
37
8 1957.81 1957.81 1e+100
9 596.136 596.136 1e+100
14 580.914 580.914 1e+100
0 206.351 206.351 1e+100
1 412.849 825.698 1e+100
13 674.275 674.275 1e+100
2 298.247 596.493 1e+100
7 829.663 1659.33 1e+100
10 301.27 602.54 1e+100
9 501.43 501.43 1e+100
12 302.968 302.968 1e+100
3 215.186 215.186 1e+100
4 388.851 777.701 1e+100
11 338.613 1354.45 1e+100
8 1867.34 3734.68 1e+100
15 17.5808 17.5808 1e+100
14 77.5805 310.322 1e+100
2 246.305 985.222 1e+100
1 1436.14 1436.14 1e+100
10 78.7382 78.7382 1e+100
13 180.11 360.22 1e+100
0 1078.77 1078.77 1e+100
4 294.039 588.079 1e+100
7 619.796 1239.59 1e+100
14 378.974 757.948 1e+100
12 278.859 278.859 1e+100
11 89.9771 179.954 1e+100
6 986.44 986.44 1e+100
5 479.408 958.815 1e+100
3 135.005 135.005 1e+100
10 161.417 322.835 1e+100
15 393.893 393.893 1e+100
2 403.916 1615.66 1e+100
11 618.914 1237.83 1e+100
1 745.867 745.867 1e+100
4 139.243 278.485 1e+100
7 270.823 270.823 1e+100
37
8 1612.17 1612.17 1e+100
4 421.611 843.222 1e+100
11 570.009 2280.04 1e+100
2 629.762 2519.05 1e+100
14 289.241 289.241 1e+100
12 40.5138 40.5138 1e+100
1 215.929 431.858 1e+100
0 710.982 710.982 1e+100
13 39.193 78.386 1e+100
15 237.856 237.856 1e+100
10 909.866 1819.73 1e+100
5 440.456 880.913 1e+100
3 170.988 170.988 1e+100
14 144.154 144.154 1e+100
12 169.996 169.996 1e+100
15 653.643 653.643 1e+100
2 210.098 420.196 1e+100
7 1034.44 1034.44 1e+100
8 169.256 169.256 1e+100
10 3471.15 3471.15 1e+100
11 154.032 616.13 1e+100
9 325.681 325.681 1e+100
3 443.724 443.724 1e+100
4 150.877 301.753 1e+100
5 116.613 466.451 1e+100
0 231.242 231.242 1e+100
10 511.839 1023.68 1e+100
8 918.461 918.461 1e+100
4 460.77 921.539 1e+100
15 391.448 391.448 1e+100
1 252.695 505.391 1e+100
9 644.201 644.201 1e+100
11 328.578 1314.31 1e+100
2 224.696 449.392 1e+100
14 267.922 267.922 1e+100
5 501.315 1002.63 1e+100
7 85.852 85.852 1e+100
31
8 1612.17 1612.17 1e+100
4 421.611 843.222 1e+100
11 570.009 2280.04 1e+100
2 629.762 2519.05 1e+100
14 289.241 289.241 1e+100
12 40.5138 40.5138 1e+100
1 215.929 431.858 1e+100
0 710.982 710.982 1e+100
13 39.193 78.386 1e+100
15 237.856 237.856 1e+100
10 909.866 1819.73 1e+100
5 440.456 880.913 1e+100
3 170.988 170.988 1e+100
13 357.502 357.502 1e+100
12 338.74 338.74 1e+100
9 285.804 285.804 1e+100
0 362.52 362.52 1e+100
5 360.513 1442.05 1e+100
2 133.828 535.31 1e+100
4 176.495 176.495 1e+100
14 372.463 372.463 1e+100
8 362.031 1448.13 1e+100
13 140.993 140.993 1e+100
1 151.706 303.411 1e+100
12 47.028 47.028 1e+100
6 272 272 1e+100
11 605.607 2422.43 1e+100
5 158.727 317.454 1e+100
10 78.8961 78.8961 1e+100
9 145.807 145.807 1e+100
14 78.6247 78.6247 1e+100
37
8 1612.17 1612.17 1e+100
4 421.611 843.222 1e+100
11 570.009 2280.04 1e+100
2 629.762 2519.05 1e+100
14 289.241 289.241 1e+100
12 40.5138 40.5138 1e+100
1 215.929 431.858 1e+100
0 710.982 710.982 1e+100
13 39.193 78.386 1e+100
15 237.856 237.856 1e+100
10 909.866 1819.73 1e+100
5 440.456 880.913 1e+100
3 170.988 170.988 1e+100
4 244.034 244.034 1e+100
12 338.74 338.74 1e+100
9 285.804 285.804 1e+100
0 362.52 362.52 1e+100
11 286.488 1145.95 1e+100
2 133.828 535.31 1e+100
15 272.264 272.264 1e+100
8 398.379 398.379 1e+100
5 914.9 3659.6 1e+100
3 168.965 168.965 1e+100
14 100.895 201.79 1e+100
12 47.028 47.028 1e+100
13 149.522 299.043 1e+100
15 1184.5 1184.5 1e+100
4 355.955 355.955 1e+100
9 223.091 223.091 1e+100
1 332.026 664.053 1e+100
2 876.466 1752.93 1e+100
6 883.123 883.123 1e+100
0 145.064 145.064 1e+100
8 106.97 213.94 1e+100
11 572.771 1145.54 1e+100
13 363.523 363.523 1e+100
10 154.832 309.664 1e+100
38
8 1612.17 1612.17 1e+100
4 421.611 843.222 1e+100
11 570.009 2280.04 1e+100
2 629.762 2519.05 1e+100
14 289.241 289.241 1e+100
12 40.5138 40.5138 1e+100
1 215.929 431.858 1e+100
0 710.982 710.982 1e+100
13 39.193 78.386 1e+100
15 237.856 237.856 1e+100
1 379.385 758.771 1e+100
9 3168.53 3168.53 1e+100
14 4766.46 19065.9 1e+100
7 976.876 976.876 1e+100
9 309.414 309.414 1e+100
14 180.242 180.242 1e+100
10 125.627 125.627 1e+100
2 449.45 898.899 1e+100
13 642.231 642.231 1e+100
12 165.439 165.439 1e+100
15 82.1195 82.1195 1e+100
5 493.315 1973.26 1e+100
3 174.109 174.109 1e+100
4 314.141 314.141 1e+100
1 396.294 792.588 1e+100
11 304.57 1218.28 1e+100
0 166.282 166.282 1e+100
14 329.108 658.217 1e+100
12 914.692 914.692 1e+100
10 479.408 958.815 1e+100
15 1445.76 1445.76 1e+100
7 569.284 1138.57 1e+100
3 492.629 492.629 1e+100
5 257.684 1030.74 1e+100
4 160.337 320.674 1e+100
13 225.29 225.29 1e+100
1 146.803 293.606 1e+100
2 82.4071 82.4071 1e+100
36
8 1612.17 1612.17 1e+100
4 421.611 843.222 1e+100
11 570.009 2280.04 1e+100
2 629.762 2519.05 1e+100
14 289.241 289.241 1e+100
12 40.5138 40.5138 1e+100
1 215.929 431.858 1e+100
0 710.982 710.982 1e+100
13 39.193 78.386 1e+100
15 237.856 237.856 1e+100
10 909.866 1819.73 1e+100
5 440.456 880.913 1e+100
3 170.988 170.988 1e+100
13 472.98 472.98 1e+100
1 169.996 169.996 1e+100
9 285.804 285.804 1e+100
4 397.329 397.329 1e+100
14 477.367 1909.47 1e+100
2 133.828 535.31 1e+100
15 272.264 272.264 1e+100
0 646.188 646.188 1e+100
8 1074.31 4297.22 1e+100
3 168.965 168.965 1e+100
10 203.73 407.459 1e+100
12 79.5368 79.5368 1e+100
11 157.19 628.76 1e+100
2 1543.84 6175.34 1e+100
1 750.792 750.792 1e+100
13 504.774 504.774 1e+100
9 114.297 114.297 1e+100
4 239.555 479.11 1e+100
5 645.02 2580.08 1e+100
7 264.985 264.985 1e+100
14 145.851 583.402 1e+100
15 335.774 335.774 1e+100
11 530.624 1061.25 1e+100
43
8 634.852 634.852 1e+100
10 265.837 531.674 1e+100
13 255.06 510.121 1e+100
14 1004.25 4016.99 1e+100
12 770.12 770.12 1e+100
11 980.704 3922.82 1e+100
7 314.971 314.971 1e+100
1 505.628 1011.26 1e+100
9 1986.65 1986.65 1e+100
8 1316.41 2632.82 1e+100
2 512.427 1024.85 1e+100
6 970.069 970.069 1e+100
4 1244.46 2488.92 1e+100
5 500.302 1000.6 1e+100
0 264.774 264.774 1e+100
10 150.675 150.675 1e+100
3 215.186 215.186 1e+100
10 1222.88 2445.76 1e+100
5 1074.97 4299.89 1e+100
13 281.834 563.668 1e+100
15 17.5808 17.5808 1e+100
2 2688.02 10752.1 1e+100
2 210.408 841.63 1e+100
12 701.053 701.053 1e+100
3 284.391 284.391 1e+100
14 331.951 663.903 1e+100
7 147.171 147.171 1e+100
1 811.635 1623.27 1e+100
8 191.355 382.711 1e+100
4 96.264 192.528 1e+100
15 107.105 107.105 1e+100
10 149.522 299.043 1e+100
13 621.2 621.2 1e+100
6 56.2088 56.2088 1e+100
9 484.861 484.861 1e+100
5 26.4621 52.9242 1e+100
11 946.368 1892.74 1e+100
8 896.042 896.042 1e+100
3 145.064 145.064 1e+100
1 504.633 1009.27 1e+100
7 710.303 1420.61 1e+100
0 125.04 125.04 1e+100
14 492.584 985.168 1e+100
38
8 1957.81 1957.81 1e+100
9 596.136 596.136 1e+100
14 580.914 580.914 1e+100
0 206.351 206.351 1e+100
1 412.849 825.698 1e+100
13 674.275 674.275 1e+100
2 298.247 596.493 1e+100
7 829.663 1659.33 1e+100
11 580.993 1161.99 1e+100
4 725.706 725.706 1e+100
3 203.955 203.955 1e+100
12 305.101 305.101 1e+100
10 284.797 569.594 1e+100
5 452.811 1811.24 1e+100
1 658.964 1317.93 1e+100
15 17.5808 17.5808 1e+100
14 77.5805 310.322 1e+100
2 253.152 1012.61 1e+100
11 307.596 1230.38 1e+100
7 136.75 273.5 1e+100
4 382.163 764.326 1e+100
6 565.149 565.149 1e+100
13 907.968 1815.94 1e+100
14 225.557 451.115 1e+100
10 149.842 299.685 1e+100
8 811.188 1622.38 1e+100
15 114.695 114.695 1e+100
5 28.7547 115.019 1e+100
2 1069.81 4279.25 1e+100
3 438.543 438.543 1e+100
9 301.678 301.678 1e+100
12 114.297 114.297 1e+100
1 134.413 268.826 1e+100
11 652.485 2609.94 1e+100
7 260.774 260.774 1e+100
5 683.449 2733.8 1e+100
6 195.225 195.225 1e+100
10 52.1559 104.312 1e+100
35
8 1612.17 1612.17 1e+100
4 421.611 843.222 1e+100
11 570.009 2280.04 1e+100
2 629.762 2519.05 1e+100
14 289.241 289.241 1e+100
12 40.5138 40.5138 1e+100
1 215.929 431.858 1e+100
0 710.982 710.982 1e+100
13 39.193 78.386 1e+100
15 237.856 237.856 1e+100
10 909.866 1819.73 1e+100
5 440.456 880.913 1e+100
3 170.988 170.988 1e+100
11 403.166 403.166 1e+100
15 33.9921 33.9921 1e+100
1 98.8026 98.8026 1e+100
14 631.016 631.016 1e+100
7 341.125 341.125 1e+100
0 223.39 223.39 1e+100
8 356.975 356.975 1e+100
12 408.361 408.361 1e+100
2 117.146 117.146 1e+100
3 105.868 105.868 1e+100
5 139.865 279.73 1e+100
11 380.384 1521.54 1e+100
8 1847.53 7390.12 1e+100
4 174.147 174.147 1e+100
10 308.445 308.445 1e+100
9 246.11 246.11 1e+100
13 645.782 1291.56 1e+100
14 190.61 762.44 1e+100
7 264.985 264.985 1e+100
2 104.552 418.208 1e+100
12 37.8653 37.8653 1e+100
1 52.1559 104.312 1e+100
44
8 634.852 634.852 1e+100
10 265.837 531.674 1e+100
13 255.06 510.121 1e+100
14 1004.25 4016.99 1e+100
12 770.12 770.12 1e+100
11 980.704 3922.82 1e+100
7 314.971 314.971 1e+100
1 505.628 1011.26 1e+100
9 1986.65 1986.65 1e+100
8 1316.41 2632.82 1e+100
2 512.427 1024.85 1e+100
6 970.069 970.069 1e+100
4 1244.46 2488.92 1e+100
10 342.264 342.264 1e+100
5 364.512 729.023 1e+100
13 218.634 218.634 1e+100
7 1588.82 1588.82 1e+100
0 571.952 571.952 1e+100
14 956.772 1913.54 1e+100
15 317.711 317.711 1e+100
11 956.131 3824.52 1e+100
2 1577.73 3155.46 1e+100
10 2413.98 4827.96 1e+100
6 1461.77 1461.77 1e+100
3 1345.09 1345.09 1e+100
10 73.1568 73.1568 1e+100
5 705.306 2821.23 1e+100
13 2341.76 2341.76 1e+100
12 343.607 343.607 1e+100
1 995.687 1991.37 1e+100
8 1752.74 7010.95 1e+100
4 315.101 315.101 1e+100
2 816.506 1633.01 1e+100
15 407.433 407.433 1e+100
0 355.955 355.955 1e+100
9 473.559 473.559 1e+100
11 26.4621 52.9242 1e+100
14 36.7737 73.5473 1e+100
6 1913.47 1913.47 1e+100
12 83.2012 83.2012 1e+100
5 313.572 627.144 1e+100
7 146.316 292.632 1e+100
1 289.936 289.936 1e+100
11 669.752 1339.5 1e+100
36
8 1957.81 1957.81 1e+100
9 596.136 596.136 1e+100
14 580.914 580.914 1e+100
0 206.351 206.351 1e+100
1 412.849 825.698 1e+100
13 674.275 674.275 1e+100
2 298.247 596.493 1e+100
7 829.663 1659.33 1e+100
10 398.672 797.345 1e+100
15 707.755 707.755 1e+100
11 478.575 1914.3 1e+100
14 217.952 217.952 1e+100
10 3800.65 3800.65 1e+100
15 5741.9 5741.9 1e+100
3 159.238 159.238 1e+100
1 323.86 647.719 1e+100
14 1237.37 1237.37 1e+100
8 186.579 186.579 1e+100
12 399.033 399.033 1e+100
2 154.032 616.13 1e+100
13 1225.58 1225.58 1e+100
0 370.04 370.04 1e+100
10 482.183 964.367 1e+100
5 273.106 1092.43 1e+100
11 136.846 136.846 1e+100
2 631.954 2527.82 1e+100
8 784.023 3136.09 1e+100
15 1247.24 1247.24 1e+100
7 301.678 301.678 1e+100
3 217.397 217.397 1e+100
1 499.079 998.158 1e+100
5 1034.23 4136.9 1e+100
6 453.065 453.065 1e+100
14 318.878 1275.51 1e+100
12 215.383 215.383 1e+100
13 96.6186 193.237 1e+100
39
8 1612.17 1612.17 1e+100
4 421.611 843.222 1e+100
11 570.009 2280.04 1e+100
2 629.762 2519.05 1e+100
14 289.241 289.241 1e+100
12 40.5138 40.5138 1e+100
1 215.929 431.858 1e+100
0 710.982 710.982 1e+100
13 39.193 78.386 1e+100
15 237.856 237.856 1e+100
9 525.122 525.122 1e+100
10 168.496 336.992 1e+100
0 18.0984 18.0984 1e+100
12 313.184 313.184 1e+100
4 79.5739 79.5739 1e+100
1 637.996 1275.99 1e+100
15 84.362 84.362 1e+100
11 23.6246 94.4984 1e+100
13 218.425 436.851 1e+100
2 224.48 897.92 1e+100
6 931.894 931.894 1e+100
9 13.9512 13.9512 1e+100
8 452.066 904.132 1e+100
9 2424.82 2424.82 1e+100
5 330.57 661.141 1e+100
7 191.355 382.711 1e+100
10 799.686 1599.37 1e+100
4 355.245 355.245 1e+100
14 89.9771 179.954 1e+100
1 423.817 423.817 1e+100
5 793.017 1586.03 1e+100
15 910.294 910.294 1e+100
2 356.157 712.315 1e+100
3 234.101 234.101 1e+100
11 306.601 1226.4 1e+100
14 618.914 1237.83 1e+100
6 241.649 241.649 1e+100
13 146.803 293.606 1e+100
7 220.058 220.058 1e+100
37
8 1613.29 1613.29 1e+100
13 292.214 584.429 1e+100
7 282.488 564.976 1e+100
5 787.968 1575.94 1e+100
6 630.235 630.235 1e+100
10 146.251 292.501 1e+100
15 1123.12 1123.12 1e+100
2 135.548 135.548 1e+100
11 580.993 1161.99 1e+100
0 264.774 264.774 1e+100
3 203.955 203.955 1e+100
12 305.101 305.101 1e+100
10 301.503 603.007 1e+100
14 371.54 1486.16 1e+100
1 532.641 1065.28 1e+100
4 305.167 305.167 1e+100
8 79.4055 317.622 1e+100
3 782.177 782.177 1e+100
2 327.903 1311.61 1e+100
5 31.4775 125.91 1e+100
11 162.598 162.598 1e+100
12 408.258 408.258 1e+100
8 219.467 877.869 1e+100
6 209.701 209.701 1e+100
7 192.193 384.386 1e+100
0 79.5368 79.5368 1e+100
4 89.9771 179.954 1e+100
13 1192.05 1192.05 1e+100
10 29.6248 59.2496 1e+100
15 135.005 135.005 1e+100
14 394.045 788.09 1e+100
9 211.376 211.376 1e+100
2 154.676 618.706 1e+100
11 110.187 220.374 1e+100
3 605.483 605.483 1e+100
1 146.803 293.606 1e+100
5 95.7875 95.7875 1e+100
31
8 1957.81 1957.81 1e+100
9 596.136 596.136 1e+100
14 580.914 580.914 1e+100
0 206.351 206.351 1e+100
1 412.849 825.698 1e+100
13 674.275 674.275 1e+100
2 298.247 596.493 1e+100
7 829.663 1659.33 1e+100
1 1763.15 3526.3 1e+100
5 440.456 880.913 1e+100
3 170.988 170.988 1e+100
12 342.611 342.611 1e+100
0 35.4649 35.4649 1e+100
10 98.8026 98.8026 1e+100
14 135.238 540.953 1e+100
11 208.147 832.587 1e+100
8 143.352 286.705 1e+100
2 249.324 498.649 1e+100
6 565.149 565.149 1e+100
8 3827.34 7654.67 1e+100
13 265.184 530.367 1e+100
4 284.409 568.817 1e+100
10 1204.84 2409.67 1e+100
12 7.43765 7.43765 1e+100
0 949.353 949.353 1e+100
3 141.54 141.54 1e+100
5 499.507 999.014 1e+100
1 480.348 480.348 1e+100
-1 1e+100 1e+100 1e+100
6 140.77 140.77 1e+100
14 165.473 661.894 1e+100
33
8 1612.17 1612.17 1e+100
4 421.611 843.222 1e+100
11 570.009 2280.04 1e+100
2 629.762 2519.05 1e+100
14 289.241 289.241 1e+100
12 40.5138 40.5138 1e+100
1 215.929 431.858 1e+100
0 710.982 710.982 1e+100
13 39.193 78.386 1e+100
15 237.856 237.856 1e+100
10 909.866 1819.73 1e+100
5 440.456 880.913 1e+100
3 170.988 170.988 1e+100
4 144.154 144.154 1e+100
15 33.9921 33.9921 1e+100
9 285.804 285.804 1e+100
11 134.608 538.43 1e+100
14 230.425 921.699 1e+100
7 174.303 348.607 1e+100
13 107.492 214.983 1e+100
6 565.149 565.149 1e+100
1 1486.21 2972.43 1e+100
7 1175.43 2350.85 1e+100
5 149.842 299.685 1e+100
4 672.696 1345.39 1e+100
3 114.695 114.695 1e+100
15 302.925 302.925 1e+100
9 184.718 184.718 1e+100
2 186.351 372.702 1e+100
0 223.79 223.79 1e+100
14 1918.78 1918.78 1e+100
6 140.77 140.77 1e+100
11 165.473 661.894 1e+100
37
8 634.852 634.852 1e+100
10 265.837 531.674 1e+100
13 255.06 510.121 1e+100
14 1004.25 4016.99 1e+100
12 770.12 770.12 1e+100
11 980.704 3922.82 1e+100
7 314.971 314.971 1e+100
1 505.628 1011.26 1e+100
9 1986.65 1986.65 1e+100
8 1316.41 2632.82 1e+100
2 512.427 1024.85 1e+100
6 970.069 970.069 1e+100
4 1244.46 2488.92 1e+100
0 114.359 114.359 1e+100
13 284.843 284.843 1e+100
14 1164.55 4658.21 1e+100
10 181.47 181.47 1e+100
0 93.2178 93.2178 1e+100
5 327.903 1311.61 1e+100
2 133.828 535.31 1e+100
15 409.132 409.132 1e+100
12 372.463 372.463 1e+100
8 362.031 1448.13 1e+100
7 62.4875 62.4875 1e+100
1 410.449 820.899 1e+100
13 42.0039 42.0039 1e+100
11 170.234 680.935 1e+100
14 1347.09 5388.36 1e+100
6 151.389 151.389 1e+100
0 289.229 289.229 1e+100
3 181.447 181.447 1e+100
10 645.782 1291.56 1e+100
5 627.312 2509.25 1e+100
9 750.571 750.571 1e+100
2 242.87 971.482 1e+100
7 435.812 435.812 1e+100
4 303.492 606.985 1e+100
35
8 1612.17 1612.17 1e+100
4 421.611 843.222 1e+100
11 570.009 2280.04 1e+100
2 629.762 2519.05 1e+100
14 289.241 289.241 1e+100
12 40.5138 40.5138 1e+100
1 215.929 431.858 1e+100
0 710.982 710.982 1e+100
13 39.193 78.386 1e+100
15 237.856 237.856 1e+100
9 525.122 525.122 1e+100
5 364.512 729.023 1e+100
0 18.0984 18.0984 1e+100
8 359.05 359.05 1e+100
4 79.5739 79.5739 1e+100
13 407.484 814.968 1e+100
1 84.362 84.362 1e+100
11 23.6246 94.4984 1e+100
10 311.195 622.391 1e+100
2 334.017 1336.07 1e+100
14 635.281 2541.13 1e+100
7 174.303 348.607 1e+100
5 418.54 837.08 1e+100
6 565.149 565.149 1e+100
7 1638.44 3276.89 1e+100
8 107.5 214.999 1e+100
4 149.842 299.685 1e+100
13 445.874 891.748 1e+100
15 259.217 259.217 1e+100
0 411.343 411.343 1e+100
11 536.879 2147.52 1e+100
10 163.775 327.55 1e+100
12 429.271 429.271 1e+100
3 171.162 171.162 1e+100
5 161.126 161.126 1e+100
33
6 241.292 241.292 1e+100
13 491.976 983.951 1e+100
1 238.384 476.769 1e+100
15 1283.89 1283.89 1e+100
14 668.021 668.021 1e+100
10 290.821 581.642 1e+100
2 703.159 2812.64 1e+100
8 903.794 3615.18 1e+100
7 850.398 1700.8 1e+100
0 124.26 124.26 1e+100
5 279.272 1117.09 1e+100
3 615.383 615.383 1e+100
12 781.269 781.269 1e+100
13 151.352 151.352 1e+100
0 104.415 104.415 1e+100
8 821.76 3287.04 1e+100
3 221.051 221.051 1e+100
6 567.287 567.287 1e+100
2 151.975 607.9 1e+100
14 462.262 1849.05 1e+100
10 272.264 272.264 1e+100
12 217.667 217.667 1e+100
5 887.015 3548.06 1e+100
3 398.267 398.267 1e+100
1 192.193 384.386 1e+100
15 79.5368 79.5368 1e+100
7 195.93 195.93 1e+100
4 259.241 259.241 1e+100
13 194.043 388.087 1e+100
12 303.546 303.546 1e+100
0 133.55 133.55 1e+100
7 393.147 393.147 1e+100
8 6.1312 24.5248 1e+100
42
8 634.852 634.852 1e+100
10 265.837 531.674 1e+100
13 255.06 510.121 1e+100
14 1004.25 4016.99 1e+100
12 770.12 770.12 1e+100
11 980.704 3922.82 1e+100
7 314.971 314.971 1e+100
1 505.628 1011.26 1e+100
9 1986.65 1986.65 1e+100
8 1316.41 2632.82 1e+100
2 512.427 1024.85 1e+100
6 970.069 970.069 1e+100
4 1244.46 2488.92 1e+100
10 342.264 342.264 1e+100
5 364.512 729.023 1e+100
13 218.634 218.634 1e+100
12 592.477 592.477 1e+100
0 571.952 571.952 1e+100
14 956.772 1913.54 1e+100
15 317.711 317.711 1e+100
11 956.131 3824.52 1e+100
10 554.786 1109.57 1e+100
6 651.664 651.664 1e+100
7 14.57 14.57 1e+100
5 3505.77 3505.77 1e+100
8 245.232 245.232 1e+100
4 501.187 501.187 1e+100
15 566.247 566.247 1e+100
2 208.017 208.017 1e+100
10 478.662 957.324 1e+100
5 214.869 429.739 1e+100
13 1044.66 1044.66 1e+100
3 425.754 425.754 1e+100
9 484.861 484.861 1e+100
11 26.4621 52.9242 1e+100
7 237.392 474.785 1e+100
12 396.776 396.776 1e+100
0 162.27 162.27 1e+100
2 204.615 409.23 1e+100
14 146.316 292.632 1e+100
6 314.613 314.613 1e+100
10 161.978 323.957 1e+100
33
8 1613.29 1613.29 1e+100
13 292.214 584.429 1e+100
7 282.488 564.976 1e+100
5 787.968 1575.94 1e+100
6 630.235 630.235 1e+100
10 146.251 292.501 1e+100
15 1123.12 1123.12 1e+100
2 135.548 135.548 1e+100
9 749.912 749.912 1e+100
13 151.929 151.929 1e+100
8 578.634 2314.54 1e+100
14 184.3 184.3 1e+100
5 396.45 1585.8 1e+100
11 208.147 832.587 1e+100
1 1858.69 3717.39 1e+100
7 85.2505 170.501 1e+100
15 36.6274 36.6274 1e+100
8 1143.25 2286.5 1e+100
13 548.943 1097.89 1e+100
4 284.409 568.817 1e+100
5 1600.57 3201.14 1e+100
0 223.156 223.156 1e+100
2 157.19 628.76 1e+100
11 1000.19 4000.77 1e+100
10 438.543 438.543 1e+100
12 445.11 445.11 1e+100
3 181.447 181.447 1e+100
7 320.646 641.292 1e+100
14 642.569 2570.28 1e+100
15 68.0616 68.0616 1e+100
2 811.884 3247.54 1e+100
9 289.457 289.457 1e+100
4 7.53034 15.0607 1e+100
32
8 634.852 634.852 1e+100
10 265.837 531.674 1e+100
13 255.06 510.121 1e+100
14 1004.25 4016.99 1e+100
12 770.12 770.12 1e+100
11 980.704 3922.82 1e+100
7 314.971 314.971 1e+100
1 505.628 1011.26 1e+100
9 1986.65 1986.65 1e+100
8 1316.41 2632.82 1e+100
2 512.427 1024.85 1e+100
6 970.069 970.069 1e+100
4 1244.46 2488.92 1e+100
0 114.359 114.359 1e+100
13 137.345 137.345 1e+100
14 1164.55 4658.21 1e+100
10 181.47 181.47 1e+100
0 93.2178 93.2178 1e+100
5 327.903 1311.61 1e+100
2 133.828 535.31 1e+100
15 409.132 409.132 1e+100
12 372.463 372.463 1e+100
8 362.031 1448.13 1e+100
7 151.233 151.233 1e+100
1 410.449 820.899 1e+100
13 79.5368 79.5368 1e+100
9 340.423 340.423 1e+100
11 862.592 3450.37 1e+100
5 163.775 327.55 1e+100
10 78.8961 78.8961 1e+100
3 171.162 171.162 1e+100
12 78.6247 78.6247 1e+100
37
6 241.292 241.292 1e+100
13 491.976 983.951 1e+100
1 238.384 476.769 1e+100
15 1283.89 1283.89 1e+100
14 668.021 668.021 1e+100
10 290.821 581.642 1e+100
2 703.159 2812.64 1e+100
8 903.794 3615.18 1e+100
7 850.398 1700.8 1e+100
0 124.26 124.26 1e+100
5 279.272 1117.09 1e+100
3 615.383 615.383 1e+100
12 781.269 781.269 1e+100
13 151.352 151.352 1e+100
0 104.415 104.415 1e+100
8 821.76 3287.04 1e+100
3 74.2297 74.2297 1e+100
10 235.226 235.226 1e+100
5 151.975 607.9 1e+100
2 133.828 535.31 1e+100
12 91.4613 91.4613 1e+100
15 160.71 160.71 1e+100
8 1212.22 4848.9 1e+100
3 251.657 251.657 1e+100
1 151.706 303.411 1e+100
7 79.5368 79.5368 1e+100
11 456.808 1827.23 1e+100
14 1273.41 5093.63 1e+100
4 625.691 625.691 1e+100
6 504.774 504.774 1e+100
9 246.11 246.11 1e+100
10 77.7149 155.43 1e+100
5 451.755 1807.02 1e+100
0 453.065 453.065 1e+100
2 242.87 971.482 1e+100
12 165.531 165.531 1e+100
13 459.77 919.54 1e+100
31
8 1957.81 1957.81 1e+100
9 596.136 596.136 1e+100
14 580.914 580.914 1e+100
0 206.351 206.351 1e+100
1 412.849 825.698 1e+100
13 674.275 674.275 1e+100
2 298.247 596.493 1e+100
7 829.663 1659.33 1e+100
12 225.748 225.748 1e+100
0 73.7652 73.7652 1e+100
14 301.261 1205.04 1e+100
15 181.47 181.47 1e+100
1 471.718 471.718 1e+100
7 215.133 215.133 1e+100
12 484.571 484.571 1e+100
6 888.924 888.924 1e+100
13 235.468 235.468 1e+100
2 319.772 319.772 1e+100
9 123.409 123.409 1e+100
8 139.865 279.73 1e+100
11 456.808 1827.23 1e+100
14 489.126 1956.5 1e+100
15 684.877 684.877 1e+100
3 681.416 681.416 1e+100
4 217.397 217.397 1e+100
1 941.516 1883.03 1e+100
5 645.02 2580.08 1e+100
7 264.985 264.985 1e+100
2 98.2191 392.877 1e+100
13 167.976 167.976 1e+100
8 183.08 366.16 1e+100
37
8 1957.81 1957.81 1e+100
9 596.136 596.136 1e+100
14 580.914 580.914 1e+100
0 206.351 206.351 1e+100
1 412.849 825.698 1e+100
13 674.275 674.275 1e+100
2 298.247 596.493 1e+100
7 829.663 1659.33 1e+100
11 562.464 562.464 1e+100
4 264.891 529.781 1e+100
9 63.4866 63.4866 1e+100
6 1333.66 1333.66 1e+100
0 453.227 453.227 1e+100
5 424.478 848.955 1e+100
12 282.965 282.965 1e+100
2 653.997 2615.99 1e+100
10 311.195 622.391 1e+100
1 269.203 269.203 1e+100
11 208.41 833.642 1e+100
14 467.336 1869.35 1e+100
4 182.899 182.899 1e+100
13 217.667 217.667 1e+100
8 362.031 1448.13 1e+100
12 578.75 578.75 1e+100
7 192.193 384.386 1e+100
6 395.107 395.107 1e+100
11 476.272 1905.09 1e+100
5 100.962 403.846 1e+100
10 236.245 236.245 1e+100
0 75.8218 75.8218 1e+100
3 181.447 181.447 1e+100
1 111.574 223.147 1e+100
2 242.712 970.848 1e+100
9 453.065 453.065 1e+100
14 576.379 2305.52 1e+100
4 251.168 251.168 1e+100
13 52.1559 104.312 1e+100
31
8 1612.17 1612.17 1e+100
4 421.611 843.222 1e+100
11 570.009 2280.04 1e+100
2 629.762 2519.05 1e+100
14 289.241 289.241 1e+100
12 40.5138 40.5138 1e+100
1 215.929 431.858 1e+100
0 710.982 710.982 1e+100
13 39.193 78.386 1e+100
15 237.856 237.856 1e+100
10 909.866 1819.73 1e+100
5 440.456 880.913 1e+100
3 170.988 170.988 1e+100
14 144.154 144.154 1e+100
15 33.9921 33.9921 1e+100
9 285.804 285.804 1e+100
4 276.063 276.063 1e+100
6 921.172 921.172 1e+100
12 223.39 223.39 1e+100
7 572.533 572.533 1e+100
2 235.468 235.468 1e+100
11 117.146 117.146 1e+100
5 105.868 105.868 1e+100
13 320.113 640.226 1e+100
15 355.483 355.483 1e+100
3 141.54 141.54 1e+100
14 186.351 372.702 1e+100
12 171.53 171.53 1e+100
4 149.359 149.359 1e+100
6 97.9926 97.9926 1e+100
2 121.618 486.471 1e+100
37
8 1612.17 1612.17 1e+100
4 421.611 843.222 1e+100
11 570.009 2280.04 1e+100
2 629.762 2519.05 1e+100
14 289.241 289.241 1e+100
12 40.5138 40.5138 1e+100
1 215.929 431.858 1e+100
0 710.982 710.982 1e+100
13 39.193 78.386 1e+100
15 237.856 237.856 1e+100
1 136.422 272.844 1e+100
12 113.89 113.89 1e+100
14 59.7366 238.947 1e+100
8 509.56 509.56 1e+100
10 106.566 106.566 1e+100
11 375.432 375.432 1e+100
3 159.238 159.238 1e+100
4 188.976 188.976 1e+100
7 341.125 341.125 1e+100
13 223.39 223.39 1e+100
12 563.709 563.709 1e+100
0 235.468 235.468 1e+100
2 304.783 304.783 1e+100
14 105.868 105.868 1e+100
1 139.865 279.73 1e+100
10 214.869 429.739 1e+100
13 409.507 409.507 1e+100
5 207.373 207.373 1e+100
3 267.981 267.981 1e+100
14 148.832 297.665 1e+100
8 110.804 221.608 1e+100
7 502.241 502.241 1e+100
15 206.487 206.487 1e+100
1 374.803 749.606 1e+100
4 146.316 292.632 1e+100
9 314.613 314.613 1e+100
2 275.377 550.754 1e+100
27
8 1957.81 1957.81 1e+100
9 596.136 596.136 1e+100
14 580.914 580.914 1e+100
0 206.351 206.351 1e+100
1 412.849 825.698 1e+100
13 674.275 674.275 1e+100
2 298.247 596.493 1e+100
7 829.663 1659.33 1e+100
3 479.232 479.232 1e+100
0 73.7652 73.7652 1e+100
14 301.261 1205.04 1e+100
15 181.47 181.47 1e+100
1 531.797 531.797 1e+100
9 280.732 280.732 1e+100
12 649.329 649.329 1e+100
7 269.935 269.935 1e+100
2 235.468 235.468 1e+100
13 117.146 117.146 1e+100
15 203.14 203.14 1e+100
8 139.865 279.73 1e+100
14 45.9444 45.9444 1e+100
10 141.54 141.54 1e+100
11 437.298 874.596 1e+100
3 106.103 106.103 1e+100
6 133.55 133.55 1e+100
7 98.1922 98.1922 1e+100
2 121.618 486.471 1e+100
39
6 241.292 241.292 1e+100
13 491.976 983.951 1e+100
1 238.384 476.769 1e+100
15 1283.89 1283.89 1e+100
14 668.021 668.021 1e+100
10 290.821 581.642 1e+100
2 703.159 2812.64 1e+100
8 903.794 3615.18 1e+100
7 850.398 1700.8 1e+100
0 124.26 124.26 1e+100
5 279.272 1117.09 1e+100
3 615.383 615.383 1e+100
12 781.269 781.269 1e+100
2 702.52 1405.04 1e+100
13 155.305 310.609 1e+100
4 342.522 342.522 1e+100
0 235.253 235.253 1e+100
10 171.844 171.844 1e+100
9 285.804 285.804 1e+100
14 640.672 2562.69 1e+100
15 284.137 284.137 1e+100
11 374.448 374.448 1e+100
1 180.11 360.22 1e+100
6 834.28 834.28 1e+100
13 160.266 320.533 1e+100
8 191.355 382.711 1e+100
10 685.219 1370.44 1e+100
0 16.5216 16.5216 1e+100
7 637.705 1275.41 1e+100
2 706.876 706.876 1e+100
4 29.6248 59.2496 1e+100
9 135.005 135.005 1e+100
11 455.548 911.095 1e+100
12 154.864 154.864 1e+100
5 486.371 1945.48 1e+100
14 208.539 417.077 1e+100
3 560.885 560.885 1e+100
13 146.803 293.606 1e+100
15 186.913 186.913 1e+100
33
8 1612.17 1612.17 1e+100
4 421.611 843.222 1e+100
11 570.009 2280.04 1e+100
2 629.762 2519.05 1e+100
14 289.241 289.241 1e+100
12 40.5138 40.5138 1e+100
1 215.929 431.858 1e+100
0 710.982 710.982 1e+100
13 39.193 78.386 1e+100
15 237.856 237.856 1e+100
10 301.27 602.54 1e+100
1 333.892 333.892 1e+100
5 494.782 494.782 1e+100
3 215.186 215.186 1e+100
4 566.842 1133.68 1e+100
11 186.876 747.506 1e+100
13 141.163 282.326 1e+100
9 486.979 486.979 1e+100
8 175.643 702.573 1e+100
14 176.11 176.11 1e+100
7 341.125 341.125 1e+100
15 223.39 223.39 1e+100
12 356.975 356.975 1e+100
0 149.984 149.984 1e+100
2 304.783 304.783 1e+100
1 105.868 105.868 1e+100
10 211.645 423.29 1e+100
6 272 272 1e+100
8 117.859 471.434 1e+100
4 163.775 327.55 1e+100
1 189.029 189.029 1e+100
14 342.372 342.372 1e+100
15 78.6247 78.6247 1e+100
33
8 1613.29 1613.29 1e+100
13 292.214 584.429 1e+100
7 282.488 564.976 1e+100
5 787.968 1575.94 1e+100
6 630.235 630.235 1e+100
10 146.251 292.501 1e+100
15 1123.12 1123.12 1e+100
2 135.548 135.548 1e+100
11 562.464 562.464 1e+100
4 264.891 529.781 1e+100
13 358.742 358.742 1e+100
8 321.364 321.364 1e+100
0 571.952 571.952 1e+100
14 164.375 328.75 1e+100
12 282.965 282.965 1e+100
2 22.0685 88.274 1e+100
10 218.425 436.851 1e+100
3 864.094 864.094 1e+100
11 208.41 833.642 1e+100
5 668.592 2674.37 1e+100
1 176.495 176.495 1e+100
0 482.845 482.845 1e+100
8 50.9759 203.904 1e+100
15 168.965 168.965 1e+100
4 410.449 820.899 1e+100
13 79.5368 79.5368 1e+100
7 195.93 195.93 1e+100
9 296.378 296.378 1e+100
2 186.351 372.702 1e+100
6 106.103 106.103 1e+100
7 820.782 820.782 1e+100
8 131.837 131.837 1e+100
11 229.362 917.449 1e+100
41
6 241.292 241.292 1e+100
13 491.976 983.951 1e+100
1 238.384 476.769 1e+100
15 1283.89 1283.89 1e+100
14 668.021 668.021 1e+100
10 290.821 581.642 1e+100
2 703.159 2812.64 1e+100
8 903.794 3615.18 1e+100
7 850.398 1700.8 1e+100
0 124.26 124.26 1e+100
5 279.272 1117.09 1e+100
3 615.383 615.383 1e+100
12 781.269 781.269 1e+100
13 136.422 272.844 1e+100
1 23.7625 23.7625 1e+100
14 391.346 1565.38 1e+100
3 1069.96 1069.96 1e+100
4 234.425 234.425 1e+100
10 292.967 292.967 1e+100
9 301.546 301.546 1e+100
7 107.731 107.731 1e+100
11 477.367 1909.47 1e+100
2 262.277 1049.11 1e+100
12 91.4613 91.4613 1e+100
6 595.305 595.305 1e+100
8 488.911 1955.64 1e+100
0 209.701 209.701 1e+100
14 100.895 201.79 1e+100
3 271.925 271.925 1e+100
4 149.522 299.043 1e+100
7 373.56 373.56 1e+100
15 355.955 355.955 1e+100
9 813.572 813.572 1e+100
10 26.4621 52.9242 1e+100
13 110.804 221.608 1e+100
1 883.123 883.123 1e+100
12 63.637 63.637 1e+100
11 53.297 106.594 1e+100
2 506.925 1013.85 1e+100
4 363.523 363.523 1e+100
5 258.518 517.035 1e+100
31
8 1957.81 1957.81 1e+100
9 596.136 596.136 1e+100
14 580.914 580.914 1e+100
0 206.351 206.351 1e+100
1 412.849 825.698 1e+100
13 674.275 674.275 1e+100
2 298.247 596.493 1e+100
7 829.663 1659.33 1e+100
4 394.373 788.747 1e+100
9 182.966 182.966 1e+100
11 478.575 1914.3 1e+100
9 1851.93 1851.93 1e+100
10 106.566 106.566 1e+100
15 396.508 396.508 1e+100
3 159.238 159.238 1e+100
2 253.152 1012.61 1e+100
5 377.796 1511.18 1e+100
8 143.352 286.705 1e+100
13 107.492 214.983 1e+100
6 565.149 565.149 1e+100
7 1607.55 3215.1 1e+100
1 315.826 631.652 1e+100
10 149.842 299.685 1e+100
14 450.903 901.807 1e+100
4 114.695 114.695 1e+100
8 401.559 401.559 1e+100
11 605.607 2422.43 1e+100
10 820.858 1641.72 1e+100
13 66.111 66.111 1e+100
3 260.791 260.791 1e+100
15 78.6247 78.6247 1e+100
34
8 1613.29 1613.29 1e+100
13 292.214 584.429 1e+100
7 282.488 564.976 1e+100
5 787.968 1575.94 1e+100
6 630.235 630.235 1e+100
10 146.251 292.501 1e+100
15 1123.12 1123.12 1e+100
2 135.548 135.548 1e+100
4 381.669 381.669 1e+100
1 442.394 884.787 1e+100
13 358.742 358.742 1e+100
8 321.364 321.364 1e+100
3 926.917 926.917 1e+100
14 164.375 328.75 1e+100
12 282.965 282.965 1e+100
2 22.0685 88.274 1e+100
10 311.195 622.391 1e+100
4 927.285 1854.57 1e+100
7 144.819 144.819 1e+100
8 1149.64 1149.64 1e+100
1 594.894 594.894 1e+100
5 154.032 616.13 1e+100
9 325.681 325.681 1e+100
15 754.995 754.995 1e+100
10 473.207 946.414 1e+100
11 429.572 1718.29 1e+100
0 695.233 695.233 1e+100
6 195.93 195.93 1e+100
2 339.928 339.928 1e+100
13 273.08 546.16 1e+100
3 106.103 106.103 1e+100
14 746.069 746.069 1e+100
6 393.147 393.147 1e+100
8 11.8607 47.4427 1e+100
29
8 1612.17 1612.17 1e+100
4 421.611 843.222 1e+100
11 570.009 2280.04 1e+100
2 629.762 2519.05 1e+100
14 289.241 289.241 1e+100
12 40.5138 40.5138 1e+100
1 215.929 431.858 1e+100
0 710.982 710.982 1e+100
13 39.193 78.386 1e+100
15 237.856 237.856 1e+100
9 749.912 749.912 1e+100
13 200.848 200.848 1e+100
14 329.793 1319.17 1e+100
1 146.78 146.78 1e+100
4 176.11 176.11 1e+100
0 44.0222 44.0222 1e+100
15 494.121 494.121 1e+100
7 572.533 572.533 1e+100
12 219.243 219.243 1e+100
2 304.783 304.783 1e+100
9 105.868 105.868 1e+100
8 333.885 667.77 1e+100
14 43.1867 43.1867 1e+100
10 141.54 141.54 1e+100
4 130.13 260.259 1e+100
1 304.923 304.923 1e+100
6 133.55 133.55 1e+100
0 98.1922 98.1922 1e+100
2 418.245 1672.98 1e+100
30
8 1613.29 1613.29 1e+100
13 292.214 584.429 1e+100
7 282.488 564.976 1e+100
5 787.968 1575.94 1e+100
6 630.235 630.235 1e+100
10 146.251 292.501 1e+100
15 1123.12 1123.12 1e+100
2 135.548 135.548 1e+100
1 560.142 1120.28 1e+100
11 537.664 1075.33 1e+100
3 170.988 170.988 1e+100
0 146.092 146.092 1e+100
13 106.412 106.412 1e+100
4 221.756 221.756 1e+100
10 544.611 544.611 1e+100
2 286.488 1145.95 1e+100
8 380.272 1521.09 1e+100
0 702.533 702.533 1e+100
11 375.913 375.913 1e+100
5 771.703 3086.81 1e+100
6 168.965 168.965 1e+100
1 100.895 201.79 1e+100
13 79.5368 79.5368 1e+100
15 195.93 195.93 1e+100
9 296.378 296.378 1e+100
14 194.043 388.087 1e+100
2 428.864 428.864 1e+100
3 133.55 133.55 1e+100
15 393.147 393.147 1e+100
8 51.013 204.052 1e+100
41
8 634.852 634.852 1e+100
10 265.837 531.674 1e+100
13 255.06 510.121 1e+100
14 1004.25 4016.99 1e+100
12 770.12 770.12 1e+100
11 980.704 3922.82 1e+100
7 314.971 314.971 1e+100
1 505.628 1011.26 1e+100
9 1986.65 1986.65 1e+100
8 1316.41 2632.82 1e+100
2 512.427 1024.85 1e+100
6 970.069 970.069 1e+100
4 1244.46 2488.92 1e+100
10 342.264 342.264 1e+100
5 364.512 729.023 1e+100
13 218.634 218.634 1e+100
12 592.477 592.477 1e+100
0 571.952 571.952 1e+100
14 956.772 1913.54 1e+100
15 317.711 317.711 1e+100
11 956.131 3824.52 1e+100
10 554.786 1109.57 1e+100
6 651.664 651.664 1e+100
7 14.57 14.57 1e+100
0 967.105 967.105 1e+100
9 803.257 803.257 1e+100
1 149.984 149.984 1e+100
15 566.247 566.247 1e+100
2 208.017 208.017 1e+100
10 478.662 957.324 1e+100
4 300.234 600.468 1e+100
6 767.608 767.608 1e+100
5 202.947 405.894 1e+100
3 202.592 202.592 1e+100
8 130.304 260.608 1e+100
12 782.165 782.165 1e+100
11 628.255 2513.02 1e+100
2 363.82 727.64 1e+100
14 267.922 267.922 1e+100
13 391.307 782.615 1e+100
1 392.313 392.313 1e+100
37
8 634.852 634.852 1e+100
10 265.837 531.674 1e+100
13 255.06 510.121 1e+100
14 1004.25 4016.99 1e+100
12 770.12 770.12 1e+100
11 980.704 3922.82 1e+100
7 314.971 314.971 1e+100
1 505.628 1011.26 1e+100
9 1986.65 1986.65 1e+100
8 1316.41 2632.82 1e+100
2 512.427 1024.85 1e+100
6 970.069 970.069 1e+100
4 1244.46 2488.92 1e+100
10 72.0388 144.078 1e+100
13 473.783 473.783 1e+100
5 519.48 2077.92 1e+100
7 1719.82 1719.82 1e+100
0 545.848 545.848 1e+100
15 396.508 396.508 1e+100
3 159.238 159.238 1e+100
11 21.7107 86.843 1e+100
14 54.0876 216.351 1e+100
8 152.78 305.561 1e+100
10 133.047 266.093 1e+100
12 342.419 342.419 1e+100
4 902.836 1805.67 1e+100
13 348.212 696.424 1e+100
1 154.774 309.548 1e+100
5 736.924 1473.85 1e+100
6 59.4566 59.4566 1e+100
9 550.457 550.457 1e+100
0 181.57 181.57 1e+100
2 588.057 1176.11 1e+100
15 121.188 121.188 1e+100
8 133.55 133.55 1e+100
12 89.8454 89.8454 1e+100
14 150.201 600.805 1e+100
36
6 241.292 241.292 1e+100
13 491.976 983.951 1e+100
1 238.384 476.769 1e+100
15 1283.89 1283.89 1e+100
14 668.021 668.021 1e+100
10 290.821 581.642 1e+100
2 703.159 2812.64 1e+100
8 903.794 3615.18 1e+100
7 850.398 1700.8 1e+100
0 124.26 124.26 1e+100
5 279.272 1117.09 1e+100
3 615.383 615.383 1e+100
12 781.269 781.269 1e+100
9 525.122 525.122 1e+100
4 264.891 529.781 1e+100
1 157.78 157.78 1e+100
12 3537.04 3537.04 1e+100
2 79.5739 79.5739 1e+100
10 306.078 612.157 1e+100
0 84.362 84.362 1e+100
5 467.406 1869.62 1e+100
13 311.195 622.391 1e+100
11 623.235 623.235 1e+100
8 341.125 341.125 1e+100
2 474.727 474.727 1e+100
3 844.678 844.678 1e+100
12 118.52 118.52 1e+100
14 1911.84 1911.84 1e+100
14 120.218 120.218 1e+100
4 139.865 279.73 1e+100
8 390.137 390.137 1e+100
5 94.7278 378.911 1e+100
13 158.727 317.454 1e+100
11 201.97 201.97 1e+100
1 183.11 183.11 1e+100
2 78.6247 78.6247 1e+100
37
8 634.852 634.852 1e+100
10 265.837 531.674 1e+100
13 255.06 510.121 1e+100
14 1004.25 4016.99 1e+100
12 770.12 770.12 1e+100
11 980.704 3922.82 1e+100
7 314.971 314.971 1e+100
1 505.628 1011.26 1e+100
9 1986.65 1986.65 1e+100
8 1316.41 2632.82 1e+100
2 512.427 1024.85 1e+100
6 970.069 970.069 1e+100
4 1244.46 2488.92 1e+100
0 114.359 114.359 1e+100
13 284.843 284.843 1e+100
14 1164.55 4658.21 1e+100
10 181.47 181.47 1e+100
0 93.2178 93.2178 1e+100
5 327.903 1311.61 1e+100
2 133.828 535.31 1e+100
15 409.132 409.132 1e+100
12 372.463 372.463 1e+100
8 362.031 1448.13 1e+100
7 62.4875 62.4875 1e+100
1 410.449 820.899 1e+100
13 42.0039 42.0039 1e+100
11 170.234 680.935 1e+100
14 1347.09 5388.36 1e+100
6 151.389 151.389 1e+100
0 289.229 289.229 1e+100
3 181.447 181.447 1e+100
10 645.782 1291.56 1e+100
5 627.312 2509.25 1e+100
9 750.571 750.571 1e+100
2 242.87 971.482 1e+100
7 435.812 435.812 1e+100
4 303.492 606.985 1e+100
