63
2 146.331 585.323 1e+100
4 285.073 285.073 1e+100
5 302.314 1209.26 1e+100
0 565.46 565.46 1e+100
0 19242.9 19242.9 1e+100
1 489.665 979.33 1e+100
3 167.2 167.2 1e+100
5 1947.43 7789.73 1e+100
0 2123.29 2123.29 1e+100
4 5906.18 11812.4 1e+100
3 6962.42 6962.42 1e+100
5 3798.67 15194.7 1e+100
5 5379.06 10758.1 1e+100
4 15658.3 31316.6 1e+100
2 6668.8 26675.2 1e+100
1 9428.84 18857.7 1e+100
1 5573.3 11146.6 1e+100
2 2280.69 9122.74 1e+100
3 2089.54 2089.54 1e+100
0 16338.8 16338.8 1e+100
5 6528.81 26115.3 1e+100
1 3300.44 6600.88 1e+100
1 15567 31134.1 1e+100
1 17281.4 34562.8 1e+100
5 8044.18 32176.7 1e+100
4 3044.43 6088.86 1e+100
3 8734.25 8734.25 1e+100
1 602.036 1204.07 1e+100
0 4220.85 4220.85 1e+100
3 18499.5 18499.5 1e+100
4 514.388 1028.78 1e+100
2 19209.6 19209.6 1e+100
1 12339.6 24679.3 1e+100
3 3266.89 3266.89 1e+100
4 15462.1 30924.2 1e+100
0 4695.47 4695.47 1e+100
0 1108.24 1108.24 1e+100
5 10414.2 41656.8 1e+100
2 10728.4 42913.5 1e+100
0 5531.99 5531.99 1e+100
1 16561.2 33122.4 1e+100
4 4466 8932.01 1e+100
1 4144.03 8288.06 1e+100
4 6579.15 13158.3 1e+100
3 8394.6 8394.6 1e+100
0 17154.6 17154.6 1e+100
3 10878.3 10878.3 1e+100
4 7719.78 15439.6 1e+100
4 15205 30409.9 1e+100
2 5231.58 20926.3 1e+100
2 11946 47784 1e+100
2 122.944 491.774 1e+100
5 13704.8 54819.2 1e+100
0 9427.72 9427.72 1e+100
2 6170.06 24680.2 1e+100
5 14973.9 29947.7 1e+100
5 11121.8 44487.2 1e+100
4 8099.83 16199.7 1e+100
0 6773.44 6773.44 1e+100
1 5557.72 11115.4 1e+100
0 4852.41 4852.41 1e+100
5 4547.9 18191.6 1e+100
2 12424 24848.1 1e+100
63
5 300.169 600.338 1e+100
4 246.727 493.454 1e+100
3 180.119 180.119 1e+100
2 296.525 1186.1 1e+100
1 354.503 354.503 1e+100
0 511.21 511.21 1e+100
5 4158.5 16634 1e+100
5 6330.18 25320.7 1e+100
3 5856.15 5856.15 1e+100
2 1858.09 7432.36 1e+100
0 2503.76 2503.76 1e+100
1 18775.9 18775.9 1e+100
1 4782.49 4782.49 1e+100
4 1633.04 3266.07 1e+100
1 2230.19 4460.39 1e+100
4 19135.3 19135.3 1e+100
3 1506.7 1506.7 1e+100
3 15399.2 15399.2 1e+100
0 4150.28 4150.28 1e+100
3 12347.4 12347.4 1e+100
5 968.787 3875.15 1e+100
2 4242.2 16968.8 1e+100
4 3579.16 7158.33 1e+100
4 1823 3646 1e+100
4 5274.35 10548.7 1e+100
2 6077.17 24308.7 1e+100
5 9573.33 38293.3 1e+100
0 16839.9 16839.9 1e+100
0 8561.25 8561.25 1e+100
1 6620.77 13241.5 1e+100
5 15631.9 15631.9 1e+100
3 15126.1 15126.1 1e+100
3 17209 17209 1e+100
2 17608.3 17608.3 1e+100
4 8641.82 17283.6 1e+100
3 7693.33 7693.33 1e+100
4 6885.34 13770.7 1e+100
0 10292 10292 1e+100
2 6689.39 26757.5 1e+100
0 11604.3 11604.3 1e+100
5 6115.89 24463.6 1e+100
3 5100.72 5100.72 1e+100
1 6324.37 12648.7 1e+100
1 2480.21 4960.42 1e+100
1 7508.24 15016.5 1e+100
2 13305.9 13305.9 1e+100
0 11940.4 11940.4 1e+100
0 2444.6 2444.6 1e+100
1 15071.1 15071.1 1e+100
0 847.829 847.829 1e+100
4 9926.98 19854 1e+100
2 7644.45 30577.8 1e+100
5 8329.65 33318.6 1e+100
1 9630.5 19261 1e+100
2 9821.3 39285.2 1e+100
0 3492.38 3492.38 1e+100
5 10254.4 20508.7 1e+100
1 10882.3 21764.6 1e+100
5 2091.11 8364.45 1e+100
5 14647.4 14647.4 1e+100
0 14955.9 14955.9 1e+100
4 11066.2 22132.5 1e+100
0 5706.76 5706.76 1e+100
42
1 456.472 912.945 1e+100
2 224.01 224.01 1e+100
3 148.116 148.116 1e+100
4 308.224 616.448 1e+100
5 290.732 1162.93 1e+100
0 638.506 638.506 1e+100
2 2419.56 9678.23 1e+100
4 1777.29 3554.59 1e+100
2 4356.54 17426.1 1e+100
0 4132.41 4132.41 1e+100
3 3670.58 3670.58 1e+100
3 1569.72 1569.72 1e+100
0 6171.51 6171.51 1e+100
5 3606.69 14426.8 1e+100
1 10728.4 21456.8 1e+100
4 3128.23 6256.46 1e+100
5 1234.83 4939.34 1e+100
5 4840.42 9680.84 1e+100
0 1068.32 1068.32 1e+100
1 1404.68 2809.36 1e+100
3 4122.47 4122.47 1e+100
4 2760.78 5521.56 1e+100
0 5407.08 5407.08 1e+100
1 2023.71 4047.43 1e+100
0 6749.04 6749.04 1e+100
3 4230.4 4230.4 1e+100
1 4934.89 4934.89 1e+100
0 8437.34 8437.34 1e+100
5 3437.85 13751.4 1e+100
4 2068.05 4136.11 1e+100
5 8260.68 16521.4 1e+100
2 3288.57 13154.3 1e+100
3 6806.65 6806.65 1e+100
5 3753.73 15014.9 1e+100
4 4790.3 9580.6 1e+100
2 705.568 2822.27 1e+100
4 7065.43 14130.9 1e+100
2 6863.91 6863.91 1e+100
1 765.199 1530.4 1e+100
3 4324.47 4324.47 1e+100
2 3827.35 15309.4 1e+100
4 1883.77 3767.53 1e+100
46
5 318.099 1272.39 1e+100
0 425.69 425.69 1e+100
2 163.775 327.55 1e+100
4 232.672 465.343 1e+100
1 415.465 830.93 1e+100
3 146.983 146.983 1e+100
0 4412.31 4412.31 1e+100
5 3563.79 14255.1 1e+100
2 4073.16 16292.7 1e+100
1 5084.57 10169.1 1e+100
4 3345.32 6690.64 1e+100
0 2087.28 2087.28 1e+100
1 3551.1 7102.2 1e+100
4 1568.54 3137.08 1e+100
1 1271.92 2543.83 1e+100
4 4755.93 9511.86 1e+100
2 1223.02 2446.04 1e+100
0 5735.06 5735.06 1e+100
5 615.247 2460.99 1e+100
3 660.627 660.627 1e+100
5 4666.02 9332.03 1e+100
3 6650.28 6650.28 1e+100
1 4971.92 9943.84 1e+100
3 4181.52 4181.52 1e+100
4 4856.38 9712.77 1e+100
3 2052.32 2052.32 1e+100
0 7616.61 7616.61 1e+100
1 10421.6 10421.6 1e+100
1 5818.18 11636.4 1e+100
3 7841.49 7841.49 1e+100
5 4549.18 18196.7 1e+100
0 7949.02 7949.02 1e+100
2 3607.65 14430.6 1e+100
4 10913.2 10913.2 1e+100
4 4357.88 8715.76 1e+100
2 6606.52 26426.1 1e+100
3 7760.8 7760.8 1e+100
5 5924.46 23697.9 1e+100
4 6890.48 13781 1e+100
2 4023.51 16094 1e+100
5 8416.42 16832.8 1e+100
0 7566.7 7566.7 1e+100
1 4758.63 9517.25 1e+100
0 2546.85 2546.85 1e+100
2 7145.29 28581.2 1e+100
4 3983.94 7967.88 1e+100
53
1 456.472 912.945 1e+100
2 224.01 224.01 1e+100
3 148.116 148.116 1e+100
4 308.224 616.448 1e+100
5 290.732 1162.93 1e+100
0 638.506 638.506 1e+100
2 2419.56 9678.23 1e+100
4 1777.29 3554.59 1e+100
5 3720.28 14881.1 1e+100
0 15045.8 15045.8 1e+100
0 16988.4 16988.4 1e+100
0 2101.37 2101.37 1e+100
3 1722.86 1722.86 1e+100
2 7638.24 30553 1e+100
4 8075.37 16150.7 1e+100
1 2232.84 4465.67 1e+100
5 1234.83 4939.34 1e+100
4 2832.74 5665.48 1e+100
0 3112.62 3112.62 1e+100
3 15761.9 15761.9 1e+100
1 4503.03 9006.07 1e+100
3 12792 12792 1e+100
1 12005.3 24010.5 1e+100
3 3530.49 3530.49 1e+100
1 1931.05 3862.1 1e+100
3 1401.29 1401.29 1e+100
0 5178.31 5178.31 1e+100
3 4009.9 4009.9 1e+100
3 8440.45 8440.45 1e+100
5 12766.8 12766.8 1e+100
3 5698.2 5698.2 1e+100
2 138.39 553.561 1e+100
1 6952.97 13905.9 1e+100
1 11284 22568 1e+100
4 8247.49 16495 1e+100
0 4602.76 4602.76 1e+100
2 8603.09 17206.2 1e+100
1 4719.18 9438.37 1e+100
1 2550.09 5100.18 1e+100
0 8163.52 8163.52 1e+100
2 10415.3 20830.6 1e+100
5 425.513 851.027 1e+100
0 5940.17 5940.17 1e+100
2 4207.29 16829.2 1e+100
4 11581.8 23163.6 1e+100
2 562.952 2251.81 1e+100
0 426.06 426.06 1e+100
4 9424.02 18848 1e+100
5 4315.94 17263.8 1e+100
5 2262.32 4524.64 1e+100
5 5475.26 21901 1e+100
5 7431.68 29726.7 1e+100
2 5040.01 10080 1e+100
59
5 300.169 600.338 1e+100
4 246.727 493.454 1e+100
3 180.119 180.119 1e+100
2 296.525 1186.1 1e+100
1 354.503 354.503 1e+100
0 511.21 511.21 1e+100
5 2367.53 9470.11 1e+100
5 8563.8 34255.2 1e+100
1 10372.6 10372.6 1e+100
5 4427.92 17711.7 1e+100
3 1932.54 1932.54 1e+100
4 3524.73 3524.73 1e+100
0 7476.54 7476.54 1e+100
4 1633.04 3266.07 1e+100
1 3944.4 7888.81 1e+100
3 3652 3652 1e+100
0 3390.33 3390.33 1e+100
3 5574.72 5574.72 1e+100
0 1693.61 1693.61 1e+100
1 1708.6 1708.6 1e+100
2 1004.12 4016.48 1e+100
2 8961.82 35847.3 1e+100
2 2295.44 9181.75 1e+100
1 6534.09 13068.2 1e+100
4 3338.32 6676.65 1e+100
3 6851.9 6851.9 1e+100
0 2910.59 2910.59 1e+100
4 5035.23 10070.5 1e+100
1 3507.7 7015.41 1e+100
0 6500.9 6500.9 1e+100
3 7627.98 7627.98 1e+100
4 9573.63 19147.3 1e+100
0 14259 14259 1e+100
5 6611.23 26444.9 1e+100
2 2247.53 8990.13 1e+100
4 5822.68 11645.4 1e+100
5 10003.7 40014.9 1e+100
3 8389.57 8389.57 1e+100
2 8294.46 33177.8 1e+100
3 10134.9 10134.9 1e+100
5 11540.8 23081.5 1e+100
3 11947.2 11947.2 1e+100
4 11670.8 23341.5 1e+100
5 13373.3 26746.5 1e+100
0 7476.03 7476.03 1e+100
0 9144.91 9144.91 1e+100
4 13371.3 26742.6 1e+100
1 11264.2 22528.3 1e+100
5 1145.52 4582.09 1e+100
2 3105.32 12421.3 1e+100
2 10082.3 40329.2 1e+100
2 12296.8 24593.6 1e+100
5 6890.7 27562.8 1e+100
3 13036.3 13036.3 1e+100
1 12986.9 25973.8 1e+100
4 8617.66 17235.3 1e+100
3 1176.53 1176.53 1e+100
1 7990.24 15980.5 1e+100
0 9422.42 9422.42 1e+100
57
5 318.099 1272.39 1e+100
0 425.69 425.69 1e+100
2 163.775 327.55 1e+100
4 232.672 465.343 1e+100
1 415.465 830.93 1e+100
3 146.983 146.983 1e+100
3 3879.39 3879.39 1e+100
5 1755.65 7022.62 1e+100
2 4073.16 16292.7 1e+100
1 5084.57 10169.1 1e+100
4 3734.29 7468.58 1e+100
3 1554.36 1554.36 1e+100
1 3551.1 7102.2 1e+100
4 5307.07 10614.1 1e+100
1 1271.92 2543.83 1e+100
4 6947.83 13895.7 1e+100
2 1223.02 2446.04 1e+100
3 5202.14 5202.14 1e+100
5 3835.7 15342.8 1e+100
2 4949.35 9898.69 1e+100
4 398.932 797.863 1e+100
1 10618.5 10618.5 1e+100
1 5091.29 10182.6 1e+100
2 10027.2 40109 1e+100
0 2285.63 2285.63 1e+100
1 13360.5 26721 1e+100
3 11678.4 11678.4 1e+100
0 313.998 313.998 1e+100
1 5746.4 5746.4 1e+100
3 7189.51 7189.51 1e+100
1 7220.3 14440.6 1e+100
0 8907.38 8907.38 1e+100
5 9180 36720 1e+100
0 10219.7 10219.7 1e+100
5 4471.85 17887.4 1e+100
3 8078.12 8078.12 1e+100
2 11856.1 23712.1 1e+100
4 4201.31 8402.62 1e+100
2 13039.9 26079.9 1e+100
3 2730.89 2730.89 1e+100
0 10555.8 10555.8 1e+100
0 5695.42 5695.42 1e+100
0 12115 12115 1e+100
0 1002.56 1002.56 1e+100
4 9133.2 18266.4 1e+100
5 4872.94 19491.7 1e+100
5 1029.26 4117.03 1e+100
4 5382.08 10764.2 1e+100
2 3476.41 13905.6 1e+100
0 2083.97 2083.97 1e+100
5 9704.26 19408.5 1e+100
4 6633.87 13267.7 1e+100
2 8275.74 33103 1e+100
5 12186.3 12186.3 1e+100
3 12274.5 12274.5 1e+100
4 10272.5 20544.9 1e+100
0 2759.02 2759.02 1e+100
56
5 300.169 600.338 1e+100
4 246.727 493.454 1e+100
3 180.119 180.119 1e+100
2 296.525 1186.1 1e+100
1 354.503 354.503 1e+100
0 511.21 511.21 1e+100
5 4158.5 16634 1e+100
2 1964.45 7857.79 1e+100
3 16924.4 16924.4 1e+100
2 3917.42 15669.7 1e+100
0 5768.01 5768.01 1e+100
0 3888.28 3888.28 1e+100
3 5592.9 5592.9 1e+100
4 1633.04 3266.07 1e+100
1 2230.19 4460.39 1e+100
0 9474.24 9474.24 1e+100
3 1506.7 1506.7 1e+100
0 7407.53 7407.53 1e+100
0 1693.61 1693.61 1e+100
3 7318.05 7318.05 1e+100
5 968.787 3875.15 1e+100
5 5812.27 23249.1 1e+100
2 6166.99 24668 1e+100
4 6528.89 13057.8 1e+100
4 1529.68 3059.36 1e+100
3 7312.96 7312.96 1e+100
3 1026.96 1026.96 1e+100
4 3226.59 6453.17 1e+100
1 1793.49 3586.99 1e+100
4 7658.37 15316.7 1e+100
1 7567.24 15134.5 1e+100
3 11329.5 11329.5 1e+100
1 8723.49 17447 1e+100
4 10225 20449.9 1e+100
2 1312.24 5248.94 1e+100
3 6963.43 6963.43 1e+100
1 9010.76 18021.5 1e+100
1 3471.65 6943.3 1e+100
0 6433.77 6433.77 1e+100
0 11920.8 11920.8 1e+100
1 12075 12075 1e+100
4 12172.2 12172.2 1e+100
0 8609 8609 1e+100
5 10034.3 20068.6 1e+100
2 4759.64 19038.5 1e+100
2 7612.03 30448.1 1e+100
4 10370.7 20741.4 1e+100
5 4002.54 16010.1 1e+100
0 9690.41 9690.41 1e+100
2 9536.74 19073.5 1e+100
1 9610.18 19220.4 1e+100
5 6811.91 27247.6 1e+100
2 12018.8 12018.8 1e+100
0 12858.4 12858.4 1e+100
5 11173.6 22347.1 1e+100
1 12269.4 12269.4 1e+100
56
5 173.904 695.617 1e+100
4 315.065 630.131 1e+100
3 197.944 197.944 1e+100
2 2585.24 10341 1e+100
3 7086.2 7086.2 1e+100
1 271.729 271.729 1e+100
0 561.977 561.977 1e+100
3 1290.31 1290.31 1e+100
5 3434.47 13737.9 1e+100
1 9721.6 19443.2 1e+100
0 1960.96 1960.96 1e+100
4 16793.6 16793.6 1e+100
1 11008 22016 1e+100
5 7537.61 30150.4 1e+100
5 667.007 2668.03 1e+100
4 18176.1 18176.1 1e+100
1 1255.65 2511.3 1e+100
2 15979.6 15979.6 1e+100
4 1313.37 2626.74 1e+100
3 1366.46 1366.46 1e+100
4 13155.3 26310.7 1e+100
0 10289 10289 1e+100
0 6698.41 6698.41 1e+100
2 9666.39 38665.5 1e+100
5 2915.83 11663.3 1e+100
0 982.088 982.088 1e+100
4 1838.73 3677.45 1e+100
1 857.01 1714.02 1e+100
4 3592.28 7184.57 1e+100
1 2970.16 5940.31 1e+100
3 9378.34 9378.34 1e+100
0 6793.89 6793.89 1e+100
3 5688.58 5688.58 1e+100
1 4110.78 8221.57 1e+100
4 9068.46 18136.9 1e+100
2 4047.13 16188.5 1e+100
5 6178.96 24715.8 1e+100
2 560.823 2243.29 1e+100
2 10357.3 20714.6 1e+100
0 10092.4 10092.4 1e+100
3 13956.8 13956.8 1e+100
0 1170.62 1170.62 1e+100
0 13946.6 13946.6 1e+100
1 10181.8 10181.8 1e+100
1 13834.9 13834.9 1e+100
1 11961.6 11961.6 1e+100
0 11377.3 11377.3 1e+100
5 13683 13683 1e+100
2 4187.23 16748.9 1e+100
0 1803.71 1803.71 1e+100
3 10215.2 10215.2 1e+100
2 14548 14548 1e+100
5 6833.38 27333.5 1e+100
1 7059.88 14119.8 1e+100
5 9906.45 19812.9 1e+100
4 4653.91 9307.83 1e+100
51
1 456.472 912.945 1e+100
2 224.01 224.01 1e+100
3 148.116 148.116 1e+100
4 308.224 616.448 1e+100
5 290.732 1162.93 1e+100
0 638.506 638.506 1e+100
5 3372.73 13490.9 1e+100
4 1777.29 3554.59 1e+100
2 2263.23 9052.94 1e+100
3 3793.7 3793.7 1e+100
0 2157.92 2157.92 1e+100
3 1569.72 1569.72 1e+100
0 6183.15 6183.15 1e+100
2 4185.02 16740.1 1e+100
1 4327.84 8655.67 1e+100
5 1259.42 2518.85 1e+100
5 4879.77 19519.1 1e+100
5 6639.48 13279 1e+100
3 6624.48 6624.48 1e+100
2 5653.36 22613.4 1e+100
4 6679.5 13359 1e+100
5 12859.7 25719.4 1e+100
0 1892.57 1892.57 1e+100
0 5528.91 5528.91 1e+100
4 10091.9 20183.9 1e+100
4 3653.11 7306.23 1e+100
4 7808.97 15617.9 1e+100
4 138.867 277.735 1e+100
4 12201.3 12201.3 1e+100
2 2258.27 4516.55 1e+100
1 5545.61 11091.2 1e+100
2 4880.12 19520.5 1e+100
3 9817.94 9817.94 1e+100
2 8627.4 17254.8 1e+100
0 7912.48 7912.48 1e+100
3 7512.35 7512.35 1e+100
3 5969.45 5969.45 1e+100
0 9749.31 9749.31 1e+100
3 417.449 417.449 1e+100
2 11079.7 11079.7 1e+100
0 5379.66 5379.66 1e+100
0 11214.7 11214.7 1e+100
1 12407.3 12407.3 1e+100
2 5181.8 20727.2 1e+100
3 3524.36 3524.36 1e+100
1 9258.67 9258.67 1e+100
5 12011 12011 1e+100
5 5226.48 20905.9 1e+100
1 4648.69 9297.39 1e+100
1 6610.03 13220.1 1e+100
5 2741.3 5482.59 1e+100
55
5 173.904 695.617 1e+100
4 315.065 630.131 1e+100
3 197.944 197.944 1e+100
2 2585.24 10341 1e+100
0 4942.07 4942.07 1e+100
1 271.729 271.729 1e+100
0 561.977 561.977 1e+100
3 1290.31 1290.31 1e+100
5 3434.47 13737.9 1e+100
4 1943.89 3887.77 1e+100
0 16543.6 16543.6 1e+100
3 4808.8 4808.8 1e+100
4 7017.48 14035 1e+100
5 6540.38 26161.5 1e+100
5 667.007 2668.03 1e+100
1 1418.27 2836.55 1e+100
3 15988.6 15988.6 1e+100
4 1657.76 3315.52 1e+100
3 660.457 660.457 1e+100
1 3379.64 6759.29 1e+100
2 12180.3 48721.3 1e+100
2 7195.66 28782.7 1e+100
3 3808.46 3808.46 1e+100
1 5733.53 11467.1 1e+100
4 1842.26 3684.52 1e+100
1 888.227 1776.45 1e+100
4 5721.67 11443.3 1e+100
0 7234.21 7234.21 1e+100
4 14230.6 14230.6 1e+100
0 3544.45 3544.45 1e+100
4 8404.68 16809.4 1e+100
1 7757.04 15514.1 1e+100
5 1409.67 5638.68 1e+100
5 9927.05 39708.2 1e+100
2 560.823 2243.29 1e+100
4 6052.05 12104.1 1e+100
1 8900.29 17800.6 1e+100
0 13969 13969 1e+100
3 8636.42 8636.42 1e+100
3 6886.62 6886.62 1e+100
2 13000.1 13000.1 1e+100
3 5289.85 5289.85 1e+100
4 9125.22 18250.4 1e+100
2 7289.23 29156.9 1e+100
5 6555.9 26223.6 1e+100
1 11022.6 22045.1 1e+100
2 2029.99 8119.95 1e+100
3 3314.44 3314.44 1e+100
5 10808.1 21616.1 1e+100
4 10580.4 21160.8 1e+100
5 3586.24 14345 1e+100
5 13290.1 13290.1 1e+100
3 9574.01 9574.01 1e+100
1 12112 24224 1e+100
0 8784.65 8784.65 1e+100
65
1 456.472 912.945 1e+100
2 224.01 224.01 1e+100
3 148.116 148.116 1e+100
4 308.224 616.448 1e+100
5 290.732 1162.93 1e+100
0 638.506 638.506 1e+100
2 2419.56 9678.23 1e+100
4 1777.29 3554.59 1e+100
5 1681.62 6726.46 1e+100
0 12096.5 12096.5 1e+100
0 14039 14039 1e+100
0 3959.05 3959.05 1e+100
3 1722.86 1722.86 1e+100
5 3603.41 14413.6 1e+100
1 8627.62 17255.2 1e+100
4 3128.23 6256.46 1e+100
2 11415.3 45661.2 1e+100
4 4372.84 8745.68 1e+100
0 1068.32 1068.32 1e+100
3 8488.09 8488.09 1e+100
1 614.771 1229.54 1e+100
3 5518.15 5518.15 1e+100
1 2471.89 4943.78 1e+100
3 3049.39 3049.39 1e+100
4 10158.2 20316.4 1e+100
0 5472.19 5472.19 1e+100
3 13533.9 13533.9 1e+100
2 1925.37 7701.5 1e+100
5 5622.72 22490.9 1e+100
3 371.739 371.739 1e+100
4 11258.8 22517.5 1e+100
4 14126.1 28252.1 1e+100
1 2370.67 4741.35 1e+100
4 5176.71 10353.4 1e+100
5 14793.7 14793.7 1e+100
0 15401.5 15401.5 1e+100
5 17277.4 17277.4 1e+100
1 15364.5 30729 1e+100
4 17030 34060 1e+100
2 5201.38 20805.5 1e+100
5 6840.34 27361.4 1e+100
5 9995.5 39982 1e+100
5 504.546 2018.18 1e+100
3 8004.32 8004.32 1e+100
2 2307.19 9228.75 1e+100
3 12858.3 12858.3 1e+100
4 2212.46 4424.92 1e+100
0 1173.2 1173.2 1e+100
4 5590.96 11181.9 1e+100
1 8654.38 17308.8 1e+100
3 9542.6 9542.6 1e+100
0 5172 5172 1e+100
2 14901.5 29803 1e+100
1 16243.3 32486.6 1e+100
2 8643.49 34574 1e+100
5 11038.9 44155.6 1e+100
5 1412.75 5651.01 1e+100
1 10068.6 20137.2 1e+100
2 10189.8 40759.2 1e+100
3 13934.7 13934.7 1e+100
2 12154.6 24309.2 1e+100
1 11585 23170 1e+100
0 9575.13 9575.13 1e+100
4 12961.4 25922.7 1e+100
0 11179 11179 1e+100
51
5 173.904 695.617 1e+100
4 315.065 630.131 1e+100
3 197.944 197.944 1e+100
2 2585.24 10341 1e+100
0 11737.9 11737.9 1e+100
1 271.729 271.729 1e+100
0 561.977 561.977 1e+100
3 1290.31 1290.31 1e+100
5 3434.47 13737.9 1e+100
1 9875.77 19751.5 1e+100
0 3752.82 3752.82 1e+100
3 3154.47 3154.47 1e+100
1 11162.1 22324.3 1e+100
5 9857.81 39431.3 1e+100
5 667.007 2668.03 1e+100
4 4413.35 8826.7 1e+100
1 1380.45 2760.91 1e+100
0 15632.1 15632.1 1e+100
4 8681.47 17362.9 1e+100
2 9263.73 37054.9 1e+100
0 144.993 144.993 1e+100
1 10953.4 21906.8 1e+100
4 1101.43 1101.43 1e+100
3 6549.72 6549.72 1e+100
0 6586.77 6586.77 1e+100
2 5564.18 22256.7 1e+100
5 5236.04 20944.2 1e+100
3 2154.13 2154.13 1e+100
4 9150.19 18300.4 1e+100
1 1011.18 2022.36 1e+100
4 10903.8 21807.5 1e+100
1 3124.32 6248.65 1e+100
3 12504.3 12504.3 1e+100
0 2550.48 2550.48 1e+100
0 10340.3 10340.3 1e+100
1 4264.95 8529.9 1e+100
1 11303.7 22607.4 1e+100
2 8921.08 35684.3 1e+100
5 1834.42 7337.68 1e+100
2 561.775 2247.1 1e+100
5 10103.8 40415 1e+100
3 5810.53 5810.53 1e+100
2 9859.55 39438.2 1e+100
4 12792.2 25584.5 1e+100
5 7520.75 30083 1e+100
1 12183.7 24367.4 1e+100
3 7288.8 7288.8 1e+100
4 1740.15 3480.29 1e+100
3 1474.55 1474.55 1e+100
5 10642.5 42570.1 1e+100
2 11056.9 22113.8 1e+100
54
5 173.904 695.617 1e+100
4 315.065 630.131 1e+100
3 197.944 197.944 1e+100
2 2585.24 10341 1e+100
3 17381.1 17381.1 1e+100
1 271.729 271.729 1e+100
0 561.977 561.977 1e+100
0 2011.67 2011.67 1e+100
5 3434.47 13737.9 1e+100
4 6893.24 13786.5 1e+100
0 16454.8 16454.8 1e+100
3 8183.99 8183.99 1e+100
4 1489.5 2979 1e+100
2 7447.56 29790.2 1e+100
5 667.007 2668.03 1e+100
1 1031.95 2063.9 1e+100
1 3430.71 6861.41 1e+100
5 5554.48 11109 1e+100
2 4282.45 17129.8 1e+100
5 3560.74 14242.9 1e+100
3 179.459 179.459 1e+100
4 1662.16 1662.16 1e+100
1 4910.81 9821.62 1e+100
0 4627.66 4627.66 1e+100
3 1826.5 1826.5 1e+100
0 11111.9 11111.9 1e+100
3 7878.76 7878.76 1e+100
5 14657.6 29315.1 1e+100
0 5681.47 5681.47 1e+100
3 9212.8 9212.8 1e+100
3 11820.9 11820.9 1e+100
0 1071.14 1071.14 1e+100
2 8289.98 33159.9 1e+100
1 6552.39 13104.8 1e+100
5 14435.9 28871.8 1e+100
1 10501.6 21003.2 1e+100
3 2089.06 2089.06 1e+100
4 3998.8 7997.61 1e+100
4 582.85 1165.7 1e+100
1 4054.18 8108.35 1e+100
4 11961.7 11961.7 1e+100
4 9714.48 19429 1e+100
1 7671.12 15342.2 1e+100
0 6486.68 6486.68 1e+100
2 8988.3 35953.2 1e+100
4 5388.51 10777 1e+100
2 5095.41 20381.7 1e+100
1 11752.5 11752.5 1e+100
2 10660.9 21321.7 1e+100
5 5609.11 22436.5 1e+100
5 3555.49 7110.99 1e+100
5 9169.4 36677.6 1e+100
5 6581.81 26327.2 1e+100
4 6406.45 12812.9 1e+100
53
5 300.169 600.338 1e+100
4 246.727 493.454 1e+100
3 180.119 180.119 1e+100
2 296.525 1186.1 1e+100
1 354.503 354.503 1e+100
0 511.21 511.21 1e+100
5 8205.71 32822.8 1e+100
2 1964.45 7857.79 1e+100
3 9562.2 9562.2 1e+100
5 3925.49 15702 1e+100
0 2503.76 2503.76 1e+100
0 14495.7 14495.7 1e+100
0 6201.6 6201.6 1e+100
4 1633.04 3266.07 1e+100
1 3944.4 7888.81 1e+100
3 1603.74 1603.74 1e+100
0 15806.4 15806.4 1e+100
4 3260.17 3260.17 1e+100
3 3533.46 3533.46 1e+100
1 1708.6 1708.6 1e+100
5 968.787 3875.15 1e+100
2 4257.23 17028.9 1e+100
1 4950.55 9901.1 1e+100
3 14422.5 14422.5 1e+100
4 11524.9 23049.8 1e+100
0 1677.71 1677.71 1e+100
2 5095.12 10190.2 1e+100
1 4857.93 9715.86 1e+100
4 5743.75 11487.5 1e+100
3 8025.16 8025.16 1e+100
4 6900 13800 1e+100
4 8236.25 16472.5 1e+100
5 5191.31 20765.2 1e+100
3 1421.21 1421.21 1e+100
5 11057.5 22114.9 1e+100
0 5892.52 5892.52 1e+100
1 9910.91 19821.8 1e+100
4 630.766 1261.53 1e+100
1 5806.17 11612.3 1e+100
4 12517 12517 1e+100
5 8634.82 17269.6 1e+100
1 7255.02 14510 1e+100
0 7229.93 7229.93 1e+100
5 444.097 1776.39 1e+100
4 9874.3 19748.6 1e+100
5 6357.57 25430.3 1e+100
0 3242.8 3242.8 1e+100
1 11141.1 22282.1 1e+100
2 826.435 3305.74 1e+100
2 8877.49 17755 1e+100
2 3307.53 13230.1 1e+100
2 5263.95 21055.8 1e+100
4 764.678 1529.36 1e+100
54
5 318.099 1272.39 1e+100
0 425.69 425.69 1e+100
2 163.775 327.55 1e+100
4 232.672 465.343 1e+100
1 415.465 830.93 1e+100
3 146.983 146.983 1e+100
3 1779.79 1779.79 1e+100
5 3563.79 14255.1 1e+100
2 4073.16 16292.7 1e+100
1 5084.57 10169.1 1e+100
4 5485.76 10971.5 1e+100
0 4090.24 4090.24 1e+100
1 3551.1 7102.2 1e+100
4 3708.98 7417.96 1e+100
1 1271.92 2543.83 1e+100
4 6896.37 13792.7 1e+100
2 1223.02 2446.04 1e+100
3 7311.27 7311.27 1e+100
5 615.247 2460.99 1e+100
2 4949.35 9898.69 1e+100
4 398.932 797.863 1e+100
2 15446.1 15446.1 1e+100
1 5091.29 10182.6 1e+100
5 3990.42 15961.7 1e+100
0 144.993 144.993 1e+100
4 9570.7 19141.4 1e+100
2 12275.9 12275.9 1e+100
3 7379.86 7379.86 1e+100
0 10488.4 10488.4 1e+100
0 7414.7 7414.7 1e+100
0 2962.33 2962.33 1e+100
4 5486.67 10973.3 1e+100
3 447.509 447.509 1e+100
5 4661.81 18647.2 1e+100
2 5261.73 21046.9 1e+100
1 4559.35 9118.69 1e+100
1 6552.94 13105.9 1e+100
4 12387.9 12387.9 1e+100
5 11051.1 11051.1 1e+100
4 5544.56 5544.56 1e+100
1 11460.1 11460.1 1e+100
3 10542.6 10542.6 1e+100
3 6355.04 6355.04 1e+100
3 508.738 508.738 1e+100
3 12162.2 12162.2 1e+100
3 8082.45 8082.45 1e+100
5 4909.95 19639.8 1e+100
0 2579.71 2579.71 1e+100
0 10163.6 10163.6 1e+100
5 12266.8 12266.8 1e+100
2 5689 22756 1e+100
1 8144.47 16288.9 1e+100
4 7859.84 15719.7 1e+100
5 7116.99 14234 1e+100
55
5 318.099 1272.39 1e+100
0 425.69 425.69 1e+100
2 163.775 327.55 1e+100
4 232.672 465.343 1e+100
1 415.465 830.93 1e+100
3 146.983 146.983 1e+100
3 1779.79 1779.79 1e+100
5 1755.65 7022.62 1e+100
2 4073.16 16292.7 1e+100
1 5084.57 10169.1 1e+100
1 9748.87 19497.7 1e+100
0 4090.24 4090.24 1e+100
1 3551.1 7102.2 1e+100
4 9596.79 19193.6 1e+100
1 1271.92 2543.83 1e+100
4 3534.17 7068.35 1e+100
2 1223.02 2446.04 1e+100
3 3102.54 3102.54 1e+100
5 9307.84 37231.4 1e+100
2 4949.35 9898.69 1e+100
4 398.932 797.863 1e+100
3 10646.8 10646.8 1e+100
1 5091.29 10182.6 1e+100
5 2182.29 8729.15 1e+100
0 144.993 144.993 1e+100
1 8933.45 17866.9 1e+100
3 6064.51 6064.51 1e+100
0 5512.14 5512.14 1e+100
0 11540.3 11540.3 1e+100
0 7221.73 7221.73 1e+100
3 2811.6 2811.6 1e+100
3 6741.33 6741.33 1e+100
0 8910.03 8910.03 1e+100
5 4227.34 16909.4 1e+100
4 9045.82 18091.6 1e+100
2 9142.26 18284.5 1e+100
4 2946.88 5893.76 1e+100
3 11259.5 11259.5 1e+100
1 10715.5 21431 1e+100
4 885.48 1770.96 1e+100
1 8482.11 16964.2 1e+100
3 12967.3 12967.3 1e+100
5 8988.44 17976.9 1e+100
4 10164.6 20329.1 1e+100
2 12598.7 12598.7 1e+100
5 6733.79 26935.2 1e+100
5 10610.3 21220.6 1e+100
5 1032.78 4131.1 1e+100
0 754.491 754.491 1e+100
1 11945.6 23891.3 1e+100
2 1855.34 7421.36 1e+100
4 12001.4 24002.7 1e+100
2 3014.66 12058.6 1e+100
2 4971.08 19884.3 1e+100
4 5116.15 10232.3 1e+100
52
5 318.099 1272.39 1e+100
0 425.69 425.69 1e+100
2 163.775 327.55 1e+100
4 232.672 465.343 1e+100
1 415.465 830.93 1e+100
3 146.983 146.983 1e+100
3 12812.4 12812.4 1e+100
5 1755.65 7022.62 1e+100
2 4073.16 16292.7 1e+100
1 3558.16 7116.33 1e+100
4 7629.58 15259.2 1e+100
0 2087.28 2087.28 1e+100
1 2024.69 4049.39 1e+100
4 9202.36 18404.7 1e+100
1 8973.38 17946.8 1e+100
4 1377.47 2754.94 1e+100
2 1223.02 2446.04 1e+100
3 14135.2 14135.2 1e+100
5 3835.7 15342.8 1e+100
3 660.627 660.627 1e+100
4 2307.39 4614.78 1e+100
0 8416.93 8416.93 1e+100
1 3445.51 6891.03 1e+100
0 5948.17 5948.17 1e+100
4 3429.38 6858.75 1e+100
0 10294 10294 1e+100
0 1981.18 1981.18 1e+100
3 1359.76 1359.76 1e+100
3 3418 3418 1e+100
5 2869.77 5739.54 1e+100
4 11704.9 11704.9 1e+100
5 4336.07 17344.3 1e+100
2 3335.33 13341.3 1e+100
1 2970.2 5940.41 1e+100
5 8029.82 16059.6 1e+100
5 11124.9 11124.9 1e+100
0 1051.69 1051.69 1e+100
3 3951.95 3951.95 1e+100
2 11146.6 11146.6 1e+100
4 7999.66 7999.66 1e+100
3 11389.6 11389.6 1e+100
0 10993.7 10993.7 1e+100
4 11605.9 11605.9 1e+100
3 4976.96 4976.96 1e+100
5 4584.22 18336.9 1e+100
0 9017.54 9017.54 1e+100
1 8720.91 8720.91 1e+100
1 11395.4 11395.4 1e+100
2 3762.6 15050.4 1e+100
4 4877.74 9755.47 1e+100
1 6072.27 12144.5 1e+100
2 7107.68 14215.4 1e+100
38
5 173.904 695.617 1e+100
4 315.065 630.131 1e+100
3 197.944 197.944 1e+100
2 2585.24 10341 1e+100
0 6364.11 6364.11 1e+100
1 271.729 271.729 1e+100
0 561.977 561.977 1e+100
3 1290.31 1290.31 1e+100
5 3434.47 13737.9 1e+100
1 2739.49 5478.99 1e+100
0 1960.96 1960.96 1e+100
3 4808.8 4808.8 1e+100
1 7696.48 15393 1e+100
2 7224.86 28899.5 1e+100
5 667.007 2668.03 1e+100
4 1754.87 3509.73 1e+100
0 9395.98 9395.98 1e+100
1 7933.97 15867.9 1e+100
3 660.457 660.457 1e+100
2 1957.09 3914.19 1e+100
4 10270.1 10270.1 1e+100
3 3635.88 3635.88 1e+100
1 1008.88 2017.75 1e+100
3 9548.46 9548.46 1e+100
2 6693.62 26774.5 1e+100
5 7883.5 31534 1e+100
4 850.728 1701.46 1e+100
5 630.435 2521.74 1e+100
1 8681.62 8681.62 1e+100
2 7116.22 28464.9 1e+100
4 5614.38 11228.8 1e+100
5 2013.44 8053.76 1e+100
1 593.497 1186.99 1e+100
3 5222.74 5222.74 1e+100
4 1431.82 2863.65 1e+100
3 3301.71 3301.71 1e+100
5 3155.89 12623.6 1e+100
1 5169.15 10338.3 1e+100
62
5 318.099 1272.39 1e+100
0 425.69 425.69 1e+100
2 163.775 327.55 1e+100
4 232.672 465.343 1e+100
1 415.465 830.93 1e+100
3 146.983 146.983 1e+100
0 2287.34 2287.34 1e+100
5 1755.65 7022.62 1e+100
2 4073.16 16292.7 1e+100
4 5990.62 11981.2 1e+100
1 4286.6 8573.2 1e+100
3 16467.9 16467.9 1e+100
4 4457.16 8914.31 1e+100
1 5859.38 11718.8 1e+100
4 2177.97 4355.95 1e+100
1 7500.14 15000.3 1e+100
2 1223.02 2446.04 1e+100
0 3610.09 3610.09 1e+100
2 8825.13 35300.5 1e+100
3 660.627 660.627 1e+100
1 980.607 1961.21 1e+100
3 8359.88 8359.88 1e+100
4 5877.97 11755.9 1e+100
3 3767.44 3767.44 1e+100
1 7600.59 15201.2 1e+100
3 5647.94 5647.94 1e+100
0 7527.76 7527.76 1e+100
5 1207.18 4828.73 1e+100
5 5793.84 23175.3 1e+100
3 1089.78 1089.78 1e+100
4 6403.33 12806.7 1e+100
1 8096.16 16192.3 1e+100
5 12084.8 24169.5 1e+100
1 11751 23502.1 1e+100
4 7971.08 7971.08 1e+100
0 10714.8 10714.8 1e+100
5 14279.3 14279.3 1e+100
4 13606.8 27213.6 1e+100
4 11285.3 22570.6 1e+100
2 7176.98 28707.9 1e+100
5 7011.46 28045.8 1e+100
2 1485.45 5941.8 1e+100
1 8960.66 17921.3 1e+100
2 13118.5 26237.1 1e+100
0 1138.83 1138.83 1e+100
3 9664.18 9664.18 1e+100
0 7966.23 7966.23 1e+100
0 11661.2 11661.2 1e+100
0 3314.06 3314.06 1e+100
4 14327.3 28654.6 1e+100
5 1372.28 5489.11 1e+100
2 8191.49 32766 1e+100
1 13550.3 27100.5 1e+100
5 8168.36 32673.4 1e+100
0 5922.46 5922.46 1e+100
2 14551 29102 1e+100
1 11138.5 22276.9 1e+100
2 9967.15 39868.6 1e+100
0 13449.4 13449.4 1e+100
3 12711.1 12711.1 1e+100
1 14639.7 29279.4 1e+100
3 6541.11 6541.11 1e+100
55
5 318.099 1272.39 1e+100
0 425.69 425.69 1e+100
2 163.775 327.55 1e+100
4 232.672 465.343 1e+100
1 415.465 830.93 1e+100
3 146.983 146.983 1e+100
0 4412.31 4412.31 1e+100
5 3563.79 14255.1 1e+100
2 4073.16 16292.7 1e+100
1 5084.57 10169.1 1e+100
4 3328.08 6656.16 1e+100
0 2087.28 2087.28 1e+100
1 3551.1 7102.2 1e+100
4 4900.86 9801.72 1e+100
1 1271.92 2543.83 1e+100
4 1377.47 2754.94 1e+100
2 1223.02 2446.04 1e+100
0 5735.06 5735.06 1e+100
5 615.247 2460.99 1e+100
3 660.627 660.627 1e+100
4 7199.34 14398.7 1e+100
0 8746.44 8746.44 1e+100
1 4971.92 9943.84 1e+100
3 4181.52 4181.52 1e+100
4 8321.33 16642.7 1e+100
3 2052.32 2052.32 1e+100
3 7919.5 7919.5 1e+100
0 9826.35 9826.35 1e+100
1 5818.18 11636.4 1e+100
3 8478.38 8478.38 1e+100
2 8966.21 35864.8 1e+100
3 12847.5 12847.5 1e+100
5 2001.63 8006.52 1e+100
0 10715 10715 1e+100
1 7677.22 15354.4 1e+100
4 1980.52 3961.04 1e+100
1 8861.09 17722.2 1e+100
0 3263.8 3263.8 1e+100
1 12808.2 12808.2 1e+100
1 11058.4 11058.4 1e+100
4 11038 11038 1e+100
3 8299.98 8299.98 1e+100
5 9482.24 18964.5 1e+100
2 4659.14 18636.6 1e+100
5 4770.07 19080.3 1e+100
4 9236.5 18473 1e+100
2 1550.01 6200.05 1e+100
3 9381.38 9381.38 1e+100
2 9490.47 18980.9 1e+100
4 6824.7 13649.4 1e+100
5 1800.41 7201.64 1e+100
0 11652.6 11652.6 1e+100
5 10802.2 10802.2 1e+100
5 6552.98 13106 1e+100
3 2366.17 2366.17 1e+100
61
5 318.099 1272.39 1e+100
0 425.69 425.69 1e+100
2 163.775 327.55 1e+100
4 232.672 465.343 1e+100
1 415.465 830.93 1e+100
3 146.983 146.983 1e+100
3 7803.8 7803.8 1e+100
5 1755.65 7022.62 1e+100
2 4073.16 16292.7 1e+100
1 5084.57 10169.1 1e+100
4 3328.08 6656.16 1e+100
3 1554.36 1554.36 1e+100
1 3551.1 7102.2 1e+100
4 6705.74 13411.5 1e+100
1 1271.92 2543.83 1e+100
4 1377.47 2754.94 1e+100
2 1223.02 2446.04 1e+100
0 1581.81 1581.81 1e+100
5 3835.7 15342.8 1e+100
5 6880.74 27523 1e+100
2 4225.74 8451.48 1e+100
4 6910.48 13821 1e+100
0 3819.29 3819.29 1e+100
0 5464.83 5464.83 1e+100
1 4226.68 8453.36 1e+100
1 8210.54 16421.1 1e+100
2 12358.4 49433.5 1e+100
2 9705.47 38821.9 1e+100
3 868.674 868.674 1e+100
4 8005.45 16010.9 1e+100
4 10872.7 21745.5 1e+100
1 5388.22 10776.4 1e+100
4 12985.9 25971.8 1e+100
0 6811.34 6811.34 1e+100
0 542.081 542.081 1e+100
0 9295.04 9295.04 1e+100
4 987.84 1975.68 1e+100
1 10474.8 20949.7 1e+100
5 2187.56 8750.23 1e+100
5 11211.9 44847.5 1e+100
2 3070.63 12282.5 1e+100
1 13822.3 27644.6 1e+100
5 13265.8 26531.6 1e+100
0 13032.5 13032.5 1e+100
3 9608.02 9608.02 1e+100
3 7858.22 7858.22 1e+100
3 13464.2 13464.2 1e+100
3 821.651 821.651 1e+100
4 14875.3 29750.6 1e+100
2 12523.5 50093.9 1e+100
5 7840.74 31362.9 1e+100
4 12954.6 25909.3 1e+100
2 4539.8 18159.2 1e+100
3 4246.77 4246.77 1e+100
2 14424.4 28848.8 1e+100
1 11048.9 22097.8 1e+100
5 4871.08 19484.3 1e+100
0 14528.1 14528.1 1e+100
3 10545.6 10545.6 1e+100
1 14259.4 28518.8 1e+100
3 4921.81 4921.81 1e+100
49
5 318.099 1272.39 1e+100
0 425.69 425.69 1e+100
2 163.775 327.55 1e+100
4 232.672 465.343 1e+100
1 415.465 830.93 1e+100
3 146.983 146.983 1e+100
3 1779.79 1779.79 1e+100
5 1755.65 7022.62 1e+100
2 5876.08 23504.3 1e+100
1 6362.13 12724.3 1e+100
4 3328.08 6656.16 1e+100
0 2087.28 2087.28 1e+100
1 3551.1 7102.2 1e+100
4 6449.86 12899.7 1e+100
1 1271.92 2543.83 1e+100
4 1377.47 2754.94 1e+100
2 1223.02 2446.04 1e+100
3 3102.54 3102.54 1e+100
5 3835.7 15342.8 1e+100
2 2854.52 5709.04 1e+100
3 9689.38 9689.38 1e+100
4 2958.9 5917.8 1e+100
0 8510.11 8510.11 1e+100
1 7115.53 14231.1 1e+100
5 9604.93 9604.93 1e+100
3 9797.31 9797.31 1e+100
1 5087.55 5087.55 1e+100
1 1300.29 1300.29 1e+100
5 2368.21 9472.83 1e+100
4 6278.84 12557.7 1e+100
1 6964.11 13928.2 1e+100
5 5971.94 11943.9 1e+100
0 121.766 121.766 1e+100
0 2136.67 2136.67 1e+100
0 8381.33 8381.33 1e+100
0 10048.1 10048.1 1e+100
4 10080.1 10080.1 1e+100
3 358.112 358.112 1e+100
1 10103.1 10103.1 1e+100
5 10097.3 10097.3 1e+100
3 3613.93 3613.93 1e+100
5 2526.34 10105.4 1e+100
3 1693.6 1693.6 1e+100
2 8695.93 8695.93 1e+100
0 3352.46 3352.46 1e+100
2 2974.22 11896.9 1e+100
4 2125.24 4250.47 1e+100
2 6047.29 12094.6 1e+100
4 6233.65 12467.3 1e+100
55
5 173.904 695.617 1e+100
4 315.065 630.131 1e+100
3 197.944 197.944 1e+100
2 2585.24 10341 1e+100
3 11026.8 11026.8 1e+100
1 271.729 271.729 1e+100
0 561.977 561.977 1e+100
0 3855.55 3855.55 1e+100
5 9618.84 38475.4 1e+100
4 11159.7 22319.5 1e+100
0 7590.97 7590.97 1e+100
3 1190.48 1190.48 1e+100
4 1489.5 2979 1e+100
5 2913.65 11654.6 1e+100
5 667.007 2668.03 1e+100
2 3728.26 7456.52 1e+100
1 1380.45 2760.91 1e+100
3 12030.5 12030.5 1e+100
1 4978.16 9956.33 1e+100
2 13092.1 52368.6 1e+100
0 197.027 197.027 1e+100
4 1280.76 2561.52 1e+100
3 6202.02 6202.02 1e+100
3 14751.1 14751.1 1e+100
3 3896.24 3896.24 1e+100
3 822.532 822.532 1e+100
0 2466.43 2466.43 1e+100
4 2726.17 5452.35 1e+100
0 8487.38 8487.38 1e+100
5 3960.92 15843.7 1e+100
2 6176.82 24707.3 1e+100
1 928.106 1856.21 1e+100
5 1244.65 4978.62 1e+100
0 9254.31 9254.31 1e+100
2 7963.22 31852.9 1e+100
0 12581.3 12581.3 1e+100
4 4827.3 9654.6 1e+100
1 12719.3 12719.3 1e+100
4 8176.18 16352.4 1e+100
4 10012.7 20025.4 1e+100
0 10792.6 10792.6 1e+100
5 13339.7 13339.7 1e+100
1 8538.14 17076.3 1e+100
1 4342.07 8684.15 1e+100
5 9055.92 36223.7 1e+100
2 1829.55 7318.19 1e+100
5 6367.15 25468.6 1e+100
1 10008.2 20016.4 1e+100
5 10602.2 42408.9 1e+100
4 13319.6 13319.6 1e+100
4 11295.7 22591.5 1e+100
4 1770.21 3540.42 1e+100
0 3982.61 3982.61 1e+100
1 4807.99 9615.97 1e+100
2 10961.4 10961.4 1e+100
45
5 300.169 600.338 1e+100
4 246.727 493.454 1e+100
3 180.119 180.119 1e+100
2 296.525 1186.1 1e+100
1 354.503 354.503 1e+100
0 511.21 511.21 1e+100
2 4135.4 16541.6 1e+100
5 4038.17 16152.7 1e+100
0 12076 12076 1e+100
2 1858.09 7432.36 1e+100
3 1932.54 1932.54 1e+100
3 4005.5 4005.5 1e+100
0 4207.75 4207.75 1e+100
4 1633.04 3266.07 1e+100
1 4672.21 9344.43 1e+100
3 11571.3 11571.3 1e+100
0 1928.13 1928.13 1e+100
3 7589.01 7589.01 1e+100
3 9582.77 9582.77 1e+100
5 13552.3 13552.3 1e+100
5 968.787 3875.15 1e+100
2 5789.16 23156.7 1e+100
1 1297.89 2595.78 1e+100
3 12024.8 12024.8 1e+100
4 7897.19 15794.4 1e+100
4 688.17 688.17 1e+100
1 6147.16 12294.3 1e+100
0 2523.57 2523.57 1e+100
2 11903.1 11903.1 1e+100
0 6499.02 6499.02 1e+100
0 4211.88 4211.88 1e+100
5 3676.79 14707.2 1e+100
4 1065.38 2130.77 1e+100
1 5995.75 11991.5 1e+100
5 831.656 3326.62 1e+100
3 414.735 414.735 1e+100
2 5106.96 20427.8 1e+100
2 7343.53 14687.1 1e+100
5 4150.4 16601.6 1e+100
4 2175.69 4351.38 1e+100
4 8034.68 8034.68 1e+100
1 1361.68 2723.35 1e+100
1 8808.01 8808.01 1e+100
5 5292.85 21171.4 1e+100
4 5132.38 10264.8 1e+100
58
5 300.169 600.338 1e+100
4 246.727 493.454 1e+100
3 180.119 180.119 1e+100
2 296.525 1186.1 1e+100
1 354.503 354.503 1e+100
0 511.21 511.21 1e+100
2 4193.84 16775.3 1e+100
5 1929.11 7716.46 1e+100
0 8882.09 8882.09 1e+100
5 3882.09 15528.4 1e+100
3 5839.64 5839.64 1e+100
3 3959.91 3959.91 1e+100
3 9741.69 9741.69 1e+100
4 1633.04 3266.07 1e+100
1 2230.19 4460.39 1e+100
3 1603.74 1603.74 1e+100
3 7462.07 7462.07 1e+100
1 18411.9 18411.9 1e+100
0 14392.1 14392.1 1e+100
0 2167.07 2167.07 1e+100
2 1004.12 4016.48 1e+100
2 5847.6 23390.4 1e+100
1 5572.03 11144.1 1e+100
4 5574.75 11149.5 1e+100
0 9521.03 9521.03 1e+100
4 7568.9 15137.8 1e+100
5 4014.92 16059.7 1e+100
3 11579.3 11579.3 1e+100
4 739.672 1479.34 1e+100
1 2260.11 2260.11 1e+100
0 15616.2 15616.2 1e+100
0 2301.97 2301.97 1e+100
3 8057.52 8057.52 1e+100
4 15101.5 15101.5 1e+100
0 3305.12 3305.12 1e+100
2 13699.2 13699.2 1e+100
5 6059.97 24239.9 1e+100
4 9835.43 19670.9 1e+100
1 4005.93 8011.86 1e+100
5 9391.17 18782.3 1e+100
0 11672.4 11672.4 1e+100
1 9720.14 19440.3 1e+100
1 7852.94 15705.9 1e+100
4 288.333 576.666 1e+100
3 14403.4 14403.4 1e+100
5 13148 26296 1e+100
4 10954.2 21908.3 1e+100
3 12180 12180 1e+100
5 6758.29 27033.2 1e+100
1 11109.9 22219.7 1e+100
5 2865.4 11461.6 1e+100
3 10028.8 10028.8 1e+100
5 10567.7 21135.4 1e+100
2 2416.8 9667.19 1e+100
2 8778.43 17556.9 1e+100
2 5977.08 23908.3 1e+100
2 3389.49 13558 1e+100
4 5905.76 11811.5 1e+100
65
2 146.331 585.323 1e+100
4 285.073 285.073 1e+100
5 302.314 1209.26 1e+100
0 565.46 565.46 1e+100
3 17752.2 17752.2 1e+100
1 489.665 979.33 1e+100
3 167.2 167.2 1e+100
5 1947.43 7789.73 1e+100
3 11939.5 11939.5 1e+100
4 1951.32 3902.64 1e+100
0 7771.73 7771.73 1e+100
5 3798.67 15194.7 1e+100
1 1607.81 3215.62 1e+100
5 5517.09 11034.2 1e+100
2 6766.77 27067.1 1e+100
2 4360.93 8721.85 1e+100
1 5691.98 11384 1e+100
2 2280.69 9122.74 1e+100
0 9937.38 9937.38 1e+100
3 18932.3 18932.3 1e+100
5 6820.89 27283.6 1e+100
4 9094.89 18189.8 1e+100
1 3332.47 6664.95 1e+100
1 9562.12 19124.2 1e+100
5 10349 41396.1 1e+100
1 13929.4 27858.8 1e+100
0 16901.9 16901.9 1e+100
5 13808.7 27617.4 1e+100
3 7072.99 7072.99 1e+100
2 19513.4 39026.8 1e+100
4 6351.21 12702.4 1e+100
2 21298 21298 1e+100
4 9913.17 19826.3 1e+100
2 9138.59 36554.3 1e+100
3 2285.63 2285.63 1e+100
4 3088.47 6176.93 1e+100
0 2144.76 2144.76 1e+100
3 313.998 313.998 1e+100
0 9791.04 9791.04 1e+100
1 4700.14 9400.28 1e+100
4 14759.4 29518.8 1e+100
0 11197.8 11197.8 1e+100
1 12781 25562.1 1e+100
4 246.034 492.067 1e+100
2 4783.67 19134.7 1e+100
0 15663.9 15663.9 1e+100
5 14657.1 29314.2 1e+100
3 5183.07 5183.07 1e+100
1 13241.3 26482.6 1e+100
4 11476.2 22952.5 1e+100
4 9307.14 18614.3 1e+100
3 10546.7 10546.7 1e+100
5 12234.4 24468.9 1e+100
4 14465.7 28931.4 1e+100
3 8323.4 8323.4 1e+100
5 3780.96 15123.8 1e+100
1 14631 29262 1e+100
5 7748.81 30995.2 1e+100
3 735.117 735.117 1e+100
5 15833.6 31667.2 1e+100
2 8641.27 34565.1 1e+100
4 16302.5 32605.1 1e+100
2 9800.58 39202.3 1e+100
2 11757 47028 1e+100
1 6618.93 13237.9 1e+100
59
5 300.169 600.338 1e+100
4 246.727 493.454 1e+100
3 180.119 180.119 1e+100
2 296.525 1186.1 1e+100
1 354.503 354.503 1e+100
0 511.21 511.21 1e+100
5 4158.5 16634 1e+100
2 1964.45 7857.79 1e+100
3 7513.49 7513.49 1e+100
2 3917.42 15669.7 1e+100
0 13200 13200 1e+100
0 3888.28 3888.28 1e+100
2 17466 17466 1e+100
4 1633.04 3266.07 1e+100
1 2230.19 4460.39 1e+100
0 10868.5 10868.5 1e+100
0 8290.52 8290.52 1e+100
3 1523.79 1523.79 1e+100
0 1693.61 1693.61 1e+100
3 14423.1 14423.1 1e+100
5 968.787 3875.15 1e+100
5 5812.27 23249.1 1e+100
4 5666.2 11332.4 1e+100
4 9004.29 18008.6 1e+100
3 16727 16727 1e+100
1 5499.34 10998.7 1e+100
2 4050.25 16201 1e+100
0 15892.5 15892.5 1e+100
4 739.672 1479.34 1e+100
3 2671.89 2671.89 1e+100
5 16590.2 16590.2 1e+100
3 9310.63 9310.63 1e+100
1 5778.92 11557.8 1e+100
1 8881.37 17762.7 1e+100
3 5976.46 5976.46 1e+100
1 10037.6 20075.2 1e+100
4 10233.9 20467.9 1e+100
2 3535.17 14140.7 1e+100
1 329.926 329.926 1e+100
4 7642.58 15285.2 1e+100
5 9995.32 19990.6 1e+100
1 14215.9 14215.9 1e+100
0 9980.12 9980.12 1e+100
0 268.165 268.165 1e+100
4 13748.8 13748.8 1e+100
0 1762.94 1762.94 1e+100
1 10050.8 20101.6 1e+100
2 4701.74 18807 1e+100
5 7426.11 29704.5 1e+100
4 10379.7 20759.4 1e+100
5 4002.54 16010.1 1e+100
0 11108.6 11108.6 1e+100
2 9456.44 18912.9 1e+100
5 11503.1 23006.1 1e+100
2 6949.54 27798.2 1e+100
2 13743.5 13743.5 1e+100
0 13971.6 13971.6 1e+100
1 11190.1 22380.1 1e+100
4 10897.1 10897.1 1e+100
65
5 300.169 600.338 1e+100
4 246.727 493.454 1e+100
3 180.119 180.119 1e+100
2 296.525 1186.1 1e+100
1 354.503 354.503 1e+100
0 511.21 511.21 1e+100
2 2402.86 9611.44 1e+100
5 6082.47 24329.9 1e+100
3 6732.79 6732.79 1e+100
5 3925.49 15702 1e+100
0 2503.76 2503.76 1e+100
0 6579.39 6579.39 1e+100
3 17972.8 17972.8 1e+100
4 1633.04 3266.07 1e+100
1 2230.19 4460.39 1e+100
0 4223.23 4223.23 1e+100
0 13653 13653 1e+100
0 11683.3 11683.3 1e+100
0 17468.3 17468.3 1e+100
3 14934.3 14934.3 1e+100
5 968.787 3875.15 1e+100
2 9024.59 36098.4 1e+100
1 3236.34 6472.68 1e+100
5 19267.6 19267.6 1e+100
4 1185.91 2371.82 1e+100
3 139.074 139.074 1e+100
1 5197.71 10395.4 1e+100
2 1252.49 5009.96 1e+100
5 6638.27 26553.1 1e+100
0 6610.21 6610.21 1e+100
1 7551.6 15103.2 1e+100
4 1370.41 2740.81 1e+100
1 2706.29 5412.58 1e+100
1 12405.9 24811.8 1e+100
3 8660.17 8660.17 1e+100
0 4144.7 4144.7 1e+100
3 4970.41 4970.41 1e+100
4 12725.8 25451.7 1e+100
4 2474.66 4949.32 1e+100
2 2717.31 10869.2 1e+100
5 7855.89 31423.6 1e+100
2 7150.3 28601.2 1e+100
5 10287 41148 1e+100
3 15814.2 15814.2 1e+100
2 11898 47592.1 1e+100
0 16452.7 16452.7 1e+100
1 9441.67 18883.3 1e+100
1 17017.6 17017.6 1e+100
4 10195.3 20390.7 1e+100
1 12852.5 25705.1 1e+100
0 11321.2 11321.2 1e+100
0 14528.8 14528.8 1e+100
4 13700.8 27401.6 1e+100
2 13928.5 27856.9 1e+100
5 11711.3 46845.2 1e+100
2 8193.69 32774.8 1e+100
5 2428.3 9713.22 1e+100
4 3425.57 6851.14 1e+100
5 13257.6 53030.4 1e+100
4 16520.4 16520.4 1e+100
1 14135.6 28271.2 1e+100
4 7142.25 14284.5 1e+100
4 14169.1 14169.1 1e+100
4 4517.56 9035.11 1e+100
2 14820.2 14820.2 1e+100
76
2 146.331 585.323 1e+100
4 285.073 285.073 1e+100
5 302.314 1209.26 1e+100
0 565.46 565.46 1e+100
0 9366.4 9366.4 1e+100
1 489.665 979.33 1e+100
3 167.2 167.2 1e+100
5 1947.43 7789.73 1e+100
0 2123.29 2123.29 1e+100
4 1951.32 3902.64 1e+100
3 14371.4 14371.4 1e+100
5 3798.67 15194.7 1e+100
1 1607.81 3215.62 1e+100
1 3254.99 6509.99 1e+100
2 6668.8 26675.2 1e+100
4 6863.69 13727.4 1e+100
4 4518.21 9036.42 1e+100
2 2280.69 9122.74 1e+100
3 2089.54 2089.54 1e+100
0 18208.6 18208.6 1e+100
5 5019.67 20078.7 1e+100
1 9000.23 18000.5 1e+100
1 15975 31949.9 1e+100
1 17689.3 35378.7 1e+100
5 6535.04 26140.2 1e+100
4 15477.1 30954.3 1e+100
3 4280.12 4280.12 1e+100
4 16796.5 33593 1e+100
0 4233.2 4233.2 1e+100
1 13056.7 26113.4 1e+100
4 18386.2 36772.5 1e+100
5 11776.8 23553.5 1e+100
2 7731.23 30924.9 1e+100
5 7409.62 29638.5 1e+100
0 14564.9 14564.9 1e+100
0 1516.42 1516.42 1e+100
1 18449.1 36898.2 1e+100
3 7713.08 7713.08 1e+100
0 18200.3 18200.3 1e+100
0 20283.2 20283.2 1e+100
3 21127.8 21127.8 1e+100
4 5808.6 11617.2 1e+100
5 8654.57 34618.3 1e+100
2 8457.94 33831.7 1e+100
3 9205.46 9205.46 1e+100
1 4090.55 8181.1 1e+100
1 1628.6 3257.2 1e+100
5 12440.3 24880.5 1e+100
4 18758.3 37516.6 1e+100
3 12807.5 12807.5 1e+100
3 4270.14 4270.14 1e+100
3 15291.2 15291.2 1e+100
2 20359.5 40719 1e+100
1 18394.1 36788.1 1e+100
2 12287.1 49148.4 1e+100
2 9675.56 38702.2 1e+100
2 122.944 491.774 1e+100
2 21721.3 43442.7 1e+100
0 6280.97 6280.97 1e+100
4 19261.7 38523.4 1e+100
4 7504.88 15009.8 1e+100
1 7619.17 15238.3 1e+100
0 9841.72 9841.72 1e+100
4 9117.03 18234.1 1e+100
1 19282.5 38565.1 1e+100
0 7618.38 7618.38 1e+100
2 13535.5 54142.1 1e+100
1 21309.4 42618.8 1e+100
2 15360.2 61440.6 1e+100
0 1493.08 1493.08 1e+100
4 20491.8 40983.6 1e+100
5 11930.6 47722.4 1e+100
5 18659.9 37319.7 1e+100
5 13089.9 52359.6 1e+100
5 15046.3 60185.3 1e+100
2 16159.2 32318.3 1e+100
