43
14 335.515 671.031 1e+100
13 493.825 987.649 1e+100
16 62.4269 124.854 1e+100
2 419.398 838.797 1e+100
11 1305.52 5222.08 1e+100
17 173.336 693.346 1e+100
1 505.628 1011.26 1e+100
7 403.391 403.391 1e+100
6 460.567 460.567 1e+100
8 1080.91 2161.82 1e+100
14 637.34 1274.68 1e+100
15 1299.23 1299.23 1e+100
16 1048.97 2097.93 1e+100
5 472.967 472.967 1e+100
10 168.496 336.992 1e+100
9 1376.84 1376.84 1e+100
6 864.17 864.17 1e+100
2 735.545 735.545 1e+100
4 427.438 854.875 1e+100
0 190.678 190.678 1e+100
17 839.4 3357.6 1e+100
13 563.802 1127.6 1e+100
14 592.02 2368.08 1e+100
11 303.434 1213.73 1e+100
7 174.303 348.607 1e+100
10 223.47 446.94 1e+100
15 961.018 961.018 1e+100
8 148.102 296.204 1e+100
16 287.56 575.121 1e+100
13 221.722 443.445 1e+100
4 466.367 932.734 1e+100
2 107.348 107.348 1e+100
6 375.893 375.893 1e+100
7 346.545 346.545 1e+100
5 466.258 1865.03 1e+100
1 348.127 696.254 1e+100
10 290.482 580.964 1e+100
17 145.807 583.227 1e+100
12 316.549 316.549 1e+100
11 916.337 1832.67 1e+100
14 83.2473 332.989 1e+100
13 365.538 365.538 1e+100
8 126.776 126.776 1e+100
38
13 624.15 1248.3 1e+100
17 62.3086 124.617 1e+100
2 138.252 553.007 1e+100
7 532.873 1065.75 1e+100
10 267.027 534.054 1e+100
14 677.949 2711.8 1e+100
16 347.243 694.485 1e+100
0 763.056 763.056 1e+100
10 1179.36 2358.72 1e+100
4 725.706 725.706 1e+100
5 494.782 494.782 1e+100
3 215.186 215.186 1e+100
11 566.842 1133.68 1e+100
17 35.7208 142.883 1e+100
13 532.641 1065.28 1e+100
15 17.5808 17.5808 1e+100
14 1056.7 4226.78 1e+100
1 518.884 1037.77 1e+100
7 517.53 517.53 1e+100
4 1261.8 1261.8 1e+100
12 399.033 399.033 1e+100
5 154.032 616.13 1e+100
3 151.931 151.931 1e+100
16 189.297 189.297 1e+100
10 150.877 301.753 1e+100
2 145.938 583.753 1e+100
15 80.9696 80.9696 1e+100
6 580.566 580.566 1e+100
11 466.245 932.49 1e+100
17 442.435 1769.74 1e+100
0 211.256 211.256 1e+100
8 526.528 1053.06 1e+100
5 160.721 160.721 1e+100
7 718.367 718.367 1e+100
1 211.908 211.908 1e+100
6 1180.84 1180.84 1e+100
14 236.433 236.433 1e+100
16 13.0473 26.0946 1e+100
40
7 672.336 1344.67 1e+100
1 220.598 441.196 1e+100
2 116.881 467.526 1e+100
17 97.3534 389.414 1e+100
13 182.899 182.899 1e+100
11 731.385 1462.77 1e+100
2 968.827 3875.31 1e+100
13 5193.59 10387.2 1e+100
8 630.902 630.902 1e+100
16 661.261 1322.52 1e+100
1 819.812 1639.62 1e+100
14 167.288 334.575 1e+100
7 499.879 999.759 1e+100
13 169.585 339.17 1e+100
9 446.787 446.787 1e+100
15 184.627 184.627 1e+100
17 462.503 1850.01 1e+100
3 180.892 180.892 1e+100
6 1306.44 1306.44 1e+100
4 262.589 525.179 1e+100
13 523.768 523.768 1e+100
11 560.977 2243.91 1e+100
14 509.177 2036.71 1e+100
7 4944.5 4944.5 1e+100
10 1024.14 1024.14 1e+100
2 98.3505 393.402 1e+100
3 204.413 204.413 1e+100
16 192.193 384.386 1e+100
6 222.896 222.896 1e+100
8 272 272 1e+100
17 497.627 497.627 1e+100
5 718.634 2874.54 1e+100
1 347.493 694.986 1e+100
16 646.66 1293.32 1e+100
11 145.807 583.227 1e+100
12 316.549 316.549 1e+100
7 54.8011 109.602 1e+100
14 444.907 1779.63 1e+100
0 38.0118 38.0118 1e+100
2 174.924 174.924 1e+100
36
8 1258.76 2517.52 1e+100
17 483.143 966.287 1e+100
14 666.049 2664.2 1e+100
16 415.397 415.397 1e+100
7 435.614 871.227 1e+100
4 378.607 757.214 1e+100
0 382.751 382.751 1e+100
2 119.111 238.221 1e+100
16 1341.17 1341.17 1e+100
6 1333.66 1333.66 1e+100
1 698.579 698.579 1e+100
13 520.414 1040.83 1e+100
12 282.965 282.965 1e+100
17 291.527 1166.11 1e+100
10 311.195 622.391 1e+100
4 347.55 695.1 1e+100
15 1083.86 1083.86 1e+100
8 549.881 549.881 1e+100
11 742.677 742.677 1e+100
2 460.056 1840.23 1e+100
3 174.109 174.109 1e+100
0 378.948 378.948 1e+100
10 473.207 946.414 1e+100
5 273.106 1092.43 1e+100
7 42.9421 42.9421 1e+100
8 1072.19 1072.19 1e+100
14 279.407 279.407 1e+100
17 209.971 839.885 1e+100
13 122.651 245.303 1e+100
16 1077.53 2155.06 1e+100
2 145.807 583.227 1e+100
3 116.512 116.512 1e+100
4 333.582 667.164 1e+100
11 262.658 1050.63 1e+100
6 21.439 21.439 1e+100
12 452.109 452.109 1e+100
35
7 672.336 1344.67 1e+100
1 220.598 441.196 1e+100
2 116.881 467.526 1e+100
17 97.3534 389.414 1e+100
13 182.899 182.899 1e+100
11 731.385 1462.77 1e+100
5 472.967 472.967 1e+100
4 264.891 529.781 1e+100
15 889.324 889.324 1e+100
8 1594.8 1594.8 1e+100
12 763.572 763.572 1e+100
1 164.375 328.75 1e+100
3 539.823 539.823 1e+100
2 216.765 867.061 1e+100
10 311.195 622.391 1e+100
13 386.697 386.697 1e+100
11 286.064 1144.25 1e+100
17 262.277 1049.11 1e+100
0 233.224 233.224 1e+100
7 401.299 401.299 1e+100
5 660.56 2642.24 1e+100
16 415.447 415.447 1e+100
7 1532.26 3064.52 1e+100
4 147.412 147.412 1e+100
1 894.715 894.715 1e+100
2 29.6248 59.2496 1e+100
9 243.809 243.809 1e+100
3 440.222 440.222 1e+100
12 184.716 184.716 1e+100
11 154.676 618.706 1e+100
8 222.661 445.322 1e+100
14 267.922 267.922 1e+100
10 391.307 782.615 1e+100
15 206.884 206.884 1e+100
6 293.873 293.873 1e+100
34
13 624.15 1248.3 1e+100
17 62.3086 124.617 1e+100
2 138.252 553.007 1e+100
7 532.873 1065.75 1e+100
10 267.027 534.054 1e+100
14 677.949 2711.8 1e+100
16 347.243 694.485 1e+100
0 763.056 763.056 1e+100
1 560.142 1120.28 1e+100
9 358.219 358.219 1e+100
4 342.522 342.522 1e+100
11 457.758 457.758 1e+100
12 342.611 342.611 1e+100
13 689.629 689.629 1e+100
7 341.125 341.125 1e+100
10 649.329 649.329 1e+100
16 232.137 232.137 1e+100
1 325.909 325.909 1e+100
4 71.0953 71.0953 1e+100
12 30.8449 30.8449 1e+100
14 153.033 306.067 1e+100
2 174.256 174.256 1e+100
11 259.521 259.521 1e+100
15 248.632 248.632 1e+100
8 349.34 349.34 1e+100
4 836.948 836.948 1e+100
9 550.817 550.817 1e+100
7 231.168 462.336 1e+100
6 421.926 421.926 1e+100
0 358.462 358.462 1e+100
13 90.6669 181.334 1e+100
10 16.8152 33.6304 1e+100
1 273.154 273.154 1e+100
16 150.72 150.72 1e+100
36
8 1258.76 2517.52 1e+100
17 483.143 966.287 1e+100
14 666.049 2664.2 1e+100
16 415.397 415.397 1e+100
7 435.614 871.227 1e+100
4 378.607 757.214 1e+100
9 2773.08 2773.08 1e+100
2 310.233 1240.93 1e+100
12 225.748 225.748 1e+100
8 1345.49 5381.94 1e+100
15 595.465 595.465 1e+100
6 348.914 348.914 1e+100
17 211.105 211.105 1e+100
7 1089.32 1089.32 1e+100
1 422.509 845.017 1e+100
10 1040.08 2080.16 1e+100
16 407.012 407.012 1e+100
4 514.786 514.786 1e+100
14 330.26 330.26 1e+100
2 203.185 812.739 1e+100
3 174.109 174.109 1e+100
0 189.297 189.297 1e+100
13 482.183 964.367 1e+100
5 273.106 1092.43 1e+100
12 393.129 393.129 1e+100
8 870.956 870.956 1e+100
1 865.252 1730.5 1e+100
11 442.435 1769.74 1e+100
17 1330.03 1330.03 1e+100
7 741.224 1482.45 1e+100
2 171.199 171.199 1e+100
16 612.207 612.207 1e+100
4 145.235 145.235 1e+100
9 100.789 100.789 1e+100
15 133.55 133.55 1e+100
14 27.2769 54.5537 1e+100
36
13 624.15 1248.3 1e+100
17 62.3086 124.617 1e+100
2 138.252 553.007 1e+100
7 532.873 1065.75 1e+100
10 267.027 534.054 1e+100
14 677.949 2711.8 1e+100
16 347.243 694.485 1e+100
0 763.056 763.056 1e+100
1 560.142 1120.28 1e+100
4 181.2 181.2 1e+100
2 24.7933 24.7933 1e+100
11 457.758 457.758 1e+100
12 342.611 342.611 1e+100
17 150.175 600.701 1e+100
15 382.669 382.669 1e+100
7 220.063 440.126 1e+100
4 489.418 978.836 1e+100
14 200.098 200.098 1e+100
3 116.737 116.737 1e+100
1 149.036 298.071 1e+100
5 304.243 1216.97 1e+100
2 278.529 1114.11 1e+100
13 289.607 579.214 1e+100
10 645.489 1290.98 1e+100
16 530.617 1061.23 1e+100
6 580.566 580.566 1e+100
11 942.977 1885.95 1e+100
17 339.928 1359.71 1e+100
7 272.907 272.907 1e+100
8 526.528 1053.06 1e+100
9 510.891 510.891 1e+100
12 963.832 963.832 1e+100
14 62.3617 62.3617 1e+100
6 1180.84 1180.84 1e+100
15 873.763 873.763 1e+100
4 27.2769 54.5537 1e+100
38
16 780.631 780.631 1e+100
10 375.125 375.125 1e+100
14 580.914 580.914 1e+100
17 839.4 839.4 1e+100
1 412.849 825.698 1e+100
15 791.96 791.96 1e+100
2 298.247 596.493 1e+100
7 829.663 1659.33 1e+100
5 472.967 472.967 1e+100
11 443.86 887.72 1e+100
16 90.4196 90.4196 1e+100
14 108.925 108.925 1e+100
0 571.952 571.952 1e+100
4 427.438 854.875 1e+100
13 196.278 196.278 1e+100
17 475.64 1902.56 1e+100
10 218.425 436.851 1e+100
2 220.681 882.723 1e+100
5 356.474 1425.9 1e+100
7 136.75 273.5 1e+100
1 107.492 214.983 1e+100
6 565.149 565.149 1e+100
8 683.747 1367.49 1e+100
16 247.982 495.964 1e+100
10 149.842 299.685 1e+100
4 466.367 932.734 1e+100
0 64.0725 64.0725 1e+100
11 28.7547 115.019 1e+100
2 1037.34 4149.37 1e+100
9 655.819 655.819 1e+100
13 393.807 393.807 1e+100
3 181.447 181.447 1e+100
1 342.884 685.767 1e+100
17 318.691 1274.76 1e+100
7 264.985 264.985 1e+100
5 619.81 2479.24 1e+100
6 201.58 201.58 1e+100
14 52.1559 104.312 1e+100
34
7 672.336 1344.67 1e+100
1 220.598 441.196 1e+100
2 116.881 467.526 1e+100
17 97.3534 389.414 1e+100
13 182.899 182.899 1e+100
11 731.385 1462.77 1e+100
10 909.866 1819.73 1e+100
3 49.2669 49.2669 1e+100
16 509.397 509.397 1e+100
14 163.252 163.252 1e+100
12 342.611 342.611 1e+100
2 150.175 600.701 1e+100
11 297.59 297.59 1e+100
7 220.063 440.126 1e+100
13 167.911 335.822 1e+100
3 552.15 552.15 1e+100
4 110.598 110.598 1e+100
16 182.528 365.057 1e+100
5 304.243 1216.97 1e+100
17 542.091 2168.36 1e+100
1 136.098 272.196 1e+100
10 204.426 408.853 1e+100
2 815.601 1631.2 1e+100
14 376.827 1507.31 1e+100
11 1106.79 4427.15 1e+100
12 193.781 193.781 1e+100
0 258.429 258.429 1e+100
9 246.11 246.11 1e+100
13 167.048 334.096 1e+100
5 1721.37 6885.46 1e+100
7 264.985 264.985 1e+100
17 740.602 2962.41 1e+100
3 360.519 360.519 1e+100
4 37.1172 74.2343 1e+100
43
16 780.631 780.631 1e+100
10 375.125 375.125 1e+100
14 580.914 580.914 1e+100
17 839.4 839.4 1e+100
1 412.849 825.698 1e+100
15 791.96 791.96 1e+100
2 298.247 596.493 1e+100
7 829.663 1659.33 1e+100
11 982.666 3930.66 1e+100
5 268.17 536.34 1e+100
6 591.968 591.968 1e+100
13 573.579 1147.16 1e+100
16 505.207 1010.41 1e+100
10 141.46 282.92 1e+100
8 556.5 1113 1e+100
1 1294.14 2588.29 1e+100
12 121.85 121.85 1e+100
0 174.094 174.094 1e+100
14 562.066 2248.26 1e+100
3 180.892 180.892 1e+100
9 1713.02 1713.02 1e+100
4 262.589 525.179 1e+100
2 220.681 882.723 1e+100
17 230.425 921.699 1e+100
16 282.479 564.957 1e+100
13 414.663 829.326 1e+100
6 342.419 342.419 1e+100
14 691.179 1382.36 1e+100
11 139.85 279.701 1e+100
7 243.093 486.186 1e+100
10 452.307 904.613 1e+100
4 223.156 223.156 1e+100
8 315.803 315.803 1e+100
1 578.343 1156.69 1e+100
5 697.949 2791.8 1e+100
15 211.256 211.256 1e+100
16 833.907 1667.81 1e+100
3 171.199 171.199 1e+100
0 434.751 434.751 1e+100
9 127.573 127.573 1e+100
6 391.178 391.178 1e+100
2 224.954 224.954 1e+100
13 27.2769 54.5537 1e+100
38
7 672.336 1344.67 1e+100
1 220.598 441.196 1e+100
2 116.881 467.526 1e+100
17 97.3534 389.414 1e+100
13 182.899 182.899 1e+100
11 731.385 1462.77 1e+100
9 525.122 525.122 1e+100
4 264.891 529.781 1e+100
16 723.238 723.238 1e+100
13 590.254 590.254 1e+100
3 926.917 926.917 1e+100
14 164.375 328.75 1e+100
0 190.678 190.678 1e+100
2 85.1364 340.545 1e+100
10 311.195 622.391 1e+100
11 252.969 1011.88 1e+100
17 208.147 832.587 1e+100
7 174.303 348.607 1e+100
1 107.492 214.983 1e+100
6 565.149 565.149 1e+100
8 683.747 1367.49 1e+100
13 302.984 605.967 1e+100
10 149.842 299.685 1e+100
4 457.574 915.149 1e+100
3 296.87 296.87 1e+100
12 174.256 174.256 1e+100
2 742.839 742.839 1e+100
15 248.632 248.632 1e+100
7 916.82 916.82 1e+100
1 280.897 280.897 1e+100
11 75.4159 75.4159 1e+100
16 100.08 200.161 1e+100
9 764.516 764.516 1e+100
6 852.924 852.924 1e+100
17 394.98 789.959 1e+100
14 343.628 687.256 1e+100
11 868.144 868.144 1e+100
13 417.049 417.049 1e+100
38
16 780.631 780.631 1e+100
10 375.125 375.125 1e+100
14 580.914 580.914 1e+100
17 839.4 839.4 1e+100
1 412.849 825.698 1e+100
15 791.96 791.96 1e+100
2 298.247 596.493 1e+100
7 829.663 1659.33 1e+100
9 2773.08 2773.08 1e+100
5 264.96 1059.84 1e+100
0 114.359 114.359 1e+100
8 1026.96 4107.83 1e+100
12 747.68 747.68 1e+100
6 348.914 348.914 1e+100
16 317.792 317.792 1e+100
14 324.671 324.671 1e+100
4 312.678 625.356 1e+100
17 185.623 742.492 1e+100
11 208.147 832.587 1e+100
7 136.75 273.5 1e+100
1 107.492 214.983 1e+100
6 179.407 179.407 1e+100
8 457.691 915.382 1e+100
14 426.271 852.541 1e+100
13 558.923 1117.85 1e+100
16 979.887 1959.77 1e+100
0 223.156 223.156 1e+100
15 272 272 1e+100
6 729.707 729.707 1e+100
2 466.258 1865.03 1e+100
4 76.0462 152.092 1e+100
1 290.482 580.964 1e+100
5 487.702 1950.81 1e+100
17 604.34 604.34 1e+100
7 347.059 694.118 1e+100
11 543.654 2174.61 1e+100
3 440.153 440.153 1e+100
14 363.113 363.113 1e+100
37
16 780.631 780.631 1e+100
10 375.125 375.125 1e+100
14 580.914 580.914 1e+100
17 839.4 839.4 1e+100
1 412.849 825.698 1e+100
15 791.96 791.96 1e+100
2 298.247 596.493 1e+100
7 829.663 1659.33 1e+100
5 500.302 1000.6 1e+100
13 337.552 337.552 1e+100
8 3207.31 3207.31 1e+100
9 559.437 559.437 1e+100
4 388.851 777.701 1e+100
11 338.613 1354.45 1e+100
10 447.642 895.284 1e+100
3 369.028 369.028 1e+100
14 214.881 859.526 1e+100
15 242.666 242.666 1e+100
2 236.405 945.621 1e+100
17 262.277 1049.11 1e+100
12 366.247 366.247 1e+100
1 372.463 372.463 1e+100
14 353.204 1412.82 1e+100
9 182.084 182.084 1e+100
13 192.193 384.386 1e+100
17 1173.33 1173.33 1e+100
5 880.439 880.439 1e+100
2 24.6118 49.2236 1e+100
0 625.54 625.54 1e+100
3 171.763 171.763 1e+100
4 154.864 154.864 1e+100
11 387.833 1551.33 1e+100
16 359.945 719.89 1e+100
15 267.708 267.708 1e+100
1 467.257 934.514 1e+100
7 382.709 382.709 1e+100
6 293.873 293.873 1e+100
45
13 624.15 1248.3 1e+100
17 62.3086 124.617 1e+100
2 138.252 553.007 1e+100
7 532.873 1065.75 1e+100
10 267.027 534.054 1e+100
14 677.949 2711.8 1e+100
16 347.243 694.485 1e+100
0 763.056 763.056 1e+100
17 283.594 1134.38 1e+100
2 416.64 833.281 1e+100
6 591.968 591.968 1e+100
1 454.561 909.122 1e+100
7 1063.56 2127.12 1e+100
11 300.875 601.75 1e+100
8 556.5 1113 1e+100
4 571.342 1142.68 1e+100
3 135.916 135.916 1e+100
10 362.189 362.189 1e+100
17 1570.96 6283.82 1e+100
12 297.124 297.124 1e+100
9 1713.02 1713.02 1e+100
13 166.805 333.611 1e+100
5 305.098 1220.39 1e+100
14 613.561 613.561 1e+100
7 1168.89 2337.78 1e+100
16 555.859 1111.72 1e+100
0 371.605 371.605 1e+100
12 7.99661 7.99661 1e+100
1 155.155 310.31 1e+100
2 104.437 417.748 1e+100
11 278.529 1114.11 1e+100
10 156.387 312.774 1e+100
13 181.211 362.422 1e+100
4 448.056 896.112 1e+100
8 1052.46 1052.46 1e+100
5 29.6248 59.2496 1e+100
3 202.592 202.592 1e+100
9 612.104 612.104 1e+100
15 532.88 532.88 1e+100
14 449.025 1796.1 1e+100
16 17.7142 35.4284 1e+100
12 518.344 518.344 1e+100
10 431.888 863.776 1e+100
6 391.941 391.941 1e+100
7 225.228 225.228 1e+100
34
8 1258.76 2517.52 1e+100
17 483.143 966.287 1e+100
14 666.049 2664.2 1e+100
16 415.397 415.397 1e+100
7 435.614 871.227 1e+100
4 378.607 757.214 1e+100
13 2442.3 2442.3 1e+100
5 264.96 1059.84 1e+100
1 78.1829 78.1829 1e+100
8 1345.49 5381.94 1e+100
3 961.838 961.838 1e+100
6 348.914 348.914 1e+100
0 577.121 577.121 1e+100
16 1138.22 1138.22 1e+100
2 82.2175 164.435 1e+100
10 938.16 938.16 1e+100
7 269.434 269.434 1e+100
4 494.121 494.121 1e+100
6 572.533 572.533 1e+100
1 462.674 462.674 1e+100
14 266.351 266.351 1e+100
15 208.017 208.017 1e+100
17 139.865 279.73 1e+100
5 157.19 628.76 1e+100
8 945.558 3782.23 1e+100
10 846.949 846.949 1e+100
12 445.11 445.11 1e+100
9 246.11 246.11 1e+100
7 1121.56 2243.12 1e+100
2 318.691 1274.76 1e+100
0 73.1991 73.1991 1e+100
14 44.8871 179.548 1e+100
1 73.2161 73.2161 1e+100
4 52.1559 104.312 1e+100
35
8 1258.76 2517.52 1e+100
17 483.143 966.287 1e+100
14 666.049 2664.2 1e+100
16 415.397 415.397 1e+100
7 435.614 871.227 1e+100
4 378.607 757.214 1e+100
15 2445.06 2445.06 1e+100
2 310.233 1240.93 1e+100
11 603.51 603.51 1e+100
8 1345.49 5381.94 1e+100
9 1038.29 1038.29 1e+100
6 348.914 348.914 1e+100
3 891.059 891.059 1e+100
7 1089.32 1089.32 1e+100
10 221.606 443.213 1e+100
13 458.244 458.244 1e+100
5 327.903 1311.61 1e+100
17 262.277 1049.11 1e+100
0 233.224 233.224 1e+100
11 535.584 535.584 1e+100
8 602 2408 1e+100
1 579.294 579.294 1e+100
16 192.193 384.386 1e+100
9 104.065 104.065 1e+100
2 430.234 430.234 1e+100
4 29.6248 59.2496 1e+100
12 454.725 454.725 1e+100
3 627.247 627.247 1e+100
5 201.375 201.375 1e+100
14 306.601 1226.4 1e+100
13 241.624 483.247 1e+100
0 871.695 871.695 1e+100
10 473.011 946.023 1e+100
15 265.064 265.064 1e+100
7 293.873 293.873 1e+100
34
8 1258.76 2517.52 1e+100
17 483.143 966.287 1e+100
14 666.049 2664.2 1e+100
16 415.397 415.397 1e+100
7 435.614 871.227 1e+100
4 378.607 757.214 1e+100
9 525.122 525.122 1e+100
2 119.111 238.221 1e+100
3 1223.61 1223.61 1e+100
8 1045.2 1045.2 1e+100
13 812.111 812.111 1e+100
17 418.498 836.995 1e+100
12 282.965 282.965 1e+100
5 467.178 1868.71 1e+100
10 311.195 622.391 1e+100
11 623.235 623.235 1e+100
7 341.125 341.125 1e+100
0 494.121 494.121 1e+100
16 263.088 263.088 1e+100
4 462.674 462.674 1e+100
14 266.351 266.351 1e+100
15 208.017 208.017 1e+100
1 153.033 306.067 1e+100
2 337.541 1350.16 1e+100
17 179.164 716.658 1e+100
5 309.069 309.069 1e+100
13 258.429 258.429 1e+100
9 114.297 114.297 1e+100
10 579.195 1158.39 1e+100
11 213.573 854.291 1e+100
7 264.985 264.985 1e+100
14 44.8871 179.548 1e+100
4 73.2161 73.2161 1e+100
1 195.994 391.988 1e+100
41
16 780.631 780.631 1e+100
10 375.125 375.125 1e+100
14 580.914 580.914 1e+100
17 839.4 839.4 1e+100
1 412.849 825.698 1e+100
15 791.96 791.96 1e+100
2 298.247 596.493 1e+100
7 829.663 1659.33 1e+100
11 982.666 3930.66 1e+100
4 232.952 465.905 1e+100
6 591.968 591.968 1e+100
13 573.579 1147.16 1e+100
16 505.207 1010.41 1e+100
5 485.276 970.553 1e+100
8 556.5 1113 1e+100
10 377.629 755.257 1e+100
12 121.85 121.85 1e+100
3 337.807 337.807 1e+100
14 562.066 2248.26 1e+100
0 381.62 381.62 1e+100
11 1851.81 1851.81 1e+100
17 608.78 1217.56 1e+100
2 663.938 663.938 1e+100
6 341.125 341.125 1e+100
4 494.121 494.121 1e+100
16 672.974 672.974 1e+100
13 270.275 270.275 1e+100
15 266.351 266.351 1e+100
3 105.868 105.868 1e+100
7 139.865 279.73 1e+100
14 272 272 1e+100
6 304.172 304.172 1e+100
2 299.385 1197.54 1e+100
17 482.801 965.603 1e+100
1 290.482 580.964 1e+100
5 296.549 1186.19 1e+100
0 188.848 188.848 1e+100
13 269.435 538.87 1e+100
11 215.014 860.055 1e+100
3 38.0118 38.0118 1e+100
16 225.375 225.375 1e+100
36
8 1258.76 2517.52 1e+100
17 483.143 966.287 1e+100
14 666.049 2664.2 1e+100
16 415.397 415.397 1e+100
7 435.614 871.227 1e+100
4 378.607 757.214 1e+100
2 147.542 147.542 1e+100
13 407.061 814.123 1e+100
12 974.935 974.935 1e+100
9 1720.96 1720.96 1e+100
0 571.952 571.952 1e+100
1 637.996 1275.99 1e+100
15 317.711 317.711 1e+100
2 256.523 1026.09 1e+100
10 311.195 622.391 1e+100
14 113.726 454.904 1e+100
11 208.147 832.587 1e+100
16 175.867 351.734 1e+100
4 107.492 214.983 1e+100
7 342.419 342.419 1e+100
8 148.102 296.204 1e+100
17 315.826 631.652 1e+100
13 149.842 299.685 1e+100
1 676.384 1352.77 1e+100
0 64.0725 64.0725 1e+100
6 580.566 580.566 1e+100
10 361.095 722.19 1e+100
5 273.675 1094.7 1e+100
14 954.297 954.297 1e+100
16 727.295 1454.59 1e+100
3 178.866 178.866 1e+100
12 791.639 791.639 1e+100
9 31.6466 31.6466 1e+100
8 610.05 610.05 1e+100
7 535.447 535.447 1e+100
4 27.2769 54.5537 1e+100
36
8 1258.76 2517.52 1e+100
17 483.143 966.287 1e+100
14 666.049 2664.2 1e+100
16 415.397 415.397 1e+100
7 435.614 871.227 1e+100
4 378.607 757.214 1e+100
0 382.751 382.751 1e+100
2 119.111 238.221 1e+100
14 629.91 629.91 1e+100
6 1333.66 1333.66 1e+100
1 698.579 698.579 1e+100
13 520.414 1040.83 1e+100
12 282.965 282.965 1e+100
17 271.812 1087.25 1e+100
10 311.195 622.391 1e+100
4 347.55 695.1 1e+100
16 407.012 407.012 1e+100
8 510.77 510.77 1e+100
11 742.677 742.677 1e+100
2 460.056 1840.23 1e+100
3 174.109 174.109 1e+100
15 496.978 496.978 1e+100
10 473.207 946.414 1e+100
5 273.106 1092.43 1e+100
0 385.803 385.803 1e+100
7 571.649 571.649 1e+100
1 161.481 322.963 1e+100
17 407.831 1631.33 1e+100
16 822.259 822.259 1e+100
14 900.298 1800.6 1e+100
3 369.835 369.835 1e+100
6 712.629 712.629 1e+100
4 43.4412 43.4412 1e+100
8 507.341 507.341 1e+100
13 77.4713 77.4713 1e+100
11 27.2769 54.5537 1e+100
32
8 1258.76 2517.52 1e+100
17 483.143 966.287 1e+100
14 666.049 2664.2 1e+100
16 415.397 415.397 1e+100
7 435.614 871.227 1e+100
4 378.607 757.214 1e+100
10 909.866 1819.73 1e+100
2 158.918 158.918 1e+100
11 501.176 501.176 1e+100
9 691.248 691.248 1e+100
15 472.413 472.413 1e+100
14 113.726 454.904 1e+100
17 230.425 921.699 1e+100
8 1060.93 2121.86 1e+100
1 530.623 1061.25 1e+100
7 342.419 342.419 1e+100
16 226.946 453.893 1e+100
4 419.952 839.905 1e+100
5 325.742 651.484 1e+100
2 453.61 907.219 1e+100
0 223.156 223.156 1e+100
6 580.566 580.566 1e+100
13 478.236 956.472 1e+100
11 339.928 1359.71 1e+100
7 1009.26 1009.26 1e+100
14 1191.05 2382.09 1e+100
3 178.866 178.866 1e+100
9 645.714 645.714 1e+100
15 185.608 185.608 1e+100
16 688.894 688.894 1e+100
10 181.519 181.519 1e+100
1 27.2769 54.5537 1e+100
40
8 1258.76 2517.52 1e+100
17 483.143 966.287 1e+100
14 666.049 2664.2 1e+100
16 415.397 415.397 1e+100
7 435.614 871.227 1e+100
4 378.607 757.214 1e+100
2 958.417 3833.67 1e+100
11 421.506 843.011 1e+100
6 591.968 591.968 1e+100
1 454.561 909.122 1e+100
16 1856.49 3712.98 1e+100
13 267.31 534.62 1e+100
7 1132.87 2265.74 1e+100
17 505.193 1010.39 1e+100
9 446.787 446.787 1e+100
0 174.094 174.094 1e+100
8 949.93 3799.72 1e+100
3 180.892 180.892 1e+100
15 1265.67 1265.67 1e+100
10 326.403 652.806 1e+100
4 252.844 252.844 1e+100
5 327.903 1311.61 1e+100
14 795.581 3182.32 1e+100
14 3758.58 3758.58 1e+100
13 558.006 558.006 1e+100
2 89.187 356.748 1e+100
9 48.8314 48.8314 1e+100
1 192.193 384.386 1e+100
15 182.127 182.127 1e+100
11 28.7547 115.019 1e+100
8 774.975 3099.9 1e+100
12 742.763 742.763 1e+100
0 393.807 393.807 1e+100
3 114.297 114.297 1e+100
4 95.2612 190.522 1e+100
17 643.716 2574.86 1e+100
7 77.1974 77.1974 1e+100
5 299.539 1198.15 1e+100
2 229.54 229.54 1e+100
13 15.2797 30.5593 1e+100
38
16 780.631 780.631 1e+100
10 375.125 375.125 1e+100
14 580.914 580.914 1e+100
17 839.4 839.4 1e+100
1 412.849 825.698 1e+100
15 791.96 791.96 1e+100
2 298.247 596.493 1e+100
7 829.663 1659.33 1e+100
16 1810.36 1810.36 1e+100
5 264.96 1059.84 1e+100
9 749.912 749.912 1e+100
8 1026.96 4107.83 1e+100
12 747.68 747.68 1e+100
6 348.914 348.914 1e+100
3 891.059 891.059 1e+100
14 324.671 324.671 1e+100
10 82.2175 164.435 1e+100
1 531.797 531.797 1e+100
7 233.226 233.226 1e+100
0 494.121 494.121 1e+100
6 572.533 572.533 1e+100
15 462.674 462.674 1e+100
17 266.351 266.351 1e+100
9 105.868 105.868 1e+100
13 271.757 543.514 1e+100
2 489.191 489.191 1e+100
1 603.134 603.134 1e+100
4 455.306 455.306 1e+100
14 1055.93 1055.93 1e+100
10 582.796 582.796 1e+100
3 145.173 145.173 1e+100
7 123.362 246.724 1e+100
16 299.171 299.171 1e+100
12 474.731 474.731 1e+100
5 12.5531 25.1061 1e+100
8 343.628 687.256 1e+100
15 409.918 409.918 1e+100
6 272.571 272.571 1e+100
42
13 624.15 1248.3 1e+100
17 62.3086 124.617 1e+100
2 138.252 553.007 1e+100
7 532.873 1065.75 1e+100
10 267.027 534.054 1e+100
14 677.949 2711.8 1e+100
16 347.243 694.485 1e+100
0 763.056 763.056 1e+100
17 283.594 1134.38 1e+100
5 268.17 536.34 1e+100
6 591.968 591.968 1e+100
10 1170.66 2341.32 1e+100
8 1117.14 2234.28 1e+100
11 300.875 601.75 1e+100
7 797.006 1594.01 1e+100
13 230.441 460.881 1e+100
1 328.071 328.071 1e+100
9 590.614 590.614 1e+100
17 1570.96 6283.82 1e+100
3 180.892 180.892 1e+100
15 1265.67 1265.67 1e+100
4 262.589 525.179 1e+100
16 412.776 412.776 1e+100
2 157.3 629.2 1e+100
11 642.765 2571.06 1e+100
12 366.247 366.247 1e+100
13 536.758 536.758 1e+100
14 354.335 1417.34 1e+100
0 23.3752 23.3752 1e+100
1 136.337 272.673 1e+100
15 182.127 182.127 1e+100
6 272 272 1e+100
17 408.17 408.17 1e+100
5 466.258 1865.03 1e+100
4 506.802 1013.6 1e+100
16 290.482 580.964 1e+100
2 145.807 583.227 1e+100
9 188.848 188.848 1e+100
7 313.94 627.879 1e+100
8 563.43 2253.72 1e+100
13 27.9085 27.9085 1e+100
10 235.596 235.596 1e+100
37
13 624.15 1248.3 1e+100
17 62.3086 124.617 1e+100
2 138.252 553.007 1e+100
7 532.873 1065.75 1e+100
10 267.027 534.054 1e+100
14 677.949 2711.8 1e+100
16 347.243 694.485 1e+100
0 763.056 763.056 1e+100
8 353.488 353.488 1e+100
5 264.96 1059.84 1e+100
11 603.51 603.51 1e+100
17 1112.87 4451.47 1e+100
13 287.431 287.431 1e+100
6 348.914 348.914 1e+100
9 1058.19 1058.19 1e+100
7 753.455 753.455 1e+100
10 82.2175 164.435 1e+100
11 580.261 580.261 1e+100
2 151.975 607.9 1e+100
14 387.874 1551.5 1e+100
1 176.495 176.495 1e+100
16 372.463 372.463 1e+100
8 174.134 696.536 1e+100
15 583.197 583.197 1e+100
5 192.193 384.386 1e+100
6 247.58 247.58 1e+100
6 3006.65 3006.65 1e+100
10 239.599 479.199 1e+100
3 202.592 202.592 1e+100
17 258.366 258.366 1e+100
12 480.921 480.921 1e+100
2 154.676 618.706 1e+100
11 119.905 239.809 1e+100
9 520.549 520.549 1e+100
4 361.52 723.039 1e+100
0 382.709 382.709 1e+100
8 277.882 277.882 1e+100
45
14 335.515 671.031 1e+100
13 493.825 987.649 1e+100
16 62.4269 124.854 1e+100
2 419.398 838.797 1e+100
11 1305.52 5222.08 1e+100
17 173.336 693.346 1e+100
1 505.628 1011.26 1e+100
7 403.391 403.391 1e+100
6 460.567 460.567 1e+100
8 1080.91 2161.82 1e+100
16 803.762 1607.52 1e+100
15 1299.23 1299.23 1e+100
17 1198.03 2396.05 1e+100
9 2773.08 2773.08 1e+100
5 264.96 1059.84 1e+100
3 479.232 479.232 1e+100
8 2005.67 8022.68 1e+100
12 747.68 747.68 1e+100
7 748.49 748.49 1e+100
2 308.654 308.654 1e+100
6 502.621 502.621 1e+100
13 82.2175 164.435 1e+100
14 166.277 665.108 1e+100
0 131.101 131.101 1e+100
7 892.224 1784.45 1e+100
16 106.517 213.034 1e+100
15 1103.23 1103.23 1e+100
10 114.575 114.575 1e+100
1 536.138 1072.28 1e+100
5 104.437 417.748 1e+100
17 486.753 1947.01 1e+100
4 261.25 522.5 1e+100
16 859.934 1719.87 1e+100
14 831.703 1663.41 1e+100
12 791.062 791.062 1e+100
11 479.408 958.815 1e+100
3 371.097 371.097 1e+100
13 265.647 265.647 1e+100
0 154.864 154.864 1e+100
2 888.897 3555.59 1e+100
10 363.564 727.128 1e+100
6 366.85 366.85 1e+100
4 536.751 1073.5 1e+100
9 66.2859 66.2859 1e+100
8 293.873 293.873 1e+100
40
13 624.15 1248.3 1e+100
17 62.3086 124.617 1e+100
2 138.252 553.007 1e+100
7 532.873 1065.75 1e+100
10 267.027 534.054 1e+100
14 677.949 2711.8 1e+100
16 347.243 694.485 1e+100
0 763.056 763.056 1e+100
8 353.488 353.488 1e+100
5 264.96 1059.84 1e+100
1 78.1829 78.1829 1e+100
17 1112.87 4451.47 1e+100
12 747.68 747.68 1e+100
6 348.914 348.914 1e+100
15 563.195 563.195 1e+100
7 753.455 753.455 1e+100
10 82.2175 164.435 1e+100
2 150.175 600.701 1e+100
11 676.79 676.79 1e+100
8 730.57 1461.14 1e+100
16 167.911 335.822 1e+100
0 371.605 371.605 1e+100
4 110.598 110.598 1e+100
1 330.634 661.268 1e+100
14 304.243 1216.97 1e+100
5 366.27 1465.08 1e+100
2 466.372 932.744 1e+100
10 617.936 1235.87 1e+100
16 1170.09 2340.17 1e+100
6 580.566 580.566 1e+100
13 901.268 1802.54 1e+100
11 1063.48 4253.92 1e+100
12 418.065 418.065 1e+100
7 432.869 865.738 1e+100
3 178.866 178.866 1e+100
8 601.623 601.623 1e+100
0 232.078 232.078 1e+100
6 1180.84 1180.84 1e+100
15 636.99 636.99 1e+100
17 27.2769 54.5537 1e+100
45
13 624.15 1248.3 1e+100
17 62.3086 124.617 1e+100
2 138.252 553.007 1e+100
7 532.873 1065.75 1e+100
10 267.027 534.054 1e+100
14 677.949 2711.8 1e+100
16 347.243 694.485 1e+100
0 763.056 763.056 1e+100
17 283.594 1134.38 1e+100
5 268.17 536.34 1e+100
6 591.968 591.968 1e+100
13 729.383 1458.77 1e+100
7 1063.56 2127.12 1e+100
2 133.232 266.464 1e+100
8 556.5 1113 1e+100
1 400.483 800.967 1e+100
9 446.787 446.787 1e+100
15 184.627 184.627 1e+100
17 1570.96 6283.82 1e+100
12 297.124 297.124 1e+100
0 1606.35 1606.35 1e+100
4 262.589 525.179 1e+100
14 408.76 1635.04 1e+100
11 208.147 832.587 1e+100
16 568.167 1136.33 1e+100
2 246.895 493.791 1e+100
6 342.419 342.419 1e+100
8 813.092 1626.18 1e+100
7 315.826 631.652 1e+100
10 149.842 299.685 1e+100
1 1036.09 2072.17 1e+100
13 98.0197 98.0197 1e+100
9 26.9292 26.9292 1e+100
12 632.353 632.353 1e+100
3 386.827 386.827 1e+100
17 978.444 978.444 1e+100
4 582.796 582.796 1e+100
0 40.1067 40.1067 1e+100
14 401.954 803.909 1e+100
15 738.451 738.451 1e+100
16 477.883 477.883 1e+100
11 394.98 789.959 1e+100
2 342.347 684.694 1e+100
0 832.835 832.835 1e+100
6 118.37 118.37 1e+100
43
14 335.515 671.031 1e+100
13 493.825 987.649 1e+100
16 62.4269 124.854 1e+100
2 419.398 838.797 1e+100
11 1305.52 5222.08 1e+100
17 173.336 693.346 1e+100
1 505.628 1011.26 1e+100
7 403.391 403.391 1e+100
6 460.567 460.567 1e+100
8 1080.91 2161.82 1e+100
14 637.34 1274.68 1e+100
15 1299.23 1299.23 1e+100
16 1048.97 2097.93 1e+100
4 404.193 808.386 1e+100
9 928.292 928.292 1e+100
3 203.955 203.955 1e+100
10 307.202 307.202 1e+100
13 135.135 270.269 1e+100
5 452.811 1811.24 1e+100
2 460.745 921.49 1e+100
12 223.83 223.83 1e+100
17 219.663 878.653 1e+100
14 592.02 2368.08 1e+100
11 250.352 1001.41 1e+100
7 174.303 348.607 1e+100
4 98.8879 197.776 1e+100
6 342.419 342.419 1e+100
16 709.271 1418.54 1e+100
17 361.076 722.151 1e+100
13 149.842 299.685 1e+100
10 648.271 1296.54 1e+100
0 223.156 223.156 1e+100
3 387.143 387.143 1e+100
5 29.6248 59.2496 1e+100
12 588.784 588.784 1e+100
14 892.358 892.358 1e+100
9 154.864 154.864 1e+100
2 1023.26 4093.04 1e+100
4 207.826 415.653 1e+100
11 13.3789 13.3789 1e+100
13 524.042 1048.08 1e+100
6 247.712 247.712 1e+100
8 293.873 293.873 1e+100
43
14 335.515 671.031 1e+100
13 493.825 987.649 1e+100
16 62.4269 124.854 1e+100
2 419.398 838.797 1e+100
11 1305.52 5222.08 1e+100
17 173.336 693.346 1e+100
1 505.628 1011.26 1e+100
7 403.391 403.391 1e+100
6 460.567 460.567 1e+100
8 1080.91 2161.82 1e+100
16 803.762 1607.52 1e+100
15 1299.23 1299.23 1e+100
1 2050.9 4101.79 1e+100
4 404.193 808.386 1e+100
0 264.774 264.774 1e+100
4 1330.68 1330.68 1e+100
9 559.437 559.437 1e+100
10 284.797 569.594 1e+100
14 526.522 2106.09 1e+100
13 385.905 771.81 1e+100
9 1623.51 1623.51 1e+100
17 140.432 561.73 1e+100
16 567.466 1134.93 1e+100
6 271.189 271.189 1e+100
2 376.077 376.077 1e+100
0 512.825 512.825 1e+100
5 493.315 1973.26 1e+100
3 174.109 174.109 1e+100
12 381.717 381.717 1e+100
10 150.877 301.753 1e+100
11 191.21 764.842 1e+100
8 355.99 355.99 1e+100
17 170.508 170.508 1e+100
15 224.501 224.501 1e+100
14 847.976 3391.9 1e+100
4 506.802 1013.6 1e+100
13 290.482 580.964 1e+100
5 145.807 583.227 1e+100
3 116.512 116.512 1e+100
16 114.755 229.51 1e+100
2 307.005 1228.02 1e+100
6 38.0118 38.0118 1e+100
1 367.682 367.682 1e+100
41
14 335.515 671.031 1e+100
13 493.825 987.649 1e+100
16 62.4269 124.854 1e+100
2 419.398 838.797 1e+100
11 1305.52 5222.08 1e+100
17 173.336 693.346 1e+100
1 505.628 1011.26 1e+100
7 403.391 403.391 1e+100
6 460.567 460.567 1e+100
8 1080.91 2161.82 1e+100
14 637.34 1274.68 1e+100
15 1299.23 1299.23 1e+100
16 1048.97 2097.93 1e+100
13 869.603 1739.21 1e+100
12 215.619 215.619 1e+100
9 520.432 520.432 1e+100
3 798.775 798.775 1e+100
10 655.009 655.009 1e+100
17 166.277 665.108 1e+100
2 242.944 242.944 1e+100
8 87.1916 174.383 1e+100
14 86.2973 172.595 1e+100
6 401.472 401.472 1e+100
4 110.598 110.598 1e+100
16 393.644 787.289 1e+100
5 304.243 1216.97 1e+100
11 488.25 1953 1e+100
1 136.098 272.196 1e+100
13 170.071 340.142 1e+100
10 762.589 1525.18 1e+100
17 157.028 628.113 1e+100
8 953.958 3815.83 1e+100
3 297.21 297.21 1e+100
0 258.429 258.429 1e+100
9 114.297 114.297 1e+100
14 85.6062 171.212 1e+100
2 318.691 1274.76 1e+100
7 264.985 264.985 1e+100
11 686.762 2747.05 1e+100
6 510.643 510.643 1e+100
4 37.1172 74.2343 1e+100
45
14 335.515 671.031 1e+100
13 493.825 987.649 1e+100
16 62.4269 124.854 1e+100
2 419.398 838.797 1e+100
11 1305.52 5222.08 1e+100
17 173.336 693.346 1e+100
1 505.628 1011.26 1e+100
7 403.391 403.391 1e+100
6 460.567 460.567 1e+100
8 1080.91 2161.82 1e+100
16 803.762 1607.52 1e+100
15 1299.23 1299.23 1e+100
17 1198.03 2396.05 1e+100
4 404.193 808.386 1e+100
15 3502.88 3502.88 1e+100
3 203.955 203.955 1e+100
9 559.437 559.437 1e+100
10 284.797 569.594 1e+100
14 162.888 651.553 1e+100
13 767.07 1534.14 1e+100
12 223.83 223.83 1e+100
2 349.121 1396.48 1e+100
5 305.098 1220.39 1e+100
4 180.787 180.787 1e+100
7 853.606 1707.21 1e+100
16 93.6319 187.264 1e+100
12 1364.1 1364.1 1e+100
9 33.7179 33.7179 1e+100
10 47.5513 95.1026 1e+100
11 104.437 417.748 1e+100
14 278.529 1114.11 1e+100
5 2760.94 5521.88 1e+100
17 388.87 777.739 1e+100
1 448.056 896.112 1e+100
6 2548.22 2548.22 1e+100
4 510.925 1021.85 1e+100
5 181.57 726.279 1e+100
7 906.45 906.45 1e+100
2 628.11 1256.22 1e+100
0 411.857 411.857 1e+100
3 535.84 535.84 1e+100
16 441.785 441.785 1e+100
13 1230.88 1230.88 1e+100
12 1663.52 1663.52 1e+100
10 175.106 350.212 1e+100
38
14 335.515 671.031 1e+100
13 493.825 987.649 1e+100
16 62.4269 124.854 1e+100
2 419.398 838.797 1e+100
11 1305.52 5222.08 1e+100
17 173.336 693.346 1e+100
1 505.628 1011.26 1e+100
7 403.391 403.391 1e+100
6 460.567 460.567 1e+100
8 1080.91 2161.82 1e+100
16 803.762 1607.52 1e+100
15 1299.23 1299.23 1e+100
14 882.543 1765.09 1e+100
10 909.866 1819.73 1e+100
3 49.2669 49.2669 1e+100
4 342.522 342.522 1e+100
13 326.144 326.144 1e+100
0 146.092 146.092 1e+100
1 236.47 236.47 1e+100
17 151.975 607.9 1e+100
11 592.78 2371.12 1e+100
5 804.447 804.447 1e+100
4 795.788 795.788 1e+100
14 433.936 1735.74 1e+100
0 84.3723 84.3723 1e+100
10 225.411 450.821 1e+100
3 240.059 240.059 1e+100
14 3923.51 15694.1 1e+100
8 945.558 3782.23 1e+100
13 193.781 193.781 1e+100
7 258.429 258.429 1e+100
15 114.297 114.297 1e+100
1 78.9523 157.905 1e+100
17 474.297 1897.19 1e+100
6 264.985 264.985 1e+100
5 243.748 974.991 1e+100
11 43.2024 43.2024 1e+100
4 234.789 469.578 1e+100
38
13 624.15 1248.3 1e+100
17 62.3086 124.617 1e+100
2 138.252 553.007 1e+100
7 532.873 1065.75 1e+100
10 267.027 534.054 1e+100
14 677.949 2711.8 1e+100
16 347.243 694.485 1e+100
0 763.056 763.056 1e+100
9 525.122 525.122 1e+100
4 264.891 529.781 1e+100
16 855.376 855.376 1e+100
13 333.293 333.293 1e+100
1 698.579 698.579 1e+100
11 236.961 473.923 1e+100
12 282.965 282.965 1e+100
2 216.765 867.061 1e+100
10 150.877 301.753 1e+100
15 689.629 689.629 1e+100
7 341.125 341.125 1e+100
14 670.01 670.01 1e+100
0 436.72 436.72 1e+100
9 431.192 431.192 1e+100
4 423.151 423.151 1e+100
2 203.531 203.531 1e+100
10 76.2669 152.534 1e+100
3 405.093 405.093 1e+100
11 100.159 100.159 1e+100
1 111.693 111.693 1e+100
8 349.34 349.34 1e+100
12 417.813 417.813 1e+100
16 151.31 151.31 1e+100
13 333.652 667.304 1e+100
6 421.926 421.926 1e+100
7 91.4351 91.4351 1e+100
5 509.237 1018.47 1e+100
14 11.9097 23.8193 1e+100
9 378.437 378.437 1e+100
0 161.031 161.031 1e+100
41
13 624.15 1248.3 1e+100
17 62.3086 124.617 1e+100
2 138.252 553.007 1e+100
7 532.873 1065.75 1e+100
10 267.027 534.054 1e+100
14 677.949 2711.8 1e+100
16 347.243 694.485 1e+100
0 763.056 763.056 1e+100
17 283.594 1134.38 1e+100
4 232.952 465.905 1e+100
6 591.968 591.968 1e+100
5 1036.13 2072.26 1e+100
13 868.892 1737.78 1e+100
11 300.875 601.75 1e+100
7 797.006 1594.01 1e+100
2 494.502 989.004 1e+100
9 446.787 446.787 1e+100
1 124.897 124.897 1e+100
8 1250.26 5001.05 1e+100
10 145.437 145.437 1e+100
0 1606.35 1606.35 1e+100
4 1025.18 2050.36 1e+100
15 689.629 689.629 1e+100
6 341.125 341.125 1e+100
10 700.991 700.991 1e+100
17 314.232 314.232 1e+100
16 462.674 462.674 1e+100
5 381.659 381.659 1e+100
9 105.868 105.868 1e+100
1 139.865 279.73 1e+100
15 805.572 805.572 1e+100
14 360.445 720.891 1e+100
3 202.592 202.592 1e+100
0 506.098 506.098 1e+100
12 480.921 480.921 1e+100
2 636.541 2546.16 1e+100
13 391.311 782.622 1e+100
11 267.922 267.922 1e+100
4 296.403 592.805 1e+100
17 249.797 249.797 1e+100
7 293.873 293.873 1e+100
36
8 1258.76 2517.52 1e+100
17 483.143 966.287 1e+100
14 666.049 2664.2 1e+100
16 415.397 415.397 1e+100
7 435.614 871.227 1e+100
4 378.607 757.214 1e+100
9 2773.08 2773.08 1e+100
2 310.233 1240.93 1e+100
0 6710.9 6710.9 1e+100
8 1345.49 5381.94 1e+100
15 595.465 595.465 1e+100
6 348.914 348.914 1e+100
3 891.059 891.059 1e+100
7 1089.32 1089.32 1e+100
11 485.822 971.643 1e+100
4 379.116 758.232 1e+100
16 407.012 407.012 1e+100
14 707.381 707.381 1e+100
13 318.19 318.19 1e+100
2 203.185 812.739 1e+100
10 151.931 151.931 1e+100
0 189.297 189.297 1e+100
17 364.277 728.554 1e+100
5 273.106 1092.43 1e+100
15 669.595 669.595 1e+100
8 935.547 935.547 1e+100
9 943.603 943.603 1e+100
11 441.61 1766.44 1e+100
16 292.254 584.509 1e+100
4 348.068 696.137 1e+100
17 145.807 583.227 1e+100
10 100.655 100.655 1e+100
13 59.3468 118.694 1e+100
14 180.088 720.353 1e+100
0 38.0118 38.0118 1e+100
3 217.898 217.898 1e+100
38
16 780.631 780.631 1e+100
10 375.125 375.125 1e+100
14 580.914 580.914 1e+100
17 839.4 839.4 1e+100
1 412.849 825.698 1e+100
15 791.96 791.96 1e+100
2 298.247 596.493 1e+100
7 829.663 1659.33 1e+100
16 1810.36 1810.36 1e+100
5 264.96 1059.84 1e+100
9 749.912 749.912 1e+100
8 1026.96 4107.83 1e+100
12 747.68 747.68 1e+100
6 348.914 348.914 1e+100
3 891.059 891.059 1e+100
14 324.671 324.671 1e+100
10 82.2175 164.435 1e+100
1 531.797 531.797 1e+100
7 233.226 233.226 1e+100
0 494.121 494.121 1e+100
6 572.533 572.533 1e+100
15 462.674 462.674 1e+100
17 266.351 266.351 1e+100
9 105.868 105.868 1e+100
13 271.757 543.514 1e+100
2 489.191 489.191 1e+100
1 603.134 603.134 1e+100
4 455.306 455.306 1e+100
14 1055.93 1055.93 1e+100
10 582.796 582.796 1e+100
3 145.173 145.173 1e+100
7 123.362 246.724 1e+100
16 299.171 299.171 1e+100
12 474.731 474.731 1e+100
5 12.5531 25.1061 1e+100
8 343.628 687.256 1e+100
15 409.918 409.918 1e+100
6 272.571 272.571 1e+100
42
14 335.515 671.031 1e+100
13 493.825 987.649 1e+100
16 62.4269 124.854 1e+100
2 419.398 838.797 1e+100
11 1305.52 5222.08 1e+100
17 173.336 693.346 1e+100
1 505.628 1011.26 1e+100
7 403.391 403.391 1e+100
6 460.567 460.567 1e+100
8 1080.91 2161.82 1e+100
16 803.762 1607.52 1e+100
15 1299.23 1299.23 1e+100
17 1198.03 2396.05 1e+100
5 472.967 472.967 1e+100
13 376.629 753.259 1e+100
2 231.501 231.501 1e+100
7 915.741 915.741 1e+100
0 571.952 571.952 1e+100
4 427.438 854.875 1e+100
12 282.965 282.965 1e+100
14 71.4152 285.661 1e+100
10 311.195 622.391 1e+100
1 296.131 296.131 1e+100
5 380.438 1521.75 1e+100
11 592.78 2371.12 1e+100
14 987.522 987.522 1e+100
0 482.845 482.845 1e+100
8 631.993 2527.97 1e+100
15 51.6313 51.6313 1e+100
13 192.193 384.386 1e+100
7 75.6084 75.6084 1e+100
6 214.852 214.852 1e+100
10 510.086 1020.17 1e+100
5 565.282 2261.13 1e+100
16 211.256 211.256 1e+100
2 606.374 1212.75 1e+100
3 178.866 178.866 1e+100
8 1622.29 1622.29 1e+100
11 748.32 748.32 1e+100
6 815.122 815.122 1e+100
7 1199.15 1199.15 1e+100
1 27.2769 54.5537 1e+100
41
14 335.515 671.031 1e+100
13 493.825 987.649 1e+100
16 62.4269 124.854 1e+100
2 419.398 838.797 1e+100
11 1305.52 5222.08 1e+100
17 173.336 693.346 1e+100
1 505.628 1011.26 1e+100
7 403.391 403.391 1e+100
6 460.567 460.567 1e+100
8 1080.91 2161.82 1e+100
16 803.762 1607.52 1e+100
15 1299.23 1299.23 1e+100
14 882.543 1765.09 1e+100
13 869.603 1739.21 1e+100
9 358.219 358.219 1e+100
3 170.988 170.988 1e+100
10 763.227 763.227 1e+100
4 673.848 673.848 1e+100
2 409.652 1638.61 1e+100
11 250.352 1001.41 1e+100
7 174.303 348.607 1e+100
16 107.492 214.983 1e+100
6 342.419 342.419 1e+100
8 148.102 296.204 1e+100
14 493.148 986.295 1e+100
5 325.742 651.484 1e+100
10 385.341 770.682 1e+100
0 223.156 223.156 1e+100
12 174.256 174.256 1e+100
9 455.301 455.301 1e+100
17 386.827 386.827 1e+100
7 916.82 916.82 1e+100
4 582.796 582.796 1e+100
2 227.915 227.915 1e+100
13 206.644 413.288 1e+100
15 389.926 389.926 1e+100
3 388.009 388.009 1e+100
1 509.237 1018.47 1e+100
16 343.628 687.256 1e+100
11 718.377 718.377 1e+100
6 118.37 118.37 1e+100
37
16 780.631 780.631 1e+100
10 375.125 375.125 1e+100
14 580.914 580.914 1e+100
17 839.4 839.4 1e+100
1 412.849 825.698 1e+100
15 791.96 791.96 1e+100
2 298.247 596.493 1e+100
7 829.663 1659.33 1e+100
6 435.485 435.485 1e+100
5 264.96 1059.84 1e+100
12 225.748 225.748 1e+100
8 1026.96 4107.83 1e+100
9 1038.29 1038.29 1e+100
9 5062.09 5062.09 1e+100
3 891.059 891.059 1e+100
14 324.671 324.671 1e+100
4 312.678 625.356 1e+100
13 458.244 458.244 1e+100
2 236.405 945.621 1e+100
17 262.277 1049.11 1e+100
1 233.224 233.224 1e+100
12 372.463 372.463 1e+100
8 283.473 1133.89 1e+100
15 687.322 687.322 1e+100
7 192.193 384.386 1e+100
9 104.065 104.065 1e+100
5 28.7547 115.019 1e+100
14 1058.82 4235.27 1e+100
10 438.543 438.543 1e+100
0 258.429 258.429 1e+100
2 227.283 227.283 1e+100
13 300.445 600.89 1e+100
11 478.893 1915.57 1e+100
16 264.985 264.985 1e+100
17 387.869 1551.48 1e+100
1 299.766 299.766 1e+100
4 52.1559 104.312 1e+100
46
14 335.515 671.031 1e+100
13 493.825 987.649 1e+100
16 62.4269 124.854 1e+100
2 419.398 838.797 1e+100
11 1305.52 5222.08 1e+100
17 173.336 693.346 1e+100
1 505.628 1011.26 1e+100
7 403.391 403.391 1e+100
6 460.567 460.567 1e+100
8 1080.91 2161.82 1e+100
14 637.34 1274.68 1e+100
15 1299.23 1299.23 1e+100
16 1048.97 2097.93 1e+100
2 1339.28 5357.11 1e+100
10 106.823 213.645 1e+100
6 967.199 967.199 1e+100
4 906.931 1813.86 1e+100
7 986.084 1972.17 1e+100
17 814.846 1629.69 1e+100
8 1509.17 3018.34 1e+100
1 1487.24 2974.47 1e+100
3 135.916 135.916 1e+100
12 83.5045 83.5045 1e+100
14 2193.77 8775.07 1e+100
13 271.332 271.332 1e+100
2 2208.42 2208.42 1e+100
13 1753.66 3507.31 1e+100
11 329.958 329.958 1e+100
6 655.776 655.776 1e+100
0 494.121 494.121 1e+100
12 1055.53 1055.53 1e+100
3 464.447 464.447 1e+100
4 252.462 252.462 1e+100
17 105.868 105.868 1e+100
10 139.865 279.73 1e+100
11 447.293 447.293 1e+100
5 479.408 958.815 1e+100
15 371.097 371.097 1e+100
7 555.119 555.119 1e+100
9 211.376 211.376 1e+100
17 1101.98 4407.93 1e+100
13 137.879 275.757 1e+100
1 267.922 267.922 1e+100
10 889.548 1779.1 1e+100
6 103.524 103.524 1e+100
14 222.891 222.891 1e+100
38
8 1258.76 2517.52 1e+100
17 483.143 966.287 1e+100
14 666.049 2664.2 1e+100
16 415.397 415.397 1e+100
7 435.614 871.227 1e+100
4 378.607 757.214 1e+100
9 2773.08 2773.08 1e+100
2 310.233 1240.93 1e+100
12 225.748 225.748 1e+100
8 1345.49 5381.94 1e+100
15 595.465 595.465 1e+100
6 348.914 348.914 1e+100
13 483.702 483.702 1e+100
7 1089.32 1089.32 1e+100
10 221.606 443.213 1e+100
14 86.3573 172.715 1e+100
16 407.012 407.012 1e+100
4 514.786 514.786 1e+100
1 208.448 208.448 1e+100
2 203.185 812.739 1e+100
3 174.109 174.109 1e+100
0 189.297 189.297 1e+100
11 593.261 1186.52 1e+100
5 273.106 1092.43 1e+100
12 393.129 393.129 1e+100
17 26.9292 26.9292 1e+100
6 441.311 441.311 1e+100
3 806.013 806.013 1e+100
15 714.113 714.113 1e+100
1 381.447 381.447 1e+100
4 113.238 113.238 1e+100
16 35.1904 70.3807 1e+100
9 690.038 690.038 1e+100
7 123.782 123.782 1e+100
10 12.5531 25.1061 1e+100
2 242.21 484.419 1e+100
0 533.557 533.557 1e+100
14 192.693 192.693 1e+100
43
14 335.515 671.031 1e+100
13 493.825 987.649 1e+100
16 62.4269 124.854 1e+100
2 419.398 838.797 1e+100
11 1305.52 5222.08 1e+100
17 173.336 693.346 1e+100
1 505.628 1011.26 1e+100
7 403.391 403.391 1e+100
6 460.567 460.567 1e+100
8 1080.91 2161.82 1e+100
16 803.762 1607.52 1e+100
15 1299.23 1299.23 1e+100
17 1198.03 2396.05 1e+100
12 299.328 299.328 1e+100
10 168.496 336.992 1e+100
2 219.724 219.724 1e+100
7 915.741 915.741 1e+100
1 1140.21 1140.21 1e+100
13 164.375 328.75 1e+100
0 190.678 190.678 1e+100
14 304.488 1217.95 1e+100
4 415.709 831.419 1e+100
16 567.466 1134.93 1e+100
17 1059.12 1059.12 1e+100
9 1446.52 1446.52 1e+100
10 320.997 320.997 1e+100
5 493.315 1973.26 1e+100
3 174.109 174.109 1e+100
12 381.717 381.717 1e+100
4 577.721 1155.44 1e+100
11 304.57 1218.28 1e+100
15 252.586 252.586 1e+100
14 349.378 1397.51 1e+100
17 1441.59 5766.34 1e+100
13 641.616 641.616 1e+100
1 55.1786 55.1786 1e+100
3 618.674 618.674 1e+100
10 555.983 1111.97 1e+100
5 1002.47 4009.9 1e+100
7 264.985 264.985 1e+100
2 299.539 1198.15 1e+100
9 40.4815 40.4815 1e+100
4 52.1559 104.312 1e+100
38
16 780.631 780.631 1e+100
10 375.125 375.125 1e+100
14 580.914 580.914 1e+100
17 839.4 839.4 1e+100
1 412.849 825.698 1e+100
15 791.96 791.96 1e+100
2 298.247 596.493 1e+100
7 829.663 1659.33 1e+100
9 525.122 525.122 1e+100
13 407.061 814.123 1e+100
0 893.861 893.861 1e+100
14 108.925 108.925 1e+100
3 926.917 926.917 1e+100
4 427.438 854.875 1e+100
12 282.965 282.965 1e+100
11 471.735 1886.94 1e+100
10 150.877 301.753 1e+100
17 185.623 742.492 1e+100
5 377.796 1511.18 1e+100
7 153.547 307.094 1e+100
1 107.492 214.983 1e+100
6 565.149 565.149 1e+100
8 683.747 1367.49 1e+100
14 223.821 447.642 1e+100
10 149.842 299.685 1e+100
4 466.367 932.734 1e+100
3 296.87 296.87 1e+100
6 3726.08 3726.08 1e+100
15 310.506 310.506 1e+100
11 209.971 839.885 1e+100
1 500.062 1000.12 1e+100
17 102.512 205.024 1e+100
2 145.807 583.227 1e+100
16 248.317 248.317 1e+100
7 363.834 727.668 1e+100
5 697.315 2789.26 1e+100
0 21.8462 21.8462 1e+100
6 167.739 167.739 1e+100
42
16 780.631 780.631 1e+100
10 375.125 375.125 1e+100
14 580.914 580.914 1e+100
17 839.4 839.4 1e+100
1 412.849 825.698 1e+100
15 791.96 791.96 1e+100
2 298.247 596.493 1e+100
7 829.663 1659.33 1e+100
6 435.485 435.485 1e+100
5 264.96 1059.84 1e+100
9 749.912 749.912 1e+100
8 1026.96 4107.83 1e+100
10 127.446 127.446 1e+100
16 894.456 894.456 1e+100
12 643.049 643.049 1e+100
14 324.671 324.671 1e+100
4 312.678 625.356 1e+100
11 464.215 1856.86 1e+100
1 5919.72 5919.72 1e+100
16 1038.19 2076.38 1e+100
17 167.911 335.822 1e+100
10 347.426 347.426 1e+100
3 116.737 116.737 1e+100
11 1151.16 2302.31 1e+100
2 220.1 880.4 1e+100
5 488.25 1953 1e+100
7 354.812 709.623 1e+100
4 848.397 1696.79 1e+100
1 530.617 1061.23 1e+100
15 247.36 247.36 1e+100
9 459.688 459.688 1e+100
7 1738.92 1738.92 1e+100
6 349.34 349.34 1e+100
17 104.971 104.971 1e+100
10 463.688 463.688 1e+100
14 475.773 951.545 1e+100
12 1047.63 1047.63 1e+100
6 1786.11 1786.11 1e+100
8 147.24 294.48 1e+100
1 626.35 1252.7 1e+100
3 839.851 839.851 1e+100
16 135.321 135.321 1e+100
38
7 672.336 1344.67 1e+100
1 220.598 441.196 1e+100
2 116.881 467.526 1e+100
17 97.3534 389.414 1e+100
13 182.899 182.899 1e+100
11 731.385 1462.77 1e+100
4 2944.91 5889.82 1e+100
16 392.436 392.436 1e+100
1 1214.08 1214.08 1e+100
9 559.437 559.437 1e+100
4 388.851 777.701 1e+100
2 35.7208 142.883 1e+100
13 447.642 895.284 1e+100
15 17.5808 17.5808 1e+100
17 499.619 1998.48 1e+100
11 252.969 1011.88 1e+100
5 377.796 1511.18 1e+100
7 174.303 348.607 1e+100
16 126.975 253.949 1e+100
12 1908.6 1908.6 1e+100
8 683.747 1367.49 1e+100
17 636.421 1272.84 1e+100
10 154.774 309.548 1e+100
14 1036.09 2072.17 1e+100
0 223.156 223.156 1e+100
1 247.36 247.36 1e+100
9 1409.21 1409.21 1e+100
2 253.776 253.776 1e+100
6 439.922 439.922 1e+100
13 139.256 139.256 1e+100
11 75.4159 75.4159 1e+100
7 273.524 547.049 1e+100
8 1749.95 1749.95 1e+100
15 747.186 747.186 1e+100
5 564.626 1129.25 1e+100
4 260.558 521.116 1e+100
16 147.195 147.195 1e+100
17 750.486 750.486 1e+100
41
16 780.631 780.631 1e+100
10 375.125 375.125 1e+100
14 580.914 580.914 1e+100
17 839.4 839.4 1e+100
1 412.849 825.698 1e+100
15 791.96 791.96 1e+100
2 298.247 596.493 1e+100
7 829.663 1659.33 1e+100
11 982.666 3930.66 1e+100
4 232.952 465.905 1e+100
6 591.968 591.968 1e+100
13 573.579 1147.16 1e+100
16 505.207 1010.41 1e+100
5 485.276 970.553 1e+100
8 556.5 1113 1e+100
10 377.629 755.257 1e+100
12 121.85 121.85 1e+100
3 337.807 337.807 1e+100
14 562.066 2248.26 1e+100
0 381.62 381.62 1e+100
11 1851.81 1851.81 1e+100
17 608.78 1217.56 1e+100
2 663.938 663.938 1e+100
6 341.125 341.125 1e+100
4 494.121 494.121 1e+100
16 672.974 672.974 1e+100
13 270.275 270.275 1e+100
15 266.351 266.351 1e+100
3 105.868 105.868 1e+100
7 139.865 279.73 1e+100
14 272 272 1e+100
6 304.172 304.172 1e+100
2 299.385 1197.54 1e+100
17 482.801 965.603 1e+100
1 290.482 580.964 1e+100
5 296.549 1186.19 1e+100
0 188.848 188.848 1e+100
13 269.435 538.87 1e+100
11 215.014 860.055 1e+100
3 38.0118 38.0118 1e+100
16 225.375 225.375 1e+100
41
7 672.336 1344.67 1e+100
1 220.598 441.196 1e+100
2 116.881 467.526 1e+100
17 97.3534 389.414 1e+100
13 182.899 182.899 1e+100
11 731.385 1462.77 1e+100
17 532.589 2130.35 1e+100
14 714.618 1429.24 1e+100
6 591.968 591.968 1e+100
16 661.261 1322.52 1e+100
1 820.082 1640.16 1e+100
2 170.148 340.295 1e+100
7 499.879 999.759 1e+100
10 671.757 1343.51 1e+100
9 446.787 446.787 1e+100
12 83.5045 83.5045 1e+100
8 1250.26 5001.05 1e+100
13 790.077 790.077 1e+100
15 1265.67 1265.67 1e+100
4 262.589 525.179 1e+100
11 252.969 1011.88 1e+100
5 377.796 1511.18 1e+100
17 553.613 1107.23 1e+100
16 502.345 1004.69 1e+100
6 342.419 342.419 1e+100
7 756.471 1512.94 1e+100
1 58.2317 116.463 1e+100
13 149.842 299.685 1e+100
10 679.456 1358.91 1e+100
0 223.156 223.156 1e+100
12 401.157 401.157 1e+100
8 213.915 213.915 1e+100
2 466.258 1865.03 1e+100
4 645.655 1291.31 1e+100
11 519.797 1039.59 1e+100
14 296.549 1186.19 1e+100
15 146.911 146.911 1e+100
16 242.412 484.825 1e+100
5 697.315 2789.26 1e+100
13 293.658 293.658 1e+100
1 173.39 173.39 1e+100
32
8 1258.76 2517.52 1e+100
17 483.143 966.287 1e+100
14 666.049 2664.2 1e+100
16 415.397 415.397 1e+100
7 435.614 871.227 1e+100
4 378.607 757.214 1e+100
10 909.866 1819.73 1e+100
2 158.918 158.918 1e+100
3 170.988 170.988 1e+100
9 691.248 691.248 1e+100
0 146.092 146.092 1e+100
4 507.429 507.429 1e+100
8 341.125 341.125 1e+100
12 649.329 649.329 1e+100
14 58.1926 58.1926 1e+100
7 338.01 338.01 1e+100
17 266.351 266.351 1e+100
0 105.868 105.868 1e+100
1 153.033 306.067 1e+100
2 155.552 155.552 1e+100
11 1098.01 1098.01 1e+100
13 149.291 149.291 1e+100
6 439.922 439.922 1e+100
15 748.404 748.404 1e+100
3 469.377 469.377 1e+100
8 231.168 462.336 1e+100
16 421.926 421.926 1e+100
14 376.405 376.405 1e+100
4 12.5531 25.1061 1e+100
10 343.628 687.256 1e+100
7 285.255 285.255 1e+100
9 54.5275 54.5275 1e+100
