38
4 2369.83 2369.83 1e+100
2 163.906 327.812 1e+100
1 136.788 273.577 1e+100
5 1500.39 6001.55 1e+100
0 793.929 793.929 1e+100
2 3542.67 14170.7 1e+100
3 3965.33 3965.33 1e+100
1 4558.5 9117.01 1e+100
3 1965.27 1965.27 1e+100
4 3051.38 6102.76 1e+100
1 1637.54 3275.08 1e+100
0 2858.24 2858.24 1e+100
2 6944.04 13888.1 1e+100
0 8388.37 8388.37 1e+100
2 57.5818 115.164 1e+100
3 8532.68 8532.68 1e+100
3 6719.61 6719.61 1e+100
0 9436.05 9436.05 1e+100
5 8968.48 17937 1e+100
1 10364.3 10364.3 1e+100
5 1787.75 7150.99 1e+100
1 8439.3 16878.6 1e+100
2 2582.76 10331 1e+100
5 5394.56 21578.3 1e+100
2 6527.12 13054.2 1e+100
1 3204.99 6409.99 1e+100
3 9340.84 9340.84 1e+100
2 7991.26 15982.5 1e+100
4 1050.05 2100.1 1e+100
4 6387.1 12774.2 1e+100
4 3365.84 6731.68 1e+100
4 8318.8 8318.8 1e+100
3 1475.16 1475.16 1e+100
5 1345.33 5381.3 1e+100
1 3860.73 7721.46 1e+100
0 431.322 431.322 1e+100
0 2413.05 2413.05 1e+100
0 7034.25 7034.25 1e+100
39
5 2519.97 2519.97 1e+100
2 160.277 320.555 1e+100
1 238.384 476.769 1e+100
3 3042 3042 1e+100
3 497.418 497.418 1e+100
4 376.525 753.051 1e+100
2 5756.07 23024.3 1e+100
5 4362.78 17451.1 1e+100
1 2053.95 4107.9 1e+100
0 124.26 124.26 1e+100
2 835.329 3341.32 1e+100
0 3985.73 3985.73 1e+100
0 7571.63 7571.63 1e+100
4 1767.45 3534.9 1e+100
0 934.408 934.408 1e+100
1 6769.43 6769.43 1e+100
0 8726.46 8726.46 1e+100
1 3263.21 6526.43 1e+100
2 1240.28 4961.12 1e+100
4 2371.16 4742.31 1e+100
0 3729.33 3729.33 1e+100
5 4178.23 16712.9 1e+100
4 3952.31 7904.62 1e+100
3 1451.23 1451.23 1e+100
5 7263.92 7263.92 1e+100
4 8310.86 8310.86 1e+100
2 4232.77 16931.1 1e+100
1 6415.28 6415.28 1e+100
1 8339.94 8339.94 1e+100
1 2931.11 5862.22 1e+100
2 5471.92 21887.7 1e+100
5 8372.61 8372.61 1e+100
3 1886.14 1886.14 1e+100
2 6667.52 6667.52 1e+100
4 4790.88 9581.76 1e+100
0 7280.65 7280.65 1e+100
3 3903.43 3903.43 1e+100
3 2083.36 2083.36 1e+100
5 2430.31 9721.23 1e+100
32
0 1281.39 1281.39 1e+100
4 421.611 843.222 1e+100
2 129.403 517.611 1e+100
5 1080.63 4322.52 1e+100
1 413.461 413.461 1e+100
3 218.237 218.237 1e+100
4 1622.55 3245.11 1e+100
1 2276.96 2276.96 1e+100
2 1812.9 3625.81 1e+100
3 1515.1 1515.1 1e+100
4 1509.57 3019.14 1e+100
0 2682.5 2682.5 1e+100
2 1734.67 6938.66 1e+100
0 235.537 235.537 1e+100
4 6673.38 6673.38 1e+100
3 5198.58 5198.58 1e+100
3 7453.78 7453.78 1e+100
5 136.269 136.269 1e+100
2 2823.72 11294.9 1e+100
5 1479.36 5917.44 1e+100
3 114.703 114.703 1e+100
1 3236.12 3236.12 1e+100
5 3035.12 12140.5 1e+100
0 2678.96 2678.96 1e+100
1 447.64 895.279 1e+100
0 4576.43 4576.43 1e+100
5 4176.63 4176.63 1e+100
2 3242.72 12970.9 1e+100
4 158.727 317.454 1e+100
3 528.154 528.154 1e+100
4 1608.11 1608.11 1e+100
1 2390.55 2390.55 1e+100
33
3 1515.96 1515.96 1e+100
5 437.259 874.518 1e+100
1 1709.01 3418.03 1e+100
2 373.678 747.355 1e+100
1 3037.52 3037.52 1e+100
4 273.479 546.958 1e+100
0 1223.32 1223.32 1e+100
4 8634.96 8634.96 1e+100
5 1629.14 1629.14 1e+100
4 1089.74 2179.47 1e+100
0 5107.99 5107.99 1e+100
3 224.039 224.039 1e+100
3 7557.35 7557.35 1e+100
2 2959.32 5918.64 1e+100
3 4825.17 4825.17 1e+100
2 482.82 1931.28 1e+100
4 4011.13 8022.27 1e+100
1 3524.32 7048.65 1e+100
0 609.142 609.142 1e+100
0 2259.48 2259.48 1e+100
3 1541.49 1541.49 1e+100
5 794.396 3177.58 1e+100
5 6063.42 6063.42 1e+100
1 7376.04 7376.04 1e+100
4 1101.12 2202.25 1e+100
5 3596.68 14386.7 1e+100
2 5491.77 5491.77 1e+100
0 5035.08 5035.08 1e+100
2 2264.6 9058.41 1e+100
5 369.705 739.41 1e+100
1 3724.93 3724.93 1e+100
4 2417.95 2417.95 1e+100
3 5155.55 5155.55 1e+100
39
0 1281.39 1281.39 1e+100
4 421.611 843.222 1e+100
2 129.403 517.611 1e+100
5 1080.63 4322.52 1e+100
1 413.461 413.461 1e+100
3 218.237 218.237 1e+100
4 1622.55 3245.11 1e+100
5 3075.05 3075.05 1e+100
1 1827.45 3654.9 1e+100
0 6602.58 6602.58 1e+100
2 1066.07 1066.07 1e+100
4 2088.94 4177.88 1e+100
0 1909.85 1909.85 1e+100
0 96.7771 96.7771 1e+100
3 293.425 293.425 1e+100
4 5274.63 10549.3 1e+100
2 8779.1 8779.1 1e+100
2 1175.05 4700.21 1e+100
1 5035.96 10071.9 1e+100
1 442.068 442.068 1e+100
2 2934.65 11738.6 1e+100
5 1034.94 4139.75 1e+100
3 2275.19 2275.19 1e+100
3 204.318 204.318 1e+100
5 2590.7 10362.8 1e+100
3 3698.24 3698.24 1e+100
1 6753.69 13507.4 1e+100
3 5595.71 5595.71 1e+100
1 843.755 1687.51 1e+100
5 4734.72 4734.72 1e+100
1 3971.85 7943.7 1e+100
0 4056.48 4056.48 1e+100
4 530.078 1060.16 1e+100
0 5768.17 5768.17 1e+100
2 2488.95 9955.82 1e+100
4 4536.48 9072.96 1e+100
5 5722.16 5722.16 1e+100
2 3548.34 7096.67 1e+100
3 6361.25 6361.25 1e+100
39
5 2519.97 2519.97 1e+100
2 160.277 320.555 1e+100
1 238.384 476.769 1e+100
3 3042 3042 1e+100
3 497.418 497.418 1e+100
4 376.525 753.051 1e+100
2 4218.8 16875.2 1e+100
5 4362.78 17451.1 1e+100
1 4116.32 8232.64 1e+100
0 124.26 124.26 1e+100
2 835.329 3341.32 1e+100
1 1526.02 1526.02 1e+100
2 4720.54 4720.54 1e+100
4 5418.52 10837 1e+100
4 1302.03 2604.06 1e+100
0 824.995 824.995 1e+100
0 4016.87 4016.87 1e+100
3 4905.24 4905.24 1e+100
2 6603.37 6603.37 1e+100
1 5589.44 5589.44 1e+100
3 6309.36 6309.36 1e+100
0 6677 6677 1e+100
4 7907.36 7907.36 1e+100
3 846.841 846.841 1e+100
4 4833.12 4833.12 1e+100
0 157.775 157.775 1e+100
4 189.652 379.305 1e+100
2 2831.07 5662.14 1e+100
0 3540.89 3540.89 1e+100
2 5662.51 5662.51 1e+100
1 6864.12 6864.12 1e+100
5 2008.72 4017.43 1e+100
1 1041.63 2083.27 1e+100
3 6427.06 6427.06 1e+100
0 6076.31 6076.31 1e+100
5 4706.52 9413.04 1e+100
1 4174.58 8349.15 1e+100
2 6355.64 6355.64 1e+100
5 2652.01 5304.02 1e+100
29
3 1515.96 1515.96 1e+100
5 437.259 874.518 1e+100
1 1709.01 3418.03 1e+100
2 373.678 747.355 1e+100
0 5353.52 5353.52 1e+100
4 273.479 546.958 1e+100
0 1223.32 1223.32 1e+100
2 2219.47 2219.47 1e+100
4 1280.89 1280.89 1e+100
5 254.271 254.271 1e+100
5 2556.49 10226 1e+100
3 801.028 801.028 1e+100
1 2157.03 4314.07 1e+100
1 4422.69 4422.69 1e+100
0 558.509 558.509 1e+100
4 5247.27 5247.27 1e+100
2 1118.4 4473.61 1e+100
3 4304.44 4304.44 1e+100
2 5135.55 5135.55 1e+100
4 945.634 1891.27 1e+100
2 2357.55 9430.19 1e+100
1 5318.01 5318.01 1e+100
5 5348.86 5348.86 1e+100
3 947.746 947.746 1e+100
4 1727.3 3454.59 1e+100
3 4900.63 4900.63 1e+100
0 3123.46 3123.46 1e+100
0 1303.39 1303.39 1e+100
5 1730.67 6922.67 1e+100
35
5 2519.97 2519.97 1e+100
2 160.277 320.555 1e+100
1 238.384 476.769 1e+100
3 3042 3042 1e+100
3 497.418 497.418 1e+100
4 376.525 753.051 1e+100
2 4218.8 16875.2 1e+100
5 4362.78 17451.1 1e+100
1 2053.95 4107.9 1e+100
0 124.26 124.26 1e+100
2 835.329 3341.32 1e+100
0 1530.84 1530.84 1e+100
0 3296.52 3296.52 1e+100
1 3703.52 7407.04 1e+100
4 3669.29 7338.59 1e+100
4 889.964 889.964 1e+100
0 5925.82 5925.82 1e+100
1 7648.58 7648.58 1e+100
4 8467.33 8467.33 1e+100
2 3127.32 12509.3 1e+100
3 7066.91 7066.91 1e+100
0 6745.2 6745.2 1e+100
1 3704.66 7409.32 1e+100
3 714.568 714.568 1e+100
4 2923.23 5846.46 1e+100
5 2104.88 4209.76 1e+100
5 3913.75 7827.51 1e+100
2 5814.95 5814.95 1e+100
3 3102.97 3102.97 1e+100
0 7498.82 7498.82 1e+100
4 3857.45 7714.89 1e+100
0 443.147 443.147 1e+100
5 4228.52 4228.52 1e+100
3 323.752 323.752 1e+100
2 1945.79 7783.17 1e+100
38
3 1293.4 1293.4 1e+100
0 135.689 135.689 1e+100
2 1126.08 1126.08 1e+100
4 341.882 341.882 1e+100
1 412.849 825.698 1e+100
0 929.931 929.931 1e+100
5 688.152 1376.3 1e+100
2 1893.37 3786.74 1e+100
1 2321.2 2321.2 1e+100
4 1279.97 2559.94 1e+100
3 1855.54 1855.54 1e+100
3 42.4666 42.4666 1e+100
0 4161.52 4161.52 1e+100
1 8902.21 17804.4 1e+100
0 1429.34 1429.34 1e+100
5 1043.9 4175.61 1e+100
1 6634.93 13269.9 1e+100
2 1957.83 7831.32 1e+100
5 4513.62 18054.5 1e+100
4 6900.91 13801.8 1e+100
4 1333.86 2667.72 1e+100
3 2663.7 2663.7 1e+100
4 8365.05 16730.1 1e+100
4 4533.79 9067.57 1e+100
1 646.162 1292.32 1e+100
2 7464.93 14929.9 1e+100
0 5824.27 5824.27 1e+100
5 1040.06 4160.23 1e+100
2 2774.49 11098 1e+100
3 8736.98 8736.98 1e+100
0 3060.37 3060.37 1e+100
0 8382.88 8382.88 1e+100
4 1569.25 3138.51 1e+100
2 4529.56 18118.2 1e+100
3 2659.84 2659.84 1e+100
5 4774.46 19097.8 1e+100
3 4015.2 4015.2 1e+100
1 368.109 736.218 1e+100
36
0 1281.39 1281.39 1e+100
4 421.611 843.222 1e+100
2 129.403 517.611 1e+100
5 1080.63 4322.52 1e+100
1 413.461 413.461 1e+100
3 218.237 218.237 1e+100
4 1622.55 3245.11 1e+100
2 2262.41 2262.41 1e+100
1 1827.45 3654.9 1e+100
3 1515.1 1515.1 1e+100
4 2162.5 4324.99 1e+100
1 2553.83 5107.67 1e+100
3 1982.88 1982.88 1e+100
5 2844.5 2844.5 1e+100
0 668.146 668.146 1e+100
1 7029.67 7029.67 1e+100
5 50.6096 202.439 1e+100
0 6551.66 6551.66 1e+100
3 2507.94 2507.94 1e+100
2 195.034 390.068 1e+100
0 1454.27 1454.27 1e+100
1 1807.77 3615.54 1e+100
4 5720.01 11440 1e+100
4 3819.13 7638.27 1e+100
3 5824.73 5824.73 1e+100
5 2480.99 9923.96 1e+100
2 1706.63 6826.53 1e+100
2 5937.34 5937.34 1e+100
3 2768.83 2768.83 1e+100
1 6658.83 6658.83 1e+100
4 690.009 1380.02 1e+100
2 3461.7 13846.8 1e+100
0 1483.98 1483.98 1e+100
5 3135.68 12542.7 1e+100
5 5109.59 5109.59 1e+100
1 905.83 1811.66 1e+100
