43
2 559.048 1118.1 1e+100
4 378.353 756.707 1e+100
1 295.912 591.823 1e+100
5 757.756 1515.51 1e+100
8 1642.05 6568.19 1e+100
5 2575.91 10303.6 1e+100
1 3958.21 7916.42 1e+100
6 857.373 857.373 1e+100
7 2206.39 2206.39 1e+100
7 373.297 746.594 1e+100
1 1037.25 2074.49 1e+100
9 1518.7 1518.7 1e+100
4 1813.33 3626.67 1e+100
3 183.29 183.29 1e+100
2 584.495 1168.99 1e+100
3 2966.24 2966.24 1e+100
6 1369.72 1369.72 1e+100
0 571.952 571.952 1e+100
1 4834.4 9668.81 1e+100
3 784.814 784.814 1e+100
2 1763.58 7054.33 1e+100
4 3502.48 7004.97 1e+100
5 1616 6463.98 1e+100
8 586.564 2346.25 1e+100
7 401.937 803.874 1e+100
2 2815.63 5631.25 1e+100
9 1180.21 1180.21 1e+100
7 3693.63 7387.27 1e+100
7 1403.06 2806.12 1e+100
8 4298.79 8597.58 1e+100
1 4872.79 9745.59 1e+100
0 93.3778 93.3778 1e+100
3 2893.34 2893.34 1e+100
9 1730.51 1730.51 1e+100
5 2274.57 9098.27 1e+100
5 4469.27 8938.54 1e+100
4 2857.38 5714.75 1e+100
8 1529.53 6118.13 1e+100
0 1344.97 1344.97 1e+100
2 4261.65 8523.3 1e+100
2 1843.79 7375.16 1e+100
6 56.7956 56.7956 1e+100
9 2589.41 2589.41 1e+100
38
8 2464.76 4929.52 1e+100
1 560.135 1120.27 1e+100
2 138.252 553.007 1e+100
7 532.873 1065.75 1e+100
4 2917.51 5835.02 1e+100
5 831.122 3324.49 1e+100
4 487.658 975.316 1e+100
9 935.486 935.486 1e+100
1 1731.58 3463.17 1e+100
6 2263.73 2263.73 1e+100
0 374.293 374.293 1e+100
2 153.221 153.221 1e+100
1 2193.64 4387.29 1e+100
5 1794.16 7176.62 1e+100
4 2921.21 5842.42 1e+100
3 369.028 369.028 1e+100
8 1297.9 5191.61 1e+100
7 1110.86 2221.73 1e+100
9 1203.84 1203.84 1e+100
3 2007.32 2007.32 1e+100
0 500.538 500.538 1e+100
2 154.032 616.13 1e+100
5 4638.72 4638.72 1e+100
6 2263.83 2263.83 1e+100
2 3764.37 7528.75 1e+100
2 1393.18 5572.72 1e+100
0 1835.76 1835.76 1e+100
9 2287.95 2287.95 1e+100
1 1424.31 2848.63 1e+100
5 1282.03 5128.13 1e+100
7 3290.69 3290.69 1e+100
8 1547.45 3094.9 1e+100
6 3135.61 3135.61 1e+100
9 3750.66 3750.66 1e+100
7 803.548 803.548 1e+100
8 2899.69 2899.69 1e+100
3 1787.91 1787.91 1e+100
4 1381.67 2763.34 1e+100
40
8 1422.04 2844.08 1e+100
1 220.598 441.196 1e+100
2 116.881 467.526 1e+100
5 1283.46 5133.84 1e+100
9 780.087 780.087 1e+100
4 660.635 1321.27 1e+100
5 1718.69 6874.78 1e+100
1 899.441 1798.88 1e+100
6 591.968 591.968 1e+100
4 1776.27 3552.54 1e+100
7 369.363 738.726 1e+100
2 181.731 363.462 1e+100
7 2036.66 4073.32 1e+100
1 2476.93 4953.85 1e+100
0 293.679 293.679 1e+100
9 667.193 667.193 1e+100
8 1350.53 5402.11 1e+100
3 180.892 180.892 1e+100
6 1917.94 1917.94 1e+100
4 3686.73 7373.46 1e+100
0 3082.81 3082.81 1e+100
2 1002.05 4008.22 1e+100
5 1998.44 7993.74 1e+100
0 596.656 596.656 1e+100
3 591.68 591.68 1e+100
8 1305.49 5221.95 1e+100
9 53.5708 53.5708 1e+100
1 1759.04 3518.08 1e+100
6 834.394 834.394 1e+100
9 2376.46 2376.46 1e+100
8 2361.03 2361.03 1e+100
2 2948.68 11794.7 1e+100
4 2511.08 5022.17 1e+100
1 2213.51 4427.02 1e+100
2 253.546 1014.18 1e+100
3 2401.54 2401.54 1e+100
7 1659.52 3319.03 1e+100
5 1933.26 7733.05 1e+100
3 77.2373 77.2373 1e+100
6 1434.05 1434.05 1e+100
36
8 1258.76 2517.52 1e+100
1 392.543 785.086 1e+100
2 753.322 3013.29 1e+100
9 893.562 893.562 1e+100
7 435.614 871.227 1e+100
5 502.71 1005.42 1e+100
6 2692.98 2692.98 1e+100
4 264.891 529.781 1e+100
3 2721.25 2721.25 1e+100
8 1045.2 1045.2 1e+100
0 571.952 571.952 1e+100
1 376.623 753.246 1e+100
3 539.823 539.823 1e+100
2 1129.36 4517.44 1e+100
5 1106.32 2212.63 1e+100
7 1609.28 3218.56 1e+100
9 2748.89 2748.89 1e+100
9 834.544 834.544 1e+100
0 1299.3 1299.3 1e+100
5 3972.02 15888.1 1e+100
4 627.034 627.034 1e+100
6 1994.61 1994.61 1e+100
4 2088.58 4177.16 1e+100
5 1290.73 5162.91 1e+100
0 2634.53 2634.53 1e+100
3 2648.35 2648.35 1e+100
9 3046.38 3046.38 1e+100
2 686.939 2747.75 1e+100
1 296.446 592.891 1e+100
1 2590.8 5181.61 1e+100
5 3433.57 13734.3 1e+100
6 1907.95 1907.95 1e+100
7 929.51 1859.02 1e+100
2 2469.29 9877.15 1e+100
4 1455.95 1455.95 1e+100
7 3074.01 3074.01 1e+100
35
8 1422.04 2844.08 1e+100
1 220.598 441.196 1e+100
2 116.881 467.526 1e+100
5 1283.46 5133.84 1e+100
9 780.087 780.087 1e+100
4 660.635 1321.27 1e+100
3 183.29 183.29 1e+100
1 369.516 739.032 1e+100
2 362.033 362.033 1e+100
7 864.17 864.17 1e+100
0 571.952 571.952 1e+100
4 932.183 1864.37 1e+100
9 94.8193 94.8193 1e+100
5 2582.36 10329.4 1e+100
5 1149.89 2299.78 1e+100
3 465.284 465.284 1e+100
8 2072.93 8291.74 1e+100
2 1666.71 6666.83 1e+100
1 287.471 287.471 1e+100
0 482.845 482.845 1e+100
2 3222.47 12889.9 1e+100
4 1257.68 1257.68 1e+100
7 1050.5 2101 1e+100
3 1365.55 1365.55 1e+100
6 986.44 986.44 1e+100
1 1584.28 3168.56 1e+100
9 612.459 612.459 1e+100
0 1875.9 1875.9 1e+100
9 2324.15 2324.15 1e+100
8 1627.24 6508.97 1e+100
7 1681.79 3363.57 1e+100
6 1973.88 1973.88 1e+100
5 1655.82 3311.64 1e+100
3 2384.1 2384.1 1e+100
4 2538.59 2538.59 1e+100
34
8 2464.76 4929.52 1e+100
1 560.135 1120.27 1e+100
2 138.252 553.007 1e+100
7 532.873 1065.75 1e+100
2 1119.48 2238.96 1e+100
5 831.122 3324.49 1e+100
4 487.658 975.316 1e+100
9 935.486 935.486 1e+100
1 991.941 1983.88 1e+100
3 49.2669 49.2669 1e+100
6 2577.32 2577.32 1e+100
0 842.286 842.286 1e+100
4 840.021 840.021 1e+100
2 877.364 877.364 1e+100
7 341.125 341.125 1e+100
5 664.519 664.519 1e+100
9 609.15 609.15 1e+100
8 471.241 471.241 1e+100
1 406.544 406.544 1e+100
3 143.486 143.486 1e+100
4 663.817 1327.63 1e+100
6 1911.95 1911.95 1e+100
0 324.973 324.973 1e+100
4 2072.86 2072.86 1e+100
7 2744.67 2744.67 1e+100
3 1272.5 1272.5 1e+100
0 2178.28 2178.28 1e+100
7 235.64 471.281 1e+100
9 3166.9 3166.9 1e+100
9 927.362 927.362 1e+100
2 278.371 556.742 1e+100
5 9.7902 19.5804 1e+100
1 739.904 739.904 1e+100
8 1127.15 1127.15 1e+100
36
8 1258.76 2517.52 1e+100
1 392.543 785.086 1e+100
2 753.322 3013.29 1e+100
9 893.562 893.562 1e+100
7 435.614 871.227 1e+100
5 502.71 1005.42 1e+100
6 435.485 435.485 1e+100
5 2503.57 10014.3 1e+100
1 933.162 933.162 1e+100
8 1345.49 5381.94 1e+100
7 2511.67 2511.67 1e+100
6 2056.76 2056.76 1e+100
0 3434.47 3434.47 1e+100
0 5736.69 5736.69 1e+100
2 1034.52 2069.03 1e+100
4 3677.65 7355.31 1e+100
4 1390 1390 1e+100
9 834.544 834.544 1e+100
0 261.378 261.378 1e+100
2 2762.32 11049.3 1e+100
3 174.109 174.109 1e+100
3 2098.76 2098.76 1e+100
1 598.108 1196.22 1e+100
5 1741.59 6966.37 1e+100
3 3553 3553 1e+100
8 851.871 851.871 1e+100
1 1696.89 3393.79 1e+100
5 2937.19 11748.8 1e+100
6 620.531 620.531 1e+100
8 2392.21 4784.43 1e+100
2 2713.25 2713.25 1e+100
9 2481.75 2481.75 1e+100
9 176.396 176.396 1e+100
6 1913.2 1913.2 1e+100
4 3809.57 3809.57 1e+100
7 939.17 1878.34 1e+100
36
8 2464.76 4929.52 1e+100
1 560.135 1120.27 1e+100
2 138.252 553.007 1e+100
7 532.873 1065.75 1e+100
2 1119.48 2238.96 1e+100
5 831.122 3324.49 1e+100
4 487.658 975.316 1e+100
9 935.486 935.486 1e+100
1 991.941 1983.88 1e+100
6 2518.88 2518.88 1e+100
0 276.193 276.193 1e+100
3 798.775 798.775 1e+100
4 840.021 840.021 1e+100
2 316.694 1266.77 1e+100
5 753.374 753.374 1e+100
7 220.063 440.126 1e+100
8 40.2602 80.5205 1e+100
9 544.035 544.035 1e+100
0 426.16 426.16 1e+100
4 741.578 1483.16 1e+100
5 1372.79 5491.17 1e+100
8 902.483 3609.93 1e+100
2 632.89 1265.78 1e+100
1 279.388 558.776 1e+100
1 2535.64 5071.27 1e+100
7 2967.33 2967.33 1e+100
4 2660.24 5320.48 1e+100
2 2024.8 8099.21 1e+100
9 1680.6 1680.6 1e+100
7 542.992 1085.98 1e+100
6 1338.29 1338.29 1e+100
3 3067.45 3067.45 1e+100
3 762.102 762.102 1e+100
9 2973.27 2973.27 1e+100
0 2171 2171 1e+100
8 1135.55 2271.1 1e+100
38
6 1636.87 1636.87 1e+100
9 596.136 596.136 1e+100
8 1955.69 1955.69 1e+100
2 71.4152 71.4152 1e+100
1 412.849 825.698 1e+100
0 584.385 584.385 1e+100
4 558.835 1117.67 1e+100
7 829.663 1659.33 1e+100
5 472.967 472.967 1e+100
2 1009.5 2019 1e+100
1 396.364 396.364 1e+100
6 385.905 385.905 1e+100
3 926.917 926.917 1e+100
7 2006.85 4013.7 1e+100
9 190.678 190.678 1e+100
5 581.948 2327.79 1e+100
4 1120.89 2241.77 1e+100
8 1509.87 6039.5 1e+100
2 1475.99 5903.98 1e+100
1 1437.49 2874.97 1e+100
4 4007.97 8015.94 1e+100
0 409.261 409.261 1e+100
1 4729.18 9458.37 1e+100
1 2438.61 4877.22 1e+100
4 769.338 1538.68 1e+100
7 2045.24 4090.48 1e+100
3 298.219 298.219 1e+100
5 578.104 2312.41 1e+100
2 4393.95 17575.8 1e+100
6 1737.34 1737.34 1e+100
3 2200.12 2200.12 1e+100
9 614.152 614.152 1e+100
7 4071.64 8143.29 1e+100
2 1820.88 7283.54 1e+100
0 405.405 405.405 1e+100
8 1025.57 4102.28 1e+100
0 1760.76 1760.76 1e+100
5 951.538 1903.08 1e+100
34
8 1422.04 2844.08 1e+100
1 220.598 441.196 1e+100
2 116.881 467.526 1e+100
5 1283.46 5133.84 1e+100
9 780.087 780.087 1e+100
4 660.635 1321.27 1e+100
7 2277.42 4554.84 1e+100
1 394.374 394.374 1e+100
3 170.988 170.988 1e+100
6 1796.11 1796.11 1e+100
0 146.092 146.092 1e+100
2 166.277 665.108 1e+100
5 909.251 909.251 1e+100
8 220.063 440.126 1e+100
4 555.859 1111.72 1e+100
9 698.224 698.224 1e+100
3 323.574 323.574 1e+100
1 304.972 609.943 1e+100
2 727.884 2911.54 1e+100
5 1431.98 5727.93 1e+100
4 2239.69 4479.37 1e+100
7 1559.3 3118.6 1e+100
1 2449.87 4899.73 1e+100
2 3545.33 14181.3 1e+100
8 1066.18 4264.73 1e+100
6 951.066 951.066 1e+100
9 1995.39 1995.39 1e+100
3 1740.05 1740.05 1e+100
7 2812.42 5624.84 1e+100
8 2821.25 11285 1e+100
0 224.451 224.451 1e+100
5 1630.49 6521.97 1e+100
0 1579.81 1579.81 1e+100
4 1862.93 3725.87 1e+100
43
6 1636.87 1636.87 1e+100
9 596.136 596.136 1e+100
8 1955.69 1955.69 1e+100
2 71.4152 71.4152 1e+100
1 412.849 825.698 1e+100
0 584.385 584.385 1e+100
4 558.835 1117.67 1e+100
7 829.663 1659.33 1e+100
2 1097.26 4389.04 1e+100
5 268.17 536.34 1e+100
9 2187.2 2187.2 1e+100
1 1514.08 3028.15 1e+100
7 1777.41 3554.82 1e+100
4 3133.82 6267.64 1e+100
7 5272.27 10544.5 1e+100
4 1355.22 2710.44 1e+100
3 135.916 135.916 1e+100
0 1770.12 1770.12 1e+100
8 1936.84 7747.36 1e+100
3 2341.15 2341.15 1e+100
6 486.906 486.906 1e+100
5 1060.4 2120.79 1e+100
2 1957.66 7830.62 1e+100
5 2126.18 8504.74 1e+100
8 2142.5 4285 1e+100
1 1355.16 2710.32 1e+100
6 709.846 709.846 1e+100
8 3606.64 7213.28 1e+100
7 1015.12 2030.23 1e+100
4 2645.05 5290.1 1e+100
5 3280.53 6561.06 1e+100
0 981.838 981.838 1e+100
9 2483.45 2483.45 1e+100
1 4076.49 8152.98 1e+100
2 3645.21 14580.8 1e+100
9 118.68 118.68 1e+100
7 4321.15 8642.29 1e+100
3 796.759 796.759 1e+100
6 3442.6 3442.6 1e+100
0 2881.05 2881.05 1e+100
9 3083.72 3083.72 1e+100
6 713.101 713.101 1e+100
1 575.697 1151.39 1e+100
38
8 1422.04 2844.08 1e+100
1 220.598 441.196 1e+100
2 116.881 467.526 1e+100
5 1283.46 5133.84 1e+100
9 780.087 780.087 1e+100
4 660.635 1321.27 1e+100
3 183.29 183.29 1e+100
1 406.72 813.44 1e+100
9 590.601 590.601 1e+100
2 438.301 438.301 1e+100
0 571.952 571.952 1e+100
4 932.183 1864.37 1e+100
3 784.814 784.814 1e+100
5 974.607 3898.43 1e+100
1 1792.11 3584.21 1e+100
8 1505.85 6023.39 1e+100
5 2439.25 9757.01 1e+100
7 174.303 348.607 1e+100
2 1248.7 2497.4 1e+100
6 565.149 565.149 1e+100
7 1638.44 3276.89 1e+100
4 3994.64 7989.28 1e+100
1 1440.56 2881.12 1e+100
4 970.571 1941.14 1e+100
0 93.3778 93.3778 1e+100
0 2611.23 2611.23 1e+100
9 933.893 933.893 1e+100
9 3303.76 3303.76 1e+100
7 3031.88 3031.88 1e+100
3 84.3021 84.3021 1e+100
3 2090.81 2090.81 1e+100
8 1499.03 2998.06 1e+100
6 3092.46 3092.46 1e+100
6 852.924 852.924 1e+100
1 2497.48 4994.97 1e+100
2 1030.46 2060.91 1e+100
5 2755.37 2755.37 1e+100
8 2553.18 2553.18 1e+100
38
6 1636.87 1636.87 1e+100
9 596.136 596.136 1e+100
8 1955.69 1955.69 1e+100
2 71.4152 71.4152 1e+100
1 412.849 825.698 1e+100
0 584.385 584.385 1e+100
4 558.835 1117.67 1e+100
7 829.663 1659.33 1e+100
9 2628.05 2628.05 1e+100
5 264.96 1059.84 1e+100
3 479.232 479.232 1e+100
2 1844.35 7377.4 1e+100
1 1311.4 1311.4 1e+100
7 2164.61 2164.61 1e+100
0 973.203 973.203 1e+100
6 643.175 643.175 1e+100
4 813.447 1626.89 1e+100
8 1509.87 6039.5 1e+100
5 125.969 503.875 1e+100
1 4696.52 9393.05 1e+100
4 4217.88 8435.76 1e+100
6 3151.48 3151.48 1e+100
7 3731.3 7462.59 1e+100
7 1440.72 2881.44 1e+100
2 4321.5 8643 1e+100
2 1300.24 2600.47 1e+100
3 223.156 223.156 1e+100
6 35.2148 35.2148 1e+100
9 798.578 798.578 1e+100
5 547.208 2188.83 1e+100
1 375.416 750.832 1e+100
4 664.88 1329.76 1e+100
5 2973.55 11894.2 1e+100
3 1474.75 1474.75 1e+100
8 3269.21 6538.43 1e+100
8 851.354 3405.42 1e+100
0 352.034 352.034 1e+100
9 1657.48 1657.48 1e+100
37
6 1636.87 1636.87 1e+100
9 596.136 596.136 1e+100
8 1955.69 1955.69 1e+100
2 71.4152 71.4152 1e+100
1 412.849 825.698 1e+100
0 584.385 584.385 1e+100
4 558.835 1117.67 1e+100
7 829.663 1659.33 1e+100
5 500.302 1000.6 1e+100
9 501.43 501.43 1e+100
3 203.955 203.955 1e+100
4 1869.33 1869.33 1e+100
2 380.898 761.795 1e+100
5 1074.97 4299.89 1e+100
1 662.487 1324.97 1e+100
3 1082.81 1082.81 1e+100
8 1175.51 4702.05 1e+100
0 70.4546 70.4546 1e+100
2 843.466 3373.86 1e+100
5 1732.2 6928.78 1e+100
6 323.038 323.038 1e+100
9 475.722 475.722 1e+100
8 1313.57 5254.28 1e+100
0 846.984 846.984 1e+100
1 903.914 1807.83 1e+100
6 1869.83 1869.83 1e+100
5 3294.35 3294.35 1e+100
4 62.759 125.518 1e+100
9 1676.72 1676.72 1e+100
0 2727.08 2727.08 1e+100
3 563.512 563.512 1e+100
2 397.774 1591.1 1e+100
1 1535.2 3070.41 1e+100
4 1570.64 1570.64 1e+100
2 1457.16 2914.31 1e+100
7 382.709 382.709 1e+100
8 1363.56 1363.56 1e+100
45
8 2464.76 4929.52 1e+100
1 560.135 1120.27 1e+100
2 138.252 553.007 1e+100
7 532.873 1065.75 1e+100
1 2347.8 4695.61 1e+100
5 831.122 3324.49 1e+100
4 487.658 975.316 1e+100
9 935.486 935.486 1e+100
5 6173.04 24692.2 1e+100
2 416.64 833.281 1e+100
6 591.968 591.968 1e+100
4 1737.04 3474.08 1e+100
7 1063.56 2127.12 1e+100
4 4092.12 8184.25 1e+100
7 2730.86 5461.72 1e+100
8 2070.91 4141.82 1e+100
3 135.916 135.916 1e+100
0 174.094 174.094 1e+100
5 2163.68 8654.72 1e+100
0 2191.31 2191.31 1e+100
9 1778.78 1778.78 1e+100
1 2132.87 4265.74 1e+100
2 620.413 2481.65 1e+100
3 1104.9 1104.9 1e+100
7 3901.68 7803.37 1e+100
4 4387.96 8775.91 1e+100
6 718.8 718.8 1e+100
3 2181.72 2181.72 1e+100
2 1307.36 2614.71 1e+100
8 1448.09 5792.36 1e+100
2 3312.3 13249.2 1e+100
1 3910.97 7821.95 1e+100
4 5141.37 10282.7 1e+100
2 5563.35 11126.7 1e+100
6 1985.61 1985.61 1e+100
1 4898.61 9797.22 1e+100
0 1015.33 1015.33 1e+100
9 677.865 677.865 1e+100
0 2727.02 2727.02 1e+100
8 3773.04 15092.2 1e+100
5 4215.61 8431.23 1e+100
3 2685.96 2685.96 1e+100
1 807.472 1614.94 1e+100
7 3185.94 3185.94 1e+100
9 2401.99 2401.99 1e+100
34
8 1258.76 2517.52 1e+100
1 392.543 785.086 1e+100
2 753.322 3013.29 1e+100
9 893.562 893.562 1e+100
7 435.614 871.227 1e+100
5 502.71 1005.42 1e+100
6 435.485 435.485 1e+100
5 2503.57 10014.3 1e+100
9 8088.11 8088.11 1e+100
8 1345.49 5381.94 1e+100
1 763.772 763.772 1e+100
6 2056.76 2056.76 1e+100
2 835.306 835.306 1e+100
9 1616.38 1616.38 1e+100
4 312.678 625.356 1e+100
7 1580.7 1580.7 1e+100
8 1405.51 1405.51 1e+100
0 494.121 494.121 1e+100
4 2474.03 2474.03 1e+100
1 1039.17 1039.17 1e+100
0 3670.79 3670.79 1e+100
2 4300.18 4300.18 1e+100
7 2840.62 5681.23 1e+100
5 1214.06 4856.26 1e+100
2 1087.82 4351.27 1e+100
6 2072.25 2072.25 1e+100
0 811.464 811.464 1e+100
3 6039.7 6039.7 1e+100
1 1893.32 3786.65 1e+100
8 2621.95 10487.8 1e+100
9 334.945 334.945 1e+100
5 1868.76 7475.03 1e+100
4 2134.48 2134.48 1e+100
7 2881.36 5762.71 1e+100
35
8 1258.76 2517.52 1e+100
1 392.543 785.086 1e+100
2 753.322 3013.29 1e+100
9 893.562 893.562 1e+100
7 435.614 871.227 1e+100
5 502.71 1005.42 1e+100
6 435.485 435.485 1e+100
5 6001.26 24005 1e+100
1 933.162 933.162 1e+100
8 1345.49 5381.94 1e+100
7 2511.67 2511.67 1e+100
6 2056.76 2056.76 1e+100
1 1879.3 1879.3 1e+100
9 1616.38 1616.38 1e+100
4 312.678 625.356 1e+100
2 255.697 255.697 1e+100
5 589.409 2357.64 1e+100
2 1598.79 6395.15 1e+100
0 233.224 233.224 1e+100
3 931.214 931.214 1e+100
8 602 2408 1e+100
0 1656.28 1656.28 1e+100
4 951.022 1902.04 1e+100
7 1573.99 1573.99 1e+100
6 1592.46 1592.46 1e+100
4 2931.98 5863.96 1e+100
3 2132.21 2132.21 1e+100
9 1849.94 1849.94 1e+100
3 3843.9 3843.9 1e+100
5 154.676 618.706 1e+100
1 1198.68 2397.36 1e+100
6 2579.9 2579.9 1e+100
2 2850.16 5700.32 1e+100
8 1005.5 1005.5 1e+100
7 2239.03 2239.03 1e+100
34
8 1258.76 2517.52 1e+100
1 392.543 785.086 1e+100
2 753.322 3013.29 1e+100
9 893.562 893.562 1e+100
7 435.614 871.227 1e+100
5 502.71 1005.42 1e+100
3 183.29 183.29 1e+100
4 264.891 529.781 1e+100
6 1727.65 1727.65 1e+100
8 1045.2 1045.2 1e+100
0 571.952 571.952 1e+100
1 406.069 812.138 1e+100
0 2349.68 2349.68 1e+100
2 1129.36 4517.44 1e+100
4 1650.28 3300.56 1e+100
5 639.759 639.759 1e+100
7 341.125 341.125 1e+100
0 4027.61 4027.61 1e+100
9 301.94 301.94 1e+100
3 350.171 350.171 1e+100
8 1277.72 1277.72 1e+100
1 1092.29 1092.29 1e+100
1 2711.29 5422.57 1e+100
2 1125.52 4502.07 1e+100
5 645.975 2583.9 1e+100
6 1912.53 1912.53 1e+100
3 2158.76 2158.76 1e+100
2 3022.19 3022.19 1e+100
7 1191.76 2383.53 1e+100
5 2401.04 9604.17 1e+100
9 328.52 328.52 1e+100
8 1056.15 4224.59 1e+100
9 1683.88 1683.88 1e+100
4 52.1559 104.312 1e+100
41
6 1636.87 1636.87 1e+100
9 596.136 596.136 1e+100
8 1955.69 1955.69 1e+100
2 71.4152 71.4152 1e+100
1 412.849 825.698 1e+100
0 584.385 584.385 1e+100
4 558.835 1117.67 1e+100
7 829.663 1659.33 1e+100
2 1097.26 4389.04 1e+100
5 268.17 536.34 1e+100
9 6380.03 6380.03 1e+100
1 1514.08 3028.15 1e+100
7 1777.41 3554.82 1e+100
5 1785.6 3571.19 1e+100
7 3444.71 6889.42 1e+100
4 1355.22 2710.44 1e+100
3 135.916 135.916 1e+100
9 626.992 626.992 1e+100
2 2384.62 9538.48 1e+100
3 2341.15 2341.15 1e+100
6 486.906 486.906 1e+100
4 2698.23 5396.46 1e+100
9 1707.31 1707.31 1e+100
6 3442.35 3442.35 1e+100
0 810.323 810.323 1e+100
8 353.909 353.909 1e+100
6 616.431 616.431 1e+100
0 2250.76 2250.76 1e+100
3 1897.38 1897.38 1e+100
1 1052.18 2104.36 1e+100
8 4202.28 4202.28 1e+100
6 3405.4 3405.4 1e+100
5 462.3 1849.2 1e+100
4 1522.59 3045.17 1e+100
1 1970.03 3940.06 1e+100
5 2888.64 11554.6 1e+100
0 2779.77 2779.77 1e+100
8 974.766 1949.53 1e+100
2 1414 5656.01 1e+100
3 1736.59 1736.59 1e+100
7 1034.44 1034.44 1e+100
36
8 1258.76 2517.52 1e+100
1 392.543 785.086 1e+100
2 753.322 3013.29 1e+100
9 893.562 893.562 1e+100
7 435.614 871.227 1e+100
5 502.71 1005.42 1e+100
3 183.29 183.29 1e+100
4 264.891 529.781 1e+100
6 1727.65 1727.65 1e+100
8 1045.2 1045.2 1e+100
0 571.952 571.952 1e+100
1 692.386 1384.77 1e+100
3 784.814 784.814 1e+100
2 1129.36 4517.44 1e+100
4 1650.28 3300.56 1e+100
5 431.715 1726.86 1e+100
2 4621.26 18485 1e+100
7 174.303 348.607 1e+100
8 1855.59 3711.19 1e+100
9 375.025 375.025 1e+100
7 1638.44 3276.89 1e+100
5 1392.88 2785.76 1e+100
4 1298.73 2597.46 1e+100
1 730.774 1461.55 1e+100
0 93.3778 93.3778 1e+100
7 3172.5 3172.5 1e+100
4 3173.96 6347.92 1e+100
2 1241.18 4964.7 1e+100
9 1041.87 1041.87 1e+100
5 2770.74 5541.48 1e+100
3 937.747 937.747 1e+100
6 2779.16 2779.16 1e+100
6 473.808 473.808 1e+100
9 2334.54 2334.54 1e+100
0 2386.94 2386.94 1e+100
8 1076.13 2152.26 1e+100
36
8 1258.76 2517.52 1e+100
1 392.543 785.086 1e+100
2 753.322 3013.29 1e+100
9 893.562 893.562 1e+100
7 435.614 871.227 1e+100
5 502.71 1005.42 1e+100
4 381.669 381.669 1e+100
1 1275.81 2551.62 1e+100
6 1727.65 1727.65 1e+100
7 1329.08 1329.08 1e+100
4 6789.86 6789.86 1e+100
8 2018.4 4036.81 1e+100
3 539.823 539.823 1e+100
5 900.016 3600.06 1e+100
4 594.191 1188.38 1e+100
2 274.509 549.018 1e+100
9 885.177 885.177 1e+100
3 4448.19 4448.19 1e+100
4 3184.14 3184.14 1e+100
2 3325.56 13302.2 1e+100
2 4953.84 4953.84 1e+100
5 6215.7 6215.7 1e+100
4 756.202 1512.4 1e+100
5 1859.06 7436.22 1e+100
3 1001.51 1001.51 1e+100
7 1591.12 1591.12 1e+100
1 443.516 887.033 1e+100
8 2545.03 10180.1 1e+100
6 1750.18 1750.18 1e+100
7 3131.46 6262.93 1e+100
5 2908.4 2908.4 1e+100
9 2326.84 2326.84 1e+100
9 21.4877 21.4877 1e+100
6 3042.85 3042.85 1e+100
3 4228.79 4228.79 1e+100
1 1136.31 2272.62 1e+100
32
8 1258.76 2517.52 1e+100
1 392.543 785.086 1e+100
2 753.322 3013.29 1e+100
9 893.562 893.562 1e+100
7 435.614 871.227 1e+100
5 502.71 1005.42 1e+100
4 955.411 1910.82 1e+100
3 49.2669 49.2669 1e+100
0 276.193 276.193 1e+100
1 599.165 599.165 1e+100
3 1545.96 1545.96 1e+100
2 233.645 934.58 1e+100
8 1122.28 4489.14 1e+100
7 174.303 348.607 1e+100
4 865.566 1731.13 1e+100
9 375.025 375.025 1e+100
2 3485.38 6970.76 1e+100
2 1194.81 2389.62 1e+100
5 149.842 299.685 1e+100
1 302.673 605.347 1e+100
0 223.156 223.156 1e+100
6 580.566 580.566 1e+100
1 3218.19 6436.39 1e+100
5 1640.45 6561.81 1e+100
9 1041.87 1041.87 1e+100
7 725.731 1451.46 1e+100
3 932.584 932.584 1e+100
6 2043.28 2043.28 1e+100
0 2122.37 2122.37 1e+100
7 2077.97 2077.97 1e+100
8 1771.27 1771.27 1e+100
4 180.372 360.745 1e+100
40
8 1258.76 2517.52 1e+100
1 392.543 785.086 1e+100
2 753.322 3013.29 1e+100
9 893.562 893.562 1e+100
7 435.614 871.227 1e+100
5 502.71 1005.42 1e+100
8 2762.66 11050.6 1e+100
4 232.952 465.905 1e+100
6 591.968 591.968 1e+100
1 1117.31 2234.63 1e+100
7 1399.42 2798.85 1e+100
4 1750.38 3500.76 1e+100
7 3066.72 6133.45 1e+100
5 1340.65 2681.3 1e+100
3 135.916 135.916 1e+100
0 174.094 174.094 1e+100
2 1795.77 7183.07 1e+100
0 2191.31 2191.31 1e+100
9 1460.11 1460.11 1e+100
4 3121.49 6242.98 1e+100
3 844.335 844.335 1e+100
5 2132.88 8531.5 1e+100
8 3042.4 12169.6 1e+100
0 2549.13 2549.13 1e+100
0 4653.46 4653.46 1e+100
2 1750.73 7002.91 1e+100
6 185.053 185.053 1e+100
1 344.146 688.291 1e+100
9 376.568 376.568 1e+100
5 2400.74 9602.95 1e+100
2 3716.09 14864.3 1e+100
3 3860.48 3860.48 1e+100
6 2763.98 2763.98 1e+100
3 1694.72 1694.72 1e+100
4 2445.44 4890.88 1e+100
5 3994.83 15979.3 1e+100
7 1887.35 1887.35 1e+100
8 3151.44 12605.8 1e+100
9 1126.88 1126.88 1e+100
1 920.015 1840.03 1e+100
38
6 1636.87 1636.87 1e+100
9 596.136 596.136 1e+100
8 1955.69 1955.69 1e+100
2 71.4152 71.4152 1e+100
1 412.849 825.698 1e+100
0 584.385 584.385 1e+100
4 558.835 1117.67 1e+100
7 829.663 1659.33 1e+100
9 2628.05 2628.05 1e+100
5 264.96 1059.84 1e+100
3 479.232 479.232 1e+100
8 2859.27 11437.1 1e+100
1 1311.4 1311.4 1e+100
6 1748.65 1748.65 1e+100
2 671.019 671.019 1e+100
0 1582.33 1582.33 1e+100
4 813.447 1626.89 1e+100
5 701.765 701.765 1e+100
7 233.226 233.226 1e+100
3 722.191 722.191 1e+100
6 1954.82 1954.82 1e+100
1 1586.8 1586.8 1e+100
2 1595.65 1595.65 1e+100
4 3048.76 3048.76 1e+100
4 1385.77 2771.54 1e+100
3 1642.98 1642.98 1e+100
5 773.102 773.102 1e+100
3 3371.17 3371.17 1e+100
7 766.547 766.547 1e+100
1 2961.82 2961.82 1e+100
0 1444.23 1444.23 1e+100
8 924.999 1850 1e+100
9 545.013 545.013 1e+100
7 2203.32 2203.32 1e+100
5 1791.23 3582.46 1e+100
2 1969.86 3939.71 1e+100
0 2236.96 2236.96 1e+100
6 1650.95 1650.95 1e+100
42
8 2464.76 4929.52 1e+100
1 560.135 1120.27 1e+100
2 138.252 553.007 1e+100
7 532.873 1065.75 1e+100
2 2936.13 5872.26 1e+100
5 831.122 3324.49 1e+100
4 487.658 975.316 1e+100
9 935.486 935.486 1e+100
5 2241.36 8965.45 1e+100
2 416.64 833.281 1e+100
6 591.968 591.968 1e+100
1 742.87 1485.74 1e+100
7 1063.56 2127.12 1e+100
4 2812.92 5625.84 1e+100
7 2730.86 5461.72 1e+100
4 1034.32 2068.64 1e+100
0 293.679 293.679 1e+100
3 1973.31 1973.31 1e+100
8 2251.72 9006.86 1e+100
3 180.892 180.892 1e+100
9 1778.78 1778.78 1e+100
1 2653.33 5306.65 1e+100
6 1654.16 1654.16 1e+100
2 1754.97 7019.89 1e+100
2 5547.35 22189.4 1e+100
0 596.656 596.656 1e+100
0 2700.99 2700.99 1e+100
8 2206.68 8826.7 1e+100
3 1314.47 1314.47 1e+100
4 2123.14 4246.27 1e+100
9 695.234 695.234 1e+100
9 2451.79 2451.79 1e+100
8 3262.22 3262.22 1e+100
5 1059.8 4239.22 1e+100
1 1477.68 2955.36 1e+100
4 2577.6 5155.2 1e+100
2 1006.46 4025.85 1e+100
6 1197.53 1197.53 1e+100
1 3131.38 6262.75 1e+100
5 2842.15 11368.6 1e+100
0 2178.25 2178.25 1e+100
7 323.368 323.368 1e+100
37
8 2464.76 4929.52 1e+100
1 560.135 1120.27 1e+100
2 138.252 553.007 1e+100
7 532.873 1065.75 1e+100
1 5819.45 11638.9 1e+100
5 831.122 3324.49 1e+100
4 487.658 975.316 1e+100
9 935.486 935.486 1e+100
3 2810.36 2810.36 1e+100
2 480.271 1921.09 1e+100
0 114.359 114.359 1e+100
5 3061.39 12245.5 1e+100
0 1736.61 1736.61 1e+100
6 348.914 348.914 1e+100
1 299.044 299.044 1e+100
7 753.455 753.455 1e+100
4 759.47 1518.94 1e+100
8 350.594 350.594 1e+100
2 556.255 2225.02 1e+100
8 1693.68 6774.74 1e+100
6 1983.01 1983.01 1e+100
9 1376.92 1376.92 1e+100
5 2317.9 9271.61 1e+100
6 3406.07 3406.07 1e+100
2 3170.88 6341.76 1e+100
0 3122.26 3122.26 1e+100
7 1114.65 1114.65 1e+100
4 915.932 1831.86 1e+100
9 2577.92 2577.92 1e+100
0 781.57 781.57 1e+100
4 3191.55 3191.55 1e+100
2 154.676 618.706 1e+100
8 2170.56 4341.13 1e+100
7 2102.09 2102.09 1e+100
1 1905.37 3810.74 1e+100
3 102.605 102.605 1e+100
3 1803.14 1803.14 1e+100
45
2 559.048 1118.1 1e+100
4 378.353 756.707 1e+100
1 295.912 591.823 1e+100
5 757.756 1515.51 1e+100
8 1642.05 6568.19 1e+100
5 2575.91 10303.6 1e+100
4 1917.55 3835.11 1e+100
6 857.373 857.373 1e+100
7 2206.39 2206.39 1e+100
7 373.297 746.594 1e+100
1 1037.25 2074.49 1e+100
9 1518.7 1518.7 1e+100
1 6221.98 12444 1e+100
6 2075.48 2075.48 1e+100
2 885.83 3543.32 1e+100
3 479.232 479.232 1e+100
5 7099.57 28398.3 1e+100
0 749.144 749.144 1e+100
6 3696.75 3696.75 1e+100
9 2676.4 2676.4 1e+100
0 2360.14 2360.14 1e+100
1 1832.08 3664.16 1e+100
2 1298.26 5193.05 1e+100
3 716.546 716.546 1e+100
5 3408.3 6816.6 1e+100
8 1043.5 2086.99 1e+100
5 1017.35 1017.35 1e+100
3 1793.37 1793.37 1e+100
4 143.33 286.66 1e+100
2 3405.13 13620.5 1e+100
8 1905.72 7622.87 1e+100
8 7969.11 15938.2 1e+100
4 2039.46 4078.93 1e+100
8 4156.77 8313.54 1e+100
0 2721.33 2721.33 1e+100
4 4100.68 8201.36 1e+100
3 3329.46 3329.46 1e+100
9 2412.59 2412.59 1e+100
3 5041.16 5041.16 1e+100
2 526.341 2105.36 1e+100
1 3831.43 7662.87 1e+100
0 3708.77 3708.77 1e+100
8 4865.61 9731.22 1e+100
6 1491.94 1491.94 1e+100
6 3192.48 3192.48 1e+100
40
8 2464.76 4929.52 1e+100
1 560.135 1120.27 1e+100
2 138.252 553.007 1e+100
7 532.873 1065.75 1e+100
5 3807.74 7615.49 1e+100
5 831.122 3324.49 1e+100
4 487.658 975.316 1e+100
9 935.486 935.486 1e+100
6 435.485 435.485 1e+100
8 3243.48 12973.9 1e+100
4 1552.89 1552.89 1e+100
2 1998.96 7995.84 1e+100
3 961.838 961.838 1e+100
7 825.966 825.966 1e+100
0 577.121 577.121 1e+100
6 2350.83 2350.83 1e+100
8 5407.15 10814.3 1e+100
8 3655.91 14623.6 1e+100
3 2786.08 2786.08 1e+100
7 969.701 1939.4 1e+100
1 487.567 975.134 1e+100
9 544.035 544.035 1e+100
0 2386.78 2386.78 1e+100
4 469.315 938.63 1e+100
5 3340.36 13361.4 1e+100
2 2505.81 10023.2 1e+100
4 5004.9 10009.8 1e+100
2 4508.1 9016.21 1e+100
1 1489.74 2979.49 1e+100
7 3709.53 3709.53 1e+100
1 2831.21 5662.42 1e+100
5 1010.07 4040.29 1e+100
9 2891.38 2891.38 1e+100
7 1285.19 2570.37 1e+100
3 2807.25 2807.25 1e+100
6 3806 3806 1e+100
9 404.234 404.234 1e+100
9 4184.04 4184.04 1e+100
6 1076.5 1076.5 1e+100
4 596.223 1192.45 1e+100
45
8 2464.76 4929.52 1e+100
1 560.135 1120.27 1e+100
2 138.252 553.007 1e+100
7 532.873 1065.75 1e+100
4 2917.51 5835.02 1e+100
5 831.122 3324.49 1e+100
4 487.658 975.316 1e+100
9 935.486 935.486 1e+100
5 2241.36 8965.45 1e+100
1 5169.59 10339.2 1e+100
6 591.968 591.968 1e+100
2 547.263 1094.53 1e+100
7 1063.56 2127.12 1e+100
1 738.755 1477.51 1e+100
7 2730.86 5461.72 1e+100
1 2417.36 4834.71 1e+100
3 135.916 135.916 1e+100
0 174.094 174.094 1e+100
8 2251.72 9006.86 1e+100
0 2191.31 2191.31 1e+100
9 1778.78 1778.78 1e+100
4 2702.58 5405.15 1e+100
2 1302.52 5210.08 1e+100
5 3221.11 12884.4 1e+100
8 2457.38 4914.75 1e+100
4 3355.76 6711.53 1e+100
6 342.419 342.419 1e+100
7 2987.45 5974.9 1e+100
2 2263.68 4527.37 1e+100
1 3687.36 7374.72 1e+100
8 3946.74 7893.47 1e+100
3 223.156 223.156 1e+100
0 1270.31 1270.31 1e+100
9 1474.97 1474.97 1e+100
0 2998.5 2998.5 1e+100
6 3196.97 3196.97 1e+100
3 1711.58 1711.58 1e+100
3 3718.09 3718.09 1e+100
2 3189.32 6378.64 1e+100
7 4053.65 4053.65 1e+100
6 630.195 630.195 1e+100
5 3407.94 6815.87 1e+100
4 3137.52 6275.04 1e+100
9 2622.39 2622.39 1e+100
6 4118.03 4118.03 1e+100
43
2 559.048 1118.1 1e+100
4 378.353 756.707 1e+100
1 295.912 591.823 1e+100
5 757.756 1515.51 1e+100
8 1642.05 6568.19 1e+100
2 1588.29 6353.15 1e+100
5 2964.49 5928.98 1e+100
6 857.373 857.373 1e+100
7 2206.39 2206.39 1e+100
7 373.297 746.594 1e+100
1 1037.25 2074.49 1e+100
9 1518.7 1518.7 1e+100
2 2612.98 5225.95 1e+100
4 650.435 1300.87 1e+100
0 264.774 264.774 1e+100
3 203.955 203.955 1e+100
3 1559.81 1559.81 1e+100
4 1112.49 2224.99 1e+100
8 2073.43 8293.72 1e+100
1 1777.68 3555.36 1e+100
0 1777.22 1777.22 1e+100
2 2705.9 10823.6 1e+100
5 2525.15 10100.6 1e+100
2 4702.25 18809 1e+100
7 401.937 803.874 1e+100
1 2635.64 5271.27 1e+100
6 342.419 342.419 1e+100
7 3693.63 7387.27 1e+100
7 1403.06 2806.12 1e+100
4 269.695 539.39 1e+100
5 3729.27 7458.55 1e+100
0 1524.57 1524.57 1e+100
9 620.107 620.107 1e+100
4 1356.03 2712.06 1e+100
3 172.896 172.896 1e+100
0 3536.26 3536.26 1e+100
3 1884.59 1884.59 1e+100
8 1010.08 4040.31 1e+100
1 2329.46 4658.92 1e+100
9 1607.55 1607.55 1e+100
8 2069.46 4138.92 1e+100
6 247.712 247.712 1e+100
6 1948.25 1948.25 1e+100
43
2 559.048 1118.1 1e+100
4 378.353 756.707 1e+100
1 295.912 591.823 1e+100
5 757.756 1515.51 1e+100
8 1642.05 6568.19 1e+100
2 1588.29 6353.15 1e+100
2 3594.66 7189.31 1e+100
6 857.373 857.373 1e+100
6 2578.34 2578.34 1e+100
7 373.297 746.594 1e+100
1 1037.25 2074.49 1e+100
9 1518.7 1518.7 1e+100
7 2746.06 5492.12 1e+100
4 650.435 1300.87 1e+100
0 264.774 264.774 1e+100
3 203.955 203.955 1e+100
0 2696.3 2696.3 1e+100
4 1112.49 2224.99 1e+100
5 1230.43 4921.71 1e+100
1 1777.68 3555.36 1e+100
9 2422.29 2422.29 1e+100
8 1520.85 6083.41 1e+100
1 3358.83 6717.66 1e+100
6 2382.01 2382.01 1e+100
7 2556.52 2556.52 1e+100
3 341.418 341.418 1e+100
5 1945.43 7781.74 1e+100
0 2527.38 2527.38 1e+100
0 4452.04 4452.04 1e+100
4 780.389 1560.78 1e+100
5 4712.2 18848.8 1e+100
3 1676.65 1676.65 1e+100
6 2690.95 2690.95 1e+100
3 3770.48 3770.48 1e+100
8 1355.06 5420.25 1e+100
4 1608.7 3217.4 1e+100
2 140.111 280.222 1e+100
5 1406.99 5627.94 1e+100
9 2884.77 2884.77 1e+100
7 1525.43 3050.87 1e+100
2 1103.24 4412.96 1e+100
9 560.468 560.468 1e+100
1 3149.44 3149.44 1e+100
41
2 559.048 1118.1 1e+100
4 378.353 756.707 1e+100
1 295.912 591.823 1e+100
5 757.756 1515.51 1e+100
8 1642.05 6568.19 1e+100
5 2575.91 10303.6 1e+100
2 1752.43 3504.87 1e+100
6 857.373 857.373 1e+100
3 4833.93 4833.93 1e+100
7 373.297 746.594 1e+100
1 1037.25 2074.49 1e+100
9 1518.7 1518.7 1e+100
4 1813.33 3626.67 1e+100
1 2881.88 5763.75 1e+100
3 49.2669 49.2669 1e+100
0 276.193 276.193 1e+100
8 1566.86 1566.86 1e+100
0 2045.78 2045.78 1e+100
2 2241.8 8967.2 1e+100
0 3268.22 3268.22 1e+100
7 220.063 440.126 1e+100
1 3037.69 6075.37 1e+100
6 328.511 328.511 1e+100
9 1095.88 1095.88 1e+100
5 273.303 546.607 1e+100
8 1699.3 6797.19 1e+100
5 2278.24 9112.97 1e+100
7 3046.69 6093.38 1e+100
2 4339.21 8678.41 1e+100
7 7020.46 14040.9 1e+100
2 2183.43 8733.73 1e+100
8 3563.58 14254.3 1e+100
6 1627.43 1627.43 1e+100
9 2243.68 2243.68 1e+100
0 3430.86 3430.86 1e+100
1 3036.73 6073.47 1e+100
8 5318.65 21274.6 1e+100
3 1106.87 1106.87 1e+100
5 2476.76 9907.02 1e+100
3 2462.23 2462.23 1e+100
7 2669.94 5339.88 1e+100
45
2 559.048 1118.1 1e+100
4 378.353 756.707 1e+100
1 295.912 591.823 1e+100
5 757.756 1515.51 1e+100
8 1642.05 6568.19 1e+100
2 1588.29 6353.15 1e+100
5 2964.49 5928.98 1e+100
6 857.373 857.373 1e+100
6 2578.34 2578.34 1e+100
7 373.297 746.594 1e+100
1 1037.25 2074.49 1e+100
9 1518.7 1518.7 1e+100
1 2976.53 5953.06 1e+100
4 650.435 1300.87 1e+100
0 264.774 264.774 1e+100
3 203.955 203.955 1e+100
3 1559.81 1559.81 1e+100
4 1112.49 2224.99 1e+100
2 1860.59 7442.38 1e+100
4 2759.92 5519.84 1e+100
9 2422.29 2422.29 1e+100
8 1520.85 6083.41 1e+100
2 3361.09 13444.4 1e+100
9 3738.9 3738.9 1e+100
1 2795.41 5590.81 1e+100
7 1708.41 3416.82 1e+100
0 239.648 239.648 1e+100
3 967.089 967.089 1e+100
7 2658.47 5316.94 1e+100
8 2499.93 9999.73 1e+100
5 1091.51 4366.05 1e+100
7 5485.02 10970 1e+100
4 2989.61 5979.21 1e+100
5 3342.57 6685.13 1e+100
6 211.479 211.479 1e+100
5 4684.03 9368.07 1e+100
2 3219.7 12878.8 1e+100
0 2588.1 2588.1 1e+100
1 3110.89 6221.78 1e+100
3 2242.1 2242.1 1e+100
6 3696.35 3696.35 1e+100
0 100.963 100.963 1e+100
6 811.748 811.748 1e+100
8 4221.15 4221.15 1e+100
4 3227.87 6455.74 1e+100
38
2 559.048 1118.1 1e+100
4 378.353 756.707 1e+100
1 295.912 591.823 1e+100
5 757.756 1515.51 1e+100
8 1642.05 6568.19 1e+100
5 2575.91 10303.6 1e+100
1 1928.81 3857.62 1e+100
6 857.373 857.373 1e+100
6 2578.34 2578.34 1e+100
7 373.297 746.594 1e+100
4 1237.05 2474.1 1e+100
9 1518.7 1518.7 1e+100
1 3474.08 6948.15 1e+100
2 668.87 1337.74 1e+100
3 49.2669 49.2669 1e+100
0 276.193 276.193 1e+100
7 1928.43 1928.43 1e+100
0 2045.78 2045.78 1e+100
9 1744.13 1744.13 1e+100
2 2049.63 8198.52 1e+100
5 820.08 3280.32 1e+100
3 248.794 248.794 1e+100
4 543.226 543.226 1e+100
8 189.093 756.371 1e+100
0 1828.42 1828.42 1e+100
4 1674.19 3348.37 1e+100
6 403.933 403.933 1e+100
2 2317.49 9269.96 1e+100
8 2154.45 8617.81 1e+100
9 2496.56 2496.56 1e+100
4 3198.53 3198.53 1e+100
3 1745.7 1745.7 1e+100
1 1244.73 2489.46 1e+100
8 3909.52 15638.1 1e+100
6 1520.37 1520.37 1e+100
5 929.123 3716.49 1e+100
1 2041.66 2041.66 1e+100
7 494.843 989.686 1e+100
38
8 2464.76 4929.52 1e+100
1 560.135 1120.27 1e+100
2 138.252 553.007 1e+100
7 532.873 1065.75 1e+100
2 1119.48 2238.96 1e+100
5 831.122 3324.49 1e+100
4 487.658 975.316 1e+100
9 935.486 935.486 1e+100
3 183.29 183.29 1e+100
1 1363.38 2726.76 1e+100
5 1085.1 1085.1 1e+100
5 2878.17 2878.17 1e+100
0 571.952 571.952 1e+100
4 892.951 1785.9 1e+100
6 2254.24 2254.24 1e+100
2 414.11 1656.44 1e+100
8 1760.59 3521.18 1e+100
3 841.947 841.947 1e+100
7 921.172 921.172 1e+100
0 967.105 967.105 1e+100
9 609.15 609.15 1e+100
1 1293.54 1293.54 1e+100
3 2159.91 2159.91 1e+100
8 3201.31 3201.31 1e+100
2 597.573 1195.15 1e+100
0 1887.89 1887.89 1e+100
4 634.16 634.16 1e+100
8 1092.96 1092.96 1e+100
9 1760.16 1760.16 1e+100
6 1553.7 1553.7 1e+100
5 1440.18 1440.18 1e+100
7 811.182 1622.36 1e+100
9 3370.06 3370.06 1e+100
7 2487.42 2487.42 1e+100
4 1652.29 3304.58 1e+100
2 1267.26 2534.51 1e+100
5 2232.9 2232.9 1e+100
1 1949.45 1949.45 1e+100
41
8 2464.76 4929.52 1e+100
1 560.135 1120.27 1e+100
2 138.252 553.007 1e+100
7 532.873 1065.75 1e+100
2 1119.48 2238.96 1e+100
5 831.122 3324.49 1e+100
4 487.658 975.316 1e+100
9 935.486 935.486 1e+100
8 2329.4 9317.59 1e+100
2 1928.97 3857.94 1e+100
6 591.968 591.968 1e+100
1 742.87 1485.74 1e+100
7 1063.56 2127.12 1e+100
4 2812.92 5625.84 1e+100
7 2730.86 5461.72 1e+100
4 1034.32 2068.64 1e+100
3 135.916 135.916 1e+100
0 174.094 174.094 1e+100
8 3616.76 14467 1e+100
5 2123.59 2123.59 1e+100
9 1778.78 1778.78 1e+100
5 5151.17 10302.3 1e+100
0 1254.41 1254.41 1e+100
6 296.782 296.782 1e+100
3 1102.4 1102.4 1e+100
9 1918 1918 1e+100
1 439.565 439.565 1e+100
0 4696.66 4696.66 1e+100
3 2500.98 2500.98 1e+100
2 2745.45 5490.9 1e+100
6 1348.3 1348.3 1e+100
2 29.6248 59.2496 1e+100
4 3517.46 3517.46 1e+100
0 1184.9 1184.9 1e+100
3 3679.76 3679.76 1e+100
5 392.637 1570.55 1e+100
1 1132.52 2265.04 1e+100
6 2335.75 2335.75 1e+100
4 947.111 1894.22 1e+100
7 817.92 817.92 1e+100
8 1448.42 1448.42 1e+100
36
8 1258.76 2517.52 1e+100
1 392.543 785.086 1e+100
2 753.322 3013.29 1e+100
9 893.562 893.562 1e+100
7 435.614 871.227 1e+100
5 502.71 1005.42 1e+100
6 435.485 435.485 1e+100
5 2503.57 10014.3 1e+100
1 933.162 933.162 1e+100
8 1345.49 5381.94 1e+100
7 2511.67 2511.67 1e+100
6 2056.76 2056.76 1e+100
0 3434.47 3434.47 1e+100
9 1616.38 1616.38 1e+100
4 312.678 625.356 1e+100
7 3978.14 7956.27 1e+100
0 5005.48 5005.48 1e+100
6 5287.35 5287.35 1e+100
0 261.378 261.378 1e+100
2 490.265 1961.06 1e+100
3 174.109 174.109 1e+100
3 2098.76 2098.76 1e+100
1 598.108 1196.22 1e+100
2 3451.02 13804.1 1e+100
8 1577.55 1577.55 1e+100
6 589.952 589.952 1e+100
9 889.102 889.102 1e+100
2 4458.79 17835.2 1e+100
4 3170.47 6340.94 1e+100
1 1327 2654 1e+100
2 145.807 583.227 1e+100
1 3198.54 3198.54 1e+100
4 366.774 733.549 1e+100
8 2281.18 9124.71 1e+100
3 1627.93 1627.93 1e+100
9 1748 1748 1e+100
38
6 1636.87 1636.87 1e+100
9 596.136 596.136 1e+100
8 1955.69 1955.69 1e+100
2 71.4152 71.4152 1e+100
1 412.849 825.698 1e+100
0 584.385 584.385 1e+100
4 558.835 1117.67 1e+100
7 829.663 1659.33 1e+100
9 2628.05 2628.05 1e+100
5 264.96 1059.84 1e+100
3 479.232 479.232 1e+100
8 2859.27 11437.1 1e+100
1 1311.4 1311.4 1e+100
6 1748.65 1748.65 1e+100
2 671.019 671.019 1e+100
0 1582.33 1582.33 1e+100
4 813.447 1626.89 1e+100
5 701.765 701.765 1e+100
7 233.226 233.226 1e+100
3 722.191 722.191 1e+100
6 1954.82 1954.82 1e+100
1 1586.8 1586.8 1e+100
2 1595.65 1595.65 1e+100
4 3048.76 3048.76 1e+100
4 1385.77 2771.54 1e+100
3 1642.98 1642.98 1e+100
5 773.102 773.102 1e+100
3 3371.17 3371.17 1e+100
7 766.547 766.547 1e+100
1 2961.82 2961.82 1e+100
0 1444.23 1444.23 1e+100
8 924.999 1850 1e+100
9 545.013 545.013 1e+100
7 2203.32 2203.32 1e+100
5 1791.23 3582.46 1e+100
2 1969.86 3939.71 1e+100
0 2236.96 2236.96 1e+100
6 1650.95 1650.95 1e+100
42
2 559.048 1118.1 1e+100
4 378.353 756.707 1e+100
1 295.912 591.823 1e+100
5 757.756 1515.51 1e+100
8 1642.05 6568.19 1e+100
5 2575.91 10303.6 1e+100
4 1917.55 3835.11 1e+100
6 857.373 857.373 1e+100
7 2206.39 2206.39 1e+100
7 373.297 746.594 1e+100
1 1037.25 2074.49 1e+100
9 1518.7 1518.7 1e+100
4 3462.82 6925.64 1e+100
3 183.29 183.29 1e+100
2 584.495 1168.99 1e+100
6 1828.72 1828.72 1e+100
9 2748.1 2748.1 1e+100
0 571.952 571.952 1e+100
8 1594.57 3189.14 1e+100
3 784.814 784.814 1e+100
2 1763.58 7054.33 1e+100
1 2102.55 4205.1 1e+100
7 2328.35 2328.35 1e+100
2 3523.17 14092.7 1e+100
5 820.08 3280.32 1e+100
0 2553.72 2553.72 1e+100
0 482.845 482.845 1e+100
5 2375.85 9503.38 1e+100
3 1080.6 1080.6 1e+100
7 2936.65 5873.31 1e+100
9 1809.55 1809.55 1e+100
6 3734.41 3734.41 1e+100
1 1827.34 3654.68 1e+100
8 2121.2 8484.78 1e+100
5 3547.93 3547.93 1e+100
4 2262.66 4525.31 1e+100
2 3264.04 3264.04 1e+100
9 3414.9 3414.9 1e+100
6 574.885 574.885 1e+100
4 3614.89 3614.89 1e+100
3 2661.78 2661.78 1e+100
1 2520.13 5040.26 1e+100
41
2 559.048 1118.1 1e+100
4 378.353 756.707 1e+100
1 295.912 591.823 1e+100
5 757.756 1515.51 1e+100
8 1642.05 6568.19 1e+100
5 2575.91 10303.6 1e+100
4 1917.55 3835.11 1e+100
6 857.373 857.373 1e+100
7 2206.39 2206.39 1e+100
7 373.297 746.594 1e+100
1 1037.25 2074.49 1e+100
9 1518.7 1518.7 1e+100
4 3462.82 6925.64 1e+100
2 668.87 1337.74 1e+100
3 49.2669 49.2669 1e+100
0 276.193 276.193 1e+100
9 2274.46 2274.46 1e+100
3 1545.96 1545.96 1e+100
5 1616 6463.98 1e+100
8 610.544 2442.18 1e+100
7 401.937 803.874 1e+100
2 579.026 1158.05 1e+100
6 342.419 342.419 1e+100
7 1866.08 3732.15 1e+100
5 2577.16 5154.32 1e+100
1 379.92 759.841 1e+100
8 1764.89 3529.78 1e+100
0 223.156 223.156 1e+100
3 3029.31 3029.31 1e+100
9 1591.96 1591.96 1e+100
3 919.11 919.11 1e+100
6 3196.97 3196.97 1e+100
0 1711.58 1711.58 1e+100
9 3445.27 3445.27 1e+100
4 1181.93 2363.85 1e+100
7 2932.28 2932.28 1e+100
6 630.195 630.195 1e+100
2 945.709 1891.42 1e+100
1 1271.86 2543.71 1e+100
0 3037.65 3037.65 1e+100
4 2236.07 2236.07 1e+100
37
6 1636.87 1636.87 1e+100
9 596.136 596.136 1e+100
8 1955.69 1955.69 1e+100
2 71.4152 71.4152 1e+100
1 412.849 825.698 1e+100
0 584.385 584.385 1e+100
4 558.835 1117.67 1e+100
7 829.663 1659.33 1e+100
9 2628.05 2628.05 1e+100
2 1311.2 5244.81 1e+100
5 674.956 674.956 1e+100
8 2859.27 11437.1 1e+100
3 961.838 961.838 1e+100
6 1748.65 1748.65 1e+100
1 514.487 514.487 1e+100
3 2572.83 2572.83 1e+100
4 813.447 1626.89 1e+100
0 70.4546 70.4546 1e+100
2 1387.19 5548.75 1e+100
5 611.317 2445.27 1e+100
7 572.965 572.965 1e+100
1 2258.58 2258.58 1e+100
5 2167.08 8668.33 1e+100
0 846.984 846.984 1e+100
4 1451.79 2903.58 1e+100
0 2744.45 2744.45 1e+100
2 1655.05 6620.19 1e+100
5 4132.44 16529.8 1e+100
6 1764.14 1764.14 1e+100
4 2976.14 2976.14 1e+100
6 4512.29 4512.29 1e+100
7 1061.68 2123.36 1e+100
8 2251.43 9005.72 1e+100
9 653.353 653.353 1e+100
2 2309.74 9238.97 1e+100
3 925.271 925.271 1e+100
1 1697.28 3394.55 1e+100
46
2 559.048 1118.1 1e+100
4 378.353 756.707 1e+100
1 295.912 591.823 1e+100
5 757.756 1515.51 1e+100
8 1642.05 6568.19 1e+100
5 2575.91 10303.6 1e+100
1 3958.21 7916.42 1e+100
6 857.373 857.373 1e+100
6 4025.2 4025.2 1e+100
7 373.297 746.594 1e+100
1 1037.25 2074.49 1e+100
9 1518.7 1518.7 1e+100
1 5503.48 11007 1e+100
2 671.888 2687.55 1e+100
4 3816.79 7633.58 1e+100
6 1594.57 1594.57 1e+100
2 6258.37 12516.7 1e+100
7 1068.11 2136.22 1e+100
8 2206.91 4413.81 1e+100
7 2735.41 5470.82 1e+100
5 3036.94 6073.88 1e+100
3 135.916 135.916 1e+100
0 174.094 174.094 1e+100
2 1959.25 7836.99 1e+100
0 2191.31 2191.31 1e+100
3 2611.27 2611.27 1e+100
4 496.047 992.093 1e+100
9 1200.3 1200.3 1e+100
6 2773.55 2773.55 1e+100
4 5211.75 5211.75 1e+100
3 2750.49 2750.49 1e+100
1 4760.18 4760.18 1e+100
9 4008.27 4008.27 1e+100
9 2216.65 2216.65 1e+100
5 2253.04 4506.07 1e+100
6 3825.07 3825.07 1e+100
8 2599.74 5199.48 1e+100
0 1015.33 1015.33 1e+100
3 4292.07 4292.07 1e+100
0 2727.02 2727.02 1e+100
8 828.224 3312.89 1e+100
5 2649.54 5299.07 1e+100
8 4107.62 4107.62 1e+100
4 909.865 1819.73 1e+100
7 822.472 822.472 1e+100
7 2523.01 2523.01 1e+100
38
8 1258.76 2517.52 1e+100
1 392.543 785.086 1e+100
2 753.322 3013.29 1e+100
9 893.562 893.562 1e+100
7 435.614 871.227 1e+100
5 502.71 1005.42 1e+100
0 2625.64 2625.64 1e+100
5 2503.57 10014.3 1e+100
3 479.232 479.232 1e+100
8 1345.49 5381.94 1e+100
1 763.772 763.772 1e+100
6 348.914 348.914 1e+100
6 3007.64 3007.64 1e+100
7 1089.32 1089.32 1e+100
4 312.678 625.356 1e+100
2 8.50586 17.0117 1e+100
9 4222.05 4222.05 1e+100
9 834.544 834.544 1e+100
3 285.087 285.087 1e+100
5 2357.24 9428.94 1e+100
5 3985.52 3985.52 1e+100
2 2499.18 2499.18 1e+100
4 1711.08 3422.16 1e+100
8 2750.77 11003.1 1e+100
3 1620.31 1620.31 1e+100
2 3613.28 3613.28 1e+100
1 929.371 929.371 1e+100
8 4172.08 4172.08 1e+100
0 869.84 869.84 1e+100
6 3009.09 3009.09 1e+100
9 431.982 431.982 1e+100
7 333.652 667.304 1e+100
0 2479.74 2479.74 1e+100
7 2009.89 2009.89 1e+100
1 1947.5 3895 1e+100
4 1826.57 3653.15 1e+100
3 2120.29 2120.29 1e+100
7 3560.59 3560.59 1e+100
43
2 559.048 1118.1 1e+100
4 378.353 756.707 1e+100
1 295.912 591.823 1e+100
5 757.756 1515.51 1e+100
8 1642.05 6568.19 1e+100
5 2575.91 10303.6 1e+100
4 1917.55 3835.11 1e+100
6 857.373 857.373 1e+100
6 2578.34 2578.34 1e+100
7 373.297 746.594 1e+100
1 1037.25 2074.49 1e+100
9 1518.7 1518.7 1e+100
7 2746.06 5492.12 1e+100
3 183.29 183.29 1e+100
2 584.495 1168.99 1e+100
0 893.861 893.861 1e+100
0 2686.93 2686.93 1e+100
3 1230.97 1230.97 1e+100
8 1594.57 3189.14 1e+100
9 4862.15 4862.15 1e+100
2 1763.58 7054.33 1e+100
1 2102.55 4205.1 1e+100
4 1287.24 2574.48 1e+100
7 4655.25 4655.25 1e+100
7 6305.59 6305.59 1e+100
3 3737.81 3737.81 1e+100
5 1689.53 6758.11 1e+100
9 1637.6 1637.6 1e+100
3 1461.67 1461.67 1e+100
1 2264.56 4529.13 1e+100
5 2928.67 11714.7 1e+100
3 5073.03 5073.03 1e+100
2 1759.74 7038.95 1e+100
8 3396.57 13586.3 1e+100
5 4049.08 4049.08 1e+100
4 2416.89 2416.89 1e+100
0 2887.9 2887.9 1e+100
7 516.713 1033.43 1e+100
8 823.504 3294.02 1e+100
6 264.985 264.985 1e+100
2 2414.43 9657.73 1e+100
6 1620.34 1620.34 1e+100
1 1210.07 2420.14 1e+100
38
6 1636.87 1636.87 1e+100
9 596.136 596.136 1e+100
8 1955.69 1955.69 1e+100
2 71.4152 71.4152 1e+100
1 412.849 825.698 1e+100
0 584.385 584.385 1e+100
4 558.835 1117.67 1e+100
7 829.663 1659.33 1e+100
5 472.967 472.967 1e+100
2 1009.5 2019 1e+100
9 2372.1 2372.1 1e+100
0 1282.46 1282.46 1e+100
3 926.917 926.917 1e+100
4 1213.85 2427.7 1e+100
9 190.678 190.678 1e+100
5 581.948 2327.79 1e+100
1 986.905 1973.81 1e+100
8 1509.87 6039.5 1e+100
2 1475.99 5903.98 1e+100
7 153.547 307.094 1e+100
5 1633.99 3267.99 1e+100
0 1650.39 1650.39 1e+100
7 3445.24 6890.49 1e+100
7 1154.67 2309.34 1e+100
1 635.358 1270.72 1e+100
4 1252.24 2504.47 1e+100
3 298.219 298.219 1e+100
9 2299.2 2299.2 1e+100
0 2200.69 2200.69 1e+100
2 1897.23 7588.94 1e+100
4 2958.05 5916.09 1e+100
1 2140.69 4281.38 1e+100
5 2170.94 8683.75 1e+100
6 429.398 429.398 1e+100
8 3269.21 6538.43 1e+100
8 851.354 3405.42 1e+100
3 1216.11 1216.11 1e+100
9 3018.03 3018.03 1e+100
42
6 1636.87 1636.87 1e+100
9 596.136 596.136 1e+100
8 1955.69 1955.69 1e+100
2 71.4152 71.4152 1e+100
1 412.849 825.698 1e+100
0 584.385 584.385 1e+100
4 558.835 1117.67 1e+100
7 829.663 1659.33 1e+100
6 2666.6 2666.6 1e+100
5 264.96 1059.84 1e+100
3 479.232 479.232 1e+100
8 2859.27 11437.1 1e+100
9 351.594 351.594 1e+100
2 1955.66 1955.66 1e+100
0 973.203 973.203 1e+100
9 3735.95 3735.95 1e+100
1 741.947 1483.89 1e+100
5 677.392 2709.57 1e+100
3 4263.84 4263.84 1e+100
2 2099.4 4198.8 1e+100
7 510.564 1021.13 1e+100
9 571.573 571.573 1e+100
3 1153.01 1153.01 1e+100
4 2791.99 5583.98 1e+100
5 1239 4956 1e+100
8 3366.11 13464.5 1e+100
4 571.747 1143.49 1e+100
1 1277.67 2555.33 1e+100
7 1512.74 3025.48 1e+100
1 3498.23 3498.23 1e+100
0 4611.95 4611.95 1e+100
3 4271.54 4271.54 1e+100
6 910.799 910.799 1e+100
4 3871.77 3871.77 1e+100
0 227.317 227.317 1e+100
2 1962.66 3925.32 1e+100
6 2520.7 2520.7 1e+100
9 2746.14 2746.14 1e+100
5 2498.06 4996.12 1e+100
7 1608.47 3216.95 1e+100
0 1020.05 1020.05 1e+100
2 3016.81 3016.81 1e+100
38
8 1422.04 2844.08 1e+100
1 220.598 441.196 1e+100
2 116.881 467.526 1e+100
5 1283.46 5133.84 1e+100
9 780.087 780.087 1e+100
4 660.635 1321.27 1e+100
1 786.338 1572.68 1e+100
2 532.647 532.647 1e+100
0 374.293 374.293 1e+100
3 215.186 215.186 1e+100
1 1248.4 2496.8 1e+100
5 1271.49 5085.95 1e+100
4 934.563 1869.13 1e+100
9 95.6685 95.6685 1e+100
8 1103.52 4414.07 1e+100
2 1103.28 4413.1 1e+100
5 2112.2 8448.78 1e+100
7 174.303 348.607 1e+100
4 1792.52 3585.04 1e+100
6 565.149 565.149 1e+100
8 3827.38 7654.77 1e+100
2 2064.44 4128.88 1e+100
1 402.733 805.467 1e+100
5 3266.54 6533.08 1e+100
3 256.775 256.775 1e+100
9 155.552 155.552 1e+100
0 373.244 373.244 1e+100
9 1883.75 1883.75 1e+100
2 3633.39 3633.39 1e+100
3 1745.2 1745.2 1e+100
0 2226.55 2226.55 1e+100
8 596.728 1193.46 1e+100
6 3092.46 3092.46 1e+100
6 852.924 852.924 1e+100
1 1459.66 2919.32 1e+100
4 1574.28 3148.56 1e+100
0 3019.28 3019.28 1e+100
7 1154.63 1154.63 1e+100
41
6 1636.87 1636.87 1e+100
9 596.136 596.136 1e+100
8 1955.69 1955.69 1e+100
2 71.4152 71.4152 1e+100
1 412.849 825.698 1e+100
0 584.385 584.385 1e+100
4 558.835 1117.67 1e+100
7 829.663 1659.33 1e+100
2 1097.26 4389.04 1e+100
5 268.17 536.34 1e+100
9 6380.03 6380.03 1e+100
1 1514.08 3028.15 1e+100
7 1777.41 3554.82 1e+100
5 1785.6 3571.19 1e+100
7 3444.71 6889.42 1e+100
4 1355.22 2710.44 1e+100
3 135.916 135.916 1e+100
9 626.992 626.992 1e+100
2 2384.62 9538.48 1e+100
3 2341.15 2341.15 1e+100
6 486.906 486.906 1e+100
4 2698.23 5396.46 1e+100
9 1707.31 1707.31 1e+100
6 3442.35 3442.35 1e+100
0 810.323 810.323 1e+100
8 353.909 353.909 1e+100
6 616.431 616.431 1e+100
0 2250.76 2250.76 1e+100
3 1897.38 1897.38 1e+100
1 1052.18 2104.36 1e+100
8 4202.28 4202.28 1e+100
6 3405.4 3405.4 1e+100
5 462.3 1849.2 1e+100
4 1522.59 3045.17 1e+100
1 1970.03 3940.06 1e+100
5 2888.64 11554.6 1e+100
0 2779.77 2779.77 1e+100
8 974.766 1949.53 1e+100
2 1414 5656.01 1e+100
3 1736.59 1736.59 1e+100
7 1034.44 1034.44 1e+100
41
8 1422.04 2844.08 1e+100
1 220.598 441.196 1e+100
2 116.881 467.526 1e+100
5 1283.46 5133.84 1e+100
9 780.087 780.087 1e+100
4 660.635 1321.27 1e+100
5 1718.69 6874.78 1e+100
1 622.376 1244.75 1e+100
6 591.968 591.968 1e+100
1 2533.17 5066.33 1e+100
7 369.363 738.726 1e+100
2 181.731 363.462 1e+100
7 2036.66 4073.32 1e+100
4 2985.08 5970.15 1e+100
3 135.916 135.916 1e+100
0 2174.04 2174.04 1e+100
8 1350.53 5402.11 1e+100
0 381.62 381.62 1e+100
9 1097.58 1097.58 1e+100
4 766.062 1532.12 1e+100
5 2579.09 10316.4 1e+100
2 707.107 2828.43 1e+100
8 1556.19 3112.38 1e+100
1 3826.21 7652.43 1e+100
6 342.419 342.419 1e+100
7 2293.25 4586.51 1e+100
8 2557.31 5114.62 1e+100
1 5606.2 11212.4 1e+100
8 4873.1 9746.21 1e+100
3 223.156 223.156 1e+100
9 479.164 479.164 1e+100
6 892.719 892.719 1e+100
2 1128.35 4513.39 1e+100
4 1240.92 2481.84 1e+100
1 273.215 546.43 1e+100
2 3554.69 14218.7 1e+100
0 174.036 174.036 1e+100
4 2894.62 5789.23 1e+100
5 1920.57 7682.28 1e+100
3 1141.04 1141.04 1e+100
9 1197.99 1197.99 1e+100
32
8 1258.76 2517.52 1e+100
1 392.543 785.086 1e+100
2 753.322 3013.29 1e+100
9 893.562 893.562 1e+100
7 435.614 871.227 1e+100
5 502.71 1005.42 1e+100
4 955.411 1910.82 1e+100
6 2518.88 2518.88 1e+100
3 170.988 170.988 1e+100
1 491.385 491.385 1e+100
0 146.092 146.092 1e+100
8 1050.95 1050.95 1e+100
7 408.169 408.169 1e+100
2 658.604 658.604 1e+100
9 301.94 301.94 1e+100
3 570.078 570.078 1e+100
1 1055.51 1055.51 1e+100
0 143.486 143.486 1e+100
5 153.033 306.067 1e+100
0 1567.63 1567.63 1e+100
8 1122.29 1122.29 1e+100
4 252.312 252.312 1e+100
7 2808.41 2808.41 1e+100
6 1285.48 1285.48 1e+100
3 1197.76 1197.76 1e+100
7 299.379 598.757 1e+100
9 2859.69 2859.69 1e+100
9 620.153 620.153 1e+100
5 831.889 1663.78 1e+100
2 10.6662 21.3325 1e+100
1 1388.87 1388.87 1e+100
4 2604.88 2604.88 1e+100
