43
13 227.966 455.931 1e+100
10 265.837 531.674 1e+100
5 599.621 1199.24 1e+100
1 136.788 273.577 1e+100
11 1305.52 5222.08 1e+100
2 809.33 3237.32 1e+100
4 935.83 1871.66 1e+100
7 403.391 403.391 1e+100
9 2377.69 2377.69 1e+100
8 1080.91 2161.82 1e+100
13 529.79 1059.58 1e+100
6 970.069 970.069 1e+100
13 2469.08 4938.15 1e+100
3 183.29 183.29 1e+100
4 2757.88 5515.76 1e+100
0 893.861 893.861 1e+100
3 2051.43 2051.43 1e+100
5 571.952 571.952 1e+100
1 765.669 1531.34 1e+100
12 282.965 282.965 1e+100
2 784.808 3139.23 1e+100
10 593.261 1186.52 1e+100
8 1765.43 7061.74 1e+100
11 275.452 1101.81 1e+100
7 174.303 348.607 1e+100
5 1063.44 2126.88 1e+100
9 531.294 531.294 1e+100
7 1638.44 3276.89 1e+100
13 1156.16 2312.32 1e+100
10 339.882 679.764 1e+100
1 804.057 1608.11 1e+100
6 226.487 226.487 1e+100
0 824.593 824.593 1e+100
9 1081.59 1081.59 1e+100
2 437.464 1749.86 1e+100
4 982.944 1965.89 1e+100
10 1845.22 3690.43 1e+100
11 1218.73 4874.93 1e+100
12 132.141 132.141 1e+100
8 955.175 1910.35 1e+100
5 91.6057 366.423 1e+100
6 1144.38 1144.38 1e+100
3 456.605 456.605 1e+100
38
1 530.623 1061.25 1e+100
13 665.05 1330.1 1e+100
2 138.252 553.007 1e+100
7 532.873 1065.75 1e+100
11 553.569 1107.14 1e+100
5 831.122 3324.49 1e+100
10 479.562 959.123 1e+100
9 935.486 935.486 1e+100
8 3194.61 6389.22 1e+100
1 354.118 354.118 1e+100
2 150.675 150.675 1e+100
3 215.186 215.186 1e+100
4 388.851 777.701 1e+100
11 528.234 2112.94 1e+100
13 400.599 801.197 1e+100
0 373.663 373.663 1e+100
5 1209.87 4839.47 1e+100
1 733.769 1467.54 1e+100
7 535.94 535.94 1e+100
9 1153.21 1153.21 1e+100
10 318.19 318.19 1e+100
2 154.032 616.13 1e+100
3 151.931 151.931 1e+100
12 381.717 381.717 1e+100
4 150.877 301.753 1e+100
11 863.337 3453.35 1e+100
0 436.908 436.908 1e+100
6 580.566 580.566 1e+100
13 652.814 1305.63 1e+100
2 548.937 2195.75 1e+100
5 1224.07 1224.07 1e+100
7 1180.15 2360.31 1e+100
3 347.657 347.657 1e+100
1 1491.23 1491.23 1e+100
9 494.58 494.58 1e+100
6 1180.84 1180.84 1e+100
12 1723.34 1723.34 1e+100
10 565.664 1131.33 1e+100
40
7 672.336 1344.67 1e+100
11 669.454 1338.91 1e+100
2 116.881 467.526 1e+100
5 1283.46 5133.84 1e+100
9 780.087 780.087 1e+100
1 206.487 412.974 1e+100
2 968.827 3875.31 1e+100
10 106.823 213.645 1e+100
6 591.968 591.968 1e+100
13 573.579 1147.16 1e+100
4 1888.69 3777.37 1e+100
11 114.749 229.497 1e+100
7 499.879 999.759 1e+100
1 619.404 1238.81 1e+100
12 121.85 121.85 1e+100
0 174.094 174.094 1e+100
8 1250.26 5001.05 1e+100
3 180.892 180.892 1e+100
9 1097.58 1097.58 1e+100
10 899.05 1798.1 1e+100
6 1654.16 1654.16 1e+100
5 616.003 2464.01 1e+100
11 463.065 1852.26 1e+100
0 289.052 289.052 1e+100
13 647.639 647.639 1e+100
2 98.3505 393.402 1e+100
3 105.423 105.423 1e+100
1 430.907 861.814 1e+100
9 63.6636 63.6636 1e+100
8 175.179 175.179 1e+100
4 297.511 297.511 1e+100
2 2398.04 9592.16 1e+100
10 276.949 553.898 1e+100
1 885.374 1770.75 1e+100
5 145.807 583.227 1e+100
0 479.007 479.007 1e+100
7 490.914 981.829 1e+100
11 453.035 1812.14 1e+100
13 126.702 126.702 1e+100
9 663.318 663.318 1e+100
36
8 1258.76 2517.52 1e+100
1 392.543 785.086 1e+100
11 832.911 3331.64 1e+100
4 785.496 785.496 1e+100
7 435.614 871.227 1e+100
13 39.193 78.386 1e+100
2 147.542 147.542 1e+100
5 364.512 729.023 1e+100
1 432.817 432.817 1e+100
8 1045.2 1045.2 1e+100
3 926.917 926.917 1e+100
13 735.763 1471.53 1e+100
0 190.678 190.678 1e+100
2 256.523 1026.09 1e+100
10 311.195 622.391 1e+100
11 82.6452 165.29 1e+100
4 777.11 777.11 1e+100
7 823.577 823.577 1e+100
12 399.033 399.033 1e+100
5 705.306 2821.23 1e+100
9 325.681 325.681 1e+100
3 1157.62 1157.62 1e+100
10 473.207 946.414 1e+100
2 1215.56 4862.25 1e+100
0 652.366 652.366 1e+100
6 272 272 1e+100
6 2061.76 2061.76 1e+100
8 659.545 2638.18 1e+100
1 64.8453 129.691 1e+100
13 804.796 1609.59 1e+100
5 166.858 667.431 1e+100
9 257.103 257.103 1e+100
7 263.547 527.094 1e+100
11 619.038 2476.15 1e+100
12 20.301 20.301 1e+100
0 1674.63 1674.63 1e+100
35
7 672.336 1344.67 1e+100
11 669.454 1338.91 1e+100
2 116.881 467.526 1e+100
5 1283.46 5133.84 1e+100
9 780.087 780.087 1e+100
1 206.487 412.974 1e+100
2 3790.61 3790.61 1e+100
13 407.061 814.123 1e+100
9 590.943 590.943 1e+100
8 1594.8 1594.8 1e+100
0 571.952 571.952 1e+100
4 427.438 854.875 1e+100
12 282.965 282.965 1e+100
2 85.1364 340.545 1e+100
10 311.195 622.391 1e+100
1 458.244 458.244 1e+100
11 157.3 629.2 1e+100
5 600.689 2402.76 1e+100
13 325.016 325.016 1e+100
0 482.845 482.845 1e+100
8 1300.96 5203.86 1e+100
12 578.75 578.75 1e+100
7 447.64 895.279 1e+100
9 97.8535 97.8535 1e+100
4 346.574 346.574 1e+100
11 29.6248 59.2496 1e+100
3 202.592 202.592 1e+100
1 761.71 761.71 1e+100
10 656.768 656.768 1e+100
2 1176.76 4707.02 1e+100
13 275.019 550.038 1e+100
0 1157 1157 1e+100
11 1635.45 3270.89 1e+100
6 501.32 501.32 1e+100
9 762.893 762.893 1e+100
34
1 530.623 1061.25 1e+100
13 665.05 1330.1 1e+100
2 138.252 553.007 1e+100
7 532.873 1065.75 1e+100
11 553.569 1107.14 1e+100
5 831.122 3324.49 1e+100
10 479.562 959.123 1e+100
9 935.486 935.486 1e+100
4 955.411 1910.82 1e+100
2 89.2603 89.2603 1e+100
3 170.988 170.988 1e+100
12 713.858 713.858 1e+100
1 380.494 380.494 1e+100
0 1025.01 1025.01 1e+100
7 341.125 341.125 1e+100
13 494.121 494.121 1e+100
6 888.924 888.924 1e+100
3 459.937 459.937 1e+100
4 370.014 370.014 1e+100
1 19.0434 19.0434 1e+100
5 139.865 279.73 1e+100
11 247.36 247.36 1e+100
12 450.377 450.377 1e+100
2 132.13 132.13 1e+100
8 349.34 349.34 1e+100
4 1135.87 1135.87 1e+100
10 1567.46 1567.46 1e+100
7 235.64 471.281 1e+100
9 660.456 660.456 1e+100
6 1207.14 1207.14 1e+100
1 457.202 914.404 1e+100
13 169.233 338.465 1e+100
3 407.182 407.182 1e+100
0 1045.24 1045.24 1e+100
36
8 1258.76 2517.52 1e+100
1 392.543 785.086 1e+100
11 832.911 3331.64 1e+100
4 785.496 785.496 1e+100
7 435.614 871.227 1e+100
13 39.193 78.386 1e+100
6 435.485 435.485 1e+100
2 310.233 1240.93 1e+100
0 114.359 114.359 1e+100
8 1345.49 5381.94 1e+100
12 747.68 747.68 1e+100
6 2056.76 2056.76 1e+100
1 234.895 234.895 1e+100
7 1089.32 1089.32 1e+100
10 221.606 443.213 1e+100
11 82.6452 165.29 1e+100
9 1544.76 1544.76 1e+100
4 726.478 726.478 1e+100
10 1761.12 1761.12 1e+100
2 201.216 804.865 1e+100
5 2739.84 2739.84 1e+100
1 5955.69 5955.69 1e+100
13 218.425 436.851 1e+100
5 273.106 1092.43 1e+100
12 821.81 821.81 1e+100
8 851.871 851.871 1e+100
1 1126.89 2253.78 1e+100
2 596.121 2384.48 1e+100
6 620.531 620.531 1e+100
7 741.224 1482.45 1e+100
-1 1e+100 1e+100 1e+100
11 844.474 844.474 1e+100
4 69.6536 69.6536 1e+100
8 1452.14 1452.14 1e+100
9 1112 1112 1e+100
10 981.25 1962.5 1e+100
36
1 530.623 1061.25 1e+100
13 665.05 1330.1 1e+100
2 138.252 553.007 1e+100
7 532.873 1065.75 1e+100
11 553.569 1107.14 1e+100
5 831.122 3324.49 1e+100
10 479.562 959.123 1e+100
9 935.486 935.486 1e+100
1 636.366 1272.73 1e+100
3 49.2669 49.2669 1e+100
12 177.053 177.053 1e+100
6 1796.11 1796.11 1e+100
0 146.092 146.092 1e+100
11 313.068 1252.27 1e+100
10 96.1722 96.1722 1e+100
7 220.063 440.126 1e+100
13 555.859 1111.72 1e+100
3 1010.17 1010.17 1e+100
4 110.598 110.598 1e+100
1 127.976 255.953 1e+100
2 267.175 1068.7 1e+100
5 366.27 1465.08 1e+100
11 2761.89 5523.79 1e+100
10 517.903 1035.81 1e+100
13 1558.04 3116.07 1e+100
9 588.86 588.86 1e+100
4 1693.19 3386.39 1e+100
11 182.522 730.086 1e+100
7 272.907 272.907 1e+100
8 526.528 1053.06 1e+100
0 321.302 321.302 1e+100
6 1748.91 1748.91 1e+100
3 870.366 870.366 1e+100
9 1189.13 1189.13 1e+100
7 1974.34 1974.34 1e+100
1 254.884 509.768 1e+100
38
8 1957.81 1957.81 1e+100
9 596.136 596.136 1e+100
3 1153.86 1153.86 1e+100
0 206.351 206.351 1e+100
1 412.849 825.698 1e+100
12 752.714 752.714 1e+100
13 262.072 524.143 1e+100
7 829.663 1659.33 1e+100
2 147.542 147.542 1e+100
4 264.891 529.781 1e+100
1 396.364 396.364 1e+100
3 615.789 615.789 1e+100
9 571.952 571.952 1e+100
11 236.961 473.923 1e+100
0 543.417 543.417 1e+100
2 256.523 1026.09 1e+100
10 311.195 622.391 1e+100
8 799.103 3196.41 1e+100
5 377.796 1511.18 1e+100
7 136.75 273.5 1e+100
4 548.709 1097.42 1e+100
12 662.399 662.399 1e+100
7 1600.89 3201.78 1e+100
1 541.495 1082.99 1e+100
13 154.774 309.548 1e+100
11 295.842 591.683 1e+100
9 93.3778 93.3778 1e+100
2 252.748 1010.99 1e+100
11 2082.37 8329.46 1e+100
3 553.94 553.94 1e+100
0 332.209 332.209 1e+100
10 604.492 604.492 1e+100
4 784.101 1568.2 1e+100
5 722.686 2890.74 1e+100
6 453.065 453.065 1e+100
8 337.121 1348.49 1e+100
12 295.437 295.437 1e+100
13 52.1559 104.312 1e+100
34
7 672.336 1344.67 1e+100
11 669.454 1338.91 1e+100
2 116.881 467.526 1e+100
5 1283.46 5133.84 1e+100
9 780.087 780.087 1e+100
1 206.487 412.974 1e+100
10 909.866 1819.73 1e+100
13 361.504 361.504 1e+100
12 177.053 177.053 1e+100
3 798.775 798.775 1e+100
0 146.092 146.092 1e+100
2 166.277 665.108 1e+100
1 131.101 131.101 1e+100
7 220.063 440.126 1e+100
13 669.722 1339.44 1e+100
12 928.843 928.843 1e+100
9 110.598 110.598 1e+100
4 804.9 1609.8 1e+100
11 437.997 1751.99 1e+100
2 796.045 3184.18 1e+100
5 318.175 636.35 1e+100
10 204.426 408.853 1e+100
1 873.222 1746.44 1e+100
5 1793.1 7172.42 1e+100
8 1655.42 6621.67 1e+100
3 883.759 883.759 1e+100
9 1258.4 1258.4 1e+100
0 604.492 604.492 1e+100
13 668.77 1337.54 1e+100
11 1855.12 7420.48 1e+100
7 264.985 264.985 1e+100
2 994.557 3978.23 1e+100
12 40.9742 40.9742 1e+100
10 860.567 1721.13 1e+100
43
8 1957.81 1957.81 1e+100
9 596.136 596.136 1e+100
3 1153.86 1153.86 1e+100
0 206.351 206.351 1e+100
1 412.849 825.698 1e+100
12 752.714 752.714 1e+100
13 262.072 524.143 1e+100
7 829.663 1659.33 1e+100
2 958.417 3833.67 1e+100
4 232.952 465.905 1e+100
6 591.968 591.968 1e+100
10 883.815 1767.63 1e+100
1 1929.26 3858.52 1e+100
11 300.875 601.75 1e+100
7 2148.72 4297.44 1e+100
5 651.091 1302.18 1e+100
9 228.567 228.567 1e+100
0 323.45 323.45 1e+100
8 1226.07 4904.27 1e+100
4 1069.7 1069.7 1e+100
3 716.79 716.79 1e+100
13 750.964 1501.93 1e+100
2 1818.81 7275.25 1e+100
11 826.251 3305 1e+100
8 1431.73 2863.46 1e+100
10 724.899 1449.8 1e+100
6 342.419 342.419 1e+100
1 1629.98 3259.96 1e+100
8 2432.85 4865.7 1e+100
5 149.842 299.685 1e+100
13 1240.18 2480.36 1e+100
0 223.156 223.156 1e+100
12 571.649 571.649 1e+100
4 360.37 720.741 1e+100
5 1640.45 6561.81 1e+100
3 326.408 326.408 1e+100
7 1197.6 2395.2 1e+100
9 178.866 178.866 1e+100
6 827.473 827.473 1e+100
2 1381.01 1381.01 1e+100
12 1171.92 1171.92 1e+100
11 1475.24 1475.24 1e+100
10 221.54 443.08 1e+100
38
7 672.336 1344.67 1e+100
11 669.454 1338.91 1e+100
2 116.881 467.526 1e+100
5 1283.46 5133.84 1e+100
9 780.087 780.087 1e+100
1 206.487 412.974 1e+100
3 183.29 183.29 1e+100
10 168.496 336.992 1e+100
11 555.3 555.3 1e+100
7 707.276 707.276 1e+100
0 571.952 571.952 1e+100
13 520.414 1040.83 1e+100
9 94.8193 94.8193 1e+100
2 206.351 825.403 1e+100
4 415.709 831.419 1e+100
5 165.292 661.17 1e+100
2 1671 6683.98 1e+100
1 229.36 458.72 1e+100
10 499.723 999.446 1e+100
6 565.149 565.149 1e+100
8 683.747 1367.49 1e+100
7 414.678 829.356 1e+100
4 149.842 299.685 1e+100
13 558.802 1117.6 1e+100
3 223.156 223.156 1e+100
12 174.256 174.256 1e+100
11 887.841 887.841 1e+100
9 224.058 224.058 1e+100
7 1983.63 1983.63 1e+100
0 144.841 144.841 1e+100
5 53.735 53.735 1e+100
1 328.7 657.4 1e+100
8 1749.95 1749.95 1e+100
6 852.924 852.924 1e+100
4 1206.77 2413.54 1e+100
10 531.866 1063.73 1e+100
5 846.463 846.463 1e+100
1 1382.85 1382.85 1e+100
38
8 1957.81 1957.81 1e+100
9 596.136 596.136 1e+100
3 1153.86 1153.86 1e+100
0 206.351 206.351 1e+100
1 412.849 825.698 1e+100
12 752.714 752.714 1e+100
13 262.072 524.143 1e+100
7 829.663 1659.33 1e+100
10 2805.91 2805.91 1e+100
2 310.233 1240.93 1e+100
5 674.956 674.956 1e+100
11 1818.88 7275.53 1e+100
9 337.857 337.857 1e+100
6 348.914 348.914 1e+100
0 219.273 219.273 1e+100
3 873.058 873.058 1e+100
4 312.678 625.356 1e+100
8 799.103 3196.41 1e+100
2 137.269 549.075 1e+100
7 136.75 273.5 1e+100
1 530.623 1061.25 1e+100
6 209.526 209.526 1e+100
10 2266.4 4532.81 1e+100
11 786.533 1573.07 1e+100
5 149.842 299.685 1e+100
13 1644.12 3288.25 1e+100
12 223.156 223.156 1e+100
0 418.874 418.874 1e+100
3 218.66 218.66 1e+100
2 558.508 2234.03 1e+100
4 76.0462 152.092 1e+100
1 126.423 252.845 1e+100
5 707.101 2828.4 1e+100
9 188.848 188.848 1e+100
7 421.893 843.786 1e+100
8 1213.96 4855.82 1e+100
12 1141.04 1141.04 1e+100
6 367.682 367.682 1e+100
37
8 1957.81 1957.81 1e+100
9 596.136 596.136 1e+100
3 1153.86 1153.86 1e+100
0 206.351 206.351 1e+100
1 412.849 825.698 1e+100
12 752.714 752.714 1e+100
13 262.072 524.143 1e+100
7 829.663 1659.33 1e+100
5 500.302 1000.6 1e+100
9 501.43 501.43 1e+100
2 150.675 150.675 1e+100
10 307.202 307.202 1e+100
4 388.851 777.701 1e+100
11 338.613 1354.45 1e+100
1 664.992 1329.98 1e+100
0 138.931 138.931 1e+100
8 464.742 1858.97 1e+100
12 201.816 201.816 1e+100
2 195.495 781.978 1e+100
5 514.967 2059.87 1e+100
13 176.495 176.495 1e+100
3 549.19 549.19 1e+100
8 602.8 2411.2 1e+100
10 70.1697 70.1697 1e+100
7 430.907 861.814 1e+100
9 194.333 194.333 1e+100
6 986.44 986.44 1e+100
11 235.048 470.097 1e+100
4 135.005 135.005 1e+100
12 537.81 537.81 1e+100
0 393.893 393.893 1e+100
2 154.676 618.706 1e+100
13 139.545 279.09 1e+100
5 1115.86 1115.86 1e+100
1 547.875 1095.75 1e+100
8 1006.3 1006.3 1e+100
9 859.373 859.373 1e+100
45
1 530.623 1061.25 1e+100
13 665.05 1330.1 1e+100
2 138.252 553.007 1e+100
7 532.873 1065.75 1e+100
11 553.569 1107.14 1e+100
5 831.122 3324.49 1e+100
10 479.562 959.123 1e+100
9 935.486 935.486 1e+100
2 1239.92 4959.67 1e+100
11 1363.06 2726.11 1e+100
8 630.902 630.902 1e+100
1 474.179 948.358 1e+100
7 1063.56 2127.12 1e+100
13 807.028 1614.06 1e+100
7 2730.86 5461.72 1e+100
4 571.342 1142.68 1e+100
12 121.85 121.85 1e+100
0 174.094 174.094 1e+100
8 3401.31 13605.3 1e+100
3 180.892 180.892 1e+100
6 1306.44 1306.44 1e+100
10 718.733 1437.47 1e+100
5 1490.64 5962.55 1e+100
13 1449.87 1449.87 1e+100
8 105.594 211.188 1e+100
1 560.918 1121.84 1e+100
9 544.035 544.035 1e+100
3 110.122 110.122 1e+100
10 581.099 1162.2 1e+100
2 1223.21 4892.83 1e+100
11 758.542 3034.17 1e+100
4 187.311 374.623 1e+100
13 1871.6 3743.2 1e+100
1 1563.09 3126.19 1e+100
6 935.478 935.478 1e+100
4 1174.95 2349.89 1e+100
12 202.592 202.592 1e+100
9 1142.37 1142.37 1e+100
0 154.864 154.864 1e+100
5 718.715 2874.86 1e+100
10 1181.29 2362.59 1e+100
3 614.356 614.356 1e+100
5 1778.1 3556.19 1e+100
7 817.92 817.92 1e+100
8 1232.98 1232.98 1e+100
34
8 1258.76 2517.52 1e+100
1 392.543 785.086 1e+100
11 832.911 3331.64 1e+100
4 785.496 785.496 1e+100
7 435.614 871.227 1e+100
13 39.193 78.386 1e+100
6 435.485 435.485 1e+100
2 310.233 1240.93 1e+100
0 114.359 114.359 1e+100
8 1345.49 5381.94 1e+100
12 747.68 747.68 1e+100
6 2056.76 2056.76 1e+100
9 1058.19 1058.19 1e+100
7 1089.32 1089.32 1e+100
5 416.507 833.014 1e+100
13 527.452 527.452 1e+100
4 658.445 658.445 1e+100
3 750.135 750.135 1e+100
12 1032.77 1032.77 1e+100
10 1199.86 1199.86 1e+100
1 756.233 756.233 1e+100
0 143.486 143.486 1e+100
2 153.033 306.067 1e+100
11 489.097 1956.39 1e+100
8 621.604 2486.42 1e+100
13 436.241 436.241 1e+100
3 1067.48 1067.48 1e+100
5 730.696 730.696 1e+100
7 1249.31 2498.62 1e+100
2 1414.43 5657.74 1e+100
4 179.087 179.087 1e+100
11 1143.79 4575.17 1e+100
6 425.068 425.068 1e+100
1 987.074 1974.15 1e+100
35
8 1258.76 2517.52 1e+100
1 392.543 785.086 1e+100
11 832.911 3331.64 1e+100
4 785.496 785.496 1e+100
7 435.614 871.227 1e+100
13 39.193 78.386 1e+100
6 2956.59 2956.59 1e+100
2 310.233 1240.93 1e+100
9 749.912 749.912 1e+100
8 1345.49 5381.94 1e+100
12 747.68 747.68 1e+100
6 348.914 348.914 1e+100
1 184.656 184.656 1e+100
4 1508.32 1508.32 1e+100
10 221.606 443.213 1e+100
7 1170.27 1170.27 1e+100
5 327.903 1311.61 1e+100
11 523.054 2092.22 1e+100
3 621.273 621.273 1e+100
0 522.057 522.057 1e+100
8 602 2408 1e+100
9 456.889 456.889 1e+100
13 430.907 861.814 1e+100
1 102.137 102.137 1e+100
12 791.062 791.062 1e+100
5 108.47 216.94 1e+100
2 135.005 135.005 1e+100
10 403.908 403.908 1e+100
0 1480.82 1480.82 1e+100
2 1978.93 7915.71 1e+100
11 999.935 1999.87 1e+100
3 1089.76 1089.76 1e+100
7 1133.63 2267.25 1e+100
4 150.313 150.313 1e+100
6 103.903 103.903 1e+100
34
8 1258.76 2517.52 1e+100
1 392.543 785.086 1e+100
11 832.911 3331.64 1e+100
4 785.496 785.496 1e+100
7 435.614 871.227 1e+100
13 39.193 78.386 1e+100
5 472.967 472.967 1e+100
2 119.111 238.221 1e+100
3 1223.61 1223.61 1e+100
1 775.778 775.778 1e+100
12 763.572 763.572 1e+100
10 557.606 1115.21 1e+100
0 190.678 190.678 1e+100
5 581.948 2327.79 1e+100
13 655.808 1311.62 1e+100
9 838.883 838.883 1e+100
6 921.172 921.172 1e+100
11 643.028 643.028 1e+100
4 214.968 214.968 1e+100
7 309.074 309.074 1e+100
0 439.215 439.215 1e+100
2 123.409 123.409 1e+100
13 579.684 1159.37 1e+100
8 508.318 2033.27 1e+100
5 1115.47 4461.9 1e+100
10 136.332 136.332 1e+100
12 258.429 258.429 1e+100
9 1446.45 1446.45 1e+100
1 1233.21 2466.42 1e+100
2 1144.11 4576.45 1e+100
4 247.14 247.14 1e+100
11 400.638 1602.55 1e+100
6 75.3268 75.3268 1e+100
13 620.425 1240.85 1e+100
41
8 1957.81 1957.81 1e+100
9 596.136 596.136 1e+100
3 1153.86 1153.86 1e+100
0 206.351 206.351 1e+100
1 412.849 825.698 1e+100
12 752.714 752.714 1e+100
13 262.072 524.143 1e+100
7 829.663 1659.33 1e+100
5 1146.32 4585.27 1e+100
10 106.823 213.645 1e+100
6 591.968 591.968 1e+100
1 1514.08 3028.15 1e+100
7 1777.41 3554.82 1e+100
2 529.596 1059.19 1e+100
10 3592.79 7185.58 1e+100
11 464.663 929.327 1e+100
9 228.567 228.567 1e+100
0 323.441 323.441 1e+100
8 1226.07 4904.27 1e+100
4 379.233 379.233 1e+100
3 716.79 716.79 1e+100
13 750.964 1501.93 1e+100
12 1093.96 1093.96 1e+100
6 296.782 296.782 1e+100
4 934.786 934.786 1e+100
3 856.008 856.008 1e+100
8 2431.02 2431.02 1e+100
0 468.956 468.956 1e+100
2 123.409 123.409 1e+100
13 535.569 1071.14 1e+100
7 272.644 272.644 1e+100
6 261.062 261.062 1e+100
5 643.744 2574.98 1e+100
1 208.299 416.598 1e+100
2 800.565 1601.13 1e+100
11 260.791 1043.16 1e+100
0 997.975 997.975 1e+100
13 1470.32 2940.65 1e+100
2 1763.69 7054.78 1e+100
4 274.816 274.816 1e+100
3 373.626 373.626 1e+100
36
8 1258.76 2517.52 1e+100
1 392.543 785.086 1e+100
11 832.911 3331.64 1e+100
4 785.496 785.496 1e+100
7 435.614 871.227 1e+100
13 39.193 78.386 1e+100
5 472.967 472.967 1e+100
2 119.111 238.221 1e+100
9 1376.84 1376.84 1e+100
1 810.492 810.492 1e+100
0 571.952 571.952 1e+100
10 557.606 1115.21 1e+100
12 282.965 282.965 1e+100
5 581.948 2327.79 1e+100
13 655.808 1311.62 1e+100
11 276.009 1104.03 1e+100
2 588.204 2352.82 1e+100
7 174.303 348.607 1e+100
4 724.308 1448.62 1e+100
6 565.149 565.149 1e+100
7 1638.44 3276.89 1e+100
1 515.399 1030.8 1e+100
8 443.058 886.117 1e+100
10 595.994 1191.99 1e+100
0 93.3778 93.3778 1e+100
12 2212.15 2212.15 1e+100
13 462.517 925.034 1e+100
5 694.016 2776.06 1e+100
6 1231.99 1231.99 1e+100
11 1350.07 2700.13 1e+100
3 178.866 178.866 1e+100
2 2080.67 2080.67 1e+100
9 123.843 123.843 1e+100
1 990.362 990.362 1e+100
9 1947.4 1947.4 1e+100
4 221.885 443.769 1e+100
36
8 1258.76 2517.52 1e+100
1 392.543 785.086 1e+100
11 832.911 3331.64 1e+100
4 785.496 785.496 1e+100
7 435.614 871.227 1e+100
13 39.193 78.386 1e+100
2 147.542 147.542 1e+100
10 168.496 336.992 1e+100
9 1376.84 1376.84 1e+100
8 1045.2 1045.2 1e+100
0 571.952 571.952 1e+100
1 368.026 736.051 1e+100
3 539.823 539.823 1e+100
2 256.523 1026.09 1e+100
13 642.911 1285.82 1e+100
7 1705.52 3411.04 1e+100
11 537.656 537.656 1e+100
4 726.478 726.478 1e+100
10 320.997 320.997 1e+100
5 493.315 1973.26 1e+100
12 430.072 430.072 1e+100
0 802.653 802.653 1e+100
13 804.923 1609.85 1e+100
2 1215.56 4862.25 1e+100
3 1001.51 1001.51 1e+100
8 1399.08 1399.08 1e+100
1 1175.09 2350.17 1e+100
5 888.219 3552.88 1e+100
6 442.174 442.174 1e+100
11 1181.02 2362.04 1e+100
12 625.798 625.798 1e+100
4 1132.62 1132.62 1e+100
9 123.843 123.843 1e+100
6 1734.84 1734.84 1e+100
7 1837.44 1837.44 1e+100
10 563.004 1126.01 1e+100
32
8 1258.76 2517.52 1e+100
1 392.543 785.086 1e+100
11 832.911 3331.64 1e+100
4 785.496 785.496 1e+100
7 435.614 871.227 1e+100
13 39.193 78.386 1e+100
10 909.866 1819.73 1e+100
2 158.918 158.918 1e+100
3 170.988 170.988 1e+100
0 842.286 842.286 1e+100
1 330.241 330.241 1e+100
11 277.346 1109.38 1e+100
5 377.796 1511.18 1e+100
7 174.303 348.607 1e+100
2 482.405 964.81 1e+100
6 565.149 565.149 1e+100
4 578.379 1156.76 1e+100
11 1238.51 2477.02 1e+100
8 443.058 886.117 1e+100
1 895.799 1791.6 1e+100
10 240.356 240.356 1e+100
9 2883.09 2883.09 1e+100
13 478.236 956.472 1e+100
8 1933.67 7734.68 1e+100
3 735.554 735.554 1e+100
7 725.731 1451.46 1e+100
12 321.302 321.302 1e+100
0 796.181 796.181 1e+100
6 706.252 706.252 1e+100
4 1040.33 1040.33 1e+100
5 1027.1 1027.1 1e+100
2 412.937 825.874 1e+100
40
8 1258.76 2517.52 1e+100
1 392.543 785.086 1e+100
11 832.911 3331.64 1e+100
4 785.496 785.496 1e+100
7 435.614 871.227 1e+100
13 39.193 78.386 1e+100
5 1146.32 4585.27 1e+100
10 106.823 213.645 1e+100
6 591.968 591.968 1e+100
1 1117.31 2234.63 1e+100
4 2226.59 4453.18 1e+100
2 529.596 1059.19 1e+100
7 1132.87 2265.74 1e+100
13 877.132 1754.26 1e+100
9 446.787 446.787 1e+100
12 83.5045 83.5045 1e+100
8 949.93 3799.72 1e+100
3 180.892 180.892 1e+100
6 1917.94 1917.94 1e+100
10 899.05 1798.1 1e+100
13 1231.32 1231.32 1e+100
11 878.329 3513.31 1e+100
5 1426.06 5704.24 1e+100
0 233.224 233.224 1e+100
3 591.68 591.68 1e+100
8 904.89 3619.56 1e+100
9 48.8314 48.8314 1e+100
1 344.146 688.291 1e+100
12 142.636 142.636 1e+100
2 278.115 1112.46 1e+100
5 2836.07 11344.3 1e+100
10 450.339 450.339 1e+100
0 1073.42 1073.42 1e+100
3 1674.7 1674.7 1e+100
1 1517.01 3034.01 1e+100
11 1177.43 4709.71 1e+100
7 77.1974 77.1974 1e+100
2 932.81 3731.24 1e+100
4 295.791 295.791 1e+100
13 476.673 953.347 1e+100
38
8 1957.81 1957.81 1e+100
9 596.136 596.136 1e+100
3 1153.86 1153.86 1e+100
0 206.351 206.351 1e+100
1 412.849 825.698 1e+100
12 752.714 752.714 1e+100
13 262.072 524.143 1e+100
7 829.663 1659.33 1e+100
4 2690.89 2690.89 1e+100
5 264.96 1059.84 1e+100
2 337.622 337.622 1e+100
8 2148.49 8593.98 1e+100
9 337.857 337.857 1e+100
6 348.914 348.914 1e+100
0 219.273 219.273 1e+100
3 873.058 873.058 1e+100
10 221.606 443.213 1e+100
11 623.235 623.235 1e+100
6 717.396 717.396 1e+100
1 494.121 494.121 1e+100
9 622.951 622.951 1e+100
7 296.346 296.346 1e+100
13 423.151 423.151 1e+100
12 123.409 123.409 1e+100
2 139.865 279.73 1e+100
5 405.093 405.093 1e+100
11 694.571 694.571 1e+100
10 343.289 343.289 1e+100
3 716.052 716.052 1e+100
13 1189 1189 1e+100
0 674.36 674.36 1e+100
8 219.877 439.754 1e+100
4 607.854 607.854 1e+100
6 417.918 417.918 1e+100
2 818.721 1637.44 1e+100
1 169.233 338.465 1e+100
7 243.591 243.591 1e+100
9 319.078 319.078 1e+100
42
1 530.623 1061.25 1e+100
13 665.05 1330.1 1e+100
2 138.252 553.007 1e+100
7 532.873 1065.75 1e+100
11 553.569 1107.14 1e+100
5 831.122 3324.49 1e+100
10 479.562 959.123 1e+100
9 935.486 935.486 1e+100
8 2168.47 8673.89 1e+100
2 416.64 833.281 1e+100
6 591.968 591.968 1e+100
1 404.288 808.575 1e+100
7 1063.56 2127.12 1e+100
4 409.406 818.811 1e+100
7 2730.86 5461.72 1e+100
13 646.669 1293.34 1e+100
3 135.916 135.916 1e+100
12 83.5045 83.5045 1e+100
5 2163.68 8654.72 1e+100
0 381.62 381.62 1e+100
9 1778.78 1778.78 1e+100
10 718.733 1437.47 1e+100
6 1654.16 1654.16 1e+100
2 248.441 993.766 1e+100
11 600.689 2402.76 1e+100
13 595.409 595.409 1e+100
1 523.238 523.238 1e+100
5 2118.64 8474.56 1e+100
3 339.857 339.857 1e+100
4 447.64 895.279 1e+100
9 695.234 695.234 1e+100
0 1222.66 1222.66 1e+100
12 2407.83 2407.83 1e+100
8 3864.01 15456 1e+100
10 482.801 965.603 1e+100
13 365.729 731.458 1e+100
8 1168.87 4675.48 1e+100
6 1197.53 1197.53 1e+100
1 1177.21 2354.42 1e+100
11 557.845 2231.38 1e+100
4 987.977 987.977 1e+100
7 323.368 323.368 1e+100
37
1 530.623 1061.25 1e+100
13 665.05 1330.1 1e+100
2 138.252 553.007 1e+100
7 532.873 1065.75 1e+100
11 553.569 1107.14 1e+100
5 831.122 3324.49 1e+100
10 479.562 959.123 1e+100
9 935.486 935.486 1e+100
12 2622.02 2622.02 1e+100
2 480.271 1921.09 1e+100
4 546.206 546.206 1e+100
8 1026.96 4107.83 1e+100
3 961.838 961.838 1e+100
6 348.914 348.914 1e+100
13 169.904 169.904 1e+100
7 753.455 753.455 1e+100
1 122.379 244.758 1e+100
10 544.611 544.611 1e+100
11 151.975 607.9 1e+100
5 252.463 1009.85 1e+100
4 165.08 165.08 1e+100
0 522.057 522.057 1e+100
8 283.649 1134.6 1e+100
9 156.462 156.462 1e+100
1 760.723 1521.45 1e+100
3 63.8085 63.8085 1e+100
13 812.601 812.601 1e+100
11 29.6248 59.2496 1e+100
2 625.54 625.54 1e+100
6 261.775 261.775 1e+100
5 2150.75 2150.75 1e+100
11 2122.57 8490.29 1e+100
4 130.315 260.63 1e+100
7 611.374 611.374 1e+100
10 539.09 1078.18 1e+100
12 89.415 89.415 1e+100
8 355.176 355.176 1e+100
45
13 227.966 455.931 1e+100
10 265.837 531.674 1e+100
5 599.621 1199.24 1e+100
1 136.788 273.577 1e+100
11 1305.52 5222.08 1e+100
2 809.33 3237.32 1e+100
4 935.83 1871.66 1e+100
7 403.391 403.391 1e+100
9 2377.69 2377.69 1e+100
8 1080.91 2161.82 1e+100
13 529.79 1059.58 1e+100
6 970.069 970.069 1e+100
1 1361.84 2723.68 1e+100
3 2810.36 2810.36 1e+100
5 1365.92 5463.66 1e+100
0 114.359 114.359 1e+100
8 2005.67 8022.68 1e+100
12 747.68 747.68 1e+100
9 2492.22 2492.22 1e+100
6 2127.77 2127.77 1e+100
7 675.978 675.978 1e+100
10 221.606 443.213 1e+100
2 805.122 3220.49 1e+100
0 351.673 351.673 1e+100
7 1645.2 3290.4 1e+100
4 178.081 356.162 1e+100
12 967.659 967.659 1e+100
1 1465.92 1465.92 1e+100
13 330.634 661.268 1e+100
5 58.4829 233.932 1e+100
2 1434.89 5739.56 1e+100
11 136.098 272.196 1e+100
10 757.325 1514.65 1e+100
4 1180.26 2360.51 1e+100
8 1232.91 1232.91 1e+100
11 2668.99 5337.98 1e+100
0 947.822 947.822 1e+100
6 1863.96 1863.96 1e+100
5 2343.3 2343.3 1e+100
11 897.475 3589.9 1e+100
13 930.827 1861.65 1e+100
12 1273.2 1273.2 1e+100
4 1889.09 3778.19 1e+100
3 102.605 102.605 1e+100
9 252.108 252.108 1e+100
40
1 530.623 1061.25 1e+100
13 665.05 1330.1 1e+100
2 138.252 553.007 1e+100
7 532.873 1065.75 1e+100
11 553.569 1107.14 1e+100
5 831.122 3324.49 1e+100
10 479.562 959.123 1e+100
9 935.486 935.486 1e+100
3 2810.36 2810.36 1e+100
2 3805.72 15222.9 1e+100
13 1024.4 1024.4 1e+100
8 1026.96 4107.83 1e+100
10 1375.4 1375.4 1e+100
6 348.914 348.914 1e+100
12 643.049 643.049 1e+100
1 48.5457 48.5457 1e+100
4 312.678 625.356 1e+100
2 276.318 1105.27 1e+100
7 1447.33 1447.33 1e+100
1 1017.77 2035.54 1e+100
5 114.547 229.095 1e+100
9 544.035 544.035 1e+100
0 425.467 425.467 1e+100
13 304.972 609.943 1e+100
11 267.175 1068.7 1e+100
5 976.77 3907.08 1e+100
4 1281.9 2563.8 1e+100
5 2979.06 5958.13 1e+100
10 1815.69 3631.38 1e+100
6 1538.31 1538.31 1e+100
7 1776.08 3552.17 1e+100
2 2173.7 8694.81 1e+100
12 917.703 917.703 1e+100
1 1333.26 2666.51 1e+100
0 1700.48 1700.48 1e+100
9 2709.59 2709.59 1e+100
9 404.234 404.234 1e+100
3 132.761 132.761 1e+100
11 1988.39 1988.39 1e+100
13 431.879 863.759 1e+100
45
1 530.623 1061.25 1e+100
13 665.05 1330.1 1e+100
2 138.252 553.007 1e+100
7 532.873 1065.75 1e+100
11 553.569 1107.14 1e+100
5 831.122 3324.49 1e+100
10 479.562 959.123 1e+100
9 935.486 935.486 1e+100
2 1239.92 4959.67 1e+100
4 232.952 465.905 1e+100
8 630.902 630.902 1e+100
1 404.288 808.575 1e+100
13 1262.97 2525.93 1e+100
10 1154.32 2308.64 1e+100
7 797.006 1594.01 1e+100
4 1810.44 3620.87 1e+100
12 121.85 121.85 1e+100
0 174.094 174.094 1e+100
8 1757.65 7030.59 1e+100
3 180.892 180.892 1e+100
9 1778.78 1778.78 1e+100
11 338.636 677.273 1e+100
5 561.933 2247.73 1e+100
11 1404.42 5617.7 1e+100
13 1040.24 2080.47 1e+100
1 245.372 490.744 1e+100
6 565.149 565.149 1e+100
7 1053.6 2107.2 1e+100
2 363.499 726.998 1e+100
10 665.554 1331.11 1e+100
8 1911.98 3823.96 1e+100
12 223.156 223.156 1e+100
0 595.13 595.13 1e+100
3 540.235 540.235 1e+100
12 2539.61 2539.61 1e+100
6 1685.72 1685.72 1e+100
0 2283.99 2283.99 1e+100
9 195.79 195.79 1e+100
5 555.115 1110.23 1e+100
13 1455.72 1455.72 1e+100
1 1932.07 1932.07 1e+100
4 306.981 613.962 1e+100
10 1557.49 3114.98 1e+100
9 988.518 988.518 1e+100
2 477.564 477.564 1e+100
43
13 227.966 455.931 1e+100
10 265.837 531.674 1e+100
5 599.621 1199.24 1e+100
1 136.788 273.577 1e+100
11 1305.52 5222.08 1e+100
2 809.33 3237.32 1e+100
4 935.83 1871.66 1e+100
7 403.391 403.391 1e+100
9 2377.69 2377.69 1e+100
8 1080.91 2161.82 1e+100
13 529.79 1059.58 1e+100
6 970.069 970.069 1e+100
1 1361.84 2723.68 1e+100
10 537.919 1075.84 1e+100
12 411.418 411.418 1e+100
3 203.955 203.955 1e+100
5 717.111 717.111 1e+100
10 999.978 1999.96 1e+100
2 1081.64 4326.55 1e+100
10 2647.4 5294.81 1e+100
0 373.663 373.663 1e+100
8 1363.1 5452.41 1e+100
5 1891.98 7567.91 1e+100
11 303.434 1213.73 1e+100
7 174.303 348.607 1e+100
4 447.443 894.886 1e+100
9 531.294 531.294 1e+100
7 1638.44 3276.89 1e+100
1 100.57 201.14 1e+100
13 149.842 299.685 1e+100
2 1344.74 2689.47 1e+100
12 223.156 223.156 1e+100
0 1392.98 1392.98 1e+100
13 2765.68 5531.36 1e+100
3 135.005 135.005 1e+100
8 839.08 839.08 1e+100
6 393.893 393.893 1e+100
11 1556.15 6224.62 1e+100
4 154.373 308.745 1e+100
3 1551.19 1551.19 1e+100
13 524.042 1048.08 1e+100
1 447.206 447.206 1e+100
9 221.812 221.812 1e+100
43
13 227.966 455.931 1e+100
10 265.837 531.674 1e+100
5 599.621 1199.24 1e+100
1 136.788 273.577 1e+100
11 1305.52 5222.08 1e+100
2 809.33 3237.32 1e+100
4 935.83 1871.66 1e+100
7 403.391 403.391 1e+100
9 2377.69 2377.69 1e+100
8 1080.91 2161.82 1e+100
13 529.79 1059.58 1e+100
6 970.069 970.069 1e+100
1 1361.84 2723.68 1e+100
10 2273.16 4546.32 1e+100
3 664.839 664.839 1e+100
10 150.675 150.675 1e+100
0 369.655 369.655 1e+100
5 436.412 872.824 1e+100
2 1081.64 4326.55 1e+100
13 1270.22 2540.44 1e+100
12 223.83 223.83 1e+100
11 1184.33 4737.3 1e+100
4 305.516 611.033 1e+100
1 1222.93 1222.93 1e+100
7 451.797 451.797 1e+100
6 1194.55 1194.55 1e+100
5 431.041 1724.16 1e+100
0 212.142 212.142 1e+100
3 664.946 664.946 1e+100
10 897.338 1794.68 1e+100
5 3451.02 13804.1 1e+100
12 308.495 308.495 1e+100
9 272 272 1e+100
9 2061.76 2061.76 1e+100
11 1028.81 4115.23 1e+100
7 550.317 1100.63 1e+100
13 134.297 268.594 1e+100
5 145.807 583.227 1e+100
0 162.003 162.003 1e+100
1 125.766 251.533 1e+100
2 1371.21 5484.85 1e+100
3 194.204 194.204 1e+100
4 229.024 229.024 1e+100
41
13 227.966 455.931 1e+100
10 265.837 531.674 1e+100
5 599.621 1199.24 1e+100
1 136.788 273.577 1e+100
11 1305.52 5222.08 1e+100
2 809.33 3237.32 1e+100
4 935.83 1871.66 1e+100
7 403.391 403.391 1e+100
9 2377.69 2377.69 1e+100
8 1080.91 2161.82 1e+100
13 529.79 1059.58 1e+100
6 970.069 970.069 1e+100
1 1361.84 2723.68 1e+100
5 1137.77 2275.54 1e+100
10 158.918 158.918 1e+100
3 170.988 170.988 1e+100
12 713.858 713.858 1e+100
0 146.092 146.092 1e+100
11 4313.78 17255.1 1e+100
0 1368.54 1368.54 1e+100
7 220.063 440.126 1e+100
4 178.081 356.162 1e+100
1 563.124 563.124 1e+100
3 318.963 318.963 1e+100
2 304.972 609.943 1e+100
8 723.862 2895.45 1e+100
5 528.46 2113.84 1e+100
13 571.747 1143.49 1e+100
4 931.498 1863 1e+100
10 626.556 1253.11 1e+100
11 180.429 721.716 1e+100
8 2588.14 10352.6 1e+100
9 783.653 783.653 1e+100
0 1262.5 1262.5 1e+100
3 1735.43 1735.43 1e+100
1 905.853 1811.71 1e+100
2 2116.07 8464.26 1e+100
12 61.9363 61.9363 1e+100
5 726.972 2907.89 1e+100
7 517.918 517.918 1e+100
13 194.994 389.988 1e+100
45
13 227.966 455.931 1e+100
10 265.837 531.674 1e+100
5 599.621 1199.24 1e+100
1 136.788 273.577 1e+100
11 1305.52 5222.08 1e+100
2 809.33 3237.32 1e+100
4 935.83 1871.66 1e+100
7 403.391 403.391 1e+100
9 2377.69 2377.69 1e+100
8 1080.91 2161.82 1e+100
13 529.79 1059.58 1e+100
6 970.069 970.069 1e+100
1 1361.84 2723.68 1e+100
10 2425.45 4850.91 1e+100
12 411.418 411.418 1e+100
10 302.968 302.968 1e+100
3 215.186 215.186 1e+100
5 436.412 872.824 1e+100
2 1081.64 4326.55 1e+100
10 4878.66 9757.32 1e+100
11 1378.17 1378.17 1e+100
8 1363.1 5452.41 1e+100
5 1276.75 5107 1e+100
0 131.101 131.101 1e+100
7 867.8 1735.6 1e+100
1 1377.94 2755.88 1e+100
0 1811.75 1811.75 1e+100
3 116.737 116.737 1e+100
4 330.634 661.268 1e+100
11 1457.21 5828.82 1e+100
2 705.557 2822.23 1e+100
10 685.373 1370.75 1e+100
1 2131.36 4262.71 1e+100
4 2475.53 4951.05 1e+100
12 1076.93 1076.93 1e+100
4 3817 7633.99 1e+100
5 1135.36 4541.45 1e+100
9 442.174 442.174 1e+100
7 1183.29 2366.57 1e+100
6 411.857 411.857 1e+100
8 2407.39 2407.39 1e+100
8 102.042 102.042 1e+100
12 1677.2 1677.2 1e+100
3 1861.58 1861.58 1e+100
2 938.625 1877.25 1e+100
38
13 227.966 455.931 1e+100
10 265.837 531.674 1e+100
5 599.621 1199.24 1e+100
1 136.788 273.577 1e+100
11 1305.52 5222.08 1e+100
2 809.33 3237.32 1e+100
4 935.83 1871.66 1e+100
7 403.391 403.391 1e+100
9 2377.69 2377.69 1e+100
8 1080.91 2161.82 1e+100
13 529.79 1059.58 1e+100
6 970.069 970.069 1e+100
1 1361.84 2723.68 1e+100
5 1137.77 2275.54 1e+100
3 49.2669 49.2669 1e+100
12 177.053 177.053 1e+100
10 307.11 307.11 1e+100
0 146.092 146.092 1e+100
13 215.966 215.966 1e+100
2 568.931 2275.72 1e+100
11 712.791 2851.16 1e+100
4 89.0201 89.0201 1e+100
12 657.195 657.195 1e+100
8 488.911 1955.64 1e+100
0 84.3723 84.3723 1e+100
7 806.292 1612.58 1e+100
3 240.059 240.059 1e+100
2 836.792 3347.17 1e+100
5 1026.67 4106.7 1e+100
6 1957.42 1957.42 1e+100
13 415.718 415.718 1e+100
12 1740.21 1740.21 1e+100
4 577.734 1155.47 1e+100
2 2430.89 9723.54 1e+100
1 453.065 453.065 1e+100
11 821.834 3287.33 1e+100
0 457.697 457.697 1e+100
10 127.237 254.474 1e+100
38
1 530.623 1061.25 1e+100
13 665.05 1330.1 1e+100
2 138.252 553.007 1e+100
7 532.873 1065.75 1e+100
11 553.569 1107.14 1e+100
5 831.122 3324.49 1e+100
10 479.562 959.123 1e+100
9 935.486 935.486 1e+100
4 3270.23 3270.23 1e+100
2 130.296 260.592 1e+100
13 270.801 270.801 1e+100
7 993.217 993.217 1e+100
12 763.572 763.572 1e+100
1 347.999 695.998 1e+100
0 190.678 190.678 1e+100
11 85.1364 340.545 1e+100
4 415.709 831.419 1e+100
6 1646.27 1646.27 1e+100
8 1036.1 1036.1 1e+100
10 494.121 494.121 1e+100
9 609.15 609.15 1e+100
0 790.379 790.379 1e+100
12 785.512 785.512 1e+100
11 71.9674 71.9674 1e+100
2 139.865 279.73 1e+100
5 247.36 247.36 1e+100
1 393.648 393.648 1e+100
3 386.827 386.827 1e+100
8 1569.42 1569.42 1e+100
11 1200.98 1200.98 1e+100
0 1418.06 1418.06 1e+100
7 345.164 690.328 1e+100
13 660.456 660.456 1e+100
9 927.362 927.362 1e+100
2 818.721 1637.44 1e+100
10 169.233 338.465 1e+100
12 1118.87 1118.87 1e+100
7 1399.31 1399.31 1e+100
41
1 530.623 1061.25 1e+100
13 665.05 1330.1 1e+100
2 138.252 553.007 1e+100
7 532.873 1065.75 1e+100
11 553.569 1107.14 1e+100
5 831.122 3324.49 1e+100
10 479.562 959.123 1e+100
9 935.486 935.486 1e+100
5 2241.36 8965.45 1e+100
10 4039.47 8078.95 1e+100
8 630.902 630.902 1e+100
1 404.288 808.575 1e+100
7 1063.56 2127.12 1e+100
2 465.961 931.922 1e+100
7 2730.86 5461.72 1e+100
13 631.096 1262.19 1e+100
3 135.916 135.916 1e+100
12 83.5045 83.5045 1e+100
8 1757.65 7030.59 1e+100
0 381.62 381.62 1e+100
6 1306.44 1306.44 1e+100
10 718.733 1437.47 1e+100
12 1163.82 1163.82 1e+100
9 1085.18 1085.18 1e+100
4 927.331 927.331 1e+100
6 1445.66 1445.66 1e+100
1 218.732 218.732 1e+100
13 375.199 375.199 1e+100
3 143.486 143.486 1e+100
4 2038.5 4077.01 1e+100
8 1683.34 1683.34 1e+100
2 235.048 470.097 1e+100
0 625.54 625.54 1e+100
1 1328.49 1328.49 1e+100
3 1322.27 1322.27 1e+100
11 494.397 1977.59 1e+100
13 661.467 1322.93 1e+100
12 137.689 137.689 1e+100
10 1132.55 2265.1 1e+100
9 396.187 396.187 1e+100
7 511.911 511.911 1e+100
36
8 1258.76 2517.52 1e+100
1 392.543 785.086 1e+100
11 832.911 3331.64 1e+100
4 785.496 785.496 1e+100
7 435.614 871.227 1e+100
13 39.193 78.386 1e+100
6 435.485 435.485 1e+100
2 310.233 1240.93 1e+100
12 225.748 225.748 1e+100
8 1345.49 5381.94 1e+100
0 749.144 749.144 1e+100
0 3465.61 3465.61 1e+100
9 1058.19 1058.19 1e+100
4 1508.32 1508.32 1e+100
10 221.606 443.213 1e+100
13 518.884 1037.77 1e+100
7 860.716 860.716 1e+100
6 2039.89 2039.89 1e+100
1 709.751 709.751 1e+100
2 201.216 804.865 1e+100
3 174.109 174.109 1e+100
12 189.297 189.297 1e+100
11 481.123 962.246 1e+100
5 273.106 1092.43 1e+100
2 1815.35 1815.35 1e+100
9 1237.17 1237.17 1e+100
4 781.035 781.035 1e+100
8 731.607 2926.43 1e+100
10 166.784 333.568 1e+100
1 226.344 452.689 1e+100
11 261.94 1047.76 1e+100
3 136.597 136.597 1e+100
7 429.087 858.173 1e+100
5 1097.31 4389.25 1e+100
12 38.0118 38.0118 1e+100
13 361.912 361.912 1e+100
38
8 1957.81 1957.81 1e+100
9 596.136 596.136 1e+100
3 1153.86 1153.86 1e+100
0 206.351 206.351 1e+100
1 412.849 825.698 1e+100
12 752.714 752.714 1e+100
13 262.072 524.143 1e+100
7 829.663 1659.33 1e+100
4 2690.89 2690.89 1e+100
5 264.96 1059.84 1e+100
2 337.622 337.622 1e+100
8 2148.49 8593.98 1e+100
9 337.857 337.857 1e+100
6 348.914 348.914 1e+100
0 219.273 219.273 1e+100
3 873.058 873.058 1e+100
10 221.606 443.213 1e+100
11 623.235 623.235 1e+100
6 717.396 717.396 1e+100
1 494.121 494.121 1e+100
9 622.951 622.951 1e+100
7 296.346 296.346 1e+100
13 423.151 423.151 1e+100
12 123.409 123.409 1e+100
2 139.865 279.73 1e+100
5 405.093 405.093 1e+100
11 694.571 694.571 1e+100
10 343.289 343.289 1e+100
3 716.052 716.052 1e+100
13 1189 1189 1e+100
0 674.36 674.36 1e+100
8 219.877 439.754 1e+100
4 607.854 607.854 1e+100
6 417.918 417.918 1e+100
2 818.721 1637.44 1e+100
1 169.233 338.465 1e+100
7 243.591 243.591 1e+100
9 319.078 319.078 1e+100
42
13 227.966 455.931 1e+100
10 265.837 531.674 1e+100
5 599.621 1199.24 1e+100
1 136.788 273.577 1e+100
11 1305.52 5222.08 1e+100
2 809.33 3237.32 1e+100
4 935.83 1871.66 1e+100
7 403.391 403.391 1e+100
9 2377.69 2377.69 1e+100
8 1080.91 2161.82 1e+100
13 529.79 1059.58 1e+100
6 970.069 970.069 1e+100
1 1361.84 2723.68 1e+100
12 299.328 299.328 1e+100
10 148.642 297.283 1e+100
1 2157.09 2157.09 1e+100
7 915.741 915.741 1e+100
0 571.952 571.952 1e+100
2 1164.95 2329.89 1e+100
3 539.823 539.823 1e+100
5 471.735 1886.94 1e+100
10 1534.03 3068.06 1e+100
13 186.257 186.257 1e+100
11 1020.47 4081.88 1e+100
5 1752.89 7011.58 1e+100
4 268.669 268.669 1e+100
0 482.845 482.845 1e+100
8 638.543 2554.17 1e+100
12 579.294 579.294 1e+100
13 794.559 1589.12 1e+100
7 75.6084 75.6084 1e+100
9 566.786 566.786 1e+100
10 1258.82 2517.63 1e+100
11 1205.31 4821.25 1e+100
8 1810.63 1810.63 1e+100
2 1896.01 3792.03 1e+100
6 178.866 178.866 1e+100
3 1310.45 1310.45 1e+100
1 903.254 903.254 1e+100
9 1167.06 1167.06 1e+100
7 1199.15 1199.15 1e+100
4 377.705 755.41 1e+100
41
13 227.966 455.931 1e+100
10 265.837 531.674 1e+100
5 599.621 1199.24 1e+100
1 136.788 273.577 1e+100
11 1305.52 5222.08 1e+100
2 809.33 3237.32 1e+100
4 935.83 1871.66 1e+100
7 403.391 403.391 1e+100
9 2377.69 2377.69 1e+100
8 1080.91 2161.82 1e+100
13 529.79 1059.58 1e+100
6 970.069 970.069 1e+100
1 1361.84 2723.68 1e+100
5 1137.77 2275.54 1e+100
10 158.918 158.918 1e+100
12 177.053 177.053 1e+100
3 798.775 798.775 1e+100
0 146.092 146.092 1e+100
2 214.183 856.733 1e+100
11 262.449 1049.79 1e+100
7 174.303 348.607 1e+100
4 461.208 922.417 1e+100
9 531.294 531.294 1e+100
8 148.102 296.204 1e+100
1 100.57 201.14 1e+100
13 149.842 299.685 1e+100
10 453.61 907.219 1e+100
0 223.156 223.156 1e+100
6 399.921 399.921 1e+100
3 369.121 369.121 1e+100
5 432.574 432.574 1e+100
12 1198.89 1198.89 1e+100
4 634.614 634.614 1e+100
2 53.2326 53.2326 1e+100
7 275.742 551.485 1e+100
8 1214.3 1214.3 1e+100
1 836.72 836.72 1e+100
11 449.28 898.56 1e+100
13 1041.78 2083.56 1e+100
2 845.961 845.961 1e+100
9 210.175 210.175 1e+100
37
8 1957.81 1957.81 1e+100
9 596.136 596.136 1e+100
3 1153.86 1153.86 1e+100
0 206.351 206.351 1e+100
1 412.849 825.698 1e+100
12 752.714 752.714 1e+100
13 262.072 524.143 1e+100
7 829.663 1659.33 1e+100
4 2690.89 2690.89 1e+100
11 423.523 1694.09 1e+100
2 337.622 337.622 1e+100
8 2148.49 8593.98 1e+100
9 337.857 337.857 1e+100
6 348.914 348.914 1e+100
0 219.273 219.273 1e+100
3 873.058 873.058 1e+100
10 221.606 443.213 1e+100
12 201.816 201.816 1e+100
5 327.903 1311.61 1e+100
2 398.295 1593.18 1e+100
1 233.224 233.224 1e+100
13 522.057 522.057 1e+100
11 726.89 2907.56 1e+100
9 170.194 170.194 1e+100
7 447.64 895.279 1e+100
0 78.0593 78.0593 1e+100
5 595.765 2383.06 1e+100
8 1197.08 4788.33 1e+100
6 605.964 605.964 1e+100
12 402.362 402.362 1e+100
10 551.401 551.401 1e+100
1 721.937 1443.87 1e+100
5 2189.86 8759.43 1e+100
3 264.985 264.985 1e+100
2 515.244 2060.97 1e+100
4 471.357 471.357 1e+100
13 42.1304 84.2608 1e+100
46
13 227.966 455.931 1e+100
10 265.837 531.674 1e+100
5 599.621 1199.24 1e+100
1 136.788 273.577 1e+100
11 1305.52 5222.08 1e+100
2 809.33 3237.32 1e+100
4 935.83 1871.66 1e+100
7 403.391 403.391 1e+100
9 2377.69 2377.69 1e+100
8 1080.91 2161.82 1e+100
13 529.79 1059.58 1e+100
6 970.069 970.069 1e+100
1 1361.84 2723.68 1e+100
2 1528.84 6115.37 1e+100
11 2951.96 5903.92 1e+100
9 2884.32 2884.32 1e+100
10 532.421 1064.84 1e+100
7 986.084 1972.17 1e+100
5 331.096 662.193 1e+100
7 2653.38 5306.77 1e+100
13 1905.41 3810.83 1e+100
12 121.85 121.85 1e+100
0 174.094 174.094 1e+100
8 1610.11 6440.46 1e+100
3 180.892 180.892 1e+100
1 1797.87 1797.87 1e+100
4 1651.69 3303.39 1e+100
6 651.664 651.664 1e+100
8 2368.58 2368.58 1e+100
3 736.446 736.446 1e+100
1 1937.09 1937.09 1e+100
12 453.53 453.53 1e+100
13 1294.14 1294.14 1e+100
0 123.409 123.409 1e+100
10 2745.45 5490.9 1e+100
6 767.608 767.608 1e+100
10 29.6248 59.2496 1e+100
3 1799.71 1799.71 1e+100
2 135.652 135.652 1e+100
0 1302.19 1302.19 1e+100
11 530.915 2123.66 1e+100
4 152.767 305.534 1e+100
12 1270.5 1270.5 1e+100
5 391.307 782.615 1e+100
9 94.1998 94.1998 1e+100
7 435.626 435.626 1e+100
38
8 1258.76 2517.52 1e+100
1 392.543 785.086 1e+100
11 832.911 3331.64 1e+100
4 785.496 785.496 1e+100
7 435.614 871.227 1e+100
13 39.193 78.386 1e+100
6 435.485 435.485 1e+100
2 310.233 1240.93 1e+100
0 114.359 114.359 1e+100
8 1345.49 5381.94 1e+100
12 747.68 747.68 1e+100
6 2056.76 2056.76 1e+100
1 184.656 184.656 1e+100
7 1089.32 1089.32 1e+100
10 221.606 443.213 1e+100
11 82.6452 165.29 1e+100
9 1544.76 1544.76 1e+100
4 726.478 726.478 1e+100
10 1761.12 1761.12 1e+100
2 201.216 804.865 1e+100
3 5836.48 5836.48 1e+100
0 3077.65 3077.65 1e+100
2 1417.96 2835.92 1e+100
5 273.106 1092.43 1e+100
12 821.81 821.81 1e+100
0 155.552 155.552 1e+100
8 890.867 890.867 1e+100
2 2124.33 2124.33 1e+100
7 932.313 932.313 1e+100
1 330.33 330.33 1e+100
11 52.77 52.77 1e+100
4 498.835 997.67 1e+100
6 2486.04 2486.04 1e+100
6 246.501 246.501 1e+100
13 626.087 1252.17 1e+100
5 1182.94 2365.88 1e+100
9 248.392 248.392 1e+100
4 1552.98 1552.98 1e+100
43
13 227.966 455.931 1e+100
10 265.837 531.674 1e+100
5 599.621 1199.24 1e+100
1 136.788 273.577 1e+100
11 1305.52 5222.08 1e+100
2 809.33 3237.32 1e+100
4 935.83 1871.66 1e+100
7 403.391 403.391 1e+100
9 2377.69 2377.69 1e+100
8 1080.91 2161.82 1e+100
13 529.79 1059.58 1e+100
6 970.069 970.069 1e+100
1 1361.84 2723.68 1e+100
4 4461.64 4461.64 1e+100
5 1064.21 2128.43 1e+100
2 372.579 372.579 1e+100
7 915.741 915.741 1e+100
0 571.952 571.952 1e+100
10 553.445 1106.89 1e+100
12 282.965 282.965 1e+100
11 1592.88 6371.53 1e+100
4 1607.12 3214.24 1e+100
13 293.493 586.986 1e+100
1 1222.93 1222.93 1e+100
6 1256.36 1256.36 1e+100
12 1618.65 1618.65 1e+100
5 1405.01 5620.02 1e+100
10 6202.23 6202.23 1e+100
0 802.653 802.653 1e+100
10 4254.68 8509.36 1e+100
8 1518.45 6073.8 1e+100
7 988.994 988.994 1e+100
5 1882.93 7531.71 1e+100
2 910.99 3643.96 1e+100
9 2449.28 2449.28 1e+100
0 1547.23 1547.23 1e+100
10 838.131 838.131 1e+100
13 468.712 937.425 1e+100
8 2279.57 9118.27 1e+100
1 724.447 724.447 1e+100
11 350.838 1403.35 1e+100
6 177.116 177.116 1e+100
4 709.655 1419.31 1e+100
38
8 1957.81 1957.81 1e+100
9 596.136 596.136 1e+100
3 1153.86 1153.86 1e+100
0 206.351 206.351 1e+100
1 412.849 825.698 1e+100
12 752.714 752.714 1e+100
13 262.072 524.143 1e+100
7 829.663 1659.33 1e+100
4 381.669 381.669 1e+100
2 119.111 238.221 1e+100
1 396.364 396.364 1e+100
3 615.789 615.789 1e+100
10 1025.73 1025.73 1e+100
11 236.961 473.923 1e+100
0 84.362 84.362 1e+100
5 467.178 1868.71 1e+100
4 594.191 1188.38 1e+100
8 799.103 3196.41 1e+100
2 588.204 2352.82 1e+100
7 136.75 273.5 1e+100
13 624.15 1248.3 1e+100
6 565.149 565.149 1e+100
7 1600.89 3201.78 1e+100
1 541.495 1082.99 1e+100
4 339.191 678.382 1e+100
11 295.842 591.683 1e+100
9 223.156 223.156 1e+100
3 187.057 187.057 1e+100
12 342.757 342.757 1e+100
5 443.199 1772.8 1e+100
10 358.956 717.913 1e+100
13 141.149 282.298 1e+100
2 1531.17 6124.7 1e+100
0 316.549 316.549 1e+100
1 1577.92 3155.85 1e+100
8 329.801 1319.2 1e+100
4 483.007 483.007 1e+100
6 167.739 167.739 1e+100
42
8 1957.81 1957.81 1e+100
9 596.136 596.136 1e+100
3 1153.86 1153.86 1e+100
0 206.351 206.351 1e+100
1 412.849 825.698 1e+100
12 752.714 752.714 1e+100
13 262.072 524.143 1e+100
7 829.663 1659.33 1e+100
6 435.485 435.485 1e+100
2 310.233 1240.93 1e+100
4 546.206 546.206 1e+100
11 1818.88 7275.53 1e+100
9 350.274 350.274 1e+100
0 1976.04 1976.04 1e+100
1 514.487 514.487 1e+100
3 873.058 873.058 1e+100
10 221.606 443.213 1e+100
5 305.098 1220.39 1e+100
13 605.184 605.184 1e+100
7 294.483 588.965 1e+100
8 428.787 857.574 1e+100
9 570.253 570.253 1e+100
12 183.132 183.132 1e+100
4 304.972 609.943 1e+100
2 104.437 417.748 1e+100
8 1291.01 5164.04 1e+100
5 621.295 1242.59 1e+100
13 1026.92 2053.83 1e+100
10 1077.71 2155.43 1e+100
6 1494.94 1494.94 1e+100
1 1047.78 1047.78 1e+100
5 2005.41 2005.41 1e+100
0 2739.92 2739.92 1e+100
4 1384.75 1384.75 1e+100
9 686.516 686.516 1e+100
7 168.831 337.661 1e+100
3 448.445 448.445 1e+100
0 173.149 173.149 1e+100
2 1363.5 2727 1e+100
10 1173.45 2346.9 1e+100
12 906.245 906.245 1e+100
7 1222.98 1222.98 1e+100
38
7 672.336 1344.67 1e+100
11 669.454 1338.91 1e+100
2 116.881 467.526 1e+100
5 1283.46 5133.84 1e+100
9 780.087 780.087 1e+100
1 206.487 412.974 1e+100
4 404.193 808.386 1e+100
0 264.774 264.774 1e+100
3 203.955 203.955 1e+100
13 6145.07 6145.07 1e+100
10 284.797 569.594 1e+100
2 204.495 817.978 1e+100
13 650.151 1300.3 1e+100
9 279.078 279.078 1e+100
11 167.765 671.06 1e+100
5 122.263 489.051 1e+100
2 1045.2 4180.81 1e+100
7 174.303 348.607 1e+100
4 584.288 1168.58 1e+100
1 247.472 247.472 1e+100
8 683.747 1367.49 1e+100
11 311.816 623.633 1e+100
10 149.842 299.685 1e+100
2 2199.55 4399.1 1e+100
9 212.752 212.752 1e+100
12 174.256 174.256 1e+100
0 1079.64 1079.64 1e+100
13 891.506 891.506 1e+100
6 439.922 439.922 1e+100
9 1701.18 1701.18 1e+100
5 236.628 236.628 1e+100
7 275.742 551.485 1e+100
1 1041.02 1041.02 1e+100
8 1576.82 1576.82 1e+100
4 945.466 1890.93 1e+100
10 1041.78 2083.56 1e+100
5 1029.36 1029.36 1e+100
11 425.882 425.882 1e+100
41
8 1957.81 1957.81 1e+100
9 596.136 596.136 1e+100
3 1153.86 1153.86 1e+100
0 206.351 206.351 1e+100
1 412.849 825.698 1e+100
12 752.714 752.714 1e+100
13 262.072 524.143 1e+100
7 829.663 1659.33 1e+100
5 1146.32 4585.27 1e+100
10 106.823 213.645 1e+100
6 591.968 591.968 1e+100
1 1514.08 3028.15 1e+100
7 1777.41 3554.82 1e+100
2 529.596 1059.19 1e+100
10 3592.79 7185.58 1e+100
11 464.663 929.327 1e+100
9 228.567 228.567 1e+100
0 323.441 323.441 1e+100
8 1226.07 4904.27 1e+100
4 379.233 379.233 1e+100
3 716.79 716.79 1e+100
13 750.964 1501.93 1e+100
12 1093.96 1093.96 1e+100
6 296.782 296.782 1e+100
4 934.786 934.786 1e+100
3 856.008 856.008 1e+100
8 2431.02 2431.02 1e+100
0 468.956 468.956 1e+100
2 123.409 123.409 1e+100
13 535.569 1071.14 1e+100
7 272.644 272.644 1e+100
6 261.062 261.062 1e+100
5 643.744 2574.98 1e+100
1 208.299 416.598 1e+100
2 800.565 1601.13 1e+100
11 260.791 1043.16 1e+100
0 997.975 997.975 1e+100
13 1470.32 2940.65 1e+100
2 1763.69 7054.78 1e+100
4 274.816 274.816 1e+100
3 373.626 373.626 1e+100
41
7 672.336 1344.67 1e+100
11 669.454 1338.91 1e+100
2 116.881 467.526 1e+100
5 1283.46 5133.84 1e+100
9 780.087 780.087 1e+100
1 206.487 412.974 1e+100
2 968.827 3875.31 1e+100
10 106.823 213.645 1e+100
6 591.968 591.968 1e+100
13 573.579 1147.16 1e+100
4 1888.69 3777.37 1e+100
11 366.645 733.29 1e+100
7 499.879 999.759 1e+100
1 619.404 1238.81 1e+100
12 121.85 121.85 1e+100
0 174.094 174.094 1e+100
8 1250.26 5001.05 1e+100
3 180.892 180.892 1e+100
9 1097.58 1097.58 1e+100
10 899.05 1798.1 1e+100
5 122.263 489.051 1e+100
11 892.021 3568.08 1e+100
2 985.018 1970.04 1e+100
13 414.663 829.326 1e+100
6 388.045 388.045 1e+100
7 756.471 1512.94 1e+100
4 1126.39 2252.78 1e+100
1 349.024 698.048 1e+100
8 1404.6 2809.19 1e+100
12 223.156 223.156 1e+100
3 1026.99 1026.99 1e+100
6 938.345 938.345 1e+100
11 1313.26 5253.04 1e+100
10 276.949 553.898 1e+100
1 1854.36 3708.72 1e+100
5 1027.91 4111.64 1e+100
9 39.9072 39.9072 1e+100
13 154.999 309.999 1e+100
2 1352.78 5411.12 1e+100
0 522.482 522.482 1e+100
7 699.342 699.342 1e+100
32
8 1258.76 2517.52 1e+100
1 392.543 785.086 1e+100
11 832.911 3331.64 1e+100
4 785.496 785.496 1e+100
7 435.614 871.227 1e+100
13 39.193 78.386 1e+100
2 639.737 1279.47 1e+100
9 358.219 358.219 1e+100
3 170.988 170.988 1e+100
1 507.958 507.958 1e+100
0 146.092 146.092 1e+100
12 900.727 900.727 1e+100
8 341.125 341.125 1e+100
11 509.471 509.471 1e+100
7 409.991 409.991 1e+100
4 187.567 187.567 1e+100
2 54.3801 54.3801 1e+100
0 123.409 123.409 1e+100
13 271.757 543.514 1e+100
3 405.093 405.093 1e+100
1 657.368 657.368 1e+100
10 459.471 459.471 1e+100
9 1111.61 1111.61 1e+100
2 820.232 820.232 1e+100
12 1136.91 1136.91 1e+100
8 235.64 471.281 1e+100
6 421.926 421.926 1e+100
7 728.203 728.203 1e+100
5 509.237 1018.47 1e+100
11 153.91 307.82 1e+100
4 135.42 135.42 1e+100
8 1289.79 1289.79 1e+100
