38
8 634.852 634.852 1e+100
2 163.906 327.812 1e+100
1 136.788 273.577 1e+100
11 1305.52 5222.08 1e+100
0 793.929 793.929 1e+100
5 1104.56 4418.22 1e+100
6 455.495 455.495 1e+100
10 902.9 1805.8 1e+100
4 1871.88 1871.88 1e+100
7 373.297 746.594 1e+100
1 1637.54 3275.08 1e+100
9 1518.7 1518.7 1e+100
8 1741.4 3482.79 1e+100
3 183.29 183.29 1e+100
2 57.5818 115.164 1e+100
7 1456.77 1456.77 1e+100
6 1726.34 1726.34 1e+100
5 1218.56 1218.56 1e+100
11 1258.04 2516.09 1e+100
3 784.814 784.814 1e+100
2 1236.67 4946.67 1e+100
10 1574.19 3148.37 1e+100
2 2945.6 11782.4 1e+100
11 2707.96 10831.8 1e+100
4 297.994 595.987 1e+100
1 678.047 1356.09 1e+100
3 2518.28 2518.28 1e+100
4 1762.13 3524.27 1e+100
8 429.982 859.964 1e+100
5 1223.75 2447.5 1e+100
7 1844.86 3689.72 1e+100
9 608.082 608.082 1e+100
6 1213.22 1213.22 1e+100
8 2672.81 10691.2 1e+100
10 145.002 290.004 1e+100
0 672.725 672.725 1e+100
1 1214.99 1214.99 1e+100
10 1579.92 1579.92 1e+100
39
6 241.292 241.292 1e+100
2 160.277 320.555 1e+100
1 238.384 476.769 1e+100
7 858.32 858.32 1e+100
3 497.418 497.418 1e+100
10 290.821 581.642 1e+100
5 1154.09 4616.37 1e+100
8 903.794 3615.18 1e+100
11 1374.5 2749 1e+100
0 124.26 124.26 1e+100
2 835.329 3341.32 1e+100
4 617.017 617.017 1e+100
9 1308.32 1308.32 1e+100
10 1681.74 3363.49 1e+100
1 677.574 677.574 1e+100
6 2882.57 2882.57 1e+100
3 724.032 724.032 1e+100
7 1667.48 3334.95 1e+100
8 2310.65 9242.61 1e+100
5 141.089 282.179 1e+100
0 17.5808 17.5808 1e+100
11 518.404 2073.62 1e+100
2 1115.6 2231.19 1e+100
4 759.43 759.43 1e+100
9 1682.77 1682.77 1e+100
1 925.624 925.624 1e+100
11 2614.6 10458.4 1e+100
3 555.113 555.113 1e+100
0 678.797 678.797 1e+100
10 305.92 611.839 1e+100
5 1682.89 6731.56 1e+100
7 1732.76 1732.76 1e+100
4 1194.34 1194.34 1e+100
3 1194.82 1194.82 1e+100
10 1087.58 2175.16 1e+100
6 1251.53 1251.53 1e+100
8 1902.84 1902.84 1e+100
1 1686.47 1686.47 1e+100
2 322.524 1290.1 1e+100
32
8 1612.17 1612.17 1e+100
1 317.143 634.286 1e+100
2 129.403 517.611 1e+100
5 1080.63 4322.52 1e+100
6 1873.07 1873.07 1e+100
10 292.915 292.915 1e+100
11 661.694 1323.39 1e+100
0 710.982 710.982 1e+100
4 378.607 757.214 1e+100
3 604.902 604.902 1e+100
2 361.602 723.204 1e+100
1 258.85 258.85 1e+100
11 313.446 1253.78 1e+100
0 420.863 420.863 1e+100
9 309.414 309.414 1e+100
3 80.1462 80.1462 1e+100
4 125.627 125.627 1e+100
6 157.012 157.012 1e+100
11 1402.5 5609.98 1e+100
8 467.336 1869.35 1e+100
5 234.854 234.854 1e+100
9 1003.53 1003.53 1e+100
2 652.06 2608.24 1e+100
3 313.139 313.139 1e+100
10 466.564 933.127 1e+100
0 379.507 379.507 1e+100
7 340.423 340.423 1e+100
5 1315.44 5261.75 1e+100
4 311.345 622.69 1e+100
8 1130.8 1130.8 1e+100
11 653.986 653.986 1e+100
1 78.6247 78.6247 1e+100
33
8 1613.29 1613.29 1e+100
10 267.355 534.71 1e+100
7 282.488 564.976 1e+100
11 750.162 1500.32 1e+100
6 630.235 630.235 1e+100
4 273.479 546.958 1e+100
1 1075.33 1075.33 1e+100
2 135.548 135.548 1e+100
9 525.122 525.122 1e+100
5 364.512 729.023 1e+100
3 1223.61 1223.61 1e+100
7 622.958 622.958 1e+100
0 571.952 571.952 1e+100
4 696.121 1392.24 1e+100
10 546.07 546.07 1e+100
2 22.0685 88.274 1e+100
11 1033.25 2066.49 1e+100
8 465.839 931.678 1e+100
6 725.179 725.179 1e+100
9 1332.58 1332.58 1e+100
1 900.133 900.133 1e+100
5 705.306 2821.23 1e+100
7 2305.86 2305.86 1e+100
0 802.653 802.653 1e+100
11 1195.26 2390.51 1e+100
2 981.109 3924.43 1e+100
4 1323.96 1323.96 1e+100
6 1034.36 1034.36 1e+100
8 1254.9 5019.6 1e+100
5 280.616 561.231 1e+100
3 477.793 477.793 1e+100
10 214.146 214.146 1e+100
1 629.402 629.402 1e+100
39
8 1612.17 1612.17 1e+100
1 317.143 634.286 1e+100
2 129.403 517.611 1e+100
5 1080.63 4322.52 1e+100
6 1873.07 1873.07 1e+100
10 292.915 292.915 1e+100
11 661.694 1323.39 1e+100
0 710.982 710.982 1e+100
4 378.607 757.214 1e+100
3 604.902 604.902 1e+100
9 525.122 525.122 1e+100
1 553.149 1106.3 1e+100
0 95.7679 95.7679 1e+100
7 864.17 864.17 1e+100
2 153.886 153.886 1e+100
4 226.623 453.245 1e+100
3 131.582 131.582 1e+100
11 85.1364 340.545 1e+100
10 415.709 831.419 1e+100
8 1356.82 1356.82 1e+100
5 942.493 3769.97 1e+100
2 1068.37 4273.49 1e+100
6 2592.93 2592.93 1e+100
6 522.057 522.057 1e+100
11 1368.92 5475.69 1e+100
3 591.828 591.828 1e+100
1 192.193 384.386 1e+100
0 79.5368 79.5368 1e+100
7 594.712 1189.42 1e+100
4 829.401 829.401 1e+100
10 29.6248 59.2496 1e+100
2 3237.32 3237.32 1e+100
7 1842.67 3685.33 1e+100
9 961.542 961.542 1e+100
5 496.801 1987.2 1e+100
1 823.482 1646.96 1e+100
8 1178.78 1178.78 1e+100
5 1556.18 3112.37 1e+100
0 845.081 845.081 1e+100
39
6 241.292 241.292 1e+100
2 160.277 320.555 1e+100
1 238.384 476.769 1e+100
7 858.32 858.32 1e+100
3 497.418 497.418 1e+100
10 290.821 581.642 1e+100
5 1154.09 4616.37 1e+100
8 903.794 3615.18 1e+100
11 1374.5 2749 1e+100
0 124.26 124.26 1e+100
2 835.329 3341.32 1e+100
4 617.017 617.017 1e+100
9 1308.32 1308.32 1e+100
7 2005.05 4010.09 1e+100
10 1216.32 2432.65 1e+100
1 817.381 817.381 1e+100
0 402.887 402.887 1e+100
3 93.4508 93.4508 1e+100
5 730.975 730.975 1e+100
4 252.034 252.034 1e+100
8 341.125 341.125 1e+100
2 588.002 588.002 1e+100
11 311.04 311.04 1e+100
6 435.237 435.237 1e+100
9 84.8837 84.8837 1e+100
0 79.3371 79.3371 1e+100
10 150.193 300.385 1e+100
1 304.197 608.394 1e+100
3 767.117 767.117 1e+100
5 56.2088 56.2088 1e+100
4 58.3211 58.3211 1e+100
7 294.894 589.788 1e+100
8 551.184 1102.37 1e+100
11 1047.49 1047.49 1e+100
9 394.755 394.755 1e+100
2 472.477 944.954 1e+100
10 937.103 1874.21 1e+100
0 278.095 278.095 1e+100
1 712.663 1425.33 1e+100
29
8 1613.29 1613.29 1e+100
10 267.355 534.71 1e+100
7 282.488 564.976 1e+100
11 750.162 1500.32 1e+100
6 630.235 630.235 1e+100
4 273.479 546.958 1e+100
1 1075.33 1075.33 1e+100
2 135.548 135.548 1e+100
5 674.956 674.956 1e+100
0 577.121 577.121 1e+100
8 578.634 2314.54 1e+100
2 289.014 289.014 1e+100
10 210.098 420.196 1e+100
0 2148.14 2148.14 1e+100
7 158.396 158.396 1e+100
3 653.858 653.858 1e+100
11 581.292 2325.17 1e+100
9 325.681 325.681 1e+100
1 709.329 709.329 1e+100
4 1738.27 3476.53 1e+100
5 810.379 3241.52 1e+100
6 358.06 358.06 1e+100
8 263.455 263.455 1e+100
2 526.835 526.835 1e+100
7 645.674 1291.35 1e+100
9 921.87 921.87 1e+100
3 1632.01 1632.01 1e+100
10 1653.13 1653.13 1e+100
11 797.236 3188.94 1e+100
35
6 241.292 241.292 1e+100
2 160.277 320.555 1e+100
1 238.384 476.769 1e+100
7 858.32 858.32 1e+100
3 497.418 497.418 1e+100
10 290.821 581.642 1e+100
5 1154.09 4616.37 1e+100
8 903.794 3615.18 1e+100
11 1374.5 2749 1e+100
0 124.26 124.26 1e+100
2 835.329 3341.32 1e+100
4 617.017 617.017 1e+100
9 1308.32 1308.32 1e+100
7 2005.05 4010.09 1e+100
10 1216.32 2432.65 1e+100
1 817.381 817.381 1e+100
0 538.601 538.601 1e+100
3 91.76 91.76 1e+100
4 700.144 700.144 1e+100
5 419.917 1679.67 1e+100
8 403.078 403.078 1e+100
2 43.7012 43.7012 1e+100
11 460.798 921.596 1e+100
6 848.547 848.547 1e+100
10 470.26 940.52 1e+100
5 2129.22 4258.44 1e+100
1 1639.34 3278.68 1e+100
9 201.766 201.766 1e+100
3 829.84 829.84 1e+100
4 581.906 581.906 1e+100
2 34.1641 68.3282 1e+100
0 632.509 632.509 1e+100
8 603.693 603.693 1e+100
7 1059.03 1059.03 1e+100
11 232.239 928.958 1e+100
38
8 1957.81 1957.81 1e+100
2 147.601 147.601 1e+100
11 896.586 896.586 1e+100
10 304.488 304.488 1e+100
1 412.849 825.698 1e+100
9 1271.47 1271.47 1e+100
4 558.835 1117.67 1e+100
7 829.663 1659.33 1e+100
3 183.29 183.29 1e+100
5 364.512 729.023 1e+100
10 343.696 343.696 1e+100
6 1333.66 1333.66 1e+100
2 79.5739 79.5739 1e+100
4 1213.85 2427.7 1e+100
0 190.678 190.678 1e+100
11 1509.67 6038.67 1e+100
1 983.838 1967.68 1e+100
8 799.103 3196.41 1e+100
5 831.005 3324.02 1e+100
7 136.75 273.5 1e+100
2 571.063 1142.13 1e+100
3 4179.2 4179.2 1e+100
7 1600.89 3201.78 1e+100
10 489.098 978.196 1e+100
1 632.291 1264.58 1e+100
4 1252.24 2504.47 1e+100
3 256.775 256.775 1e+100
11 1505.82 6023.29 1e+100
8 1615.76 6463.06 1e+100
4 2941.33 2941.33 1e+100
0 253.184 253.184 1e+100
6 1573.94 1573.94 1e+100
2 806.455 1612.91 1e+100
5 1175.89 4703.58 1e+100
10 933.616 933.616 1e+100
11 2160.52 8642.07 1e+100
9 971.687 971.687 1e+100
1 354.237 708.475 1e+100
36
8 1612.17 1612.17 1e+100
1 317.143 634.286 1e+100
2 129.403 517.611 1e+100
5 1080.63 4322.52 1e+100
6 1873.07 1873.07 1e+100
10 292.915 292.915 1e+100
11 661.694 1323.39 1e+100
0 710.982 710.982 1e+100
4 378.607 757.214 1e+100
3 604.902 604.902 1e+100
1 8680.66 17361.3 1e+100
2 793.913 1587.83 1e+100
9 520.432 520.432 1e+100
0 874.413 874.413 1e+100
10 104.96 104.96 1e+100
11 98.8026 98.8026 1e+100
5 50.6096 202.439 1e+100
8 470.41 470.41 1e+100
3 78.7382 78.7382 1e+100
4 416.941 833.883 1e+100
6 605.732 605.732 1e+100
2 160.266 320.533 1e+100
7 191.355 382.711 1e+100
7 2000.23 4000.46 1e+100
9 7.5026 7.5026 1e+100
11 335.036 1340.14 1e+100
8 812.643 3250.57 1e+100
2 1444.4 1444.4 1e+100
3 339.646 339.646 1e+100
0 402.504 402.504 1e+100
10 636.26 1272.52 1e+100
5 837.026 3348.1 1e+100
6 635.438 635.438 1e+100
11 989.73 3958.92 1e+100
9 1020.87 1020.87 1e+100
4 1897.16 3794.32 1e+100
32
8 1957.81 1957.81 1e+100
2 147.601 147.601 1e+100
11 896.586 896.586 1e+100
10 304.488 304.488 1e+100
1 412.849 825.698 1e+100
9 1271.47 1271.47 1e+100
4 558.835 1117.67 1e+100
7 829.663 1659.33 1e+100
2 363.373 726.747 1e+100
6 1750.88 1750.88 1e+100
5 519.48 2077.92 1e+100
11 509.027 509.027 1e+100
3 128.952 128.952 1e+100
10 646.079 646.079 1e+100
0 576.193 576.193 1e+100
8 799.103 3196.41 1e+100
2 834.498 3337.99 1e+100
7 612.88 1225.76 1e+100
1 107.492 214.983 1e+100
9 1094.44 1094.44 1e+100
4 1937.87 3875.75 1e+100
11 358.013 716.026 1e+100
5 492.484 984.968 1e+100
8 2003.22 4006.45 1e+100
3 114.695 114.695 1e+100
10 1814.44 1814.44 1e+100
0 446.667 446.667 1e+100
1 795.429 1590.86 1e+100
6 1531.87 1531.87 1e+100
7 240.283 240.283 1e+100
11 382.009 382.009 1e+100
2 930.448 3721.79 1e+100
41
8 1612.17 1612.17 1e+100
1 317.143 634.286 1e+100
2 129.403 517.611 1e+100
5 1080.63 4322.52 1e+100
6 1873.07 1873.07 1e+100
10 292.915 292.915 1e+100
11 661.694 1323.39 1e+100
0 710.982 710.982 1e+100
4 378.607 757.214 1e+100
3 604.902 604.902 1e+100
9 525.122 525.122 1e+100
1 553.149 1106.3 1e+100
0 18.0984 18.0984 1e+100
7 864.17 864.17 1e+100
4 812.111 812.111 1e+100
2 164.375 328.75 1e+100
3 233.107 233.107 1e+100
11 418.818 1675.27 1e+100
10 495.107 990.214 1e+100
5 305.619 1222.48 1e+100
8 781.028 3124.11 1e+100
10 2928.53 5857.06 1e+100
1 607.043 1214.09 1e+100
0 826.26 826.26 1e+100
2 1723.58 3447.15 1e+100
7 569.077 1138.15 1e+100
4 818.889 1637.78 1e+100
5 1509.74 3019.48 1e+100
3 386.249 386.249 1e+100
11 506.093 1012.19 1e+100
9 737.696 737.696 1e+100
11 1914.76 1914.76 1e+100
6 351.99 351.99 1e+100
1 604.694 1209.39 1e+100
7 1810.43 3620.85 1e+100
0 1531.21 1531.21 1e+100
3 1371.21 1371.21 1e+100
4 1135.77 2271.55 1e+100
8 152.208 304.415 1e+100
9 1767.87 1767.87 1e+100
1 1247.98 2495.97 1e+100
28
8 1957.81 1957.81 1e+100
2 147.601 147.601 1e+100
11 896.586 896.586 1e+100
10 304.488 304.488 1e+100
1 412.849 825.698 1e+100
9 1271.47 1271.47 1e+100
4 558.835 1117.67 1e+100
7 829.663 1659.33 1e+100
5 674.956 674.956 1e+100
10 73.2352 73.2352 1e+100
2 84.1744 336.697 1e+100
0 511.291 511.291 1e+100
11 4126.31 16505.3 1e+100
11 838.114 3352.46 1e+100
1 335.259 670.518 1e+100
4 107.492 214.983 1e+100
6 565.149 565.149 1e+100
10 1439.95 2879.9 1e+100
2 185.782 371.563 1e+100
5 149.842 299.685 1e+100
7 450.903 901.807 1e+100
9 114.695 114.695 1e+100
0 1601.23 1601.23 1e+100
8 471.213 1884.85 1e+100
5 820.858 1641.72 1e+100
1 1345.36 1345.36 1e+100
3 171.162 171.162 1e+100
4 568.999 568.999 1e+100
37
8 1957.81 1957.81 1e+100
2 147.601 147.601 1e+100
11 896.586 896.586 1e+100
10 304.488 304.488 1e+100
1 412.849 825.698 1e+100
9 1271.47 1271.47 1e+100
4 558.835 1117.67 1e+100
7 829.663 1659.33 1e+100
11 4982.51 9965.02 1e+100
2 68.6172 68.6172 1e+100
3 203.955 203.955 1e+100
0 369.655 369.655 1e+100
5 483.942 967.883 1e+100
11 1707.71 6830.84 1e+100
1 686.614 1373.23 1e+100
6 2205.93 2205.93 1e+100
8 464.742 1858.97 1e+100
4 62.7627 62.7627 1e+100
5 946.51 3786.04 1e+100
2 171.366 685.465 1e+100
3 76.2941 76.2941 1e+100
0 471.044 471.044 1e+100
8 602.8 2411.2 1e+100
7 168.965 168.965 1e+100
5 1971.76 3943.52 1e+100
9 79.5368 79.5368 1e+100
4 464.461 928.922 1e+100
3 1978.41 1978.41 1e+100
10 29.6248 59.2496 1e+100
6 1947.79 1947.79 1e+100
1 661.366 1322.73 1e+100
7 3053.67 3053.67 1e+100
2 1908.27 7633.09 1e+100
4 993.397 1986.79 1e+100
0 1140.04 1140.04 1e+100
10 1635.45 3270.89 1e+100
8 753.293 753.293 1e+100
40
6 241.292 241.292 1e+100
2 160.277 320.555 1e+100
1 238.384 476.769 1e+100
7 858.32 858.32 1e+100
3 497.418 497.418 1e+100
10 290.821 581.642 1e+100
5 1154.09 4616.37 1e+100
8 903.794 3615.18 1e+100
11 1374.5 2749 1e+100
0 124.26 124.26 1e+100
2 835.329 3341.32 1e+100
4 617.017 617.017 1e+100
9 1308.32 1308.32 1e+100
1 726.872 1453.74 1e+100
3 378.106 378.106 1e+100
5 1146.76 4587.03 1e+100
7 146.01 146.01 1e+100
10 602.051 602.051 1e+100
4 465.758 465.758 1e+100
0 159.238 159.238 1e+100
11 895.899 3583.6 1e+100
8 1059.06 1059.06 1e+100
9 926.733 926.733 1e+100
2 568.929 1137.86 1e+100
7 428.771 428.771 1e+100
10 747.072 1494.14 1e+100
1 1545.73 3091.46 1e+100
5 1952.16 3904.32 1e+100
3 411.885 411.885 1e+100
4 13.6821 27.3641 1e+100
6 148.599 148.599 1e+100
11 1236.86 2473.72 1e+100
0 521.157 521.157 1e+100
4 1261.64 2523.27 1e+100
9 1311.8 1311.8 1e+100
8 1861.97 7447.88 1e+100
2 1147.4 2294.8 1e+100
7 1592.26 1592.26 1e+100
10 497.384 994.769 1e+100
3 1281.08 1281.08 1e+100
31
8 1613.29 1613.29 1e+100
10 267.355 534.71 1e+100
7 282.488 564.976 1e+100
11 750.162 1500.32 1e+100
6 630.235 630.235 1e+100
4 273.479 546.958 1e+100
1 1075.33 1075.33 1e+100
2 135.548 135.548 1e+100
3 479.232 479.232 1e+100
10 67.1657 67.1657 1e+100
5 1672.43 6689.72 1e+100
9 566.541 566.541 1e+100
7 539.724 539.724 1e+100
6 341.125 341.125 1e+100
4 223.39 223.39 1e+100
1 138.571 138.571 1e+100
11 219.243 219.243 1e+100
3 189.627 189.627 1e+100
0 316.809 316.809 1e+100
2 211.645 423.29 1e+100
8 489.097 1956.39 1e+100
5 1854.97 7419.87 1e+100
7 448.514 448.514 1e+100
9 220.574 220.574 1e+100
10 962.067 962.067 1e+100
4 1148.17 2296.35 1e+100
2 1473.05 5892.18 1e+100
1 169.608 169.608 1e+100
11 544.36 2177.44 1e+100
6 289.457 289.457 1e+100
8 862.531 1725.06 1e+100
32
8 1613.29 1613.29 1e+100
10 267.355 534.71 1e+100
7 282.488 564.976 1e+100
11 750.162 1500.32 1e+100
6 630.235 630.235 1e+100
4 273.479 546.958 1e+100
1 1075.33 1075.33 1e+100
2 135.548 135.548 1e+100
5 674.956 674.956 1e+100
10 67.1657 67.1657 1e+100
8 578.634 2314.54 1e+100
9 566.541 566.541 1e+100
0 544.611 544.611 1e+100
2 151.975 607.9 1e+100
11 600.689 2402.76 1e+100
5 246.276 246.276 1e+100
7 936.745 936.745 1e+100
8 969.098 3876.39 1e+100
6 583.197 583.197 1e+100
4 192.193 384.386 1e+100
10 283.6 283.6 1e+100
1 808.801 1617.6 1e+100
9 1240.01 1240.01 1e+100
2 29.6248 59.2496 1e+100
3 202.592 202.592 1e+100
11 1902.17 3804.34 1e+100
7 1895.51 1895.51 1e+100
5 1333.35 5333.38 1e+100
4 823.482 1646.96 1e+100
0 698.637 698.637 1e+100
2 1635.45 3270.89 1e+100
10 1049.14 1049.14 1e+100
36
8 1613.29 1613.29 1e+100
10 267.355 534.71 1e+100
7 282.488 564.976 1e+100
11 750.162 1500.32 1e+100
6 630.235 630.235 1e+100
4 273.479 546.958 1e+100
1 1075.33 1075.33 1e+100
2 135.548 135.548 1e+100
9 525.122 525.122 1e+100
5 364.512 729.023 1e+100
10 334.03 334.03 1e+100
7 654.544 654.544 1e+100
0 571.952 571.952 1e+100
4 696.121 1392.24 1e+100
3 539.823 539.823 1e+100
11 826.945 3307.78 1e+100
2 150.877 301.753 1e+100
8 1022.35 1022.35 1e+100
1 344.423 344.423 1e+100
9 254.862 254.862 1e+100
6 686.914 686.914 1e+100
5 323.959 323.959 1e+100
0 593.893 593.893 1e+100
7 973.688 973.688 1e+100
2 257.607 515.213 1e+100
11 823.1 3292.4 1e+100
5 1950.04 7800.16 1e+100
4 274.8 274.8 1e+100
3 255.729 255.729 1e+100
10 978.706 978.706 1e+100
1 1194.74 2389.48 1e+100
8 581.412 2325.65 1e+100
6 713.494 713.494 1e+100
2 579.608 2318.43 1e+100
9 785.846 785.846 1e+100
7 773.732 1547.46 1e+100
29
8 1957.81 1957.81 1e+100
2 147.601 147.601 1e+100
11 896.586 896.586 1e+100
10 304.488 304.488 1e+100
1 412.849 825.698 1e+100
9 1271.47 1271.47 1e+100
4 558.835 1117.67 1e+100
7 829.663 1659.33 1e+100
4 1637.06 3274.13 1e+100
6 1750.88 1750.88 1e+100
2 59.7366 238.947 1e+100
9 3610.63 3610.63 1e+100
5 274.02 274.02 1e+100
0 694.812 694.812 1e+100
3 159.238 159.238 1e+100
11 1031.67 1031.67 1e+100
8 127.933 127.933 1e+100
1 720.508 720.508 1e+100
7 269.935 269.935 1e+100
9 41.5926 41.5926 1e+100
3 1250.82 1250.82 1e+100
5 155.494 155.494 1e+100
2 320.113 640.226 1e+100
8 178.611 178.611 1e+100
11 667.08 2668.32 1e+100
4 158.727 317.454 1e+100
6 731.263 731.263 1e+100
0 713.541 713.541 1e+100
1 78.6247 78.6247 1e+100
34
8 1613.29 1613.29 1e+100
10 267.355 534.71 1e+100
7 282.488 564.976 1e+100
11 750.162 1500.32 1e+100
6 630.235 630.235 1e+100
4 273.479 546.958 1e+100
1 1075.33 1075.33 1e+100
2 135.548 135.548 1e+100
9 525.122 525.122 1e+100
5 364.512 729.023 1e+100
10 334.03 334.03 1e+100
7 986.194 986.194 1e+100
0 571.952 571.952 1e+100
4 696.121 1392.24 1e+100
3 539.823 539.823 1e+100
11 2465.72 9862.87 1e+100
11 1033.25 2066.49 1e+100
8 415.175 1660.7 1e+100
5 831.005 3324.02 1e+100
1 215.669 431.338 1e+100
7 1796.59 3593.18 1e+100
6 1010.23 1010.23 1e+100
4 2255.32 4510.64 1e+100
10 479.609 959.217 1e+100
2 4645.89 9291.77 1e+100
1 1705.03 3410.06 1e+100
9 114.695 114.695 1e+100
3 1545.1 1545.1 1e+100
0 453.654 453.654 1e+100
5 1570.16 3140.31 1e+100
8 1286.84 1286.84 1e+100
10 931.239 931.239 1e+100
6 585.846 585.846 1e+100
11 1399.79 5599.15 1e+100
34
8 1613.29 1613.29 1e+100
10 267.355 534.71 1e+100
7 282.488 564.976 1e+100
11 750.162 1500.32 1e+100
6 630.235 630.235 1e+100
4 273.479 546.958 1e+100
1 1075.33 1075.33 1e+100
2 135.548 135.548 1e+100
9 525.122 525.122 1e+100
5 364.512 729.023 1e+100
3 1223.61 1223.61 1e+100
7 646.992 646.992 1e+100
0 571.952 571.952 1e+100
4 696.121 1392.24 1e+100
10 546.07 546.07 1e+100
2 55.3025 221.21 1e+100
8 1730.39 3460.78 1e+100
1 1047.83 2095.66 1e+100
11 782.532 782.532 1e+100
6 701.234 701.234 1e+100
9 255.64 255.64 1e+100
5 705.306 2821.23 1e+100
7 2329.89 2329.89 1e+100
0 802.653 802.653 1e+100
10 1940.96 3881.91 1e+100
2 1014.34 4057.37 1e+100
3 1737.09 1737.09 1e+100
1 2047.43 2047.43 1e+100
4 1222.76 1222.76 1e+100
11 1056.42 2112.85 1e+100
5 1056.7 1056.7 1e+100
6 482.776 482.776 1e+100
9 1037.42 1037.42 1e+100
8 957.104 3828.42 1e+100
31
8 1613.29 1613.29 1e+100
10 267.355 534.71 1e+100
7 282.488 564.976 1e+100
11 750.162 1500.32 1e+100
6 630.235 630.235 1e+100
4 273.479 546.958 1e+100
1 1075.33 1075.33 1e+100
2 135.548 135.548 1e+100
10 1306.41 2612.81 1e+100
5 440.456 880.913 1e+100
3 170.988 170.988 1e+100
0 146.092 146.092 1e+100
9 1038.29 1038.29 1e+100
2 293.55 293.55 1e+100
8 413.645 1654.58 1e+100
5 636.124 2544.5 1e+100
7 174.303 348.607 1e+100
4 393.68 787.36 1e+100
11 567.33 567.33 1e+100
1 517.382 1034.76 1e+100
10 1573.78 3147.57 1e+100
2 573.878 1147.76 1e+100
8 1617.77 3235.53 1e+100
3 114.695 114.695 1e+100
11 1529.73 1529.73 1e+100
2 2064.49 2064.49 1e+100
4 1081.62 2163.23 1e+100
9 1297.57 1297.57 1e+100
7 133.55 133.55 1e+100
6 98.1922 98.1922 1e+100
5 732.079 2928.32 1e+100
35
8 1613.29 1613.29 1e+100
10 267.355 534.71 1e+100
7 282.488 564.976 1e+100
11 750.162 1500.32 1e+100
6 630.235 630.235 1e+100
4 273.479 546.958 1e+100
1 1075.33 1075.33 1e+100
2 135.548 135.548 1e+100
10 653.478 1306.96 1e+100
7 1545.54 1545.54 1e+100
5 519.48 2077.92 1e+100
0 1178.95 1178.95 1e+100
9 309.414 309.414 1e+100
2 559.506 559.506 1e+100
3 159.238 159.238 1e+100
10 981.507 981.507 1e+100
11 445.984 1783.94 1e+100
8 587.835 2351.34 1e+100
9 962.275 962.275 1e+100
6 715.266 715.266 1e+100
5 1132.75 4530.99 1e+100
3 892.555 892.555 1e+100
2 763.782 1527.56 1e+100
1 596.379 596.379 1e+100
11 713.845 2855.38 1e+100
8 1997.84 7991.37 1e+100
6 2215.25 2215.25 1e+100
4 517.803 517.803 1e+100
0 1548.26 1548.26 1e+100
7 499.62 999.239 1e+100
11 2307.94 9231.76 1e+100
10 1522.04 1522.04 1e+100
2 887.229 3548.92 1e+100
9 1022.72 1022.72 1e+100
5 2912.84 5825.68 1e+100
32
8 1957.81 1957.81 1e+100
2 147.601 147.601 1e+100
11 896.586 896.586 1e+100
10 304.488 304.488 1e+100
1 412.849 825.698 1e+100
9 1271.47 1271.47 1e+100
4 558.835 1117.67 1e+100
7 829.663 1659.33 1e+100
0 114.359 114.359 1e+100
10 164.579 164.579 1e+100
2 72.6301 290.52 1e+100
3 530.523 530.523 1e+100
1 471.718 471.718 1e+100
11 247.258 247.258 1e+100
4 810.877 810.877 1e+100
6 888.924 888.924 1e+100
9 41.5926 41.5926 1e+100
0 304.783 304.783 1e+100
8 120.218 120.218 1e+100
7 139.865 279.73 1e+100
5 506.823 1013.65 1e+100
3 452.33 452.33 1e+100
10 615.037 615.037 1e+100
2 767.804 767.804 1e+100
8 163.183 326.365 1e+100
11 459.167 918.333 1e+100
9 1736.95 1736.95 1e+100
7 397.374 397.374 1e+100
4 260.737 521.473 1e+100
1 853.603 1707.21 1e+100
5 720.824 720.824 1e+100
8 806.473 1612.95 1e+100
35
6 241.292 241.292 1e+100
2 160.277 320.555 1e+100
1 238.384 476.769 1e+100
7 858.32 858.32 1e+100
3 497.418 497.418 1e+100
10 290.821 581.642 1e+100
5 1154.09 4616.37 1e+100
8 903.794 3615.18 1e+100
11 1374.5 2749 1e+100
0 124.26 124.26 1e+100
2 835.329 3341.32 1e+100
4 617.017 617.017 1e+100
9 1308.32 1308.32 1e+100
1 862.56 1725.12 1e+100
3 378.106 378.106 1e+100
5 1146.76 4587.03 1e+100
7 146.01 146.01 1e+100
10 564.589 564.589 1e+100
0 180.242 180.242 1e+100
4 575.978 575.978 1e+100
6 499.688 499.688 1e+100
2 210.951 843.804 1e+100
11 273.294 1093.18 1e+100
9 439.974 439.974 1e+100
7 1338.51 1338.51 1e+100
8 887.015 3548.06 1e+100
0 277.483 277.483 1e+100
1 133.988 267.975 1e+100
3 79.5368 79.5368 1e+100
11 1609.77 1609.77 1e+100
2 630.748 2522.99 1e+100
10 163.775 327.55 1e+100
6 65.5734 65.5734 1e+100
5 260.791 260.791 1e+100
9 424.991 424.991 1e+100
37
6 241.292 241.292 1e+100
2 160.277 320.555 1e+100
1 238.384 476.769 1e+100
7 858.32 858.32 1e+100
3 497.418 497.418 1e+100
10 290.821 581.642 1e+100
5 1154.09 4616.37 1e+100
8 903.794 3615.18 1e+100
11 1374.5 2749 1e+100
0 124.26 124.26 1e+100
2 835.329 3341.32 1e+100
4 617.017 617.017 1e+100
9 1308.32 1308.32 1e+100
3 728.489 728.489 1e+100
10 87.4334 87.4334 1e+100
8 821.76 3287.04 1e+100
0 146.78 146.78 1e+100
4 234.16 234.16 1e+100
2 210.951 843.804 1e+100
11 273.294 1093.18 1e+100
5 233.224 233.224 1e+100
9 169.141 169.141 1e+100
8 1212.22 4848.9 1e+100
0 324.028 324.028 1e+100
1 192.193 384.386 1e+100
10 79.5368 79.5368 1e+100
7 502.265 1004.53 1e+100
3 1316.56 1316.56 1e+100
2 16.6654 33.3309 1e+100
6 625.54 625.54 1e+100
4 560.046 1120.09 1e+100
9 1127.91 1127.91 1e+100
5 1320.29 5281.18 1e+100
1 823.482 1646.96 1e+100
11 911.258 911.258 1e+100
7 1384.39 2768.77 1e+100
10 845.081 845.081 1e+100
37
8 634.852 634.852 1e+100
2 163.906 327.812 1e+100
1 136.788 273.577 1e+100
11 1305.52 5222.08 1e+100
0 793.929 793.929 1e+100
5 1104.56 4418.22 1e+100
6 455.495 455.495 1e+100
10 902.9 1805.8 1e+100
4 1871.88 1871.88 1e+100
7 373.297 746.594 1e+100
2 1022.6 2045.21 1e+100
9 1518.7 1518.7 1e+100
8 1741.4 3482.79 1e+100
3 479.232 479.232 1e+100
1 24.4135 24.4135 1e+100
11 1465.82 5863.3 1e+100
0 1193.18 1193.18 1e+100
5 401.845 1607.38 1e+100
7 677.874 677.874 1e+100
3 313.48 313.48 1e+100
2 154.098 308.197 1e+100
6 808.576 808.576 1e+100
10 569.32 1138.64 1e+100
4 253.219 506.438 1e+100
8 593.073 1186.15 1e+100
1 582.325 582.325 1e+100
5 494.206 988.412 1e+100
9 148.599 148.599 1e+100
4 2923.11 5846.22 1e+100
3 962.663 962.663 1e+100
1 2216.3 4432.59 1e+100
0 971.339 971.339 1e+100
5 1863.45 7453.81 1e+100
1 3204.62 6409.25 1e+100
11 1342.99 1342.99 1e+100
10 319.632 639.265 1e+100
6 487.817 487.817 1e+100
33
6 241.292 241.292 1e+100
2 160.277 320.555 1e+100
1 238.384 476.769 1e+100
7 858.32 858.32 1e+100
3 497.418 497.418 1e+100
10 290.821 581.642 1e+100
5 1154.09 4616.37 1e+100
8 903.794 3615.18 1e+100
11 1374.5 2749 1e+100
0 124.26 124.26 1e+100
2 835.329 3341.32 1e+100
4 617.017 617.017 1e+100
9 1308.32 1308.32 1e+100
1 5988.54 5988.54 1e+100
10 87.4334 87.4334 1e+100
8 821.76 3287.04 1e+100
1 391.447 391.447 1e+100
5 419.917 1679.67 1e+100
7 499.672 499.672 1e+100
0 215.9 215.9 1e+100
4 320.973 641.947 1e+100
6 829.745 829.745 1e+100
2 160.266 320.533 1e+100
11 191.355 382.711 1e+100
10 649.039 1298.08 1e+100
9 201.766 201.766 1e+100
5 1596.61 1596.61 1e+100
8 2507.55 2507.55 1e+100
1 482.78 965.561 1e+100
0 439.267 439.267 1e+100
11 190.457 190.457 1e+100
6 438.929 438.929 1e+100
2 848.028 3392.11 1e+100
42
6 241.292 241.292 1e+100
2 160.277 320.555 1e+100
1 238.384 476.769 1e+100
7 858.32 858.32 1e+100
3 497.418 497.418 1e+100
10 290.821 581.642 1e+100
5 1154.09 4616.37 1e+100
8 903.794 3615.18 1e+100
11 1374.5 2749 1e+100
0 124.26 124.26 1e+100
2 835.329 3341.32 1e+100
4 617.017 617.017 1e+100
9 1308.32 1308.32 1e+100
1 862.56 1725.12 1e+100
3 378.106 378.106 1e+100
5 1146.76 4587.03 1e+100
7 108.056 108.056 1e+100
10 591.356 591.356 1e+100
0 265.485 265.485 1e+100
4 988.099 988.099 1e+100
11 852.765 3411.06 1e+100
2 205.23 820.918 1e+100
7 849.465 1698.93 1e+100
8 573.739 1147.48 1e+100
3 911.646 911.646 1e+100
11 2783.63 5567.26 1e+100
1 1208.13 2416.27 1e+100
10 439.932 879.863 1e+100
2 1359.58 2719.15 1e+100
9 114.695 114.695 1e+100
5 834.325 1668.65 1e+100
0 797.225 797.225 1e+100
6 241.28 241.28 1e+100
4 101.185 101.185 1e+100
8 571.392 1142.78 1e+100
7 1264.38 2528.76 1e+100
3 1616.6 1616.6 1e+100
9 1099.66 1099.66 1e+100
10 756.817 1513.63 1e+100
1 2182.99 4365.98 1e+100
6 934.416 934.416 1e+100
8 1214.68 2429.36 1e+100
43
8 634.852 634.852 1e+100
2 163.906 327.812 1e+100
1 136.788 273.577 1e+100
11 1305.52 5222.08 1e+100
0 793.929 793.929 1e+100
5 1104.56 4418.22 1e+100
6 455.495 455.495 1e+100
10 902.9 1805.8 1e+100
4 1871.88 1871.88 1e+100
7 373.297 746.594 1e+100
1 1637.54 3275.08 1e+100
9 1518.7 1518.7 1e+100
7 2746.06 5492.12 1e+100
8 2796.18 5592.36 1e+100
2 485.565 485.565 1e+100
3 203.955 203.955 1e+100
6 3785.95 3785.95 1e+100
2 2644.11 5288.22 1e+100
11 1736.9 6947.61 1e+100
10 1249.31 2498.63 1e+100
3 1082.81 1082.81 1e+100
5 792.576 3170.31 1e+100
8 3175.67 12702.7 1e+100
5 2788.92 11155.7 1e+100
4 297.994 595.987 1e+100
1 678.047 1356.09 1e+100
3 2711 2711 1e+100
7 2402.85 4805.7 1e+100
4 1299.12 2598.23 1e+100
11 1563.46 3126.93 1e+100
1 2569.49 5138.97 1e+100
9 608.082 608.082 1e+100
10 1284.13 2568.25 1e+100
0 1192.05 1192.05 1e+100
2 1085.89 2171.77 1e+100
6 2308.09 2308.09 1e+100
10 2532.08 5064.16 1e+100
9 3029.72 3029.72 1e+100
11 2423.54 9694.16 1e+100
8 3059.21 6118.42 1e+100
0 2179.49 2179.49 1e+100
2 2691.71 5383.42 1e+100
4 1392.74 1392.74 1e+100
38
8 634.852 634.852 1e+100
2 163.906 327.812 1e+100
1 136.788 273.577 1e+100
11 1305.52 5222.08 1e+100
0 793.929 793.929 1e+100
5 1104.56 4418.22 1e+100
6 455.495 455.495 1e+100
10 902.9 1805.8 1e+100
4 1871.88 1871.88 1e+100
7 373.297 746.594 1e+100
1 1637.54 3275.08 1e+100
9 1518.7 1518.7 1e+100
8 1741.4 3482.79 1e+100
2 435.988 871.976 1e+100
3 664.839 664.839 1e+100
11 2700.89 2700.89 1e+100
9 3568.54 3568.54 1e+100
2 898.047 1796.09 1e+100
5 1376.86 5507.45 1e+100
7 2158.21 4316.43 1e+100
0 1649.87 1649.87 1e+100
8 1834.32 7337.27 1e+100
10 272.586 545.172 1e+100
6 1278 1278 1e+100
4 1837.18 1837.18 1e+100
1 1269.64 1269.64 1e+100
5 2091.87 8367.48 1e+100
0 2744.44 2744.44 1e+100
3 664.946 664.946 1e+100
11 1935.21 3870.43 1e+100
2 588.342 2353.37 1e+100
10 1732.58 1732.58 1e+100
6 1586.94 1586.94 1e+100
8 1668.53 6674.11 1e+100
2 1249.54 2499.07 1e+100
3 438.064 438.064 1e+100
9 1232.89 1232.89 1e+100
1 998.063 998.063 1e+100
39
8 634.852 634.852 1e+100
2 163.906 327.812 1e+100
1 136.788 273.577 1e+100
11 1305.52 5222.08 1e+100
0 793.929 793.929 1e+100
5 1104.56 4418.22 1e+100
6 455.495 455.495 1e+100
10 902.9 1805.8 1e+100
4 1871.88 1871.88 1e+100
7 373.297 746.594 1e+100
2 1022.6 2045.21 1e+100
9 1518.7 1518.7 1e+100
8 1741.4 3482.79 1e+100
1 1267.19 2534.37 1e+100
11 2790.04 5580.08 1e+100
3 170.988 170.988 1e+100
6 3001.22 3001.22 1e+100
7 1537.35 1537.35 1e+100
5 1200.19 1200.19 1e+100
2 720.585 2882.34 1e+100
0 776.43 776.43 1e+100
3 696.048 696.048 1e+100
10 362.723 725.445 1e+100
9 1357.88 1357.88 1e+100
4 2345.15 4690.29 1e+100
8 857.084 1714.17 1e+100
5 3216.03 6432.05 1e+100
0 1397.34 1397.34 1e+100
11 1176.6 4706.4 1e+100
2 1535.45 6141.81 1e+100
1 1175.53 1175.53 1e+100
7 1924.14 1924.14 1e+100
3 1225.61 1225.61 1e+100
10 1102.39 2204.78 1e+100
8 2653.33 10613.3 1e+100
9 1387.59 1387.59 1e+100
11 1831.29 7325.17 1e+100
6 1838.04 1838.04 1e+100
4 1443.2 2886.41 1e+100
38
8 634.852 634.852 1e+100
2 163.906 327.812 1e+100
1 136.788 273.577 1e+100
11 1305.52 5222.08 1e+100
0 793.929 793.929 1e+100
5 1104.56 4418.22 1e+100
6 455.495 455.495 1e+100
10 902.9 1805.8 1e+100
4 1871.88 1871.88 1e+100
7 373.297 746.594 1e+100
2 1022.6 2045.21 1e+100
9 1518.7 1518.7 1e+100
8 1741.4 3482.79 1e+100
1 2006.83 4013.66 1e+100
6 3654.04 3654.04 1e+100
3 203.955 203.955 1e+100
7 3034.18 3034.18 1e+100
5 1732.56 3465.12 1e+100
2 2209.51 8838.03 1e+100
10 1249.31 2498.63 1e+100
11 1378.17 1378.17 1e+100
8 1834.32 7337.27 1e+100
11 2868.48 11473.9 1e+100
0 776.43 776.43 1e+100
3 88.0037 88.0037 1e+100
10 2198.26 4396.52 1e+100
4 899.615 899.615 1e+100
1 759.559 1519.12 1e+100
8 2399.72 4799.44 1e+100
2 3061.52 6123.03 1e+100
9 201.384 201.384 1e+100
9 2853.24 2853.24 1e+100
3 841.626 841.626 1e+100
5 646.102 1292.2 1e+100
6 2116.74 2116.74 1e+100
0 976.004 976.004 1e+100
4 508.799 508.799 1e+100
11 1686.96 6747.83 1e+100
39
8 634.852 634.852 1e+100
2 163.906 327.812 1e+100
1 136.788 273.577 1e+100
11 1305.52 5222.08 1e+100
0 793.929 793.929 1e+100
5 1104.56 4418.22 1e+100
6 455.495 455.495 1e+100
10 902.9 1805.8 1e+100
4 1871.88 1871.88 1e+100
7 373.297 746.594 1e+100
2 1022.6 2045.21 1e+100
9 1518.7 1518.7 1e+100
8 1741.4 3482.79 1e+100
1 1267.19 2534.37 1e+100
7 3329 6658 1e+100
3 170.988 170.988 1e+100
5 1108.85 1108.85 1e+100
6 2289.14 2289.14 1e+100
10 1519.1 1519.1 1e+100
0 492.297 492.297 1e+100
11 1020.47 4081.88 1e+100
2 181.37 725.479 1e+100
3 433.109 433.109 1e+100
4 2086.1 2086.1 1e+100
8 429.738 1718.95 1e+100
1 729.037 729.037 1e+100
2 2215.72 4431.44 1e+100
9 738.014 738.014 1e+100
11 1288.33 5153.32 1e+100
5 1270.09 5080.35 1e+100
0 1244.74 1244.74 1e+100
3 1273.31 1273.31 1e+100
7 1437.4 1437.4 1e+100
10 1947.94 3895.87 1e+100
8 2738.67 10954.7 1e+100
6 1612.28 1612.28 1e+100
11 1943.03 7772.1 1e+100
1 1102.36 1102.36 1e+100
4 1524.8 3049.59 1e+100
42
6 241.292 241.292 1e+100
2 160.277 320.555 1e+100
1 238.384 476.769 1e+100
7 858.32 858.32 1e+100
3 497.418 497.418 1e+100
10 290.821 581.642 1e+100
5 1154.09 4616.37 1e+100
8 903.794 3615.18 1e+100
11 1374.5 2749 1e+100
0 124.26 124.26 1e+100
2 835.329 3341.32 1e+100
4 617.017 617.017 1e+100
9 1308.32 1308.32 1e+100
3 1297.52 1297.52 1e+100
1 1306.71 2613.43 1e+100
7 454.988 454.988 1e+100
6 691.989 691.989 1e+100
0 656.199 656.199 1e+100
10 520.597 1041.19 1e+100
8 2010.97 2010.97 1e+100
5 641.514 2566.06 1e+100
4 658.502 1317 1e+100
2 569.201 569.201 1e+100
11 545.501 545.501 1e+100
9 320.451 320.451 1e+100
6 976.206 976.206 1e+100
7 1169.74 1169.74 1e+100
3 433.768 433.768 1e+100
0 636.291 636.291 1e+100
1 492.025 984.049 1e+100
4 149.522 299.043 1e+100
5 526.899 526.899 1e+100
9 1186.47 1186.47 1e+100
6 2946.4 2946.4 1e+100
1 775.686 1551.37 1e+100
10 709.741 1419.48 1e+100
11 1296.1 1296.1 1e+100
3 696.159 696.159 1e+100
5 1294.89 2589.79 1e+100
7 1620.63 3241.25 1e+100
2 283.549 283.549 1e+100
8 510.579 1021.16 1e+100
39
6 241.292 241.292 1e+100
2 160.277 320.555 1e+100
1 238.384 476.769 1e+100
7 858.32 858.32 1e+100
3 497.418 497.418 1e+100
10 290.821 581.642 1e+100
5 1154.09 4616.37 1e+100
8 903.794 3615.18 1e+100
11 1374.5 2749 1e+100
0 124.26 124.26 1e+100
2 835.329 3341.32 1e+100
4 617.017 617.017 1e+100
9 1308.32 1308.32 1e+100
1 710.33 1420.66 1e+100
3 378.106 378.106 1e+100
5 1146.76 4587.03 1e+100
7 358.421 358.421 1e+100
10 564.589 564.589 1e+100
4 290.274 290.274 1e+100
0 434.529 434.529 1e+100
6 558.524 558.524 1e+100
8 341.125 341.125 1e+100
2 588.002 588.002 1e+100
9 1661.17 1661.17 1e+100
11 327.75 327.75 1e+100
1 89.8354 89.8354 1e+100
4 231.832 231.832 1e+100
10 350.907 701.814 1e+100
5 66.3338 132.668 1e+100
3 792.851 792.851 1e+100
7 603.889 1207.78 1e+100
10 2034.51 2034.51 1e+100
8 1715.43 3430.86 1e+100
0 154.864 154.864 1e+100
2 998.845 3995.38 1e+100
1 376.104 752.207 1e+100
5 850.516 850.516 1e+100
4 740.818 1481.64 1e+100
11 567.351 567.351 1e+100
28
8 1613.29 1613.29 1e+100
10 267.355 534.71 1e+100
7 282.488 564.976 1e+100
11 750.162 1500.32 1e+100
6 630.235 630.235 1e+100
4 273.479 546.958 1e+100
1 1075.33 1075.33 1e+100
2 135.548 135.548 1e+100
5 674.956 674.956 1e+100
0 577.121 577.121 1e+100
8 578.634 2314.54 1e+100
3 3120.44 3120.44 1e+100
7 3292.4 6584.8 1e+100
1 461.149 461.149 1e+100
6 467.567 467.567 1e+100
2 441.991 441.991 1e+100
11 154.032 616.13 1e+100
3 174.109 174.109 1e+100
7 422.183 422.183 1e+100
4 1738.27 3476.53 1e+100
5 810.379 3241.52 1e+100
1 1356.47 1356.47 1e+100
8 73.5063 73.5063 1e+100
11 783.314 3133.26 1e+100
4 1632.84 3265.68 1e+100
10 575.504 575.504 1e+100
9 512.351 512.351 1e+100
6 426.372 426.372 1e+100
32
8 1957.81 1957.81 1e+100
2 147.601 147.601 1e+100
11 896.586 896.586 1e+100
10 304.488 304.488 1e+100
1 412.849 825.698 1e+100
9 1271.47 1271.47 1e+100
4 558.835 1117.67 1e+100
7 829.663 1659.33 1e+100
0 114.359 114.359 1e+100
10 164.579 164.579 1e+100
2 72.6301 290.52 1e+100
3 530.523 530.523 1e+100
1 471.718 471.718 1e+100
11 247.258 247.258 1e+100
4 810.877 810.877 1e+100
6 888.924 888.924 1e+100
9 41.5926 41.5926 1e+100
0 304.783 304.783 1e+100
8 120.218 120.218 1e+100
7 139.865 279.73 1e+100
5 506.823 1013.65 1e+100
3 452.33 452.33 1e+100
10 615.037 615.037 1e+100
2 767.804 767.804 1e+100
8 163.183 326.365 1e+100
11 459.167 918.333 1e+100
9 1736.95 1736.95 1e+100
7 397.374 397.374 1e+100
4 260.737 521.473 1e+100
1 853.603 1707.21 1e+100
5 720.824 720.824 1e+100
8 806.473 1612.95 1e+100
38
8 634.852 634.852 1e+100
2 163.906 327.812 1e+100
1 136.788 273.577 1e+100
11 1305.52 5222.08 1e+100
0 793.929 793.929 1e+100
5 1104.56 4418.22 1e+100
6 455.495 455.495 1e+100
10 902.9 1805.8 1e+100
4 1871.88 1871.88 1e+100
7 373.297 746.594 1e+100
1 1637.54 3275.08 1e+100
9 1518.7 1518.7 1e+100
10 2448.17 4896.34 1e+100
3 183.29 183.29 1e+100
2 88.1516 176.303 1e+100
6 2193.96 2193.96 1e+100
7 997.768 997.768 1e+100
5 1218.56 1218.56 1e+100
4 3357.44 6714.88 1e+100
3 784.814 784.814 1e+100
5 2967.75 11871 1e+100
1 2702.84 5405.69 1e+100
8 354.579 354.579 1e+100
2 849.593 3398.37 1e+100
11 1144.45 4577.82 1e+100
9 1511.25 1511.25 1e+100
0 1345.9 1345.9 1e+100
8 1910.49 7641.94 1e+100
0 3108.17 3108.17 1e+100
7 1182.52 2365.03 1e+100
6 1695.63 1695.63 1e+100
9 3643.79 3643.79 1e+100
3 1368.06 1368.06 1e+100
10 882.18 1764.36 1e+100
2 990.922 990.922 1e+100
1 3116.62 3116.62 1e+100
7 2881.24 2881.24 1e+100
11 814.241 3256.96 1e+100
41
8 634.852 634.852 1e+100
2 163.906 327.812 1e+100
1 136.788 273.577 1e+100
11 1305.52 5222.08 1e+100
0 793.929 793.929 1e+100
5 1104.56 4418.22 1e+100
6 455.495 455.495 1e+100
10 902.9 1805.8 1e+100
4 1871.88 1871.88 1e+100
7 373.297 746.594 1e+100
2 1022.6 2045.21 1e+100
9 1518.7 1518.7 1e+100
8 1741.4 3482.79 1e+100
1 1267.19 2534.37 1e+100
10 2652.14 5304.28 1e+100
3 170.988 170.988 1e+100
5 1108.85 1108.85 1e+100
0 1256.16 1256.16 1e+100
7 2099.88 2099.88 1e+100
2 977.285 3909.14 1e+100
11 250.352 1001.41 1e+100
4 297.994 595.987 1e+100
1 1177.34 2354.68 1e+100
6 578.621 578.621 1e+100
4 1762.13 3524.27 1e+100
8 429.982 859.964 1e+100
5 1199.69 2399.37 1e+100
11 1404.7 2809.4 1e+100
3 114.695 114.695 1e+100
10 854.285 1708.57 1e+100
0 1757.74 1757.74 1e+100
9 1447.88 1447.88 1e+100
6 2518.37 2518.37 1e+100
1 1174.99 2349.99 1e+100
2 1125.7 2251.39 1e+100
3 3337.67 3337.67 1e+100
11 2844.3 2844.3 1e+100
10 1315.49 2630.98 1e+100
8 1404.84 2809.67 1e+100
5 1269.37 1269.37 1e+100
7 602.855 1205.71 1e+100
32
8 1957.81 1957.81 1e+100
2 147.601 147.601 1e+100
11 896.586 896.586 1e+100
10 304.488 304.488 1e+100
1 412.849 825.698 1e+100
9 1271.47 1271.47 1e+100
4 558.835 1117.67 1e+100
7 829.663 1659.33 1e+100
0 114.359 114.359 1e+100
10 164.579 164.579 1e+100
5 1672.43 6689.72 1e+100
3 530.523 530.523 1e+100
0 93.2178 93.2178 1e+100
2 360.194 1440.78 1e+100
11 833.546 3334.18 1e+100
1 236.209 236.209 1e+100
4 217.667 217.667 1e+100
8 488.911 1955.64 1e+100
9 334.349 334.349 1e+100
7 192.193 384.386 1e+100
10 79.5368 79.5368 1e+100
2 628.056 2512.22 1e+100
5 1854.97 7419.87 1e+100
5 3959.77 3959.77 1e+100
2 5784.45 5784.45 1e+100
4 1300.69 1300.69 1e+100
1 724.923 1449.85 1e+100
8 2797.85 11191.4 1e+100
6 453.065 453.065 1e+100
2 1282.75 5131 1e+100
11 221.184 221.184 1e+100
7 1081.01 2162.01 1e+100
39
8 634.852 634.852 1e+100
2 163.906 327.812 1e+100
1 136.788 273.577 1e+100
11 1305.52 5222.08 1e+100
0 793.929 793.929 1e+100
5 1104.56 4418.22 1e+100
6 455.495 455.495 1e+100
10 902.9 1805.8 1e+100
4 1871.88 1871.88 1e+100
7 373.297 746.594 1e+100
2 1022.6 2045.21 1e+100
9 1518.7 1518.7 1e+100
8 1741.4 3482.79 1e+100
1 1042.23 2084.47 1e+100
3 1053.7 1053.7 1e+100
5 1531.93 6127.72 1e+100
6 1860.33 1860.33 1e+100
10 1993.32 1993.32 1e+100
7 1620.18 1620.18 1e+100
11 1525.54 1525.54 1e+100
2 1568.66 1568.66 1e+100
0 868.041 868.041 1e+100
9 2164.07 2164.07 1e+100
4 688.489 688.489 1e+100
3 1493.83 1493.83 1e+100
6 2233.36 2233.36 1e+100
1 105.965 105.965 1e+100
5 1044.85 2089.7 1e+100
8 454.107 908.214 1e+100
0 1919.56 1919.56 1e+100
10 783.672 1567.34 1e+100
5 2728.45 2728.45 1e+100
7 1014.26 2028.53 1e+100
9 2985.1 2985.1 1e+100
11 1088.78 4355.1 1e+100
1 261.767 523.535 1e+100
2 542.367 542.367 1e+100
8 1336.23 2672.45 1e+100
4 369.546 369.546 1e+100
34
8 1613.29 1613.29 1e+100
10 267.355 534.71 1e+100
7 282.488 564.976 1e+100
11 750.162 1500.32 1e+100
6 630.235 630.235 1e+100
4 273.479 546.958 1e+100
1 1075.33 1075.33 1e+100
2 135.548 135.548 1e+100
5 674.956 674.956 1e+100
0 577.121 577.121 1e+100
8 578.634 2314.54 1e+100
1 1511.98 1511.98 1e+100
10 210.098 420.196 1e+100
7 241.907 241.907 1e+100
6 692.344 692.344 1e+100
2 404.529 404.529 1e+100
11 154.032 616.13 1e+100
3 174.109 174.109 1e+100
5 427.721 427.721 1e+100
4 1738.27 3476.53 1e+100
11 1393.18 5572.72 1e+100
9 1023.32 1023.32 1e+100
8 2357.18 4714.35 1e+100
0 1126.99 1126.99 1e+100
6 1580.55 1580.55 1e+100
3 632.925 632.925 1e+100
7 20.7687 41.5374 1e+100
10 494.815 989.629 1e+100
2 2312.08 2312.08 1e+100
1 140.681 140.681 1e+100
5 118.265 236.529 1e+100
7 1767.59 3535.18 1e+100
4 1031.51 1031.51 1e+100
11 1209.99 2419.98 1e+100
43
8 634.852 634.852 1e+100
2 163.906 327.812 1e+100
1 136.788 273.577 1e+100
11 1305.52 5222.08 1e+100
0 793.929 793.929 1e+100
5 1104.56 4418.22 1e+100
6 455.495 455.495 1e+100
10 902.9 1805.8 1e+100
4 1871.88 1871.88 1e+100
7 373.297 746.594 1e+100
10 2723.86 5447.73 1e+100
9 1518.7 1518.7 1e+100
1 1361.84 2723.68 1e+100
3 183.29 183.29 1e+100
2 88.1516 176.303 1e+100
6 2193.96 2193.96 1e+100
7 997.768 997.768 1e+100
5 1218.56 1218.56 1e+100
11 1258.04 2516.09 1e+100
3 784.814 784.814 1e+100
2 1267.24 5068.95 1e+100
8 1283.85 2567.7 1e+100
1 1809.61 3619.23 1e+100
0 203.931 203.931 1e+100
4 1837.18 1837.18 1e+100
3 2120.5 2120.5 1e+100
8 1772.6 7090.39 1e+100
7 2680.67 2680.67 1e+100
6 3738.11 3738.11 1e+100
10 2415.17 4830.34 1e+100
8 3011.74 12047 1e+100
9 472.06 472.06 1e+100
2 1263.39 5053.57 1e+100
5 1852.45 7409.79 1e+100
11 2962.62 2962.62 1e+100
3 2706.97 2706.97 1e+100
1 3397.32 3397.32 1e+100
4 1661.08 3322.17 1e+100
11 486.976 1947.9 1e+100
9 1769.73 1769.73 1e+100
2 1918.09 7672.35 1e+100
4 2458.02 2458.02 1e+100
10 1360.67 2721.35 1e+100
33
8 1957.81 1957.81 1e+100
2 147.601 147.601 1e+100
11 896.586 896.586 1e+100
10 304.488 304.488 1e+100
1 412.849 825.698 1e+100
9 1271.47 1271.47 1e+100
4 558.835 1117.67 1e+100
7 829.663 1659.33 1e+100
3 183.29 183.29 1e+100
5 364.512 729.023 1e+100
10 343.696 343.696 1e+100
6 1333.66 1333.66 1e+100
2 79.5739 79.5739 1e+100
1 1188.73 2377.46 1e+100
0 190.678 190.678 1e+100
11 1509.67 6038.67 1e+100
4 1120.89 2241.77 1e+100
8 799.103 3196.41 1e+100
5 831.005 3324.02 1e+100
7 136.75 273.5 1e+100
2 571.063 1142.13 1e+100
6 1701.59 1701.59 1e+100
7 1600.89 3201.78 1e+100
10 489.098 978.196 1e+100
4 769.338 1538.68 1e+100
1 1227.12 2454.24 1e+100
0 343.833 343.833 1e+100
9 299.236 299.236 1e+100
5 1252.24 5008.98 1e+100
11 878.155 1756.31 1e+100
2 507.95 507.95 1e+100
3 713.541 713.541 1e+100
8 1035.7 1035.7 1e+100
33
8 1957.81 1957.81 1e+100
2 147.601 147.601 1e+100
11 896.586 896.586 1e+100
10 304.488 304.488 1e+100
1 412.849 825.698 1e+100
9 1271.47 1271.47 1e+100
4 558.835 1117.67 1e+100
7 829.663 1659.33 1e+100
2 62.1444 62.1444 1e+100
10 185.402 185.402 1e+100
5 1672.43 6689.72 1e+100
0 511.291 511.291 1e+100
11 498.676 1994.7 1e+100
6 931.894 931.894 1e+100
2 78.7382 78.7382 1e+100
1 180.11 360.22 1e+100
7 131.987 131.987 1e+100
4 292.476 584.953 1e+100
8 191.355 382.711 1e+100
10 747.007 1494.01 1e+100
9 226.936 226.936 1e+100
2 807.45 1614.9 1e+100
11 455.123 455.123 1e+100
3 425.754 425.754 1e+100
0 223.091 223.091 1e+100
4 637.642 1275.28 1e+100
7 990.963 1981.93 1e+100
5 1099.8 1099.8 1e+100
6 927.89 927.89 1e+100
1 1306.55 2613.1 1e+100
8 760.818 1521.64 1e+100
9 1310.93 1310.93 1e+100
11 1329.67 2659.33 1e+100
41
8 1612.17 1612.17 1e+100
1 317.143 634.286 1e+100
2 129.403 517.611 1e+100
5 1080.63 4322.52 1e+100
6 1873.07 1873.07 1e+100
10 292.915 292.915 1e+100
11 661.694 1323.39 1e+100
0 710.982 710.982 1e+100
4 378.607 757.214 1e+100
3 604.902 604.902 1e+100
7 2444.75 4889.51 1e+100
1 204.893 204.893 1e+100
9 547.364 547.364 1e+100
2 492.959 492.959 1e+100
10 693.199 1386.4 1e+100
11 254.689 1018.76 1e+100
4 676.205 1352.41 1e+100
3 137.604 137.604 1e+100
8 117.004 468.014 1e+100
5 305.619 1222.48 1e+100
2 952.63 3810.52 1e+100
1 1113.01 2226.01 1e+100
11 682.797 1365.59 1e+100
0 669.111 669.111 1e+100
10 2612.81 5225.62 1e+100
8 262.041 524.081 1e+100
5 2338.62 4677.25 1e+100
4 1807.57 3615.14 1e+100
3 114.695 114.695 1e+100
7 149.522 299.043 1e+100
6 179.254 179.254 1e+100
9 1528.41 1528.41 1e+100
0 2608.86 2608.86 1e+100
11 680.449 1360.9 1e+100
8 1503.39 3006.78 1e+100
1 1439.9 1439.9 1e+100
3 1099.66 1099.66 1e+100
7 610.728 1221.46 1e+100
2 323.594 647.188 1e+100
6 1209.43 1209.43 1e+100
11 1323.74 2647.48 1e+100
29
8 1957.81 1957.81 1e+100
2 147.601 147.601 1e+100
11 896.586 896.586 1e+100
10 304.488 304.488 1e+100
1 412.849 825.698 1e+100
9 1271.47 1271.47 1e+100
4 558.835 1117.67 1e+100
7 829.663 1659.33 1e+100
4 1637.06 3274.13 1e+100
6 1750.88 1750.88 1e+100
2 59.7366 238.947 1e+100
9 3610.63 3610.63 1e+100
5 274.02 274.02 1e+100
0 694.812 694.812 1e+100
3 159.238 159.238 1e+100
11 1031.67 1031.67 1e+100
8 127.933 127.933 1e+100
1 720.508 720.508 1e+100
7 269.935 269.935 1e+100
9 41.5926 41.5926 1e+100
3 1250.82 1250.82 1e+100
5 155.494 155.494 1e+100
2 320.113 640.226 1e+100
8 178.611 178.611 1e+100
11 667.08 2668.32 1e+100
4 158.727 317.454 1e+100
6 731.263 731.263 1e+100
0 713.541 713.541 1e+100
1 78.6247 78.6247 1e+100
33
8 1612.17 1612.17 1e+100
1 317.143 634.286 1e+100
2 129.403 517.611 1e+100
5 1080.63 4322.52 1e+100
6 1873.07 1873.07 1e+100
10 292.915 292.915 1e+100
11 661.694 1323.39 1e+100
0 710.982 710.982 1e+100
4 378.607 757.214 1e+100
3 604.902 604.902 1e+100
2 361.602 723.204 1e+100
1 258.85 258.85 1e+100
11 313.446 1253.78 1e+100
0 420.863 420.863 1e+100
9 309.414 309.414 1e+100
3 68.0483 68.0483 1e+100
4 125.627 125.627 1e+100
2 1077.02 4308.07 1e+100
8 838.338 3353.35 1e+100
7 174.303 348.607 1e+100
10 249.324 498.649 1e+100
5 1502.72 1502.72 1e+100
11 1853.23 3706.46 1e+100
1 151.957 303.914 1e+100
4 395.078 790.155 1e+100
7 1663.66 3327.33 1e+100
3 36.1765 36.1765 1e+100
0 1538.36 1538.36 1e+100
8 1259.58 5038.31 1e+100
10 905.218 1810.44 1e+100
6 570.678 570.678 1e+100
9 260.791 260.791 1e+100
4 937.87 937.87 1e+100
34
8 1613.29 1613.29 1e+100
10 267.355 534.71 1e+100
7 282.488 564.976 1e+100
11 750.162 1500.32 1e+100
6 630.235 630.235 1e+100
4 273.479 546.958 1e+100
1 1075.33 1075.33 1e+100
2 135.548 135.548 1e+100
10 1306.41 2612.81 1e+100
5 440.456 880.913 1e+100
3 170.988 170.988 1e+100
0 146.092 146.092 1e+100
9 1038.29 1038.29 1e+100
2 409.903 409.903 1e+100
8 574.45 574.45 1e+100
6 341.125 341.125 1e+100
5 549.851 549.851 1e+100
1 138.571 138.571 1e+100
11 149.984 149.984 1e+100
4 189.627 189.627 1e+100
0 105.868 105.868 1e+100
7 199.664 399.327 1e+100
2 542.215 1084.43 1e+100
10 471.386 471.386 1e+100
3 875.817 875.817 1e+100
8 312.246 312.246 1e+100
5 712.209 1424.42 1e+100
1 962.434 1924.87 1e+100
6 502.241 502.241 1e+100
0 135.965 135.965 1e+100
4 508.13 1016.26 1e+100
11 607.122 1214.24 1e+100
9 704.256 704.256 1e+100
7 117.264 234.528 1e+100
37
8 1612.17 1612.17 1e+100
1 317.143 634.286 1e+100
2 129.403 517.611 1e+100
5 1080.63 4322.52 1e+100
6 1873.07 1873.07 1e+100
10 292.915 292.915 1e+100
11 661.694 1323.39 1e+100
0 710.982 710.982 1e+100
4 378.607 757.214 1e+100
3 604.902 604.902 1e+100
2 4840.69 9681.39 1e+100
2 793.913 1587.83 1e+100
4 692.928 692.928 1e+100
0 462.987 462.987 1e+100
10 104.96 104.96 1e+100
9 285.804 285.804 1e+100
5 50.6096 202.439 1e+100
8 470.41 470.41 1e+100
3 78.7382 78.7382 1e+100
11 269.592 539.184 1e+100
6 605.732 605.732 1e+100
2 160.266 320.533 1e+100
7 191.355 382.711 1e+100
10 618.336 1236.67 1e+100
4 466.775 466.775 1e+100
5 753.92 1507.84 1e+100
3 604.755 604.755 1e+100
9 56.2088 56.2088 1e+100
0 729.933 729.933 1e+100
1 398.393 796.787 1e+100
8 144.441 288.883 1e+100
7 896.042 896.042 1e+100
10 2350.3 2350.3 1e+100
11 1046.9 2093.8 1e+100
4 670.595 1341.19 1e+100
6 2199.23 2199.23 1e+100
1 1041.68 2083.37 1e+100
31
8 1613.29 1613.29 1e+100
10 267.355 534.71 1e+100
7 282.488 564.976 1e+100
11 750.162 1500.32 1e+100
6 630.235 630.235 1e+100
4 273.479 546.958 1e+100
1 1075.33 1075.33 1e+100
2 135.548 135.548 1e+100
5 500.302 1000.6 1e+100
10 884.427 884.427 1e+100
9 547.364 547.364 1e+100
3 215.186 215.186 1e+100
4 428.732 857.463 1e+100
2 658.242 2632.97 1e+100
7 1804.46 3608.93 1e+100
0 373.663 373.663 1e+100
8 82.2896 329.159 1e+100
11 536.068 536.068 1e+100
1 344.423 344.423 1e+100
5 207.626 207.626 1e+100
6 356.975 356.975 1e+100
3 604.283 604.283 1e+100
9 132.532 132.532 1e+100
0 115.773 115.773 1e+100
10 291.745 583.49 1e+100
1 393.436 393.436 1e+100
11 171.708 686.832 1e+100
4 163.775 327.55 1e+100
2 78.8961 78.8961 1e+100
5 346.947 346.947 1e+100
0 377.951 377.951 1e+100
37
8 634.852 634.852 1e+100
2 163.906 327.812 1e+100
1 136.788 273.577 1e+100
11 1305.52 5222.08 1e+100
0 793.929 793.929 1e+100
5 1104.56 4418.22 1e+100
6 455.495 455.495 1e+100
10 902.9 1805.8 1e+100
4 1871.88 1871.88 1e+100
7 373.297 746.594 1e+100
2 1022.6 2045.21 1e+100
9 1518.7 1518.7 1e+100
8 1741.4 3482.79 1e+100
3 479.232 479.232 1e+100
1 24.4135 24.4135 1e+100
8 2333.69 9334.77 1e+100
10 1039.61 1039.61 1e+100
11 156.832 156.832 1e+100
0 318.309 318.309 1e+100
3 720.054 720.054 1e+100
6 289.384 289.384 1e+100
7 195.522 195.522 1e+100
2 189.627 189.627 1e+100
1 1034.7 1034.7 1e+100
5 821.622 1643.24 1e+100
10 1161.42 2322.83 1e+100
9 561.26 561.26 1e+100
11 325.18 325.18 1e+100
0 1672.04 1672.04 1e+100
5 1105.28 2210.57 1e+100
4 1058.67 2117.34 1e+100
6 1026.57 1026.57 1e+100
3 119.362 119.362 1e+100
2 508.13 1016.26 1e+100
8 1582.59 3165.18 1e+100
11 1018.32 1018.32 1e+100
1 477.317 954.634 1e+100
35
6 241.292 241.292 1e+100
2 160.277 320.555 1e+100
1 238.384 476.769 1e+100
7 858.32 858.32 1e+100
3 497.418 497.418 1e+100
10 290.821 581.642 1e+100
5 1154.09 4616.37 1e+100
8 903.794 3615.18 1e+100
11 1374.5 2749 1e+100
0 124.26 124.26 1e+100
2 835.329 3341.32 1e+100
4 617.017 617.017 1e+100
9 1308.32 1308.32 1e+100
7 2005.05 4010.09 1e+100
10 1216.32 2432.65 1e+100
1 817.381 817.381 1e+100
0 538.601 538.601 1e+100
3 91.76 91.76 1e+100
4 700.144 700.144 1e+100
5 419.917 1679.67 1e+100
8 403.078 403.078 1e+100
2 43.7012 43.7012 1e+100
11 460.798 921.596 1e+100
6 848.547 848.547 1e+100
10 470.26 940.52 1e+100
5 2129.22 4258.44 1e+100
1 1639.34 3278.68 1e+100
9 201.766 201.766 1e+100
3 829.84 829.84 1e+100
4 581.906 581.906 1e+100
2 34.1641 68.3282 1e+100
0 632.509 632.509 1e+100
8 603.693 603.693 1e+100
7 1059.03 1059.03 1e+100
11 232.239 928.958 1e+100
35
8 1613.29 1613.29 1e+100
10 267.355 534.71 1e+100
7 282.488 564.976 1e+100
11 750.162 1500.32 1e+100
6 630.235 630.235 1e+100
4 273.479 546.958 1e+100
1 1075.33 1075.33 1e+100
2 135.548 135.548 1e+100
10 1306.41 2612.81 1e+100
5 440.456 880.913 1e+100
3 170.988 170.988 1e+100
0 146.092 146.092 1e+100
9 1038.29 1038.29 1e+100
2 98.8026 98.8026 1e+100
5 3924.32 15697.3 1e+100
5 636.124 2544.5 1e+100
7 174.303 348.607 1e+100
4 472.542 945.084 1e+100
6 342.419 342.419 1e+100
1 517.382 1034.76 1e+100
11 408.333 816.665 1e+100
2 424.406 848.811 1e+100
7 1663.66 3327.33 1e+100
3 114.695 114.695 1e+100
10 393.625 787.25 1e+100
0 447.805 447.805 1e+100
4 1516.03 3032.06 1e+100
9 2001.51 2001.51 1e+100
10 1641.58 3283.16 1e+100
8 656.768 656.768 1e+100
8 2763.61 11054.4 1e+100
11 2094.09 4188.17 1e+100
0 1435.25 1435.25 1e+100
2 798.605 1597.21 1e+100
6 437.96 437.96 1e+100
31
8 1613.29 1613.29 1e+100
10 267.355 534.71 1e+100
7 282.488 564.976 1e+100
11 750.162 1500.32 1e+100
6 630.235 630.235 1e+100
4 273.479 546.958 1e+100
1 1075.33 1075.33 1e+100
2 135.548 135.548 1e+100
3 479.232 479.232 1e+100
10 70.1286 70.1286 1e+100
5 1672.43 6689.72 1e+100
9 566.541 566.541 1e+100
4 347.57 347.57 1e+100
8 487.102 487.102 1e+100
0 494.121 494.121 1e+100
6 356.975 356.975 1e+100
7 149.984 149.984 1e+100
3 117.146 117.146 1e+100
1 102.519 102.519 1e+100
2 139.865 279.73 1e+100
10 495.678 991.355 1e+100
8 1538.62 1538.62 1e+100
11 327.223 654.445 1e+100
9 608.827 608.827 1e+100
4 757.648 1515.3 1e+100
0 1315.15 1315.15 1e+100
2 1376.68 5506.7 1e+100
1 258.321 516.643 1e+100
5 1525.95 1525.95 1e+100
10 1377.8 2755.6 1e+100
6 120.36 120.36 1e+100
31
8 1612.17 1612.17 1e+100
1 317.143 634.286 1e+100
2 129.403 517.611 1e+100
5 1080.63 4322.52 1e+100
6 1873.07 1873.07 1e+100
10 292.915 292.915 1e+100
11 661.694 1323.39 1e+100
0 710.982 710.982 1e+100
4 378.607 757.214 1e+100
3 604.902 604.902 1e+100
2 497.037 497.037 1e+100
11 85.6001 85.6001 1e+100
8 616.32 2465.28 1e+100
3 146.78 146.78 1e+100
5 305.619 1222.48 1e+100
2 635.281 2541.13 1e+100
7 174.303 348.607 1e+100
4 613.388 1226.78 1e+100
0 461.578 461.578 1e+100
10 148.102 296.204 1e+100
11 482.998 965.995 1e+100
1 546.2 1092.4 1e+100
4 2504.83 5009.66 1e+100
6 114.695 114.695 1e+100
8 301.141 301.141 1e+100
9 296.378 296.378 1e+100
5 1013.7 2027.41 1e+100
3 304.923 304.923 1e+100
7 133.55 133.55 1e+100
0 42.8077 42.8077 1e+100
2 731.236 2924.95 1e+100
41
8 634.852 634.852 1e+100
2 163.906 327.812 1e+100
1 136.788 273.577 1e+100
11 1305.52 5222.08 1e+100
0 793.929 793.929 1e+100
5 1104.56 4418.22 1e+100
6 455.495 455.495 1e+100
10 902.9 1805.8 1e+100
4 1871.88 1871.88 1e+100
7 373.297 746.594 1e+100
2 1022.6 2045.21 1e+100
9 1518.7 1518.7 1e+100
8 1741.4 3482.79 1e+100
1 1042.23 2084.47 1e+100
3 1053.7 1053.7 1e+100
5 1531.93 6127.72 1e+100
7 1114.79 1114.79 1e+100
6 3319.65 3319.65 1e+100
0 1185.03 1185.03 1e+100
11 1525.54 1525.54 1e+100
2 720.585 2882.34 1e+100
9 1424.31 1424.31 1e+100
10 835.55 835.55 1e+100
8 1545.62 3091.23 1e+100
4 899.615 899.615 1e+100
1 1142.63 2285.25 1e+100
7 1388.81 2777.62 1e+100
2 2142.8 4285.6 1e+100
0 1280.67 1280.67 1e+100
11 1646.27 3292.54 1e+100
3 1077.08 1077.08 1e+100
5 373.068 373.068 1e+100
1 1828.24 1828.24 1e+100
10 84.7942 169.588 1e+100
4 1726.15 3452.31 1e+100
7 2086.31 2086.31 1e+100
6 1453.28 1453.28 1e+100
10 1279.65 2559.31 1e+100
8 1882.02 3764.05 1e+100
9 1225.64 1225.64 1e+100
5 1071.21 2142.42 1e+100
42
6 241.292 241.292 1e+100
2 160.277 320.555 1e+100
1 238.384 476.769 1e+100
7 858.32 858.32 1e+100
3 497.418 497.418 1e+100
10 290.821 581.642 1e+100
5 1154.09 4616.37 1e+100
8 903.794 3615.18 1e+100
11 1374.5 2749 1e+100
0 124.26 124.26 1e+100
2 835.329 3341.32 1e+100
4 617.017 617.017 1e+100
9 1308.32 1308.32 1e+100
3 1297.52 1297.52 1e+100
1 1306.71 2613.43 1e+100
7 454.988 454.988 1e+100
6 691.989 691.989 1e+100
0 656.199 656.199 1e+100
10 520.597 1041.19 1e+100
8 2010.97 2010.97 1e+100
5 641.514 2566.06 1e+100
4 658.502 1317 1e+100
2 569.201 569.201 1e+100
11 545.501 545.501 1e+100
9 320.451 320.451 1e+100
6 976.206 976.206 1e+100
7 1169.74 1169.74 1e+100
3 433.768 433.768 1e+100
0 636.291 636.291 1e+100
1 492.025 984.049 1e+100
4 149.522 299.043 1e+100
5 526.899 526.899 1e+100
9 1186.47 1186.47 1e+100
6 2946.4 2946.4 1e+100
1 775.686 1551.37 1e+100
10 709.741 1419.48 1e+100
11 1296.1 1296.1 1e+100
3 696.159 696.159 1e+100
5 1294.89 2589.79 1e+100
7 1620.63 3241.25 1e+100
2 283.549 283.549 1e+100
8 510.579 1021.16 1e+100
27
8 1957.81 1957.81 1e+100
2 147.601 147.601 1e+100
11 896.586 896.586 1e+100
10 304.488 304.488 1e+100
1 412.849 825.698 1e+100
9 1271.47 1271.47 1e+100
4 558.835 1117.67 1e+100
7 829.663 1659.33 1e+100
0 114.359 114.359 1e+100
10 73.2352 73.2352 1e+100
5 1672.43 6689.72 1e+100
3 530.523 530.523 1e+100
0 93.2178 93.2178 1e+100
2 360.194 1440.78 1e+100
11 833.546 3334.18 1e+100
1 236.209 236.209 1e+100
4 217.667 217.667 1e+100
8 488.911 1955.64 1e+100
10 596.247 596.247 1e+100
7 192.193 384.386 1e+100
9 242.508 242.508 1e+100
6 272 272 1e+100
2 779.427 3117.71 1e+100
4 609.187 1218.37 1e+100
3 78.8961 78.8961 1e+100
0 241.32 241.32 1e+100
1 226.838 226.838 1e+100
32
8 1613.29 1613.29 1e+100
10 267.355 534.71 1e+100
7 282.488 564.976 1e+100
11 750.162 1500.32 1e+100
6 630.235 630.235 1e+100
4 273.479 546.958 1e+100
1 1075.33 1075.33 1e+100
2 135.548 135.548 1e+100
5 674.956 674.956 1e+100
10 67.1657 67.1657 1e+100
8 578.634 2314.54 1e+100
2 192.536 192.536 1e+100
9 838.883 838.883 1e+100
6 539.945 539.945 1e+100
0 494.121 494.121 1e+100
1 718.736 718.736 1e+100
7 149.984 149.984 1e+100
11 189.627 189.627 1e+100
5 105.868 105.868 1e+100
4 505.837 1011.67 1e+100
2 713.874 1427.75 1e+100
10 699.512 699.512 1e+100
3 425.754 425.754 1e+100
9 567.98 567.98 1e+100
8 794.482 1588.96 1e+100
7 1107.81 2215.63 1e+100
6 678.864 678.864 1e+100
11 453.282 453.282 1e+100
5 172.037 344.075 1e+100
1 1275.65 2551.31 1e+100
0 955.579 955.579 1e+100
4 189.154 378.307 1e+100
37
8 1957.81 1957.81 1e+100
2 147.601 147.601 1e+100
11 896.586 896.586 1e+100
10 304.488 304.488 1e+100
1 412.849 825.698 1e+100
9 1271.47 1271.47 1e+100
4 558.835 1117.67 1e+100
7 829.663 1659.33 1e+100
5 8721.82 17443.6 1e+100
2 59.1555 59.1555 1e+100
3 203.955 203.955 1e+100
0 369.655 369.655 1e+100
5 483.942 967.883 1e+100
11 1707.71 6830.84 1e+100
1 679.384 1358.77 1e+100
6 2205.93 2205.93 1e+100
8 464.742 1858.97 1e+100
2 373.084 1492.34 1e+100
7 926.477 926.477 1e+100
3 120.928 120.928 1e+100
4 320.973 641.947 1e+100
9 870.205 870.205 1e+100
5 283.022 566.043 1e+100
8 1030.15 2060.29 1e+100
1 2044.05 4088.1 1e+100
0 466.775 466.775 1e+100
2 465.453 930.906 1e+100
11 1722.32 1722.32 1e+100
5 2290.73 4581.45 1e+100
3 770.112 770.112 1e+100
2 1713.41 3426.81 1e+100
6 1683.68 1683.68 1e+100
5 519.21 2076.84 1e+100
8 2260.08 4520.15 1e+100
4 1023.5 1023.5 1e+100
7 5389.8 10779.6 1e+100
9 549.022 549.022 1e+100
37
8 1612.17 1612.17 1e+100
1 317.143 634.286 1e+100
2 129.403 517.611 1e+100
5 1080.63 4322.52 1e+100
6 1873.07 1873.07 1e+100
10 292.915 292.915 1e+100
11 661.694 1323.39 1e+100
0 710.982 710.982 1e+100
4 378.607 757.214 1e+100
3 604.902 604.902 1e+100
5 2195.57 4391.14 1e+100
2 793.913 1587.83 1e+100
9 520.432 520.432 1e+100
3 474.998 474.998 1e+100
4 33.8143 33.8143 1e+100
10 601.3 601.3 1e+100
8 699.13 1398.26 1e+100
7 1034.44 1034.44 1e+100
0 293.746 293.746 1e+100
6 27.0385 27.0385 1e+100
2 246.03 984.121 1e+100
3 1475.41 1475.41 1e+100
9 793.169 793.169 1e+100
11 415.709 831.419 1e+100
2 1485.18 5940.71 1e+100
8 2159.13 2159.13 1e+100
4 407.477 814.955 1e+100
0 1041.73 1041.73 1e+100
10 494.817 989.634 1e+100
1 1034.28 1034.28 1e+100
4 1655.43 3310.86 1e+100
6 1133.26 1133.26 1e+100
11 499.344 1997.38 1e+100
5 181.703 363.407 1e+100
9 894.174 894.174 1e+100
11 1558.73 3117.45 1e+100
3 2561.04 2561.04 1e+100
31
8 1612.17 1612.17 1e+100
1 317.143 634.286 1e+100
2 129.403 517.611 1e+100
5 1080.63 4322.52 1e+100
6 1873.07 1873.07 1e+100
10 292.915 292.915 1e+100
11 661.694 1323.39 1e+100
0 710.982 710.982 1e+100
4 378.607 757.214 1e+100
3 604.902 604.902 1e+100
2 913.241 1826.48 1e+100
1 558.603 1117.21 1e+100
9 520.432 520.432 1e+100
10 87.8962 87.8962 1e+100
4 33.8143 33.8143 1e+100
3 293.96 293.96 1e+100
6 157.012 157.012 1e+100
11 1034.5 4137.99 1e+100
8 467.336 1869.35 1e+100
1 502.668 502.668 1e+100
0 1459.11 1459.11 1e+100
5 294.653 1178.61 1e+100
9 334.349 334.349 1e+100
2 207.096 414.192 1e+100
4 79.5368 79.5368 1e+100
7 340.423 340.423 1e+100
11 1453.5 5814.01 1e+100
10 728.805 1457.61 1e+100
6 78.8961 78.8961 1e+100
3 145.807 145.807 1e+100
1 486.891 486.891 1e+100
37
8 1612.17 1612.17 1e+100
1 317.143 634.286 1e+100
2 129.403 517.611 1e+100
5 1080.63 4322.52 1e+100
6 1873.07 1873.07 1e+100
10 292.915 292.915 1e+100
11 661.694 1323.39 1e+100
0 710.982 710.982 1e+100
4 378.607 757.214 1e+100
3 604.902 604.902 1e+100
2 913.241 1826.48 1e+100
1 918.52 1837.04 1e+100
9 520.432 520.432 1e+100
10 146.092 146.092 1e+100
4 33.8143 33.8143 1e+100
0 522.698 522.698 1e+100
3 235.226 235.226 1e+100
11 803.312 3213.25 1e+100
8 176.832 707.33 1e+100
6 176.495 176.495 1e+100
3 1693.04 1693.04 1e+100
5 294.653 1178.61 1e+100
9 21.6576 21.6576 1e+100
10 100.895 201.79 1e+100
4 79.5368 79.5368 1e+100
1 610.187 1220.37 1e+100
6 1088.73 1088.73 1e+100
3 4129.16 4129.16 1e+100
2 267.981 267.981 1e+100
11 466.693 933.386 1e+100
8 919.177 1838.35 1e+100
7 1078.66 1078.66 1e+100
3 1230.08 1230.08 1e+100
10 764.376 1528.75 1e+100
5 1326.37 2652.74 1e+100
11 1802.4 1802.4 1e+100
1 1018.65 2037.31 1e+100
38
8 1612.17 1612.17 1e+100
1 317.143 634.286 1e+100
2 129.403 517.611 1e+100
5 1080.63 4322.52 1e+100
6 1873.07 1873.07 1e+100
10 292.915 292.915 1e+100
11 661.694 1323.39 1e+100
0 710.982 710.982 1e+100
4 378.607 757.214 1e+100
3 604.902 604.902 1e+100
2 292.046 584.092 1e+100
1 258.85 258.85 1e+100
11 278.206 1112.82 1e+100
0 330.358 330.358 1e+100
9 309.414 309.414 1e+100
3 68.0483 68.0483 1e+100
10 248.223 248.223 1e+100
4 182.993 365.987 1e+100
8 114.958 114.958 1e+100
5 285.618 285.618 1e+100
6 27.0385 27.0385 1e+100
2 637.501 2550.01 1e+100
7 2514.91 2514.91 1e+100
1 1528.38 1528.38 1e+100
11 617.364 1234.73 1e+100
8 2217.49 8869.98 1e+100
0 563.284 563.284 1e+100
10 582.716 1165.43 1e+100
3 1245.27 1245.27 1e+100
5 1413.43 2826.86 1e+100
10 2398.75 2398.75 1e+100
4 1021.62 2043.24 1e+100
9 393.893 393.893 1e+100
2 401.871 1607.48 1e+100
1 1374.14 2748.29 1e+100
6 697.078 697.078 1e+100
11 215.123 430.246 1e+100
0 1353.41 1353.41 1e+100
36
8 1612.17 1612.17 1e+100
1 317.143 634.286 1e+100
2 129.403 517.611 1e+100
5 1080.63 4322.52 1e+100
6 1873.07 1873.07 1e+100
10 292.915 292.915 1e+100
11 661.694 1323.39 1e+100
0 710.982 710.982 1e+100
4 378.607 757.214 1e+100
3 604.902 604.902 1e+100
2 913.241 1826.48 1e+100
1 905.633 1811.27 1e+100
9 520.432 520.432 1e+100
11 108.235 108.235 1e+100
4 33.8143 33.8143 1e+100
3 293.96 293.96 1e+100
6 157.012 157.012 1e+100
11 1508.16 6032.65 1e+100
5 3747.98 14991.9 1e+100
0 435.879 435.879 1e+100
10 237.004 237.004 1e+100
8 362.031 1448.13 1e+100
9 21.6576 21.6576 1e+100
1 51.5541 103.108 1e+100
4 79.5368 79.5368 1e+100
5 457.901 1831.61 1e+100
8 2327.39 9309.56 1e+100
0 1834.84 1834.84 1e+100
2 4757.13 4757.13 1e+100
3 862.822 862.822 1e+100
7 1209.17 2418.33 1e+100
11 1807.26 7229.04 1e+100
4 1195.97 1195.97 1e+100
-1 1e+100 1e+100 1e+100
9 394.982 394.982 1e+100
1 1179.46 2358.91 1e+100
43
8 634.852 634.852 1e+100
2 163.906 327.812 1e+100
1 136.788 273.577 1e+100
11 1305.52 5222.08 1e+100
0 793.929 793.929 1e+100
5 1104.56 4418.22 1e+100
6 455.495 455.495 1e+100
10 902.9 1805.8 1e+100
4 1871.88 1871.88 1e+100
7 373.297 746.594 1e+100
2 1022.6 2045.21 1e+100
9 1518.7 1518.7 1e+100
8 1741.4 3482.79 1e+100
2 3606.88 7213.75 1e+100
1 1009.49 1009.49 1e+100
3 203.955 203.955 1e+100
7 3034.18 3034.18 1e+100
1 3168.03 6336.07 1e+100
11 1736.9 6947.61 1e+100
5 930.392 1860.78 1e+100
0 1649.87 1649.87 1e+100
8 1834.32 7337.27 1e+100
5 2445.82 9783.29 1e+100
6 985.598 985.598 1e+100
2 4702.9 4702.9 1e+100
10 320.973 641.947 1e+100
4 899.615 899.615 1e+100
11 2206.88 4413.76 1e+100
8 2399.72 4799.44 1e+100
10 2141.67 4283.33 1e+100
3 469.63 469.63 1e+100
7 1530.49 3060.97 1e+100
0 1268.04 1268.04 1e+100
7 2939.15 2939.15 1e+100
3 1816.93 1816.93 1e+100
2 887.654 1775.31 1e+100
4 1726.15 3452.31 1e+100
6 2310.56 2310.56 1e+100
0 1989.82 1989.82 1e+100
11 1899.88 3799.75 1e+100
5 1920.9 3841.8 1e+100
9 610.416 610.416 1e+100
1 787.62 1575.24 1e+100
38
8 1957.81 1957.81 1e+100
2 147.601 147.601 1e+100
11 896.586 896.586 1e+100
10 304.488 304.488 1e+100
1 412.849 825.698 1e+100
9 1271.47 1271.47 1e+100
4 558.835 1117.67 1e+100
7 829.663 1659.33 1e+100
5 500.302 1000.6 1e+100
6 2263.73 2263.73 1e+100
3 203.955 203.955 1e+100
0 369.655 369.655 1e+100
2 616.246 1232.49 1e+100
11 1707.71 6830.84 1e+100
10 243.616 487.231 1e+100
1 815.015 815.015 1e+100
8 464.742 1858.97 1e+100
2 2039.46 8157.84 1e+100
5 190.277 761.109 1e+100
7 136.75 273.5 1e+100
4 107.492 214.983 1e+100
9 1094.44 1094.44 1e+100
10 2413.65 4827.3 1e+100
8 601.543 1203.09 1e+100
1 1000.01 2000.02 1e+100
7 1626.11 3252.22 1e+100
3 114.695 114.695 1e+100
11 1079.93 4319.72 1e+100
5 982.324 3929.3 1e+100
0 790.949 790.949 1e+100
6 889.027 889.027 1e+100
8 3774.65 3774.65 1e+100
4 342.884 685.767 1e+100
11 2674.02 10696.1 1e+100
9 1090.59 1090.59 1e+100
2 1555.16 6220.62 1e+100
3 1236.84 1236.84 1e+100
1 721.955 1443.91 1e+100
35
8 1612.17 1612.17 1e+100
1 317.143 634.286 1e+100
2 129.403 517.611 1e+100
5 1080.63 4322.52 1e+100
6 1873.07 1873.07 1e+100
10 292.915 292.915 1e+100
11 661.694 1323.39 1e+100
0 710.982 710.982 1e+100
4 378.607 757.214 1e+100
3 604.902 604.902 1e+100
2 913.241 1826.48 1e+100
1 635.213 1270.43 1e+100
9 520.432 520.432 1e+100
4 244.034 244.034 1e+100
4 2208.42 2208.42 1e+100
10 98.8026 98.8026 1e+100
3 435.566 435.566 1e+100
7 341.125 341.125 1e+100
5 343.35 343.35 1e+100
8 356.975 356.975 1e+100
6 219.243 219.243 1e+100
7 2626.76 2626.76 1e+100
11 120.218 120.218 1e+100
1 139.865 279.73 1e+100
2 611.06 2444.24 1e+100
8 1847.53 7390.12 1e+100
11 3616.56 3616.56 1e+100
1 3685.45 3685.45 1e+100
10 5532.76 5532.76 1e+100
5 1268.13 2536.27 1e+100
11 1140.92 4563.68 1e+100
0 750.571 750.571 1e+100
2 1265.75 5063.02 1e+100
6 183.841 183.841 1e+100
1 183.08 366.16 1e+100
44
8 634.852 634.852 1e+100
2 163.906 327.812 1e+100
1 136.788 273.577 1e+100
11 1305.52 5222.08 1e+100
0 793.929 793.929 1e+100
5 1104.56 4418.22 1e+100
6 455.495 455.495 1e+100
10 902.9 1805.8 1e+100
4 1871.88 1871.88 1e+100
7 373.297 746.594 1e+100
5 2404.94 4809.88 1e+100
9 1518.7 1518.7 1e+100
1 1361.84 2723.68 1e+100
3 183.29 183.29 1e+100
2 57.5818 115.164 1e+100
6 2193.96 2193.96 1e+100
7 997.768 997.768 1e+100
0 2070.11 2070.11 1e+100
11 1258.04 2516.09 1e+100
3 784.814 784.814 1e+100
2 1236.67 4946.67 1e+100
8 1283.85 2567.7 1e+100
10 272.586 545.172 1e+100
4 1906.12 1906.12 1e+100
1 1172.3 1172.3 1e+100
9 1743.18 1743.18 1e+100
5 2433.15 9732.61 1e+100
7 2680.67 2680.67 1e+100
3 1872.55 1872.55 1e+100
10 2992.3 5984.6 1e+100
8 1468.26 5873.06 1e+100
11 1885.89 1885.89 1e+100
2 1323.57 2647.14 1e+100
0 837.735 837.735 1e+100
3 2509.07 2509.07 1e+100
9 2559.9 2559.9 1e+100
5 2306.5 4613 1e+100
1 1099.88 2199.77 1e+100
6 2263.82 2263.82 1e+100
0 1559.51 1559.51 1e+100
2 1784.78 3569.56 1e+100
4 1113.4 2226.79 1e+100
7 1899.44 1899.44 1e+100
8 1285.08 2570.15 1e+100
36
8 1957.81 1957.81 1e+100
2 147.601 147.601 1e+100
11 896.586 896.586 1e+100
10 304.488 304.488 1e+100
1 412.849 825.698 1e+100
9 1271.47 1271.47 1e+100
4 558.835 1117.67 1e+100
7 829.663 1659.33 1e+100
2 363.373 726.747 1e+100
6 1750.88 1750.88 1e+100
5 519.48 2077.92 1e+100
11 509.027 509.027 1e+100
10 994.86 994.86 1e+100
0 694.812 694.812 1e+100
3 159.238 159.238 1e+100
1 182.993 365.987 1e+100
8 232.912 232.912 1e+100
7 277.322 277.322 1e+100
4 82.1195 82.1195 1e+100
2 708.797 2835.19 1e+100
1 3252.64 3252.64 1e+100
9 465.475 465.475 1e+100
10 1011.33 2022.65 1e+100
5 807.976 3231.9 1e+100
11 722.79 722.79 1e+100
8 1380.53 5522.13 1e+100
2 2405.77 9623.09 1e+100
0 482.151 482.151 1e+100
7 1055.82 1055.82 1e+100
3 395.492 395.492 1e+100
4 317.11 634.22 1e+100
5 1569.09 6276.38 1e+100
6 596.312 596.312 1e+100
11 1600.64 6402.54 1e+100
9 789.399 789.399 1e+100
10 43.6293 87.2585 1e+100
39
8 1612.17 1612.17 1e+100
1 317.143 634.286 1e+100
2 129.403 517.611 1e+100
5 1080.63 4322.52 1e+100
6 1873.07 1873.07 1e+100
10 292.915 292.915 1e+100
11 661.694 1323.39 1e+100
0 710.982 710.982 1e+100
4 378.607 757.214 1e+100
3 604.902 604.902 1e+100
9 525.122 525.122 1e+100
1 552.709 1105.42 1e+100
0 18.0984 18.0984 1e+100
7 864.17 864.17 1e+100
2 153.886 153.886 1e+100
4 328.052 656.105 1e+100
3 131.582 131.582 1e+100
11 418.818 1675.27 1e+100
10 635.438 1270.88 1e+100
5 50.6096 202.439 1e+100
8 1024.96 1024.96 1e+100
9 13.9512 13.9512 1e+100
1 718.26 1436.52 1e+100
6 605.732 605.732 1e+100
2 800.57 1601.14 1e+100
7 997.679 1995.36 1e+100
5 1472.83 2945.65 1e+100
4 282.851 282.851 1e+100
11 12.4703 24.9407 1e+100
0 975.684 975.684 1e+100
10 202.947 405.894 1e+100
3 910.294 910.294 1e+100
11 1260.42 2520.85 1e+100
9 400.24 400.24 1e+100
2 1036.76 4147.04 1e+100
1 1296.73 2593.46 1e+100
6 1769.22 1769.22 1e+100
8 1329.42 2658.84 1e+100
7 635.486 635.486 1e+100
37
8 1613.29 1613.29 1e+100
10 267.355 534.71 1e+100
7 282.488 564.976 1e+100
11 750.162 1500.32 1e+100
6 630.235 630.235 1e+100
4 273.479 546.958 1e+100
1 1075.33 1075.33 1e+100
2 135.548 135.548 1e+100
5 4222.75 8445.51 1e+100
0 264.774 264.774 1e+100
3 203.955 203.955 1e+100
9 559.437 559.437 1e+100
2 545.63 1091.26 1e+100
11 1035.01 4140.03 1e+100
4 605.042 1210.08 1e+100
6 1935.73 1935.73 1e+100
8 79.4055 317.622 1e+100
7 1607.31 1607.31 1e+100
5 327.903 1311.61 1e+100
2 1471.59 5886.38 1e+100
6 2586.33 2586.33 1e+100
0 165.988 165.988 1e+100
8 219.467 877.869 1e+100
9 182.084 182.084 1e+100
11 2254.05 4508.1 1e+100
3 1139.05 1139.05 1e+100
11 195.906 391.812 1e+100
8 2363.48 2363.48 1e+100
10 29.6248 59.2496 1e+100
1 2961.65 2961.65 1e+100
7 1932.53 3865.05 1e+100
0 1124.75 1124.75 1e+100
5 1394.55 5578.21 1e+100
10 1282.26 2564.52 1e+100
9 1769.39 1769.39 1e+100
1 391.307 782.615 1e+100
2 1492.92 1492.92 1e+100
31
8 1957.81 1957.81 1e+100
2 147.601 147.601 1e+100
11 896.586 896.586 1e+100
10 304.488 304.488 1e+100
1 412.849 825.698 1e+100
9 1271.47 1271.47 1e+100
4 558.835 1117.67 1e+100
7 829.663 1659.33 1e+100
2 474.941 949.882 1e+100
5 440.456 880.913 1e+100
6 2577.32 2577.32 1e+100
0 146.092 146.092 1e+100
10 92.1601 92.1601 1e+100
3 140.783 140.783 1e+100
5 4542.65 18170.6 1e+100
11 589.167 2356.67 1e+100
2 1636.66 3273.32 1e+100
4 1029.42 2058.84 1e+100
1 370.938 370.938 1e+100
7 162.95 325.9 1e+100
10 442.163 884.327 1e+100
5 474.883 949.766 1e+100
4 2920.86 5841.72 1e+100
9 114.695 114.695 1e+100
0 1104.22 1104.22 1e+100
3 442.435 442.435 1e+100
11 1328.32 2656.64 1e+100
6 1503.89 1503.89 1e+100
1 374.932 374.932 1e+100
10 466.159 466.159 1e+100
8 460.925 1843.7 1e+100
33
8 1612.17 1612.17 1e+100
1 317.143 634.286 1e+100
2 129.403 517.611 1e+100
5 1080.63 4322.52 1e+100
6 1873.07 1873.07 1e+100
10 292.915 292.915 1e+100
11 661.694 1323.39 1e+100
0 710.982 710.982 1e+100
4 378.607 757.214 1e+100
3 604.902 604.902 1e+100
1 7257.73 14515.5 1e+100
2 793.913 1587.83 1e+100
11 670.244 670.244 1e+100
4 122.941 122.941 1e+100
10 104.96 104.96 1e+100
9 285.804 285.804 1e+100
5 305.619 1222.48 1e+100
2 959.42 3837.68 1e+100
7 174.303 348.607 1e+100
8 378.071 756.141 1e+100
3 214.263 214.263 1e+100
4 1997.6 3995.21 1e+100
10 514.209 1028.42 1e+100
11 466.767 933.535 1e+100
7 1663.66 3327.33 1e+100
6 114.695 114.695 1e+100
0 1081.61 1081.61 1e+100
9 184.718 184.718 1e+100
5 1013.7 2027.41 1e+100
8 802.358 802.358 1e+100
3 220.104 220.104 1e+100
10 538.205 538.205 1e+100
2 1055.37 4221.48 1e+100
37
8 634.852 634.852 1e+100
2 163.906 327.812 1e+100
1 136.788 273.577 1e+100
11 1305.52 5222.08 1e+100
0 793.929 793.929 1e+100
5 1104.56 4418.22 1e+100
6 455.495 455.495 1e+100
10 902.9 1805.8 1e+100
4 1871.88 1871.88 1e+100
7 373.297 746.594 1e+100
2 1022.6 2045.21 1e+100
9 1518.7 1518.7 1e+100
8 1741.4 3482.79 1e+100
3 479.232 479.232 1e+100
1 24.4135 24.4135 1e+100
8 2333.69 9334.77 1e+100
5 721.269 721.269 1e+100
10 165.453 165.453 1e+100
11 1020.47 4081.88 1e+100
5 2037.33 8149.33 1e+100
3 352.685 352.685 1e+100
0 433.852 433.852 1e+100
2 396.271 1585.09 1e+100
6 234.558 234.558 1e+100
7 4449.15 8898.3 1e+100
1 79.5368 79.5368 1e+100
11 1288.33 5153.32 1e+100
2 2361.63 9446.52 1e+100
9 455.815 455.815 1e+100
0 888.934 888.934 1e+100
9 3203.97 3203.97 1e+100
4 412.607 825.213 1e+100
8 2859.8 11439.2 1e+100
1 1195.97 1195.97 1e+100
11 1943.03 7772.1 1e+100
3 415.314 415.314 1e+100
7 316.391 632.781 1e+100
35
8 1612.17 1612.17 1e+100
1 317.143 634.286 1e+100
2 129.403 517.611 1e+100
5 1080.63 4322.52 1e+100
6 1873.07 1873.07 1e+100
10 292.915 292.915 1e+100
11 661.694 1323.39 1e+100
0 710.982 710.982 1e+100
4 378.607 757.214 1e+100
3 604.902 604.902 1e+100
9 525.122 525.122 1e+100
1 553.149 1106.3 1e+100
0 18.0984 18.0984 1e+100
7 864.17 864.17 1e+100
4 812.111 812.111 1e+100
2 164.375 328.75 1e+100
3 131.582 131.582 1e+100
11 291.377 1165.51 1e+100
10 510.473 1020.95 1e+100
11 2000.31 8001.26 1e+100
5 619.977 2479.91 1e+100
2 1867.17 3734.34 1e+100
8 378.071 756.141 1e+100
7 2894.26 2894.26 1e+100
1 1761.69 3523.37 1e+100
7 569.077 1138.15 1e+100
10 178.547 357.095 1e+100
8 2269.51 4539.02 1e+100
9 114.695 114.695 1e+100
6 270.952 270.952 1e+100
5 1041.22 4164.87 1e+100
4 748.741 1497.48 1e+100
3 323.674 323.674 1e+100
10 735.806 735.806 1e+100
9 1158.54 1158.54 1e+100
33
6 241.292 241.292 1e+100
2 160.277 320.555 1e+100
1 238.384 476.769 1e+100
7 858.32 858.32 1e+100
3 497.418 497.418 1e+100
10 290.821 581.642 1e+100
5 1154.09 4616.37 1e+100
8 903.794 3615.18 1e+100
11 1374.5 2749 1e+100
0 124.26 124.26 1e+100
2 835.329 3341.32 1e+100
4 617.017 617.017 1e+100
9 1308.32 1308.32 1e+100
4 1411.32 1411.32 1e+100
0 104.415 104.415 1e+100
8 821.76 3287.04 1e+100
10 253.09 253.09 1e+100
11 1053.26 1053.26 1e+100
5 278.519 1114.08 1e+100
2 652.49 2609.96 1e+100
1 366.247 366.247 1e+100
9 169.141 169.141 1e+100
8 1212.22 4848.9 1e+100
3 168.965 168.965 1e+100
4 535.873 1071.75 1e+100
0 79.5368 79.5368 1e+100
7 814.572 814.572 1e+100
10 402.503 402.503 1e+100
5 531.325 1062.65 1e+100
9 255.02 255.02 1e+100
0 1203.08 1203.08 1e+100
2 986.636 986.636 1e+100
11 207.416 829.663 1e+100
42
8 634.852 634.852 1e+100
2 163.906 327.812 1e+100
1 136.788 273.577 1e+100
11 1305.52 5222.08 1e+100
0 793.929 793.929 1e+100
5 1104.56 4418.22 1e+100
6 455.495 455.495 1e+100
10 902.9 1805.8 1e+100
4 1871.88 1871.88 1e+100
7 373.297 746.594 1e+100
5 2404.94 4809.88 1e+100
9 1518.7 1518.7 1e+100
7 2746.06 5492.12 1e+100
3 183.29 183.29 1e+100
2 57.5818 115.164 1e+100
1 112.664 112.664 1e+100
6 1726.34 1726.34 1e+100
3 1230.97 1230.97 1e+100
11 1258.04 2516.09 1e+100
8 2303.9 2303.9 1e+100
2 1236.67 4946.67 1e+100
10 1574.19 3148.37 1e+100
0 997.56 997.56 1e+100
4 850.799 850.799 1e+100
9 2164.07 2164.07 1e+100
1 837.105 837.105 1e+100
3 3600.17 3600.17 1e+100
11 2245.87 2245.87 1e+100
2 2649.43 2649.43 1e+100
10 1498.06 2996.13 1e+100
5 1175.12 2350.25 1e+100
3 147.605 147.605 1e+100
6 1438.68 1438.68 1e+100
0 726.173 726.173 1e+100
2 26.4621 52.9242 1e+100
4 1056.52 2113.04 1e+100
7 2250.24 2250.24 1e+100
9 1563.38 1563.38 1e+100
8 1155.97 2311.93 1e+100
1 1394.02 2788.04 1e+100
5 1389.12 1389.12 1e+100
10 1181.38 2362.76 1e+100
33
8 1613.29 1613.29 1e+100
10 267.355 534.71 1e+100
7 282.488 564.976 1e+100
11 750.162 1500.32 1e+100
6 630.235 630.235 1e+100
4 273.479 546.958 1e+100
1 1075.33 1075.33 1e+100
2 135.548 135.548 1e+100
3 479.232 479.232 1e+100
9 1058.19 1058.19 1e+100
5 1672.43 6689.72 1e+100
0 511.291 511.291 1e+100
8 413.645 1654.58 1e+100
2 684 2736 1e+100
7 174.303 348.607 1e+100
10 249.314 498.628 1e+100
6 342.419 342.419 1e+100
1 517.382 1034.76 1e+100
7 1175.43 2350.85 1e+100
4 821.43 1642.86 1e+100
11 928.843 1857.69 1e+100
3 114.695 114.695 1e+100
2 2429.21 9716.85 1e+100
5 1854.97 7419.87 1e+100
0 378.742 378.742 1e+100
10 836.193 836.193 1e+100
9 1951.26 1951.26 1e+100
8 458.375 916.75 1e+100
11 2268.21 9072.84 1e+100
1 1691.15 1691.15 1e+100
8 1977.44 7909.77 1e+100
6 28.2254 28.2254 1e+100
4 543.377 1086.75 1e+100
32
8 634.852 634.852 1e+100
2 163.906 327.812 1e+100
1 136.788 273.577 1e+100
11 1305.52 5222.08 1e+100
0 793.929 793.929 1e+100
5 1104.56 4418.22 1e+100
6 455.495 455.495 1e+100
10 902.9 1805.8 1e+100
4 1871.88 1871.88 1e+100
7 373.297 746.594 1e+100
2 1022.6 2045.21 1e+100
9 1518.7 1518.7 1e+100
8 1741.4 3482.79 1e+100
3 479.232 479.232 1e+100
1 24.4135 24.4135 1e+100
8 2333.69 9334.77 1e+100
5 721.269 721.269 1e+100
0 491.299 491.299 1e+100
11 1020.47 4081.88 1e+100
5 2037.33 8149.33 1e+100
10 272.264 272.264 1e+100
3 286.488 286.488 1e+100
2 396.271 1585.09 1e+100
9 238.456 238.456 1e+100
4 1237.72 2475.45 1e+100
1 79.5368 79.5368 1e+100
6 1768.39 1768.39 1e+100
11 1439.47 5757.89 1e+100
7 541.506 1083.01 1e+100
10 457.204 457.204 1e+100
3 554.416 554.416 1e+100
0 78.6247 78.6247 1e+100
37
6 241.292 241.292 1e+100
2 160.277 320.555 1e+100
1 238.384 476.769 1e+100
7 858.32 858.32 1e+100
3 497.418 497.418 1e+100
10 290.821 581.642 1e+100
5 1154.09 4616.37 1e+100
8 903.794 3615.18 1e+100
11 1374.5 2749 1e+100
0 124.26 124.26 1e+100
2 835.329 3341.32 1e+100
4 617.017 617.017 1e+100
9 1308.32 1308.32 1e+100
1 862.821 862.821 1e+100
0 233.576 233.576 1e+100
8 821.76 3287.04 1e+100
3 184.3 184.3 1e+100
7 806.292 806.292 1e+100
5 220.784 883.136 1e+100
2 652.49 2609.96 1e+100
1 434.13 434.13 1e+100
9 169.141 169.141 1e+100
11 488.911 1955.64 1e+100
3 361.515 361.515 1e+100
4 100.895 201.79 1e+100
7 1706.56 1706.56 1e+100
5 488.645 1954.58 1e+100
8 1004.53 4018.1 1e+100
10 193.781 193.781 1e+100
0 1487.98 1487.98 1e+100
9 1252.16 1252.16 1e+100
10 2580.46 5160.92 1e+100
11 2797.85 11191.4 1e+100
6 886.145 886.145 1e+100
5 1143.34 4573.36 1e+100
2 52.2065 52.2065 1e+100
1 326.162 652.325 1e+100
31
8 1957.81 1957.81 1e+100
2 147.601 147.601 1e+100
11 896.586 896.586 1e+100
10 304.488 304.488 1e+100
1 412.849 825.698 1e+100
9 1271.47 1271.47 1e+100
4 558.835 1117.67 1e+100
7 829.663 1659.33 1e+100
0 114.359 114.359 1e+100
10 73.2352 73.2352 1e+100
2 72.6301 290.52 1e+100
5 503.82 503.82 1e+100
6 1646.27 1646.27 1e+100
7 215.133 215.133 1e+100
3 750.135 750.135 1e+100
4 515.332 515.332 1e+100
9 41.5926 41.5926 1e+100
1 331.588 331.588 1e+100
0 105.868 105.868 1e+100
8 139.865 279.73 1e+100
5 534.88 2139.52 1e+100
2 567.222 2268.89 1e+100
11 151.389 151.389 1e+100
3 1067.48 1067.48 1e+100
0 1429.15 1429.15 1e+100
7 1080.15 2160.3 1e+100
8 1401.27 5605.06 1e+100
9 786.581 786.581 1e+100
5 1189.57 4758.3 1e+100
4 175.855 175.855 1e+100
10 488.474 976.948 1e+100
37
8 1957.81 1957.81 1e+100
2 147.601 147.601 1e+100
11 896.586 896.586 1e+100
10 304.488 304.488 1e+100
1 412.849 825.698 1e+100
9 1271.47 1271.47 1e+100
4 558.835 1117.67 1e+100
7 829.663 1659.33 1e+100
3 183.29 183.29 1e+100
5 364.512 729.023 1e+100
10 490.869 490.869 1e+100
6 1333.66 1333.66 1e+100
2 79.5739 79.5739 1e+100
11 1563.5 3127 1e+100
0 190.678 190.678 1e+100
8 1858 7431.99 1e+100
1 983.838 1967.68 1e+100
4 235.226 235.226 1e+100
5 1125.95 4503.81 1e+100
2 994.062 3976.25 1e+100
3 478.62 478.62 1e+100
9 341.148 341.148 1e+100
11 2436.55 9746.21 1e+100
0 487.193 487.193 1e+100
7 192.193 384.386 1e+100
10 22.5395 22.5395 1e+100
5 1393.81 5575.26 1e+100
2 2404.07 9616.28 1e+100
8 3918.81 3918.81 1e+100
9 796.231 796.231 1e+100
7 4852.04 4852.04 1e+100
4 534.278 1068.56 1e+100
8 1443.17 5772.69 1e+100
10 1138.97 1138.97 1e+100
5 2048.51 8194.03 1e+100
0 860.517 860.517 1e+100
7 1081.01 2162.01 1e+100
31
8 1612.17 1612.17 1e+100
1 317.143 634.286 1e+100
2 129.403 517.611 1e+100
5 1080.63 4322.52 1e+100
6 1873.07 1873.07 1e+100
10 292.915 292.915 1e+100
11 661.694 1323.39 1e+100
0 710.982 710.982 1e+100
4 378.607 757.214 1e+100
3 604.902 604.902 1e+100
2 913.241 1826.48 1e+100
1 635.213 1270.43 1e+100
3 1072.68 1072.68 1e+100
0 462.987 462.987 1e+100
4 33.8143 33.8143 1e+100
10 98.8026 98.8026 1e+100
9 838.883 838.883 1e+100
11 267.087 267.087 1e+100
1 594.744 594.744 1e+100
7 572.533 572.533 1e+100
6 149.984 149.984 1e+100
5 423.151 423.151 1e+100
0 90.1151 90.1151 1e+100
8 139.865 279.73 1e+100
4 549.141 549.141 1e+100
10 317.021 317.021 1e+100
2 106.881 213.762 1e+100
3 95.0045 95.0045 1e+100
11 133.55 133.55 1e+100
7 178.59 178.59 1e+100
5 536.6 2146.4 1e+100
37
8 1612.17 1612.17 1e+100
1 317.143 634.286 1e+100
2 129.403 517.611 1e+100
5 1080.63 4322.52 1e+100
6 1873.07 1873.07 1e+100
10 292.915 292.915 1e+100
11 661.694 1323.39 1e+100
0 710.982 710.982 1e+100
4 378.607 757.214 1e+100
3 604.902 604.902 1e+100
10 3342.57 6685.15 1e+100
1 258.85 258.85 1e+100
11 387.534 1550.13 1e+100
0 343.775 343.775 1e+100
4 394.78 394.78 1e+100
3 80.1462 80.1462 1e+100
10 159.238 159.238 1e+100
8 848.151 848.151 1e+100
7 341.125 341.125 1e+100
5 343.35 343.35 1e+100
6 611.207 611.207 1e+100
1 698.976 698.976 1e+100
11 261.355 261.355 1e+100
3 22.1938 22.1938 1e+100
4 173.559 347.117 1e+100
2 412.238 824.476 1e+100
0 1044.66 1044.66 1e+100
9 241.28 241.28 1e+100
8 577.206 577.206 1e+100
5 505.809 1011.62 1e+100
7 551.184 1102.37 1e+100
3 2724.86 2724.86 1e+100
11 523.928 523.928 1e+100
4 408.444 816.887 1e+100
1 1149.87 2299.73 1e+100
2 626.239 626.239 1e+100
10 356.144 712.288 1e+100
27
8 1957.81 1957.81 1e+100
2 147.601 147.601 1e+100
11 896.586 896.586 1e+100
10 304.488 304.488 1e+100
1 412.849 825.698 1e+100
9 1271.47 1271.47 1e+100
4 558.835 1117.67 1e+100
7 829.663 1659.33 1e+100
0 114.359 114.359 1e+100
10 73.2352 73.2352 1e+100
2 72.6301 290.52 1e+100
3 530.523 530.523 1e+100
11 612.144 612.144 1e+100
7 407.562 407.562 1e+100
5 1041.92 1041.92 1e+100
0 546.98 546.98 1e+100
1 149.984 149.984 1e+100
9 117.146 117.146 1e+100
8 105.868 105.868 1e+100
4 333.885 667.77 1e+100
2 370.817 370.817 1e+100
3 677.537 677.537 1e+100
10 229.753 459.506 1e+100
11 1268.3 1268.3 1e+100
6 133.55 133.55 1e+100
7 98.1922 98.1922 1e+100
8 476.313 1905.25 1e+100
39
6 241.292 241.292 1e+100
2 160.277 320.555 1e+100
1 238.384 476.769 1e+100
7 858.32 858.32 1e+100
3 497.418 497.418 1e+100
10 290.821 581.642 1e+100
5 1154.09 4616.37 1e+100
8 903.794 3615.18 1e+100
11 1374.5 2749 1e+100
0 124.26 124.26 1e+100
2 835.329 3341.32 1e+100
4 617.017 617.017 1e+100
9 1308.32 1308.32 1e+100
7 2005.05 4010.09 1e+100
10 1216.32 2432.65 1e+100
1 817.381 817.381 1e+100
3 244.034 244.034 1e+100
0 227.064 227.064 1e+100
4 779.347 779.347 1e+100
5 522.085 2088.34 1e+100
6 812.122 812.122 1e+100
2 43.7012 43.7012 1e+100
11 460.798 921.596 1e+100
8 678.332 678.332 1e+100
10 470.26 940.52 1e+100
5 2231.39 4462.77 1e+100
1 1639.34 3278.68 1e+100
9 201.766 201.766 1e+100
2 275.409 550.817 1e+100
0 814.944 814.944 1e+100
4 672.836 1345.67 1e+100
3 202.592 202.592 1e+100
10 1571.65 3143.3 1e+100
3 1914.28 1914.28 1e+100
11 2299.3 9197.18 1e+100
7 15.0305 30.061 1e+100
9 794.159 794.159 1e+100
2 1157.53 2315.06 1e+100
8 362.897 362.897 1e+100
33
8 1612.17 1612.17 1e+100
1 317.143 634.286 1e+100
2 129.403 517.611 1e+100
5 1080.63 4322.52 1e+100
6 1873.07 1873.07 1e+100
10 292.915 292.915 1e+100
11 661.694 1323.39 1e+100
0 710.982 710.982 1e+100
4 378.607 757.214 1e+100
3 604.902 604.902 1e+100
7 2444.75 4889.51 1e+100
6 1965.42 1965.42 1e+100
9 547.364 547.364 1e+100
2 2000.77 2000.77 1e+100
2 211.337 422.675 1e+100
11 254.689 1018.76 1e+100
4 163.744 327.489 1e+100
3 137.604 137.604 1e+100
8 157.597 630.389 1e+100
5 910.136 910.136 1e+100
9 2333.01 2333.01 1e+100
1 419.522 419.522 1e+100
0 693.741 693.741 1e+100
10 1051.33 1051.33 1e+100
8 823.119 823.119 1e+100
3 307.723 307.723 1e+100
11 300.686 601.373 1e+100
2 2526.93 2526.93 1e+100
5 545.545 2182.18 1e+100
7 158.727 317.454 1e+100
3 390.884 390.884 1e+100
1 730.982 730.982 1e+100
4 78.6247 78.6247 1e+100
33
8 1613.29 1613.29 1e+100
10 267.355 534.71 1e+100
7 282.488 564.976 1e+100
11 750.162 1500.32 1e+100
6 630.235 630.235 1e+100
4 273.479 546.958 1e+100
1 1075.33 1075.33 1e+100
2 135.548 135.548 1e+100
9 525.122 525.122 1e+100
5 364.512 729.023 1e+100
10 536.31 536.31 1e+100
7 864.17 864.17 1e+100
3 926.917 926.917 1e+100
4 696.121 1392.24 1e+100
0 190.678 190.678 1e+100
11 826.945 3307.78 1e+100
2 251.076 502.151 1e+100
6 1042.23 1042.23 1e+100
2 1207.76 4831.04 1e+100
8 277.502 1110.01 1e+100
9 17.0976 17.0976 1e+100
1 635.632 635.632 1e+100
5 650.34 2601.36 1e+100
0 487.193 487.193 1e+100
7 1061.83 2123.67 1e+100
10 41.6418 41.6418 1e+100
4 1399.16 1399.16 1e+100
3 849.375 849.375 1e+100
11 175.511 351.021 1e+100
9 694.706 694.706 1e+100
6 1635.15 1635.15 1e+100
1 2303.38 2303.38 1e+100
8 618.232 2472.93 1e+100
41
6 241.292 241.292 1e+100
2 160.277 320.555 1e+100
1 238.384 476.769 1e+100
7 858.32 858.32 1e+100
3 497.418 497.418 1e+100
10 290.821 581.642 1e+100
5 1154.09 4616.37 1e+100
8 903.794 3615.18 1e+100
11 1374.5 2749 1e+100
0 124.26 124.26 1e+100
2 835.329 3341.32 1e+100
4 617.017 617.017 1e+100
9 1308.32 1308.32 1e+100
1 868.697 1737.39 1e+100
3 378.106 378.106 1e+100
5 1146.76 4587.03 1e+100
7 146.01 146.01 1e+100
0 525.413 525.413 1e+100
4 339.877 339.877 1e+100
10 159.238 159.238 1e+100
6 757.923 757.923 1e+100
2 210.951 843.804 1e+100
11 778.922 3115.69 1e+100
9 439.974 439.974 1e+100
7 1338.51 1338.51 1e+100
8 488.911 1955.64 1e+100
6 1534.45 1534.45 1e+100
4 544.152 1088.3 1e+100
3 79.5368 79.5368 1e+100
2 294.398 588.797 1e+100
5 620.28 620.28 1e+100
0 355.955 355.955 1e+100
9 1510.42 1510.42 1e+100
11 1546.19 3092.38 1e+100
1 110.804 221.608 1e+100
8 1699.1 1699.1 1e+100
10 1086.76 1086.76 1e+100
2 755.605 1511.21 1e+100
4 1659.23 3318.45 1e+100
7 1183.95 1183.95 1e+100
5 1494.82 2989.65 1e+100
31
8 1957.81 1957.81 1e+100
2 147.601 147.601 1e+100
11 896.586 896.586 1e+100
10 304.488 304.488 1e+100
1 412.849 825.698 1e+100
9 1271.47 1271.47 1e+100
4 558.835 1117.67 1e+100
7 829.663 1659.33 1e+100
1 1538.2 3076.39 1e+100
6 1750.88 1750.88 1e+100
5 519.48 2077.92 1e+100
10 560.822 560.822 1e+100
2 385.863 385.863 1e+100
0 694.812 694.812 1e+100
3 159.238 159.238 1e+100
8 799.103 3196.41 1e+100
11 618.387 2473.55 1e+100
7 247.275 494.55 1e+100
4 107.492 214.983 1e+100
9 1094.44 1094.44 1e+100
5 2055.61 4111.22 1e+100
10 408.283 816.567 1e+100
2 274.37 548.74 1e+100
4 1998.93 3997.86 1e+100
2 2206.07 2206.07 1e+100
7 505.482 505.482 1e+100
11 1039.63 4158.5 1e+100
1 158.727 317.454 1e+100
8 881.34 881.34 1e+100
0 1193.35 1193.35 1e+100
3 546.88 546.88 1e+100
34
8 1613.29 1613.29 1e+100
10 267.355 534.71 1e+100
7 282.488 564.976 1e+100
11 750.162 1500.32 1e+100
6 630.235 630.235 1e+100
4 273.479 546.958 1e+100
1 1075.33 1075.33 1e+100
2 135.548 135.548 1e+100
9 525.122 525.122 1e+100
5 364.512 729.023 1e+100
3 1223.61 1223.61 1e+100
7 646.992 646.992 1e+100
0 571.952 571.952 1e+100
4 696.121 1392.24 1e+100
10 546.07 546.07 1e+100
2 55.3025 221.21 1e+100
8 1730.39 3460.78 1e+100
1 1047.83 2095.66 1e+100
11 782.532 782.532 1e+100
6 701.234 701.234 1e+100
9 255.64 255.64 1e+100
5 705.306 2821.23 1e+100
7 2329.89 2329.89 1e+100
0 802.653 802.653 1e+100
10 1940.96 3881.91 1e+100
2 1014.34 4057.37 1e+100
3 1737.09 1737.09 1e+100
1 2047.43 2047.43 1e+100
4 1222.76 1222.76 1e+100
11 1056.42 2112.85 1e+100
5 1056.7 1056.7 1e+100
6 482.776 482.776 1e+100
9 1037.42 1037.42 1e+100
8 957.104 3828.42 1e+100
29
8 1612.17 1612.17 1e+100
1 317.143 634.286 1e+100
2 129.403 517.611 1e+100
5 1080.63 4322.52 1e+100
6 1873.07 1873.07 1e+100
10 292.915 292.915 1e+100
11 661.694 1323.39 1e+100
0 710.982 710.982 1e+100
4 378.607 757.214 1e+100
3 604.902 604.902 1e+100
4 5732.21 5732.21 1e+100
4 69.6822 69.6822 1e+100
2 482.345 1929.38 1e+100
3 146.78 146.78 1e+100
11 979.734 979.734 1e+100
7 341.125 341.125 1e+100
9 1103.62 1103.62 1e+100
0 583.926 583.926 1e+100
5 653.305 653.305 1e+100
6 331.588 331.588 1e+100
3 168.45 168.45 1e+100
8 211.645 423.29 1e+100
2 167.814 167.814 1e+100
7 2717.25 2717.25 1e+100
4 226.449 452.899 1e+100
10 223.79 223.79 1e+100
11 843.557 843.557 1e+100
0 189.984 189.984 1e+100
8 821.94 3287.76 1e+100
30
8 1613.29 1613.29 1e+100
10 267.355 534.71 1e+100
7 282.488 564.976 1e+100
11 750.162 1500.32 1e+100
6 630.235 630.235 1e+100
4 273.479 546.958 1e+100
1 1075.33 1075.33 1e+100
2 135.548 135.548 1e+100
10 1306.41 2612.81 1e+100
5 440.456 880.913 1e+100
3 170.988 170.988 1e+100
5 1473.96 1473.96 1e+100
6 1549.05 1549.05 1e+100
9 285.804 285.804 1e+100
4 312.113 312.113 1e+100
2 5918.71 23674.8 1e+100
11 559.042 2236.17 1e+100
7 557.726 557.726 1e+100
0 522.057 522.057 1e+100
8 362.031 1448.13 1e+100
4 1088.64 1088.64 1e+100
1 192.193 384.386 1e+100
3 596.379 596.379 1e+100
10 1477.75 1477.75 1e+100
9 184.718 184.718 1e+100
5 462.851 925.701 1e+100
0 607.936 607.936 1e+100
6 938.236 938.236 1e+100
7 1572.33 1572.33 1e+100
11 228.896 915.582 1e+100
41
8 634.852 634.852 1e+100
2 163.906 327.812 1e+100
1 136.788 273.577 1e+100
11 1305.52 5222.08 1e+100
0 793.929 793.929 1e+100
5 1104.56 4418.22 1e+100
6 455.495 455.495 1e+100
10 902.9 1805.8 1e+100
4 1871.88 1871.88 1e+100
7 373.297 746.594 1e+100
7 3534.36 7068.72 1e+100
9 1518.7 1518.7 1e+100
5 2129.25 4258.49 1e+100
3 183.29 183.29 1e+100
2 88.1516 176.303 1e+100
1 112.664 112.664 1e+100
6 1726.34 1726.34 1e+100
3 1230.97 1230.97 1e+100
11 1258.04 2516.09 1e+100
10 1215.44 1215.44 1e+100
2 1267.24 5068.95 1e+100
8 3205.87 6411.73 1e+100
0 869.524 869.524 1e+100
4 850.799 850.799 1e+100
3 1626.12 1626.12 1e+100
9 1170.38 1170.38 1e+100
1 827.412 827.412 1e+100
6 1958.87 1958.87 1e+100
0 1885.88 1885.88 1e+100
5 1529.37 3058.74 1e+100
10 1136.39 2272.78 1e+100
11 1043.86 1043.86 1e+100
2 1034.84 2069.68 1e+100
4 3104.31 3104.31 1e+100
1 2344.97 4689.94 1e+100
3 2447.15 2447.15 1e+100
8 1915.5 7662.01 1e+100
7 650.657 1301.31 1e+100
11 2031.3 2031.3 1e+100
10 2018.51 4037.02 1e+100
9 846.066 846.066 1e+100
37
8 634.852 634.852 1e+100
2 163.906 327.812 1e+100
1 136.788 273.577 1e+100
11 1305.52 5222.08 1e+100
0 793.929 793.929 1e+100
5 1104.56 4418.22 1e+100
6 455.495 455.495 1e+100
10 902.9 1805.8 1e+100
4 1871.88 1871.88 1e+100
7 373.297 746.594 1e+100
1 1637.54 3275.08 1e+100
9 1518.7 1518.7 1e+100
7 2746.06 5492.12 1e+100
2 72.0388 144.078 1e+100
3 1053.7 1053.7 1e+100
8 1527.6 6110.41 1e+100
6 1860.33 1860.33 1e+100
0 2306.04 2306.04 1e+100
10 1170.41 1170.41 1e+100
5 1298.35 1298.35 1e+100
2 787.455 3149.82 1e+100
11 303.434 1213.73 1e+100
4 297.994 595.987 1e+100
8 1909.1 3818.21 1e+100
1 1667.42 1667.42 1e+100
4 1762.13 3524.27 1e+100
7 1433.15 2866.29 1e+100
10 1575.7 3151.4 1e+100
1 3534.84 7069.68 1e+100
9 608.082 608.082 1e+100
3 832.155 832.155 1e+100
5 1168.83 1168.83 1e+100
11 1042.58 2085.17 1e+100
0 1457.15 1457.15 1e+100
6 746.369 746.369 1e+100
3 1029.37 1029.37 1e+100
8 1430.1 5720.42 1e+100
36
6 241.292 241.292 1e+100
2 160.277 320.555 1e+100
1 238.384 476.769 1e+100
7 858.32 858.32 1e+100
3 497.418 497.418 1e+100
10 290.821 581.642 1e+100
5 1154.09 4616.37 1e+100
8 903.794 3615.18 1e+100
11 1374.5 2749 1e+100
0 124.26 124.26 1e+100
2 835.329 3341.32 1e+100
4 617.017 617.017 1e+100
9 1308.32 1308.32 1e+100
3 1297.52 1297.52 1e+100
1 1306.71 2613.43 1e+100
7 454.988 454.988 1e+100
6 641.078 641.078 1e+100
0 591.597 591.597 1e+100
10 520.597 1041.19 1e+100
8 2010.97 2010.97 1e+100
5 623.385 2493.54 1e+100
4 658.502 1317 1e+100
2 569.201 569.201 1e+100
11 545.501 545.501 1e+100
9 320.451 320.451 1e+100
6 925.296 925.296 1e+100
0 1303.2 1303.2 1e+100
7 1127.74 1127.74 1e+100
3 213.198 213.198 1e+100
1 492.025 984.049 1e+100
10 971.655 971.655 1e+100
5 196.336 785.345 1e+100
4 163.775 327.55 1e+100
3 296.36 296.36 1e+100
9 453.952 453.952 1e+100
2 479.682 479.682 1e+100
37
8 634.852 634.852 1e+100
2 163.906 327.812 1e+100
1 136.788 273.577 1e+100
11 1305.52 5222.08 1e+100
0 793.929 793.929 1e+100
5 1104.56 4418.22 1e+100
6 455.495 455.495 1e+100
10 902.9 1805.8 1e+100
4 1871.88 1871.88 1e+100
7 373.297 746.594 1e+100
2 1022.6 2045.21 1e+100
9 1518.7 1518.7 1e+100
8 1741.4 3482.79 1e+100
3 479.232 479.232 1e+100
1 24.4135 24.4135 1e+100
8 2333.69 9334.77 1e+100
5 721.269 721.269 1e+100
10 165.453 165.453 1e+100
11 1020.47 4081.88 1e+100
5 2037.33 8149.33 1e+100
3 352.685 352.685 1e+100
0 433.852 433.852 1e+100
2 396.271 1585.09 1e+100
6 234.558 234.558 1e+100
7 4449.15 8898.3 1e+100
1 79.5368 79.5368 1e+100
11 1288.33 5153.32 1e+100
2 2361.63 9446.52 1e+100
9 455.815 455.815 1e+100
0 888.934 888.934 1e+100
9 3203.97 3203.97 1e+100
4 412.607 825.213 1e+100
8 2859.8 11439.2 1e+100
1 1195.97 1195.97 1e+100
11 1943.03 7772.1 1e+100
3 415.314 415.314 1e+100
7 316.391 632.781 1e+100
