63
17 1031.54 4126.16 1e+100
10 161.669 161.669 1e+100
5 302.314 1209.26 1e+100
4 273.479 273.479 1e+100
9 297.973 297.973 1e+100
2 146.762 293.523 1e+100
3 167.2 167.2 1e+100
11 399.624 1598.5 1e+100
12 400.166 400.166 1e+100
1 728.042 1456.08 1e+100
18 426.19 426.19 1e+100
5 1652.99 6611.95 1e+100
10 3203.21 6406.42 1e+100
19 826.484 1652.97 1e+100
2 2720.24 10881 1e+100
7 155.444 310.888 1e+100
16 905.975 1811.95 1e+100
8 1292.99 5171.95 1e+100
0 702.9 702.9 1e+100
15 501.283 501.283 1e+100
11 1866.25 7464.99 1e+100
7 2322.72 4645.44 1e+100
1 2774.37 5548.73 1e+100
4 1404.87 2809.75 1e+100
11 3381.62 13526.5 1e+100
14 786.016 1572.03 1e+100
6 970.069 970.069 1e+100
17 780.539 1561.08 1e+100
10 592.522 592.522 1e+100
9 1249.68 1249.68 1e+100
19 1459.72 2919.45 1e+100
3 971.414 971.414 1e+100
16 1108.5 2217.01 1e+100
18 1184.79 1184.79 1e+100
14 1251.75 2503.5 1e+100
12 100.881 100.881 1e+100
15 612.539 612.539 1e+100
5 841.615 3366.46 1e+100
8 2221.14 8884.57 1e+100
13 212.087 212.087 1e+100
4 684.655 1369.31 1e+100
17 365.99 731.979 1e+100
16 1007.29 2014.57 1e+100
19 1317.29 2634.58 1e+100
6 635.008 635.008 1e+100
12 713.942 713.942 1e+100
0 2089.43 2089.43 1e+100
10 816.222 1632.44 1e+100
2 1065.41 2130.82 1e+100
14 939.62 3758.48 1e+100
17 1601.88 6407.5 1e+100
5 2850.06 11400.2 1e+100
11 1325.89 5303.56 1e+100
15 194.34 194.34 1e+100
14 1878.09 7512.37 1e+100
13 117.904 235.809 1e+100
2 2032.19 8128.77 1e+100
7 811.832 1623.66 1e+100
9 131.546 131.546 1e+100
1 722.89 1445.78 1e+100
18 124.685 124.685 1e+100
8 1822.76 7291.02 1e+100
19 115.835 231.669 1e+100
63
8 3257.54 6515.09 1e+100
1 599.336 1198.67 1e+100
3 180.119 180.119 1e+100
5 273.912 1095.65 1e+100
14 394.365 394.365 1e+100
19 261.812 261.812 1e+100
11 411.683 1646.73 1e+100
17 1197.11 4788.44 1e+100
7 469.886 469.886 1e+100
2 300.478 1201.91 1e+100
10 121.674 121.674 1e+100
4 287.473 287.473 1e+100
18 215.24 215.24 1e+100
13 562.227 1124.45 1e+100
16 711.833 1423.67 1e+100
15 512.182 512.182 1e+100
12 141.379 141.379 1e+100
9 233.264 233.264 1e+100
0 388.812 388.812 1e+100
6 1371.94 1371.94 1e+100
17 2306.49 9225.96 1e+100
14 2159.46 8637.84 1e+100
11 708.46 1416.92 1e+100
1 394.086 788.172 1e+100
19 726.865 1453.73 1e+100
5 1032.71 4130.83 1e+100
2 266.839 1067.36 1e+100
4 179.459 179.459 1e+100
10 151.67 151.67 1e+100
13 70.8257 141.651 1e+100
18 102.205 102.205 1e+100
12 85.1364 85.1364 1e+100
0 41.8435 41.8435 1e+100
15 135.683 135.683 1e+100
7 147.342 294.683 1e+100
3 206.141 206.141 1e+100
16 460.875 921.75 1e+100
9 1023.21 1023.21 1e+100
8 1257.87 5031.47 1e+100
10 162.876 162.876 1e+100
2 139.353 557.411 1e+100
6 409.987 409.987 1e+100
1 342.457 684.914 1e+100
17 448.659 897.317 1e+100
13 210.017 420.034 1e+100
16 1844.69 1844.69 1e+100
4 125.04 125.04 1e+100
12 158.727 158.727 1e+100
18 145.812 145.812 1e+100
0 545.49 545.49 1e+100
5 906.789 1813.58 1e+100
11 346.512 1386.05 1e+100
2 549.95 2199.8 1e+100
10 271.794 543.587 1e+100
14 372.039 1488.16 1e+100
15 448.783 448.783 1e+100
7 679.829 1359.66 1e+100
19 518.145 1036.29 1e+100
17 905.446 3621.78 1e+100
3 352.956 352.956 1e+100
9 215.093 215.093 1e+100
10 1361.25 2722.5 1e+100
12 353.135 353.135 1e+100
42
19 665.837 1331.67 1e+100
13 340.907 340.907 1e+100
10 112.97 112.97 1e+100
2 307.493 614.986 1e+100
5 290.732 1162.93 1e+100
10 2061.13 2061.13 1e+100
14 740.876 2963.5 1e+100
13 2485.35 4970.7 1e+100
11 415.049 1660.19 1e+100
2 1693.09 1693.09 1e+100
17 3571.92 3571.92 1e+100
18 996.243 996.243 1e+100
0 12.6641 12.6641 1e+100
11 3890.8 15563.2 1e+100
8 400.367 800.735 1e+100
16 623.431 1246.86 1e+100
17 1194.46 4777.85 1e+100
10 2962.8 5925.6 1e+100
15 508.552 508.552 1e+100
4 1433.87 2867.73 1e+100
9 326.51 326.51 1e+100
11 407.136 814.272 1e+100
12 195.399 195.399 1e+100
7 57.0404 114.081 1e+100
19 688.14 688.14 1e+100
16 543.858 543.858 1e+100
6 686.54 686.54 1e+100
0 100.245 100.245 1e+100
14 289.584 1158.34 1e+100
2 103.206 206.412 1e+100
7 430.496 860.991 1e+100
8 312.039 1248.16 1e+100
9 166.908 166.908 1e+100
11 82.9546 331.819 1e+100
4 31.7275 63.4551 1e+100
17 175.672 702.688 1e+100
10 112.97 225.939 1e+100
12 131.546 131.546 1e+100
16 461.533 923.066 1e+100
3 142.543 142.543 1e+100
14 71.3496 285.398 1e+100
19 84.1383 168.277 1e+100
46
2 290.258 1161.03 1e+100
5 295.182 295.182 1e+100
10 242.65 485.301 1e+100
4 232.672 465.343 1e+100
1 415.465 830.93 1e+100
12 403.744 403.744 1e+100
3 161.303 161.303 1e+100
17 347.771 1391.08 1e+100
8 1176.61 4706.46 1e+100
16 1001.03 2002.06 1e+100
14 813.017 1626.03 1e+100
15 542.526 542.526 1e+100
7 871.64 1743.28 1e+100
10 1098.68 2197.36 1e+100
19 542.144 1084.29 1e+100
11 445.145 890.29 1e+100
13 574.957 1149.91 1e+100
9 289.13 289.13 1e+100
2 587.407 2349.63 1e+100
0 267.721 267.721 1e+100
5 238.278 476.556 1e+100
18 330.304 330.304 1e+100
1 737.714 1475.43 1e+100
12 726.351 726.351 1e+100
14 509.498 1019 1e+100
11 272.107 272.107 1e+100
3 183.412 183.412 1e+100
19 147.742 147.742 1e+100
8 120.602 241.204 1e+100
10 151.4 151.4 1e+100
5 139.638 558.553 1e+100
4 164.257 164.257 1e+100
2 130.859 523.438 1e+100
15 206.141 206.141 1e+100
11 118.77 237.54 1e+100
14 127.717 510.866 1e+100
0 166.908 166.908 1e+100
17 715.399 2861.6 1e+100
10 117.904 235.809 1e+100
2 579.472 2317.89 1e+100
4 112.97 225.939 1e+100
12 131.546 131.546 1e+100
8 942.84 1885.68 1e+100
3 142.543 142.543 1e+100
11 105.063 420.25 1e+100
13 84.1383 168.277 1e+100
53
19 665.837 1331.67 1e+100
13 340.907 340.907 1e+100
10 112.97 112.97 1e+100
2 307.493 614.986 1e+100
5 290.732 1162.93 1e+100
10 2061.13 2061.13 1e+100
14 740.876 2963.5 1e+100
17 8101.23 16202.5 1e+100
11 415.049 1660.19 1e+100
3 7418.13 7418.13 1e+100
9 7085.67 7085.67 1e+100
18 996.243 996.243 1e+100
0 12.6641 12.6641 1e+100
5 1286.54 5146.17 1e+100
8 400.367 800.735 1e+100
16 623.431 1246.86 1e+100
17 1194.46 4777.85 1e+100
2 980.242 1960.48 1e+100
15 508.552 508.552 1e+100
12 466.245 466.245 1e+100
1 109.993 219.986 1e+100
13 367.298 367.298 1e+100
7 915.536 1831.07 1e+100
0 120.679 120.679 1e+100
4 240.336 480.671 1e+100
3 442.637 442.637 1e+100
14 316.449 316.449 1e+100
1 457.737 457.737 1e+100
18 295.077 295.077 1e+100
6 686.54 686.54 1e+100
19 942.583 942.583 1e+100
17 127.668 510.672 1e+100
14 74.9494 149.899 1e+100
7 343.06 686.121 1e+100
5 282.972 565.944 1e+100
0 1234.41 1234.41 1e+100
11 278.43 556.861 1e+100
2 122.925 245.851 1e+100
10 403.174 806.349 1e+100
9 320.481 320.481 1e+100
5 2041.6 4083.2 1e+100
8 70.5583 141.117 1e+100
3 166.277 166.277 1e+100
2 1545.82 6183.29 1e+100
4 247.683 495.365 1e+100
17 552.23 2208.92 1e+100
12 116.679 116.679 1e+100
16 153.731 307.462 1e+100
14 1909.11 7636.42 1e+100
19 98.1016 196.203 1e+100
11 2463.93 9855.72 1e+100
8 2345.8 9383.19 1e+100
10 914.772 1829.54 1e+100
59
8 3257.54 6515.09 1e+100
1 599.336 1198.67 1e+100
3 180.119 180.119 1e+100
5 273.912 1095.65 1e+100
14 394.365 394.365 1e+100
19 261.812 261.812 1e+100
11 411.683 1646.73 1e+100
17 1197.11 4788.44 1e+100
7 469.886 469.886 1e+100
2 300.478 1201.91 1e+100
10 121.674 121.674 1e+100
4 287.473 287.473 1e+100
18 215.24 215.24 1e+100
13 562.227 1124.45 1e+100
16 711.833 1423.67 1e+100
15 512.182 512.182 1e+100
12 141.379 141.379 1e+100
9 233.264 233.264 1e+100
0 388.812 388.812 1e+100
6 1371.94 1371.94 1e+100
5 981.507 3926.03 1e+100
14 2159.46 8637.84 1e+100
11 454.593 1818.37 1e+100
19 1926.12 3852.25 1e+100
13 513.596 1027.19 1e+100
16 222.371 222.371 1e+100
12 222.245 222.245 1e+100
1 250.057 500.114 1e+100
7 218.197 436.394 1e+100
3 10.631 10.631 1e+100
0 85.3357 85.3357 1e+100
2 150.877 301.753 1e+100
9 221.874 221.874 1e+100
5 197.134 788.537 1e+100
11 406.734 1626.94 1e+100
17 877.2 1754.4 1e+100
8 137.408 549.633 1e+100
18 775.093 775.093 1e+100
14 1497.44 5989.76 1e+100
15 557.964 557.964 1e+100
10 135.007 270.014 1e+100
6 111.687 111.687 1e+100
16 135.636 271.273 1e+100
4 299.799 599.598 1e+100
12 605.692 605.692 1e+100
0 679.095 679.095 1e+100
2 330.503 661.006 1e+100
13 327.92 655.841 1e+100
5 909.195 3636.78 1e+100
11 1264.52 5058.1 1e+100
17 2358.69 9434.75 1e+100
4 1714.01 3428.02 1e+100
8 1098.09 4392.34 1e+100
9 149.626 149.626 1e+100
10 1184.94 2369.87 1e+100
16 700.729 1401.46 1e+100
19 965.418 965.418 1e+100
7 419.397 838.794 1e+100
3 256.12 256.12 1e+100
57
2 290.258 1161.03 1e+100
5 295.182 295.182 1e+100
10 242.65 485.301 1e+100
4 232.672 465.343 1e+100
1 415.465 830.93 1e+100
12 403.744 403.744 1e+100
3 161.303 161.303 1e+100
17 347.771 1391.08 1e+100
8 1176.61 4706.46 1e+100
16 1001.03 2002.06 1e+100
14 813.017 1626.03 1e+100
15 542.526 542.526 1e+100
7 871.64 1743.28 1e+100
10 1098.68 2197.36 1e+100
19 542.144 1084.29 1e+100
11 445.145 890.29 1e+100
13 574.957 1149.91 1e+100
9 289.13 289.13 1e+100
2 587.407 2349.63 1e+100
4 2483.81 4967.61 1e+100
5 320.801 641.602 1e+100
6 970.404 970.404 1e+100
1 492.417 984.835 1e+100
17 774.403 3097.61 1e+100
11 158.921 158.921 1e+100
14 64.2564 128.513 1e+100
7 709.115 709.115 1e+100
10 492.041 492.041 1e+100
3 593.308 593.308 1e+100
12 231.046 231.046 1e+100
8 92.0405 184.081 1e+100
18 846.669 846.669 1e+100
2 74.9705 299.882 1e+100
11 366.57 366.57 1e+100
5 349.797 1399.19 1e+100
1 14.8007 14.8007 1e+100
13 66.2347 132.469 1e+100
14 221.375 442.751 1e+100
19 447.749 895.498 1e+100
12 1394.98 1394.98 1e+100
9 314.613 314.613 1e+100
10 158.727 158.727 1e+100
15 1002.76 1002.76 1e+100
0 393.208 393.208 1e+100
17 171.946 343.892 1e+100
8 1314.57 5258.3 1e+100
11 320.976 1283.9 1e+100
16 421.911 843.821 1e+100
2 875.132 3500.53 1e+100
5 548.149 548.149 1e+100
1 915.59 1831.18 1e+100
13 680.94 1361.88 1e+100
14 678.162 2712.65 1e+100
7 2815.28 2815.28 1e+100
6 362.448 362.448 1e+100
10 925.184 1850.37 1e+100
9 589.686 589.686 1e+100
56
8 3257.54 6515.09 1e+100
1 599.336 1198.67 1e+100
3 180.119 180.119 1e+100
5 273.912 1095.65 1e+100
14 394.365 394.365 1e+100
19 261.812 261.812 1e+100
11 411.683 1646.73 1e+100
17 1197.11 4788.44 1e+100
7 469.886 469.886 1e+100
2 300.478 1201.91 1e+100
10 121.674 121.674 1e+100
4 287.473 287.473 1e+100
18 215.24 215.24 1e+100
13 562.227 1124.45 1e+100
16 711.833 1423.67 1e+100
15 512.182 512.182 1e+100
12 141.379 141.379 1e+100
9 233.264 233.264 1e+100
0 388.812 388.812 1e+100
6 1371.94 1371.94 1e+100
5 981.507 3926.03 1e+100
11 2065.44 8261.78 1e+100
14 545.364 2181.46 1e+100
19 1926.12 3852.25 1e+100
1 73.5691 147.138 1e+100
15 394.292 394.292 1e+100
18 277.994 277.994 1e+100
4 76.8568 153.714 1e+100
7 27.2122 54.4244 1e+100
13 362.509 725.019 1e+100
10 290.728 581.456 1e+100
3 674.911 674.911 1e+100
2 177.225 354.45 1e+100
17 157.453 314.906 1e+100
14 140.218 560.871 1e+100
18 15.0526 15.0526 1e+100
5 251.15 502.301 1e+100
10 166.154 332.308 1e+100
12 1358.37 1358.37 1e+100
6 125.04 125.04 1e+100
2 163.775 163.775 1e+100
0 356.719 356.719 1e+100
9 245.269 245.269 1e+100
1 437.807 875.614 1e+100
8 571.219 2284.88 1e+100
17 161.115 644.46 1e+100
16 635.998 1272 1e+100
11 286.155 1144.62 1e+100
15 294.968 294.968 1e+100
13 521.204 1042.41 1e+100
4 518.145 1036.29 1e+100
14 704.486 2817.95 1e+100
19 1635.36 1635.36 1e+100
7 1065.52 1065.52 1e+100
2 930.232 1860.46 1e+100
5 153.924 153.924 1e+100
56
2 281.903 1127.61 1e+100
4 315.065 630.131 1e+100
3 197.944 197.944 1e+100
8 493.345 1973.38 1e+100
6 264.453 264.453 1e+100
16 366.974 366.974 1e+100
10 136.684 136.684 1e+100
12 110.448 110.448 1e+100
5 204.204 816.814 1e+100
11 537.664 1075.33 1e+100
15 345.311 345.311 1e+100
0 34.1731 34.1731 1e+100
13 568.6 1137.2 1e+100
17 591.466 2365.87 1e+100
14 713.296 2853.19 1e+100
19 41.8435 41.8435 1e+100
1 109.993 219.986 1e+100
18 330.304 330.304 1e+100
7 915.536 1831.07 1e+100
12 218.246 218.246 1e+100
4 57.9824 115.965 1e+100
17 945.44 945.44 1e+100
9 525.902 525.902 1e+100
11 950.975 3803.9 1e+100
2 494.272 1977.09 1e+100
1 192.202 192.202 1e+100
19 123.131 246.262 1e+100
13 268.509 537.018 1e+100
8 264.978 529.955 1e+100
10 262.682 525.365 1e+100
6 238.246 238.246 1e+100
0 41.8641 41.8641 1e+100
0 3845.31 3845.31 1e+100
14 127.668 255.336 1e+100
5 364.772 729.544 1e+100
17 912.25 3649 1e+100
2 1711.89 6847.57 1e+100
8 1311.81 5247.23 1e+100
4 262.796 525.592 1e+100
15 150.385 150.385 1e+100
18 10.3558 10.3558 1e+100
1 417.433 417.433 1e+100
16 1246.15 1246.15 1e+100
9 142.572 142.572 1e+100
3 299.341 299.341 1e+100
14 512.068 512.068 1e+100
15 1435.21 1435.21 1e+100
9 1796.75 1796.75 1e+100
11 574.136 2296.55 1e+100
10 156.71 156.71 1e+100
6 1075.67 1075.67 1e+100
13 108.835 108.835 1e+100
5 249.386 997.543 1e+100
7 106.6 213.201 1e+100
17 717.662 1435.32 1e+100
1 394.453 788.905 1e+100
51
19 665.837 1331.67 1e+100
13 340.907 340.907 1e+100
10 112.97 112.97 1e+100
2 307.493 614.986 1e+100
5 290.732 1162.93 1e+100
6 9362.57 9362.57 1e+100
14 740.876 2963.5 1e+100
11 2577.57 5155.15 1e+100
11 415.049 1660.19 1e+100
16 2580.89 2580.89 1e+100
10 1591.13 1591.13 1e+100
18 996.243 996.243 1e+100
0 12.6641 12.6641 1e+100
2 5552.14 22208.6 1e+100
8 400.367 800.735 1e+100
16 623.431 1246.86 1e+100
17 1194.46 4777.85 1e+100
17 2954.17 5908.34 1e+100
15 508.552 508.552 1e+100
2 47.7436 190.975 1e+100
7 190.485 380.969 1e+100
1 546.161 1092.32 1e+100
12 580.668 580.668 1e+100
0 277.994 277.994 1e+100
13 86.236 172.472 1e+100
19 390.821 781.641 1e+100
14 459.7 919.401 1e+100
4 404.193 808.386 1e+100
6 590.945 590.945 1e+100
10 310.901 621.802 1e+100
2 328.801 657.602 1e+100
11 65.147 260.588 1e+100
18 1405.03 1405.03 1e+100
1 484.201 968.402 1e+100
0 1020.78 1020.78 1e+100
3 95.4145 95.4145 1e+100
16 160.756 160.756 1e+100
8 460.73 460.73 1e+100
15 142.572 142.572 1e+100
11 4757.73 4757.73 1e+100
16 1241.6 1241.6 1e+100
9 234.928 234.928 1e+100
12 158.15 158.15 1e+100
17 94.9991 379.996 1e+100
5 146.331 146.331 1e+100
19 239.709 239.709 1e+100
13 246.441 246.441 1e+100
11 165.156 660.626 1e+100
4 141.589 283.178 1e+100
7 43.5906 87.1812 1e+100
10 81.0851 162.17 1e+100
55
2 281.903 1127.61 1e+100
4 315.065 630.131 1e+100
3 197.944 197.944 1e+100
8 493.345 1973.38 1e+100
6 264.453 264.453 1e+100
16 366.974 366.974 1e+100
10 136.684 136.684 1e+100
12 110.448 110.448 1e+100
5 204.204 816.814 1e+100
11 537.664 1075.33 1e+100
15 345.311 345.311 1e+100
0 34.1731 34.1731 1e+100
13 568.6 1137.2 1e+100
17 591.466 2365.87 1e+100
14 713.296 2853.19 1e+100
2 1464.74 2929.49 1e+100
9 326.51 326.51 1e+100
10 156.731 313.463 1e+100
16 78.0132 78.0132 1e+100
7 57.0404 114.081 1e+100
11 411.982 1647.93 1e+100
5 411.955 1647.82 1e+100
17 167.776 167.776 1e+100
4 397.508 795.015 1e+100
1 124.897 249.793 1e+100
19 1566.81 3133.61 1e+100
10 194.331 388.662 1e+100
3 238.246 238.246 1e+100
15 41.8641 41.8641 1e+100
6 414.295 414.295 1e+100
7 2535.74 5071.49 1e+100
13 230.379 460.758 1e+100
14 410.27 1641.08 1e+100
17 869.675 3478.7 1e+100
2 957.663 3830.65 1e+100
16 302.556 605.112 1e+100
8 136.866 273.731 1e+100
12 418.58 418.58 1e+100
18 1003.83 1003.83 1e+100
0 158.727 158.727 1e+100
9 154.464 154.464 1e+100
5 1205.25 1205.25 1e+100
1 630.072 1260.14 1e+100
11 577.078 2308.31 1e+100
14 1424.78 5699.12 1e+100
10 300.359 600.718 1e+100
2 2426.83 9707.31 1e+100
15 628.384 628.384 1e+100
4 911.943 1823.89 1e+100
13 804.435 1608.87 1e+100
8 1420.26 5681.03 1e+100
3 2268.02 2268.02 1e+100
6 3588.58 3588.58 1e+100
16 739.637 1479.27 1e+100
0 353.135 353.135 1e+100
65
19 665.837 1331.67 1e+100
13 340.907 340.907 1e+100
10 112.97 112.97 1e+100
2 307.493 614.986 1e+100
5 290.732 1162.93 1e+100
18 7577.28 7577.28 1e+100
14 740.876 2963.5 1e+100
10 1826.26 3652.52 1e+100
11 415.049 1660.19 1e+100
18 3220.22 3220.22 1e+100
11 4438.36 4438.36 1e+100
18 996.243 996.243 1e+100
0 12.6641 12.6641 1e+100
14 2564.26 10257.1 1e+100
8 400.367 800.735 1e+100
16 623.431 1246.86 1e+100
17 1194.46 4777.85 1e+100
11 1724.69 3449.39 1e+100
15 508.552 508.552 1e+100
12 466.245 466.245 1e+100
2 273.977 547.954 1e+100
5 220.104 220.104 1e+100
7 915.536 1831.07 1e+100
6 1993.35 1993.35 1e+100
1 261.99 523.98 1e+100
16 442.637 442.637 1e+100
3 183.412 183.412 1e+100
17 1248.75 4994.98 1e+100
5 1092.46 4369.84 1e+100
2 82.0203 82.0203 1e+100
13 756.193 1512.39 1e+100
10 83.5045 167.009 1e+100
19 1023.89 2047.78 1e+100
10 2196.65 4393.3 1e+100
12 726.846 726.846 1e+100
0 41.8641 41.8641 1e+100
15 1895.48 1895.48 1e+100
14 289.584 579.169 1e+100
16 464.455 928.91 1e+100
8 1087.94 4351.78 1e+100
2 783.919 3135.68 1e+100
5 3029.37 12117.5 1e+100
11 1993.24 7972.94 1e+100
4 234.425 234.425 1e+100
17 1630.56 6522.23 1e+100
9 333.398 333.398 1e+100
7 993.487 1986.97 1e+100
18 278.226 278.226 1e+100
1 391.561 783.122 1e+100
4 1990.32 3980.65 1e+100
6 1750.72 1750.72 1e+100
0 1370.66 1370.66 1e+100
13 2524.68 5049.35 1e+100
16 1483.3 2966.6 1e+100
8 2566.13 10264.5 1e+100
2 2809.27 11237.1 1e+100
14 743.26 2973.04 1e+100
1 1609.96 3219.92 1e+100
14 2995.73 11982.9 1e+100
11 2802.78 2802.78 1e+100
10 1860.7 3721.41 1e+100
7 1554.58 3109.16 1e+100
12 2242.16 2242.16 1e+100
19 1909.4 3818.79 1e+100
9 508.7 508.7 1e+100
51
2 281.903 1127.61 1e+100
4 315.065 630.131 1e+100
3 197.944 197.944 1e+100
8 493.345 1973.38 1e+100
6 264.453 264.453 1e+100
16 366.974 366.974 1e+100
10 136.684 136.684 1e+100
12 110.448 110.448 1e+100
5 204.204 816.814 1e+100
11 537.664 1075.33 1e+100
15 345.311 345.311 1e+100
0 34.1731 34.1731 1e+100
13 568.6 1137.2 1e+100
17 591.466 2365.87 1e+100
14 713.296 2853.19 1e+100
7 359.087 718.174 1e+100
11 1353.85 2707.71 1e+100
6 1268.15 1268.15 1e+100
1 1097.37 2194.74 1e+100
5 660.627 2642.51 1e+100
0 413.049 413.049 1e+100
10 64.2564 128.513 1e+100
8 644.639 644.639 1e+100
9 320.481 320.481 1e+100
12 719.336 719.336 1e+100
2 1419.3 5677.21 1e+100
17 238.092 952.369 1e+100
15 95.2057 95.2057 1e+100
4 397.508 795.015 1e+100
13 83.5045 167.009 1e+100
7 76.2344 152.469 1e+100
14 220.967 441.934 1e+100
3 1129.62 1129.62 1e+100
19 532.46 532.46 1e+100
18 2311.76 2311.76 1e+100
16 1185.59 2371.17 1e+100
1 1209.48 2418.96 1e+100
17 1631.38 6525.51 1e+100
5 504.615 2018.46 1e+100
8 492.665 1970.66 1e+100
11 200.973 803.893 1e+100
0 166.908 166.908 1e+100
14 62.3967 249.587 1e+100
13 4.3537 8.7074 1e+100
8 3111.56 12446.2 1e+100
10 148.116 296.231 1e+100
9 131.546 131.546 1e+100
7 145.388 290.776 1e+100
15 116.228 116.228 1e+100
2 1092.45 4369.8 1e+100
19 51.1554 102.311 1e+100
54
2 281.903 1127.61 1e+100
4 315.065 630.131 1e+100
3 197.944 197.944 1e+100
8 493.345 1973.38 1e+100
6 264.453 264.453 1e+100
16 366.974 366.974 1e+100
10 136.684 136.684 1e+100
12 110.448 110.448 1e+100
5 204.204 816.814 1e+100
11 537.664 1075.33 1e+100
15 345.311 345.311 1e+100
0 34.1731 34.1731 1e+100
13 568.6 1137.2 1e+100
17 591.466 2365.87 1e+100
14 713.296 2853.19 1e+100
19 206.65 413.3 1e+100
1 598.751 1197.5 1e+100
16 97.955 195.91 1e+100
2 786.218 3144.87 1e+100
5 341.585 1366.34 1e+100
9 291.731 291.731 1e+100
4 153.909 153.909 1e+100
10 149.291 298.581 1e+100
15 363.983 363.983 1e+100
13 183.063 183.063 1e+100
0 510.086 510.086 1e+100
3 212.569 212.569 1e+100
8 87.3685 174.737 1e+100
18 150.589 150.589 1e+100
12 160.933 160.933 1e+100
6 101.844 101.844 1e+100
16 221.754 221.754 1e+100
11 127.668 510.672 1e+100
5 77.6189 155.238 1e+100
7 430.496 860.991 1e+100
19 1319.12 2638.24 1e+100
1 130.98 130.98 1e+100
17 169.108 338.216 1e+100
10 122.925 245.851 1e+100
2 173.352 346.704 1e+100
9 162.364 162.364 1e+100
13 144.033 288.066 1e+100
4 146.15 292.301 1e+100
15 500.703 500.703 1e+100
14 1053.38 4213.53 1e+100
8 1253.63 2507.26 1e+100
11 552.23 2208.92 1e+100
3 489.895 489.895 1e+100
16 1454.42 2908.84 1e+100
5 1911.77 7647.1 1e+100
1 2119.81 4239.61 1e+100
17 2354.61 9418.43 1e+100
2 2026.16 8104.63 1e+100
10 260.19 520.381 1e+100
53
8 3257.54 6515.09 1e+100
1 599.336 1198.67 1e+100
3 180.119 180.119 1e+100
5 273.912 1095.65 1e+100
14 394.365 394.365 1e+100
19 261.812 261.812 1e+100
11 411.683 1646.73 1e+100
17 1197.11 4788.44 1e+100
7 469.886 469.886 1e+100
2 300.478 1201.91 1e+100
10 121.674 121.674 1e+100
4 287.473 287.473 1e+100
18 215.24 215.24 1e+100
13 562.227 1124.45 1e+100
16 711.833 1423.67 1e+100
15 512.182 512.182 1e+100
12 141.379 141.379 1e+100
9 233.264 233.264 1e+100
0 388.812 388.812 1e+100
6 1371.94 1371.94 1e+100
5 981.507 3926.03 1e+100
17 3489.9 13959.6 1e+100
19 1413.44 2826.88 1e+100
3 172.014 172.014 1e+100
13 164.377 328.755 1e+100
2 195.399 195.399 1e+100
7 57.0404 114.081 1e+100
10 83.0615 166.123 1e+100
14 207.445 414.89 1e+100
18 92.407 92.407 1e+100
13 164.957 329.915 1e+100
5 242.275 484.55 1e+100
2 221.189 884.755 1e+100
9 329.926 329.926 1e+100
14 497.998 995.997 1e+100
0 152.304 152.304 1e+100
11 135.557 271.114 1e+100
4 388.152 776.305 1e+100
8 195.528 391.055 1e+100
6 139.863 139.863 1e+100
13 370.17 740.341 1e+100
19 410.428 820.856 1e+100
3 166.277 166.277 1e+100
2 1631.19 6524.78 1e+100
1 226.877 453.754 1e+100
5 207.967 831.869 1e+100
15 132.844 132.844 1e+100
10 918.876 1837.75 1e+100
17 59.0985 236.394 1e+100
16 183.258 366.515 1e+100
11 2321.06 9284.23 1e+100
8 2048.29 8193.15 1e+100
7 452.516 905.031 1e+100
54
2 290.258 1161.03 1e+100
5 295.182 295.182 1e+100
10 242.65 485.301 1e+100
4 232.672 465.343 1e+100
1 415.465 830.93 1e+100
12 403.744 403.744 1e+100
3 161.303 161.303 1e+100
17 347.771 1391.08 1e+100
8 1176.61 4706.46 1e+100
16 1001.03 2002.06 1e+100
14 813.017 1626.03 1e+100
15 542.526 542.526 1e+100
7 871.64 1743.28 1e+100
10 1098.68 2197.36 1e+100
19 542.144 1084.29 1e+100
11 445.145 890.29 1e+100
13 574.957 1149.91 1e+100
9 289.13 289.13 1e+100
2 587.407 2349.63 1e+100
1 1889.49 3778.98 1e+100
5 320.801 641.602 1e+100
6 970.404 970.404 1e+100
4 1110.7 2221.41 1e+100
17 774.403 3097.61 1e+100
11 144.993 144.993 1e+100
14 64.2564 128.513 1e+100
7 709.115 709.115 1e+100
3 139.863 139.863 1e+100
16 658.573 658.573 1e+100
18 306.433 306.433 1e+100
12 126.233 126.233 1e+100
10 302.387 604.775 1e+100
2 125.496 125.496 1e+100
5 283.476 1133.91 1e+100
8 540.156 2160.62 1e+100
19 375.627 751.254 1e+100
13 468.786 937.572 1e+100
15 501.705 501.705 1e+100
0 333.053 333.053 1e+100
11 160.756 160.756 1e+100
3 159.535 159.535 1e+100
9 142.572 142.572 1e+100
1 1616.59 1616.59 1e+100
12 173.802 173.802 1e+100
4 2870.27 2870.27 1e+100
14 2077.04 2077.04 1e+100
17 244.717 978.87 1e+100
14 156.71 156.71 1e+100
7 203.702 203.702 1e+100
18 96.045 96.045 1e+100
2 268.517 1074.07 1e+100
4 106.6 213.201 1e+100
16 461.028 922.057 1e+100
11 137.818 275.636 1e+100
55
2 290.258 1161.03 1e+100
5 295.182 295.182 1e+100
10 242.65 485.301 1e+100
4 232.672 465.343 1e+100
1 415.465 830.93 1e+100
12 403.744 403.744 1e+100
3 161.303 161.303 1e+100
17 347.771 1391.08 1e+100
8 1176.61 4706.46 1e+100
16 1001.03 2002.06 1e+100
14 813.017 1626.03 1e+100
15 542.526 542.526 1e+100
7 871.64 1743.28 1e+100
10 1098.68 2197.36 1e+100
19 542.144 1084.29 1e+100
11 445.145 890.29 1e+100
13 574.957 1149.91 1e+100
9 289.13 289.13 1e+100
2 587.407 2349.63 1e+100
5 1984.58 3969.17 1e+100
4 398.932 797.863 1e+100
0 2311.07 2311.07 1e+100
1 416.667 833.333 1e+100
17 774.403 3097.61 1e+100
11 154.411 154.411 1e+100
14 160.223 320.446 1e+100
6 438.243 438.243 1e+100
3 139.863 139.863 1e+100
7 164.227 164.227 1e+100
18 150.589 150.589 1e+100
15 813.587 813.587 1e+100
8 101.844 101.844 1e+100
1 314.156 314.156 1e+100
11 194.879 779.516 1e+100
10 160.59 321.179 1e+100
7 414.658 829.316 1e+100
16 476.04 952.08 1e+100
3 130.98 130.98 1e+100
2 257.036 514.072 1e+100
4 251.941 503.881 1e+100
14 298.57 597.141 1e+100
9 264.924 264.924 1e+100
13 236.367 472.734 1e+100
19 571.317 1142.63 1e+100
12 573.546 573.546 1e+100
2 1817.52 7270.09 1e+100
10 1434.81 2869.62 1e+100
11 619.441 2477.76 1e+100
18 598.625 598.625 1e+100
13 1698.67 3397.33 1e+100
8 922.327 3689.31 1e+100
5 692.977 1385.95 1e+100
17 1995.74 7982.95 1e+100
14 2151.3 8605.19 1e+100
4 385.853 771.706 1e+100
52
2 290.258 1161.03 1e+100
5 295.182 295.182 1e+100
10 242.65 485.301 1e+100
4 232.672 465.343 1e+100
1 415.465 830.93 1e+100
12 403.744 403.744 1e+100
3 161.303 161.303 1e+100
17 347.771 1391.08 1e+100
8 1176.61 4706.46 1e+100
16 1001.03 2002.06 1e+100
14 813.017 1626.03 1e+100
15 542.526 542.526 1e+100
7 871.64 1743.28 1e+100
10 1098.68 2197.36 1e+100
19 542.144 1084.29 1e+100
11 445.145 890.29 1e+100
13 574.957 1149.91 1e+100
9 289.13 289.13 1e+100
2 587.407 2349.63 1e+100
6 2484.38 2484.38 1e+100
5 240.292 480.584 1e+100
0 262.796 262.796 1e+100
1 803.87 1607.74 1e+100
18 224.172 224.172 1e+100
4 236.571 473.142 1e+100
14 268.702 268.702 1e+100
3 183.412 183.412 1e+100
12 10.631 10.631 1e+100
15 73.0912 73.0912 1e+100
10 218.425 436.851 1e+100
9 196.257 196.257 1e+100
5 197.134 788.537 1e+100
17 484.853 1939.41 1e+100
8 210.048 420.096 1e+100
11 262.796 525.592 1e+100
16 555.594 555.594 1e+100
0 75.0017 75.0017 1e+100
4 160.756 160.756 1e+100
13 234.928 234.928 1e+100
2 227.047 227.047 1e+100
15 174.019 174.019 1e+100
1 174.636 174.636 1e+100
3 159.535 159.535 1e+100
9 158.15 158.15 1e+100
14 244.717 978.87 1e+100
10 146.331 146.331 1e+100
12 296.269 296.269 1e+100
18 98.1449 98.1449 1e+100
5 64.5709 258.284 1e+100
19 418.742 837.484 1e+100
8 507.529 1015.06 1e+100
4 137.818 275.636 1e+100
38
2 281.903 1127.61 1e+100
4 315.065 630.131 1e+100
3 197.944 197.944 1e+100
8 493.345 1973.38 1e+100
6 264.453 264.453 1e+100
16 366.974 366.974 1e+100
10 136.684 136.684 1e+100
12 110.448 110.448 1e+100
5 204.204 816.814 1e+100
11 537.664 1075.33 1e+100
15 345.311 345.311 1e+100
0 34.1731 34.1731 1e+100
13 568.6 1137.2 1e+100
17 591.466 2365.87 1e+100
14 713.296 2853.19 1e+100
7 834.982 1669.96 1e+100
9 326.51 326.51 1e+100
4 154.432 308.863 1e+100
15 54.3407 54.3407 1e+100
8 135.584 271.167 1e+100
1 375.234 375.234 1e+100
5 85.3357 85.3357 1e+100
16 302.387 604.775 1e+100
12 125.496 125.496 1e+100
11 295.885 1183.54 1e+100
2 318.46 1273.84 1e+100
7 84.2187 168.437 1e+100
17 231.136 924.546 1e+100
9 166.908 166.908 1e+100
14 715.399 2861.6 1e+100
16 31.6305 63.2609 1e+100
5 196.257 785.028 1e+100
4 148.116 296.231 1e+100
12 131.546 131.546 1e+100
7 670.212 1340.42 1e+100
15 116.228 116.228 1e+100
11 71.3496 285.398 1e+100
13 84.1383 168.277 1e+100
62
2 290.258 1161.03 1e+100
5 295.182 295.182 1e+100
10 242.65 485.301 1e+100
4 232.672 465.343 1e+100
1 415.465 830.93 1e+100
12 403.744 403.744 1e+100
3 161.303 161.303 1e+100
17 347.771 1391.08 1e+100
8 1176.61 4706.46 1e+100
16 1001.03 2002.06 1e+100
14 813.017 1626.03 1e+100
15 542.526 542.526 1e+100
7 871.64 1743.28 1e+100
10 1098.68 2197.36 1e+100
19 542.144 1084.29 1e+100
11 445.145 890.29 1e+100
13 574.957 1149.91 1e+100
9 289.13 289.13 1e+100
2 587.407 2349.63 1e+100
18 341.216 341.216 1e+100
5 238.362 476.724 1e+100
0 262.796 262.796 1e+100
1 405.553 811.107 1e+100
12 408.503 408.503 1e+100
4 274.374 548.748 1e+100
11 269.291 269.291 1e+100
9 640.754 640.754 1e+100
17 489.583 1958.33 1e+100
5 224.556 898.224 1e+100
15 212.087 212.087 1e+100
7 123.131 246.262 1e+100
16 374.592 749.184 1e+100
1 310.862 621.723 1e+100
10 178.866 357.732 1e+100
13 416.976 416.976 1e+100
3 176.891 176.891 1e+100
6 163.827 163.827 1e+100
14 327.972 655.944 1e+100
4 44.6163 89.2326 1e+100
11 279.934 1119.74 1e+100
2 459.872 1839.49 1e+100
8 795.674 3182.7 1e+100
19 397.958 795.916 1e+100
7 1542.64 3085.28 1e+100
1 2665.11 2665.11 1e+100
18 125.04 125.04 1e+100
0 158.727 158.727 1e+100
12 63.2609 63.2609 1e+100
9 146.331 146.331 1e+100
10 238.369 476.738 1e+100
5 320.715 1282.86 1e+100
14 818.903 3275.61 1e+100
16 853.857 1707.71 1e+100
17 499.815 1999.26 1e+100
15 245.269 245.269 1e+100
13 2358.5 4716.99 1e+100
4 776.414 1552.83 1e+100
11 682.632 2730.53 1e+100
3 535.106 535.106 1e+100
9 1036.89 1036.89 1e+100
19 835.039 1670.08 1e+100
0 353.135 353.135 1e+100
55
2 290.258 1161.03 1e+100
5 295.182 295.182 1e+100
10 242.65 485.301 1e+100
4 232.672 465.343 1e+100
1 415.465 830.93 1e+100
12 403.744 403.744 1e+100
3 161.303 161.303 1e+100
17 347.771 1391.08 1e+100
8 1176.61 4706.46 1e+100
16 1001.03 2002.06 1e+100
14 813.017 1626.03 1e+100
15 542.526 542.526 1e+100
7 871.64 1743.28 1e+100
10 1098.68 2197.36 1e+100
19 542.144 1084.29 1e+100
11 445.145 890.29 1e+100
13 574.957 1149.91 1e+100
9 289.13 289.13 1e+100
2 587.407 2349.63 1e+100
18 341.216 341.216 1e+100
5 237.678 475.357 1e+100
0 262.796 262.796 1e+100
1 404.851 809.703 1e+100
12 561.575 561.575 1e+100
14 509.498 1019 1e+100
11 272.107 272.107 1e+100
4 183.412 183.412 1e+100
7 424.304 424.304 1e+100
8 92.0405 184.081 1e+100
9 183.284 183.284 1e+100
17 74.9705 299.882 1e+100
15 510.936 510.936 1e+100
2 130.859 523.438 1e+100
1 56.2969 56.2969 1e+100
11 66.2347 132.469 1e+100
5 163.866 327.733 1e+100
16 138.553 277.106 1e+100
0 346.296 346.296 1e+100
3 125.04 125.04 1e+100
19 489.231 489.231 1e+100
9 26.8081 26.8081 1e+100
12 146.331 146.331 1e+100
4 125.409 250.818 1e+100
2 532.411 2129.64 1e+100
14 49.2669 197.068 1e+100
13 197.944 395.889 1e+100
8 269.201 1076.81 1e+100
15 146.331 146.331 1e+100
7 424.13 848.26 1e+100
10 146.92 293.839 1e+100
11 456.786 1827.14 1e+100
17 685.884 685.884 1e+100
18 146.957 146.957 1e+100
5 600.948 1201.9 1e+100
12 374.374 374.374 1e+100
61
2 290.258 1161.03 1e+100
5 295.182 295.182 1e+100
10 242.65 485.301 1e+100
4 232.672 465.343 1e+100
1 415.465 830.93 1e+100
12 403.744 403.744 1e+100
3 161.303 161.303 1e+100
17 347.771 1391.08 1e+100
8 1176.61 4706.46 1e+100
16 1001.03 2002.06 1e+100
14 813.017 1626.03 1e+100
15 542.526 542.526 1e+100
7 871.64 1743.28 1e+100
10 1098.68 2197.36 1e+100
19 542.144 1084.29 1e+100
11 445.145 890.29 1e+100
13 574.957 1149.91 1e+100
9 289.13 289.13 1e+100
2 587.407 2349.63 1e+100
5 278.01 1112.04 1e+100
1 1219.51 2439.01 1e+100
4 513.435 1026.87 1e+100
15 449.89 449.89 1e+100
18 184.391 184.391 1e+100
16 143.143 286.286 1e+100
7 155.098 310.196 1e+100
14 411.982 1647.93 1e+100
17 308.208 1232.83 1e+100
0 329.14 329.14 1e+100
19 277.275 554.549 1e+100
10 230.993 461.986 1e+100
8 190.228 380.456 1e+100
11 561.485 1122.97 1e+100
13 238.246 238.246 1e+100
3 112.671 112.671 1e+100
6 163.827 163.827 1e+100
5 302.166 604.331 1e+100
2 208.157 416.314 1e+100
17 1701.49 6805.97 1e+100
14 1701.14 6804.56 1e+100
8 1237.06 4948.23 1e+100
4 954.35 1908.7 1e+100
7 1857.13 3714.25 1e+100
0 119.074 119.074 1e+100
15 156.861 156.861 1e+100
9 163.775 163.775 1e+100
18 236.966 236.966 1e+100
12 294.968 294.968 1e+100
4 2222.64 4445.29 1e+100
2 1160.17 4640.68 1e+100
5 793.097 3172.39 1e+100
10 713.482 1426.96 1e+100
8 2706.22 10824.9 1e+100
11 132.199 132.199 1e+100
19 791.992 1583.98 1e+100
16 518.145 1036.29 1e+100
11 1399 5595.99 1e+100
3 472.51 472.51 1e+100
13 2322.28 2322.28 1e+100
10 1802.94 3605.88 1e+100
9 358.183 358.183 1e+100
49
2 290.258 1161.03 1e+100
5 295.182 295.182 1e+100
10 242.65 485.301 1e+100
4 232.672 465.343 1e+100
1 415.465 830.93 1e+100
12 403.744 403.744 1e+100
3 161.303 161.303 1e+100
17 347.771 1391.08 1e+100
8 1176.61 4706.46 1e+100
16 1001.03 2002.06 1e+100
14 813.017 1626.03 1e+100
15 542.526 542.526 1e+100
7 871.64 1743.28 1e+100
10 1098.68 2197.36 1e+100
19 542.144 1084.29 1e+100
11 445.145 890.29 1e+100
13 574.957 1149.91 1e+100
9 289.13 289.13 1e+100
2 587.407 2349.63 1e+100
5 1027.35 2054.69 1e+100
0 781.148 781.148 1e+100
1 636.844 1273.69 1e+100
15 111.232 111.232 1e+100
8 82.8892 165.778 1e+100
3 62.2729 62.2729 1e+100
12 160.933 160.933 1e+100
5 967.164 967.164 1e+100
6 1292.43 1292.43 1e+100
17 139.307 557.229 1e+100
1 108.343 216.687 1e+100
7 430.496 860.991 1e+100
19 35.5363 71.0725 1e+100
4 1227.23 1227.23 1e+100
13 296.676 296.676 1e+100
16 157.009 157.009 1e+100
10 159.535 159.535 1e+100
15 142.572 142.572 1e+100
0 182.327 182.327 1e+100
9 173.802 173.802 1e+100
14 234.928 234.928 1e+100
3 869.978 869.978 1e+100
2 170.714 682.858 1e+100
17 133.141 133.141 1e+100
12 203.702 203.702 1e+100
18 699.774 699.774 1e+100
8 319.656 1278.63 1e+100
16 443.804 887.609 1e+100
11 301.77 603.539 1e+100
1 86.6704 173.341 1e+100
55
2 281.903 1127.61 1e+100
4 315.065 630.131 1e+100
3 197.944 197.944 1e+100
8 493.345 1973.38 1e+100
6 264.453 264.453 1e+100
16 366.974 366.974 1e+100
10 136.684 136.684 1e+100
12 110.448 110.448 1e+100
5 204.204 816.814 1e+100
11 537.664 1075.33 1e+100
15 345.311 345.311 1e+100
0 34.1731 34.1731 1e+100
13 568.6 1137.2 1e+100
17 591.466 2365.87 1e+100
14 713.296 2853.19 1e+100
7 359.087 718.174 1e+100
1 352.407 704.814 1e+100
18 1909.27 1909.27 1e+100
19 1127.92 2255.84 1e+100
5 651.092 2604.37 1e+100
3 197.027 197.027 1e+100
4 158.55 317.099 1e+100
8 553.532 553.532 1e+100
9 320.481 320.481 1e+100
6 388.112 388.112 1e+100
0 10.631 10.631 1e+100
12 126.233 126.233 1e+100
2 1136.46 2272.93 1e+100
10 237.24 237.24 1e+100
11 315.551 1262.2 1e+100
17 317.628 1270.51 1e+100
7 158.264 316.529 1e+100
14 137.408 549.633 1e+100
8 2336.78 2336.78 1e+100
5 896.369 3585.48 1e+100
3 139.168 139.168 1e+100
1 135.007 270.014 1e+100
9 111.687 111.687 1e+100
4 291.065 582.131 1e+100
13 612.265 1224.53 1e+100
15 501.743 501.743 1e+100
12 719.948 719.948 1e+100
19 985.216 1970.43 1e+100
16 615.762 1231.52 1e+100
11 1027.61 4110.45 1e+100
17 1175.42 4701.67 1e+100
14 1045.61 4182.46 1e+100
10 208.522 417.044 1e+100
2 847.175 3388.7 1e+100
0 411.017 411.017 1e+100
7 1789.99 3579.98 1e+100
1 696.1 1392.2 1e+100
6 743.039 743.039 1e+100
4 506.961 1013.92 1e+100
9 299.739 299.739 1e+100
45
8 3257.54 6515.09 1e+100
1 599.336 1198.67 1e+100
3 180.119 180.119 1e+100
5 273.912 1095.65 1e+100
14 394.365 394.365 1e+100
19 261.812 261.812 1e+100
11 411.683 1646.73 1e+100
17 1197.11 4788.44 1e+100
7 469.886 469.886 1e+100
2 300.478 1201.91 1e+100
10 121.674 121.674 1e+100
4 287.473 287.473 1e+100
18 215.24 215.24 1e+100
13 562.227 1124.45 1e+100
16 711.833 1423.67 1e+100
15 512.182 512.182 1e+100
12 141.379 141.379 1e+100
9 233.264 233.264 1e+100
0 388.812 388.812 1e+100
6 1371.94 1371.94 1e+100
5 8313.62 33254.5 1e+100
14 2159.46 8637.84 1e+100
19 1413.44 2826.88 1e+100
3 86.9547 86.9547 1e+100
11 167.691 335.383 1e+100
13 24.1474 24.1474 1e+100
7 414.272 828.544 1e+100
10 510.581 510.581 1e+100
18 2842.49 2842.49 1e+100
9 835.159 835.159 1e+100
18 100.245 100.245 1e+100
11 547.765 2191.06 1e+100
16 237.29 474.581 1e+100
7 416.663 833.325 1e+100
17 701.938 2807.75 1e+100
3 166.908 166.908 1e+100
2 837.291 3349.17 1e+100
19 13.3705 26.741 1e+100
8 682.537 2730.15 1e+100
4 112.97 225.939 1e+100
6 131.546 131.546 1e+100
10 1034.42 2068.83 1e+100
13 142.543 142.543 1e+100
11 23.8024 95.2096 1e+100
16 57.0775 114.155 1e+100
58
8 3257.54 6515.09 1e+100
1 599.336 1198.67 1e+100
3 180.119 180.119 1e+100
5 273.912 1095.65 1e+100
14 394.365 394.365 1e+100
19 261.812 261.812 1e+100
11 411.683 1646.73 1e+100
17 1197.11 4788.44 1e+100
7 469.886 469.886 1e+100
2 300.478 1201.91 1e+100
10 121.674 121.674 1e+100
4 287.473 287.473 1e+100
18 215.24 215.24 1e+100
13 562.227 1124.45 1e+100
16 711.833 1423.67 1e+100
15 512.182 512.182 1e+100
12 141.379 141.379 1e+100
9 233.264 233.264 1e+100
0 388.812 388.812 1e+100
6 1371.94 1371.94 1e+100
5 981.507 3926.03 1e+100
14 2159.46 8637.84 1e+100
19 2235.35 4470.71 1e+100
11 537.19 1074.38 1e+100
18 1823.04 1823.04 1e+100
1 1357.85 2715.71 1e+100
2 434.44 1737.76 1e+100
10 144.993 144.993 1e+100
13 313.116 626.232 1e+100
7 524.418 524.418 1e+100
9 139.863 139.863 1e+100
12 570.962 570.962 1e+100
11 505.64 505.64 1e+100
4 160.933 160.933 1e+100
15 881.183 881.183 1e+100
0 300.987 300.987 1e+100
17 289.584 1158.34 1e+100
10 103.206 206.412 1e+100
7 416.516 833.032 1e+100
5 278.707 557.414 1e+100
9 130.98 130.98 1e+100
2 325.801 651.603 1e+100
16 540.941 1081.88 1e+100
8 172.698 345.396 1e+100
6 292.529 292.529 1e+100
13 582.951 1165.9 1e+100
4 690.211 1380.42 1e+100
3 1252.49 1252.49 1e+100
11 1304.91 5219.63 1e+100
14 1593.77 3187.55 1e+100
17 714.146 2856.58 1e+100
0 1522.99 1522.99 1e+100
1 1867.93 3735.86 1e+100
8 2336.97 9347.89 1e+100
19 183.258 366.515 1e+100
5 2410.61 9642.43 1e+100
2 2732.52 10930.1 1e+100
10 285.514 571.027 1e+100
65
17 1031.54 4126.16 1e+100
10 161.669 161.669 1e+100
5 302.314 1209.26 1e+100
4 273.479 273.479 1e+100
9 297.973 297.973 1e+100
2 146.762 293.523 1e+100
3 167.2 167.2 1e+100
11 399.624 1598.5 1e+100
12 400.166 400.166 1e+100
1 728.042 1456.08 1e+100
18 426.19 426.19 1e+100
17 2025.56 8102.23 1e+100
4 1411.41 2822.83 1e+100
19 826.484 1652.97 1e+100
11 2966.57 11866.3 1e+100
7 155.444 310.888 1e+100
16 905.975 1811.95 1e+100
8 1292.99 5171.95 1e+100
0 702.9 702.9 1e+100
15 501.283 501.283 1e+100
5 1054.36 4217.45 1e+100
7 2322.72 4645.44 1e+100
10 1731.02 3462.04 1e+100
1 2597.98 5195.96 1e+100
14 2688.77 10755.1 1e+100
14 786.016 1572.03 1e+100
6 970.069 970.069 1e+100
19 1483.89 2967.78 1e+100
12 970.745 970.745 1e+100
13 2098.15 4196.31 1e+100
2 442.15 884.299 1e+100
3 2548.52 2548.52 1e+100
16 1227.87 2455.75 1e+100
5 1235.21 4940.84 1e+100
9 1086.14 1086.14 1e+100
4 549.249 1098.5 1e+100
18 780.087 780.087 1e+100
15 404.937 404.937 1e+100
0 556.559 556.559 1e+100
8 1419.83 2839.65 1e+100
2 668.636 1337.27 1e+100
12 2783.75 2783.75 1e+100
17 152.896 305.791 1e+100
19 1124.41 2248.83 1e+100
11 983.474 3933.9 1e+100
6 116.882 116.882 1e+100
7 1771.01 3542.01 1e+100
15 179.079 179.079 1e+100
4 759.063 1518.13 1e+100
10 346.895 693.789 1e+100
5 146.126 292.252 1e+100
18 2489.96 2489.96 1e+100
1 1120.56 2241.12 1e+100
17 223.105 446.21 1e+100
0 2236.81 2236.81 1e+100
2 321.167 1284.67 1e+100
16 645.086 1290.17 1e+100
14 676.399 2705.59 1e+100
9 132.844 132.844 1e+100
13 1687.69 3375.38 1e+100
8 985.077 3940.31 1e+100
19 1990.45 3980.9 1e+100
5 1860.53 7442.11 1e+100
11 2490.38 9961.52 1e+100
10 480.807 961.614 1e+100
59
8 3257.54 6515.09 1e+100
1 599.336 1198.67 1e+100
3 180.119 180.119 1e+100
5 273.912 1095.65 1e+100
14 394.365 394.365 1e+100
19 261.812 261.812 1e+100
11 411.683 1646.73 1e+100
17 1197.11 4788.44 1e+100
7 469.886 469.886 1e+100
2 300.478 1201.91 1e+100
10 121.674 121.674 1e+100
4 287.473 287.473 1e+100
18 215.24 215.24 1e+100
13 562.227 1124.45 1e+100
16 711.833 1423.67 1e+100
15 512.182 512.182 1e+100
12 141.379 141.379 1e+100
9 233.264 233.264 1e+100
0 388.812 388.812 1e+100
6 1371.94 1371.94 1e+100
2 1501.18 6004.74 1e+100
14 2159.46 8637.84 1e+100
19 2235.35 4470.71 1e+100
1 816.085 1632.17 1e+100
11 2077.58 2077.58 1e+100
10 1330.89 2661.78 1e+100
5 275.603 1102.41 1e+100
12 344.568 344.568 1e+100
13 313.116 626.232 1e+100
7 229.04 229.04 1e+100
9 139.863 139.863 1e+100
18 434.428 434.428 1e+100
4 83.0615 166.123 1e+100
16 703.724 1407.45 1e+100
9 3588.64 3588.64 1e+100
17 622.922 1245.84 1e+100
1 632.262 1264.52 1e+100
8 437.375 1749.5 1e+100
0 509.062 509.062 1e+100
5 163.866 327.733 1e+100
13 126.49 252.981 1e+100
3 845.824 845.824 1e+100
2 125.04 125.04 1e+100
12 158.727 158.727 1e+100
15 329.699 329.699 1e+100
6 245.269 245.269 1e+100
2 1803.37 3606.75 1e+100
14 1352.42 5409.68 1e+100
17 406.493 1625.97 1e+100
16 276.352 552.703 1e+100
8 1474.08 5896.34 1e+100
7 1149.35 1149.35 1e+100
4 664.19 1328.38 1e+100
1 207.595 415.189 1e+100
5 620.653 2482.61 1e+100
19 1392.4 1392.4 1e+100
18 1356.81 1356.81 1e+100
1 1875.71 3751.42 1e+100
12 353.135 353.135 1e+100
65
8 3257.54 6515.09 1e+100
1 599.336 1198.67 1e+100
3 180.119 180.119 1e+100
5 273.912 1095.65 1e+100
14 394.365 394.365 1e+100
19 261.812 261.812 1e+100
11 411.683 1646.73 1e+100
17 1197.11 4788.44 1e+100
7 469.886 469.886 1e+100
2 300.478 1201.91 1e+100
10 121.674 121.674 1e+100
4 287.473 287.473 1e+100
18 215.24 215.24 1e+100
13 562.227 1124.45 1e+100
16 711.833 1423.67 1e+100
15 512.182 512.182 1e+100
12 141.379 141.379 1e+100
9 233.264 233.264 1e+100
0 388.812 388.812 1e+100
6 1371.94 1371.94 1e+100
17 2306.49 9225.96 1e+100
14 5356.7 21426.8 1e+100
4 1911.31 3822.62 1e+100
19 901.14 901.14 1e+100
13 156.731 313.463 1e+100
15 104.28 104.28 1e+100
7 57.0404 114.081 1e+100
11 86.5358 346.143 1e+100
14 182.553 730.214 1e+100
18 95.2057 95.2057 1e+100
1 397.508 795.015 1e+100
16 268.509 537.018 1e+100
2 1288.99 2577.98 1e+100
13 186.038 372.076 1e+100
6 421.783 421.783 1e+100
12 41.8641 41.8641 1e+100
3 767.695 767.695 1e+100
10 395.011 790.023 1e+100
7 1912.42 3824.85 1e+100
11 1551.36 6205.43 1e+100
8 531.369 2125.48 1e+100
8 3686.53 14746.1 1e+100
17 490.715 1962.86 1e+100
0 128.952 128.952 1e+100
5 426.813 1707.25 1e+100
18 475.471 475.471 1e+100
16 1152.75 2305.49 1e+100
15 148.151 148.151 1e+100
10 1473.52 2947.03 1e+100
4 1553.25 3106.5 1e+100
12 1352.14 1352.14 1e+100
9 597.365 597.365 1e+100
19 544.351 1088.7 1e+100
13 400.593 801.187 1e+100
17 1915.01 7660.05 1e+100
2 1974.61 7898.44 1e+100
5 2214.65 8858.61 1e+100
1 1629.03 3258.06 1e+100
11 2593.25 10373 1e+100
0 1128.99 1128.99 1e+100
19 1883.24 3766.48 1e+100
16 1713.84 3427.68 1e+100
6 1937.2 1937.2 1e+100
13 866.508 1733.02 1e+100
15 336.079 336.079 1e+100
76
17 1031.54 4126.16 1e+100
10 161.669 161.669 1e+100
5 302.314 1209.26 1e+100
4 273.479 273.479 1e+100
9 297.973 297.973 1e+100
2 146.762 293.523 1e+100
3 167.2 167.2 1e+100
11 399.624 1598.5 1e+100
12 400.166 400.166 1e+100
1 728.042 1456.08 1e+100
18 426.19 426.19 1e+100
5 1652.99 6611.95 1e+100
10 1691.01 3382.02 1e+100
19 826.484 1652.97 1e+100
11 2966.57 11866.3 1e+100
7 155.444 310.888 1e+100
16 905.975 1811.95 1e+100
8 1292.99 5171.95 1e+100
0 702.9 702.9 1e+100
15 501.283 501.283 1e+100
17 1426.93 5707.72 1e+100
7 2322.72 4645.44 1e+100
1 2774.37 5548.73 1e+100
19 2483.13 4966.25 1e+100
14 2688.77 10755.1 1e+100
14 786.016 1572.03 1e+100
6 970.069 970.069 1e+100
4 405.638 811.275 1e+100
3 898.544 898.544 1e+100
13 650.657 1301.31 1e+100
10 1912.17 3824.34 1e+100
16 1509.23 3018.46 1e+100
2 1028.24 4112.95 1e+100
5 1772.63 7090.54 1e+100
9 137.155 137.155 1e+100
12 151.67 151.67 1e+100
4 1147.82 2295.64 1e+100
18 869.369 869.369 1e+100
15 493.019 493.019 1e+100
17 1137.9 1137.9 1e+100
0 1469.2 1469.2 1e+100
8 815.574 1631.15 1e+100
2 2224.48 8897.92 1e+100
11 2814.64 11258.6 1e+100
3 798.074 798.074 1e+100
7 2016.4 4032.8 1e+100
19 2129.86 4259.73 1e+100
8 1876.73 3753.46 1e+100
13 1709.41 3418.81 1e+100
6 635.008 635.008 1e+100
12 41.8641 41.8641 1e+100
9 2314.32 2314.32 1e+100
4 1600.73 3201.46 1e+100
10 1860.95 3721.9 1e+100
14 1412.28 5649.12 1e+100
5 1512.63 6050.52 1e+100
17 2756.4 11025.6 1e+100
19 3268.14 6536.27 1e+100
15 755.745 755.745 1e+100
2 3623.77 7247.54 1e+100
13 2137.61 4275.22 1e+100
1 840.032 1680.06 1e+100
3 1140.7 1140.7 1e+100
1 2806.94 5613.89 1e+100
7 3199.17 6398.33 1e+100
18 1005.76 1005.76 1e+100
5 3594.51 14378 1e+100
16 1745.76 3491.52 1e+100
14 2416.97 9667.88 1e+100
12 740.722 740.722 1e+100
4 2025.14 4050.27 1e+100
11 3352.96 13411.8 1e+100
10 2714.86 5429.71 1e+100
8 1258.78 5035.13 1e+100
17 2309.59 9238.38 1e+100
13 2271.52 4543.04 1e+100
61
17 1031.54 4126.16 1e+100
10 161.669 161.669 1e+100
5 302.314 1209.26 1e+100
4 273.479 273.479 1e+100
9 297.973 297.973 1e+100
2 146.762 293.523 1e+100
3 167.2 167.2 1e+100
11 399.624 1598.5 1e+100
12 400.166 400.166 1e+100
1 728.042 1456.08 1e+100
18 426.19 426.19 1e+100
2 1504.15 6016.6 1e+100
4 1411.41 2822.83 1e+100
19 826.484 1652.97 1e+100
5 2869.08 11476.3 1e+100
7 155.444 310.888 1e+100
16 905.975 1811.95 1e+100
8 1292.99 5171.95 1e+100
0 702.9 702.9 1e+100
15 501.283 501.283 1e+100
17 1426.93 5707.72 1e+100
11 2243.23 4486.45 1e+100
7 2594.3 5188.6 1e+100
4 4456.71 8913.41 1e+100
2 2662.15 10648.6 1e+100
14 786.016 1572.03 1e+100
6 970.069 970.069 1e+100
1 1736.38 3472.77 1e+100
10 592.522 592.522 1e+100
19 1524.91 3049.81 1e+100
4 1632.58 3265.15 1e+100
16 1509.23 3018.46 1e+100
14 2378.62 9514.49 1e+100
17 1903.95 7615.8 1e+100
9 137.155 137.155 1e+100
3 151.67 151.67 1e+100
10 1095 2190.01 1e+100
18 787.638 787.638 1e+100
15 493.441 493.441 1e+100
12 680.97 680.97 1e+100
0 1469.2 1469.2 1e+100
8 815.574 1631.15 1e+100
6 1433.83 1433.83 1e+100
7 3266.51 6533.01 1e+100
3 314.727 314.727 1e+100
11 2479.57 9918.3 1e+100
9 669.587 669.587 1e+100
5 1530.67 6122.69 1e+100
15 1670.95 1670.95 1e+100
13 183.924 367.847 1e+100
2 606.421 2425.69 1e+100
3 253.519 253.519 1e+100
14 3160.75 12643 1e+100
19 524.768 1049.54 1e+100
-1 1e+100 1e+100 1e+100
1 148.116 296.231 1e+100
18 351.344 351.344 1e+100
16 466.776 933.552 1e+100
9 196.362 196.362 1e+100
17 348.33 1393.32 1e+100
13 84.1383 168.277 1e+100
61
17 1031.54 4126.16 1e+100
10 161.669 161.669 1e+100
5 302.314 1209.26 1e+100
4 273.479 273.479 1e+100
9 297.973 297.973 1e+100
2 146.762 293.523 1e+100
3 167.2 167.2 1e+100
11 399.624 1598.5 1e+100
12 400.166 400.166 1e+100
1 728.042 1456.08 1e+100
18 426.19 426.19 1e+100
11 2250.86 9003.45 1e+100
4 1411.41 2822.83 1e+100
19 826.484 1652.97 1e+100
2 4026.89 16107.5 1e+100
7 155.444 310.888 1e+100
16 905.975 1811.95 1e+100
8 1292.99 5171.95 1e+100
0 702.9 702.9 1e+100
15 501.283 501.283 1e+100
17 1426.93 5707.72 1e+100
8 4037.94 8075.87 1e+100
1 2774.37 5548.73 1e+100
19 2483.13 4966.25 1e+100
5 991.358 3965.43 1e+100
14 786.016 1572.03 1e+100
6 970.069 970.069 1e+100
2 259.133 518.265 1e+100
9 916.141 916.141 1e+100
14 1512.59 6050.38 1e+100
7 167.167 334.335 1e+100
13 659.346 1318.69 1e+100
12 387.074 387.074 1e+100
18 507.112 507.112 1e+100
4 1303.76 2607.51 1e+100
10 236.527 473.054 1e+100
7 1296.64 2593.28 1e+100
11 713.846 1427.69 1e+100
3 792.644 792.644 1e+100
17 338.664 677.329 1e+100
5 441.6 883.2 1e+100
14 739.352 2957.41 1e+100
18 216.509 216.509 1e+100
19 559.167 1118.33 1e+100
16 1312.98 1312.98 1e+100
15 367.476 367.476 1e+100
6 160.756 160.756 1e+100
9 230.697 230.697 1e+100
0 142.572 142.572 1e+100
11 174.019 174.019 1e+100
12 173.802 173.802 1e+100
4 1880.28 1880.28 1e+100
6 1185.77 1185.77 1e+100
17 127.841 511.363 1e+100
7 1756.89 1756.89 1e+100
10 203.702 203.702 1e+100
13 98.1449 98.1449 1e+100
2 154.269 617.076 1e+100
5 141.589 283.178 1e+100
8 1102.69 2205.37 1e+100
1 158.13 316.261 1e+100
69
17 1031.54 4126.16 1e+100
10 161.669 161.669 1e+100
5 302.314 1209.26 1e+100
4 273.479 273.479 1e+100
9 297.973 297.973 1e+100
2 146.762 293.523 1e+100
3 167.2 167.2 1e+100
11 399.624 1598.5 1e+100
12 400.166 400.166 1e+100
1 728.042 1456.08 1e+100
18 426.19 426.19 1e+100
2 1504.15 6016.6 1e+100
10 1691.01 3382.02 1e+100
19 826.484 1652.97 1e+100
11 2966.57 11866.3 1e+100
7 155.444 310.888 1e+100
16 905.975 1811.95 1e+100
8 1292.99 5171.95 1e+100
0 702.9 702.9 1e+100
15 501.283 501.283 1e+100
5 1054.36 4217.45 1e+100
7 2322.72 4645.44 1e+100
17 2001.84 4003.67 1e+100
19 2483.13 4966.25 1e+100
2 2662.15 10648.6 1e+100
14 786.016 1572.03 1e+100
6 970.069 970.069 1e+100
4 405.638 811.275 1e+100
15 1927.67 1927.67 1e+100
13 650.657 1301.31 1e+100
1 1484.75 2969.5 1e+100
16 1509.23 3018.46 1e+100
14 2378.62 9514.49 1e+100
5 1531.38 6125.52 1e+100
3 137.155 137.155 1e+100
9 270.119 270.119 1e+100
10 1091.95 2183.89 1e+100
18 788.36 788.36 1e+100
12 341.882 341.882 1e+100
4 957.881 957.881 1e+100
0 1469.2 1469.2 1e+100
8 815.574 1631.15 1e+100
13 1474.52 2949.04 1e+100
17 2096.65 4193.29 1e+100
6 1877.32 1877.32 1e+100
1 1843.8 3687.6 1e+100
7 2560.01 5120.03 1e+100
11 983.474 3933.9 1e+100
12 222.094 222.094 1e+100
5 899.999 1800 1e+100
10 366.651 733.303 1e+100
8 1930.08 1930.08 1e+100
18 1091.05 1091.05 1e+100
3 242.65 242.65 1e+100
16 1830.71 1830.71 1e+100
9 156.71 156.71 1e+100
2 298.729 597.457 1e+100
14 1015.52 4062.08 1e+100
17 1516.31 6065.23 1e+100
19 753.479 1506.96 1e+100
11 2020.18 8080.73 1e+100
15 156.71 156.71 1e+100
4 306.676 613.352 1e+100
1 1188.11 2376.21 1e+100
5 1356.79 5427.14 1e+100
9 1342.6 1342.6 1e+100
0 1337.41 1337.41 1e+100
13 1756.95 3513.9 1e+100
3 437.058 437.058 1e+100
61
17 1031.54 4126.16 1e+100
10 161.669 161.669 1e+100
5 302.314 1209.26 1e+100
4 273.479 273.479 1e+100
9 297.973 297.973 1e+100
2 146.762 293.523 1e+100
3 167.2 167.2 1e+100
11 399.624 1598.5 1e+100
12 400.166 400.166 1e+100
1 728.042 1456.08 1e+100
18 426.19 426.19 1e+100
5 1652.99 6611.95 1e+100
17 1786.32 3572.63 1e+100
19 826.484 1652.97 1e+100
5 4688.71 18754.8 1e+100
7 155.444 310.888 1e+100
16 905.975 1811.95 1e+100
8 1292.99 5171.95 1e+100
0 702.9 702.9 1e+100
15 501.283 501.283 1e+100
2 905.524 3622.1 1e+100
19 4985.31 9970.61 1e+100
1 2774.37 5548.73 1e+100
2 2836.74 5673.49 1e+100
11 1447.34 5789.36 1e+100
14 786.016 1572.03 1e+100
6 970.069 970.069 1e+100
4 405.638 811.275 1e+100
12 970.745 970.745 1e+100
17 1696.89 6787.58 1e+100
7 167.167 334.335 1e+100
19 908.367 1816.73 1e+100
3 584.573 584.573 1e+100
9 222.245 222.245 1e+100
1 2557.77 5115.54 1e+100
10 573.782 1147.56 1e+100
4 396.707 396.707 1e+100
18 160.933 160.933 1e+100
7 101.844 101.844 1e+100
0 300.987 300.987 1e+100
14 127.668 510.672 1e+100
13 250.471 500.942 1e+100
8 430.496 860.991 1e+100
11 508.271 1016.54 1e+100
12 121.766 121.766 1e+100
3 552.647 552.647 1e+100
6 160.756 160.756 1e+100
16 920.959 920.959 1e+100
0 1891.43 1891.43 1e+100
7 2017.78 2017.78 1e+100
15 541.207 541.207 1e+100
18 518.107 518.107 1e+100
9 158.15 158.15 1e+100
2 205.506 822.024 1e+100
14 135.022 135.022 1e+100
10 388.527 388.527 1e+100
4 212.101 212.101 1e+100
17 670.192 2680.77 1e+100
13 570.477 1140.95 1e+100
5 586.512 1173.02 1e+100
11 1735.04 3470.08 1e+100
60
8 3257.54 6515.09 1e+100
1 599.336 1198.67 1e+100
3 180.119 180.119 1e+100
5 273.912 1095.65 1e+100
14 394.365 394.365 1e+100
19 261.812 261.812 1e+100
11 411.683 1646.73 1e+100
17 1197.11 4788.44 1e+100
7 469.886 469.886 1e+100
2 300.478 1201.91 1e+100
10 121.674 121.674 1e+100
4 287.473 287.473 1e+100
18 215.24 215.24 1e+100
13 562.227 1124.45 1e+100
16 711.833 1423.67 1e+100
15 512.182 512.182 1e+100
12 141.379 141.379 1e+100
9 233.264 233.264 1e+100
0 388.812 388.812 1e+100
6 1371.94 1371.94 1e+100
2 1501.18 6004.74 1e+100
14 2159.46 8637.84 1e+100
19 88.7794 88.7794 1e+100
1 608.905 1217.81 1e+100
10 955.78 955.78 1e+100
11 640.194 1280.39 1e+100
18 37.7172 37.7172 1e+100
13 181.092 362.183 1e+100
0 74.3694 74.3694 1e+100
12 266.222 266.222 1e+100
5 280.932 280.932 1e+100
16 73.0912 73.0912 1e+100
4 481.123 962.246 1e+100
9 221.874 221.874 1e+100
17 930.958 3723.83 1e+100
11 628.98 2515.92 1e+100
13 598.405 1196.81 1e+100
2 137.408 549.633 1e+100
8 591.356 591.356 1e+100
14 1511.88 6047.52 1e+100
7 2497.4 2497.4 1e+100
1 245.619 491.237 1e+100
0 111.687 111.687 1e+100
19 135.007 270.014 1e+100
10 926.308 1852.62 1e+100
15 498.803 498.803 1e+100
12 117.599 117.599 1e+100
16 650.81 1301.62 1e+100
5 720.644 1441.29 1e+100
2 1561.71 6246.82 1e+100
11 1486.77 5947.08 1e+100
8 1690.05 6760.21 1e+100
4 190.09 380.18 1e+100
17 1210.43 4841.71 1e+100
18 149.626 149.626 1e+100
13 2230.12 4460.24 1e+100
19 700.1 1400.2 1e+100
9 66.8036 66.8036 1e+100
1 457.514 915.028 1e+100
0 299.739 299.739 1e+100
53
8 3257.54 6515.09 1e+100
1 599.336 1198.67 1e+100
3 180.119 180.119 1e+100
5 273.912 1095.65 1e+100
14 394.365 394.365 1e+100
19 261.812 261.812 1e+100
11 411.683 1646.73 1e+100
17 1197.11 4788.44 1e+100
7 469.886 469.886 1e+100
2 300.478 1201.91 1e+100
10 121.674 121.674 1e+100
4 287.473 287.473 1e+100
18 215.24 215.24 1e+100
13 562.227 1124.45 1e+100
16 711.833 1423.67 1e+100
15 512.182 512.182 1e+100
12 141.379 141.379 1e+100
9 233.264 233.264 1e+100
0 388.812 388.812 1e+100
6 1371.94 1371.94 1e+100
5 981.507 3926.03 1e+100
14 2159.46 8637.84 1e+100
19 1413.44 2826.88 1e+100
3 172.014 172.014 1e+100
13 222.235 444.47 1e+100
12 195.399 195.399 1e+100
7 57.0404 114.081 1e+100
0 10.631 10.631 1e+100
16 85.3357 85.3357 1e+100
2 150.877 301.753 1e+100
1 217.959 217.959 1e+100
5 164.573 658.293 1e+100
17 484.853 1939.41 1e+100
10 639.424 1278.85 1e+100
4 220.978 441.957 1e+100
3 130.98 130.98 1e+100
8 135.557 271.114 1e+100
13 122.925 245.851 1e+100
14 1594.45 3188.91 1e+100
6 139.863 139.863 1e+100
11 236.367 472.734 1e+100
16 75.9284 151.857 1e+100
7 1924.37 1924.37 1e+100
2 319.099 1276.39 1e+100
1 280.548 561.097 1e+100
5 499.361 1997.45 1e+100
12 244.99 244.99 1e+100
19 356.514 713.029 1e+100
17 1072.5 4290 1e+100
10 275.826 551.652 1e+100
8 2321.06 9284.23 1e+100
11 2875.24 11501 1e+100
13 260.19 520.381 1e+100
48
2 290.258 1161.03 1e+100
5 295.182 295.182 1e+100
10 242.65 485.301 1e+100
4 232.672 465.343 1e+100
1 415.465 830.93 1e+100
12 403.744 403.744 1e+100
3 161.303 161.303 1e+100
17 347.771 1391.08 1e+100
8 1176.61 4706.46 1e+100
16 1001.03 2002.06 1e+100
14 813.017 1626.03 1e+100
15 542.526 542.526 1e+100
7 871.64 1743.28 1e+100
10 1098.68 2197.36 1e+100
19 542.144 1084.29 1e+100
11 445.145 890.29 1e+100
13 574.957 1149.91 1e+100
9 289.13 289.13 1e+100
2 587.407 2349.63 1e+100
4 2483.81 4967.61 1e+100
5 320.801 641.602 1e+100
18 1909.27 1909.27 1e+100
1 492.417 984.835 1e+100
17 774.403 3097.61 1e+100
14 144.993 144.993 1e+100
11 117.115 234.229 1e+100
6 438.243 438.243 1e+100
3 292.529 292.529 1e+100
7 164.227 164.227 1e+100
12 231.046 231.046 1e+100
8 239.878 479.756 1e+100
9 272.617 272.617 1e+100
2 303.031 1212.12 1e+100
0 414.128 414.128 1e+100
5 165.602 662.407 1e+100
1 14.8007 14.8007 1e+100
13 83.1515 166.303 1e+100
14 200.973 803.893 1e+100
3 166.908 166.908 1e+100
11 247.129 988.515 1e+100
10 260.921 521.842 1e+100
5 585.035 2340.14 1e+100
16 265.596 531.192 1e+100
0 131.546 131.546 1e+100
4 253.075 506.15 1e+100
9 116.228 116.228 1e+100
14 739.748 2958.99 1e+100
13 84.1383 168.277 1e+100
55
2 281.903 1127.61 1e+100
4 315.065 630.131 1e+100
3 197.944 197.944 1e+100
8 493.345 1973.38 1e+100
6 264.453 264.453 1e+100
16 366.974 366.974 1e+100
10 136.684 136.684 1e+100
12 110.448 110.448 1e+100
5 204.204 816.814 1e+100
11 537.664 1075.33 1e+100
15 345.311 345.311 1e+100
0 34.1731 34.1731 1e+100
13 568.6 1137.2 1e+100
17 591.466 2365.87 1e+100
14 713.296 2853.19 1e+100
7 359.087 718.174 1e+100
1 352.407 704.814 1e+100
18 1909.27 1909.27 1e+100
19 1127.92 2255.84 1e+100
5 651.092 2604.37 1e+100
3 197.027 197.027 1e+100
4 158.55 317.099 1e+100
8 553.532 553.532 1e+100
9 320.481 320.481 1e+100
6 388.112 388.112 1e+100
0 10.631 10.631 1e+100
12 126.233 126.233 1e+100
2 1136.46 2272.93 1e+100
10 237.24 237.24 1e+100
11 315.551 1262.2 1e+100
17 317.628 1270.51 1e+100
7 158.264 316.529 1e+100
14 137.408 549.633 1e+100
8 2336.78 2336.78 1e+100
5 896.369 3585.48 1e+100
3 139.168 139.168 1e+100
1 135.007 270.014 1e+100
9 111.687 111.687 1e+100
4 291.065 582.131 1e+100
13 612.265 1224.53 1e+100
15 501.743 501.743 1e+100
12 719.948 719.948 1e+100
19 985.216 1970.43 1e+100
16 615.762 1231.52 1e+100
11 1027.61 4110.45 1e+100
17 1175.42 4701.67 1e+100
14 1045.61 4182.46 1e+100
10 208.522 417.044 1e+100
2 847.175 3388.7 1e+100
0 411.017 411.017 1e+100
7 1789.99 3579.98 1e+100
1 696.1 1392.2 1e+100
6 743.039 743.039 1e+100
4 506.961 1013.92 1e+100
9 299.739 299.739 1e+100
64
17 1031.54 4126.16 1e+100
10 161.669 161.669 1e+100
5 302.314 1209.26 1e+100
4 273.479 273.479 1e+100
9 297.973 297.973 1e+100
2 146.762 293.523 1e+100
3 167.2 167.2 1e+100
11 399.624 1598.5 1e+100
12 400.166 400.166 1e+100
1 728.042 1456.08 1e+100
18 426.19 426.19 1e+100
17 2025.56 8102.23 1e+100
5 1413.75 2827.49 1e+100
19 826.484 1652.97 1e+100
8 4276.5 17106 1e+100
7 155.444 310.888 1e+100
16 905.975 1811.95 1e+100
8 1292.99 5171.95 1e+100
0 702.9 702.9 1e+100
15 501.283 501.283 1e+100
11 1866.25 7464.99 1e+100
7 2322.72 4645.44 1e+100
10 1731.02 3462.04 1e+100
19 2483.13 4966.25 1e+100
5 2500.5 10002 1e+100
14 786.016 1572.03 1e+100
6 970.069 970.069 1e+100
4 405.638 811.275 1e+100
3 898.544 898.544 1e+100
13 478.236 478.236 1e+100
1 1434.33 2868.66 1e+100
15 1758.88 1758.88 1e+100
16 1108.5 2217.01 1e+100
9 567.303 567.303 1e+100
4 1511.72 3023.43 1e+100
12 198.961 198.961 1e+100
2 839.954 839.954 1e+100
14 738.999 738.999 1e+100
18 985.628 985.628 1e+100
0 1120.85 1120.85 1e+100
6 819.022 819.022 1e+100
17 127.668 510.672 1e+100
13 327.968 655.936 1e+100
7 779.519 1559.04 1e+100
2 156.915 313.831 1e+100
1 718.38 1436.76 1e+100
18 1613.58 1613.58 1e+100
10 439.484 439.484 1e+100
5 404.336 404.336 1e+100
9 19.7537 19.7537 1e+100
3 245.269 245.269 1e+100
11 282.827 565.654 1e+100
14 768.19 3072.76 1e+100
17 593.599 2374.4 1e+100
4 629.608 1259.22 1e+100
8 1285.96 5143.86 1e+100
12 156.71 156.71 1e+100
19 324.636 649.272 1e+100
16 146.92 293.839 1e+100
2 613.702 2454.81 1e+100
15 3294.94 3294.94 1e+100
3 1135.82 1135.82 1e+100
5 1170.79 2341.59 1e+100
13 454.052 454.052 1e+100
74
17 1031.54 4126.16 1e+100
10 161.669 161.669 1e+100
5 302.314 1209.26 1e+100
4 273.479 273.479 1e+100
9 297.973 297.973 1e+100
2 146.762 293.523 1e+100
3 167.2 167.2 1e+100
11 399.624 1598.5 1e+100
12 400.166 400.166 1e+100
1 728.042 1456.08 1e+100
18 426.19 426.19 1e+100
5 1652.99 6611.95 1e+100
4 1411.41 2822.83 1e+100
19 826.484 1652.97 1e+100
11 2966.57 11866.3 1e+100
7 155.444 310.888 1e+100
16 905.975 1811.95 1e+100
8 1292.99 5171.95 1e+100
0 702.9 702.9 1e+100
15 501.283 501.283 1e+100
2 905.524 3622.1 1e+100
4 3399.2 6798.4 1e+100
19 2705.18 5410.37 1e+100
1 2597.98 5195.96 1e+100
14 2688.77 10755.1 1e+100
14 786.016 1572.03 1e+100
6 970.069 970.069 1e+100
10 693.04 1386.08 1e+100
2 2030.83 2030.83 1e+100
5 1634.81 6539.24 1e+100
7 167.167 334.335 1e+100
13 659.346 1318.69 1e+100
3 252.823 252.823 1e+100
12 209.007 209.007 1e+100
17 579.195 1158.39 1e+100
8 910.733 1821.47 1e+100
5 2725.6 10902.4 1e+100
17 5433.83 21735.3 1e+100
9 192.202 192.202 1e+100
16 172.162 344.324 1e+100
19 2253.61 4507.22 1e+100
7 552.817 1105.63 1e+100
10 537.964 1075.93 1e+100
0 238.246 238.246 1e+100
15 529.904 529.904 1e+100
6 1400.74 1400.74 1e+100
13 1901.3 3802.6 1e+100
1 1573.28 3146.55 1e+100
14 1412.28 5649.12 1e+100
17 2032.21 8128.83 1e+100
8 1196.82 4787.29 1e+100
2 137.408 549.633 1e+100
18 827.388 827.388 1e+100
5 3107.41 12429.6 1e+100
12 769.576 769.576 1e+100
10 956.214 1912.43 1e+100
3 172.672 172.672 1e+100
4 2598.83 5197.66 1e+100
10 2788.71 5577.43 1e+100
9 456.283 456.283 1e+100
3 1887.22 1887.22 1e+100
7 3343.14 6686.29 1e+100
16 1447.48 2894.95 1e+100
2 1561.71 6246.82 1e+100
8 2240.22 8960.86 1e+100
14 5180.32 20721.3 1e+100
19 2495.21 4990.43 1e+100
14 2454.17 9816.69 1e+100
3 3065.86 3065.86 1e+100
1 2374.73 4749.47 1e+100
13 1740.77 3481.54 1e+100
0 1753.73 1753.73 1e+100
16 1913.39 3826.78 1e+100
9 598.545 598.545 1e+100
50
2 281.903 1127.61 1e+100
4 315.065 630.131 1e+100
3 197.944 197.944 1e+100
8 493.345 1973.38 1e+100
6 264.453 264.453 1e+100
16 366.974 366.974 1e+100
10 136.684 136.684 1e+100
12 110.448 110.448 1e+100
5 204.204 816.814 1e+100
11 537.664 1075.33 1e+100
15 345.311 345.311 1e+100
0 34.1731 34.1731 1e+100
13 568.6 1137.2 1e+100
17 591.466 2365.87 1e+100
14 713.296 2853.19 1e+100
7 359.087 718.174 1e+100
4 672.849 1345.7 1e+100
18 1909.27 1909.27 1e+100
1 1097.37 2194.74 1e+100
5 651.092 2604.37 1e+100
11 371.965 371.965 1e+100
19 581.847 1163.69 1e+100
6 405.397 405.397 1e+100
9 320.481 320.481 1e+100
16 251.667 251.667 1e+100
12 150.589 150.589 1e+100
2 295.077 295.077 1e+100
8 101.844 101.844 1e+100
0 300.987 300.987 1e+100
14 127.668 510.672 1e+100
11 26.1054 52.2107 1e+100
16 424.988 849.976 1e+100
10 967.41 1934.82 1e+100
9 150.385 150.385 1e+100
13 367.476 367.476 1e+100
5 160.756 160.756 1e+100
3 1253.63 1253.63 1e+100
1 1227.11 1227.11 1e+100
7 1271.17 1271.17 1e+100
4 182.297 182.297 1e+100
15 159.535 159.535 1e+100
17 158.15 158.15 1e+100
14 286.04 1144.16 1e+100
19 156.71 156.71 1e+100
6 453.962 453.962 1e+100
12 75.5039 75.5039 1e+100
11 142.219 568.874 1e+100
2 231.035 462.07 1e+100
8 368.073 736.147 1e+100
5 137.818 275.636 1e+100
60
17 1031.54 4126.16 1e+100
10 161.669 161.669 1e+100
5 302.314 1209.26 1e+100
4 273.479 273.479 1e+100
9 297.973 297.973 1e+100
2 146.762 293.523 1e+100
3 167.2 167.2 1e+100
11 399.624 1598.5 1e+100
12 400.166 400.166 1e+100
1 728.042 1456.08 1e+100
18 426.19 426.19 1e+100
5 1652.99 6611.95 1e+100
2 1264.91 2529.82 1e+100
19 826.484 1652.97 1e+100
11 2966.57 11866.3 1e+100
7 155.444 310.888 1e+100
16 905.975 1811.95 1e+100
8 1292.99 5171.95 1e+100
0 702.9 702.9 1e+100
15 501.283 501.283 1e+100
2 2414.67 9658.67 1e+100
7 2322.72 4645.44 1e+100
1 2774.37 5548.73 1e+100
10 1554.63 3109.27 1e+100
17 1363.93 5455.71 1e+100
14 786.016 1572.03 1e+100
6 970.069 970.069 1e+100
4 405.638 811.275 1e+100
9 916.141 916.141 1e+100
13 1140.08 2280.17 1e+100
9 2717.66 2717.66 1e+100
19 564.593 1129.19 1e+100
15 387.508 387.508 1e+100
16 692.407 1384.81 1e+100
3 959.192 959.192 1e+100
12 720.365 720.365 1e+100
4 404.871 809.741 1e+100
5 330.344 330.344 1e+100
2 913.15 3652.6 1e+100
8 985.289 3941.16 1e+100
13 237.846 475.692 1e+100
7 1796.71 3593.42 1e+100
0 130.98 130.98 1e+100
10 360.595 721.191 1e+100
19 132.43 264.86 1e+100
14 116.21 232.42 1e+100
6 139.863 139.863 1e+100
11 947.374 1894.75 1e+100
1 702.397 1404.79 1e+100
15 150.175 150.175 1e+100
17 1251.34 5005.35 1e+100
4 201.72 403.439 1e+100
5 382.232 1528.93 1e+100
12 684.149 684.149 1e+100
16 1695.99 3391.97 1e+100
14 2280.48 9121.94 1e+100
13 140.265 280.529 1e+100
2 2051.31 8205.24 1e+100
8 1281.05 5124.2 1e+100
19 269.05 538.1 1e+100
60
2 290.258 1161.03 1e+100
5 295.182 295.182 1e+100
10 242.65 485.301 1e+100
4 232.672 465.343 1e+100
1 415.465 830.93 1e+100
12 403.744 403.744 1e+100
3 161.303 161.303 1e+100
17 347.771 1391.08 1e+100
8 1176.61 4706.46 1e+100
16 1001.03 2002.06 1e+100
14 813.017 1626.03 1e+100
15 542.526 542.526 1e+100
7 871.64 1743.28 1e+100
10 1098.68 2197.36 1e+100
19 542.144 1084.29 1e+100
11 445.145 890.29 1e+100
13 574.957 1149.91 1e+100
9 289.13 289.13 1e+100
2 587.407 2349.63 1e+100
4 2483.81 4967.61 1e+100
5 320.801 641.602 1e+100
0 2311.07 2311.07 1e+100
1 407.915 815.83 1e+100
14 611.999 2448 1e+100
15 580.572 580.572 1e+100
11 64.2564 128.513 1e+100
6 438.243 438.243 1e+100
9 359.293 359.293 1e+100
7 164.227 164.227 1e+100
12 231.046 231.046 1e+100
8 92.0405 184.081 1e+100
10 183.284 183.284 1e+100
2 74.9705 299.882 1e+100
17 247.411 247.411 1e+100
5 130.859 523.438 1e+100
1 98.1494 98.1494 1e+100
14 85.3979 170.796 1e+100
11 236.602 946.409 1e+100
8 2103.76 2103.76 1e+100
14 1341.72 5366.9 1e+100
18 1002.75 1002.75 1e+100
10 469.735 939.47 1e+100
9 111.687 111.687 1e+100
10 2269.86 4539.72 1e+100
5 3269.66 6539.32 1e+100
15 179.177 179.177 1e+100
3 318.102 318.102 1e+100
7 2082.58 4165.16 1e+100
19 376.387 752.774 1e+100
5 1005.13 4020.52 1e+100
2 1743.58 6974.3 1e+100
17 164.575 658.298 1e+100
16 395.828 791.657 1e+100
11 1197.28 4789.12 1e+100
12 832.291 832.291 1e+100
4 1994.66 3989.31 1e+100
17 1797.77 3595.55 1e+100
6 469.481 469.481 1e+100
19 842.302 1684.6 1e+100
9 299.739 299.739 1e+100
63
17 1031.54 4126.16 1e+100
10 161.669 161.669 1e+100
5 302.314 1209.26 1e+100
4 273.479 273.479 1e+100
9 297.973 297.973 1e+100
2 146.762 293.523 1e+100
3 167.2 167.2 1e+100
11 399.624 1598.5 1e+100
12 400.166 400.166 1e+100
1 728.042 1456.08 1e+100
18 426.19 426.19 1e+100
17 2025.56 8102.23 1e+100
2 1264.91 2529.82 1e+100
19 826.484 1652.97 1e+100
11 2966.57 11866.3 1e+100
7 155.444 310.888 1e+100
16 905.975 1811.95 1e+100
8 1292.99 5171.95 1e+100
0 702.9 702.9 1e+100
15 501.283 501.283 1e+100
2 2414.67 9658.67 1e+100
7 2322.72 4645.44 1e+100
1 2774.37 5548.73 1e+100
19 2483.13 4966.25 1e+100
5 991.358 3965.43 1e+100
14 786.016 1572.03 1e+100
6 970.069 970.069 1e+100
4 405.638 811.275 1e+100
3 898.544 898.544 1e+100
13 478.236 478.236 1e+100
10 392.285 784.569 1e+100
9 963.923 963.923 1e+100
16 1108.5 2217.01 1e+100
12 469.162 469.162 1e+100
4 1511.72 3023.43 1e+100
18 1216.7 1216.7 1e+100
15 612.539 612.539 1e+100
0 247.679 247.679 1e+100
8 434.789 869.579 1e+100
3 162.65 162.65 1e+100
17 564.742 2258.97 1e+100
10 179.295 179.295 1e+100
14 130.859 523.438 1e+100
6 748.183 748.183 1e+100
5 183.924 367.847 1e+100
13 285.314 570.628 1e+100
15 121.766 121.766 1e+100
9 626.549 626.549 1e+100
2 160.756 160.756 1e+100
12 270.561 270.561 1e+100
3 167.037 167.037 1e+100
10 174.019 174.019 1e+100
18 350.044 350.044 1e+100
16 424.327 424.327 1e+100
4 292.152 292.152 1e+100
11 67.6598 270.639 1e+100
1 247.111 247.111 1e+100
8 203.702 203.702 1e+100
0 362.042 362.042 1e+100
14 268.517 1074.07 1e+100
5 316.261 632.522 1e+100
19 43.5906 87.1812 1e+100
2 137.818 275.636 1e+100
49
2 281.903 1127.61 1e+100
4 315.065 630.131 1e+100
3 197.944 197.944 1e+100
8 493.345 1973.38 1e+100
6 264.453 264.453 1e+100
16 366.974 366.974 1e+100
10 136.684 136.684 1e+100
12 110.448 110.448 1e+100
5 204.204 816.814 1e+100
11 537.664 1075.33 1e+100
15 345.311 345.311 1e+100
0 34.1731 34.1731 1e+100
13 568.6 1137.2 1e+100
17 591.466 2365.87 1e+100
14 713.296 2853.19 1e+100
19 41.8435 41.8435 1e+100
1 109.993 219.986 1e+100
18 330.304 330.304 1e+100
7 915.536 1831.07 1e+100
12 189.166 189.166 1e+100
10 274.374 548.748 1e+100
9 725.583 725.583 1e+100
3 183.412 183.412 1e+100
2 764.155 3056.62 1e+100
8 1965.49 7861.96 1e+100
13 31.2596 31.2596 1e+100
5 199.581 399.162 1e+100
1 110.168 220.337 1e+100
16 836.616 1673.23 1e+100
4 178.866 357.732 1e+100
6 238.246 238.246 1e+100
0 176.891 176.891 1e+100
18 2081.1 2081.1 1e+100
11 256.12 512.24 1e+100
10 44.6163 89.2326 1e+100
14 83.8881 335.552 1e+100
17 237.493 949.973 1e+100
5 1521.45 6085.82 1e+100
2 4363 17452 1e+100
9 287.92 287.92 1e+100
11 597.008 2388.03 1e+100
7 59.6796 119.359 1e+100
14 1103.66 4414.66 1e+100
19 265.596 531.192 1e+100
3 131.546 131.546 1e+100
16 747.741 1495.48 1e+100
12 142.543 142.543 1e+100
17 1057.37 4229.46 1e+100
4 84.1383 168.277 1e+100
55
2 281.903 1127.61 1e+100
4 315.065 630.131 1e+100
3 197.944 197.944 1e+100
8 493.345 1973.38 1e+100
6 264.453 264.453 1e+100
16 366.974 366.974 1e+100
10 136.684 136.684 1e+100
12 110.448 110.448 1e+100
5 204.204 816.814 1e+100
11 537.664 1075.33 1e+100
15 345.311 345.311 1e+100
0 34.1731 34.1731 1e+100
13 568.6 1137.2 1e+100
17 591.466 2365.87 1e+100
14 713.296 2853.19 1e+100
7 359.087 718.174 1e+100
19 713.302 1426.6 1e+100
18 1909.27 1909.27 1e+100
1 1097.37 2194.74 1e+100
2 189.447 757.787 1e+100
4 144.993 144.993 1e+100
10 64.2564 128.513 1e+100
6 388.038 388.038 1e+100
9 320.481 320.481 1e+100
12 465.271 465.271 1e+100
11 433.859 867.719 1e+100
13 357.656 715.312 1e+100
8 590.945 590.945 1e+100
16 520.176 1040.35 1e+100
17 355.652 711.304 1e+100
14 140.218 560.871 1e+100
15 116.882 116.882 1e+100
5 574.096 2296.38 1e+100
4 234.425 234.425 1e+100
2 489.416 1957.66 1e+100
11 1994.49 1994.49 1e+100
10 196.569 393.138 1e+100
16 903.743 903.743 1e+100
13 364.89 729.78 1e+100
19 611.478 1222.96 1e+100
3 179.177 179.177 1e+100
9 245.619 245.619 1e+100
1 964.937 1929.87 1e+100
7 2103.37 4206.74 1e+100
17 838.146 3352.58 1e+100
8 1715.38 6861.52 1e+100
14 987.917 3951.67 1e+100
4 1372.22 2744.44 1e+100
5 1534.77 6139.09 1e+100
3 1222.57 1222.57 1e+100
13 1418.82 2837.64 1e+100
10 757.662 1515.32 1e+100
19 1023.98 1023.98 1e+100
16 1128.06 2256.13 1e+100
9 523.123 523.123 1e+100
70
19 665.837 1331.67 1e+100
13 340.907 340.907 1e+100
10 112.97 112.97 1e+100
2 307.493 614.986 1e+100
5 290.732 1162.93 1e+100
18 3567.1 3567.1 1e+100
14 740.876 2963.5 1e+100
5 1760.26 3520.51 1e+100
11 415.049 1660.19 1e+100
0 6484.31 6484.31 1e+100
12 6048.82 6048.82 1e+100
18 996.243 996.243 1e+100
0 12.6641 12.6641 1e+100
11 2336.84 9347.35 1e+100
8 400.367 800.735 1e+100
16 623.431 1246.86 1e+100
17 1194.46 4777.85 1e+100
16 1868.04 3736.09 1e+100
15 508.552 508.552 1e+100
1 537.598 1075.2 1e+100
13 350.057 700.114 1e+100
7 1531.1 3062.2 1e+100
2 888.341 3553.36 1e+100
17 1520.18 6080.73 1e+100
19 979.281 979.281 1e+100
10 565.365 565.365 1e+100
14 392.783 785.565 1e+100
12 631.876 631.876 1e+100
4 341.882 341.882 1e+100
5 901.921 901.921 1e+100
16 1727.91 1727.91 1e+100
10 3605.44 7210.89 1e+100
14 1974.36 7897.45 1e+100
2 1615.05 6460.19 1e+100
3 615.383 615.383 1e+100
1 1005.26 2010.52 1e+100
4 1457.97 2915.94 1e+100
13 1723.52 3447.05 1e+100
11 425.194 850.388 1e+100
6 1033.13 1033.13 1e+100
0 41.8641 41.8641 1e+100
18 3122.42 3122.42 1e+100
19 979.314 1958.63 1e+100
11 1692.15 3384.29 1e+100
5 1976.8 7907.18 1e+100
2 2832.67 11330.7 1e+100
14 3982.81 15931.2 1e+100
17 949.829 3799.32 1e+100
9 309.414 309.414 1e+100
8 956.052 3824.21 1e+100
16 2766.6 2766.6 1e+100
4 2342.21 4684.41 1e+100
9 2045.36 2045.36 1e+100
19 2057.82 4115.64 1e+100
1 2930.73 5861.46 1e+100
3 845.121 845.121 1e+100
6 4138.36 4138.36 1e+100
13 4513.85 9027.7 1e+100
7 1716.37 3432.73 1e+100
17 2374.13 9496.5 1e+100
8 3264.05 13056.2 1e+100
11 2325.28 9301.13 1e+100
10 4600.53 9201.06 1e+100
5 3018.69 12074.8 1e+100
12 2459.42 2459.42 1e+100
19 3111.75 6223.5 1e+100
4 2903.3 5806.6 1e+100
15 191.286 191.286 1e+100
7 2182.28 4364.56 1e+100
3 987.383 987.383 1e+100
38
2 281.903 1127.61 1e+100
4 315.065 630.131 1e+100
3 197.944 197.944 1e+100
8 493.345 1973.38 1e+100
6 264.453 264.453 1e+100
16 366.974 366.974 1e+100
10 136.684 136.684 1e+100
12 110.448 110.448 1e+100
5 204.204 816.814 1e+100
11 537.664 1075.33 1e+100
15 345.311 345.311 1e+100
0 34.1731 34.1731 1e+100
13 568.6 1137.2 1e+100
17 591.466 2365.87 1e+100
14 713.296 2853.19 1e+100
7 834.982 1669.96 1e+100
9 326.51 326.51 1e+100
4 154.432 308.863 1e+100
15 54.3407 54.3407 1e+100
8 135.584 271.167 1e+100
1 375.234 375.234 1e+100
5 85.3357 85.3357 1e+100
16 302.387 604.775 1e+100
12 125.496 125.496 1e+100
11 295.885 1183.54 1e+100
2 318.46 1273.84 1e+100
7 84.2187 168.437 1e+100
17 231.136 924.546 1e+100
9 166.908 166.908 1e+100
14 715.399 2861.6 1e+100
16 31.6305 63.2609 1e+100
5 196.257 785.028 1e+100
4 148.116 296.231 1e+100
12 131.546 131.546 1e+100
7 670.212 1340.42 1e+100
15 116.228 116.228 1e+100
11 71.3496 285.398 1e+100
13 84.1383 168.277 1e+100
50
19 665.837 1331.67 1e+100
13 340.907 340.907 1e+100
10 112.97 112.97 1e+100
2 307.493 614.986 1e+100
5 290.732 1162.93 1e+100
0 3062.08 3062.08 1e+100
14 740.876 2963.5 1e+100
13 2485.35 4970.7 1e+100
11 415.049 1660.19 1e+100
0 7698.62 7698.62 1e+100
10 1591.13 1591.13 1e+100
18 996.243 996.243 1e+100
0 12.6641 12.6641 1e+100
14 4660.17 18640.7 1e+100
8 400.367 800.735 1e+100
16 623.431 1246.86 1e+100
17 1194.46 4777.85 1e+100
14 1952.12 3904.24 1e+100
15 508.552 508.552 1e+100
4 1433.87 2867.73 1e+100
9 326.51 326.51 1e+100
16 255.982 511.964 1e+100
1 140.408 140.408 1e+100
7 57.0404 114.081 1e+100
2 411.982 1647.93 1e+100
11 182.553 730.214 1e+100
18 212.087 212.087 1e+100
5 1142.77 2285.54 1e+100
10 347.066 694.132 1e+100
19 697.324 1394.65 1e+100
13 395.419 790.838 1e+100
9 743.862 743.862 1e+100
12 112.671 112.671 1e+100
6 163.827 163.827 1e+100
16 127.668 255.336 1e+100
17 136.758 273.517 1e+100
17 1895.32 7581.26 1e+100
17 3893.51 15574 1e+100
5 2464.64 9858.58 1e+100
8 312.039 1248.16 1e+100
0 166.908 166.908 1e+100
11 696.929 2787.72 1e+100
4 31.7275 63.4551 1e+100
8 1695.04 6780.18 1e+100
1 308.876 617.753 1e+100
15 131.546 131.546 1e+100
19 608.449 1216.9 1e+100
3 142.543 142.543 1e+100
14 6.94938 27.7975 1e+100
13 84.1383 168.277 1e+100
56
2 290.258 1161.03 1e+100
5 295.182 295.182 1e+100
10 242.65 485.301 1e+100
4 232.672 465.343 1e+100
1 415.465 830.93 1e+100
12 403.744 403.744 1e+100
3 161.303 161.303 1e+100
17 347.771 1391.08 1e+100
8 1176.61 4706.46 1e+100
16 1001.03 2002.06 1e+100
14 813.017 1626.03 1e+100
15 542.526 542.526 1e+100
7 871.64 1743.28 1e+100
10 1098.68 2197.36 1e+100
19 542.144 1084.29 1e+100
11 445.145 890.29 1e+100
13 574.957 1149.91 1e+100
9 289.13 289.13 1e+100
2 587.407 2349.63 1e+100
5 271.129 1084.52 1e+100
1 1496.76 2993.51 1e+100
17 604.146 1208.29 1e+100
15 449.89 449.89 1e+100
12 184.391 184.391 1e+100
16 143.143 286.286 1e+100
19 330.182 660.363 1e+100
18 306.433 306.433 1e+100
0 321.823 321.823 1e+100
10 302.387 604.775 1e+100
11 396.103 396.103 1e+100
2 164.573 658.293 1e+100
8 439.89 1759.56 1e+100
13 268.754 537.509 1e+100
17 2685.15 10740.6 1e+100
3 106.566 106.566 1e+100
2 1691.19 6764.76 1e+100
19 2516.9 2516.9 1e+100
4 245.619 491.237 1e+100
15 2306.11 2306.11 1e+100
7 245.619 491.237 1e+100
14 612.265 1224.53 1e+100
17 941.361 941.361 1e+100
15 391.561 391.561 1e+100
10 481.882 963.763 1e+100
13 2089.41 4178.81 1e+100
11 824.895 3299.58 1e+100
8 1297.68 5190.72 1e+100
14 2214.36 8857.42 1e+100
16 802.625 1605.25 1e+100
5 3849.07 15396.3 1e+100
12 216.921 216.921 1e+100
1 1396.22 2792.44 1e+100
4 806.711 1613.42 1e+100
9 66.8036 66.8036 1e+100
7 461.514 923.028 1e+100
0 127.668 127.668 1e+100
