57
8 3264.38 7264.38 1e+100
2 792.757 3171.03 1e+100
5 898.709 4594.84 1e+100
9 326.847 1307.39 1e+100
3 150.59 150.59 1e+100
3 1966.83 2966.83 1e+100
0 404.718 4404.72 1e+100
1 739.232 2956.93 1e+100
7 2490.07 3490.07 1e+100
6 2711.31 2711.31 1e+100
2 2893.97 6893.97 1e+100
0 1644.03 10576.1 1e+100
4 231.807 927.228 1e+100
5 2812.84 2812.84 1e+100
4 2349.63 9398.51 1e+100
1 3391.06 3391.06 1e+100
0 4743.27 8743.27 1e+100
7 5546.24 5546.24 1e+100
6 4453.72 4453.72 1e+100
3 2722.81 11891.2 1e+100
9 549.093 3196.37 1e+100
4 4515.87 18063.5 1e+100
2 3233.21 12932.8 1e+100
9 1660.25 7641.02 1e+100
5 3212.78 3212.78 1e+100
9 3554.39 4554.39 1e+100
2 4952.42 23809.7 1e+100
4 9564.13 38256.5 1e+100
0 6409.7 29638.8 1e+100
8 2415.55 2415.55 1e+100
5 4216.28 16865.1 1e+100
8 4434.62 4434.62 1e+100
1 2235.85 9943.41 1e+100
9 5255.39 5255.39 1e+100
4 3725.51 18902 1e+100
7 4433.22 4433.22 1e+100
8 5579.15 22316.6 1e+100
4 5194.5 20778 1e+100
7 7751.54 8751.54 1e+100
5 4473.85 18895.4 1e+100
5 6632.96 7632.96 1e+100
8 7431.24 7431.24 1e+100
0 6135.39 24541.5 1e+100
2 6816.4 27265.6 1e+100
9 7794.78 8794.78 1e+100
1 6890.36 27561.5 1e+100
9 5851.19 6851.19 1e+100
5 7728.36 30913.5 1e+100
6 7646.08 7646.08 1e+100
9 1459.36 5837.44 1e+100
1 8150.94 8150.94 1e+100
2 8196.2 8196.2 1e+100
4 7595.11 7595.11 1e+100
2 4026.09 16104.3 1e+100
6 1950.1 11800.4 1e+100
1 2397.84 10591.3 1e+100
6 4731.87 22927.5 1e+100
59
9 365.259 2461.04 1e+100
3 2699.92 10799.7 1e+100
7 2501.03 2501.03 1e+100
0 567.822 567.822 1e+100
1 617.608 1617.61 1e+100
4 237.274 949.095 1e+100
8 593.265 6373.06 1e+100
6 265.698 265.698 1e+100
5 303.151 1212.61 1e+100
2 362.742 1450.97 1e+100
9 1453.4 5813.61 1e+100
1 1978.75 2978.75 1e+100
3 159.323 1637.29 1e+100
6 1634.19 1634.19 1e+100
0 1629.75 10519 1e+100
4 949.677 949.677 1e+100
2 1084.88 8339.53 1e+100
5 1423.83 6695.31 1e+100
2 5413.37 5413.37 1e+100
0 2758.79 2758.79 1e+100
6 4349.71 4349.71 1e+100
4 2065.99 8263.95 1e+100
7 4476.15 4476.15 1e+100
1 2519.92 2519.92 1e+100
9 2638.91 3638.91 1e+100
7 1486.64 6946.55 1e+100
4 4009.56 16038.3 1e+100
5 6439.98 7439.98 1e+100
2 1310.17 1310.17 1e+100
0 4617.61 8617.61 1e+100
6 4627.94 18511.8 1e+100
3 601.491 3405.96 1e+100
1 4894.55 5894.55 1e+100
1 2464.79 9859.15 1e+100
3 4480.34 17921.3 1e+100
4 4259.05 4259.05 1e+100
7 4580.9 18323.6 1e+100
9 6824.32 27297.3 1e+100
2 4281.54 17126.2 1e+100
0 5267.08 5267.08 1e+100
3 6325.3 26301.2 1e+100
6 6443.27 6443.27 1e+100
1 6387.21 7387.21 1e+100
8 5975.05 5975.05 1e+100
0 596.191 2384.76 1e+100
4 4652.98 18611.9 1e+100
7 5328.61 21314.5 1e+100
5 394.899 2579.6 1e+100
3 496.445 2985.78 1e+100
8 3250.67 3250.67 1e+100
5 6800.3 6800.3 1e+100
2 6595.89 6595.89 1e+100
4 5546.28 26185.1 1e+100
0 7220.85 7220.85 1e+100
7 6661.27 26645.1 1e+100
3 6672.25 6672.25 1e+100
6 6780.7 6780.7 1e+100
9 628.601 2514.4 1e+100
8 6445.17 6445.17 1e+100
69
7 2514.45 3514.45 1e+100
4 238.928 238.928 1e+100
1 645.799 645.799 1e+100
5 225.508 225.508 1e+100
0 408.176 4408.18 1e+100
3 172.778 172.778 1e+100
3 1993.89 1993.89 1e+100
2 283.638 1134.55 1e+100
8 3241.68 7241.68 1e+100
6 2698.52 2698.52 1e+100
5 1922.29 2922.29 1e+100
1 2808.04 12232.2 1e+100
2 1679.53 5679.53 1e+100
2 3436.08 3436.08 1e+100
9 3848.67 15394.7 1e+100
3 3493.78 3493.78 1e+100
0 3684.65 3684.65 1e+100
4 3995.19 15980.8 1e+100
1 4581.09 4581.09 1e+100
8 4462.61 21850.4 1e+100
2 12393.7 12393.7 1e+100
5 3485.09 4485.09 1e+100
2 4530.34 8530.34 1e+100
9 532.309 1532.31 1e+100
4 572.419 4572.42 1e+100
9 5196.37 21785.5 1e+100
5 5644.53 5644.53 1e+100
6 2461.56 2461.56 1e+100
3 4963.42 5963.42 1e+100
0 6072.69 28290.8 1e+100
1 6437.29 26749.1 1e+100
8 5980.62 23922.5 1e+100
6 11358.3 11358.3 1e+100
1 9271.45 9271.45 1e+100
4 10239.3 10239.3 1e+100
0 7917.46 7917.46 1e+100
8 3810.67 19242.7 1e+100
4 3339.77 13359.1 1e+100
6 7900.26 7900.26 1e+100
1 12765.2 12765.2 1e+100
1 25977.5 25977.5 1e+100
5 5683.49 22733.9 1e+100
7 2472.72 3472.72 1e+100
1 21764 22764 1e+100
2 17485.2 73941 1e+100
1 10315.2 41260.8 1e+100
4 4459.33 4459.33 1e+100
6 17313.9 17313.9 1e+100
2 14970.6 14970.6 1e+100
1 13209.4 53837.4 1e+100
6 15101.3 15101.3 1e+100
6 12978.7 51914.7 1e+100
6 20794.7 20794.7 1e+100
1 22638.8 23638.8 1e+100
2 11792.5 47169.9 1e+100
6 3901.06 15604.2 1e+100
6 23643.2 23643.2 1e+100
3 4276.78 17107.1 1e+100
6 21699.6 21699.6 1e+100
6 10267.5 45069.9 1e+100
1 14223.2 15223.2 1e+100
2 9087.59 40350.4 1e+100
1 18075.7 18075.7 1e+100
1 15970.6 16970.6 1e+100
6 17908.1 17908.1 1e+100
2 1231.37 4925.47 1e+100
7 3580.44 14321.8 1e+100
2 3251.2 13004.8 1e+100
6 350.791 5403.16 1e+100
69
5 270.478 270.478 1e+100
9 330.414 2321.66 1e+100
4 2863.07 2863.07 1e+100
6 396.645 396.645 1e+100
3 2470.28 2470.28 1e+100
4 271.348 271.348 1e+100
2 446.369 4446.37 1e+100
8 711.322 711.322 1e+100
9 2299.57 2299.57 1e+100
3 230.697 230.697 1e+100
1 740.099 2960.4 1e+100
0 562.897 4562.9 1e+100
5 1868.84 2868.84 1e+100
2 4200.52 8200.52 1e+100
6 2029.4 2029.4 1e+100
8 4268.35 8268.35 1e+100
1 2667.36 2667.36 1e+100
0 2320.61 9282.43 1e+100
2 1917.34 7669.34 1e+100
5 3040.01 3040.01 1e+100
9 3721.53 4721.53 1e+100
0 4006.9 8006.9 1e+100
9 11187.9 12187.9 1e+100
1 5695.17 6695.17 1e+100
4 4154.38 16617.5 1e+100
3 5076.72 20306.9 1e+100
5 3993.07 16972.3 1e+100
9 4700.29 4700.29 1e+100
8 6586.38 26345.5 1e+100
5 5457.98 22831.9 1e+100
6 10886.9 43547.5 1e+100
1 2496.16 10984.7 1e+100
3 8404.72 8404.72 1e+100
5 11729.4 12729.4 1e+100
5 6913.95 27655.8 1e+100
2 8905.62 35622.5 1e+100
0 9653.62 42614.5 1e+100
9 12520.5 12520.5 1e+100
6 6122.47 24489.9 1e+100
2 6488.99 25956 1e+100
8 11484.8 11484.8 1e+100
3 504.789 2019.16 1e+100
6 2415.17 13660.7 1e+100
2 8877.73 8877.73 1e+100
4 3982.52 19930.1 1e+100
5 6940.32 27761.3 1e+100
8 5074.37 20297.5 1e+100
5 11327 12327 1e+100
4 7755 31020 1e+100
8 1258.19 5032.77 1e+100
3 10140.7 11140.7 1e+100
2 2703.3 10813.2 1e+100
4 9319.77 9319.77 1e+100
0 9772.39 9772.39 1e+100
8 7752.62 31010.5 1e+100
9 2604.33 11417.3 1e+100
6 9241.21 9241.21 1e+100
1 3048.81 12195.2 1e+100
1 8606.51 9606.51 1e+100
1 4805.98 19223.9 1e+100
2 8830.74 8830.74 1e+100
4 4310.87 21243.5 1e+100
1 9873.25 9873.25 1e+100
3 7058.55 8058.55 1e+100
1 6364.02 7364.02 1e+100
4 558.199 2232.8 1e+100
0 476.337 5905.35 1e+100
0 2769.72 11078.9 1e+100
3 1778.41 7113.64 1e+100
61
7 2514.45 3514.45 1e+100
4 238.928 238.928 1e+100
1 645.799 645.799 1e+100
5 225.508 225.508 1e+100
0 408.176 4408.18 1e+100
3 172.778 172.778 1e+100
0 2067.92 6067.92 1e+100
2 283.638 1134.55 1e+100
8 3241.68 7241.68 1e+100
6 2698.52 2698.52 1e+100
5 1922.29 2922.29 1e+100
2 2152.93 8611.72 1e+100
1 2365.16 2365.16 1e+100
0 3595.02 3595.02 1e+100
9 3815.52 15262.1 1e+100
4 4216.29 8216.29 1e+100
7 5655.65 6655.65 1e+100
5 4525.53 19102.1 1e+100
1 3631.75 3631.75 1e+100
6 3581.84 18327.4 1e+100
2 4508.4 4508.4 1e+100
8 4728.07 4728.07 1e+100
4 753.927 4753.93 1e+100
0 4428.81 17715.3 1e+100
9 596.604 3386.42 1e+100
3 147.601 1590.4 1e+100
3 4284.57 18138.3 1e+100
4 5772.2 9772.2 1e+100
1 4704.53 5704.53 1e+100
9 4099.91 16399.7 1e+100
2 4575.54 18302.2 1e+100
3 1129.72 4518.88 1e+100
6 2929.9 15719.6 1e+100
5 3870.11 16480.4 1e+100
8 4850.42 4850.42 1e+100
0 4525.06 8525.06 1e+100
6 3957.38 7957.38 1e+100
3 4135.26 16541.1 1e+100
7 4614.1 5614.1 1e+100
9 4858.18 5858.18 1e+100
1 5266.31 21065.2 1e+100
2 4374.22 21496.9 1e+100
5 4989.67 5989.67 1e+100
6 5045.48 5045.48 1e+100
3 5274.26 6274.26 1e+100
8 6019.15 6019.15 1e+100
2 5344.99 5344.99 1e+100
7 8528.42 9528.42 1e+100
9 6161.04 7161.04 1e+100
4 5002.86 5002.86 1e+100
0 4523.66 22094.6 1e+100
5 8507.74 8507.74 1e+100
6 5932.73 5932.73 1e+100
3 6089.33 24357.3 1e+100
1 7269.06 7269.06 1e+100
0 6049.28 6049.28 1e+100
2 6562.05 6562.05 1e+100
4 5730.8 5730.8 1e+100
8 6605.44 6605.44 1e+100
9 6487.14 25948.6 1e+100
6 6893.13 6893.13 1e+100
70
9 365.259 2461.04 1e+100
5 4994.01 19976 1e+100
7 2501.03 2501.03 1e+100
0 567.822 567.822 1e+100
1 617.608 1617.61 1e+100
4 237.274 949.095 1e+100
8 593.265 6373.06 1e+100
6 265.698 265.698 1e+100
5 303.151 1212.61 1e+100
2 362.742 1450.97 1e+100
4 1626.21 10504.8 1e+100
5 2228.97 3228.97 1e+100
3 159.323 1637.29 1e+100
6 1634.19 1634.19 1e+100
4 3365.66 17462.7 1e+100
1 1324.75 2324.75 1e+100
2 3107.73 16430.9 1e+100
2 1400.58 5602.33 1e+100
8 1982.41 1982.41 1e+100
6 4595.41 4595.41 1e+100
7 2554.28 2554.28 1e+100
3 5337.59 6337.59 1e+100
0 2748.45 2748.45 1e+100
9 4271.26 5271.26 1e+100
3 1608.08 2608.08 1e+100
0 4106.54 4106.54 1e+100
0 330.57 330.57 1e+100
5 3827.34 4827.34 1e+100
1 2063.85 9255.4 1e+100
1 4354.48 4354.48 1e+100
2 3948.22 15792.9 1e+100
7 2197.8 3197.8 1e+100
8 3772.79 3772.79 1e+100
3 5025.81 5025.81 1e+100
1 5605.22 6605.22 1e+100
0 5502.47 5502.47 1e+100
5 4519.43 4519.43 1e+100
8 7619.86 11619.9 1e+100
4 1998.58 7994.3 1e+100
9 163.775 655.1 1e+100
8 420.929 1683.72 1e+100
6 4874.88 4874.88 1e+100
9 5150.57 21602.3 1e+100
7 5150.14 5150.14 1e+100
2 7336.59 7336.59 1e+100
5 7003.19 7003.19 1e+100
3 6959.48 6959.48 1e+100
6 6021.23 6021.23 1e+100
7 6383.91 7383.91 1e+100
0 6181.4 24725.6 1e+100
8 8311.52 8311.52 1e+100
6 8076.84 36307.3 1e+100
9 2176.31 9705.24 1e+100
7 7821.07 31284.3 1e+100
3 8324.51 8324.51 1e+100
9 6845.57 28382.3 1e+100
5 8222.17 33888.7 1e+100
0 8297.7 12297.7 1e+100
6 9630.08 38520.3 1e+100
1 8286.88 33147.5 1e+100
2 8471.52 8471.52 1e+100
9 8412.47 33649.9 1e+100
7 9369.25 10369.3 1e+100
7 1255.5 6021.99 1e+100
2 2318.37 9273.46 1e+100
4 2693.42 14773.7 1e+100
1 5607.46 22429.9 1e+100
3 9426.85 9426.85 1e+100
5 9413.89 9413.89 1e+100
6 973.975 3895.9 1e+100
60
5 270.478 270.478 1e+100
9 330.414 2321.66 1e+100
8 4527.91 4527.91 1e+100
6 396.645 396.645 1e+100
3 2470.28 2470.28 1e+100
4 271.348 271.348 1e+100
2 446.369 4446.37 1e+100
8 711.322 711.322 1e+100
9 2299.57 2299.57 1e+100
3 230.697 230.697 1e+100
1 740.099 2960.4 1e+100
0 562.897 4562.9 1e+100
5 1868.84 2868.84 1e+100
6 5954.5 9954.5 1e+100
6 2029.4 2029.4 1e+100
4 2630.41 6630.41 1e+100
5 3859.04 3859.04 1e+100
2 2106.54 8426.17 1e+100
1 2341.21 10364.9 1e+100
9 3321.14 3321.14 1e+100
0 2038.91 2038.91 1e+100
3 3593.88 3593.88 1e+100
1 10347.8 11347.8 1e+100
1 4002.08 5002.08 1e+100
4 3810.18 15240.7 1e+100
2 4619.03 22476.1 1e+100
0 3079.74 12319 1e+100
9 4204.46 4204.46 1e+100
5 4691.99 5691.99 1e+100
0 5010.99 5010.99 1e+100
3 2968.5 2968.5 1e+100
8 3437.71 13750.8 1e+100
2 518.125 2072.5 1e+100
6 4900.59 4900.59 1e+100
2 4134.23 20536.9 1e+100
3 4478.52 17914.1 1e+100
9 4506.62 5506.62 1e+100
6 7762.24 35048.9 1e+100
4 3945.49 19782 1e+100
3 5664.7 23658.8 1e+100
7 6245.56 7245.56 1e+100
2 4819.25 19277 1e+100
9 5291.08 6291.08 1e+100
2 7982.35 7982.35 1e+100
0 6841.79 6841.79 1e+100
1 1904.58 8618.32 1e+100
6 8751.67 35006.7 1e+100
8 4638.26 22553.1 1e+100
9 1666.85 7667.4 1e+100
0 4304.31 17217.2 1e+100
6 10342.4 10342.4 1e+100
7 8397.57 8397.57 1e+100
8 6574.27 6574.27 1e+100
4 488.159 5952.64 1e+100
3 7377.54 8377.54 1e+100
9 6066.56 24266.2 1e+100
1 9656.06 9656.06 1e+100
8 8378.64 8378.64 1e+100
7 389.364 1557.46 1e+100
0 7311.91 7311.91 1e+100
59
9 365.259 2461.04 1e+100
9 2116.81 8467.23 1e+100
7 2501.03 2501.03 1e+100
0 567.822 567.822 1e+100
1 617.608 1617.61 1e+100
4 237.274 949.095 1e+100
8 593.265 6373.06 1e+100
6 265.698 265.698 1e+100
5 303.151 1212.61 1e+100
2 362.742 1450.97 1e+100
3 2036.52 8146.07 1e+100
4 1603.67 1603.67 1e+100
3 159.323 1637.29 1e+100
6 1634.19 1634.19 1e+100
0 1629.75 10519 1e+100
1 1324.75 2324.75 1e+100
2 1084.88 8339.53 1e+100
5 1423.83 6695.31 1e+100
8 1982.41 1982.41 1e+100
9 2283.78 3283.78 1e+100
2 2197.1 6197.1 1e+100
0 2814.52 2814.52 1e+100
0 5381.61 5381.61 1e+100
8 5069.13 5069.13 1e+100
6 1985.26 1985.26 1e+100
9 3331.68 4331.68 1e+100
4 4605.74 4605.74 1e+100
1 3537.15 4537.15 1e+100
3 1689.11 7756.44 1e+100
2 2733.2 6733.2 1e+100
6 3390.47 13561.9 1e+100
7 4790 5790 1e+100
1 1257.37 5029.47 1e+100
3 3075.41 3075.41 1e+100
5 1328.16 5312.64 1e+100
4 391.139 1564.56 1e+100
7 445.515 1445.52 1e+100
5 3398.69 4398.69 1e+100
2 3738.64 14954.6 1e+100
9 3921.56 3921.56 1e+100
1 3499.49 4499.49 1e+100
6 5330.12 5330.12 1e+100
3 4697.44 5697.44 1e+100
8 3769.41 3769.41 1e+100
4 3634.58 14538.3 1e+100
0 3385.67 13542.7 1e+100
5 4160.28 16641.1 1e+100
4 4869.43 19477.7 1e+100
2 3960.9 15843.6 1e+100
8 6276.42 6276.42 1e+100
7 6195.24 6195.24 1e+100
2 5659.51 5659.51 1e+100
1 4669.09 18676.4 1e+100
9 6148.09 7148.09 1e+100
0 4590.61 22362.5 1e+100
5 5878.33 5878.33 1e+100
4 5528.17 5528.17 1e+100
3 5534.31 22137.3 1e+100
6 5907.16 5907.16 1e+100
72
0 646.317 646.317 1e+100
2 285.746 5142.98 1e+100
4 139.91 559.642 1e+100
1 626.772 2507.09 1e+100
3 226.432 905.73 1e+100
5 274.481 2097.92 1e+100
9 232.333 232.333 1e+100
8 1664.23 5664.23 1e+100
6 2566.04 10264.2 1e+100
7 2481.28 3481.28 1e+100
2 1665.51 10662.1 1e+100
5 2103.74 8414.95 1e+100
4 1713.17 10852.7 1e+100
9 1821.3 1821.3 1e+100
0 2008.53 6008.53 1e+100
1 2236.82 3236.82 1e+100
2 2982.97 15931.9 1e+100
8 4055.1 16220.4 1e+100
3 5180.22 21720.9 1e+100
0 3883.09 19532.4 1e+100
9 3456.23 14824.9 1e+100
5 5556.77 22227.1 1e+100
7 3492.34 3492.34 1e+100
4 2957.11 2957.11 1e+100
1 3469.2 14876.8 1e+100
6 3025.61 12102.4 1e+100
3 548.188 3192.75 1e+100
4 3806.65 15226.6 1e+100
2 3456.6 13826.4 1e+100
9 3978.28 3978.28 1e+100
8 3906.46 3906.46 1e+100
0 4716.95 22867.8 1e+100
7 3479.77 14919.1 1e+100
6 3601.37 18405.5 1e+100
1 2974.22 3974.22 1e+100
4 4280.49 21122 1e+100
2 3209.66 3209.66 1e+100
3 4499.89 18999.6 1e+100
9 4008.02 4008.02 1e+100
7 3151.77 12607.1 1e+100
2 4271.92 8271.92 1e+100
0 4593.82 18375.3 1e+100
7 4628.49 18514 1e+100
8 4716.56 18866.2 1e+100
9 5380.07 5380.07 1e+100
3 7202.91 7202.91 1e+100
6 5993.74 9993.74 1e+100
6 3656.14 3656.14 1e+100
4 4277.43 17109.7 1e+100
1 5788.98 24155.9 1e+100
2 5767.15 5767.15 1e+100
5 5954.76 24819 1e+100
4 5664.94 22659.7 1e+100
0 6473.93 25895.7 1e+100
7 6643.27 7643.27 1e+100
8 6136.78 24547.1 1e+100
9 6745.47 7745.47 1e+100
4 6831.86 27327.4 1e+100
1 2940.57 12762.3 1e+100
6 7799.06 7799.06 1e+100
1 9400.83 9400.83 1e+100
5 7072.98 7072.98 1e+100
0 7552.27 7552.27 1e+100
2 8738.66 8738.66 1e+100
7 7720.5 31882 1e+100
3 8023.55 33094.2 1e+100
9 7922 8922 1e+100
8 7294.29 29177.2 1e+100
8 1562.4 6249.61 1e+100
4 8559.33 8559.33 1e+100
5 7656.99 30627.9 1e+100
0 8266.65 8266.65 1e+100
74
7 2514.45 3514.45 1e+100
4 238.928 238.928 1e+100
1 645.799 645.799 1e+100
5 225.508 225.508 1e+100
0 408.176 4408.18 1e+100
3 172.778 172.778 1e+100
1 4547.83 4547.83 1e+100
2 283.638 1134.55 1e+100
8 3241.68 7241.68 1e+100
6 2698.52 2698.52 1e+100
8 5167.94 5167.94 1e+100
2 2152.93 8611.72 1e+100
4 1878.76 5878.76 1e+100
1 2120.81 3120.81 1e+100
2 4113.23 20452.9 1e+100
0 4026.58 8026.58 1e+100
3 3610.63 4610.63 1e+100
9 4740.59 19962.4 1e+100
0 1290.31 5290.31 1e+100
5 1216.96 4867.84 1e+100
2 7888.35 7888.35 1e+100
7 3236.76 4236.76 1e+100
5 4215.07 4215.07 1e+100
0 5782.68 9782.68 1e+100
7 5397.79 6397.79 1e+100
6 5224.14 5224.14 1e+100
1 6150.85 7150.85 1e+100
1 21840.6 22840.6 1e+100
9 341.746 1341.75 1e+100
2 11827.8 11827.8 1e+100
3 10397.6 11397.6 1e+100
7 7049.14 29196.5 1e+100
5 5110.33 5110.33 1e+100
7 13654.9 55619.5 1e+100
1 10782.9 11782.9 1e+100
5 520.752 2083.01 1e+100
2 9122.09 13122.1 1e+100
4 1084.04 8336.18 1e+100
2 12863.9 51455.6 1e+100
0 7135.92 7135.92 1e+100
1 14662 15662 1e+100
3 10639.5 43558 1e+100
7 13632.3 13632.3 1e+100
3 11859.9 12859.9 1e+100
5 5608.54 22434.2 1e+100
2 16652.1 66608.2 1e+100
0 15765.2 19765.2 1e+100
7 17486.4 17486.4 1e+100
5 15746.3 15746.3 1e+100
3 13894.9 14894.9 1e+100
3 4134.71 17538.8 1e+100
4 1606.03 6424.13 1e+100
0 20329.3 20329.3 1e+100
1 1027.07 5108.28 1e+100
6 152.483 609.933 1e+100
5 9959.25 40837 1e+100
2 18153.6 18153.6 1e+100
2 5250.73 21002.9 1e+100
2 13735.5 13735.5 1e+100
3 5148.46 21593.9 1e+100
0 7411.72 29646.9 1e+100
0 10118.3 10118.3 1e+100
0 12941 16941 1e+100
3 15413.4 15413.4 1e+100
1 15024.4 16024.4 1e+100
0 17040.8 17040.8 1e+100
0 3194.81 12779.3 1e+100
5 6882.98 28531.9 1e+100
7 7464.11 8464.11 1e+100
1 3588.12 15352.5 1e+100
8 455.763 1823.05 1e+100
5 11612.8 12612.8 1e+100
7 5073.16 20292.7 1e+100
2 403.235 403.235 1e+100
