57
5 343.654 343.654 1e+100
0 532.056 2128.22 1e+100
1 758.869 4035.48 1e+100
3 161.318 645.273 1e+100
2 290.258 4290.26 1e+100
4 228.495 228.495 1e+100
1 6030.54 6030.54 1e+100
3 5543.27 22173.1 1e+100
5 6307.23 7307.23 1e+100
3 7488.71 8488.71 1e+100
0 7489.72 11489.7 1e+100
1 7269.85 29079.4 1e+100
4 5784.04 23136.2 1e+100
3 3092.65 3092.65 1e+100
0 3792.21 15168.8 1e+100
2 5593.7 9593.7 1e+100
2 7159.09 11159.1 1e+100
2 3211.5 7211.5 1e+100
4 7360.32 7360.32 1e+100
3 444.565 2778.26 1e+100
5 6989.25 28957 1e+100
1 7867.81 32471.2 1e+100
5 107.709 1430.84 1e+100
0 554.551 2218.2 1e+100
5 1813.86 1813.86 1e+100
3 7431.02 8431.02 1e+100
0 7768.79 35075.2 1e+100
4 510.936 2043.74 1e+100
1 418.916 1675.66 1e+100
2 7173.99 7173.99 1e+100
4 1131.63 8526.5 1e+100
5 6348.94 7348.94 1e+100
4 7210.8 28843.2 1e+100
5 8440.59 8440.59 1e+100
3 6809.43 27237.7 1e+100
0 7563.39 11563.4 1e+100
2 8385.02 33540.1 1e+100
4 9793.47 39173.9 1e+100
3 8270.26 9270.26 1e+100
1 8478.1 34912.4 1e+100
0 10738.1 10738.1 1e+100
5 9680.25 10680.2 1e+100
2 9826.42 39305.7 1e+100
1 10378.4 42513.4 1e+100
5 11378.4 12378.4 1e+100
1 6086.03 24344.1 1e+100
4 11064.9 11064.9 1e+100
3 11224.3 44897.3 1e+100
2 12199.7 12199.7 1e+100
0 11376.2 49505 1e+100
1 11780 11780 1e+100
2 13947 13947 1e+100
4 12203.4 12203.4 1e+100
3 9011.06 37044.2 1e+100
5 13170.1 52680.4 1e+100
0 12923.8 51695.3 1e+100
3 12403.5 49614.2 1e+100
59
1 612.697 3450.79 1e+100
3 128.83 515.322 1e+100
5 305.807 305.807 1e+100
2 310.809 310.809 1e+100
4 274.662 274.662 1e+100
0 558.831 2235.33 1e+100
3 3927.15 15708.6 1e+100
5 3759.47 4759.47 1e+100
4 1837.41 11349.6 1e+100
2 1777.35 7109.4 1e+100
1 1700.84 6803.37 1e+100
4 3763.23 3763.23 1e+100
0 3929.17 15716.7 1e+100
2 4864.25 4864.25 1e+100
0 1888.33 11553.3 1e+100
1 4380.64 5380.64 1e+100
5 6120.1 24480.4 1e+100
4 5002.07 20008.3 1e+100
3 5316.3 6316.3 1e+100
1 6338.16 7338.16 1e+100
2 7579.78 7579.78 1e+100
0 6513.65 26054.6 1e+100
4 6775.84 10775.8 1e+100
0 4270.04 8270.04 1e+100
3 6559.2 7559.2 1e+100
5 6352.99 26411.9 1e+100
1 7046.57 29186.3 1e+100
0 8220.52 8220.52 1e+100
4 7948.57 7948.57 1e+100
5 7395.9 7395.9 1e+100
2 7858.01 31432 1e+100
1 273.008 2092.03 1e+100
3 8827.6 9827.6 1e+100
1 7548.06 30192.2 1e+100
5 8905.92 35623.7 1e+100
0 10946 10946 1e+100
1 8541.5 34166 1e+100
5 10312.6 41250.2 1e+100
3 10212.8 41851.1 1e+100
2 9164.67 9164.67 1e+100
1 10040.5 41161.9 1e+100
0 11730.5 11730.5 1e+100
4 11682.1 11682.1 1e+100
2 12257.4 12257.4 1e+100
1 11499 46996 1e+100
1 12932 52728.1 1e+100
5 11658.4 46633.6 1e+100
0 12938.3 51753.3 1e+100
3 12520 51080.1 1e+100
4 15640.1 15640.1 1e+100
5 13232.4 13232.4 1e+100
2 14260 14260 1e+100
3 13963.4 55853.7 1e+100
0 13783.4 13783.4 1e+100
5 14463.8 57855.1 1e+100
1 15629.8 15629.8 1e+100
1 13698.9 14698.9 1e+100
4 6793.89 31175.5 1e+100
0 15546.4 15546.4 1e+100
69
4 294.267 294.267 1e+100
5 217.397 1217.4 1e+100
2 331.587 4331.59 1e+100
0 622.712 4622.71 1e+100
3 174.647 174.647 1e+100
1 627.799 627.799 1e+100
1 4016.59 4016.59 1e+100
2 2162.45 8649.82 1e+100
2 3983.69 7983.69 1e+100
1 2183.38 3183.38 1e+100
0 4294.23 4294.23 1e+100
5 2300.1 10200.4 1e+100
3 5030.74 5030.74 1e+100
0 2133.53 2133.53 1e+100
5 4260.4 17041.6 1e+100
3 1519.54 1519.54 1e+100
4 4847.49 4847.49 1e+100
4 2425.2 9700.81 1e+100
1 5053.72 5053.72 1e+100
2 5204.61 24818.5 1e+100
0 10688.3 10688.3 1e+100
2 7177.32 7177.32 1e+100
4 11770.5 15770.5 1e+100
1 10768.3 11768.3 1e+100
5 11982.4 11982.4 1e+100
0 11677.9 46711.6 1e+100
5 9608.52 9608.52 1e+100
0 14539.6 14539.6 1e+100
3 15306.8 16306.8 1e+100
5 13114 52456 1e+100
2 11751.2 47004.7 1e+100
1 14309.3 58237.4 1e+100
0 15349 15349 1e+100
5 15289.8 15289.8 1e+100
2 17911.6 17911.6 1e+100
4 15798.8 15798.8 1e+100
0 11663.8 50655.2 1e+100
2 8169.59 32678.3 1e+100
3 16722.8 17722.8 1e+100
1 14987 14987 1e+100
5 16732.3 16732.3 1e+100
1 4083.06 16332.2 1e+100
2 12293.9 12293.9 1e+100
0 15717.8 15717.8 1e+100
4 11371.2 49485 1e+100
1 9439.2 37756.8 1e+100
1 18501.5 19501.5 1e+100
0 17189.9 17189.9 1e+100
5 17900.5 18900.5 1e+100
0 1283.33 5133.31 1e+100
4 16254.9 16254.9 1e+100
3 2003.36 9013.44 1e+100
1 10283.5 11283.5 1e+100
3 17324.6 18324.6 1e+100
3 9545.82 39183.3 1e+100
0 4273.53 17094.1 1e+100
2 18188.2 18188.2 1e+100
5 1805.18 7220.73 1e+100
4 17245.1 17245.1 1e+100
3 3326.57 13306.3 1e+100
0 18164.2 18164.2 1e+100
1 3958.68 15834.7 1e+100
5 18585.7 18585.7 1e+100
3 18792.6 19792.6 1e+100
4 18383.6 18383.6 1e+100
0 1483.21 5932.86 1e+100
3 5549.52 22198.1 1e+100
4 2923.71 11694.8 1e+100
5 2633.89 10535.6 1e+100
69
3 141.2 141.2 1e+100
3 4239.86 17959.4 1e+100
4 238.877 238.877 1e+100
2 2195.71 2195.71 1e+100
0 698.722 4698.72 1e+100
5 360.301 1360.3 1e+100
5 3129.09 3129.09 1e+100
4 6167.41 6167.41 1e+100
3 6209.02 6209.02 1e+100
1 6833.73 6833.73 1e+100
5 5135.82 20543.3 1e+100
1 608.26 608.26 1e+100
0 4799.17 4799.17 1e+100
1 3110.76 3110.76 1e+100
2 6184.38 6184.38 1e+100
0 2471.71 6471.71 1e+100
0 6789.38 10789.4 1e+100
5 6926.14 28704.5 1e+100
4 8650.07 34600.3 1e+100
3 7230.59 7230.59 1e+100
2 10568.8 10568.8 1e+100
1 8053.1 8053.1 1e+100
2 3100.77 3100.77 1e+100
1 10871.6 11871.6 1e+100
5 7939.24 32757 1e+100
3 560.87 2243.48 1e+100
4 12527.4 50109.5 1e+100
3 10276 10276 1e+100
0 7214.81 28859.3 1e+100
2 11244.7 44978.9 1e+100
5 11415.1 46660.5 1e+100
3 11673.5 47694 1e+100
4 276.582 4276.58 1e+100
1 11666.6 12666.6 1e+100
2 12700.7 54802.8 1e+100
0 12581.7 50326.8 1e+100
4 8081.07 36324.3 1e+100
3 12021.5 12021.5 1e+100
0 13725.3 54901.2 1e+100
5 13781.2 56124.9 1e+100
2 13600.9 13600.9 1e+100
5 15159.7 60638.8 1e+100
3 15645.9 62583.5 1e+100
4 15173.1 15173.1 1e+100
1 13266.5 53066.2 1e+100
3 4616.5 18466 1e+100
0 14978.5 59913.9 1e+100
2 17654.2 17654.2 1e+100
4 16076.5 64306.1 1e+100
1 14729.2 59916.6 1e+100
1 16601.5 17601.5 1e+100
4 10589.1 42356.3 1e+100
3 17425 18425 1e+100
0 17904.3 17904.3 1e+100
5 15716.3 63865.3 1e+100
1 10476.2 42904.7 1e+100
5 18249.1 19249.1 1e+100
4 12099.6 52398.4 1e+100
4 16997.2 16997.2 1e+100
0 7300.68 33202.7 1e+100
1 17545.1 18545.1 1e+100
5 5070.69 20282.8 1e+100
3 18023.8 18023.8 1e+100
0 19372.3 19372.3 1e+100
4 18135.7 18135.7 1e+100
5 9105.49 37422 1e+100
3 11033 44132.1 1e+100
2 13400.1 53600.3 1e+100
0 4327.46 21309.8 1e+100
61
4 294.267 294.267 1e+100
5 217.397 1217.4 1e+100
2 331.587 4331.59 1e+100
0 622.712 4622.71 1e+100
3 174.647 174.647 1e+100
1 627.799 627.799 1e+100
5 2065.16 2065.16 1e+100
0 2489.39 9957.57 1e+100
1 3921.35 3921.35 1e+100
0 4118.3 4118.3 1e+100
5 3720.7 4720.7 1e+100
3 4509.77 19039.1 1e+100
1 1950.36 1950.36 1e+100
2 1806.59 1806.59 1e+100
4 6396.05 29584.2 1e+100
3 1519.54 1519.54 1e+100
5 7224.7 8224.7 1e+100
4 2425.2 9700.81 1e+100
0 5173.9 9173.9 1e+100
1 5142.28 20569.1 1e+100
2 5016.98 5016.98 1e+100
3 5695.52 6695.52 1e+100
2 6571.22 10571.2 1e+100
1 6558.28 27233.1 1e+100
0 6492.8 25971.2 1e+100
4 7444.89 29779.5 1e+100
3 7080.51 29322 1e+100
1 7858.08 7858.08 1e+100
2 7773.94 7773.94 1e+100
0 7948.76 35795.1 1e+100
2 1681.83 6727.33 1e+100
5 9783.63 39134.5 1e+100
3 7856.13 31424.5 1e+100
4 9325.7 37302.8 1e+100
2 8056.64 8056.64 1e+100
1 8890.33 8890.33 1e+100
5 11352.9 11352.9 1e+100
0 11020.1 48080.3 1e+100
4 10995 10995 1e+100
1 11650.6 12650.6 1e+100
3 10828.6 43314.6 1e+100
1 9800.34 39201.4 1e+100
4 12771.4 12771.4 1e+100
2 11963.3 11963.3 1e+100
5 12521.1 13521.1 1e+100
2 13785.8 13785.8 1e+100
0 12022.2 12022.2 1e+100
3 13600.7 14600.7 1e+100
1 12953.5 13953.5 1e+100
0 13488.2 13488.2 1e+100
2 8829.44 39317.7 1e+100
5 13819.6 13819.6 1e+100
1 14448.7 15448.7 1e+100
0 7241.14 32964.6 1e+100
3 14962.8 14962.8 1e+100
2 14818.1 14818.1 1e+100
4 14573.3 14573.3 1e+100
0 14216.2 14216.2 1e+100
5 14775.2 15775.2 1e+100
3 6073.3 24293.2 1e+100
0 16265.9 16265.9 1e+100
70
1 612.697 3450.79 1e+100
3 128.83 515.322 1e+100
5 305.807 305.807 1e+100
2 310.809 310.809 1e+100
4 274.662 274.662 1e+100
0 558.831 2235.33 1e+100
3 3927.15 15708.6 1e+100
2 3729.36 3729.36 1e+100
1 1879.91 7519.65 1e+100
0 2124.03 8496.11 1e+100
1 3902.08 15608.3 1e+100
0 4293.76 4293.76 1e+100
5 3268.17 14072.7 1e+100
4 4776 4776 1e+100
5 5085.93 20343.7 1e+100
4 981.806 981.806 1e+100
2 6089.99 28360 1e+100
1 4764.32 20057.3 1e+100
3 5316.3 6316.3 1e+100
5 522.302 1522.3 1e+100
0 5471.54 9471.54 1e+100
4 6302.65 6302.65 1e+100
1 6475.39 7475.39 1e+100
5 5816.69 6816.69 1e+100
3 6339.68 7339.68 1e+100
4 7750.96 7750.96 1e+100
1 7411.26 8411.26 1e+100
0 8064.46 8064.46 1e+100
2 8538.46 34153.9 1e+100
5 8456.57 8456.57 1e+100
3 7744.89 31979.6 1e+100
4 9292.87 9292.87 1e+100
3 9314.83 10314.8 1e+100
0 9090.75 13090.8 1e+100
2 10069.6 10069.6 1e+100
4 10448.4 10448.4 1e+100
5 9500.94 9500.94 1e+100
1 9219.03 9219.03 1e+100
0 11139 44555.9 1e+100
1 7221.39 28885.6 1e+100
3 10656.7 43626.8 1e+100
5 14642.9 15642.9 1e+100
1 10211.8 41847.3 1e+100
3 14458.4 14458.4 1e+100
4 14968.5 14968.5 1e+100
1 14253.6 14253.6 1e+100
0 15180.9 19180.9 1e+100
0 13056.5 13056.5 1e+100
2 16925.1 16925.1 1e+100
5 3684.5 15738 1e+100
3 15883.2 16883.2 1e+100
5 15596.5 62385.9 1e+100
2 3190.39 12761.6 1e+100
1 15496.3 61985.4 1e+100
4 15958.9 19958.9 1e+100
0 16500.2 66000.8 1e+100
5 17119.5 69477.8 1e+100
1 17805.5 17805.5 1e+100
4 10771.2 43084.9 1e+100
2 12734.8 54939.2 1e+100
4 18099.2 18099.2 1e+100
3 18601.6 74406.3 1e+100
0 18347.3 18347.3 1e+100
2 17577.6 70310.4 1e+100
2 9582.8 38331.2 1e+100
0 2183.8 12735.2 1e+100
5 9844.19 39376.7 1e+100
5 18378.6 18378.6 1e+100
1 18865.7 18865.7 1e+100
1 10894.1 44576.5 1e+100
60
3 141.2 141.2 1e+100
1 2933.47 12733.9 1e+100
4 238.877 238.877 1e+100
2 2195.71 2195.71 1e+100
0 698.722 4698.72 1e+100
5 360.301 1360.3 1e+100
3 4148.77 4148.77 1e+100
4 5149.01 5149.01 1e+100
0 6109.57 10109.6 1e+100
2 8976.07 12976.1 1e+100
5 6379.74 25519 1e+100
1 608.26 608.26 1e+100
3 6110.44 7110.44 1e+100
4 2282.35 6282.35 1e+100
4 6623.1 6623.1 1e+100
1 8410.31 8410.31 1e+100
5 2194.15 2194.15 1e+100
5 8170.07 33680.3 1e+100
5 3582.82 15331.3 1e+100
1 9754.19 9754.19 1e+100
3 10731.1 11731.1 1e+100
2 10195.4 14195.4 1e+100
2 3100.77 3100.77 1e+100
5 11143.9 12143.9 1e+100
0 10810.4 43241.5 1e+100
3 560.87 2243.48 1e+100
5 8927.83 36711.3 1e+100
0 1203.15 5203.15 1e+100
2 12488.1 12488.1 1e+100
4 10384.4 10384.4 1e+100
3 10161.2 10161.2 1e+100
0 11077.2 44309 1e+100
0 716.691 2866.76 1e+100
1 10822.4 11822.4 1e+100
5 10318.6 41274.6 1e+100
1 8132.24 32529 1e+100
4 11614.2 11614.2 1e+100
1 176.643 706.57 1e+100
3 11038.5 44153.9 1e+100
4 5577.08 22308.3 1e+100
2 11243.5 11243.5 1e+100
1 1675.61 7702.43 1e+100
1 13232 14232 1e+100
0 12999.8 12999.8 1e+100
4 12633.8 12633.8 1e+100
0 4922.85 19691.4 1e+100
3 12589.3 51357.2 1e+100
5 12820.8 51283.1 1e+100
2 14419.3 57677.3 1e+100
0 2267.22 9068.9 1e+100
4 15140.8 15140.8 1e+100
1 14354 14354 1e+100
0 16447.9 16447.9 1e+100
5 9551.96 38207.8 1e+100
3 13542.5 14542.5 1e+100
3 2230.09 8920.34 1e+100
5 14538.8 14538.8 1e+100
2 15078.1 15078.1 1e+100
1 16934 67735.9 1e+100
3 15305.5 16305.5 1e+100
59
1 612.697 3450.79 1e+100
3 128.83 515.322 1e+100
5 305.807 305.807 1e+100
2 310.809 310.809 1e+100
4 274.662 274.662 1e+100
0 558.831 2235.33 1e+100
3 3927.15 15708.6 1e+100
2 3729.36 3729.36 1e+100
1 1879.91 7519.65 1e+100
0 2124.03 8496.11 1e+100
5 3295.87 13183.5 1e+100
4 3876.42 3876.42 1e+100
1 3820.34 16281.3 1e+100
0 5210.93 5210.93 1e+100
5 5035.33 20141.3 1e+100
2 6967.68 6967.68 1e+100
1 5202.58 20810.3 1e+100
4 721.684 2886.73 1e+100
3 5316.3 6316.3 1e+100
5 522.302 1522.3 1e+100
4 5054.2 9054.2 1e+100
0 6737.57 6737.57 1e+100
1 6473.95 7473.95 1e+100
5 5766.09 6766.09 1e+100
3 6339.68 7339.68 1e+100
5 7194.78 8194.78 1e+100
2 7753.68 7753.68 1e+100
1 7262.74 8262.74 1e+100
0 8388.92 33555.7 1e+100
4 7923.84 11923.8 1e+100
3 7744.89 31979.6 1e+100
5 9992.67 10992.7 1e+100
2 8670.55 38682.2 1e+100
0 9775.22 13775.2 1e+100
2 10829.3 47317.3 1e+100
1 9838.41 40353.6 1e+100
3 13025.5 14025.5 1e+100
0 10903.7 10903.7 1e+100
1 7504.65 31018.6 1e+100
5 10932.3 10932.3 1e+100
4 10496.7 10496.7 1e+100
1 11477.9 12477.9 1e+100
2 11255.3 11255.3 1e+100
0 12535.6 12535.6 1e+100
4 3681.07 14724.3 1e+100
4 12691.8 50767 1e+100
5 14276.2 57104.9 1e+100
1 12685.8 51743 1e+100
4 7707.96 30831.8 1e+100
2 15213.3 15213.3 1e+100
3 13359.9 13359.9 1e+100
0 14538.1 14538.1 1e+100
1 13470.9 53883.6 1e+100
4 13645 13645 1e+100
3 14591.2 58364.9 1e+100
5 15994.3 15994.3 1e+100
1 15845.3 16845.3 1e+100
3 5930.34 23721.3 1e+100
4 15408 15408 1e+100
72
3 223.359 1223.36 1e+100
1 594.769 2379.08 1e+100
0 400.1 1600.4 1e+100
2 313.832 5255.33 1e+100
5 202.262 809.049 1e+100
4 239.866 959.465 1e+100
5 2139.28 2139.28 1e+100
4 3267.29 7267.29 1e+100
3 2031.86 9127.43 1e+100
2 2081.3 2081.3 1e+100
1 1974.54 7898.15 1e+100
0 5167.54 24670.1 1e+100
4 5178.43 24713.7 1e+100
3 5824.51 5824.51 1e+100
1 5082.84 5082.84 1e+100
2 5442.32 5442.32 1e+100
5 5739.68 22958.7 1e+100
4 7052.42 28209.7 1e+100
0 8282.81 33131.2 1e+100
3 9838.69 39354.8 1e+100
5 3378.97 14515.9 1e+100
0 10016 44063.9 1e+100
1 11813.4 11813.4 1e+100
0 16381.9 16381.9 1e+100
0 1487.78 5951.11 1e+100
2 2475.49 9901.94 1e+100
4 9299.59 37198.4 1e+100
2 12738.3 50953.1 1e+100
3 1894.79 8579.16 1e+100
4 14760.7 18760.7 1e+100
2 17203.6 17203.6 1e+100
1 14151.9 56607.6 1e+100
1 912.954 4651.81 1e+100
1 16233.6 64934.5 1e+100
5 16014.8 17014.8 1e+100
3 8865.08 35460.3 1e+100
3 14993.1 15993.1 1e+100
5 13019.5 53078.1 1e+100
4 14790.5 18790.5 1e+100
5 3288.72 13154.9 1e+100
0 16621.1 20621.1 1e+100
4 8083.27 32333.1 1e+100
3 2846.04 11384.2 1e+100
4 4052.51 16210.1 1e+100
1 16867.4 16867.4 1e+100
5 17480.7 17480.7 1e+100
3 16598 16598 1e+100
2 17554.5 17554.5 1e+100
1 3613.02 15452.1 1e+100
5 9621.71 39486.8 1e+100
0 18116.4 18116.4 1e+100
0 10414 41655.8 1e+100
1 9090.27 37361.1 1e+100
4 9963.38 39853.5 1e+100
3 18394.6 19394.6 1e+100
2 7360.63 29442.5 1e+100
4 18649.7 18649.7 1e+100
2 4661.3 18645.2 1e+100
5 6773.3 28093.2 1e+100
3 11039.3 12039.3 1e+100
1 18039.5 18039.5 1e+100
5 18395.2 18395.2 1e+100
0 13023.4 13023.4 1e+100
2 10521.1 10521.1 1e+100
2 2133.43 8533.74 1e+100
3 8061.33 33245.3 1e+100
4 15304.2 15304.2 1e+100
5 3647.15 15588.6 1e+100
1 439.43 2757.72 1e+100
2 18577.2 18577.2 1e+100
1 3537.84 14151.3 1e+100
2 14309.8 14309.8 1e+100
74
4 294.267 294.267 1e+100
5 217.397 1217.4 1e+100
2 331.587 4331.59 1e+100
0 622.712 4622.71 1e+100
3 174.647 174.647 1e+100
1 627.799 627.799 1e+100
4 1818.73 5818.73 1e+100
3 1732.09 7928.35 1e+100
5 1960.42 1960.42 1e+100
2 2235.29 2235.29 1e+100
0 2319.5 2319.5 1e+100
1 2423.76 10695.1 1e+100
4 3134.93 7134.93 1e+100
5 3700.71 4700.71 1e+100
2 4150.34 20601.4 1e+100
4 4864.27 8864.27 1e+100
1 5804.07 6804.07 1e+100
3 6209.47 25837.9 1e+100
4 7276.03 11276 1e+100
5 5156.08 20624.3 1e+100
5 6903.79 7903.79 1e+100
0 7132.58 7132.58 1e+100
1 10233.1 10233.1 1e+100
3 9201.58 9201.58 1e+100
2 8633.86 8633.86 1e+100
4 8686.57 8686.57 1e+100
5 7727.94 8727.94 1e+100
0 8509.97 8509.97 1e+100
5 9156.63 10156.6 1e+100
2 10425.8 10425.8 1e+100
4 9475.36 9475.36 1e+100
3 1057.3 5229.21 1e+100
3 9737.68 9737.68 1e+100
2 4395.08 17580.3 1e+100
0 9777.73 9777.73 1e+100
0 1380.72 9522.89 1e+100
2 11387.5 15387.5 1e+100
5 13130.5 52522.1 1e+100
2 13312.2 53248.9 1e+100
4 13755.3 13755.3 1e+100
3 13703.4 14703.4 1e+100
5 14762.3 60049.4 1e+100
2 15029 19029 1e+100
4 15488 15488 1e+100
1 13487.9 53951.6 1e+100
3 14841.4 60365.6 1e+100
1 15816.7 15816.7 1e+100
5 16011.6 16011.6 1e+100
3 16640.6 16640.6 1e+100
4 8957.75 8957.75 1e+100
0 1046.19 4184.78 1e+100
0 10636.7 42546.8 1e+100
2 16904.8 16904.8 1e+100
1 17431.2 70725 1e+100
5 17464.1 70856.4 1e+100
3 18544.3 75177 1e+100
1 19174.6 20174.6 1e+100
0 14624 58495.9 1e+100
4 20591.2 20591.2 1e+100
0 18361.2 73444.8 1e+100
4 17003.7 68014.8 1e+100
4 10083.6 10083.6 1e+100
3 19972.5 19972.5 1e+100
5 20016.6 20016.6 1e+100
1 20277.6 21277.6 1e+100
0 20193 20193 1e+100
5 8471.99 34888 1e+100
3 9482.17 38928.7 1e+100
2 21280.2 21280.2 1e+100
1 9138.4 37553.6 1e+100
1 6674.49 27697.9 1e+100
2 18534 18534 1e+100
0 14957.8 63831.1 1e+100
5 17543.3 18543.3 1e+100
64
3 223.359 1223.36 1e+100
1 594.769 2379.08 1e+100
0 400.1 1600.4 1e+100
2 313.832 5255.33 1e+100
5 202.262 809.049 1e+100
4 239.866 959.465 1e+100
5 2139.28 2139.28 1e+100
4 3267.29 7267.29 1e+100
5 4137.54 17550.1 1e+100
0 4697.47 4697.47 1e+100
1 4302.32 17209.3 1e+100
2 5431.94 25727.8 1e+100
0 16668.3 70673.1 1e+100
1 5878.61 5878.61 1e+100
3 1585.57 1585.57 1e+100
5 5856.14 6856.14 1e+100
3 3566.56 14266.2 1e+100
0 6368.99 25476 1e+100
2 8547.21 34188.8 1e+100
0 2207.25 12829 1e+100
1 1524.44 7097.78 1e+100
5 9501.9 38007.6 1e+100
0 7519.54 11519.5 1e+100
2 2494.39 2494.39 1e+100
0 13219.1 52876.4 1e+100
1 14410.8 15410.8 1e+100
5 19639.6 19639.6 1e+100
2 270.985 1083.94 1e+100
5 13377 13377 1e+100
4 13821.9 13821.9 1e+100
2 15080.6 15080.6 1e+100
5 16726.6 66906.4 1e+100
4 7857.38 31429.5 1e+100
4 14644.5 58577.9 1e+100
2 17268.5 17268.5 1e+100
0 17620.2 21620.2 1e+100
0 19482.9 19482.9 1e+100
2 10554 10554 1e+100
2 19562.8 19562.8 1e+100
1 4675.65 18702.6 1e+100
4 17314.8 17314.8 1e+100
4 1987.64 7950.57 1e+100
1 20662.4 20662.4 1e+100
1 9614.57 38458.3 1e+100
1 15164 15164 1e+100
4 14302.9 57211.7 1e+100
1 18409.8 19409.8 1e+100
2 20132.7 20132.7 1e+100
0 19614.4 19614.4 1e+100
0 4938.33 19753.3 1e+100
1 6966.75 28867 1e+100
1 4260.45 17041.8 1e+100
4 8662.11 34648.4 1e+100
5 11475.4 46901.8 1e+100
4 18313.4 18313.4 1e+100
2 9436.72 13436.7 1e+100
5 19364.3 20364.3 1e+100
0 5429.17 25716.7 1e+100
5 16721.1 17721.1 1e+100
1 11512.2 46048.6 1e+100
1 20684.5 20684.5 1e+100
4 19343.6 19343.6 1e+100
4 961.014 7844.05 1e+100
0 11904.9 11904.9 1e+100
66
4 294.267 294.267 1e+100
5 217.397 1217.4 1e+100
2 331.587 4331.59 1e+100
0 622.712 4622.71 1e+100
3 174.647 174.647 1e+100
1 627.799 627.799 1e+100
2 4233.62 8233.62 1e+100
0 2489.39 9957.57 1e+100
1 2375.71 2375.71 1e+100
0 4118.3 4118.3 1e+100
1 4301.96 5301.96 1e+100
5 2300.1 10200.4 1e+100
3 5030.74 5030.74 1e+100
2 1806.59 1806.59 1e+100
5 4260.4 17041.6 1e+100
3 1519.54 1519.54 1e+100
4 4847.49 4847.49 1e+100
4 2425.2 9700.81 1e+100
2 5270.76 9270.76 1e+100
1 5599.3 22397.2 1e+100
0 4924.37 4924.37 1e+100
5 5280.93 6280.93 1e+100
3 5771.57 5771.57 1e+100
4 8479.85 33919.4 1e+100
3 7691.06 31764.3 1e+100
0 5862.07 23448.3 1e+100
0 7379.58 29518.3 1e+100
5 9152.07 9152.07 1e+100
2 11151.1 11151.1 1e+100
1 8299.22 33196.9 1e+100
4 9496.51 37986 1e+100
5 5864.77 23459.1 1e+100
1 9654.56 10654.6 1e+100
4 10117.2 44468.8 1e+100
0 9004 9004 1e+100
2 5545.1 22180.4 1e+100
3 9463.87 9463.87 1e+100
1 11579.8 46319.2 1e+100
0 10066.3 14066.3 1e+100
2 10553.5 42214.1 1e+100
5 10461.4 11461.4 1e+100
0 13185.6 17185.6 1e+100
3 10697.2 10697.2 1e+100
2 12043 12043 1e+100
3 12510.8 13510.8 1e+100
1 12368.8 50475.1 1e+100
4 14041.1 14041.1 1e+100
5 11789.8 47159.2 1e+100
0 5440.53 21762.1 1e+100
2 13850.3 59401.3 1e+100
3 14063.9 14063.9 1e+100
5 13424.3 54697.1 1e+100
5 7930.14 32720.6 1e+100
5 15259.2 15259.2 1e+100
0 14434.8 57739.2 1e+100
1 14198.4 56793.7 1e+100
2 15639.9 15639.9 1e+100
3 15612.6 62450.2 1e+100
4 15922.5 15922.5 1e+100
4 10635.8 42543.3 1e+100
0 17341.2 69364.9 1e+100
1 1899.49 7597.95 1e+100
3 4589.95 18359.8 1e+100
1 17127.8 17127.8 1e+100
5 16319.4 16319.4 1e+100
4 8628.42 34513.7 1e+100
55
3 223.359 1223.36 1e+100
1 594.769 2379.08 1e+100
0 400.1 1600.4 1e+100
2 313.832 5255.33 1e+100
5 202.262 809.049 1e+100
4 239.866 959.465 1e+100
5 2139.28 2139.28 1e+100
4 3267.29 7267.29 1e+100
2 1798.82 7195.3 1e+100
0 2730.9 2730.9 1e+100
3 3969.72 15878.9 1e+100
1 2322.53 9290.13 1e+100
2 3614.86 18459.4 1e+100
3 1622.57 1622.57 1e+100
0 4378.77 8378.77 1e+100
5 5897.02 6897.02 1e+100
5 3674.03 14696.1 1e+100
4 5658.15 22632.6 1e+100
2 6728.26 26913.1 1e+100
3 5267.84 21071.3 1e+100
0 6064.69 24258.8 1e+100
1 7212.49 28850 1e+100
3 6807.59 6807.59 1e+100
4 6580.25 6580.25 1e+100
5 7129.4 29517.6 1e+100
0 7370.02 7370.02 1e+100
2 8448.69 8448.69 1e+100
5 6634.43 7634.43 1e+100
1 9444.99 37780 1e+100
2 9420.62 9420.62 1e+100
1 1676.27 7705.1 1e+100
3 8918.7 8918.7 1e+100
4 8131.54 36526.2 1e+100
0 9860.28 13860.3 1e+100
4 9963.7 39854.8 1e+100
0 5567.07 22268.3 1e+100
2 11126.3 11126.3 1e+100
4 4278.11 17112.4 1e+100
3 10158.6 11158.6 1e+100
0 12578.4 12578.4 1e+100
4 11405.1 45620.4 1e+100
1 11629 47516 1e+100
5 12626.9 13626.9 1e+100
3 6111.07 24444.3 1e+100
3 11063.5 12063.5 1e+100
1 9067.66 36270.7 1e+100
2 12069.9 12069.9 1e+100
0 6494.59 29978.4 1e+100
3 12330.2 12330.2 1e+100
1 13008.8 14008.8 1e+100
4 13393.7 13393.7 1e+100
4 4728.3 18913.2 1e+100
5 5967.7 23870.8 1e+100
5 8261.08 34044.3 1e+100
3 2950.54 11802.2 1e+100
63
3 223.359 1223.36 1e+100
1 594.769 2379.08 1e+100
0 400.1 1600.4 1e+100
2 313.832 5255.33 1e+100
5 202.262 809.049 1e+100
4 239.866 959.465 1e+100
5 2139.28 2139.28 1e+100
4 3267.29 7267.29 1e+100
0 2550.66 10202.7 1e+100
2 3999.67 3999.67 1e+100
3 3540.76 14163.1 1e+100
5 4364.51 17458 1e+100
0 4366.7 21466.8 1e+100
2 5684.54 9684.54 1e+100
3 5077.23 5077.23 1e+100
0 5958.01 5958.01 1e+100
4 5674.4 26697.6 1e+100
3 1609.23 7436.92 1e+100
1 3902.39 16609.6 1e+100
2 1509.46 10037.8 1e+100
5 6758.75 28035 1e+100
1 5635.55 22542.2 1e+100
2 6994.94 10994.9 1e+100
4 6724.42 6724.42 1e+100
0 7190.38 28761.5 1e+100
5 7842.49 8842.49 1e+100
4 7963.97 31855.9 1e+100
3 8258.97 8258.97 1e+100
2 7813.58 11813.6 1e+100
0 8309.98 8309.98 1e+100
1 8884.67 36538.7 1e+100
4 9907.55 39630.2 1e+100
2 10402.2 10402.2 1e+100
3 9431.69 10431.7 1e+100
5 9446.14 37784.6 1e+100
0 9452.76 37811 1e+100
4 10820.4 10820.4 1e+100
3 12055.7 12055.7 1e+100
5 10473.6 10473.6 1e+100
1 9430.26 37721 1e+100
0 11122.1 11122.1 1e+100
0 15488.8 15488.8 1e+100
4 12575.2 54300.8 1e+100
5 6775.8 27103.2 1e+100
2 11047.2 11047.2 1e+100
1 12362.2 13362.2 1e+100
2 15388.2 15388.2 1e+100
3 12466.8 13466.8 1e+100
5 13695.6 14695.6 1e+100
1 14075.4 15075.4 1e+100
3 14415 15415 1e+100
4 15093.9 15093.9 1e+100
5 11135.3 44541.3 1e+100
5 15051.7 15051.7 1e+100
1 16060.4 17060.4 1e+100
1 9345.18 37380.7 1e+100
3 15483.5 15483.5 1e+100
0 15352.4 15352.4 1e+100
2 15674.6 15674.6 1e+100
4 15821.9 15821.9 1e+100
5 16007.3 17007.3 1e+100
3 853.313 3413.25 1e+100
0 16688 16688 1e+100
59
1 612.697 3450.79 1e+100
3 128.83 515.322 1e+100
5 305.807 305.807 1e+100
2 310.809 310.809 1e+100
4 274.662 274.662 1e+100
0 558.831 2235.33 1e+100
3 3927.15 15708.6 1e+100
4 3934.18 3934.18 1e+100
1 1879.91 7519.65 1e+100
1 3818.6 16274.4 1e+100
5 4401.32 17605.3 1e+100
1 5988.33 6988.33 1e+100
0 7771.81 31087.2 1e+100
3 6091.23 7091.23 1e+100
4 9284.1 41136.4 1e+100
3 11142.9 12142.9 1e+100
2 1226.17 8904.67 1e+100
0 8712.35 34849.4 1e+100
0 3215.17 3215.17 1e+100
5 7411.65 8411.65 1e+100
5 8905.92 9905.92 1e+100
1 9018.26 9018.26 1e+100
2 2600.56 10402.2 1e+100
4 9939.89 13939.9 1e+100
2 9431.53 9431.53 1e+100
4 5157.52 5157.52 1e+100
0 9629.68 42518.7 1e+100
3 5769.16 24076.7 1e+100
5 499.495 2997.98 1e+100
5 9351.31 10351.3 1e+100
1 9562.11 9562.11 1e+100
4 11214.8 11214.8 1e+100
2 9761.77 9761.77 1e+100
0 12035 12035 1e+100
5 10495.9 41983.4 1e+100
3 11056 11056 1e+100
1 11320.5 45281.9 1e+100
2 2661.4 10645.6 1e+100
4 12305.7 12305.7 1e+100
3 12184.5 13184.5 1e+100
5 11330.9 46323.4 1e+100
1 12532.2 12532.2 1e+100
4 14038.4 14038.4 1e+100
5 12633.9 13633.9 1e+100
2 13526 13526 1e+100
1 16323 17323 1e+100
3 13238.5 14238.5 1e+100
2 11372 11372 1e+100
5 1148.13 4592.51 1e+100
5 13992.2 13992.2 1e+100
0 14055.8 14055.8 1e+100
2 3372.54 17490.2 1e+100
3 14307 14307 1e+100
2 14649.6 14649.6 1e+100
4 14993.6 14993.6 1e+100
2 8770.03 8770.03 1e+100
5 14947.7 15947.7 1e+100
1 1947.31 7789.22 1e+100
0 15016.2 15016.2 1e+100
73
3 141.2 141.2 1e+100
4 2939.94 11759.7 1e+100
4 238.877 238.877 1e+100
2 2195.71 2195.71 1e+100
0 698.722 4698.72 1e+100
5 360.301 1360.3 1e+100
5 3129.09 3129.09 1e+100
4 6664.46 6664.46 1e+100
0 2711.41 6711.41 1e+100
1 2656.76 2656.76 1e+100
5 5135.82 20543.3 1e+100
1 608.26 608.26 1e+100
0 4716.57 4716.57 1e+100
1 7159.33 7159.33 1e+100
3 7293.79 8293.79 1e+100
0 6712.03 10712 1e+100
5 7063.07 7063.07 1e+100
2 7798.36 31193.4 1e+100
4 9147.12 36588.5 1e+100
0 8055.9 12055.9 1e+100
5 8764.5 9764.5 1e+100
1 9125.34 9125.34 1e+100
3 8631.4 9631.4 1e+100
0 13005.1 13005.1 1e+100
2 4916.78 19667.1 1e+100
3 560.87 2243.48 1e+100
1 3326.7 14306.8 1e+100
5 12018.6 12018.6 1e+100
4 13427.1 13427.1 1e+100
3 2477.84 3477.84 1e+100
0 12536.7 12536.7 1e+100
2 11587.7 11587.7 1e+100
2 8322.32 12322.3 1e+100
1 10726 11726 1e+100
3 14287.4 15287.4 1e+100
1 12859.7 12859.7 1e+100
2 15434.7 19434.7 1e+100
1 7919.03 32676.1 1e+100
2 5281.79 25127.2 1e+100
3 7580.89 31323.5 1e+100
0 13439.4 13439.4 1e+100
5 13617.2 55468.8 1e+100
1 15513.1 15513.1 1e+100
4 14863.1 63452.3 1e+100
0 14849 59395.9 1e+100
0 16643.7 20643.7 1e+100
2 16263 20263 1e+100
5 15958.9 15958.9 1e+100
4 16660 16660 1e+100
5 11687.3 47749.2 1e+100
3 9232.71 37930.8 1e+100
3 17261.6 18261.6 1e+100
2 17881 71524 1e+100
1 16696.6 67786.5 1e+100
5 9813.29 40253.1 1e+100
0 18179.9 18179.9 1e+100
5 17688.1 71752.4 1e+100
4 18298.2 18298.2 1e+100
1 17863.6 72454.2 1e+100
4 5585.56 22342.2 1e+100
3 14274.2 15274.2 1e+100
3 20994.3 20994.3 1e+100
5 18946.6 18946.6 1e+100
0 19282.9 19282.9 1e+100
5 20819.9 21819.9 1e+100
0 5572.73 22290.9 1e+100
2 18905.3 75621.3 1e+100
4 19474.8 19474.8 1e+100
4 10513.6 42054.3 1e+100
0 3328.19 13312.8 1e+100
1 19591 20591 1e+100
5 4145.09 16580.4 1e+100
0 19997.3 19997.3 1e+100
59
3 141.2 141.2 1e+100
3 4239.86 17959.4 1e+100
4 238.877 238.877 1e+100
2 2195.71 2195.71 1e+100
0 698.722 4698.72 1e+100
5 360.301 1360.3 1e+100
4 2928.78 6928.78 1e+100
2 3844.79 3844.79 1e+100
1 4916.02 4916.02 1e+100
5 2937.78 2937.78 1e+100
5 5010.89 20043.6 1e+100
1 608.26 608.26 1e+100
4 4890.45 4890.45 1e+100
2 6311.21 10311.2 1e+100
3 7892.67 8892.67 1e+100
1 2508.16 2508.16 1e+100
0 6040.43 10040.4 1e+100
1 6619.68 27478.7 1e+100
4 6554.51 26218 1e+100
5 6119.12 6119.12 1e+100
0 7741.85 7741.85 1e+100
5 7621.61 7621.61 1e+100
2 8474.33 8474.33 1e+100
4 8215.38 8215.38 1e+100
1 7632.79 31531.2 1e+100
3 560.87 2243.48 1e+100
0 1272.9 5091.59 1e+100
3 11611.6 11611.6 1e+100
5 11438.4 12438.4 1e+100
2 12696.7 12696.7 1e+100
5 8186.69 32746.8 1e+100
2 8024.62 32098.5 1e+100
5 10878.9 11878.9 1e+100
1 9797.12 9797.12 1e+100
3 10856.4 10856.4 1e+100
0 537.458 6149.83 1e+100
0 11958.2 11958.2 1e+100
3 12233.6 13233.6 1e+100
0 8426.71 37706.8 1e+100
5 12625.9 50503.7 1e+100
2 13350 13350 1e+100
1 12488.8 13488.8 1e+100
0 16137 16137 1e+100
4 11851.3 11851.3 1e+100
4 9977.5 9977.5 1e+100
3 13566.1 14566.1 1e+100
4 13799.5 13799.5 1e+100
5 13252.7 14252.7 1e+100
0 4611.16 22444.6 1e+100
1 13681.2 13681.2 1e+100
5 14973.4 15973.4 1e+100
4 5454.17 25816.7 1e+100
3 14928.2 14928.2 1e+100
1 15082.9 16082.9 1e+100
2 15151.9 15151.9 1e+100
4 7031.56 7031.56 1e+100
1 8714.66 9714.66 1e+100
1 4196.46 16785.8 1e+100
4 14831.9 14831.9 1e+100
80
3 141.2 141.2 1e+100
0 5033.88 20135.5 1e+100
4 238.877 238.877 1e+100
2 2195.71 2195.71 1e+100
0 698.722 4698.72 1e+100
5 360.301 1360.3 1e+100
2 6289.7 10289.7 1e+100
5 5349.32 6349.32 1e+100
3 7475.73 7475.73 1e+100
2 8240.66 12240.7 1e+100
0 2676.07 14704.3 1e+100
1 608.26 608.26 1e+100
4 8558.45 8558.45 1e+100
5 2482.67 2482.67 1e+100
1 6849.05 7849.05 1e+100
0 8665.85 12665.8 1e+100
1 11389.9 11389.9 1e+100
3 3672.37 15689.5 1e+100
5 10137.3 41549.2 1e+100
4 11865.5 15865.5 1e+100
2 17297.5 17297.5 1e+100
3 16332.6 16332.6 1e+100
1 3765.44 4765.44 1e+100
0 18278.8 18278.8 1e+100
1 17964.2 72857 1e+100
3 560.87 2243.48 1e+100
0 9635.19 38540.8 1e+100
1 15849.2 15849.2 1e+100
3 18075.8 73303.2 1e+100
2 14170.7 56682.6 1e+100
5 14635 59540 1e+100
2 17876.2 71504.6 1e+100
5 16341.1 16341.1 1e+100
4 19517.5 19517.5 1e+100
5 18590 74360.1 1e+100
2 7659.21 30636.8 1e+100
3 11881.8 47527.4 1e+100
1 17606.3 18606.3 1e+100
0 19399.3 19399.3 1e+100
3 17722.1 17722.1 1e+100
4 1100.61 1100.61 1e+100
2 17534.9 17534.9 1e+100
5 19219.8 19219.8 1e+100
1 19121.1 19121.1 1e+100
4 13790.6 55162.4 1e+100
1 11073.8 44295.2 1e+100
2 20108.4 80433.8 1e+100
4 18864.2 18864.2 1e+100
4 10961.1 43844.5 1e+100
1 19932.4 19932.4 1e+100
3 7611.58 30446.3 1e+100
1 8736.16 35944.7 1e+100
4 20264.4 24264.4 1e+100
5 21809.3 21809.3 1e+100
1 21500.8 21500.8 1e+100
0 21759.6 21759.6 1e+100
3 401.398 2605.59 1e+100
5 1807.19 8228.74 1e+100
2 21827.1 21827.1 1e+100
2 6685.99 26743.9 1e+100
5 9513.18 39052.7 1e+100
0 1542.57 6170.28 1e+100
3 21399.5 22399.5 1e+100
4 8622.21 34488.9 1e+100
4 21629.8 21629.8 1e+100
2 7968.43 31873.7 1e+100
0 9754.58 39018.3 1e+100
1 23306.1 24306.1 1e+100
5 22984.8 22984.8 1e+100
3 22591.4 22591.4 1e+100
3 19136.5 20136.5 1e+100
0 22886.6 22886.6 1e+100
3 4686.54 19746.2 1e+100
4 4392.79 17571.2 1e+100
4 22806.3 22806.3 1e+100
0 6628.44 26513.7 1e+100
3 2442 10768 1e+100
2 23456.3 23456.3 1e+100
5 5704.62 22818.5 1e+100
3 23176.7 24176.7 1e+100
71
3 223.359 1223.36 1e+100
1 594.769 2379.08 1e+100
0 400.1 1600.4 1e+100
2 313.832 5255.33 1e+100
5 202.262 809.049 1e+100
4 239.866 959.465 1e+100
5 2139.28 2139.28 1e+100
4 3267.29 7267.29 1e+100
5 4137.54 17550.1 1e+100
1 2295.49 3295.49 1e+100
1 4343.3 17373.2 1e+100
0 5167.54 24670.1 1e+100
4 5178.43 24713.7 1e+100
2 6861.36 10861.4 1e+100
3 1585.57 1585.57 1e+100
5 7509.43 8509.43 1e+100
2 4774.61 23098.4 1e+100
4 7052.42 28209.7 1e+100
3 5320.17 22280.7 1e+100
1 7437.95 29751.8 1e+100
0 7561.78 30247.1 1e+100
3 7053.32 28213.3 1e+100
1 8977.7 8977.7 1e+100
2 2416.59 2416.59 1e+100
0 1487.78 5951.11 1e+100
5 9029.5 10029.5 1e+100
5 4455.85 4455.85 1e+100
2 193.187 772.749 1e+100
0 8432.15 12432.2 1e+100
4 8642.41 8642.41 1e+100
2 10306.1 10306.1 1e+100
2 15070.3 64281.1 1e+100
5 14324.7 58299 1e+100
4 6387.83 25551.3 1e+100
4 13794.3 13794.3 1e+100
3 14589.5 14589.5 1e+100
0 14903.9 14903.9 1e+100
1 15263.9 16263.9 1e+100
4 15040.9 15040.9 1e+100
5 15244.3 16244.3 1e+100
3 15738.2 15738.2 1e+100
2 15789.5 15789.5 1e+100
4 16196.4 16196.4 1e+100
0 16109.5 20109.5 1e+100
1 16641.1 16641.1 1e+100
2 5278.13 21112.5 1e+100
1 7177.79 28711.2 1e+100
5 16586.1 67344.5 1e+100
2 18440 18440 1e+100
0 10811.2 43244.7 1e+100
3 18141.8 18141.8 1e+100
3 10027.4 41109.4 1e+100
0 18792.3 18792.3 1e+100
0 8539.02 34156.1 1e+100
1 17339.7 18339.7 1e+100
4 16905.9 16905.9 1e+100
1 10504.5 43018 1e+100
4 9156.32 36625.3 1e+100
4 18604.1 18604.1 1e+100
1 405.067 1620.27 1e+100
1 18244.6 19244.6 1e+100
1 7612.26 30449 1e+100
5 19501.3 20501.3 1e+100
3 6781.65 27126.6 1e+100
3 18623.4 18623.4 1e+100
2 18945.1 18945.1 1e+100
0 19348.1 19348.1 1e+100
0 5598.83 22395.3 1e+100
5 7144.67 28578.7 1e+100
2 8150.19 32600.7 1e+100
4 5606.05 26424.2 1e+100
63
3 141.2 141.2 1e+100
3 7721.72 31886.9 1e+100
4 238.877 238.877 1e+100
2 2195.71 2195.71 1e+100
0 698.722 4698.72 1e+100
5 360.301 1360.3 1e+100
5 7699.4 7699.4 1e+100
4 7818.24 7818.24 1e+100
0 8773.71 12773.7 1e+100
1 4926.05 4926.05 1e+100
0 6601.5 30406 1e+100
1 608.26 608.26 1e+100
2 10346.7 10346.7 1e+100
5 2482.67 2482.67 1e+100
4 9292.33 9292.33 1e+100
0 10619.6 14619.6 1e+100
5 11159.4 11159.4 1e+100
3 9308.99 38236 1e+100
0 2140.31 8561.25 1e+100
5 5213.32 5213.32 1e+100
3 10545.8 11545.8 1e+100
1 9392.87 9392.87 1e+100
4 10629.9 10629.9 1e+100
0 11918.8 11918.8 1e+100
2 11353.8 45415.1 1e+100
3 560.87 2243.48 1e+100
3 11586.6 47346.5 1e+100
5 12248.2 12248.2 1e+100
2 12885.9 51543.6 1e+100
4 14463.8 57855.2 1e+100
1 11285.4 46141.7 1e+100
1 649.614 3598.46 1e+100
3 12311.1 12311.1 1e+100
0 12713.9 12713.9 1e+100
1 5214.13 20856.5 1e+100
0 2012.2 8048.81 1e+100
1 12267.5 49070.1 1e+100
2 1149.63 1149.63 1e+100
5 11669.8 46679.3 1e+100
3 12606.7 13606.7 1e+100
4 2127.87 8511.46 1e+100
4 13700.6 17700.6 1e+100
5 12308.7 49234.8 1e+100
2 1912.33 5912.33 1e+100
0 12116.3 48465.1 1e+100
2 13995.1 13995.1 1e+100
3 14344.8 15344.8 1e+100
0 13399.2 13399.2 1e+100
5 13448 54792.2 1e+100
4 14690.7 58762.9 1e+100
5 14639.3 58557.4 1e+100
3 153.277 1613.11 1e+100
5 3813.56 16254.2 1e+100
0 15906.2 15906.2 1e+100
1 16980.6 16980.6 1e+100
4 15778.3 15778.3 1e+100
2 14458.9 61835.8 1e+100
3 17283.8 18283.8 1e+100
2 9774.79 43099.1 1e+100
5 16357.4 16357.4 1e+100
0 16936.4 16936.4 1e+100
1 11846.9 47387.7 1e+100
2 16282.3 16282.3 1e+100
67
3 141.2 141.2 1e+100
0 4932.39 19729.6 1e+100
4 238.877 238.877 1e+100
2 2195.71 2195.71 1e+100
0 698.722 4698.72 1e+100
5 360.301 1360.3 1e+100
2 6289.7 10289.7 1e+100
5 4009.53 5009.53 1e+100
1 6877.13 6877.13 1e+100
3 5913.16 5913.16 1e+100
0 6866.21 31464.8 1e+100
1 608.26 608.26 1e+100
4 7917.24 7917.24 1e+100
1 3110.76 3110.76 1e+100
5 7839.54 8839.54 1e+100
3 7781.91 7781.91 1e+100
1 8717.73 8717.73 1e+100
0 8656.53 34626.1 1e+100
4 9581.3 38325.2 1e+100
3 9125.79 9125.79 1e+100
2 9146.96 9146.96 1e+100
1 12360.2 12360.2 1e+100
5 4755.92 5755.92 1e+100
2 12131.5 12131.5 1e+100
0 1483.32 5933.29 1e+100
3 560.87 2243.48 1e+100
4 14524.2 58096.8 1e+100
3 10009.1 10009.1 1e+100
0 14508.9 58035.7 1e+100
5 14696.9 59787.8 1e+100
2 15034.7 60138.7 1e+100
4 15891.8 63567.1 1e+100
3 15801.8 15801.8 1e+100
0 16009.7 16009.7 1e+100
5 16152.9 64611.6 1e+100
3 1364.35 6457.41 1e+100
3 12514.5 50058 1e+100
1 13774.2 13774.2 1e+100
4 912.846 3651.38 1e+100
2 7841.62 31366.5 1e+100
2 14932.1 14932.1 1e+100
1 16261 65044 1e+100
1 11328.2 45312.8 1e+100
0 15688.2 15688.2 1e+100
0 7609.64 34438.6 1e+100
5 9661.77 38647.1 1e+100
4 14773.1 59092.6 1e+100
5 16007.3 17007.3 1e+100
2 10136.9 40547.7 1e+100
3 15367.9 16367.9 1e+100
2 16424.8 16424.8 1e+100
1 17062.1 18062.1 1e+100
0 5358.67 21434.7 1e+100
4 8489.57 33958.3 1e+100
0 8357.36 37429.5 1e+100
2 2741.44 10965.8 1e+100
4 6020.68 24082.7 1e+100
3 16529.2 17529.2 1e+100
5 18159.3 18159.3 1e+100
0 17164.5 17164.5 1e+100
3 6727.49 26909.9 1e+100
2 19363.8 19363.8 1e+100
1 4324.27 17297.1 1e+100
3 17659.9 17659.9 1e+100
0 15013.6 15013.6 1e+100
5 3466.05 13864.2 1e+100
4 15748.6 15748.6 1e+100
65
3 141.2 141.2 1e+100
1 2933.47 12733.9 1e+100
4 238.877 238.877 1e+100
2 2195.71 2195.71 1e+100
0 698.722 4698.72 1e+100
5 360.301 1360.3 1e+100
3 4148.77 4148.77 1e+100
5 6749.33 7749.33 1e+100
1 4902.62 4902.62 1e+100
4 4817.99 8817.99 1e+100
3 6155.49 24622 1e+100
1 608.26 608.26 1e+100
4 2673.94 2673.94 1e+100
0 4423.49 8423.49 1e+100
2 3828.47 3828.47 1e+100
2 8837.32 12837.3 1e+100
0 7421.22 11421.2 1e+100
5 10149.3 41597 1e+100
0 2140.31 8561.25 1e+100
1 7968.58 7968.58 1e+100
4 8727.51 8727.51 1e+100
0 8649.22 12649.2 1e+100
1 11377.7 12377.7 1e+100
1 5879.59 6879.59 1e+100
5 1730.5 7922 1e+100
3 560.87 2243.48 1e+100
2 9806.66 39226.7 1e+100
3 8943.98 8943.98 1e+100
4 9524.33 13524.3 1e+100
0 9497.78 9497.78 1e+100
5 10240.4 11240.4 1e+100
3 13411 14411 1e+100
0 13578.8 13578.8 1e+100
5 13634.1 14634.1 1e+100
2 14369.8 14369.8 1e+100
2 11798.6 11798.6 1e+100
3 5496.2 22984.8 1e+100
4 13798 17798 1e+100
0 10515.5 42062.2 1e+100
1 14611.6 15611.6 1e+100
3 13246.7 52986.9 1e+100
4 10852.1 10852.1 1e+100
0 14031.9 56127.6 1e+100
3 13919.9 13919.9 1e+100
3 7416.88 29667.5 1e+100
4 14007.2 18007.2 1e+100
2 15926.9 63707.6 1e+100
3 15300.5 16300.5 1e+100
4 16336.1 16336.1 1e+100
1 17230.4 18230.4 1e+100
2 7580.84 30323.3 1e+100
2 13255.1 53020.3 1e+100
4 1299.96 9199.85 1e+100
3 8214.54 33858.2 1e+100
4 7286.08 29144.3 1e+100
0 16126.4 16126.4 1e+100
5 15459 15459 1e+100
3 15958.6 16958.6 1e+100
5 7302.31 29209.2 1e+100
2 16135.2 16135.2 1e+100
5 12682.9 50731.5 1e+100
5 17075.7 17075.7 1e+100
0 17156.6 17156.6 1e+100
1 7688.78 30755.1 1e+100
1 13620.2 14620.2 1e+100
84
3 141.2 141.2 1e+100
5 3140.25 13561 1e+100
4 238.877 238.877 1e+100
2 2195.71 2195.71 1e+100
0 698.722 4698.72 1e+100
5 360.301 1360.3 1e+100
4 2928.78 6928.78 1e+100
0 4466.77 4466.77 1e+100
1 4884.73 4884.73 1e+100
5 5018.31 5018.31 1e+100
1 2712.52 10850.1 1e+100
1 608.26 608.26 1e+100
4 4890.45 4890.45 1e+100
2 4820.81 8820.81 1e+100
0 5940.86 5940.86 1e+100
3 3814.56 3814.56 1e+100
1 6725.33 6725.33 1e+100
5 6744.87 27979.5 1e+100
2 7261.84 29047.3 1e+100
3 7193.82 7193.82 1e+100
4 10141.1 10141.1 1e+100
2 10827.6 14827.6 1e+100
1 12577.2 13577.2 1e+100
0 10081.5 10081.5 1e+100
3 4994.33 20977.3 1e+100
3 560.87 2243.48 1e+100
4 11182 44727.9 1e+100
3 9882.46 9882.46 1e+100
0 11676.2 11676.2 1e+100
5 12620.4 12620.4 1e+100
4 12447.2 49788.8 1e+100
3 11236.8 11236.8 1e+100
0 12840.5 12840.5 1e+100
2 13247.1 13247.1 1e+100
3 12929.8 51719.2 1e+100
1 13476.7 54906.8 1e+100
4 13083.9 52335.7 1e+100
5 13661.4 14661.4 1e+100
0 13991.3 17991.3 1e+100
3 15062.6 16062.6 1e+100
2 14840.3 14840.3 1e+100
4 13981.9 59927.5 1e+100
1 14164.8 57659.2 1e+100
4 15141.8 15141.8 1e+100
4 3339.59 7339.59 1e+100
0 15433.8 19433.8 1e+100
5 14408.3 57633 1e+100
1 15834.1 16834.1 1e+100
0 16811.1 16811.1 1e+100
5 7103.32 28413.3 1e+100
2 17697.2 74789 1e+100
1 17610.6 18610.6 1e+100
4 18319 18319 1e+100
2 19144.7 19144.7 1e+100
0 17886.1 75544.6 1e+100
5 3694.8 15779.2 1e+100
5 19228.5 19228.5 1e+100
4 20087.7 24087.7 1e+100
1 21702.6 21702.6 1e+100
0 19683 19683 1e+100
5 17460.6 70842.5 1e+100
3 20192.5 81769.9 1e+100
0 22370.1 22370.1 1e+100
4 21705.8 86823.1 1e+100
4 15951.9 63807.6 1e+100
5 20810 84240 1e+100
2 23085.1 23085.1 1e+100
3 3950.48 16801.9 1e+100
5 22431.6 23431.6 1e+100
2 20309.5 81237.9 1e+100
3 17344.1 70376.2 1e+100
2 3492.37 3492.37 1e+100
1 22994.1 22994.1 1e+100
3 23750.8 23750.8 1e+100
4 22735.1 22735.1 1e+100
4 24737.6 24737.6 1e+100
2 13827.3 55309.3 1e+100
1 3022.91 13091.6 1e+100
1 24992 25992 1e+100
3 14217.9 57871.6 1e+100
4 2400.45 9601.81 1e+100
2 6907.58 6907.58 1e+100
5 13483.9 53935.5 1e+100
2 23353.5 23353.5 1e+100
66
3 223.359 1223.36 1e+100
1 594.769 2379.08 1e+100
0 400.1 1600.4 1e+100
2 313.832 5255.33 1e+100
5 202.262 809.049 1e+100
4 239.866 959.465 1e+100
5 2139.28 2139.28 1e+100
3 2845.31 2845.31 1e+100
0 2550.66 10202.7 1e+100
1 2295.49 3295.49 1e+100
4 3253.43 17013.7 1e+100
1 4616.61 18466.5 1e+100
0 4366.7 21466.8 1e+100
5 3728.25 3728.25 1e+100
3 5291.71 5291.71 1e+100
4 8826.74 8826.74 1e+100
0 8487.86 37951.4 1e+100
5 7752.41 32009.7 1e+100
2 7608.56 30434.2 1e+100
5 9433.06 37732.2 1e+100
1 9369.68 38478.7 1e+100
2 9341.72 41366.9 1e+100
3 12659.6 12659.6 1e+100
0 11342.8 11342.8 1e+100
2 1781.82 7127.27 1e+100
4 206.777 206.777 1e+100
4 11062.7 11062.7 1e+100
5 9822.81 10822.8 1e+100
4 12407.1 12407.1 1e+100
3 12337.1 12337.1 1e+100
5 15001.4 16001.4 1e+100
4 15927.8 15927.8 1e+100
2 11437.3 15437.3 1e+100
0 12155.3 16155.3 1e+100
2 811.65 3246.6 1e+100
4 404.494 5617.98 1e+100
3 14289.9 58159.7 1e+100
2 14428.8 14428.8 1e+100
0 13148.1 52592.2 1e+100
1 15536.8 15536.8 1e+100
0 15273.9 15273.9 1e+100
5 17144.1 17144.1 1e+100
3 17526.6 17526.6 1e+100
1 13008.9 14008.9 1e+100
0 16712.9 16712.9 1e+100
1 10894.4 44577.6 1e+100
4 16718.9 16718.9 1e+100
1 9226.43 36905.7 1e+100
5 299.113 2196.45 1e+100
1 6423.48 25693.9 1e+100
1 16506.6 16506.6 1e+100
0 8369.2 33476.8 1e+100
0 833.293 3333.17 1e+100
2 14902.6 18902.6 1e+100
3 2167.94 9671.77 1e+100
4 5202.47 24809.9 1e+100
2 16874.3 16874.3 1e+100
4 380.333 5521.33 1e+100
0 17777.9 17777.9 1e+100
1 1040.59 5162.36 1e+100
5 9602.83 39411.3 1e+100
5 5270.01 21080 1e+100
3 4099.68 16398.7 1e+100
1 17608.9 17608.9 1e+100
5 17394.1 17394.1 1e+100
0 3909.26 15637 1e+100
66
1 612.697 3450.79 1e+100
3 128.83 515.322 1e+100
5 305.807 305.807 1e+100
2 310.809 310.809 1e+100
4 274.662 274.662 1e+100
0 558.831 2235.33 1e+100
3 3927.15 15708.6 1e+100
2 3729.36 3729.36 1e+100
1 1879.91 7519.65 1e+100
4 1834.6 7338.39 1e+100
4 4059.89 20239.6 1e+100
0 1925.23 1925.23 1e+100
1 3820.34 16281.3 1e+100
5 5183.42 6183.42 1e+100
0 3577.47 18309.9 1e+100
2 6967.68 6967.68 1e+100
0 5065.4 24261.6 1e+100
1 4760.88 20043.5 1e+100
3 5316.3 6316.3 1e+100
5 522.302 1522.3 1e+100
5 7931.64 8931.64 1e+100
0 6064.77 10064.8 1e+100
3 8570.25 35281 1e+100
2 8479.32 12479.3 1e+100
1 6370.8 7370.8 1e+100
0 7452.97 7452.97 1e+100
1 8160.45 32641.8 1e+100
4 8723.43 34893.7 1e+100
5 8390.16 34560.6 1e+100
2 9577.63 9577.63 1e+100
0 9377.19 13377.2 1e+100
3 9154.06 10154.1 1e+100
1 10005.2 11005.2 1e+100
5 9288.11 37152.4 1e+100
4 9411.54 37646.1 1e+100
0 11142.6 11142.6 1e+100
2 10546.1 14546.1 1e+100
3 11027.1 11027.1 1e+100
5 10365.3 41461.4 1e+100
4 11080.8 11080.8 1e+100
5 11713.5 12713.5 1e+100
0 12897.4 55589.5 1e+100
3 12663 50652.2 1e+100
4 4322.68 4322.68 1e+100
4 16802.7 16802.7 1e+100
2 15419 15419 1e+100
3 15606.6 63426.4 1e+100
3 17479 18479 1e+100
1 10410.6 42642.6 1e+100
5 18552 19552 1e+100
4 18058.3 18058.3 1e+100
5 15484.1 62936.3 1e+100
1 14125.6 57502.6 1e+100
0 17503.8 17503.8 1e+100
1 11921.2 47684.6 1e+100
2 16594.1 16594.1 1e+100
3 13053.7 52214.8 1e+100
1 15646 16646 1e+100
2 11941.3 51765.1 1e+100
1 17206.1 17206.1 1e+100
2 18048.1 18048.1 1e+100
0 19008.7 19008.7 1e+100
2 9873.4 39493.6 1e+100
4 12188.6 52754.2 1e+100
0 13138 52552 1e+100
5 11602.9 46411.6 1e+100
