57
6 2716.13 6716.13 1e+100
1 530.441 3121.76 1e+100
7 1421.14 6684.55 1e+100
5 298.417 1193.67 1e+100
4 279.094 4279.09 1e+100
2 310.809 310.809 1e+100
0 404.718 4404.72 1e+100
3 279.391 1117.57 1e+100
4 6338.34 6338.34 1e+100
3 2290.99 3290.99 1e+100
4 1905.33 5905.33 1e+100
5 1854.52 7418.07 1e+100
0 1903.32 7613.26 1e+100
2 2276.56 6276.56 1e+100
4 8848.64 35394.6 1e+100
1 4958.39 4958.39 1e+100
6 6749.02 10749 1e+100
0 8567.73 12567.7 1e+100
7 9420.07 10420.1 1e+100
3 3206.73 13826.9 1e+100
7 4355.55 18422.2 1e+100
3 7460.18 30840.7 1e+100
2 5154.8 20619.2 1e+100
1 793.22 4172.88 1e+100
5 6996.16 6996.16 1e+100
3 9104.09 10104.1 1e+100
1 6368.36 25473.4 1e+100
5 2044.01 9176.06 1e+100
0 2047.68 12190.7 1e+100
1 8904.02 9904.02 1e+100
4 945.561 7782.24 1e+100
2 8126.94 8126.94 1e+100
6 6330.92 25323.7 1e+100
5 9441.59 9441.59 1e+100
2 541.105 6164.42 1e+100
6 9379.17 13379.2 1e+100
4 8763.56 35054.3 1e+100
5 11146.4 45585.8 1e+100
2 12382.1 12382.1 1e+100
3 10315.4 42261.5 1e+100
0 12163.8 12163.8 1e+100
7 14136.4 15136.4 1e+100
1 9874.84 40499.4 1e+100
2 9631.4 38525.6 1e+100
6 14114.6 14114.6 1e+100
5 1181.93 4727.71 1e+100
3 11837.1 12837.1 1e+100
3 7467.55 29870.2 1e+100
4 10411.2 10411.2 1e+100
3 381.861 1527.45 1e+100
5 12209.5 12209.5 1e+100
4 12410.4 12410.4 1e+100
1 11865.6 12865.6 1e+100
2 3244.92 12979.7 1e+100
7 7778.59 31114.3 1e+100
0 7133.4 28533.6 1e+100
5 5238.61 20954.4 1e+100
59
6 2708.06 10832.3 1e+100
7 2472.13 9888.52 1e+100
5 305.807 305.807 1e+100
4 228.495 228.495 1e+100
3 156.959 1156.96 1e+100
3 3818.8 16275.2 1e+100
1 2403.53 9614.13 1e+100
0 2283.37 2283.37 1e+100
2 336.199 5344.8 1e+100
5 3765.03 16060.1 1e+100
2 4495.47 21981.9 1e+100
3 5193.44 6193.44 1e+100
4 5319.69 21278.8 1e+100
7 5594.85 6594.85 1e+100
5 1444.01 5776.06 1e+100
5 5997.16 6997.16 1e+100
2 5835.3 27341.2 1e+100
0 5255.4 21021.6 1e+100
6 5829.55 5829.55 1e+100
3 598.918 1598.92 1e+100
3 6188.2 7188.2 1e+100
4 924.151 3696.6 1e+100
0 7693.97 11694 1e+100
2 1141 5141 1e+100
4 6803.87 6803.87 1e+100
7 7042.98 29171.9 1e+100
2 6614.26 26457.1 1e+100
7 10465.5 11465.5 1e+100
5 9998.52 10998.5 1e+100
1 8270.71 8270.71 1e+100
0 9307.53 37230.1 1e+100
2 7661.44 30645.8 1e+100
2 9656.17 9656.17 1e+100
3 11134.3 44537.3 1e+100
1 13788.1 55152.3 1e+100
3 9050.25 10050.3 1e+100
4 9043.62 40174.5 1e+100
1 2510.89 10043.5 1e+100
2 13039 52155.9 1e+100
3 14397.8 15397.8 1e+100
5 11430.9 46723.8 1e+100
3 11716.2 12716.2 1e+100
4 16256 16256 1e+100
0 15472.8 15472.8 1e+100
4 10694.2 42776.7 1e+100
6 12552 50207.9 1e+100
1 9209.98 36839.9 1e+100
5 4159.84 17639.3 1e+100
1 3678.15 15712.6 1e+100
0 12738.9 12738.9 1e+100
1 14652.4 14652.4 1e+100
2 15430.2 15430.2 1e+100
6 5140.29 24561.2 1e+100
0 9413.01 9413.01 1e+100
3 3899.28 15597.1 1e+100
7 13921 13921 1e+100
4 11319.5 11319.5 1e+100
7 8609.25 34437 1e+100
5 12703.8 13703.8 1e+100
69
7 2514.45 3514.45 1e+100
6 2657.19 2657.19 1e+100
4 4658 8658 1e+100
5 2523.16 2523.16 1e+100
5 4719.38 4719.38 1e+100
2 303.098 4303.1 1e+100
4 252.327 4252.33 1e+100
2 9543.79 38175.2 1e+100
5 278.573 278.573 1e+100
0 411.357 411.357 1e+100
1 646.006 1646.01 1e+100
3 779.863 4119.45 1e+100
7 8119.05 8119.05 1e+100
3 3854.52 4854.52 1e+100
1 5872.9 23491.6 1e+100
0 4472.58 8472.58 1e+100
2 3776 3776 1e+100
4 7235.13 28940.5 1e+100
0 9257.6 13257.6 1e+100
5 17811.8 71247.3 1e+100
2 14084.6 14084.6 1e+100
0 18029.3 18029.3 1e+100
7 13313 13313 1e+100
3 9541.06 10541.1 1e+100
0 1164.5 5164.5 1e+100
4 743.419 2973.68 1e+100
7 19073.2 19073.2 1e+100
0 6435.99 6435.99 1e+100
2 9906.39 9906.39 1e+100
5 4957.29 19829.2 1e+100
1 10956.2 44824.7 1e+100
2 16495.1 65980.6 1e+100
3 10003.6 11003.6 1e+100
5 12883.5 12883.5 1e+100
1 303.261 1303.26 1e+100
2 13708.9 13708.9 1e+100
0 9287.92 41151.7 1e+100
6 16272.6 65090.5 1e+100
5 17671.1 18671.1 1e+100
3 10989.3 10989.3 1e+100
3 17391.2 17391.2 1e+100
5 8665.77 34663.1 1e+100
6 12582.8 12582.8 1e+100
2 19729.3 19729.3 1e+100
3 3085.41 12341.6 1e+100
0 12719.6 54878.3 1e+100
4 21829.6 21829.6 1e+100
1 17539.2 18539.2 1e+100
0 16906.5 16906.5 1e+100
4 14742.3 58969.3 1e+100
5 19094.4 20094.4 1e+100
5 5106.38 21425.5 1e+100
2 17140.2 17140.2 1e+100
0 18612.5 18612.5 1e+100
4 9508.76 38035.1 1e+100
1 12206.5 49826.1 1e+100
6 3251.5 3251.5 1e+100
4 12281.2 53124.7 1e+100
2 14923 14923 1e+100
4 6497.46 29989.9 1e+100
4 15763.7 15763.7 1e+100
1 14129.9 56519.7 1e+100
1 18165.8 18165.8 1e+100
6 18918.7 18918.7 1e+100
3 17221.4 18221.4 1e+100
0 8505.79 34023.1 1e+100
6 6824.7 31298.8 1e+100
3 10857.2 44429 1e+100
1 2455.17 9820.66 1e+100
69
3 141.2 141.2 1e+100
2 340.355 1361.42 1e+100
3 1861.58 2861.58 1e+100
6 396.645 396.645 1e+100
5 9852.07 9852.07 1e+100
1 10137.8 11137.8 1e+100
5 11961.6 11961.6 1e+100
0 2202.15 2202.15 1e+100
4 12333 16333 1e+100
5 226.877 226.877 1e+100
3 12369.2 49476.7 1e+100
1 608.26 608.26 1e+100
2 11061.6 11061.6 1e+100
7 4288.65 4288.65 1e+100
7 363.478 1363.48 1e+100
2 2448.1 6448.1 1e+100
1 12005.4 12005.4 1e+100
4 249.132 996.526 1e+100
0 12340.1 49360.4 1e+100
7 8401.75 8401.75 1e+100
4 9562.64 9562.64 1e+100
4 13856.1 17856.1 1e+100
5 3727.81 4727.81 1e+100
6 4031.82 4031.82 1e+100
1 2286.48 10145.9 1e+100
3 3109.5 12438 1e+100
4 1288.97 5155.87 1e+100
6 16201.5 20201.5 1e+100
1 6237.3 25949.2 1e+100
1 14965.6 60862.5 1e+100
2 16006 64024.1 1e+100
3 12956.3 52825.3 1e+100
1 16451.8 16451.8 1e+100
4 15416.2 15416.2 1e+100
2 3119.07 16476.3 1e+100
3 7771.87 32087.5 1e+100
6 8480.75 37923 1e+100
1 17774.1 17774.1 1e+100
0 14264.8 57059.4 1e+100
0 2375.15 9500.6 1e+100
0 17561.5 17561.5 1e+100
1 10697.3 42789.1 1e+100
4 1215.91 8863.65 1e+100
2 15832.1 15832.1 1e+100
3 12429.1 49716.4 1e+100
1 955.984 3823.93 1e+100
7 12786.4 52145.7 1e+100
7 16899.8 17899.8 1e+100
2 11073.2 44292.6 1e+100
0 3004.99 12020 1e+100
3 16394.3 17394.3 1e+100
5 10943.3 44773 1e+100
6 19160.1 19160.1 1e+100
0 5210.6 5210.6 1e+100
0 9508.28 38033.1 1e+100
5 8614.21 35456.9 1e+100
5 12804.7 13804.7 1e+100
3 2938.78 11755.1 1e+100
2 15831.8 15831.8 1e+100
4 2250.14 13000.6 1e+100
5 17045 18045 1e+100
2 2472.73 13890.9 1e+100
3 12983.3 12983.3 1e+100
5 14790.4 15790.4 1e+100
2 16973.6 16973.6 1e+100
3 449.397 2797.59 1e+100
7 6955.86 27823.4 1e+100
4 13973.8 55895 1e+100
2 6883.34 31533.4 1e+100
61
7 2514.45 3514.45 1e+100
6 2657.19 2657.19 1e+100
0 5134.33 9134.33 1e+100
3 4299.39 4299.39 1e+100
2 2033.24 6033.24 1e+100
2 303.098 4303.1 1e+100
4 252.327 4252.33 1e+100
4 4351.35 17405.4 1e+100
5 278.573 278.573 1e+100
0 411.357 411.357 1e+100
1 646.006 1646.01 1e+100
3 779.863 4119.45 1e+100
2 3194.78 7194.78 1e+100
2 4959.66 4959.66 1e+100
5 2964.37 11857.5 1e+100
1 3053.1 3053.1 1e+100
7 5871.07 6871.07 1e+100
5 7126.42 29505.7 1e+100
1 11945.2 11945.2 1e+100
5 11328 45311.8 1e+100
0 12227.8 12227.8 1e+100
7 13475.6 14475.6 1e+100
4 1018.21 5018.21 1e+100
3 11145.7 45582.9 1e+100
2 8632 34528 1e+100
0 576.988 2307.95 1e+100
6 9347.6 37390.4 1e+100
2 10201.1 14201.1 1e+100
4 11200.4 11200.4 1e+100
4 4909.33 23637.3 1e+100
3 6194.95 25779.8 1e+100
0 7471.92 33887.7 1e+100
3 7347.59 29390.4 1e+100
6 3344.94 13379.8 1e+100
4 7090.7 7090.7 1e+100
5 10887.4 10887.4 1e+100
1 7015.54 7015.54 1e+100
3 2733.17 10932.7 1e+100
6 10952.2 10952.2 1e+100
2 10733.9 10733.9 1e+100
7 5975.06 23900.2 1e+100
1 4474.63 17898.5 1e+100
3 13148 14148 1e+100
0 12615.2 12615.2 1e+100
0 10443.6 10443.6 1e+100
4 12546.8 12546.8 1e+100
2 12197.4 12197.4 1e+100
5 11559.3 12559.3 1e+100
6 15091.8 15091.8 1e+100
7 14747.4 15747.4 1e+100
2 2271.69 13086.7 1e+100
5 13125.7 13125.7 1e+100
2 13605.5 13605.5 1e+100
1 896.478 3585.91 1e+100
1 13485.5 13485.5 1e+100
1 9003.14 10003.1 1e+100
0 13543.2 13543.2 1e+100
4 9290.19 9290.19 1e+100
1 10577.5 11577.5 1e+100
0 1096.68 8386.7 1e+100
4 13764.4 13764.4 1e+100
70
6 2708.06 10832.3 1e+100
7 2472.13 9888.52 1e+100
5 305.807 305.807 1e+100
4 228.495 228.495 1e+100
3 156.959 1156.96 1e+100
4 4237.6 16950.4 1e+100
1 2403.53 9614.13 1e+100
0 2283.37 2283.37 1e+100
2 336.199 5344.8 1e+100
3 8269.81 34079.2 1e+100
3 3404.45 13617.8 1e+100
2 11867.8 11867.8 1e+100
3 10451.6 42806.6 1e+100
5 6764.42 7764.42 1e+100
1 7110.84 28443.4 1e+100
5 1712.02 2712.02 1e+100
5 10481.9 41927.5 1e+100
0 5255.4 21021.6 1e+100
6 11530.5 11530.5 1e+100
3 598.918 1598.92 1e+100
3 4427.98 4427.98 1e+100
7 5679.5 6679.5 1e+100
1 10984.9 11984.9 1e+100
4 389.248 389.248 1e+100
2 5653.41 5653.41 1e+100
4 10280.3 10280.3 1e+100
2 526.86 526.86 1e+100
5 11212.9 12212.9 1e+100
3 10190 41760.1 1e+100
1 11855.3 11855.3 1e+100
7 11369.4 46477.7 1e+100
2 11410.4 11410.4 1e+100
6 11127 11127 1e+100
1 16058.4 16058.4 1e+100
5 16507.7 17507.7 1e+100
4 14840.9 14840.9 1e+100
7 7314.2 7314.2 1e+100
3 15774 15774 1e+100
0 5011.88 20047.5 1e+100
2 337.203 5348.81 1e+100
6 2200.06 8800.25 1e+100
0 16459 16459 1e+100
1 5376.4 22505.6 1e+100
7 18382.5 18382.5 1e+100
2 16454.3 16454.3 1e+100
3 16497.4 16497.4 1e+100
1 18188.6 18188.6 1e+100
6 18454.5 18454.5 1e+100
3 18153.3 19153.3 1e+100
3 9496.82 38987.3 1e+100
0 17806.9 17806.9 1e+100
2 11546.4 50185.5 1e+100
1 11733.3 47933.3 1e+100
4 10230.9 44923.8 1e+100
4 19134.7 23134.7 1e+100
0 7369.17 29476.7 1e+100
3 11787.1 48148.3 1e+100
2 17616.4 21616.4 1e+100
4 891.362 3565.45 1e+100
6 12616.7 54466.9 1e+100
4 15676.1 15676.1 1e+100
0 12096 52384.2 1e+100
2 19330.9 19330.9 1e+100
5 10277.7 42110.9 1e+100
6 3491.19 13964.7 1e+100
0 9255.5 41022 1e+100
7 11157.4 44629.6 1e+100
2 12294.9 16294.9 1e+100
5 17245.9 17245.9 1e+100
4 3721.33 14885.3 1e+100
60
3 141.2 141.2 1e+100
2 340.355 1361.42 1e+100
3 1861.58 2861.58 1e+100
6 396.645 396.645 1e+100
2 4755.03 8755.03 1e+100
3 4375.51 5375.51 1e+100
4 13170.5 17170.5 1e+100
0 2202.15 2202.15 1e+100
5 6676.55 6676.55 1e+100
5 226.877 226.877 1e+100
3 11358.5 45433.9 1e+100
1 608.26 608.26 1e+100
5 4422.33 5422.33 1e+100
1 15552 15552 1e+100
7 363.478 1363.48 1e+100
2 8435.65 12435.7 1e+100
1 12934.5 12934.5 1e+100
4 249.132 996.526 1e+100
4 2388.22 9552.89 1e+100
7 4510.08 4510.08 1e+100
0 5186.01 5186.01 1e+100
5 14397 14397 1e+100
6 1799.25 1799.25 1e+100
3 15094.5 16094.5 1e+100
1 2286.48 10145.9 1e+100
5 989.606 3958.43 1e+100
2 1228.18 4912.72 1e+100
1 4778.04 4778.04 1e+100
4 13666.1 13666.1 1e+100
5 17117.7 18117.7 1e+100
7 9417.41 9417.41 1e+100
0 9167.2 36668.8 1e+100
3 3334.29 14337.2 1e+100
2 13818 13818 1e+100
1 4734.64 18938.6 1e+100
5 7909.31 31637.2 1e+100
2 11133.8 11133.8 1e+100
4 431.364 5725.46 1e+100
3 4106.36 16425.5 1e+100
6 1756.24 7024.96 1e+100
4 12732 12732 1e+100
4 2193.5 8773.99 1e+100
3 13091.9 14091.9 1e+100
6 12053.8 12053.8 1e+100
0 10768.7 10768.7 1e+100
6 7237.39 28949.6 1e+100
0 2520.91 10083.7 1e+100
1 5317.52 21270.1 1e+100
2 1284.28 5137.1 1e+100
0 4624.97 18499.9 1e+100
2 5318.14 5318.14 1e+100
3 7933.29 7933.29 1e+100
0 12805.2 12805.2 1e+100
5 2267.14 9068.55 1e+100
2 6563.12 6563.12 1e+100
4 3438.12 17752.5 1e+100
3 13548.2 13548.2 1e+100
1 12620.8 13620.8 1e+100
7 2068.91 8275.62 1e+100
7 10806.8 11806.8 1e+100
59
6 2708.06 10832.3 1e+100
7 2472.13 9888.52 1e+100
5 305.807 305.807 1e+100
4 228.495 228.495 1e+100
3 156.959 1156.96 1e+100
5 4616.49 19466 1e+100
1 2403.53 9614.13 1e+100
0 2283.37 2283.37 1e+100
2 336.199 5344.8 1e+100
4 3987.64 15950.6 1e+100
3 4089.95 16359.8 1e+100
2 2654.96 2654.96 1e+100
1 7251.51 30006 1e+100
7 5594.85 6594.85 1e+100
0 6242.19 28968.8 1e+100
5 6233.82 7233.82 1e+100
3 1319.29 5277.16 1e+100
2 5740.91 22963.6 1e+100
1 10415.3 11415.3 1e+100
4 793.133 793.133 1e+100
6 7182.7 11182.7 1e+100
0 12774.3 12774.3 1e+100
2 3561.2 3561.2 1e+100
5 615.041 1615.04 1e+100
7 5951.54 6951.54 1e+100
7 9678.1 10678.1 1e+100
0 8944.54 8944.54 1e+100
0 14744.4 14744.4 1e+100
4 6522.74 26091 1e+100
6 11658 15658 1e+100
3 11351.7 46406.8 1e+100
2 11141 11141 1e+100
5 13155.1 52620.4 1e+100
1 15346.4 15346.4 1e+100
1 12194.6 48778.3 1e+100
4 10416.5 41666.2 1e+100
6 16406.7 16406.7 1e+100
4 12992.1 12992.1 1e+100
4 2713.33 10853.3 1e+100
7 13683.3 13683.3 1e+100
4 14150.7 14150.7 1e+100
2 14196.1 14196.1 1e+100
5 14825.4 15825.4 1e+100
0 14685.1 14685.1 1e+100
3 1120.62 5482.46 1e+100
3 2590.23 11360.9 1e+100
2 3679.85 18719.4 1e+100
0 3791.74 15167 1e+100
4 5815.76 23263.1 1e+100
3 14520.5 15520.5 1e+100
5 7998.5 7998.5 1e+100
2 14859.1 14859.1 1e+100
3 3506.89 14027.6 1e+100
1 14470.6 15470.6 1e+100
5 4041.62 16166.5 1e+100
3 11950.3 11950.3 1e+100
4 15322.6 15322.6 1e+100
7 8980 35920 1e+100
7 15198.4 16198.4 1e+100
72
6 2649.82 2649.82 1e+100
2 285.746 5142.98 1e+100
1 361.891 2447.56 1e+100
0 574.115 6296.46 1e+100
3 226.432 905.73 1e+100
4 239.866 959.465 1e+100
1 2899.18 2899.18 1e+100
5 1439.94 1439.94 1e+100
7 2336.01 10344.1 1e+100
4 2190.09 2190.09 1e+100
1 5374.46 21497.8 1e+100
7 7609.43 30437.7 1e+100
0 4680.06 22720.2 1e+100
4 3916.31 7916.31 1e+100
3 3808.54 3808.54 1e+100
4 6471.14 6471.14 1e+100
3 1760.05 7040.19 1e+100
3 5830.43 24321.7 1e+100
6 6056.49 24226 1e+100
5 6026.61 24106.4 1e+100
2 1221.4 4885.6 1e+100
6 9109.67 40438.7 1e+100
5 3281.45 3281.45 1e+100
0 1480.78 1480.78 1e+100
4 9782.28 39129.1 1e+100
0 7649.26 30597 1e+100
3 8320.79 34283.2 1e+100
0 9409.83 37639.3 1e+100
1 10132.6 41530.6 1e+100
1 5265.64 5265.64 1e+100
5 8630.43 9630.43 1e+100
2 2340.11 13360.5 1e+100
3 5311.28 22245.1 1e+100
0 10687 46748.1 1e+100
2 8173.33 8173.33 1e+100
5 9684.34 38737.4 1e+100
3 8951.95 9951.95 1e+100
7 9595.27 39381.1 1e+100
2 10192 14192 1e+100
5 3916.33 15665.3 1e+100
3 13752.3 13752.3 1e+100
1 4933.86 20735.4 1e+100
1 11356.9 45427.5 1e+100
4 9177.16 36708.6 1e+100
3 10585.1 10585.1 1e+100
5 10303.1 10303.1 1e+100
4 11166.3 15166.3 1e+100
2 13279.5 13279.5 1e+100
0 1877.49 7509.96 1e+100
7 6188.94 25755.8 1e+100
1 16640.4 17640.4 1e+100
2 11354 45416 1e+100
2 15338.7 61354.9 1e+100
5 14603.5 59414.1 1e+100
0 15674.3 15674.3 1e+100
5 12195.9 49783.5 1e+100
6 18624.4 18624.4 1e+100
0 12711.1 50844.4 1e+100
6 12926 51704.2 1e+100
7 16460.7 17460.7 1e+100
5 16284 16284 1e+100
3 16295.9 16295.9 1e+100
4 16618.4 16618.4 1e+100
0 17231 17231 1e+100
0 10039 40156.1 1e+100
2 1704.7 6818.79 1e+100
2 16436.7 16436.7 1e+100
4 12644.1 50576.2 1e+100
1 7680.9 31723.6 1e+100
3 18478.3 19478.3 1e+100
7 10440 41760.2 1e+100
1 11919.8 12919.8 1e+100
74
7 2514.45 3514.45 1e+100
6 2657.19 2657.19 1e+100
1 6169.39 6169.39 1e+100
7 8591.06 8591.06 1e+100
2 5769.75 9769.75 1e+100
2 303.098 4303.1 1e+100
4 252.327 4252.33 1e+100
5 2409.08 10636.3 1e+100
5 278.573 278.573 1e+100
0 411.357 411.357 1e+100
1 646.006 1646.01 1e+100
3 779.863 4119.45 1e+100
0 4422.21 8422.21 1e+100
5 4259.67 5259.67 1e+100
4 5475.83 25903.3 1e+100
2 1828.61 5828.61 1e+100
6 5844.52 5844.52 1e+100
6 9204.99 36820 1e+100
0 1467.6 5467.6 1e+100
3 7263.75 29055 1e+100
4 11118.2 11118.2 1e+100
0 5679.04 5679.04 1e+100
0 16516.7 20516.7 1e+100
4 1098.89 5098.89 1e+100
5 11637.2 12637.2 1e+100
2 12956.3 12956.3 1e+100
3 4626.07 5626.07 1e+100
5 5953.63 6953.63 1e+100
2 5307.53 5307.53 1e+100
1 6272.52 7272.52 1e+100
1 754.022 1754.02 1e+100
3 1579.72 7318.89 1e+100
7 11189.7 11189.7 1e+100
7 14675.6 59702.4 1e+100
6 15544.4 15544.4 1e+100
4 11040.4 48161.6 1e+100
4 12887.3 16887.3 1e+100
1 15038.9 60155.5 1e+100
4 5382.25 21529 1e+100
4 15034.7 15034.7 1e+100
5 14096.1 15096.1 1e+100
1 6522.83 27091.3 1e+100
7 14657 14657 1e+100
0 15558.2 15558.2 1e+100
5 15357.2 61428.8 1e+100
2 15749.2 62996.8 1e+100
3 16168.9 16168.9 1e+100
7 18517.8 18517.8 1e+100
4 16848.9 20848.9 1e+100
1 15926.1 16926.1 1e+100
3 12664.1 51656.5 1e+100
3 6473.14 26892.6 1e+100
6 17047.6 17047.6 1e+100
5 10687.7 43750.8 1e+100
2 7884.25 31537 1e+100
3 10629.3 43517.1 1e+100
5 17595.4 18595.4 1e+100
1 10455.5 42822.1 1e+100
2 17105.4 17105.4 1e+100
0 9442.66 37770.7 1e+100
2 11318.1 45272.5 1e+100
0 17571.2 17571.2 1e+100
1 17672.8 17672.8 1e+100
3 17315.2 17315.2 1e+100
3 13586.3 14586.3 1e+100
3 19542 20542 1e+100
6 8665.06 34660.2 1e+100
1 6818.8 28275.2 1e+100
4 18321.3 18321.3 1e+100
0 3132.1 12528.4 1e+100
2 4763.7 19054.8 1e+100
6 19335.8 19335.8 1e+100
0 5895.04 27580.2 1e+100
2 18240.5 18240.5 1e+100
64
6 2649.82 2649.82 1e+100
2 285.746 5142.98 1e+100
1 361.891 2447.56 1e+100
0 574.115 6296.46 1e+100
3 226.432 905.73 1e+100
4 239.866 959.465 1e+100
1 2899.18 2899.18 1e+100
5 1439.94 1439.94 1e+100
7 2336.01 10344.1 1e+100
4 2190.09 2190.09 1e+100
5 6353.26 25413 1e+100
7 7609.43 30437.7 1e+100
3 2624.92 10499.7 1e+100
5 3931.52 3931.52 1e+100
1 12085.2 12085.2 1e+100
4 6555.82 6555.82 1e+100
3 12674.4 50697.7 1e+100
0 11087.2 44349 1e+100
1 6687.05 27748.2 1e+100
3 14492.1 57968.3 1e+100
2 1221.4 4885.6 1e+100
7 11063.5 44253.9 1e+100
2 14431.1 18431.1 1e+100
4 12567.7 12567.7 1e+100
0 15107.3 60429.2 1e+100
2 15506.9 15506.9 1e+100
5 16751 16751 1e+100
0 11795 47180 1e+100
5 14031.7 14031.7 1e+100
0 606.44 606.44 1e+100
6 13366.2 13366.2 1e+100
6 5474.18 25896.7 1e+100
6 9231.8 36927.2 1e+100
3 14473.5 58893.9 1e+100
4 14958.1 14958.1 1e+100
1 15812.8 15812.8 1e+100
0 16378.5 16378.5 1e+100
6 17678.6 17678.6 1e+100
2 16456.1 16456.1 1e+100
4 689.235 6756.94 1e+100
0 665.122 665.122 1e+100
2 2289.93 9159.74 1e+100
7 16311.2 16311.2 1e+100
3 315.974 1263.9 1e+100
1 10458.8 10458.8 1e+100
0 4324.89 17299.6 1e+100
4 14744.2 14744.2 1e+100
5 17049.4 18049.4 1e+100
3 16125.4 17125.4 1e+100
3 4236.71 17946.9 1e+100
3 5706.33 23825.3 1e+100
3 1255.31 5021.22 1e+100
0 1726.28 6905.11 1e+100
2 7370.01 29480 1e+100
4 9867.64 9867.64 1e+100
1 15112.2 15112.2 1e+100
4 15668.4 15668.4 1e+100
2 3809.16 19236.6 1e+100
0 15607.6 15607.6 1e+100
4 4054.03 20216.1 1e+100
1 16788.6 16788.6 1e+100
3 12238.6 13238.6 1e+100
5 4002.55 16010.2 1e+100
2 16828.2 16828.2 1e+100
66
7 2514.45 3514.45 1e+100
6 2657.19 2657.19 1e+100
4 4678.6 8678.6 1e+100
2 2287.29 6287.29 1e+100
7 10755.4 10755.4 1e+100
2 303.098 4303.1 1e+100
4 252.327 4252.33 1e+100
0 8204.06 32816.2 1e+100
5 278.573 278.573 1e+100
0 411.357 411.357 1e+100
1 646.006 1646.01 1e+100
3 779.863 4119.45 1e+100
4 2132.54 6132.54 1e+100
3 15800.4 16800.4 1e+100
0 2327.27 13309.1 1e+100
2 7847.53 11847.5 1e+100
6 8406.74 8406.74 1e+100
7 5675.13 23700.5 1e+100
6 13180.5 17180.5 1e+100
1 15851.6 63406.6 1e+100
2 15741 15741 1e+100
0 4293.43 4293.43 1e+100
5 15871.9 15871.9 1e+100
5 3986.77 16947.1 1e+100
5 1176.55 5706.19 1e+100
0 13379.9 53519.5 1e+100
1 3971.51 16886 1e+100
4 15119 19119 1e+100
7 18720.6 19720.6 1e+100
2 2651.63 14606.5 1e+100
4 4055.44 16221.8 1e+100
1 523.395 2093.58 1e+100
2 16313.4 16313.4 1e+100
2 8138.05 36552.2 1e+100
3 900.726 1900.73 1e+100
6 2923.83 11695.3 1e+100
3 13672.2 13672.2 1e+100
4 4035.61 20142.5 1e+100
7 11127.5 11127.5 1e+100
6 15339.1 61356.5 1e+100
5 10332.3 11332.3 1e+100
5 16112.9 16112.9 1e+100
1 13858.2 13858.2 1e+100
0 14230.3 14230.3 1e+100
4 14470.9 14470.9 1e+100
3 2038.16 9152.65 1e+100
0 16344.6 16344.6 1e+100
3 6471.81 25887.2 1e+100
0 7415.53 29662.1 1e+100
0 4761.54 23046.2 1e+100
5 13442.9 13442.9 1e+100
5 2030.86 9123.43 1e+100
3 7997.16 32988.6 1e+100
3 14140.1 14140.1 1e+100
1 7295.66 30182.6 1e+100
4 5561.47 26245.9 1e+100
1 15368.2 16368.2 1e+100
4 8959.98 39839.9 1e+100
4 16100.4 16100.4 1e+100
5 3646.2 15584.8 1e+100
1 2721.8 11887.2 1e+100
5 6451.49 25806 1e+100
2 7222.22 32888.9 1e+100
3 15389.7 15389.7 1e+100
0 10884.7 14884.7 1e+100
3 3381.03 14524.1 1e+100
55
6 2649.82 2649.82 1e+100
2 285.746 5142.98 1e+100
1 361.891 2447.56 1e+100
0 574.115 6296.46 1e+100
3 226.432 905.73 1e+100
4 239.866 959.465 1e+100
1 2899.18 2899.18 1e+100
5 1439.94 1439.94 1e+100
7 2336.01 10344.1 1e+100
0 2829.94 2829.94 1e+100
0 5385.26 25541.1 1e+100
3 2646.34 10585.4 1e+100
1 5238.66 20954.7 1e+100
3 5508.12 5508.12 1e+100
4 3949.35 7949.35 1e+100
7 7226.72 8226.72 1e+100
2 5840.04 27360.1 1e+100
4 5972.94 23891.7 1e+100
6 6056.49 24226 1e+100
3 7451.99 29808 1e+100
4 1529.52 6118.08 1e+100
0 9359.79 41439.1 1e+100
1 6700.27 6700.27 1e+100
4 7415.8 7415.8 1e+100
2 1722.94 6891.75 1e+100
2 6385.25 6385.25 1e+100
6 13895.4 13895.4 1e+100
1 7160.13 8160.13 1e+100
3 8969.72 35878.9 1e+100
6 7441.92 7441.92 1e+100
5 2216.4 9865.6 1e+100
5 7708.95 7708.95 1e+100
2 4925.66 23702.7 1e+100
1 9107.31 9107.31 1e+100
2 8585.34 34341.3 1e+100
4 6835.09 27340.4 1e+100
4 10785.3 10785.3 1e+100
4 8650.9 34603.6 1e+100
2 13141.7 13141.7 1e+100
7 11665.9 12665.9 1e+100
0 10236.8 40947.2 1e+100
2 10611.2 42444.8 1e+100
1 11749.9 12749.9 1e+100
2 5762.5 27050 1e+100
0 12660.6 12660.6 1e+100
3 8593.64 34374.6 1e+100
6 15656.9 15656.9 1e+100
3 4107.15 16428.6 1e+100
3 10567.4 10567.4 1e+100
4 11908.4 11908.4 1e+100
3 12708.6 13708.6 1e+100
4 4045.16 16180.6 1e+100
7 5308.09 21232.3 1e+100
5 8901.61 36606.4 1e+100
5 3505.97 14023.9 1e+100
63
6 2649.82 2649.82 1e+100
2 285.746 5142.98 1e+100
1 361.891 2447.56 1e+100
0 574.115 6296.46 1e+100
3 226.432 905.73 1e+100
4 239.866 959.465 1e+100
0 2941.11 6941.11 1e+100
5 1439.94 1439.94 1e+100
7 2336.01 10344.1 1e+100
4 2190.09 2190.09 1e+100
2 3488.8 17955.2 1e+100
3 2646.34 10585.4 1e+100
3 6154.44 24617.7 1e+100
5 6204.31 6204.31 1e+100
0 7720.99 11721 1e+100
2 5234.63 5234.63 1e+100
0 5183.9 24735.6 1e+100
5 3985.24 16940.9 1e+100
7 7837.88 32351.5 1e+100
1 2235.46 8941.85 1e+100
2 7848.41 31393.6 1e+100
5 10639.5 42557.8 1e+100
2 890.548 4890.55 1e+100
4 3239.6 3239.6 1e+100
7 10687.7 43750.8 1e+100
4 7133.49 7133.49 1e+100
3 7325.99 30304 1e+100
1 11836.4 11836.4 1e+100
0 11789.4 15789.4 1e+100
6 4982.09 4982.09 1e+100
2 10931.1 43724.4 1e+100
4 10329.9 41319.5 1e+100
7 3422.06 4422.06 1e+100
6 8074.65 8074.65 1e+100
3 10572 42288 1e+100
7 10894.1 44576.3 1e+100
4 11258.5 11258.5 1e+100
3 11888 11888 1e+100
1 12738.1 12738.1 1e+100
1 5172.18 20688.7 1e+100
7 13499.8 14499.8 1e+100
6 14560.2 14560.2 1e+100
1 1408.81 5635.25 1e+100
4 6645.43 30581.7 1e+100
6 9766.61 9766.61 1e+100
3 13011.3 14011.3 1e+100
1 6318.73 7318.73 1e+100
2 12586.3 12586.3 1e+100
2 10706 10706 1e+100
4 12375.9 12375.9 1e+100
5 12977.5 13977.5 1e+100
0 12710.5 12710.5 1e+100
0 5347.96 25391.8 1e+100
5 10628.9 10628.9 1e+100
0 10003.4 10003.4 1e+100
4 613.322 6453.29 1e+100
1 12960.1 12960.1 1e+100
4 13851.9 13851.9 1e+100
0 14333.1 14333.1 1e+100
3 5709.32 6709.32 1e+100
3 13576.2 14576.2 1e+100
2 4196.28 20785.1 1e+100
2 14099.1 14099.1 1e+100
59
6 2708.06 10832.3 1e+100
7 2472.13 9888.52 1e+100
5 305.807 305.807 1e+100
4 228.495 228.495 1e+100
3 156.959 1156.96 1e+100
4 11818.3 47273.2 1e+100
1 2403.53 9614.13 1e+100
0 2283.37 2283.37 1e+100
2 336.199 5344.8 1e+100
4 4558.25 18233 1e+100
3 1572.59 6290.37 1e+100
6 13894.7 13894.7 1e+100
3 5475.61 22902.5 1e+100
5 3825 4825 1e+100
3 3328.39 13313.6 1e+100
1 11504.2 12504.2 1e+100
3 9724.29 38897.2 1e+100
4 8125.06 32500.2 1e+100
7 11202.2 12202.2 1e+100
5 11479.2 12479.2 1e+100
2 11174.3 11174.3 1e+100
4 923.85 4923.85 1e+100
5 9005.89 37023.5 1e+100
3 11084.7 11084.7 1e+100
4 16643.1 16643.1 1e+100
5 15275.1 16275.1 1e+100
2 7423.98 33695.9 1e+100
2 2687.09 10748.4 1e+100
4 4731.86 18927.4 1e+100
4 11119.2 11119.2 1e+100
3 12938.5 12938.5 1e+100
1 13999.5 14999.5 1e+100
0 14503.4 14503.4 1e+100
0 9706.94 9706.94 1e+100
5 5122.19 20488.7 1e+100
2 10987.6 14987.6 1e+100
1 6047.2 24188.8 1e+100
6 4833.39 19333.5 1e+100
6 16419.8 16419.8 1e+100
2 12122 12122 1e+100
1 2942.47 12769.9 1e+100
7 9143.74 9143.74 1e+100
7 12988.6 13988.6 1e+100
3 15335.9 16335.9 1e+100
3 13453.7 14453.7 1e+100
5 15066.5 16066.5 1e+100
2 15308.6 15308.6 1e+100
2 13260.4 13260.4 1e+100
7 3012.36 12049.4 1e+100
5 9346.15 9346.15 1e+100
0 14124.5 14124.5 1e+100
0 704.844 6819.38 1e+100
1 8928.21 8928.21 1e+100
4 14687.9 14687.9 1e+100
7 16640.2 17640.2 1e+100
0 2354.41 2354.41 1e+100
4 9560.68 9560.68 1e+100
3 1135.35 4541.39 1e+100
1 13422.2 14422.2 1e+100
73
3 141.2 141.2 1e+100
2 340.355 1361.42 1e+100
3 1861.58 2861.58 1e+100
6 396.645 396.645 1e+100
5 17946.4 17946.4 1e+100
2 2611.79 2611.79 1e+100
5 13665.5 13665.5 1e+100
0 2202.15 2202.15 1e+100
5 15726.6 15726.6 1e+100
5 226.877 226.877 1e+100
4 2729.23 14916.9 1e+100
1 608.26 608.26 1e+100
2 16311.7 16311.7 1e+100
3 7508.48 7508.48 1e+100
7 363.478 1363.48 1e+100
2 5037.2 9037.2 1e+100
1 5169.62 5169.62 1e+100
4 249.132 996.526 1e+100
1 13809.4 56237.7 1e+100
4 14663.4 18663.4 1e+100
1 15663.4 16663.4 1e+100
5 1812.78 1812.78 1e+100
6 1799.25 1799.25 1e+100
6 19183.4 19183.4 1e+100
7 7612.27 31449.1 1e+100
3 3109.5 12438 1e+100
1 2043.98 9175.9 1e+100
1 17260.5 17260.5 1e+100
0 12866.7 12866.7 1e+100
7 1668.92 2668.92 1e+100
0 15174.2 15174.2 1e+100
6 1590.95 1590.95 1e+100
6 5356.06 9356.06 1e+100
2 19801.4 19801.4 1e+100
3 14740.6 15740.6 1e+100
7 15937.2 15937.2 1e+100
0 12442.9 16442.9 1e+100
4 1172.05 4688.2 1e+100
5 1345.9 5383.58 1e+100
4 6340.86 25363.4 1e+100
1 16318.8 17318.8 1e+100
2 2712.51 10850 1e+100
4 14100.5 18100.5 1e+100
5 2901.13 11604.5 1e+100
1 2577.2 11308.8 1e+100
0 15865.9 19865.9 1e+100
3 11559.3 11559.3 1e+100
7 19945.6 19945.6 1e+100
3 18013.7 19013.7 1e+100
3 7939.54 32758.2 1e+100
0 1867.36 7469.43 1e+100
6 19922.1 19922.1 1e+100
3 9513.69 39054.8 1e+100
1 6907.04 28628.2 1e+100
3 15750.7 64002.9 1e+100
4 15634.6 15634.6 1e+100
7 9410.74 38642.9 1e+100
2 13204.8 13204.8 1e+100
5 5032.9 21131.6 1e+100
6 8553.76 34215.1 1e+100
4 17916 17916 1e+100
5 16200.5 16200.5 1e+100
5 14178.5 14178.5 1e+100
4 11031.1 11031.1 1e+100
0 17141.8 17141.8 1e+100
2 4159.08 16636.3 1e+100
0 5431.36 21725.4 1e+100
1 16865.7 17865.7 1e+100
2 6477.42 25909.7 1e+100
3 4765.94 20063.8 1e+100
5 18498.3 19498.3 1e+100
1 3074.81 12299.2 1e+100
2 14339.9 14339.9 1e+100
59
3 141.2 141.2 1e+100
2 340.355 1361.42 1e+100
3 1861.58 2861.58 1e+100
6 396.645 396.645 1e+100
4 9283.07 13283.1 1e+100
6 12237.1 12237.1 1e+100
5 11226.2 11226.2 1e+100
0 2202.15 2202.15 1e+100
1 3525.47 3525.47 1e+100
5 226.877 226.877 1e+100
4 6934.49 31738 1e+100
1 608.26 608.26 1e+100
2 11285.5 11285.5 1e+100
1 10640.2 10640.2 1e+100
7 363.478 1363.48 1e+100
5 4261 4261 1e+100
3 9612.96 9612.96 1e+100
4 249.132 996.526 1e+100
0 9624.87 38499.5 1e+100
5 12579 12579 1e+100
4 2059.45 2059.45 1e+100
7 3748.42 3748.42 1e+100
3 13800.6 14800.6 1e+100
4 12297.3 12297.3 1e+100
2 1485.2 5940.82 1e+100
5 989.606 3958.43 1e+100
4 3382.36 13529.5 1e+100
1 6757.87 6757.87 1e+100
2 12043.7 12043.7 1e+100
6 1354.76 1354.76 1e+100
5 5642.08 22568.3 1e+100
6 3377.39 13509.6 1e+100
3 725.263 1725.26 1e+100
7 13134.7 13134.7 1e+100
4 11646.2 15646.2 1e+100
1 1960.69 7842.77 1e+100
6 12142.7 12142.7 1e+100
2 4622.11 4622.11 1e+100
7 4427.42 17709.7 1e+100
2 402.992 5611.97 1e+100
7 7497.29 8497.29 1e+100
0 3087.95 3087.95 1e+100
0 916.357 916.357 1e+100
5 9762.89 10762.9 1e+100
2 11667.6 11667.6 1e+100
4 5952.27 5952.27 1e+100
5 11742.2 12742.2 1e+100
4 12443.2 12443.2 1e+100
5 1054.4 4217.6 1e+100
1 8622.51 8622.51 1e+100
0 6348.79 6348.79 1e+100
2 703.692 6814.77 1e+100
1 10897.8 10897.8 1e+100
2 12825.3 12825.3 1e+100
1 12976.3 13976.3 1e+100
2 8718.22 8718.22 1e+100
0 11810.1 11810.1 1e+100
3 317.494 1269.98 1e+100
0 8107.6 8107.6 1e+100
80
3 141.2 141.2 1e+100
2 340.355 1361.42 1e+100
3 1861.58 2861.58 1e+100
6 396.645 396.645 1e+100
3 7111.18 7111.18 1e+100
2 10034.9 10034.9 1e+100
1 10871.6 10871.6 1e+100
0 2202.15 2202.15 1e+100
1 13691.2 13691.2 1e+100
5 226.877 226.877 1e+100
5 10279.8 41119.3 1e+100
1 608.26 608.26 1e+100
0 13408.9 13408.9 1e+100
2 18289.2 22289.2 1e+100
7 363.478 1363.48 1e+100
1 5163.61 5163.61 1e+100
3 4268.15 4268.15 1e+100
4 249.132 996.526 1e+100
7 7193.07 29772.3 1e+100
5 16316 16316 1e+100
0 15403.8 15403.8 1e+100
5 1812.78 1812.78 1e+100
7 2566.77 3566.77 1e+100
1 19785 20785 1e+100
2 4095.18 16380.7 1e+100
2 1426.1 9704.4 1e+100
4 1288.97 5155.87 1e+100
5 17233 17233 1e+100
6 14556.4 58225.6 1e+100
4 12028.5 48113.9 1e+100
1 14224.4 57897.5 1e+100
1 1045.53 5182.14 1e+100
1 15973.8 15973.8 1e+100
5 3425.98 4425.98 1e+100
6 2581.7 14326.8 1e+100
4 2141.16 8564.62 1e+100
0 15190.8 64763.2 1e+100
5 17622.8 18622.8 1e+100
6 5192.31 5192.31 1e+100
6 17237.9 21237.9 1e+100
4 17486 17486 1e+100
2 17883 17883 1e+100
0 17170.3 21170.3 1e+100
3 20009.9 20009.9 1e+100
0 2014.01 8056.02 1e+100
5 3630.23 14520.9 1e+100
6 7019.97 28079.9 1e+100
1 18808.3 19808.3 1e+100
2 9989.66 39958.6 1e+100
2 19164 23164 1e+100
3 6559.02 26236.1 1e+100
4 6253.55 25014.2 1e+100
7 21266.3 21266.3 1e+100
5 18341.7 18341.7 1e+100
3 16808.3 16808.3 1e+100
0 19425.3 19425.3 1e+100
7 10329.7 42318.8 1e+100
7 6064.96 25259.8 1e+100
3 12314.8 13314.8 1e+100
3 8667.93 35671.7 1e+100
4 1521.44 6085.77 1e+100
5 9257.65 38030.6 1e+100
4 19492.1 19492.1 1e+100
5 6850 28400 1e+100
6 20943.3 20943.3 1e+100
2 6674.46 26697.8 1e+100
4 10983.3 43933.2 1e+100
7 15006.4 16006.4 1e+100
5 19769.5 19769.5 1e+100
1 19930.1 19930.1 1e+100
2 19721 19721 1e+100
0 20929.8 20929.8 1e+100
4 2911.76 11647 1e+100
3 2939.22 12756.9 1e+100
3 20305.9 21305.9 1e+100
0 3559.59 14238.4 1e+100
1 1520.79 7083.16 1e+100
4 21358.8 21358.8 1e+100
2 637.96 6551.84 1e+100
2 20435.5 20435.5 1e+100
71
6 2649.82 2649.82 1e+100
2 285.746 5142.98 1e+100
1 361.891 2447.56 1e+100
0 574.115 6296.46 1e+100
3 226.432 905.73 1e+100
4 239.866 959.465 1e+100
7 8451.99 8451.99 1e+100
5 1439.94 1439.94 1e+100
7 2336.01 10344.1 1e+100
4 2190.09 2190.09 1e+100
3 3828.41 15313.6 1e+100
0 2372.87 13491.5 1e+100
1 4564.82 18259.3 1e+100
5 3931.52 3931.52 1e+100
5 5885.18 5885.18 1e+100
4 6499.06 6499.06 1e+100
3 5187.27 20749.1 1e+100
3 1735.38 7941.51 1e+100
6 6056.49 24226 1e+100
3 7004.91 28019.6 1e+100
2 1221.4 4885.6 1e+100
1 10287.6 41150.3 1e+100
5 7277.36 7277.36 1e+100
4 19142.2 19142.2 1e+100
4 11462.5 45850.2 1e+100
1 995.692 1995.69 1e+100
5 19038.7 19038.7 1e+100
2 13062.3 52249.2 1e+100
4 2342.79 6342.79 1e+100
4 14146.1 14146.1 1e+100
2 9729.46 9729.46 1e+100
7 11167 44667.8 1e+100
0 4576.9 18307.6 1e+100
0 8396.02 33584.1 1e+100
0 10425.8 10425.8 1e+100
1 17827.3 17827.3 1e+100
2 16913.1 16913.1 1e+100
2 1060.79 1060.79 1e+100
1 3054.76 4054.76 1e+100
6 16991.8 16991.8 1e+100
5 10316.6 10316.6 1e+100
3 15232.2 16232.2 1e+100
0 18042.9 18042.9 1e+100
3 19446 19446 1e+100
4 18100.3 22100.3 1e+100
0 14430 57720.2 1e+100
5 13663.6 54654.3 1e+100
3 7012.15 29048.6 1e+100
2 18264.6 18264.6 1e+100
5 5633.19 23532.8 1e+100
1 18335.2 18335.2 1e+100
2 1610.58 6442.3 1e+100
7 20166.1 21166.1 1e+100
4 12908.4 51633.7 1e+100
0 19307.5 19307.5 1e+100
6 20175 20175 1e+100
2 11386.8 45547.2 1e+100
0 10276.4 41105.5 1e+100
4 18896.8 18896.8 1e+100
7 13276.8 53107.1 1e+100
2 18888.6 18888.6 1e+100
3 10139.8 40559.1 1e+100
5 19297.5 20297.5 1e+100
2 2749.43 14997.7 1e+100
1 19308.1 19308.1 1e+100
5 17042.9 18042.9 1e+100
0 20271.1 20271.1 1e+100
4 3430.22 13720.9 1e+100
1 11119.7 44478.9 1e+100
6 10920.4 43681.5 1e+100
6 5149.17 24596.7 1e+100
63
3 141.2 141.2 1e+100
2 340.355 1361.42 1e+100
3 1861.58 2861.58 1e+100
6 396.645 396.645 1e+100
3 11209.5 11209.5 1e+100
2 7383.77 7383.77 1e+100
5 15869.6 15869.6 1e+100
0 2202.15 2202.15 1e+100
4 14562.3 18562.3 1e+100
5 226.877 226.877 1e+100
2 10120.7 44482.7 1e+100
1 608.26 608.26 1e+100
1 3421.85 4421.85 1e+100
6 14901.4 18901.4 1e+100
7 363.478 1363.48 1e+100
7 18050.2 18050.2 1e+100
3 8366.44 8366.44 1e+100
4 249.132 996.526 1e+100
7 12079.5 49317.8 1e+100
2 4689.93 8689.93 1e+100
2 15381.2 15381.2 1e+100
1 7910.48 7910.48 1e+100
6 1799.25 1799.25 1e+100
1 15598.4 16598.4 1e+100
2 1485.2 5940.82 1e+100
3 3109.5 12438 1e+100
4 11003 44011.9 1e+100
3 14795.8 14795.8 1e+100
5 11692.3 47769.3 1e+100
5 3774.25 16097 1e+100
5 720.184 3880.74 1e+100
7 2732.38 11929.5 1e+100
1 11787.3 11787.3 1e+100
2 15469.3 15469.3 1e+100
4 973.907 7895.63 1e+100
1 9262.65 38050.6 1e+100
0 11042.8 48171.2 1e+100
4 14305.4 14305.4 1e+100
3 2975.04 11900.2 1e+100
0 12791.7 12791.7 1e+100
6 1728.99 6915.95 1e+100
3 13325.1 13325.1 1e+100
4 1916.76 11667 1e+100
0 1541.74 5541.74 1e+100
3 8858.91 36435.6 1e+100
2 14431.4 14431.4 1e+100
1 15161.2 16161.2 1e+100
0 14208.7 14208.7 1e+100
0 4657.88 18631.5 1e+100
5 5226.23 21904.9 1e+100
1 537.007 2148.03 1e+100
0 6370.16 25480.6 1e+100
6 4086.22 16344.9 1e+100
2 6767.51 6767.51 1e+100
5 14296 14296 1e+100
5 11526.8 12526.8 1e+100
5 1502.83 6011.33 1e+100
6 13994.4 13994.4 1e+100
4 2842.2 15368.8 1e+100
3 13365.5 13365.5 1e+100
2 7803.6 7803.6 1e+100
7 1456.26 5825.05 1e+100
4 14890.2 14890.2 1e+100
67
3 141.2 141.2 1e+100
2 340.355 1361.42 1e+100
3 1861.58 2861.58 1e+100
6 396.645 396.645 1e+100
4 2894.22 6894.22 1e+100
4 5018.56 5018.56 1e+100
1 14518.3 14518.3 1e+100
0 2202.15 2202.15 1e+100
1 7266.97 7266.97 1e+100
5 226.877 226.877 1e+100
5 12675.1 50700.3 1e+100
1 608.26 608.26 1e+100
3 15690.8 16690.8 1e+100
1 3442.2 3442.2 1e+100
7 363.478 1363.48 1e+100
2 2448.1 6448.1 1e+100
0 10087.2 14087.2 1e+100
4 249.132 996.526 1e+100
2 14595.7 58382.8 1e+100
2 4797.22 8797.22 1e+100
0 11860.8 11860.8 1e+100
4 14814.5 18814.5 1e+100
5 3727.81 4727.81 1e+100
6 17445.8 17445.8 1e+100
4 8504.29 34017.2 1e+100
6 3809.6 19238.4 1e+100
0 15419.9 61679.5 1e+100
7 17718.7 17718.7 1e+100
1 8140 33560 1e+100
5 13414.6 54658.3 1e+100
2 10582.9 42331.6 1e+100
2 8264.72 33058.9 1e+100
1 14697.9 14697.9 1e+100
5 15312.5 16312.5 1e+100
7 2854.89 11419.5 1e+100
3 7158.07 29632.3 1e+100
3 15643.1 62572.3 1e+100
4 15613.1 19613.1 1e+100
1 15960.7 64842.8 1e+100
0 11022.1 44088.3 1e+100
5 16775.3 17775.3 1e+100
3 393.412 1573.65 1e+100
3 2901.15 11604.6 1e+100
2 15474.8 15474.8 1e+100
6 7010.5 32042 1e+100
0 1078.85 8315.41 1e+100
0 17169 68676.1 1e+100
2 16935.6 16935.6 1e+100
3 6539.1 27156.4 1e+100
4 16829.3 16829.3 1e+100
6 17931.3 17931.3 1e+100
1 17541.5 18541.5 1e+100
1 6611.37 27445.5 1e+100
0 2785.87 11143.5 1e+100
5 4183.52 16734.1 1e+100
4 2082.25 8329.01 1e+100
7 7687.54 31750.2 1e+100
3 15646.9 16646.9 1e+100
7 18705.4 18705.4 1e+100
3 7123.88 8123.88 1e+100
2 974.616 7898.47 1e+100
2 10904.1 10904.1 1e+100
4 5787.25 27149 1e+100
3 16796 16796 1e+100
4 17427.7 17427.7 1e+100
7 2194.72 8778.88 1e+100
0 12228.9 12228.9 1e+100
65
3 141.2 141.2 1e+100
2 340.355 1361.42 1e+100
3 1861.58 2861.58 1e+100
6 396.645 396.645 1e+100
3 4602.48 4602.48 1e+100
2 2611.79 2611.79 1e+100
5 16548.4 16548.4 1e+100
0 2202.15 2202.15 1e+100
3 16380.5 16380.5 1e+100
5 226.877 226.877 1e+100
3 6790.88 27163.5 1e+100
1 608.26 608.26 1e+100
2 16543.5 16543.5 1e+100
5 12575 12575 1e+100
7 363.478 1363.48 1e+100
0 10689.1 14689.1 1e+100
1 16194.4 16194.4 1e+100
4 249.132 996.526 1e+100
4 12331.5 49325.9 1e+100
4 16571 20571 1e+100
0 16642 16642 1e+100
1 2472.01 2472.01 1e+100
5 3727.81 4727.81 1e+100
6 19252.1 19252.1 1e+100
4 1502.46 6009.82 1e+100
5 8372.18 33488.7 1e+100
1 10436.8 42747.2 1e+100
3 17053.6 17053.6 1e+100
1 16645.8 16645.8 1e+100
2 11917.2 11917.2 1e+100
2 17026.2 17026.2 1e+100
7 3536.9 4536.9 1e+100
6 1239.69 1239.69 1e+100
0 11434.1 11434.1 1e+100
0 16909.1 16909.1 1e+100
4 16066.8 16066.8 1e+100
1 6184.64 25738.6 1e+100
1 10933.8 10933.8 1e+100
4 3300.58 13202.3 1e+100
7 9649 10649 1e+100
3 5335.25 21341 1e+100
1 16445.3 17445.3 1e+100
6 11575.6 46302.6 1e+100
5 13833.6 13833.6 1e+100
2 429.669 5718.68 1e+100
7 16740.5 16740.5 1e+100
3 6360.46 26441.8 1e+100
4 16166.9 16166.9 1e+100
6 7149.92 7149.92 1e+100
0 16429.5 16429.5 1e+100
0 670.557 2682.23 1e+100
4 4915.52 19662.1 1e+100
2 4433.71 21734.8 1e+100
1 913.914 4655.66 1e+100
6 2299.72 9198.88 1e+100
3 16334.6 17334.6 1e+100
3 8112.47 8112.47 1e+100
5 14482.8 15482.8 1e+100
0 1638.47 10553.9 1e+100
2 14176.4 14176.4 1e+100
2 828.154 7312.62 1e+100
3 13764.4 13764.4 1e+100
4 8426.02 8426.02 1e+100
7 2714.55 10858.2 1e+100
7 10234.4 11234.4 1e+100
84
3 141.2 141.2 1e+100
2 340.355 1361.42 1e+100
7 5639.15 6639.15 1e+100
6 396.645 396.645 1e+100
5 4655.36 4655.36 1e+100
7 19959.7 20959.7 1e+100
1 3694.36 3694.36 1e+100
0 2202.15 2202.15 1e+100
4 13932.7 17932.7 1e+100
5 226.877 226.877 1e+100
6 9968.04 43872.2 1e+100
1 608.26 608.26 1e+100
4 2653.5 2653.5 1e+100
0 6360.38 10360.4 1e+100
7 363.478 1363.48 1e+100
5 2113.33 2113.33 1e+100
1 13095.5 13095.5 1e+100
4 249.132 996.526 1e+100
2 18138 72552 1e+100
7 13388.3 13388.3 1e+100
5 12110.4 13110.4 1e+100
6 3264.94 7264.94 1e+100
7 8557.16 9557.16 1e+100
6 20180.2 20180.2 1e+100
2 1485.2 5940.82 1e+100
2 19702.2 82808.9 1e+100
3 382.562 2530.25 1e+100
5 20318.7 20318.7 1e+100
2 21710.7 21710.7 1e+100
1 20306.1 20306.1 1e+100
0 20631 82523.8 1e+100
3 1714.59 1714.59 1e+100
6 25767.3 25767.3 1e+100
1 22125.5 23125.5 1e+100
6 13124.7 56498.9 1e+100
0 13866.9 55467.8 1e+100
1 8778.4 36113.6 1e+100
5 21124.5 22124.5 1e+100
7 22283.8 22283.8 1e+100
0 23240 23240 1e+100
5 23193.8 24193.8 1e+100
2 3073.6 16294.4 1e+100
4 16720.5 66882 1e+100
5 3211.19 4211.19 1e+100
5 15778.4 15778.4 1e+100
1 23257.3 23257.3 1e+100
4 1027.47 8109.89 1e+100
2 6481.88 6481.88 1e+100
4 21026 21026 1e+100
4 3708.65 18834.6 1e+100
2 402.992 5611.97 1e+100
2 25349.9 25349.9 1e+100
2 20306.4 20306.4 1e+100
0 15342.8 15342.8 1e+100
3 823.967 3295.87 1e+100
3 10221.1 41884.3 1e+100
3 22110.7 22110.7 1e+100
5 23775 23775 1e+100
3 15964.9 15964.9 1e+100
1 14549.5 15549.5 1e+100
5 12105.3 49421 1e+100
1 1935.42 8741.7 1e+100
7 23518.7 24518.7 1e+100
5 9563.74 39255 1e+100
4 6464.94 25859.8 1e+100
1 10261.5 42045.9 1e+100
0 23912.4 23912.4 1e+100
4 10391.3 41565 1e+100
4 21944.6 21944.6 1e+100
5 4152.28 17609.1 1e+100
3 5862.86 24451.4 1e+100
1 23429.1 24429.1 1e+100
3 19203.3 19203.3 1e+100
1 12068.6 12068.6 1e+100
3 17303.3 18303.3 1e+100
3 23739.9 24739.9 1e+100
0 3665.93 14663.7 1e+100
2 9587.22 38348.9 1e+100
4 24297.9 24297.9 1e+100
3 11353 46412.1 1e+100
0 5697.14 22788.6 1e+100
7 25155.7 26155.7 1e+100
3 1507.51 6030.04 1e+100
0 17556.6 17556.6 1e+100
66
6 2649.82 2649.82 1e+100
2 285.746 5142.98 1e+100
1 361.891 2447.56 1e+100
0 574.115 6296.46 1e+100
3 226.432 905.73 1e+100
4 239.866 959.465 1e+100
0 2941.11 6941.11 1e+100
5 1439.94 1439.94 1e+100
7 2336.01 10344.1 1e+100
4 2190.09 2190.09 1e+100
4 4239.69 20958.7 1e+100
3 6577.18 26308.7 1e+100
0 5532.48 26129.9 1e+100
3 3695.33 3695.33 1e+100
5 3893.93 3893.93 1e+100
5 6611.88 7611.88 1e+100
7 7912.8 31651.2 1e+100
3 1735.38 7941.51 1e+100
1 6013.21 25052.8 1e+100
0 9898.98 43595.9 1e+100
2 1221.4 4885.6 1e+100
2 12425.9 53703.8 1e+100
4 5271.06 9271.06 1e+100
4 7380.41 7380.41 1e+100
2 4171.71 16686.9 1e+100
1 1003.69 2003.69 1e+100
4 9278.8 9278.8 1e+100
5 6906.79 7906.79 1e+100
6 7244.23 7244.23 1e+100
6 3859.83 7859.83 1e+100
4 11867.7 11867.7 1e+100
3 12016.5 13016.5 1e+100
7 9381.05 9381.05 1e+100
3 9837.37 9837.37 1e+100
5 12127.5 49509.8 1e+100
2 4119.58 20478.3 1e+100
7 11962.7 48850.9 1e+100
3 15373 16373 1e+100
3 6457.12 26828.5 1e+100
3 13399.2 13399.2 1e+100
7 15286.2 16286.2 1e+100
5 15050.5 15050.5 1e+100
1 13363.8 13363.8 1e+100
6 15891.4 15891.4 1e+100
2 14870.1 14870.1 1e+100
0 14801.1 59204.4 1e+100
0 11565.8 11565.8 1e+100
2 12939.8 55759 1e+100
0 2204.52 8818.1 1e+100
1 15508.7 62034.9 1e+100
3 16180.5 16180.5 1e+100
4 15490.1 61960.3 1e+100
2 16291.1 65164.3 1e+100
5 16517.4 16517.4 1e+100
0 16957.4 67829.5 1e+100
0 7474.35 33897.4 1e+100
1 17468.8 18468.8 1e+100
4 13029 56116.1 1e+100
4 17455 17455 1e+100
5 6481.77 26927.1 1e+100
1 8115.2 33460.8 1e+100
1 4671.41 18685.6 1e+100
6 8923.42 39693.7 1e+100
7 19600.6 19600.6 1e+100
3 17304.9 17304.9 1e+100
3 2790.91 12163.6 1e+100
66
6 2708.06 10832.3 1e+100
7 2472.13 9888.52 1e+100
5 305.807 305.807 1e+100
4 228.495 228.495 1e+100
3 156.959 1156.96 1e+100
5 2330.71 10322.8 1e+100
1 2403.53 9614.13 1e+100
0 2283.37 2283.37 1e+100
2 336.199 5344.8 1e+100
5 4363.85 18455.4 1e+100
3 12889.9 51559.6 1e+100
3 3265.26 4265.26 1e+100
4 13081 52323.9 1e+100
5 8708.96 9708.96 1e+100
2 4175.67 20702.7 1e+100
1 6582.93 7582.93 1e+100
0 5473.82 25895.3 1e+100
0 13549.6 54198.3 1e+100
6 5829.55 5829.55 1e+100
2 13007.9 13007.9 1e+100
3 10046.4 11046.4 1e+100
4 923.85 4923.85 1e+100
3 289.764 2159.06 1e+100
7 15185.6 15185.6 1e+100
5 11394.6 12394.6 1e+100
1 12461 13461 1e+100
7 5141.78 20567.1 1e+100
6 13071.3 52285.2 1e+100
2 318.194 1272.77 1e+100
3 14546.2 15546.2 1e+100
3 5938.32 5938.32 1e+100
6 16930.3 16930.3 1e+100
5 16271.4 17271.4 1e+100
1 14366.6 57466.5 1e+100
2 5811.84 23247.4 1e+100
2 14971.9 14971.9 1e+100
3 15531.8 15531.8 1e+100
4 7319.56 11319.6 1e+100
1 5732.97 22931.9 1e+100
6 7986.09 7986.09 1e+100
0 4341.69 4341.69 1e+100
4 1328.24 9312.97 1e+100
4 11396.1 49584.5 1e+100
6 4935.92 4935.92 1e+100
1 14838.7 15838.7 1e+100
0 14619.1 14619.1 1e+100
4 4064.05 16256.2 1e+100
3 15984 16984 1e+100
3 800.939 4203.75 1e+100
2 16032.6 16032.6 1e+100
1 16187.8 17187.8 1e+100
1 6223.41 25893.6 1e+100
4 12506.8 50027 1e+100
7 17466 18466 1e+100
5 11354.1 45416.2 1e+100
0 15885.9 15885.9 1e+100
3 9406.5 37626 1e+100
4 14034.5 14034.5 1e+100
0 11130.5 48522.1 1e+100
5 16107.8 16107.8 1e+100
4 16033.7 16033.7 1e+100
2 16506.4 16506.4 1e+100
5 8919.83 36679.3 1e+100
7 5046.36 20185.4 1e+100
0 4754.3 19017.2 1e+100
2 9573.87 42295.5 1e+100
