57
8 3264.38 7264.38 1e+100
3 952.809 4811.24 1e+100
6 1572.75 6290.99 1e+100
9 2917.96 11671.8 1e+100
2 2551.4 6551.4 1e+100
5 256.514 1256.51 1e+100
7 2456.01 2456.01 1e+100
4 2669.06 14676.2 1e+100
9 282.827 1282.83 1e+100
4 296.836 296.836 1e+100
2 287.375 4287.38 1e+100
0 550.756 6203.02 1e+100
2 3698.69 14794.8 1e+100
1 666.111 666.111 1e+100
1 3493.61 14974.4 1e+100
3 4348.41 4348.41 1e+100
9 5979.34 5979.34 1e+100
6 3972.56 7972.56 1e+100
7 6488.14 7488.14 1e+100
5 1043.27 5173.07 1e+100
2 5456.39 21825.5 1e+100
2 7633.61 30534.4 1e+100
0 1149.49 4597.94 1e+100
4 6975.43 27901.7 1e+100
5 2508.74 2508.74 1e+100
5 7438.8 8438.8 1e+100
1 7927.39 31709.6 1e+100
4 2407.17 9628.7 1e+100
1 4573.88 18295.5 1e+100
8 5849.16 5849.16 1e+100
0 1710.03 10840.1 1e+100
3 6712.19 7712.19 1e+100
9 9001.46 37005.8 1e+100
3 3460.19 3460.19 1e+100
4 6536.32 30145.3 1e+100
7 6963.34 6963.34 1e+100
1 8332.49 34330 1e+100
6 4133.25 16533 1e+100
3 8418.07 9418.07 1e+100
2 6521.11 26084.4 1e+100
2 8795.48 8795.48 1e+100
0 8800.12 8800.12 1e+100
0 5937.11 23748.4 1e+100
5 8845.22 36380.9 1e+100
7 11009.3 12009.3 1e+100
5 1759.52 7038.07 1e+100
3 9576.39 10576.4 1e+100
4 7493.83 33975.3 1e+100
4 9426.56 9426.56 1e+100
6 9385.36 41541.4 1e+100
1 9497.15 9497.15 1e+100
0 10456.4 10456.4 1e+100
2 9269.29 9269.29 1e+100
4 629.39 2517.56 1e+100
8 7384.78 33539.1 1e+100
0 1246.85 4987.39 1e+100
5 5274.8 21099.2 1e+100
59
0 550.136 2200.55 1e+100
6 2661.24 14645 1e+100
7 2501.03 2501.03 1e+100
5 256.514 1256.51 1e+100
2 301.746 301.746 1e+100
4 237.274 949.095 1e+100
8 593.265 6373.06 1e+100
1 2117.5 3117.5 1e+100
9 325.666 1302.67 1e+100
4 4164.17 16656.7 1e+100
4 1944.33 11777.3 1e+100
2 1669.34 1669.34 1e+100
9 5275.83 22103.3 1e+100
3 2367.88 3367.88 1e+100
0 2037.8 12151.2 1e+100
1 5367.77 6367.77 1e+100
7 6664.09 26656.4 1e+100
2 5096.17 20384.7 1e+100
8 1985.61 1985.61 1e+100
5 844.309 1844.31 1e+100
2 2926.24 2926.24 1e+100
6 6910.08 27640.3 1e+100
5 5342.19 5342.19 1e+100
3 4756.95 4756.95 1e+100
8 4678.66 4678.66 1e+100
9 581.301 3325.2 1e+100
4 6307.8 25231.2 1e+100
6 10504.9 10504.9 1e+100
0 5261.89 5261.89 1e+100
1 5348.78 5348.78 1e+100
2 7106.95 28427.8 1e+100
5 1134.32 5537.3 1e+100
4 10048.9 10048.9 1e+100
4 3042.37 16169.5 1e+100
7 8636.61 34546.4 1e+100
0 7243.45 7243.45 1e+100
0 619.579 6478.32 1e+100
1 6814.09 27256.4 1e+100
5 8227.73 33910.9 1e+100
8 9423.65 9423.65 1e+100
5 5128.64 21514.6 1e+100
1 11018.9 12018.9 1e+100
7 11293.6 12293.6 1e+100
0 8272.48 8272.48 1e+100
1 8573.74 35295 1e+100
9 7935.65 32742.6 1e+100
3 6502.41 26009.6 1e+100
2 3077.67 12310.7 1e+100
4 5124.45 20497.8 1e+100
3 8947.12 9947.12 1e+100
9 10187.8 10187.8 1e+100
2 9641.26 9641.26 1e+100
9 1752.45 7009.81 1e+100
0 9701.74 9701.74 1e+100
3 2744.62 10978.5 1e+100
9 4568.74 4568.74 1e+100
2 7485.37 7485.37 1e+100
8 3565.48 18261.9 1e+100
6 11024.4 11024.4 1e+100
69
8 3258.77 3258.77 1e+100
7 2496.33 3496.33 1e+100
9 329.567 329.567 1e+100
6 2653.7 6653.7 1e+100
5 458.608 458.608 1e+100
1 5449.54 5449.54 1e+100
4 4500.65 8500.65 1e+100
4 245.169 980.675 1e+100
0 583.931 4583.93 1e+100
1 508.78 1508.78 1e+100
2 359.682 359.682 1e+100
9 2814.58 12258.3 1e+100
3 205.487 205.487 1e+100
5 2074.5 3074.5 1e+100
0 3129.22 16516.9 1e+100
3 7547.62 7547.62 1e+100
9 10501.5 11501.5 1e+100
0 10168.3 40673 1e+100
6 12383 16383 1e+100
4 1447.68 9790.7 1e+100
1 1942.37 2942.37 1e+100
8 8812.98 8812.98 1e+100
3 10257.5 10257.5 1e+100
5 10288.7 11288.7 1e+100
5 12757.4 12757.4 1e+100
4 13753.5 55013.9 1e+100
3 11957.6 11957.6 1e+100
3 353.583 1353.58 1e+100
0 4526.85 4526.85 1e+100
2 1208.63 8834.52 1e+100
7 3849.17 16396.7 1e+100
5 5168.89 21675.6 1e+100
0 12647.4 12647.4 1e+100
6 16232.1 20232.1 1e+100
3 1478.86 2478.86 1e+100
7 12849.2 13849.2 1e+100
7 6941.19 27764.7 1e+100
8 10770.1 43080.2 1e+100
5 1182.79 2182.79 1e+100
9 12780 12780 1e+100
1 13606.6 13606.6 1e+100
4 4973.88 23895.5 1e+100
8 12443.4 12443.4 1e+100
3 14183.1 15183.1 1e+100
6 3497.31 17989.2 1e+100
4 2330.43 13321.7 1e+100
8 14221 14221 1e+100
1 10824.4 11824.4 1e+100
1 5138.15 6138.15 1e+100
5 4705.76 19823 1e+100
9 13729.6 14729.6 1e+100
2 3887.18 15548.7 1e+100
0 12487.9 12487.9 1e+100
1 14190.8 15190.8 1e+100
5 12079.4 49317.7 1e+100
3 10686.9 43747.4 1e+100
0 14114.8 14114.8 1e+100
9 921.732 3686.93 1e+100
2 10553.4 10553.4 1e+100
2 8262.2 37048.8 1e+100
4 11535.5 11535.5 1e+100
1 1652.83 6611.31 1e+100
7 15512.6 15512.6 1e+100
4 13534.6 13534.6 1e+100
2 11695.1 11695.1 1e+100
2 535.288 2141.15 1e+100
4 5928.49 27714 1e+100
1 5712.79 23851.2 1e+100
2 4783.61 23134.5 1e+100
69
8 3217.27 7217.27 1e+100
0 600.949 2403.8 1e+100
5 332.15 1332.15 1e+100
6 396.645 396.645 1e+100
2 439.942 4439.94 1e+100
1 479.943 1479.94 1e+100
3 284.548 284.548 1e+100
7 148.06 1148.06 1e+100
5 3047.17 3047.17 1e+100
2 2863.81 6863.81 1e+100
1 3193.03 12772.1 1e+100
9 304.57 304.57 1e+100
4 291.339 291.339 1e+100
7 2620.74 2620.74 1e+100
4 4557.35 4557.35 1e+100
6 4902.06 8902.06 1e+100
0 2665.21 6665.21 1e+100
3 4212.39 17849.6 1e+100
0 4762.18 19048.7 1e+100
5 4443.53 4443.53 1e+100
2 4365.47 4365.47 1e+100
9 4948.88 4948.88 1e+100
7 4790.53 5790.53 1e+100
1 5034.8 6034.8 1e+100
3 1226.06 5904.26 1e+100
9 9971.47 39885.9 1e+100
4 10392 41567.9 1e+100
2 10103.1 14103.1 1e+100
6 9570.91 38283.6 1e+100
9 1126.7 5506.78 1e+100
3 10056.5 41225.9 1e+100
0 11141.8 44567.3 1e+100
1 6325.32 6325.32 1e+100
3 7563.78 8563.78 1e+100
0 7709.97 34839.9 1e+100
9 6346.34 26385.4 1e+100
5 6776.82 27107.3 1e+100
1 9912.81 9912.81 1e+100
7 11005.3 45021.2 1e+100
5 9464.33 38857.3 1e+100
8 11520.7 11520.7 1e+100
2 9442.93 41771.7 1e+100
3 11021.2 44085 1e+100
6 13013 13013 1e+100
5 10469.8 41879.2 1e+100
2 2073.62 12294.5 1e+100
0 10832.3 43329 1e+100
9 11309.5 12309.5 1e+100
4 10861.4 43445.7 1e+100
0 2468.31 9873.26 1e+100
5 12342.2 13342.2 1e+100
4 8689 34756 1e+100
2 12396.8 12396.8 1e+100
1 10958 11958 1e+100
3 1500.11 7000.44 1e+100
2 9866.34 39465.4 1e+100
4 12524.2 12524.2 1e+100
5 1069.43 4277.73 1e+100
1 12641.8 13641.8 1e+100
4 3849.94 19399.8 1e+100
3 11996.6 12996.6 1e+100
1 4824.3 19297.2 1e+100
7 14377.8 14377.8 1e+100
8 15954.8 15954.8 1e+100
2 12870.6 12870.6 1e+100
2 3045.68 12182.7 1e+100
8 2694.06 14776.2 1e+100
7 2895.67 12582.7 1e+100
9 6750.45 27001.8 1e+100
61
8 3258.77 3258.77 1e+100
7 2496.33 3496.33 1e+100
9 329.567 329.567 1e+100
6 2653.7 6653.7 1e+100
5 458.608 458.608 1e+100
5 2608.35 2608.35 1e+100
4 4914.36 8914.36 1e+100
4 245.169 980.675 1e+100
0 583.931 4583.93 1e+100
1 508.78 1508.78 1e+100
2 359.682 359.682 1e+100
3 2586.74 11346.9 1e+100
3 205.487 205.487 1e+100
3 5661.39 6661.39 1e+100
1 9836.22 39344.9 1e+100
9 10172.8 10172.8 1e+100
2 4635.75 4635.75 1e+100
0 9410.16 37640.6 1e+100
1 4779.67 4779.67 1e+100
9 1387.98 5551.9 1e+100
4 8757.76 8757.76 1e+100
8 11047.1 11047.1 1e+100
6 7785.03 11785 1e+100
3 10597.7 43391 1e+100
1 11016.8 45067.3 1e+100
2 8615.5 34462 1e+100
4 693.235 2772.94 1e+100
7 11467.8 11467.8 1e+100
5 7294.77 8294.77 1e+100
1 569.827 2279.31 1e+100
3 5536.67 23146.7 1e+100
0 489.202 5956.81 1e+100
1 4750.1 19000.4 1e+100
8 4517.41 18069.6 1e+100
2 9052.4 9052.4 1e+100
5 8148.04 8148.04 1e+100
4 8218.82 12218.8 1e+100
9 1095.87 4383.49 1e+100
6 9245.63 9245.63 1e+100
6 13876.9 13876.9 1e+100
5 1377.28 5509.13 1e+100
9 3352.6 13410.4 1e+100
8 11890.7 11890.7 1e+100
1 9866.87 10866.9 1e+100
2 10747 10747 1e+100
5 11263.2 12263.2 1e+100
0 11675.9 11675.9 1e+100
9 9329.8 10329.8 1e+100
9 11535.2 12535.2 1e+100
1 11369.7 12369.7 1e+100
0 797.253 7189.01 1e+100
3 11248.8 11248.8 1e+100
0 8624.83 8624.83 1e+100
7 2357.91 9431.62 1e+100
3 3949.18 3949.18 1e+100
4 8607.34 8607.34 1e+100
7 12122.9 13122.9 1e+100
5 7857.33 8857.33 1e+100
3 8005.07 9005.07 1e+100
4 438.248 5752.99 1e+100
4 11130.8 11130.8 1e+100
70
0 550.136 2200.55 1e+100
6 2661.24 14645 1e+100
7 2501.03 2501.03 1e+100
5 256.514 1256.51 1e+100
2 301.746 301.746 1e+100
4 237.274 949.095 1e+100
8 593.265 6373.06 1e+100
1 2117.5 3117.5 1e+100
9 325.666 1302.67 1e+100
4 6269.72 25078.9 1e+100
2 4126.25 20505 1e+100
2 1669.34 1669.34 1e+100
4 1868.17 7472.7 1e+100
3 2367.88 3367.88 1e+100
0 2037.8 12151.2 1e+100
7 7541.78 8541.78 1e+100
2 5466.07 25864.3 1e+100
1 4905.27 20621.1 1e+100
8 1985.61 1985.61 1e+100
9 1458.46 2458.46 1e+100
8 6436.07 10436.1 1e+100
2 7938.67 7938.67 1e+100
4 2765.02 2765.02 1e+100
5 492.162 1492.16 1e+100
3 6112.52 7112.52 1e+100
4 6643.03 6643.03 1e+100
6 11060 11060 1e+100
5 8349.38 9349.38 1e+100
1 7877.72 32510.9 1e+100
2 11638.2 15638.2 1e+100
9 8582.43 35329.7 1e+100
5 10495.2 11495.2 1e+100
5 2954.57 3954.57 1e+100
7 11514.1 11514.1 1e+100
8 10175.6 10175.6 1e+100
1 4044.58 5044.58 1e+100
7 15216.6 15216.6 1e+100
4 10307.7 14307.7 1e+100
9 1663.53 7654.11 1e+100
0 709.799 6839.2 1e+100
7 7725.12 31900.5 1e+100
0 13008.7 13008.7 1e+100
9 10997.2 44988.9 1e+100
3 9541.95 9541.95 1e+100
6 14798.3 14798.3 1e+100
3 7426.13 7426.13 1e+100
3 10994.6 10994.6 1e+100
5 13244.5 14244.5 1e+100
2 12097.2 12097.2 1e+100
0 9395.39 37581.6 1e+100
8 14828 14828 1e+100
4 6741.6 30966.4 1e+100
1 10110.6 41442.2 1e+100
3 12554.8 50219.4 1e+100
1 12376.1 12376.1 1e+100
5 10429.4 42717.6 1e+100
4 12632.3 50529.4 1e+100
2 13322.7 17322.7 1e+100
0 13844.1 55376.3 1e+100
6 1855.5 11422 1e+100
1 14516.9 15516.9 1e+100
4 10263.8 45055.4 1e+100
4 14735.8 14735.8 1e+100
9 12571 51284.1 1e+100
0 4358.92 17435.7 1e+100
0 594.247 6376.99 1e+100
1 6597.11 26388.5 1e+100
5 14305.9 14305.9 1e+100
3 14081.1 14081.1 1e+100
2 5675.18 22700.7 1e+100
60
8 3217.27 7217.27 1e+100
0 600.949 2403.8 1e+100
5 332.15 1332.15 1e+100
6 396.645 396.645 1e+100
2 439.942 4439.94 1e+100
1 479.943 1479.94 1e+100
3 284.548 284.548 1e+100
7 148.06 1148.06 1e+100
4 2545.04 6545.04 1e+100
3 2456.18 2456.18 1e+100
9 2447.8 9791.19 1e+100
9 304.57 304.57 1e+100
4 291.339 291.339 1e+100
7 2620.74 2620.74 1e+100
0 5001.43 5001.43 1e+100
5 2806.12 2806.12 1e+100
2 2461.38 6461.38 1e+100
3 4287.49 18150 1e+100
2 4785.48 19141.9 1e+100
5 4524.78 4524.78 1e+100
6 7145.34 7145.34 1e+100
3 6170.69 6170.69 1e+100
6 1799.25 1799.25 1e+100
8 12060 12060 1e+100
4 9699.91 38799.6 1e+100
1 10028 40112 1e+100
2 7982.22 31928.9 1e+100
3 8633.57 8633.57 1e+100
3 10307.9 11307.9 1e+100
1 1171.18 2171.18 1e+100
7 3254.31 3254.31 1e+100
2 7914.82 31659.3 1e+100
9 1263.29 6053.16 1e+100
6 9935.65 9935.65 1e+100
1 2942.18 11768.7 1e+100
5 5958.11 23832.4 1e+100
4 405.849 405.849 1e+100
9 7900.83 31603.3 1e+100
1 4051.1 16204.4 1e+100
7 5982.05 24928.2 1e+100
0 8161.97 8161.97 1e+100
2 2463.08 9852.3 1e+100
5 7757.7 8757.7 1e+100
1 9931.22 10931.2 1e+100
4 8301.41 8301.41 1e+100
9 5068.12 21272.5 1e+100
4 1120.12 4480.48 1e+100
9 1601.81 6407.24 1e+100
4 3277.87 13111.5 1e+100
5 1320.83 6283.32 1e+100
3 7806.56 8806.56 1e+100
7 9372.08 9372.08 1e+100
9 8640.65 9640.65 1e+100
0 3847.85 19391.4 1e+100
2 8502.14 8502.14 1e+100
5 9340.19 37360.8 1e+100
3 8955.6 8955.6 1e+100
4 10092.1 10092.1 1e+100
8 1236.4 8945.6 1e+100
0 10290.1 10290.1 1e+100
59
0 550.136 2200.55 1e+100
6 2661.24 14645 1e+100
7 2501.03 2501.03 1e+100
5 256.514 1256.51 1e+100
2 301.746 301.746 1e+100
4 237.274 949.095 1e+100
8 593.265 6373.06 1e+100
1 2117.5 3117.5 1e+100
9 325.666 1302.67 1e+100
5 2004.96 9019.83 1e+100
1 6074.33 24297.3 1e+100
9 5802.29 6802.29 1e+100
0 2104.68 8418.74 1e+100
3 2367.88 3367.88 1e+100
4 1586.44 10345.8 1e+100
9 7833.4 8833.4 1e+100
7 6664.09 26656.4 1e+100
2 5575.35 22301.4 1e+100
8 1985.61 1985.61 1e+100
1 7536.62 8536.62 1e+100
2 594.13 4594.13 1e+100
9 1845.05 2845.05 1e+100
0 6892.69 6892.69 1e+100
5 5432.29 6432.29 1e+100
8 7890.18 7890.18 1e+100
2 7135.49 7135.49 1e+100
5 2335.87 3335.87 1e+100
0 8085.21 8085.21 1e+100
4 8680.79 34723.2 1e+100
8 12395.8 16395.8 1e+100
8 3325.03 13300.1 1e+100
4 3272.59 3272.59 1e+100
0 1405.41 9621.64 1e+100
9 8064.51 8064.51 1e+100
5 6513.43 26053.7 1e+100
0 9806.43 39225.7 1e+100
6 11402.5 11402.5 1e+100
4 9334.47 9334.47 1e+100
2 454.647 1818.59 1e+100
1 10117.5 10117.5 1e+100
3 8443.75 9443.75 1e+100
9 8773.45 9773.45 1e+100
7 9463.63 10463.6 1e+100
4 11060.6 11060.6 1e+100
3 4034.12 17136.5 1e+100
6 3649.82 14599.3 1e+100
3 5410.64 21642.6 1e+100
0 1179.72 4718.87 1e+100
5 7318.4 30273.6 1e+100
5 9742.44 10742.4 1e+100
2 7229.11 11229.1 1e+100
9 9929.83 10929.8 1e+100
3 285.219 1140.88 1e+100
2 9024.74 9024.74 1e+100
1 4650.79 18603.2 1e+100
3 9652.76 9652.76 1e+100
0 10435.9 10435.9 1e+100
7 4427.43 17709.7 1e+100
7 11691.1 12691.1 1e+100
72
1 672.382 1672.38 1e+100
8 3220.17 16880.7 1e+100
4 139.91 559.642 1e+100
3 164.956 659.825 1e+100
3 3807.46 15229.8 1e+100
5 274.481 2097.92 1e+100
2 391.121 4391.12 1e+100
7 1005.02 1005.02 1e+100
0 328.802 1315.21 1e+100
6 2639.87 2639.87 1e+100
3 1772.96 7091.86 1e+100
1 4916.54 19666.2 1e+100
4 2753.14 15012.6 1e+100
5 2043.28 2043.28 1e+100
5 3996.94 3996.94 1e+100
2 6054.92 6054.92 1e+100
3 5341.07 21364.3 1e+100
1 2580.39 11321.6 1e+100
7 3725.61 15902.5 1e+100
5 5898.8 23595.2 1e+100
4 4555.77 18223.1 1e+100
8 6994.11 31976.4 1e+100
4 8940.09 12940.1 1e+100
0 7835.84 7835.84 1e+100
0 2408.31 9633.26 1e+100
6 10241.6 40966.4 1e+100
0 9142.58 36570.3 1e+100
4 5681.59 22726.4 1e+100
9 9479.27 38917.1 1e+100
7 11085.5 11085.5 1e+100
2 381.715 381.715 1e+100
9 1154.72 4618.9 1e+100
0 4193.28 16773.1 1e+100
1 7084.07 28336.3 1e+100
4 12452.1 12452.1 1e+100
2 708.814 6835.26 1e+100
3 11073.7 12073.7 1e+100
7 5648.91 23595.7 1e+100
5 6559.16 6559.16 1e+100
9 4079.76 16319 1e+100
9 10111.7 10111.7 1e+100
1 7761.16 32044.6 1e+100
3 4539.07 18156.3 1e+100
2 9652.83 38611.3 1e+100
5 10402.7 10402.7 1e+100
1 10131.9 10131.9 1e+100
5 8245.98 8245.98 1e+100
0 9931.28 9931.28 1e+100
6 12721 50884.1 1e+100
6 2051.67 8206.68 1e+100
7 2121.74 3121.74 1e+100
2 7601.28 30405.1 1e+100
2 11067.4 44269.5 1e+100
0 7838.3 31353.2 1e+100
0 12189.7 12189.7 1e+100
3 2099.17 9396.66 1e+100
1 11923.9 12923.9 1e+100
4 6382.07 25528.3 1e+100
8 11814.1 47256.2 1e+100
7 12539.9 13539.9 1e+100
5 11827 11827 1e+100
3 11997.3 11997.3 1e+100
2 11981.5 11981.5 1e+100
0 13746.5 13746.5 1e+100
5 2608.85 11435.4 1e+100
3 5837.04 24348.2 1e+100
4 13341.9 13341.9 1e+100
2 3174.7 12698.8 1e+100
9 367.566 2470.26 1e+100
9 13077.3 14077.3 1e+100
1 905.932 3623.73 1e+100
2 12696 12696 1e+100
74
8 3258.77 3258.77 1e+100
7 2496.33 3496.33 1e+100
9 329.567 329.567 1e+100
6 2653.7 6653.7 1e+100
5 458.608 458.608 1e+100
9 4816.99 4816.99 1e+100
5 2552.49 2552.49 1e+100
4 245.169 980.675 1e+100
0 583.931 4583.93 1e+100
1 508.78 1508.78 1e+100
2 359.682 359.682 1e+100
0 3030.68 12122.7 1e+100
3 205.487 205.487 1e+100
4 2002.99 2002.99 1e+100
1 2482.16 9928.64 1e+100
0 5742.62 9742.62 1e+100
7 8193.69 9193.69 1e+100
5 7598.26 31393 1e+100
7 15091.7 15091.7 1e+100
3 1310.07 5240.3 1e+100
2 1961.34 1961.34 1e+100
2 6372.14 6372.14 1e+100
9 8165.5 8165.5 1e+100
0 12314 16314 1e+100
3 12388.6 13388.6 1e+100
2 12604.5 12604.5 1e+100
9 653.841 1653.84 1e+100
1 4224.58 5224.58 1e+100
4 6270.2 6270.2 1e+100
1 12767.2 13767.2 1e+100
4 12736.6 12736.6 1e+100
5 2080.13 9320.53 1e+100
4 9485.41 13485.4 1e+100
8 15297.3 61189.3 1e+100
8 4582.36 4582.36 1e+100
4 1225.28 8901.1 1e+100
5 12195.3 12195.3 1e+100
3 1430.35 5721.39 1e+100
3 4533.47 19133.9 1e+100
2 14007.1 14007.1 1e+100
1 13624.2 14624.2 1e+100
2 692.284 2769.14 1e+100
6 2401.02 6401.02 1e+100
5 7725.91 8725.91 1e+100
0 4612.42 22449.7 1e+100
9 2063.01 9252.06 1e+100
3 11654.4 11654.4 1e+100
9 11040.6 11040.6 1e+100
5 12666 12666 1e+100
9 13655.8 14655.8 1e+100
3 6144.87 25579.5 1e+100
7 1335.61 6342.45 1e+100
7 6830.64 7830.64 1e+100
4 1176.82 4707.27 1e+100
1 7663 31652 1e+100
0 11044.2 44176.7 1e+100
5 14493.4 15493.4 1e+100
2 7276.7 29106.8 1e+100
0 15087 15087 1e+100
2 4501.3 18005.2 1e+100
6 11554.9 46219.4 1e+100
8 17173.7 17173.7 1e+100
3 12827.6 12827.6 1e+100
7 15932.6 15932.6 1e+100
2 9983.6 9983.6 1e+100
1 14385.6 15385.6 1e+100
0 5798.24 23192.9 1e+100
8 6424.69 25698.8 1e+100
4 12182.1 12182.1 1e+100
9 6058.54 25234.2 1e+100
6 5194.55 20778.2 1e+100
6 15027.9 15027.9 1e+100
1 3830.77 15323.1 1e+100
0 11763.4 11763.4 1e+100
64
1 672.382 1672.38 1e+100
8 3220.17 16880.7 1e+100
4 139.91 559.642 1e+100
3 164.956 659.825 1e+100
5 7473.92 29895.7 1e+100
5 274.481 2097.92 1e+100
2 391.121 4391.12 1e+100
7 1005.02 1005.02 1e+100
0 328.802 1315.21 1e+100
6 2639.87 2639.87 1e+100
3 1772.96 7091.86 1e+100
4 2931.24 15725 1e+100
5 4757.36 19029.5 1e+100
6 11787 15787 1e+100
9 12954.6 12954.6 1e+100
0 4490.5 4490.5 1e+100
5 8972.68 35890.7 1e+100
2 4529.55 18118.2 1e+100
9 7653.53 31614.1 1e+100
7 5868.45 23473.8 1e+100
2 2013.93 8055.73 1e+100
1 4649.39 18597.6 1e+100
4 8473.05 12473.1 1e+100
8 11972.1 11972.1 1e+100
0 11872.9 47491.5 1e+100
0 1267.4 1267.4 1e+100
3 2476.56 2476.56 1e+100
3 12554.7 51218.7 1e+100
5 519.1 519.1 1e+100
9 13645 14645 1e+100
9 818.976 1818.98 1e+100
4 4219.64 20878.5 1e+100
6 4862.62 19450.5 1e+100
2 11594.5 46378 1e+100
2 9754.67 9754.67 1e+100
1 12946.4 12946.4 1e+100
3 13494.1 14494.1 1e+100
2 12685.9 12685.9 1e+100
6 13959.5 13959.5 1e+100
4 8032.04 36128.2 1e+100
0 12433.1 12433.1 1e+100
4 11588.2 46352.8 1e+100
1 8883.47 8883.47 1e+100
2 6040.15 28160.6 1e+100
5 7772.42 7772.42 1e+100
1 6036.39 25145.6 1e+100
9 12676 13676 1e+100
8 13815.2 13815.2 1e+100
1 13220.2 14220.2 1e+100
0 5037.65 20150.6 1e+100
3 826.076 4304.31 1e+100
7 6910.44 27641.7 1e+100
2 940.352 3761.41 1e+100
2 2710.32 10841.3 1e+100
2 12505.4 12505.4 1e+100
3 6157.2 6157.2 1e+100
5 12268.7 13268.7 1e+100
0 1285.88 9143.53 1e+100
0 12354 12354 1e+100
3 2378.36 9513.44 1e+100
7 12083.7 12083.7 1e+100
5 9710.7 10710.7 1e+100
8 1273.08 9092.34 1e+100
4 13384.1 13384.1 1e+100
66
8 3258.77 3258.77 1e+100
7 2496.33 3496.33 1e+100
9 329.567 329.567 1e+100
6 2653.7 6653.7 1e+100
5 458.608 458.608 1e+100
0 3554.11 7554.11 1e+100
3 5895.44 5895.44 1e+100
4 245.169 980.675 1e+100
0 583.931 4583.93 1e+100
1 508.78 1508.78 1e+100
2 359.682 359.682 1e+100
1 5553 23212 1e+100
3 205.487 205.487 1e+100
9 1857.97 2857.97 1e+100
3 2683.01 10732 1e+100
7 7846.95 7846.95 1e+100
8 7507.26 7507.26 1e+100
9 5076.43 21305.7 1e+100
0 6809.96 10810 1e+100
2 2040.2 12160.8 1e+100
3 9207.72 10207.7 1e+100
5 11044.3 12044.3 1e+100
1 9538.29 9538.29 1e+100
2 3489.65 13958.6 1e+100
1 6898.84 28595.3 1e+100
5 1044.5 5178.01 1e+100
4 693.235 2772.94 1e+100
3 5546.76 5546.76 1e+100
4 9704.93 9704.93 1e+100
1 569.827 2279.31 1e+100
3 9434.77 38739.1 1e+100
5 3233.75 12935 1e+100
7 9749.09 10749.1 1e+100
4 1417.35 9669.38 1e+100
6 4760.93 4760.93 1e+100
6 8777.24 35109 1e+100
3 9163.12 9163.12 1e+100
9 8758.49 35034 1e+100
8 10850.1 14850.1 1e+100
0 743.886 2975.54 1e+100
7 12299.9 13299.9 1e+100
2 8279.14 12279.1 1e+100
6 11765.5 15765.5 1e+100
9 10744.4 11744.4 1e+100
1 10684.6 11684.6 1e+100
2 1594.97 6379.88 1e+100
2 10113.8 10113.8 1e+100
5 9783.07 39132.3 1e+100
4 3895.25 15581 1e+100
9 4732.99 18932 1e+100
3 9942.62 9942.62 1e+100
4 10239.4 40957.7 1e+100
5 11576.1 47304.4 1e+100
3 11851 11851 1e+100
2 4011.24 16045 1e+100
0 4599.37 22397.5 1e+100
0 10742.1 10742.1 1e+100
4 7778.38 35113.5 1e+100
4 12204.4 12204.4 1e+100
1 7095.58 29382.3 1e+100
8 4566.65 18266.6 1e+100
4 571.379 6285.51 1e+100
0 7587.27 34349.1 1e+100
9 11894.9 11894.9 1e+100
1 11749.5 11749.5 1e+100
5 2455.1 10820.4 1e+100
55
1 672.382 1672.38 1e+100
8 3220.17 16880.7 1e+100
4 139.91 559.642 1e+100
3 164.956 659.825 1e+100
5 4787.78 19151.1 1e+100
5 274.481 2097.92 1e+100
2 391.121 4391.12 1e+100
7 1005.02 1005.02 1e+100
0 328.802 1315.21 1e+100
6 2639.87 2639.87 1e+100
4 2530.1 14120.4 1e+100
1 2712.25 10849 1e+100
0 5787.22 27148.9 1e+100
5 6317.08 6317.08 1e+100
1 5522.69 5522.69 1e+100
3 5700.65 6700.65 1e+100
2 2229.57 12918.3 1e+100
6 8709.13 34836.5 1e+100
8 7686.72 30746.9 1e+100
0 2571.24 14285 1e+100
4 3887.49 15550 1e+100
7 7273.25 29093 1e+100
3 841.717 841.717 1e+100
3 2601.38 3601.38 1e+100
7 3657.02 15628.1 1e+100
5 1008.31 2008.31 1e+100
2 3302.75 3302.75 1e+100
9 1557.62 2557.62 1e+100
4 3116.7 16466.8 1e+100
5 5386.04 6386.04 1e+100
4 6672.87 26691.5 1e+100
1 6209.8 6209.8 1e+100
2 5788.81 27155.2 1e+100
9 6829.05 6829.05 1e+100
0 5812.22 23248.9 1e+100
3 8367.98 34471.9 1e+100
2 9744.52 9744.52 1e+100
3 6111.72 25446.9 1e+100
2 3673.04 3673.04 1e+100
6 10157 10157 1e+100
0 7540.05 30160.2 1e+100
3 3668.84 15675.4 1e+100
7 11387.6 12387.6 1e+100
5 6751.32 27005.3 1e+100
5 9040.76 10040.8 1e+100
2 6588.83 30355.3 1e+100
9 9542.45 10542.5 1e+100
1 2355.98 9423.92 1e+100
3 9430.32 9430.32 1e+100
4 8493.99 8493.99 1e+100
0 9550.6 9550.6 1e+100
0 2111.76 8447.03 1e+100
8 5185.88 24743.5 1e+100
1 6832.7 28330.8 1e+100
9 1741.29 6965.16 1e+100
63
1 672.382 1672.38 1e+100
8 3220.17 16880.7 1e+100
4 139.91 559.642 1e+100
3 164.956 659.825 1e+100
0 3302.5 17210 1e+100
5 274.481 2097.92 1e+100
2 391.121 4391.12 1e+100
7 1005.02 1005.02 1e+100
0 328.802 1315.21 1e+100
6 2639.87 2639.87 1e+100
3 1772.96 7091.86 1e+100
2 2839.16 15356.7 1e+100
9 11366 45464.1 1e+100
1 2928.66 2928.66 1e+100
4 2170.27 6170.27 1e+100
3 5700.99 6700.99 1e+100
3 3131.83 12527.3 1e+100
9 5287.63 22150.5 1e+100
7 6474.46 26897.8 1e+100
1 7431.31 29725.2 1e+100
0 5260.96 21043.8 1e+100
8 6994.11 31976.4 1e+100
2 4929.35 8929.35 1e+100
4 8027.21 8027.21 1e+100
5 8472.37 34889.5 1e+100
3 9145.92 10145.9 1e+100
5 1217.72 5870.9 1e+100
9 685.455 685.455 1e+100
5 4246.28 4246.28 1e+100
2 6705.22 6705.22 1e+100
6 6289.77 25159.1 1e+100
4 8383.96 33535.8 1e+100
7 7124.52 8124.52 1e+100
4 2650.28 2650.28 1e+100
1 7278.41 29113.6 1e+100
7 604.377 3417.51 1e+100
7 10429.7 11429.7 1e+100
3 5277.01 5277.01 1e+100
1 8668.12 8668.12 1e+100
1 1703.21 6812.83 1e+100
5 11477 12477 1e+100
4 8561.45 8561.45 1e+100
6 9431.73 41726.9 1e+100
3 8308.89 33235.6 1e+100
0 11524.5 11524.5 1e+100
3 10055.8 11055.8 1e+100
8 13425.5 13425.5 1e+100
4 10072.2 10072.2 1e+100
2 11086.4 11086.4 1e+100
9 11215.5 12215.5 1e+100
1 12083.9 13083.9 1e+100
1 9406.09 10406.1 1e+100
0 5456.64 25826.5 1e+100
3 11378.4 11378.4 1e+100
2 8143.86 8143.86 1e+100
0 2687.69 14750.8 1e+100
9 8130.61 8130.61 1e+100
4 11393.1 11393.1 1e+100
7 12652.6 13652.6 1e+100
2 11470.8 11470.8 1e+100
9 12298.6 13298.6 1e+100
9 1437.77 5751.1 1e+100
6 11944.7 11944.7 1e+100
59
0 550.136 2200.55 1e+100
6 2661.24 14645 1e+100
7 2501.03 2501.03 1e+100
5 256.514 1256.51 1e+100
2 301.746 301.746 1e+100
4 237.274 949.095 1e+100
8 593.265 6373.06 1e+100
1 2117.5 3117.5 1e+100
9 325.666 1302.67 1e+100
0 2126.24 8504.96 1e+100
4 1944.33 11777.3 1e+100
9 2353.69 3353.69 1e+100
2 1662.96 6651.82 1e+100
3 2367.88 3367.88 1e+100
5 3619.87 14479.5 1e+100
0 3776.4 3776.4 1e+100
9 4277.19 17108.8 1e+100
4 3234.61 12938.4 1e+100
8 5013.35 5013.35 1e+100
8 10145.4 10145.4 1e+100
5 4784.3 5784.3 1e+100
5 7253.03 7253.03 1e+100
5 669.696 3678.78 1e+100
3 4905.42 4905.42 1e+100
0 5205.3 5205.3 1e+100
0 7447.97 7447.97 1e+100
7 10580.8 42323 1e+100
8 912.005 3648.02 1e+100
1 3739.2 15956.8 1e+100
9 4994.07 5994.07 1e+100
1 5634.18 5634.18 1e+100
2 7138.95 7138.95 1e+100
9 7205.28 8205.28 1e+100
4 8872.59 8872.59 1e+100
3 7331.36 29325.4 1e+100
5 7876.63 7876.63 1e+100
1 7918.89 31675.5 1e+100
2 643.07 2572.28 1e+100
3 8989.47 9989.47 1e+100
0 8729.49 8729.49 1e+100
2 3488.41 13953.7 1e+100
9 9895.59 9895.59 1e+100
0 10598.4 10598.4 1e+100
5 10781.6 11781.6 1e+100
3 10774.9 11774.9 1e+100
7 13157.7 14157.7 1e+100
2 7974.06 7974.06 1e+100
2 9562.05 9562.05 1e+100
6 3630.03 18520.1 1e+100
1 10866.3 10866.3 1e+100
1 8469.65 9469.65 1e+100
7 2410.57 9642.3 1e+100
5 7651.67 7651.67 1e+100
4 11105.3 11105.3 1e+100
6 8456.84 8456.84 1e+100
3 2544.53 3544.53 1e+100
2 10319.5 10319.5 1e+100
4 365.917 5463.67 1e+100
8 11617.6 11617.6 1e+100
73
8 3217.27 7217.27 1e+100
0 600.949 2403.8 1e+100
5 332.15 1332.15 1e+100
6 396.645 396.645 1e+100
2 439.942 4439.94 1e+100
1 479.943 1479.94 1e+100
3 284.548 284.548 1e+100
7 148.06 1148.06 1e+100
5 3047.17 3047.17 1e+100
1 3140.31 3140.31 1e+100
4 2537.86 14151.5 1e+100
9 304.57 304.57 1e+100
4 291.339 291.339 1e+100
7 2620.74 2620.74 1e+100
2 4882.31 4882.31 1e+100
6 4902.06 8902.06 1e+100
9 4892.74 4892.74 1e+100
4 4338.51 17354 1e+100
0 4625.3 18501.2 1e+100
4 6143.17 10143.2 1e+100
0 2329.81 2329.81 1e+100
3 3826.91 3826.91 1e+100
5 8825.98 9825.98 1e+100
3 8442.48 9442.48 1e+100
4 7319.34 29277.3 1e+100
4 9273.4 41093.6 1e+100
9 1105.53 5422.11 1e+100
9 9119.99 9119.99 1e+100
3 778.427 1778.43 1e+100
3 12405.7 13405.7 1e+100
9 4517.52 5517.52 1e+100
8 4716.14 4716.14 1e+100
7 11130.2 11130.2 1e+100
6 11426.8 11426.8 1e+100
4 10891.2 10891.2 1e+100
7 6990.35 6990.35 1e+100
5 940.761 940.761 1e+100
6 6341.89 25367.6 1e+100
2 7323.16 33292.6 1e+100
7 1076.58 5306.32 1e+100
3 6825.28 7825.28 1e+100
2 8514.39 34057.6 1e+100
5 9875.91 9875.91 1e+100
9 10200.4 40801.4 1e+100
2 4985.31 19941.3 1e+100
2 10962.2 14962.2 1e+100
0 11025.7 15025.7 1e+100
5 11754.6 11754.6 1e+100
4 12323.2 12323.2 1e+100
1 542.053 3168.21 1e+100
7 2735.52 11942.1 1e+100
7 12954 13954 1e+100
9 7490.39 30961.6 1e+100
3 2310.86 10243.4 1e+100
1 6862.43 28449.7 1e+100
2 12504.4 12504.4 1e+100
4 7139.81 28559.3 1e+100
9 12412.6 13412.6 1e+100
0 7771.72 31086.9 1e+100
1 8888.17 36552.7 1e+100
1 12377.8 13377.8 1e+100
3 12170.1 12170.1 1e+100
8 15196.5 19196.5 1e+100
0 12329.1 12329.1 1e+100
2 14092.9 14092.9 1e+100
1 3787.37 16149.5 1e+100
0 1269.18 5076.7 1e+100
4 14139.2 14139.2 1e+100
0 3871.88 15487.5 1e+100
8 7207.98 28831.9 1e+100
6 12815.7 12815.7 1e+100
1 1012.77 4051.06 1e+100
5 12339.3 13339.3 1e+100
59
8 3217.27 7217.27 1e+100
0 600.949 2403.8 1e+100
5 332.15 1332.15 1e+100
6 396.645 396.645 1e+100
2 439.942 4439.94 1e+100
1 479.943 1479.94 1e+100
3 284.548 284.548 1e+100
7 148.06 1148.06 1e+100
3 2464.06 2464.06 1e+100
9 2408.02 2408.02 1e+100
4 2537.86 14151.5 1e+100
9 304.57 304.57 1e+100
4 291.339 291.339 1e+100
7 2620.74 2620.74 1e+100
1 4568.41 5568.41 1e+100
3 4428.86 4428.86 1e+100
6 4504.94 8504.94 1e+100
4 4338.51 17354 1e+100
4 6477.6 25910.4 1e+100
9 3902.17 3902.17 1e+100
2 1845.83 1845.83 1e+100
0 4534.73 8534.73 1e+100
7 4790.53 5790.53 1e+100
0 10039.8 10039.8 1e+100
3 8073.84 33295.4 1e+100
3 5681.01 22724 1e+100
5 1618.49 7473.97 1e+100
3 9924.81 9924.81 1e+100
0 1468.67 1468.67 1e+100
2 6077.71 6077.71 1e+100
2 763.61 7054.44 1e+100
8 4477.3 17909.2 1e+100
1 7995.91 8995.91 1e+100
7 6926.72 6926.72 1e+100
9 8029.65 8029.65 1e+100
4 5428.78 25715.1 1e+100
4 10003.7 10003.7 1e+100
6 10651.7 10651.7 1e+100
6 5276.28 25105.1 1e+100
2 1146.71 8586.85 1e+100
5 3215.1 4215.1 1e+100
5 8277.88 9277.88 1e+100
2 8602.22 8602.22 1e+100
3 8033.81 9033.81 1e+100
1 9188.98 10189 1e+100
9 9254.18 10254.2 1e+100
7 11660 12660 1e+100
0 8347.64 8347.64 1e+100
9 741.476 2965.9 1e+100
5 9645.03 9645.03 1e+100
1 3744.98 4744.98 1e+100
0 2714.32 14857.3 1e+100
3 9306.99 9306.99 1e+100
0 10022.8 10022.8 1e+100
8 11029.5 11029.5 1e+100
2 5148.67 5148.67 1e+100
2 9152.6 9152.6 1e+100
9 1987.83 7951.31 1e+100
8 5252.88 5252.88 1e+100
80
8 3217.27 7217.27 1e+100
0 600.949 2403.8 1e+100
5 332.15 1332.15 1e+100
6 396.645 396.645 1e+100
2 439.942 4439.94 1e+100
1 479.943 1479.94 1e+100
3 284.548 284.548 1e+100
7 148.06 1148.06 1e+100
3 2464.06 2464.06 1e+100
9 2408.02 2408.02 1e+100
4 2537.86 14151.5 1e+100
9 304.57 304.57 1e+100
4 291.339 291.339 1e+100
7 2620.74 2620.74 1e+100
6 2570.98 2570.98 1e+100
1 4813.22 4813.22 1e+100
4 4565.86 8565.86 1e+100
3 4272.47 18089.9 1e+100
9 4374.94 18499.7 1e+100
5 4406.01 4406.01 1e+100
2 4455.81 4455.81 1e+100
8 8981.93 12981.9 1e+100
0 10126.5 10126.5 1e+100
5 1942.23 2942.23 1e+100
3 9607.65 39430.6 1e+100
2 1569.22 10276.9 1e+100
5 7624.75 31499 1e+100
3 7485.69 7485.69 1e+100
1 6008.54 25034.2 1e+100
1 945.408 4781.63 1e+100
1 7661.71 31646.8 1e+100
9 7847.44 32389.7 1e+100
6 8231.63 12231.6 1e+100
2 8317.28 8317.28 1e+100
0 752.221 7008.88 1e+100
4 6993.62 27974.5 1e+100
0 3211.77 16847.1 1e+100
4 3834.93 3834.93 1e+100
7 7581.84 8581.84 1e+100
7 10490.4 10490.4 1e+100
8 11614.8 11614.8 1e+100
7 3253.11 4253.11 1e+100
5 10530.1 10530.1 1e+100
4 7544.5 11544.5 1e+100
1 9882.77 40531.1 1e+100
9 11065.1 44260.2 1e+100
6 968.089 3872.36 1e+100
2 11764.9 11764.9 1e+100
3 11797.2 48188.9 1e+100
0 13253.1 17253.1 1e+100
5 6172.31 24689.3 1e+100
0 11007.8 44031.4 1e+100
7 14327.9 14327.9 1e+100
1 12768.7 12768.7 1e+100
9 12487.6 12487.6 1e+100
4 13269.5 13269.5 1e+100
2 7053.99 28215.9 1e+100
6 9765.21 39060.9 1e+100
6 13279.9 13279.9 1e+100
5 13100.2 53400.9 1e+100
2 1299.24 5196.95 1e+100
2 12920.4 51681.7 1e+100
3 13878.1 14878.1 1e+100
5 1195.54 5782.17 1e+100
2 8383.24 8383.24 1e+100
9 6814.07 28256.3 1e+100
4 8758.01 35032 1e+100
8 15269.1 15269.1 1e+100
9 13833 13833 1e+100
1 14323.1 14323.1 1e+100
2 13999 13999 1e+100
0 14263.6 14263.6 1e+100
3 483.335 2933.34 1e+100
9 977.528 4910.11 1e+100
4 15085.6 15085.6 1e+100
3 7028.32 29113.3 1e+100
2 1952.06 7808.24 1e+100
5 15035.6 16035.6 1e+100
1 4831.03 19324.1 1e+100
3 14313.9 15313.9 1e+100
71
1 672.382 1672.38 1e+100
8 3220.17 16880.7 1e+100
4 139.91 559.642 1e+100
3 164.956 659.825 1e+100
2 2951.35 15805.4 1e+100
5 274.481 2097.92 1e+100
2 391.121 4391.12 1e+100
7 1005.02 1005.02 1e+100
0 328.802 1315.21 1e+100
6 2639.87 2639.87 1e+100
3 1772.96 7091.86 1e+100
5 13028.5 52114 1e+100
5 2688.85 10755.4 1e+100
7 6074.94 6074.94 1e+100
9 5518.67 5518.67 1e+100
2 11491.7 11491.7 1e+100
5 4929.58 19718.3 1e+100
4 6623.13 26492.5 1e+100
6 12804.7 51218.7 1e+100
5 9935.47 39741.9 1e+100
3 10459 42836 1e+100
8 6994.11 31976.4 1e+100
8 17387 21387 1e+100
3 14731.7 15731.7 1e+100
4 2438.47 9753.87 1e+100
2 14832.4 14832.4 1e+100
9 13557.4 13557.4 1e+100
2 8062.06 32248.2 1e+100
1 1291.21 1291.21 1e+100
0 13654.4 13654.4 1e+100
9 818.976 1818.98 1e+100
1 8947.78 35791.1 1e+100
0 2142.36 8569.46 1e+100
3 888.331 4553.32 1e+100
4 12708.7 12708.7 1e+100
7 15299.4 15299.4 1e+100
0 14424 14424 1e+100
1 14802 15802 1e+100
4 14326.1 14326.1 1e+100
6 12326.8 12326.8 1e+100
1 10827.9 10827.9 1e+100
0 8221.18 8221.18 1e+100
3 13728.8 14728.8 1e+100
9 14439.4 14439.4 1e+100
1 1785.84 1785.84 1e+100
4 7478.76 29915 1e+100
2 553.864 6215.45 1e+100
7 10027.4 41109.6 1e+100
2 10013.7 10013.7 1e+100
6 4171.88 16687.5 1e+100
5 11505.2 11505.2 1e+100
3 218.815 1875.26 1e+100
5 13570 14570 1e+100
4 3898.3 15593.2 1e+100
2 12814.3 12814.3 1e+100
6 15510 15510 1e+100
2 1606.59 6426.36 1e+100
1 3104.76 13419 1e+100
1 14594.1 15594.1 1e+100
3 3614.24 14457 1e+100
2 13719.3 13719.3 1e+100
9 2070.24 8280.98 1e+100
3 14157.1 15157.1 1e+100
5 1726.75 6906.99 1e+100
3 7317.41 7317.41 1e+100
4 14001.8 14001.8 1e+100
0 14178.4 14178.4 1e+100
3 1124.86 5499.44 1e+100
7 4662.36 18649.4 1e+100
9 4304.24 18217 1e+100
0 2119.25 12477 1e+100
63
8 3217.27 7217.27 1e+100
0 600.949 2403.8 1e+100
5 332.15 1332.15 1e+100
6 396.645 396.645 1e+100
2 439.942 4439.94 1e+100
1 479.943 1479.94 1e+100
3 284.548 284.548 1e+100
7 148.06 1148.06 1e+100
4 2545.04 6545.04 1e+100
3 2456.18 2456.18 1e+100
9 2447.8 9791.19 1e+100
9 304.57 304.57 1e+100
4 291.339 291.339 1e+100
7 2620.74 2620.74 1e+100
7 5519.67 6519.67 1e+100
0 5221.76 9221.76 1e+100
3 4567.57 4567.57 1e+100
4 6369.27 25477.1 1e+100
5 2779.12 12116.5 1e+100
1 6632.44 6632.44 1e+100
9 4136.45 5136.45 1e+100
6 6076.36 10076.4 1e+100
6 1799.25 1799.25 1e+100
9 6030.78 7030.78 1e+100
2 5935.32 23741.3 1e+100
3 5917.62 23670.5 1e+100
2 3843.52 15374.1 1e+100
0 9505.46 13505.5 1e+100
1 1167.39 5669.56 1e+100
0 1239.3 4957.21 1e+100
2 7531.18 30124.7 1e+100
2 939.07 3756.28 1e+100
5 9638.97 9638.97 1e+100
4 12877.6 12877.6 1e+100
2 9793.06 43172.2 1e+100
1 2207.9 9831.59 1e+100
5 3417.24 13668.9 1e+100
7 10889.6 11889.6 1e+100
4 1004.2 8016.79 1e+100
3 12339.3 13339.3 1e+100
8 4515.23 18060.9 1e+100
5 4795.65 4795.65 1e+100
3 7208.08 28832.3 1e+100
1 7101.09 7101.09 1e+100
8 8569.32 34277.3 1e+100
5 9444.75 10444.7 1e+100
6 8492.05 8492.05 1e+100
0 10125.1 10125.1 1e+100
4 5744.8 22979.2 1e+100
4 3248.21 12992.8 1e+100
0 2505.43 14021.7 1e+100
1 3948.69 16794.7 1e+100
7 4331.06 18324.2 1e+100
3 7978.68 8978.68 1e+100
9 7531.16 7531.16 1e+100
4 6696.01 6696.01 1e+100
3 2930.24 11721 1e+100
2 8928.15 8928.15 1e+100
9 3432.01 13728 1e+100
9 9478.66 9478.66 1e+100
0 6591.1 6591.1 1e+100
6 3513.65 18054.6 1e+100
1 8587.36 9587.36 1e+100
67
8 3217.27 7217.27 1e+100
0 600.949 2403.8 1e+100
5 332.15 1332.15 1e+100
6 396.645 396.645 1e+100
2 439.942 4439.94 1e+100
1 479.943 1479.94 1e+100
3 284.548 284.548 1e+100
7 148.06 1148.06 1e+100
2 2861.36 6861.36 1e+100
5 2943.37 2943.37 1e+100
1 3193.03 12772.1 1e+100
9 304.57 304.57 1e+100
4 291.339 291.339 1e+100
7 2620.74 2620.74 1e+100
4 4557.35 4557.35 1e+100
6 4902.06 8902.06 1e+100
0 4899.77 8899.77 1e+100
2 4938.19 19752.8 1e+100
0 2653.18 10612.7 1e+100
9 4766.66 4766.66 1e+100
3 3830.32 4830.32 1e+100
5 4529.27 4529.27 1e+100
7 4790.53 5790.53 1e+100
6 10704.9 10704.9 1e+100
3 1226.06 5904.26 1e+100
9 8268.09 33072.4 1e+100
1 8113.27 33453.1 1e+100
9 10362.7 10362.7 1e+100
4 10387.7 41550.8 1e+100
9 1126.7 5506.78 1e+100
2 11371.4 45485.5 1e+100
5 11620.2 47480.9 1e+100
3 11103.7 11103.7 1e+100
2 7332.71 7332.71 1e+100
0 11504.9 50019.5 1e+100
4 7109.81 28439.2 1e+100
1 11370.2 45480.6 1e+100
9 11097.8 11097.8 1e+100
1 2486.48 10945.9 1e+100
4 10823.1 43292.3 1e+100
2 12374.9 12374.9 1e+100
2 7578.02 34312.1 1e+100
7 12016.6 48066.4 1e+100
8 8738.9 8738.9 1e+100
3 6775.03 27100.1 1e+100
5 6025.41 24101.6 1e+100
0 5243.16 20972.6 1e+100
5 11592.4 12592.4 1e+100
5 3350.23 14400.9 1e+100
4 11200.6 11200.6 1e+100
6 11190.4 11190.4 1e+100
0 11654.2 11654.2 1e+100
9 2069.61 9278.42 1e+100
0 2036.15 8144.61 1e+100
3 615.507 2462.03 1e+100
7 4977.13 20908.5 1e+100
3 3489.27 14957.1 1e+100
3 10040.6 11040.6 1e+100
1 10796.3 10796.3 1e+100
9 11245.5 12245.5 1e+100
2 568.091 6272.36 1e+100
8 13836.6 13836.6 1e+100
1 5164.21 20656.8 1e+100
3 11189.7 11189.7 1e+100
4 11798.9 11798.9 1e+100
8 1236.4 8945.6 1e+100
1 12022.1 13022.1 1e+100
65
8 3217.27 7217.27 1e+100
0 600.949 2403.8 1e+100
5 332.15 1332.15 1e+100
6 396.645 396.645 1e+100
2 439.942 4439.94 1e+100
1 479.943 1479.94 1e+100
3 284.548 284.548 1e+100
7 148.06 1148.06 1e+100
9 2526.47 2526.47 1e+100
7 7789.29 7789.29 1e+100
1 3193.03 12772.1 1e+100
9 304.57 304.57 1e+100
4 291.339 291.339 1e+100
7 2620.74 2620.74 1e+100
4 4557.35 4557.35 1e+100
5 5091.9 5091.9 1e+100
1 5332.85 5332.85 1e+100
0 10028.7 40114.6 1e+100
0 4642.89 18571.6 1e+100
1 7293.55 7293.55 1e+100
4 9139.97 9139.97 1e+100
1 9409.27 9409.27 1e+100
2 4212.73 4212.73 1e+100
1 12596.1 13596.1 1e+100
0 6370.92 25483.7 1e+100
6 3809.6 19238.4 1e+100
9 10987.4 44949.7 1e+100
5 8283.85 8283.85 1e+100
3 1069.01 1069.01 1e+100
0 13743.4 13743.4 1e+100
0 1185.02 1185.02 1e+100
5 1195.3 2195.3 1e+100
2 11837.2 11837.2 1e+100
5 9528.6 10528.6 1e+100
9 12122.7 13122.7 1e+100
3 12207.1 13207.1 1e+100
9 4251.55 18006.2 1e+100
7 13360.9 13360.9 1e+100
8 7841.02 31364.1 1e+100
4 9549.3 9549.3 1e+100
9 1145.18 4580.7 1e+100
6 13114.1 13114.1 1e+100
8 10202.4 40809.7 1e+100
5 10550.3 10550.3 1e+100
3 313.191 1252.76 1e+100
1 11646.7 11646.7 1e+100
0 7458.56 29834.2 1e+100
4 11093.8 11093.8 1e+100
7 7188.44 8188.44 1e+100
8 13931 13931 1e+100
3 4139.1 17556.4 1e+100
3 5608.71 23434.9 1e+100
9 3771.13 15084.5 1e+100
5 1987.18 8948.73 1e+100
2 4645.99 18584 1e+100
9 11284 12284 1e+100
3 11777.8 11777.8 1e+100
5 11199.5 12199.5 1e+100
3 390.196 1560.78 1e+100
0 11664.1 11664.1 1e+100
6 4782.99 23131.9 1e+100
3 6494.48 6494.48 1e+100
4 11692.1 11692.1 1e+100
8 1236.4 8945.6 1e+100
2 12192.6 12192.6 1e+100
84
8 3217.27 7217.27 1e+100
0 600.949 2403.8 1e+100
5 332.15 1332.15 1e+100
6 396.645 396.645 1e+100
2 439.942 4439.94 1e+100
1 479.943 1479.94 1e+100
3 284.548 284.548 1e+100
7 148.06 1148.06 1e+100
9 4598.77 4598.77 1e+100
9 2408.02 2408.02 1e+100
3 2502.32 10009.3 1e+100
9 304.57 304.57 1e+100
4 291.339 291.339 1e+100
7 2620.74 2620.74 1e+100
6 2570.98 2570.98 1e+100
1 14369.8 14369.8 1e+100
0 2665.21 6665.21 1e+100
3 4397.39 18589.6 1e+100
5 2779.12 12116.5 1e+100
5 5025.6 5025.6 1e+100
0 4438.81 4438.81 1e+100
3 8096.89 8096.89 1e+100
6 4697.85 4697.85 1e+100
0 13631.2 13631.2 1e+100
5 11778.6 48114.5 1e+100
2 1569.22 10276.9 1e+100
6 9400.69 37602.8 1e+100
5 13567.5 13567.5 1e+100
8 9118.48 9118.48 1e+100
2 7932.05 11932.1 1e+100
9 14033.6 57134.6 1e+100
1 1158.86 1158.86 1e+100
7 15664.1 16664.1 1e+100
4 769.274 769.274 1e+100
3 12012.2 48048.6 1e+100
7 3018.26 13073 1e+100
4 10373.7 41494.7 1e+100
3 14503.4 15503.4 1e+100
1 6663.48 6663.48 1e+100
8 17051.8 17051.8 1e+100
0 6841.53 6841.53 1e+100
1 8880 35520 1e+100
8 12087.2 48348.7 1e+100
2 14009.3 14009.3 1e+100
5 13515.3 13515.3 1e+100
4 13971 17971 1e+100
2 1445.9 9783.61 1e+100
9 16357.4 17357.4 1e+100
5 15330.4 16330.4 1e+100
1 1704.31 6817.23 1e+100
2 3056.16 16224.7 1e+100
6 10734.9 10734.9 1e+100
3 14768.8 15768.8 1e+100
0 14597.7 14597.7 1e+100
4 2822.12 15288.5 1e+100
1 12262.1 50048.3 1e+100
0 12289.4 16289.4 1e+100
4 15051 19051 1e+100
1 14662.3 14662.3 1e+100
4 5337.01 5337.01 1e+100
0 7166.96 28667.9 1e+100
7 2244.86 9979.42 1e+100
2 8069.42 8069.42 1e+100
9 1323.64 6294.57 1e+100
3 6580.83 27323.3 1e+100
4 423.436 1693.74 1e+100
3 16252.5 17252.5 1e+100
3 977.387 4909.55 1e+100
2 14763.4 14763.4 1e+100
4 9362.53 37450.1 1e+100
9 5832.21 24328.8 1e+100
7 17050.8 18050.8 1e+100
5 16120.6 16120.6 1e+100
1 16602.6 16602.6 1e+100
2 16733.2 16733.2 1e+100
6 13801.4 13801.4 1e+100
5 1472.99 6891.95 1e+100
0 1143.62 4574.48 1e+100
0 17371.6 17371.6 1e+100
7 5156.06 21624.2 1e+100
9 2365.84 10463.3 1e+100
4 16640.3 16640.3 1e+100
5 3396.7 13586.8 1e+100
0 14802.4 14802.4 1e+100
66
1 672.382 1672.38 1e+100
8 3220.17 16880.7 1e+100
4 139.91 559.642 1e+100
3 164.956 659.825 1e+100
1 3382.95 13531.8 1e+100
5 274.481 2097.92 1e+100
2 391.121 4391.12 1e+100
7 1005.02 1005.02 1e+100
0 328.802 1315.21 1e+100
6 2639.87 2639.87 1e+100
2 2458.29 13833.2 1e+100
0 2681.09 14724.4 1e+100
3 4023.86 16095.5 1e+100
4 2206.73 6206.73 1e+100
2 8208.02 12208 1e+100
4 4761.55 4761.55 1e+100
2 3778.8 19115.2 1e+100
0 7268.98 29075.9 1e+100
7 3725.61 15902.5 1e+100
1 5504.9 22019.6 1e+100
4 7461.3 29845.2 1e+100
5 4487.18 17948.7 1e+100
4 11270.3 15270.3 1e+100
8 14393.6 14393.6 1e+100
8 8069.12 32276.5 1e+100
3 302.473 1302.47 1e+100
0 10316 10316 1e+100
0 2031.38 2031.38 1e+100
6 2908.14 2908.14 1e+100
3 3520.02 3520.02 1e+100
3 8162.87 9162.87 1e+100
2 9346.09 9346.09 1e+100
9 11613.7 11613.7 1e+100
3 11430.5 11430.5 1e+100
0 11969.3 47877.3 1e+100
0 5279.47 25117.9 1e+100
6 11227 44908 1e+100
2 11051.4 11051.4 1e+100
5 8050.56 33202.2 1e+100
5 12521.9 12521.9 1e+100
4 9143.77 9143.77 1e+100
9 365.253 365.253 1e+100
5 10100.1 10100.1 1e+100
3 12314 13314 1e+100
6 15439.4 15439.4 1e+100
4 10480.3 41921.3 1e+100
2 12333.4 12333.4 1e+100
1 8487.92 33951.7 1e+100
2 379.218 1516.87 1e+100
1 2942.09 11768.4 1e+100
7 14882.1 14882.1 1e+100
6 5783.38 23133.5 1e+100
4 4225.88 16903.5 1e+100
1 12857.2 12857.2 1e+100
9 4997.75 20991 1e+100
7 9598.05 38392.2 1e+100
4 13117.5 13117.5 1e+100
2 4743.28 22973.1 1e+100
9 13819.4 14819.4 1e+100
7 2699.57 11798.3 1e+100
7 6439.79 26759.2 1e+100
5 3846.59 15386.4 1e+100
1 4517.41 18069.7 1e+100
5 12869.6 12869.6 1e+100
1 9662.31 9662.31 1e+100
9 1166.5 5665.99 1e+100
66
0 550.136 2200.55 1e+100
6 2661.24 14645 1e+100
7 2501.03 2501.03 1e+100
5 256.514 1256.51 1e+100
2 301.746 301.746 1e+100
4 237.274 949.095 1e+100
8 593.265 6373.06 1e+100
1 2117.5 3117.5 1e+100
9 325.666 1302.67 1e+100
0 2126.24 8504.96 1e+100
5 1840.1 7360.38 1e+100
2 5068.77 5068.77 1e+100
2 1662.96 6651.82 1e+100
3 2367.88 3367.88 1e+100
9 1926.43 7705.72 1e+100
1 7095.82 8095.82 1e+100
1 4979.34 19917.4 1e+100
2 6617.73 26470.9 1e+100
7 4949.16 5949.16 1e+100
4 7154.17 7154.17 1e+100
4 902.133 902.133 1e+100
0 3361.84 7361.84 1e+100
2 2095.07 8380.27 1e+100
3 6668.62 6668.62 1e+100
4 4651.92 4651.92 1e+100
7 6925.63 7925.63 1e+100
8 2423.3 13693.2 1e+100
0 8830.98 35323.9 1e+100
4 1873.1 7492.4 1e+100
0 4581.73 4581.73 1e+100
3 12465.2 12465.2 1e+100
1 11989.7 12989.7 1e+100
2 9330.89 9330.89 1e+100
3 9632.37 38529.5 1e+100
6 9463.73 37854.9 1e+100
9 12223.7 13223.7 1e+100
9 882.335 882.335 1e+100
1 9141.25 9141.25 1e+100
5 852.76 3411.04 1e+100
6 11694.8 11694.8 1e+100
4 10879.7 10879.7 1e+100
9 3421.06 13684.2 1e+100
3 2372.73 9490.91 1e+100
8 12050.6 12050.6 1e+100
0 12478.4 12478.4 1e+100
0 10306.8 10306.8 1e+100
2 5287.56 21150.2 1e+100
5 10821.1 11821.1 1e+100
1 5412.4 22649.6 1e+100
2 9640.31 9640.31 1e+100
1 12429.9 13429.9 1e+100
6 3462 13848 1e+100
9 8014.2 33056.8 1e+100
4 12051.3 12051.3 1e+100
8 5966.16 27864.6 1e+100
2 10545.3 10545.3 1e+100
3 4930.41 19721.6 1e+100
5 7677.65 8677.65 1e+100
7 8249.32 32997.3 1e+100
7 13862.5 13862.5 1e+100
5 12086.6 13086.6 1e+100
2 11687 11687 1e+100
9 5141.38 21565.5 1e+100
5 4108.71 16434.8 1e+100
4 4839.56 19358.3 1e+100
5 522.737 2090.95 1e+100
