57
0 549.99 4549.99 1e+100
2 792.757 3171.03 1e+100
14 377.416 1509.66 1e+100
3 161.318 645.273 1e+100
13 559.937 559.937 1e+100
10 106.358 106.358 1e+100
5 440.456 440.456 1e+100
9 283.324 1133.3 1e+100
4 241.838 241.838 1e+100
12 408.562 408.562 1e+100
15 489.569 489.569 1e+100
11 436.053 1744.21 1e+100
1 372.547 2490.19 1e+100
9 1965.94 1965.94 1e+100
6 1679.2 6716.8 1e+100
8 1571.98 5571.98 1e+100
7 515.81 515.81 1e+100
7 2387.81 2387.81 1e+100
0 1562.47 1562.47 1e+100
15 1450.84 6803.37 1e+100
3 404.316 2617.26 1e+100
12 942.575 3770.3 1e+100
5 218.309 1873.24 1e+100
1 757.237 4028.95 1e+100
13 50.5887 50.5887 1e+100
10 816.714 816.714 1e+100
2 488.476 5953.91 1e+100
4 247.411 989.642 1e+100
11 313.98 1255.92 1e+100
0 1375.2 1375.2 1e+100
3 549.461 2197.84 1e+100
14 336.565 336.565 1e+100
6 927.098 3708.39 1e+100
5 146.251 146.251 1e+100
9 150.59 602.358 1e+100
11 380.571 380.571 1e+100
10 240.276 961.103 1e+100
1 108.929 1435.72 1e+100
4 2547.87 2547.87 1e+100
13 163.037 1652.15 1e+100
10 2203.47 2203.47 1e+100
14 1451 1451 1e+100
2 155.356 621.424 1e+100
4 169.087 676.35 1e+100
12 274.374 274.374 1e+100
15 490.568 1962.27 1e+100
8 2155.76 2155.76 1e+100
3 215.584 862.335 1e+100
8 289.519 289.519 1e+100
15 1790.48 7161.93 1e+100
13 1308.6 1308.6 1e+100
12 2060.4 2060.4 1e+100
2 2143.93 2143.93 1e+100
1 308.817 2235.27 1e+100
7 809.986 3239.94 1e+100
0 251.628 1006.51 1e+100
5 178.911 715.646 1e+100
59
14 770.692 3082.77 1e+100
3 128.83 515.322 1e+100
15 514.159 514.159 1e+100
10 106.358 106.358 1e+100
4 274.662 274.662 1e+100
2 300.611 1202.44 1e+100
7 596.818 2387.27 1e+100
6 265.698 265.698 1e+100
9 325.666 1302.67 1e+100
13 191.792 1767.17 1e+100
11 474.883 1899.53 1e+100
0 560.882 560.882 1e+100
12 415.793 1663.17 1e+100
8 738.832 738.832 1e+100
5 31.7821 127.128 1e+100
4 981.806 981.806 1e+100
1 256.643 1026.57 1e+100
3 320.474 2281.9 1e+100
6 916.498 916.498 1e+100
14 897.513 897.513 1e+100
5 900.944 1900.94 1e+100
10 804.922 3219.69 1e+100
9 962.945 962.945 1e+100
15 265.811 265.811 1e+100
7 1969.74 2969.74 1e+100
12 106.675 426.701 1e+100
11 256.927 2027.71 1e+100
8 244.497 244.497 1e+100
4 2819.55 2819.55 1e+100
13 266.804 266.804 1e+100
0 265.019 1060.08 1e+100
1 160.713 1642.85 1e+100
4 67.7419 67.7419 1e+100
15 217.837 871.346 1e+100
3 688.094 2752.37 1e+100
2 392.961 392.961 1e+100
11 333.696 1334.78 1e+100
5 349.151 1396.6 1e+100
6 69.4803 277.921 1e+100
14 252.389 252.389 1e+100
12 142.543 570.171 1e+100
10 747.146 747.146 1e+100
8 609.532 609.532 1e+100
0 1272.98 1272.98 1e+100
1 170.314 1681.26 1e+100
15 393.324 2573.29 1e+100
9 492.204 1968.82 1e+100
2 588.731 2354.92 1e+100
13 351.93 2407.72 1e+100
10 1908.43 1908.43 1e+100
3 1053.65 1053.65 1e+100
2 1568.11 1568.11 1e+100
11 380.959 1523.84 1e+100
6 1782.32 1782.32 1e+100
5 526.323 2105.29 1e+100
1 635.271 635.271 1e+100
12 388.976 388.976 1e+100
7 195.462 781.849 1e+100
14 1468.75 1468.75 1e+100
69
5 333.966 1333.97 1e+100
10 153.731 153.731 1e+100
9 329.567 329.567 1e+100
11 404.322 404.322 1e+100
3 174.647 174.647 1e+100
15 539.039 539.039 1e+100
13 549.503 549.503 1e+100
2 283.638 1134.55 1e+100
1 630.522 630.522 1e+100
14 789.307 789.307 1e+100
4 226.91 226.91 1e+100
0 361.428 1445.71 1e+100
3 1335.84 1335.84 1e+100
12 479.795 479.795 1e+100
7 1827.36 7309.42 1e+100
9 2296.67 2296.67 1e+100
8 635.395 635.395 1e+100
6 920.773 3683.09 1e+100
3 2602.43 2602.43 1e+100
5 908.545 3634.18 1e+100
15 5303.6 6303.6 1e+100
10 1295.3 1295.3 1e+100
11 1034.67 1034.67 1e+100
2 2020.54 2020.54 1e+100
7 2820.82 2820.82 1e+100
2 310.048 1240.19 1e+100
1 975.989 975.989 1e+100
14 2409.89 2409.89 1e+100
0 1192.35 1192.35 1e+100
1 2668.98 10675.9 1e+100
6 1316.89 5267.55 1e+100
14 155.305 621.219 1e+100
12 777.032 777.032 1e+100
9 2498.21 2498.21 1e+100
10 1514.93 1514.93 1e+100
4 3916.89 3916.89 1e+100
5 256.605 1026.42 1e+100
8 157.241 628.966 1e+100
9 4263.63 5263.63 1e+100
13 676.147 676.147 1e+100
3 1762.95 1762.95 1e+100
15 215.9 863.598 1e+100
8 3765.25 3765.25 1e+100
6 2965.42 2965.42 1e+100
11 696.999 2787.99 1e+100
5 638.947 2555.79 1e+100
8 1276.8 1276.8 1e+100
4 559.029 559.029 1e+100
10 2436.9 2436.9 1e+100
2 225.76 903.038 1e+100
2 3438.37 3438.37 1e+100
12 321.406 1285.62 1e+100
0 3820.35 3820.35 1e+100
4 3767.34 3767.34 1e+100
0 752.432 3009.73 1e+100
14 749.304 2997.21 1e+100
3 2103.66 3103.66 1e+100
13 482.656 1930.62 1e+100
10 3611.93 3611.93 1e+100
5 1029.62 4118.46 1e+100
14 2269.62 2269.62 1e+100
7 419.667 1678.67 1e+100
15 1958.14 1958.14 1e+100
12 1445.08 1445.08 1e+100
6 3178.89 3178.89 1e+100
2 425.647 1702.59 1e+100
1 585.566 2342.27 1e+100
11 937.625 4750.5 1e+100
13 1311.36 5245.45 1e+100
69
12 398.122 4398.12 1e+100
10 169.132 676.528 1e+100
14 673.218 673.218 1e+100
8 935.122 935.122 1e+100
11 479.205 479.205 1e+100
13 443.767 1443.77 1e+100
5 282.45 282.45 1e+100
8 2584.2 2584.2 1e+100
9 3781.41 3781.41 1e+100
1 2656.76 2656.76 1e+100
15 607.072 2428.29 1e+100
1 608.26 608.26 1e+100
4 291.339 291.339 1e+100
13 2566.13 2566.13 1e+100
6 297.731 297.731 1e+100
15 2539.59 2539.59 1e+100
7 2078.24 2078.24 1e+100
2 302.479 1209.91 1e+100
0 464.45 1857.8 1e+100
5 1260.53 1260.53 1e+100
2 1539.28 1539.28 1e+100
11 1602.81 1602.81 1e+100
6 1635.35 1635.35 1e+100
0 2125.32 2125.32 1e+100
3 146.578 1586.31 1e+100
9 288.028 1152.11 1e+100
12 620.506 2482.02 1e+100
3 5696.18 5696.18 1e+100
14 996.53 3986.12 1e+100
10 497.146 1988.58 1e+100
4 732.174 2928.7 1e+100
10 1751.41 7005.63 1e+100
7 2095.69 2095.69 1e+100
0 4697.11 4697.11 1e+100
3 1589.67 6358.68 1e+100
12 963.318 3853.27 1e+100
5 1122.28 4489.12 1e+100
11 5131.15 5131.15 1e+100
4 1432.8 5731.21 1e+100
2 233.945 935.78 1e+100
6 2829.95 2829.95 1e+100
15 3779.83 15119.3 1e+100
11 570.786 2283.14 1e+100
10 1563.3 1563.3 1e+100
1 157.414 629.657 1e+100
13 625.846 2503.38 1e+100
8 188.411 753.644 1e+100
8 2848.53 2848.53 1e+100
0 139.517 558.066 1e+100
12 305.073 1220.29 1e+100
2 2492.13 2492.13 1e+100
2 369.465 1477.86 1e+100
10 2206.99 2206.99 1e+100
14 257.933 257.933 1e+100
7 1034.28 5137.12 1e+100
15 192.043 1768.17 1e+100
14 1956.11 1956.11 1e+100
1 982.381 3929.52 1e+100
0 2868.86 2868.86 1e+100
9 140.807 563.229 1e+100
10 3065.31 3065.31 1e+100
13 1426.22 5704.88 1e+100
1 2242.96 2242.96 1e+100
12 2518.69 2518.69 1e+100
2 3047.94 3047.94 1e+100
12 504.961 2019.84 1e+100
11 111.669 446.675 1e+100
4 968.727 3874.91 1e+100
9 1320.03 5280.11 1e+100
61
5 333.966 1333.97 1e+100
10 153.731 153.731 1e+100
9 329.567 329.567 1e+100
11 404.322 404.322 1e+100
3 174.647 174.647 1e+100
15 539.039 539.039 1e+100
13 549.503 549.503 1e+100
2 283.638 1134.55 1e+100
1 630.522 630.522 1e+100
14 789.307 789.307 1e+100
4 226.91 226.91 1e+100
0 361.428 1445.71 1e+100
13 1865.7 1865.7 1e+100
12 479.795 479.795 1e+100
7 1827.36 7309.42 1e+100
15 2045.3 2045.3 1e+100
8 635.395 635.395 1e+100
6 920.773 3683.09 1e+100
5 2975.98 2975.98 1e+100
11 1395.78 5583.1 1e+100
14 1595.37 1595.37 1e+100
0 1547.18 1547.18 1e+100
9 924.101 924.101 1e+100
10 408.261 1633.05 1e+100
2 509.723 2038.89 1e+100
5 117.829 1471.32 1e+100
3 78.3077 1313.23 1e+100
10 1708.06 5708.06 1e+100
4 386.883 386.883 1e+100
3 1784.54 7138.16 1e+100
12 369.4 1477.6 1e+100
1 435.079 1740.31 1e+100
13 483.098 1932.39 1e+100
8 211.457 845.828 1e+100
2 642.496 642.496 1e+100
9 698.757 698.757 1e+100
11 2253.97 2253.97 1e+100
11 301.927 1207.71 1e+100
6 323.48 323.48 1e+100
4 209.293 209.293 1e+100
7 190.891 763.563 1e+100
13 865.44 3461.76 1e+100
8 1331.02 1331.02 1e+100
14 100.364 100.364 1e+100
12 83.3351 83.3351 1e+100
0 564.725 564.725 1e+100
0 2631.74 2631.74 1e+100
12 3755.83 3755.83 1e+100
12 1873.08 1873.08 1e+100
10 938.715 938.715 1e+100
15 588.958 2355.83 1e+100
1 5134.12 5134.12 1e+100
14 987.617 987.617 1e+100
5 108.44 433.758 1e+100
9 203.455 203.455 1e+100
2 233.151 233.151 1e+100
3 53.1115 1053.11 1e+100
10 1666.65 1666.65 1e+100
2 1706.73 1706.73 1e+100
13 233.807 935.229 1e+100
7 438.223 1438.22 1e+100
70
14 770.692 3082.77 1e+100
3 128.83 515.322 1e+100
15 514.159 514.159 1e+100
10 106.358 106.358 1e+100
4 274.662 274.662 1e+100
2 300.611 1202.44 1e+100
7 596.818 2387.27 1e+100
6 265.698 265.698 1e+100
9 325.666 1302.67 1e+100
13 191.792 1767.17 1e+100
11 474.883 1899.53 1e+100
0 560.882 560.882 1e+100
12 415.793 1663.17 1e+100
8 738.832 738.832 1e+100
5 31.7821 127.128 1e+100
10 1299.22 1299.22 1e+100
1 256.643 1026.57 1e+100
3 320.474 2281.9 1e+100
8 4017.29 4017.29 1e+100
2 728.221 728.221 1e+100
5 1191.82 1191.82 1e+100
4 1279.98 1279.98 1e+100
15 186.986 1186.99 1e+100
12 682.459 682.459 1e+100
8 1089.91 1089.91 1e+100
14 362.038 362.038 1e+100
0 551.305 551.305 1e+100
2 1206.83 1206.83 1e+100
9 397.685 2590.74 1e+100
13 355.454 355.454 1e+100
6 360.932 1443.73 1e+100
11 499.424 1499.42 1e+100
6 4153.2 4153.2 1e+100
1 19.4106 19.4106 1e+100
10 535.594 535.594 1e+100
12 150.998 150.998 1e+100
7 641.369 641.369 1e+100
3 343.654 343.654 1e+100
4 617.663 2470.65 1e+100
15 311.345 1245.38 1e+100
6 801.344 3205.38 1e+100
0 321.768 321.768 1e+100
5 210.447 1841.79 1e+100
9 336.4 336.4 1e+100
14 490.982 490.982 1e+100
11 890.081 890.081 1e+100
15 2898.6 2898.6 1e+100
12 2334.8 2334.8 1e+100
2 3378.95 3378.95 1e+100
2 654.188 2616.75 1e+100
8 3358.26 3358.26 1e+100
13 691.147 2764.59 1e+100
12 430.141 1720.56 1e+100
3 464.319 1857.28 1e+100
5 3564.16 3564.16 1e+100
15 709.301 3837.2 1e+100
14 1346.24 5384.95 1e+100
11 3721.42 3721.42 1e+100
9 1196.77 5787.08 1e+100
1 101.486 405.945 1e+100
4 1724.83 1724.83 1e+100
13 1903.28 7613.13 1e+100
0 2394.75 2394.75 1e+100
0 227.207 908.829 1e+100
10 52.8474 211.39 1e+100
5 499.794 1999.18 1e+100
7 1012.61 4050.45 1e+100
1 3030.9 3030.9 1e+100
3 1987.58 1987.58 1e+100
11 1145.61 5582.45 1e+100
60
12 398.122 4398.12 1e+100
10 169.132 676.528 1e+100
14 673.218 673.218 1e+100
8 935.122 935.122 1e+100
11 479.205 479.205 1e+100
13 443.767 1443.77 1e+100
5 282.45 282.45 1e+100
8 2584.2 2584.2 1e+100
1 2747.86 2747.86 1e+100
11 2400.79 2400.79 1e+100
15 607.072 2428.29 1e+100
1 608.26 608.26 1e+100
4 291.339 291.339 1e+100
13 2566.13 2566.13 1e+100
6 297.731 297.731 1e+100
10 1898.59 5898.59 1e+100
7 2078.24 2078.24 1e+100
2 302.479 1209.91 1e+100
0 464.45 1857.8 1e+100
9 2717.43 2717.43 1e+100
2 1539.28 1539.28 1e+100
15 1890.2 1890.2 1e+100
6 1635.35 1635.35 1e+100
14 2094.38 2094.38 1e+100
3 146.578 1586.31 1e+100
9 288.028 1152.11 1e+100
12 620.506 2482.02 1e+100
5 816.256 816.256 1e+100
0 1434.98 1434.98 1e+100
4 1012 1012 1e+100
7 750.538 750.538 1e+100
3 716.925 3867.7 1e+100
12 208.073 832.292 1e+100
2 715.958 715.958 1e+100
5 294.672 1178.69 1e+100
11 499.747 1998.99 1e+100
12 1024.99 1024.99 1e+100
9 334.418 1337.67 1e+100
1 60.9599 243.84 1e+100
4 438.41 1753.64 1e+100
2 2332.07 2332.07 1e+100
0 399.446 1597.78 1e+100
12 1809.45 1809.45 1e+100
11 1535.48 2535.48 1e+100
8 824.007 824.007 1e+100
14 920.697 3682.79 1e+100
10 421.688 1686.75 1e+100
5 228.441 913.766 1e+100
15 172.618 1690.47 1e+100
13 324.209 2296.84 1e+100
0 1469.73 1469.73 1e+100
1 479.5 479.5 1e+100
10 1509.23 1509.23 1e+100
9 381.682 1526.73 1e+100
6 780.634 780.634 1e+100
3 320.149 1280.6 1e+100
15 931.875 931.875 1e+100
14 1285.14 1285.14 1e+100
7 541.436 2165.74 1e+100
8 1294.13 1294.13 1e+100
59
14 770.692 3082.77 1e+100
3 128.83 515.322 1e+100
15 514.159 514.159 1e+100
10 106.358 106.358 1e+100
4 274.662 274.662 1e+100
2 300.611 1202.44 1e+100
7 596.818 2387.27 1e+100
6 265.698 265.698 1e+100
9 325.666 1302.67 1e+100
13 191.792 1767.17 1e+100
11 474.883 1899.53 1e+100
0 560.882 560.882 1e+100
12 415.793 1663.17 1e+100
8 738.832 738.832 1e+100
5 31.7821 127.128 1e+100
10 6360.53 6360.53 1e+100
1 256.643 1026.57 1e+100
3 320.474 2281.9 1e+100
8 4017.29 4017.29 1e+100
10 662.829 662.829 1e+100
3 1872.39 1872.39 1e+100
15 1313.62 2313.62 1e+100
2 192.555 192.555 1e+100
4 291.304 291.304 1e+100
8 1089.91 1089.91 1e+100
0 392.298 392.298 1e+100
9 776.746 1776.75 1e+100
12 194.337 194.337 1e+100
11 213.577 1854.31 1e+100
3 4956.61 4956.61 1e+100
7 616.936 3467.74 1e+100
8 3754.5 3754.5 1e+100
13 734.277 2937.11 1e+100
5 312.166 312.166 1e+100
15 1079.82 4319.27 1e+100
10 507.694 2030.78 1e+100
14 500.718 500.718 1e+100
4 124.246 124.246 1e+100
12 436.24 1744.96 1e+100
7 594.405 594.405 1e+100
2 2054.92 2054.92 1e+100
2 285.746 285.746 1e+100
6 882.805 882.805 1e+100
12 1405.48 1405.48 1e+100
5 229.638 1918.55 1e+100
11 175.987 1703.95 1e+100
3 154.35 617.398 1e+100
13 134.249 1537 1e+100
9 157.192 1628.77 1e+100
0 980.542 980.542 1e+100
9 1493.81 1493.81 1e+100
4 152.983 152.983 1e+100
5 720.481 2881.92 1e+100
14 393.982 393.982 1e+100
1 64.0284 256.114 1e+100
11 1043.41 1043.41 1e+100
13 792.989 1792.99 1e+100
7 718.828 2875.31 1e+100
12 1875.6 1875.6 1e+100
72
14 709.512 709.512 1e+100
9 322.563 1290.25 1e+100
4 139.91 559.642 1e+100
5 299.855 1199.42 1e+100
3 226.432 905.73 1e+100
11 428.433 2713.73 1e+100
15 2963.71 2963.71 1e+100
7 1005.02 1005.02 1e+100
12 190.372 761.489 1e+100
10 147.702 147.702 1e+100
2 156.731 4626.93 1e+100
1 304.972 1219.89 1e+100
15 394.03 1576.12 1e+100
13 600.736 600.736 1e+100
13 2547.95 2547.95 1e+100
0 450.841 450.841 1e+100
11 1678.15 6712.61 1e+100
9 1324.87 6299.46 1e+100
6 317.346 1269.39 1e+100
3 1588.05 6352.2 1e+100
2 1255.64 5022.55 1e+100
8 411.658 5646.63 1e+100
5 965.385 965.385 1e+100
10 3394.62 3394.62 1e+100
4 1227.59 4910.35 1e+100
12 649.936 2599.75 1e+100
10 632.054 2528.22 1e+100
14 755.072 3020.29 1e+100
0 1079.96 4319.83 1e+100
15 2659.8 2659.8 1e+100
12 2150.7 2150.7 1e+100
1 418.302 1673.21 1e+100
2 1421.33 5685.34 1e+100
9 867.268 3469.07 1e+100
7 150.057 1150.06 1e+100
11 175.891 703.564 1e+100
0 833.014 833.014 1e+100
6 469.278 1877.11 1e+100
3 158.879 158.879 1e+100
5 150.59 602.358 1e+100
1 213.455 213.455 1e+100
4 294.215 1176.86 1e+100
13 321.103 1284.41 1e+100
14 117.599 470.396 1e+100
11 4244.91 4244.91 1e+100
5 3772.4 3772.4 1e+100
3 3711.71 3711.71 1e+100
12 2902.33 2902.33 1e+100
11 183.502 1734.01 1e+100
7 191.075 1764.3 1e+100
6 1193.95 1193.95 1e+100
9 1284.6 6138.42 1e+100
10 663.018 2652.07 1e+100
2 415.091 1660.36 1e+100
8 2520.77 2520.77 1e+100
8 637.098 2548.39 1e+100
14 3108.15 3108.15 1e+100
12 344.612 1378.45 1e+100
15 1179.01 5716.05 1e+100
0 806.858 806.858 1e+100
13 1925.25 1925.25 1e+100
9 2402.83 2402.83 1e+100
10 1576.85 1576.85 1e+100
4 3068.36 3068.36 1e+100
3 497.955 2991.82 1e+100
5 516.148 3064.59 1e+100
0 2239.74 2239.74 1e+100
4 275.178 1100.71 1e+100
14 620.288 2481.15 1e+100
1 979.763 1979.76 1e+100
11 108.317 433.27 1e+100
2 658.813 658.813 1e+100
74
5 333.966 1333.97 1e+100
10 153.731 153.731 1e+100
9 329.567 329.567 1e+100
11 404.322 404.322 1e+100
3 174.647 174.647 1e+100
15 539.039 539.039 1e+100
13 549.503 549.503 1e+100
2 283.638 1134.55 1e+100
1 630.522 630.522 1e+100
14 789.307 789.307 1e+100
4 226.91 226.91 1e+100
0 361.428 1445.71 1e+100
15 1861.6 1861.6 1e+100
12 479.795 479.795 1e+100
7 1827.36 7309.42 1e+100
13 2049.4 2049.4 1e+100
8 635.395 635.395 1e+100
6 920.773 3683.09 1e+100
10 1461.54 5461.54 1e+100
15 4482.52 17930.1 1e+100
4 1482.85 1482.85 1e+100
2 1375.92 1375.92 1e+100
9 924.101 924.101 1e+100
11 1024.56 1024.56 1e+100
5 1158.5 2158.5 1e+100
14 652.462 652.462 1e+100
12 1134.67 1134.67 1e+100
0 1138.59 1138.59 1e+100
1 133.864 1133.86 1e+100
9 1816.43 2816.43 1e+100
4 1622.56 1622.56 1e+100
14 1589.92 6359.69 1e+100
8 2846.1 6846.1 1e+100
6 841.306 3365.23 1e+100
6 2618.35 2618.35 1e+100
15 434.73 1738.92 1e+100
11 1520.38 1520.38 1e+100
1 1195.82 4783.29 1e+100
7 1028.69 5114.77 1e+100
2 393.237 393.237 1e+100
12 563.906 563.906 1e+100
10 148.739 594.958 1e+100
13 1018.4 1018.4 1e+100
14 3101.38 3101.38 1e+100
5 55.533 222.132 1e+100
3 117.599 1470.4 1e+100
11 3478.58 3478.58 1e+100
3 4224.71 4224.71 1e+100
1 4346.82 4346.82 1e+100
4 3339.4 3339.4 1e+100
10 1261.29 5045.17 1e+100
0 499.213 1996.85 1e+100
0 2871.37 2871.37 1e+100
14 1083.62 4334.46 1e+100
9 703.322 3813.29 1e+100
4 1400.77 5603.06 1e+100
10 4285.74 4285.74 1e+100
11 1301.73 6206.93 1e+100
12 3171.51 3171.51 1e+100
3 1158.25 5632.99 1e+100
2 669.039 2676.16 1e+100
8 1966.81 1966.81 1e+100
5 3036.81 3036.81 1e+100
7 3465.94 3465.94 1e+100
7 1828.08 2828.08 1e+100
8 3650.64 3650.64 1e+100
1 1133.07 5532.26 1e+100
12 551.166 2204.66 1e+100
2 3020.63 3020.63 1e+100
15 1117.36 5469.43 1e+100
5 705.167 3820.67 1e+100
6 2627.64 2627.64 1e+100
9 781.305 3125.22 1e+100
10 1187.34 1187.34 1e+100
64
14 709.512 709.512 1e+100
9 322.563 1290.25 1e+100
4 139.91 559.642 1e+100
5 299.855 1199.42 1e+100
3 226.432 905.73 1e+100
11 428.433 2713.73 1e+100
13 2999.7 2999.7 1e+100
7 1005.02 1005.02 1e+100
12 190.372 761.489 1e+100
10 147.702 147.702 1e+100
2 156.731 4626.93 1e+100
1 304.972 1219.89 1e+100
15 394.03 1576.12 1e+100
13 600.736 600.736 1e+100
3 1711.7 1711.7 1e+100
0 450.841 450.841 1e+100
5 1514.83 6059.32 1e+100
10 1819.23 7276.9 1e+100
6 317.346 1269.39 1e+100
9 1451.45 5805.78 1e+100
14 1759.44 7037.77 1e+100
8 411.658 5646.63 1e+100
11 1128.71 1128.71 1e+100
9 3028.14 4028.14 1e+100
0 1683.22 6732.88 1e+100
2 183.38 183.38 1e+100
12 508.685 4508.69 1e+100
4 624.726 2498.9 1e+100
15 935.327 935.327 1e+100
4 1967.27 1967.27 1e+100
12 1896.88 1896.88 1e+100
7 473.093 1892.37 1e+100
6 947.264 3789.06 1e+100
2 641.906 2567.62 1e+100
3 1259.56 2259.56 1e+100
1 341.541 341.541 1e+100
5 925.256 1925.26 1e+100
7 2317.86 3317.86 1e+100
0 1188.24 1188.24 1e+100
11 175.77 703.082 1e+100
10 510.372 510.372 1e+100
6 1259.26 5037.04 1e+100
13 266.879 266.879 1e+100
15 169.515 678.06 1e+100
1 286.66 286.66 1e+100
14 155.142 620.566 1e+100
2 285.746 285.746 1e+100
12 1056.76 1056.76 1e+100
10 1333.77 1333.77 1e+100
4 206.752 827.008 1e+100
11 172.778 1691.11 1e+100
9 80.5422 322.169 1e+100
3 174.378 1697.51 1e+100
8 344.099 1376.4 1e+100
4 1395.04 1395.04 1e+100
15 881.343 881.343 1e+100
2 943.821 943.821 1e+100
13 314.809 1259.23 1e+100
14 363.403 363.403 1e+100
5 369.762 1479.05 1e+100
3 933.635 933.635 1e+100
8 1713.58 1713.58 1e+100
1 1219.64 4878.55 1e+100
0 201.432 201.432 1e+100
66
5 333.966 1333.97 1e+100
10 153.731 153.731 1e+100
9 329.567 329.567 1e+100
11 404.322 404.322 1e+100
3 174.647 174.647 1e+100
15 539.039 539.039 1e+100
13 549.503 549.503 1e+100
2 283.638 1134.55 1e+100
1 630.522 630.522 1e+100
14 789.307 789.307 1e+100
4 226.91 226.91 1e+100
0 361.428 1445.71 1e+100
5 1359.88 1359.88 1e+100
12 479.795 479.795 1e+100
7 1827.36 7309.42 1e+100
11 3897.13 3897.13 1e+100
8 635.395 635.395 1e+100
6 920.773 3683.09 1e+100
10 1461.54 5461.54 1e+100
13 1414.36 5657.46 1e+100
11 1354.38 2354.38 1e+100
0 1547.18 1547.18 1e+100
15 1056.79 1056.79 1e+100
9 663.632 3654.53 1e+100
2 509.723 2038.89 1e+100
3 98.2591 1393.04 1e+100
12 946.693 3786.77 1e+100
5 995.227 995.227 1e+100
4 291.499 291.499 1e+100
1 1140.85 4563.38 1e+100
14 164.257 657.029 1e+100
5 2507 10028 1e+100
8 1538.77 1538.77 1e+100
13 447.626 1790.5 1e+100
2 256.757 256.757 1e+100
6 279.418 1117.67 1e+100
3 146.251 146.251 1e+100
15 150.59 602.358 1e+100
7 57.0576 57.0576 1e+100
0 76.9799 307.92 1e+100
12 389.942 389.942 1e+100
9 164.742 164.742 1e+100
1 1192.69 1192.69 1e+100
14 497.956 497.956 1e+100
4 163.248 163.248 1e+100
10 168.496 673.984 1e+100
14 2536.55 2536.55 1e+100
13 221.643 886.571 1e+100
2 956.256 3825.02 1e+100
13 1768.33 7073.34 1e+100
1 2557.72 2557.72 1e+100
3 896.001 4584.01 1e+100
12 1245.2 4980.79 1e+100
3 2730.95 2730.95 1e+100
0 587.55 2350.2 1e+100
7 1023.45 4093.8 1e+100
8 1279.13 1279.13 1e+100
15 483.715 1934.86 1e+100
10 1523.83 1523.83 1e+100
4 815.787 3263.15 1e+100
6 327.302 1309.21 1e+100
11 760.824 3043.3 1e+100
5 674.647 2698.59 1e+100
15 2052.9 2052.9 1e+100
9 2219.56 2219.56 1e+100
9 420.274 2681.1 1e+100
55
14 709.512 709.512 1e+100
9 322.563 1290.25 1e+100
4 139.91 559.642 1e+100
5 299.855 1199.42 1e+100
3 226.432 905.73 1e+100
11 428.433 2713.73 1e+100
3 5764.49 5764.49 1e+100
7 1005.02 1005.02 1e+100
12 190.372 761.489 1e+100
10 147.702 147.702 1e+100
2 156.731 4626.93 1e+100
1 304.972 1219.89 1e+100
15 394.03 1576.12 1e+100
13 600.736 600.736 1e+100
13 2547.95 2547.95 1e+100
0 450.841 450.841 1e+100
11 1678.15 6712.61 1e+100
2 1328.26 5313.06 1e+100
6 317.346 1269.39 1e+100
11 9935.43 39741.7 1e+100
10 1483.28 5933.14 1e+100
8 411.658 5646.63 1e+100
5 2545.5 2545.5 1e+100
5 736.929 1736.93 1e+100
4 1227.59 4910.35 1e+100
2 1745.45 1745.45 1e+100
0 825.847 825.847 1e+100
12 869.633 869.633 1e+100
3 185.281 741.125 1e+100
14 87.361 87.361 1e+100
6 469.278 1877.11 1e+100
9 304.977 304.977 1e+100
15 290.258 1161.03 1e+100
7 520.087 520.087 1e+100
11 125.756 1503.02 1e+100
2 332.094 1328.38 1e+100
10 311.974 311.974 1e+100
15 1717.14 7868.56 1e+100
8 2700.82 2700.82 1e+100
14 1201.8 1201.8 1e+100
0 545.12 2180.48 1e+100
5 278.156 2112.62 1e+100
6 2528.29 2528.29 1e+100
1 119.063 476.252 1e+100
8 483.889 483.889 1e+100
13 140.807 563.229 1e+100
4 1883.72 1883.72 1e+100
1 1418.98 5675.91 1e+100
-1 1e+100 1e+100 1e+100
2 2545.71 2545.71 1e+100
10 867.787 867.787 1e+100
2 531.982 2127.93 1e+100
7 1612.43 6449.73 1e+100
12 85.846 343.384 1e+100
9 204.378 817.513 1e+100
63
14 709.512 709.512 1e+100
9 322.563 1290.25 1e+100
4 139.91 559.642 1e+100
5 299.855 1199.42 1e+100
3 226.432 905.73 1e+100
11 428.433 2713.73 1e+100
15 2963.71 2963.71 1e+100
7 1005.02 1005.02 1e+100
12 190.372 761.489 1e+100
10 147.702 147.702 1e+100
2 156.731 4626.93 1e+100
1 304.972 1219.89 1e+100
15 394.03 1576.12 1e+100
13 600.736 600.736 1e+100
3 1711.7 1711.7 1e+100
0 450.841 450.841 1e+100
11 1678.15 6712.61 1e+100
4 1898.43 7593.7 1e+100
6 317.346 1269.39 1e+100
5 1495.48 5981.93 1e+100
10 1483.28 5933.14 1e+100
8 411.658 5646.63 1e+100
9 921.348 921.348 1e+100
14 1471.86 1471.86 1e+100
2 1727.2 6908.81 1e+100
0 2051.45 2051.45 1e+100
12 463.646 1854.58 1e+100
7 1097.43 1097.43 1e+100
13 908.018 908.018 1e+100
2 2846.8 2846.8 1e+100
1 374.759 2499.04 1e+100
10 1285 5140 1e+100
6 912.408 912.408 1e+100
12 1527.09 1527.09 1e+100
11 490.686 1962.74 1e+100
6 2203.81 8815.22 1e+100
4 223.833 223.833 1e+100
5 364.628 364.628 1e+100
3 375.054 375.054 1e+100
9 121.873 487.493 1e+100
2 3844.2 3844.2 1e+100
14 39.5677 39.5677 1e+100
7 621.029 2484.12 1e+100
13 200.805 803.219 1e+100
6 3323.37 3323.37 1e+100
1 203.767 1203.77 1e+100
10 1254.56 1254.56 1e+100
15 110.104 1110.1 1e+100
0 421.982 421.982 1e+100
13 1125.82 2125.82 1e+100
8 937.958 937.958 1e+100
5 367.864 1367.86 1e+100
11 163.645 654.58 1e+100
3 802.618 802.618 1e+100
4 457.311 457.311 1e+100
9 40.8245 163.298 1e+100
15 1317.12 1317.12 1e+100
14 96.8631 96.8631 1e+100
12 308.607 308.607 1e+100
8 1440.4 1440.4 1e+100
0 802.284 802.284 1e+100
1 413.645 1654.58 1e+100
10 1222.77 1222.77 1e+100
59
14 770.692 3082.77 1e+100
3 128.83 515.322 1e+100
15 514.159 514.159 1e+100
10 106.358 106.358 1e+100
4 274.662 274.662 1e+100
2 300.611 1202.44 1e+100
7 596.818 2387.27 1e+100
6 265.698 265.698 1e+100
9 325.666 1302.67 1e+100
13 191.792 1767.17 1e+100
11 474.883 1899.53 1e+100
0 560.882 560.882 1e+100
12 415.793 1663.17 1e+100
8 738.832 738.832 1e+100
5 31.7821 127.128 1e+100
4 981.806 981.806 1e+100
1 256.643 1026.57 1e+100
3 320.474 2281.9 1e+100
8 1463.36 1463.36 1e+100
9 1354.28 2354.28 1e+100
11 994.479 1994.48 1e+100
5 1020.42 1020.42 1e+100
2 244.439 977.757 1e+100
15 311.26 311.26 1e+100
14 211.594 211.594 1e+100
6 1489.54 1489.54 1e+100
13 209.808 839.23 1e+100
7 908.389 4633.56 1e+100
10 241.046 964.185 1e+100
0 334.628 334.628 1e+100
1 148.425 148.425 1e+100
12 163.262 163.262 1e+100
14 541.834 541.834 1e+100
8 1200.57 1200.57 1e+100
3 555.202 2220.81 1e+100
11 802.823 802.823 1e+100
13 879.165 3516.66 1e+100
4 273.228 1092.91 1e+100
12 1254.23 1254.23 1e+100
2 124.246 124.246 1e+100
10 403.125 1612.5 1e+100
7 237.871 237.871 1e+100
0 22.3569 22.3569 1e+100
5 146.622 1146.62 1e+100
9 160.036 1160.04 1e+100
1 602.399 1602.4 1e+100
14 2633.49 2633.49 1e+100
14 588.994 588.994 1e+100
3 163.857 655.427 1e+100
5 1504.9 1504.9 1e+100
15 313.981 1313.98 1e+100
11 248.082 992.328 1e+100
13 1180.41 1180.41 1e+100
4 199.81 199.81 1e+100
12 776.844 776.844 1e+100
2 163.205 163.205 1e+100
10 116.346 116.346 1e+100
9 367.632 1470.53 1e+100
0 659.436 659.436 1e+100
73
12 398.122 4398.12 1e+100
10 169.132 676.528 1e+100
14 673.218 673.218 1e+100
8 935.122 935.122 1e+100
11 479.205 479.205 1e+100
13 443.767 1443.77 1e+100
5 282.45 282.45 1e+100
8 2584.2 2584.2 1e+100
13 3054.27 3054.27 1e+100
3 3318.94 3318.94 1e+100
15 607.072 2428.29 1e+100
1 608.26 608.26 1e+100
4 291.339 291.339 1e+100
10 2501.19 6501.19 1e+100
6 297.731 297.731 1e+100
9 3541.72 3541.72 1e+100
7 2078.24 2078.24 1e+100
2 302.479 1209.91 1e+100
0 464.45 1857.8 1e+100
7 3810.56 3810.56 1e+100
4 1862.9 1862.9 1e+100
1 1858.77 1858.77 1e+100
6 1635.35 1635.35 1e+100
2 1446.47 1446.47 1e+100
3 146.578 1586.31 1e+100
9 288.028 1152.11 1e+100
12 620.506 2482.02 1e+100
1 4268.37 4268.37 1e+100
14 1404.04 1404.04 1e+100
0 846.034 846.034 1e+100
12 389.611 389.611 1e+100
8 742.095 742.095 1e+100
5 19.4106 19.4106 1e+100
0 1239.05 1239.05 1e+100
4 119.294 119.294 1e+100
11 113.284 113.284 1e+100
15 1259.88 1259.88 1e+100
10 673.309 2693.23 1e+100
13 661.419 2645.67 1e+100
6 615.205 2460.82 1e+100
2 4734.16 4734.16 1e+100
14 192.652 770.608 1e+100
7 2724.61 2724.61 1e+100
3 87.4607 349.843 1e+100
2 284.069 1136.28 1e+100
15 3631.3 3631.3 1e+100
9 4029.97 4029.97 1e+100
13 3523.83 3523.83 1e+100
14 3910.99 3910.99 1e+100
12 754.181 3016.72 1e+100
11 1218.51 5874.03 1e+100
6 2333.87 2333.87 1e+100
9 487.222 2948.89 1e+100
15 1710.28 7841.13 1e+100
13 1433.83 6735.31 1e+100
12 4066.76 4066.76 1e+100
7 567.23 3268.92 1e+100
8 4378.75 4378.75 1e+100
4 631.99 2527.96 1e+100
5 859.536 4438.14 1e+100
0 1861.49 1861.49 1e+100
7 3631.22 3631.22 1e+100
9 1605.44 1605.44 1e+100
4 2765.88 2765.88 1e+100
0 3545.32 3545.32 1e+100
14 1181.87 4727.47 1e+100
2 1066.61 4266.43 1e+100
10 1524.99 1524.99 1e+100
3 1057 5227.99 1e+100
12 1229.97 4919.9 1e+100
8 912.405 912.405 1e+100
1 467.832 1871.33 1e+100
4 3480.26 3480.26 1e+100
59
12 398.122 4398.12 1e+100
10 169.132 676.528 1e+100
14 673.218 673.218 1e+100
8 935.122 935.122 1e+100
11 479.205 479.205 1e+100
13 443.767 1443.77 1e+100
5 282.45 282.45 1e+100
8 2584.2 2584.2 1e+100
11 2491.89 2491.89 1e+100
1 2656.76 2656.76 1e+100
15 607.072 2428.29 1e+100
1 608.26 608.26 1e+100
4 291.339 291.339 1e+100
13 2566.13 2566.13 1e+100
6 297.731 297.731 1e+100
5 2084.82 2084.82 1e+100
7 2078.24 2078.24 1e+100
2 302.479 1209.91 1e+100
0 464.45 1857.8 1e+100
15 1715.3 1715.3 1e+100
14 2272.52 2272.52 1e+100
10 1249.2 5249.2 1e+100
6 1635.35 1635.35 1e+100
15 2998.29 3998.29 1e+100
3 146.578 1586.31 1e+100
9 288.028 1152.11 1e+100
2 1060.24 4240.95 1e+100
9 2273.16 2273.16 1e+100
0 1434.98 1434.98 1e+100
12 1064.75 1064.75 1e+100
3 176.721 706.883 1e+100
8 510.688 2042.75 1e+100
0 875.505 875.505 1e+100
3 3571.48 3571.48 1e+100
7 384.546 384.546 1e+100
1 777.841 3111.36 1e+100
8 2179.99 2179.99 1e+100
2 98.338 98.338 1e+100
13 629.672 2518.69 1e+100
5 149.522 598.087 1e+100
6 73.2816 73.2816 1e+100
4 100.364 100.364 1e+100
14 356.62 356.62 1e+100
11 308.22 1308.22 1e+100
10 167.24 167.24 1e+100
9 271.981 1271.98 1e+100
3 163.735 1163.73 1e+100
12 1187.67 1187.67 1e+100
15 517.213 2068.85 1e+100
11 1666.5 1666.5 1e+100
2 604.786 604.786 1e+100
7 328.657 1314.63 1e+100
5 265.149 265.149 1e+100
0 466.159 466.159 1e+100
6 1875.56 1875.56 1e+100
10 551.179 551.179 1e+100
14 462.834 462.834 1e+100
1 199.605 798.418 1e+100
4 164.906 164.906 1e+100
80
12 398.122 4398.12 1e+100
10 169.132 676.528 1e+100
14 673.218 673.218 1e+100
8 935.122 935.122 1e+100
11 479.205 479.205 1e+100
13 443.767 1443.77 1e+100
5 282.45 282.45 1e+100
6 5084.02 5084.02 1e+100
12 2109.77 6109.77 1e+100
5 2233.41 2233.41 1e+100
15 607.072 2428.29 1e+100
1 608.26 608.26 1e+100
4 291.339 291.339 1e+100
13 2566.13 2566.13 1e+100
6 297.731 297.731 1e+100
10 1898.59 5898.59 1e+100
7 2078.24 2078.24 1e+100
2 302.479 1209.91 1e+100
0 464.45 1857.8 1e+100
1 1683.88 1683.88 1e+100
12 3531.73 3531.73 1e+100
11 1602.81 1602.81 1e+100
6 1635.35 1635.35 1e+100
8 3783.24 3783.24 1e+100
3 146.578 1586.31 1e+100
9 288.028 1152.11 1e+100
2 1060.24 4240.95 1e+100
15 1271.03 1271.03 1e+100
4 795.146 3180.58 1e+100
14 1035.63 4142.53 1e+100
3 1615.72 7462.89 1e+100
0 430.84 1723.36 1e+100
15 2025.37 2025.37 1e+100
10 1948.5 1948.5 1e+100
7 2108.75 8435 1e+100
0 1840.87 7363.48 1e+100
9 1251.59 5006.37 1e+100
4 261.067 261.067 1e+100
14 5609.17 5609.17 1e+100
13 3637.91 3637.91 1e+100
10 4238.62 4238.62 1e+100
2 324.687 324.687 1e+100
13 914.974 914.974 1e+100
5 171.402 171.402 1e+100
14 255.322 1021.29 1e+100
3 1250.84 5003.36 1e+100
6 2112.39 8449.58 1e+100
1 309.414 1309.41 1e+100
11 1072.28 5289.11 1e+100
9 3812.95 3812.95 1e+100
15 1259.67 5038.66 1e+100
4 779.859 3119.44 1e+100
5 4051.54 4051.54 1e+100
15 3565.3 3565.3 1e+100
11 3413.97 3413.97 1e+100
8 3331.26 3331.26 1e+100
0 870.955 3483.82 1e+100
14 1603.82 6415.29 1e+100
7 3571.96 4571.96 1e+100
2 1349.5 5397.98 1e+100
5 621.804 3487.22 1e+100
12 507.516 2030.06 1e+100
0 4183.54 4183.54 1e+100
8 1301.3 5205.21 1e+100
12 4201.17 4201.17 1e+100
10 142.409 569.638 1e+100
7 969.087 4876.35 1e+100
9 313.151 1313.15 1e+100
3 3840 3840 1e+100
5 1624.5 1624.5 1e+100
2 2378.86 2378.86 1e+100
4 3544.81 3544.81 1e+100
4 1541.64 6166.54 1e+100
12 1580.83 6323.33 1e+100
8 3970.49 3970.49 1e+100
1 690.224 3760.9 1e+100
0 1346.75 5387 1e+100
6 2967.26 2967.26 1e+100
3 428.056 1712.22 1e+100
2 3093.24 3093.24 1e+100
71
14 709.512 709.512 1e+100
9 322.563 1290.25 1e+100
4 139.91 559.642 1e+100
5 299.855 1199.42 1e+100
3 226.432 905.73 1e+100
11 428.433 2713.73 1e+100
13 2999.7 2999.7 1e+100
7 1005.02 1005.02 1e+100
12 190.372 761.489 1e+100
10 147.702 147.702 1e+100
2 156.731 4626.93 1e+100
1 304.972 1219.89 1e+100
15 394.03 1576.12 1e+100
13 600.736 600.736 1e+100
10 3861.21 7861.21 1e+100
0 450.841 450.841 1e+100
11 1678.15 6712.61 1e+100
2 1328.26 5313.06 1e+100
6 317.346 1269.39 1e+100
3 1588.05 6352.2 1e+100
10 1483.28 5933.14 1e+100
8 411.658 5646.63 1e+100
9 921.348 921.348 1e+100
14 1471.86 1471.86 1e+100
4 1227.59 4910.35 1e+100
12 2584.2 2584.2 1e+100
13 3376.95 3376.95 1e+100
5 157.646 1630.59 1e+100
3 2257.05 2257.05 1e+100
12 687.843 687.843 1e+100
0 1126.12 1126.12 1e+100
7 473.093 1892.37 1e+100
6 947.264 3789.06 1e+100
12 3042.72 12170.9 1e+100
0 3313.98 3313.98 1e+100
1 251.731 251.731 1e+100
15 391.164 1391.16 1e+100
2 173.885 173.885 1e+100
9 593.41 1593.41 1e+100
6 4089.11 4089.11 1e+100
1 1400.36 1400.36 1e+100
4 523.139 523.139 1e+100
12 3258.47 3258.47 1e+100
15 3882.45 3882.45 1e+100
5 162.574 162.574 1e+100
7 713.936 3855.74 1e+100
11 242.65 970.601 1e+100
6 737.256 2949.02 1e+100
14 274.02 274.02 1e+100
2 696.835 2787.34 1e+100
11 3039.97 3039.97 1e+100
8 853.986 3415.95 1e+100
10 3200.05 3200.05 1e+100
10 1077.38 4309.54 1e+100
14 1541.98 1541.98 1e+100
2 2549.49 2549.49 1e+100
15 420.648 2682.59 1e+100
9 972.201 4888.81 1e+100
0 2403.38 2403.38 1e+100
11 716.489 2865.95 1e+100
5 217.072 1217.07 1e+100
3 299.76 1199.04 1e+100
14 2400.29 2400.29 1e+100
13 975.789 3903.16 1e+100
3 2106.4 2106.4 1e+100
8 3067.61 3067.61 1e+100
4 1602.64 1602.64 1e+100
8 1053.87 4215.5 1e+100
1 1607.42 6429.67 1e+100
7 957.14 4828.56 1e+100
5 1051.94 4207.77 1e+100
63
12 398.122 4398.12 1e+100
10 169.132 676.528 1e+100
14 673.218 673.218 1e+100
8 935.122 935.122 1e+100
11 479.205 479.205 1e+100
13 443.767 1443.77 1e+100
5 282.45 282.45 1e+100
8 2584.2 2584.2 1e+100
1 2747.86 2747.86 1e+100
3 3318.94 3318.94 1e+100
15 607.072 2428.29 1e+100
1 608.26 608.26 1e+100
4 291.339 291.339 1e+100
13 2566.13 2566.13 1e+100
6 297.731 297.731 1e+100
10 1898.59 5898.59 1e+100
7 2078.24 2078.24 1e+100
2 302.479 1209.91 1e+100
0 464.45 1857.8 1e+100
5 1260.53 1260.53 1e+100
4 3778.93 3778.93 1e+100
11 1602.81 1602.81 1e+100
6 1635.35 1635.35 1e+100
7 5275.28 6275.28 1e+100
3 146.578 1586.31 1e+100
9 288.028 1152.11 1e+100
12 620.506 2482.02 1e+100
9 2273.16 2273.16 1e+100
4 795.146 3180.58 1e+100
14 1035.63 4142.53 1e+100
0 961.823 3847.29 1e+100
2 598.014 2392.06 1e+100
11 3062.41 3062.41 1e+100
12 1493.72 1493.72 1e+100
15 959.233 3836.93 1e+100
10 1616.55 6466.19 1e+100
5 1122.28 4489.12 1e+100
8 1379.45 1379.45 1e+100
7 863.377 3453.51 1e+100
5 2191.66 3191.66 1e+100
8 3066.83 12267.3 1e+100
15 1783.22 1783.22 1e+100
1 350.002 1400.01 1e+100
13 326.556 326.556 1e+100
0 65.3552 261.421 1e+100
0 2224.78 2224.78 1e+100
10 3842.54 3842.54 1e+100
2 262.513 262.513 1e+100
9 156.822 1627.29 1e+100
12 477.29 1909.16 1e+100
3 100.2 400.801 1e+100
4 422.446 1689.78 1e+100
10 486.274 1945.1 1e+100
14 959.664 959.664 1e+100
3 1674.22 1674.22 1e+100
4 1401.83 1401.83 1e+100
1 403.651 1614.6 1e+100
12 1430.49 1430.49 1e+100
11 887.308 3549.23 1e+100
9 621.779 621.779 1e+100
6 4628.44 4628.44 1e+100
13 1259.53 5038.13 1e+100
2 732.633 732.633 1e+100
67
12 398.122 4398.12 1e+100
10 169.132 676.528 1e+100
14 673.218 673.218 1e+100
8 935.122 935.122 1e+100
11 479.205 479.205 1e+100
13 443.767 1443.77 1e+100
5 282.45 282.45 1e+100
8 2584.2 2584.2 1e+100
9 3781.41 3781.41 1e+100
15 2688.18 2688.18 1e+100
15 607.072 2428.29 1e+100
1 608.26 608.26 1e+100
4 291.339 291.339 1e+100
13 2566.13 2566.13 1e+100
6 297.731 297.731 1e+100
1 2508.16 2508.16 1e+100
7 2078.24 2078.24 1e+100
2 302.479 1209.91 1e+100
0 464.45 1857.8 1e+100
5 1260.53 1260.53 1e+100
14 2272.52 2272.52 1e+100
11 1602.81 1602.81 1e+100
6 1635.35 1635.35 1e+100
10 4950.42 4950.42 1e+100
3 146.578 1586.31 1e+100
9 288.028 1152.11 1e+100
12 620.506 2482.02 1e+100
7 7852.83 7852.83 1e+100
4 795.146 3180.58 1e+100
10 497.146 1988.58 1e+100
2 443.818 1775.27 1e+100
10 1751.41 7005.63 1e+100
7 2095.69 2095.69 1e+100
0 820.447 820.447 1e+100
3 1589.67 6358.68 1e+100
4 1811.81 7247.23 1e+100
5 1122.28 4489.12 1e+100
11 3016.81 3016.81 1e+100
12 536.524 2146.1 1e+100
14 967.183 3868.73 1e+100
6 2829.95 2829.95 1e+100
15 6998.75 27995 1e+100
11 570.786 2283.14 1e+100
2 269.164 269.164 1e+100
15 157.414 629.657 1e+100
13 584.175 2336.7 1e+100
8 80.208 320.832 1e+100
3 1444.1 2444.1 1e+100
0 142.543 570.171 1e+100
2 2582.78 2582.78 1e+100
8 2616.88 2616.88 1e+100
12 1544.49 1544.49 1e+100
4 814.999 3260 1e+100
9 289.675 2158.7 1e+100
1 120.686 482.743 1e+100
2 464.934 1859.73 1e+100
14 681.714 2726.86 1e+100
4 2003.29 2003.29 1e+100
1 1694.71 1694.71 1e+100
10 1696.7 1696.7 1e+100
7 270.333 1081.33 1e+100
0 575.271 575.271 1e+100
13 761.348 3045.39 1e+100
9 1157.09 1157.09 1e+100
14 2051.2 2051.2 1e+100
5 714.913 2859.65 1e+100
12 2014.61 2014.61 1e+100
65
12 398.122 4398.12 1e+100
10 169.132 676.528 1e+100
14 673.218 673.218 1e+100
8 935.122 935.122 1e+100
11 479.205 479.205 1e+100
13 443.767 1443.77 1e+100
5 282.45 282.45 1e+100
8 2584.2 2584.2 1e+100
15 2779.28 2779.28 1e+100
1 2656.76 2656.76 1e+100
15 607.072 2428.29 1e+100
1 608.26 608.26 1e+100
4 291.339 291.339 1e+100
13 2566.13 2566.13 1e+100
6 297.731 297.731 1e+100
3 3170.35 3170.35 1e+100
7 2078.24 2078.24 1e+100
2 302.479 1209.91 1e+100
0 464.45 1857.8 1e+100
5 1260.53 1260.53 1e+100
10 1474.7 1474.7 1e+100
11 1602.81 1602.81 1e+100
6 1635.35 1635.35 1e+100
4 1417.91 1417.91 1e+100
3 146.578 1586.31 1e+100
9 288.028 1152.11 1e+100
12 620.506 2482.02 1e+100
9 2273.16 2273.16 1e+100
5 2171.11 2171.11 1e+100
14 1395.72 1395.72 1e+100
2 393.657 393.657 1e+100
0 1095.28 1095.28 1e+100
8 4065.52 4065.52 1e+100
4 1743.53 1743.53 1e+100
12 1182.96 1182.96 1e+100
10 1101.12 1101.12 1e+100
2 1331.12 5324.47 1e+100
11 2294.3 2294.3 1e+100
6 2241.96 8967.83 1e+100
13 1213.44 2213.44 1e+100
7 863.377 3453.51 1e+100
0 1102.52 1102.52 1e+100
8 214.38 857.522 1e+100
1 519.069 519.069 1e+100
15 514.874 2059.5 1e+100
5 1012.09 1012.09 1e+100
12 904.597 3618.39 1e+100
14 2421.57 2421.57 1e+100
6 2547.88 2547.88 1e+100
9 635.771 1635.77 1e+100
14 598.026 2392.1 1e+100
3 175.987 1703.95 1e+100
7 448.173 1792.69 1e+100
2 696.848 2787.39 1e+100
10 153.677 614.707 1e+100
2 2179.44 2179.44 1e+100
15 1226.7 1226.7 1e+100
4 1102.55 1102.55 1e+100
1 566.999 2268 1e+100
12 1112.86 1112.86 1e+100
11 859.768 3439.07 1e+100
3 1043.41 1043.41 1e+100
0 1273.05 1273.05 1e+100
13 411.304 1645.21 1e+100
10 972.156 972.156 1e+100
84
12 398.122 4398.12 1e+100
10 169.132 676.528 1e+100
14 673.218 673.218 1e+100
8 935.122 935.122 1e+100
11 479.205 479.205 1e+100
13 443.767 1443.77 1e+100
5 282.45 282.45 1e+100
8 2584.2 2584.2 1e+100
1 2747.86 2747.86 1e+100
1 4742.31 4742.31 1e+100
15 607.072 2428.29 1e+100
1 608.26 608.26 1e+100
4 291.339 291.339 1e+100
9 4144.32 4144.32 1e+100
6 297.731 297.731 1e+100
5 3896.51 3896.51 1e+100
7 2078.24 2078.24 1e+100
2 302.479 1209.91 1e+100
0 464.45 1857.8 1e+100
3 2346.06 2346.06 1e+100
0 2303.46 2303.46 1e+100
10 1249.2 5249.2 1e+100
6 1635.35 1635.35 1e+100
12 1006.74 1006.74 1e+100
3 146.578 1586.31 1e+100
9 288.028 1152.11 1e+100
4 1087.98 4351.93 1e+100
5 816.256 816.256 1e+100
0 2945.55 2945.55 1e+100
7 2362.43 2362.43 1e+100
4 2353.22 9412.89 1e+100
12 2174.48 6174.48 1e+100
2 293.546 293.546 1e+100
10 2027.33 2027.33 1e+100
11 408.083 1632.33 1e+100
8 1562.23 6248.91 1e+100
2 1116.13 4464.51 1e+100
2 2651.74 2651.74 1e+100
11 4708.46 4708.46 1e+100
14 512.208 512.208 1e+100
15 143.456 1143.46 1e+100
13 481.755 1927.02 1e+100
6 1185.64 4742.56 1e+100
12 5897.16 5897.16 1e+100
13 5151.78 5151.78 1e+100
15 1484.44 1484.44 1e+100
3 750.262 3001.05 1e+100
6 4793.65 4793.65 1e+100
4 4764.27 4764.27 1e+100
11 413.347 1653.39 1e+100
13 864.096 3456.38 1e+100
6 2305.2 2305.2 1e+100
14 1463.76 1463.76 1e+100
2 4419.97 4419.97 1e+100
5 3297.68 13190.7 1e+100
12 950.694 3802.77 1e+100
7 4241.23 4241.23 1e+100
9 4242.67 4242.67 1e+100
15 4678.57 4678.57 1e+100
14 2723.74 2723.74 1e+100
7 923.618 4694.47 1e+100
8 781.71 3126.84 1e+100
10 3548.25 3548.25 1e+100
0 844.562 3378.25 1e+100
4 264.9 1059.6 1e+100
13 1592.7 7370.82 1e+100
12 2452.27 2452.27 1e+100
2 1772.14 7088.57 1e+100
0 4076.91 4076.91 1e+100
5 544.047 3176.19 1e+100
10 945.38 3781.52 1e+100
11 3559.84 4559.84 1e+100
1 2917.9 2917.9 1e+100
13 4586.38 4586.38 1e+100
9 1689 2689 1e+100
3 3183.96 4183.96 1e+100
4 1152.95 4611.8 1e+100
1 453.787 2815.15 1e+100
14 3362.97 3362.97 1e+100
3 390.785 2563.14 1e+100
0 1589.05 6356.19 1e+100
8 2290.07 2290.07 1e+100
15 589.254 2357.02 1e+100
7 849.669 1849.67 1e+100
66
14 709.512 709.512 1e+100
9 322.563 1290.25 1e+100
4 139.91 559.642 1e+100
5 299.855 1199.42 1e+100
3 226.432 905.73 1e+100
11 428.433 2713.73 1e+100
9 2132.26 2132.26 1e+100
7 1005.02 1005.02 1e+100
12 190.372 761.489 1e+100
10 147.702 147.702 1e+100
2 156.731 4626.93 1e+100
1 304.972 1219.89 1e+100
15 394.03 1576.12 1e+100
13 600.736 600.736 1e+100
9 3684.23 3684.23 1e+100
0 450.841 450.841 1e+100
5 1514.83 6059.32 1e+100
5 3196.82 13787.3 1e+100
6 317.346 1269.39 1e+100
11 1658.81 6635.23 1e+100
3 1399.42 6597.67 1e+100
8 411.658 5646.63 1e+100
15 5029.57 5029.57 1e+100
2 6800.22 6800.22 1e+100
2 3464.14 13856.6 1e+100
10 7709.16 7709.16 1e+100
2 688.251 688.251 1e+100
15 366.166 1366.17 1e+100
6 96.2858 96.2858 1e+100
1 19.4106 19.4106 1e+100
12 194.198 194.198 1e+100
14 348.569 348.569 1e+100
7 113.284 113.284 1e+100
3 162.574 162.574 1e+100
0 393.183 1572.73 1e+100
11 163.775 655.1 1e+100
6 1438.14 5752.58 1e+100
14 4082.48 4082.48 1e+100
13 192.652 1770.61 1e+100
5 168.072 168.072 1e+100
8 2626.56 2626.56 1e+100
15 2544.18 2544.18 1e+100
3 3083.45 3083.45 1e+100
4 2475.97 2475.97 1e+100
10 330.57 330.57 1e+100
3 404.533 2618.13 1e+100
2 4309.87 4309.87 1e+100
9 501.152 2004.61 1e+100
4 571.317 2285.27 1e+100
11 473.944 1895.78 1e+100
11 3057.85 3057.85 1e+100
8 233.816 935.263 1e+100
14 802.217 3208.87 1e+100
5 3165.77 3165.77 1e+100
12 1388.86 5555.45 1e+100
1 100.53 402.12 1e+100
6 3519.29 3519.29 1e+100
9 1713.29 6853.14 1e+100
4 3276.82 3276.82 1e+100
5 237.265 1949.06 1e+100
0 490.657 1962.63 1e+100
13 481.999 1928 1e+100
7 460.306 1841.22 1e+100
13 2633.43 2633.43 1e+100
15 2794.12 2794.12 1e+100
10 780.571 3122.28 1e+100
66
14 770.692 3082.77 1e+100
3 128.83 515.322 1e+100
15 514.159 514.159 1e+100
10 106.358 106.358 1e+100
4 274.662 274.662 1e+100
2 300.611 1202.44 1e+100
7 596.818 2387.27 1e+100
6 265.698 265.698 1e+100
9 325.666 1302.67 1e+100
13 191.792 1767.17 1e+100
11 474.883 1899.53 1e+100
0 560.882 560.882 1e+100
12 415.793 1663.17 1e+100
8 738.832 738.832 1e+100
5 31.7821 127.128 1e+100
15 1015.45 2015.45 1e+100
1 256.643 1026.57 1e+100
3 320.474 2281.9 1e+100
8 1463.36 1463.36 1e+100
10 2474.47 2474.47 1e+100
14 579.538 579.538 1e+100
5 1020.42 1020.42 1e+100
10 446.005 1784.02 1e+100
11 887.86 887.86 1e+100
2 172.857 172.857 1e+100
0 1127.16 1127.16 1e+100
13 167.109 668.436 1e+100
6 572.733 2290.93 1e+100
12 252.621 1010.48 1e+100
2 982.301 982.301 1e+100
1 229.115 229.115 1e+100
4 758.338 758.338 1e+100
14 545.724 545.724 1e+100
9 141.827 567.31 1e+100
8 762.061 3048.24 1e+100
15 647.078 1647.08 1e+100
3 296.085 296.085 1e+100
7 1729.99 1729.99 1e+100
5 564.489 2257.96 1e+100
6 1115.47 1115.47 1e+100
12 330.499 330.499 1e+100
13 206.573 826.292 1e+100
11 516.867 2067.47 1e+100
8 1881.62 1881.62 1e+100
12 1802.67 1802.67 1e+100
4 1680.31 1680.31 1e+100
9 63.1551 1252.62 1e+100
0 1059.9 1059.9 1e+100
10 599.394 2397.57 1e+100
4 3497.53 3497.53 1e+100
14 2981.02 2981.02 1e+100
14 302.275 1209.1 1e+100
2 339.601 1358.41 1e+100
12 2908.25 2908.25 1e+100
3 132.604 530.416 1e+100
0 2050.08 2050.08 1e+100
1 140.807 563.229 1e+100
10 1863.59 1863.59 1e+100
3 1432.52 5730.08 1e+100
7 1544.22 1544.22 1e+100
2 1719.39 1719.39 1e+100
15 587.657 1587.66 1e+100
9 263.043 2052.17 1e+100
13 905.503 3622.01 1e+100
5 85.846 1343.38 1e+100
11 178.911 715.646 1e+100
51
14 770.692 3082.77 1e+100
3 128.83 515.322 1e+100
15 514.159 514.159 1e+100
10 106.358 106.358 1e+100
4 274.662 274.662 1e+100
2 300.611 1202.44 1e+100
7 596.818 2387.27 1e+100
6 265.698 265.698 1e+100
9 325.666 1302.67 1e+100
13 191.792 1767.17 1e+100
11 474.883 1899.53 1e+100
0 560.882 560.882 1e+100
12 415.793 1663.17 1e+100
8 738.832 738.832 1e+100
5 31.7821 127.128 1e+100
12 1616.46 1616.46 1e+100
1 256.643 1026.57 1e+100
3 320.474 2281.9 1e+100
6 916.498 916.498 1e+100
2 728.221 728.221 1e+100
2 2230.49 2230.49 1e+100
10 598.542 598.542 1e+100
5 796.352 3185.41 1e+100
8 263.216 1052.86 1e+100
4 259.708 259.708 1e+100
9 322.959 322.959 1e+100
13 169.677 169.677 1e+100
1 170.653 682.611 1e+100
6 515.041 515.041 1e+100
14 35.7208 35.7208 1e+100
11 136.411 545.644 1e+100
15 149.522 598.087 1e+100
8 1382.78 1382.78 1e+100
12 315.163 315.163 1e+100
0 23.4264 23.4264 1e+100
3 146.622 1146.62 1e+100
7 693.993 1693.99 1e+100
14 1368.18 1368.18 1e+100
10 938.479 938.479 1e+100
2 160.036 160.036 1e+100
5 273.256 1093.02 1e+100
9 216.469 216.469 1e+100
4 493.187 493.187 1e+100
1 87.0911 348.365 1e+100
15 265.149 265.149 1e+100
3 1179 2179 1e+100
0 309.927 309.927 1e+100
2 887.974 887.974 1e+100
12 315.41 315.41 1e+100
13 73.4241 293.696 1e+100
11 388.198 1388.2 1e+100
48
0 549.99 4549.99 1e+100
2 792.757 3171.03 1e+100
14 377.416 1509.66 1e+100
3 161.318 645.273 1e+100
13 559.937 559.937 1e+100
10 106.358 106.358 1e+100
5 440.456 440.456 1e+100
9 283.324 1133.3 1e+100
4 241.838 241.838 1e+100
12 408.562 408.562 1e+100
15 489.569 489.569 1e+100
11 436.053 1744.21 1e+100
1 372.547 2490.19 1e+100
9 1965.94 1965.94 1e+100
6 1679.2 6716.8 1e+100
8 1571.98 5571.98 1e+100
7 515.81 515.81 1e+100
7 2387.81 2387.81 1e+100
2 1193.26 1193.26 1e+100
5 840.349 4361.4 1e+100
3 281.549 1281.55 1e+100
14 512.028 512.028 1e+100
7 3792.1 4792.1 1e+100
1 256.798 1027.19 1e+100
11 312.166 312.166 1e+100
13 351.11 1404.44 1e+100
10 225.975 903.9 1e+100
3 384.355 1384.36 1e+100
12 506.166 506.166 1e+100
4 93.6077 374.431 1e+100
7 76.082 76.082 1e+100
2 2659.87 2659.87 1e+100
9 146.622 1146.62 1e+100
1 183.813 1183.81 1e+100
14 1241.12 1241.12 1e+100
2 744.456 744.456 1e+100
8 296.836 296.836 1e+100
11 176.106 704.425 1e+100
15 189.66 189.66 1e+100
4 461.382 461.382 1e+100
5 122.721 490.884 1e+100
3 1300.2 1300.2 1e+100
10 152.737 152.737 1e+100
0 576.212 576.212 1e+100
8 1024.77 1024.77 1e+100
12 282.224 282.224 1e+100
13 160.911 643.644 1e+100
4 1421.78 1421.78 1e+100
50
14 770.692 3082.77 1e+100
3 128.83 515.322 1e+100
15 514.159 514.159 1e+100
10 106.358 106.358 1e+100
4 274.662 274.662 1e+100
2 300.611 1202.44 1e+100
7 596.818 2387.27 1e+100
6 265.698 265.698 1e+100
9 325.666 1302.67 1e+100
13 191.792 1767.17 1e+100
11 474.883 1899.53 1e+100
0 560.882 560.882 1e+100
12 415.793 1663.17 1e+100
8 738.832 738.832 1e+100
5 31.7821 127.128 1e+100
0 2344.06 2344.06 1e+100
1 256.643 1026.57 1e+100
3 320.474 2281.9 1e+100
8 1463.36 1463.36 1e+100
12 1331.66 1331.66 1e+100
5 1122.53 2122.53 1e+100
10 598.542 598.542 1e+100
7 399.657 1399.66 1e+100
11 145.315 581.258 1e+100
15 296.023 296.023 1e+100
9 351.11 1404.44 1e+100
13 566.232 3264.93 1e+100
2 514.147 514.147 1e+100
12 2962.24 2962.24 1e+100
4 149.202 596.807 1e+100
15 2318.01 2318.01 1e+100
14 2054.92 2054.92 1e+100
14 285.746 285.746 1e+100
10 882.805 882.805 1e+100
8 882.055 882.055 1e+100
12 174.654 698.615 1e+100
0 421.688 1686.75 1e+100
1 218.11 872.44 1e+100
3 241.531 1966.12 1e+100
6 193.324 773.298 1e+100
4 786.043 786.043 1e+100
5 354.012 354.012 1e+100
0 1509.23 1509.23 1e+100
11 68.8682 275.473 1e+100
2 407.019 407.019 1e+100
9 229.69 918.759 1e+100
13 846.494 846.494 1e+100
4 1816.22 1816.22 1e+100
7 314.593 1258.37 1e+100
6 1011.8 1011.8 1e+100
67
14 770.692 3082.77 1e+100
3 128.83 515.322 1e+100
15 514.159 514.159 1e+100
10 106.358 106.358 1e+100
4 274.662 274.662 1e+100
2 300.611 1202.44 1e+100
7 596.818 2387.27 1e+100
6 265.698 265.698 1e+100
9 325.666 1302.67 1e+100
13 191.792 1767.17 1e+100
11 474.883 1899.53 1e+100
0 560.882 560.882 1e+100
12 415.793 1663.17 1e+100
8 738.832 738.832 1e+100
5 31.7821 127.128 1e+100
10 1299.22 1299.22 1e+100
1 256.643 1026.57 1e+100
3 320.474 2281.9 1e+100
8 1463.36 1463.36 1e+100
14 897.513 897.513 1e+100
5 1114.53 2114.53 1e+100
13 645.85 645.85 1e+100
15 246.873 1987.49 1e+100
11 887.86 887.86 1e+100
2 150.913 150.913 1e+100
6 1495.4 1495.4 1e+100
9 592.804 2371.22 1e+100
7 908.389 4633.56 1e+100
4 241.046 964.185 1e+100
2 960.357 960.357 1e+100
1 339.087 339.087 1e+100
12 251.386 251.386 1e+100
0 330.723 330.723 1e+100
3 1025.68 2025.68 1e+100
15 374.175 1496.7 1e+100
10 253.72 253.72 1e+100
8 385.946 1543.78 1e+100
5 146.251 146.251 1e+100
11 149.941 599.764 1e+100
3 1788.38 1788.38 1e+100
14 125.756 503.024 1e+100
4 368.219 368.219 1e+100
15 2280.83 2280.83 1e+100
1 572.848 572.848 1e+100
12 247.065 247.065 1e+100
2 160.266 160.266 1e+100
0 162.459 649.837 1e+100
14 1002.25 1002.25 1e+100
15 166.646 666.586 1e+100
13 290.561 2162.24 1e+100
9 164.937 659.747 1e+100
1 1937.88 1937.88 1e+100
6 671.115 2684.46 1e+100
5 784.502 4138.01 1e+100
5 2757.97 2757.97 1e+100
10 618.04 2472.16 1e+100
7 86.1543 344.617 1e+100
12 1289.28 1289.28 1e+100
11 483.067 1932.27 1e+100
0 1517.8 1517.8 1e+100
2 812.805 3251.22 1e+100
8 327.302 1309.21 1e+100
9 1306.02 5224.06 1e+100
13 1250.13 5000.51 1e+100
11 2052.26 2052.26 1e+100
15 2530.77 2530.77 1e+100
4 409.532 1638.13 1e+100
53
0 549.99 4549.99 1e+100
2 792.757 3171.03 1e+100
14 377.416 1509.66 1e+100
3 161.318 645.273 1e+100
13 559.937 559.937 1e+100
10 106.358 106.358 1e+100
5 440.456 440.456 1e+100
9 283.324 1133.3 1e+100
4 241.838 241.838 1e+100
12 408.562 408.562 1e+100
15 489.569 489.569 1e+100
11 436.053 1744.21 1e+100
1 372.547 2490.19 1e+100
13 1900.59 1900.59 1e+100
6 1679.2 6716.8 1e+100
8 1571.98 5571.98 1e+100
7 515.81 515.81 1e+100
7 2387.81 2387.81 1e+100
0 1562.47 1562.47 1e+100
4 1203.73 4814.91 1e+100
12 5609.37 5609.37 1e+100
3 304.972 2219.89 1e+100
9 806.687 806.687 1e+100
5 295.402 295.402 1e+100
14 400.752 400.752 1e+100
10 215.183 860.734 1e+100
1 549.92 3199.68 1e+100
14 2396.36 2396.36 1e+100
0 1554.61 1554.61 1e+100
15 929.004 1929 1e+100
5 327.297 1309.19 1e+100
2 87.361 87.361 1e+100
7 940.122 4760.49 1e+100
11 146.251 146.251 1e+100
13 150.59 602.358 1e+100
3 57.0576 57.0576 1e+100
8 60.8491 243.396 1e+100
10 233.528 233.528 1e+100
12 296.836 296.836 1e+100
10 2153.58 2153.58 1e+100
4 930.657 930.657 1e+100
6 614.675 614.675 1e+100
9 190.58 762.32 1e+100
1 327.609 327.609 1e+100
2 581.747 581.747 1e+100
5 91.8337 367.335 1e+100
11 652.612 652.612 1e+100
15 704.257 1704.26 1e+100
8 890.078 890.078 1e+100
6 1342.61 1342.61 1e+100
4 1429.46 1429.46 1e+100
13 73.4241 293.696 1e+100
0 146.143 146.143 1e+100
61
0 549.99 4549.99 1e+100
2 792.757 3171.03 1e+100
14 377.416 1509.66 1e+100
3 161.318 645.273 1e+100
13 559.937 559.937 1e+100
10 106.358 106.358 1e+100
5 440.456 440.456 1e+100
9 283.324 1133.3 1e+100
4 241.838 241.838 1e+100
12 408.562 408.562 1e+100
15 489.569 489.569 1e+100
11 436.053 1744.21 1e+100
1 372.547 2490.19 1e+100
5 1671.41 1671.41 1e+100
6 1679.2 6716.8 1e+100
8 1571.98 5571.98 1e+100
7 515.81 515.81 1e+100
7 2387.81 2387.81 1e+100
0 1562.47 1562.47 1e+100
4 1203.73 4814.91 1e+100
10 541.951 541.951 1e+100
3 304.972 2219.89 1e+100
9 806.687 806.687 1e+100
13 408.141 408.141 1e+100
14 371.427 371.427 1e+100
12 6.47906 25.9163 1e+100
15 283.726 2134.9 1e+100
0 2067.56 2067.56 1e+100
8 558.429 558.429 1e+100
1 266.804 266.804 1e+100
2 178.776 715.104 1e+100
10 389.21 1556.84 1e+100
12 585.848 585.848 1e+100
13 353.01 1412.04 1e+100
5 427.128 1708.51 1e+100
4 350.679 350.679 1e+100
15 365.259 1461.04 1e+100
11 60.9599 243.84 1e+100
6 69.4803 277.921 1e+100
8 923.176 923.176 1e+100
3 116.228 1464.91 1e+100
9 291.316 2165.27 1e+100
7 2021.18 3021.18 1e+100
10 524.73 2098.92 1e+100
10 2683.84 2683.84 1e+100
14 1618.81 1618.81 1e+100
2 1084.7 4338.79 1e+100
4 988.086 3952.34 1e+100
6 2841.34 2841.34 1e+100
13 364.027 1456.11 1e+100
15 960.389 1960.39 1e+100
3 1227.4 4909.59 1e+100
0 3153.65 3153.65 1e+100
13 1663.94 6655.77 1e+100
15 2227.13 2227.13 1e+100
4 2367.88 2367.88 1e+100
14 2805.67 2805.67 1e+100
5 570.684 3282.74 1e+100
1 155.331 621.322 1e+100
12 385.037 1540.15 1e+100
9 559.157 2236.63 1e+100
71
0 549.99 4549.99 1e+100
2 792.757 3171.03 1e+100
14 377.416 1509.66 1e+100
3 161.318 645.273 1e+100
13 559.937 559.937 1e+100
10 106.358 106.358 1e+100
5 440.456 440.456 1e+100
9 283.324 1133.3 1e+100
4 241.838 241.838 1e+100
12 408.562 408.562 1e+100
15 489.569 489.569 1e+100
11 436.053 1744.21 1e+100
1 372.547 2490.19 1e+100
9 5911.07 5911.07 1e+100
6 1679.2 6716.8 1e+100
8 1571.98 5571.98 1e+100
7 515.81 515.81 1e+100
7 2387.81 2387.81 1e+100
5 1678.24 2678.24 1e+100
15 1450.84 6803.37 1e+100
5 4295.1 4295.1 1e+100
14 128.752 128.752 1e+100
10 631.251 631.251 1e+100
12 577.477 577.477 1e+100
2 755.783 755.783 1e+100
4 214.357 214.357 1e+100
0 160.266 160.266 1e+100
12 1436.88 1436.88 1e+100
10 1568.71 6274.85 1e+100
1 119.031 119.031 1e+100
6 1647.03 6588.12 1e+100
3 4657.41 5657.41 1e+100
3 487.565 1950.26 1e+100
11 1156.77 1156.77 1e+100
9 256.769 1027.07 1e+100
8 1108.1 4432.42 1e+100
14 295.199 295.199 1e+100
4 1663 1663 1e+100
0 385.532 1542.13 1e+100
7 148.537 148.537 1e+100
2 3822.01 3822.01 1e+100
1 668.77 2675.08 1e+100
13 542.25 3169 1e+100
13 4174.68 4174.68 1e+100
9 3364.07 3364.07 1e+100
15 226.91 226.91 1e+100
0 3482.49 3482.49 1e+100
2 2072.93 8291.74 1e+100
6 1516.93 6067.73 1e+100
14 3173.87 3173.87 1e+100
11 1097.82 5391.29 1e+100
12 1123.14 4492.55 1e+100
13 2089.15 9356.61 1e+100
12 2750.99 2750.99 1e+100
10 889.852 3559.41 1e+100
4 3419.65 3419.65 1e+100
0 924.773 3699.09 1e+100
14 571.001 2284 1e+100
7 2460.38 3460.38 1e+100
15 3654.33 3654.33 1e+100
11 2216.04 2216.04 1e+100
10 2059.51 2059.51 1e+100
12 4307.44 4307.44 1e+100
8 1550.4 6201.61 1e+100
15 1190.21 5760.83 1e+100
8 3065.79 3065.79 1e+100
1 1638.31 7553.22 1e+100
4 931.785 3727.14 1e+100
6 3025.29 3025.29 1e+100
5 1184.79 4739.15 1e+100
10 2773.89 2773.89 1e+100
57
0 549.99 4549.99 1e+100
2 792.757 3171.03 1e+100
14 377.416 1509.66 1e+100
3 161.318 645.273 1e+100
13 559.937 559.937 1e+100
10 106.358 106.358 1e+100
5 440.456 440.456 1e+100
9 283.324 1133.3 1e+100
4 241.838 241.838 1e+100
12 408.562 408.562 1e+100
15 489.569 489.569 1e+100
11 436.053 1744.21 1e+100
1 372.547 2490.19 1e+100
13 1900.59 1900.59 1e+100
6 1679.2 6716.8 1e+100
8 1571.98 5571.98 1e+100
7 515.81 515.81 1e+100
7 2387.81 2387.81 1e+100
14 1406.49 1406.49 1e+100
10 862.336 3449.34 1e+100
3 534.035 1534.04 1e+100
0 506.03 2024.12 1e+100
9 806.687 806.687 1e+100
5 344.108 344.108 1e+100
2 959.214 959.214 1e+100
12 45.4517 181.807 1e+100
4 206.887 827.549 1e+100
14 1911.58 1911.58 1e+100
0 3500.58 3500.58 1e+100
14 3641.49 3641.49 1e+100
1 167.324 669.294 1e+100
13 1064.33 1064.33 1e+100
15 351.11 1404.44 1e+100
11 550.804 3203.21 1e+100
0 273.198 273.198 1e+100
10 124.246 124.246 1e+100
12 30.5345 122.138 1e+100
7 76.082 76.082 1e+100
6 682.741 682.741 1e+100
3 119.063 1119.06 1e+100
2 1069.38 1069.38 1e+100
11 2188.49 3188.49 1e+100
4 174.654 698.615 1e+100
9 369.049 2476.2 1e+100
1 100.2 400.801 1e+100
8 241.531 966.123 1e+100
12 253.718 1014.87 1e+100
10 623.793 623.793 1e+100
15 107.227 107.227 1e+100
8 1220.91 1220.91 1e+100
5 68.8682 275.473 1e+100
12 1454.78 1454.78 1e+100
13 209.238 836.951 1e+100
3 557.013 557.013 1e+100
4 539.094 539.094 1e+100
7 237.078 948.314 1e+100
6 1227.41 1227.41 1e+100
74
0 549.99 4549.99 1e+100
2 792.757 3171.03 1e+100
14 377.416 1509.66 1e+100
3 161.318 645.273 1e+100
13 559.937 559.937 1e+100
10 106.358 106.358 1e+100
5 440.456 440.456 1e+100
9 283.324 1133.3 1e+100
4 241.838 241.838 1e+100
12 408.562 408.562 1e+100
15 489.569 489.569 1e+100
11 436.053 1744.21 1e+100
1 372.547 2490.19 1e+100
14 3918.29 7918.29 1e+100
6 1679.2 6716.8 1e+100
8 1571.98 5571.98 1e+100
7 515.81 515.81 1e+100
7 2387.81 2387.81 1e+100
5 1678.24 2678.24 1e+100
0 724.572 2898.29 1e+100
3 219.688 219.688 1e+100
14 181.635 181.635 1e+100
10 631.251 631.251 1e+100
12 577.477 577.477 1e+100
2 942.546 942.546 1e+100
4 91.6394 91.6394 1e+100
0 1268.65 1268.65 1e+100
11 150.556 1150.56 1e+100
13 274.068 2096.27 1e+100
15 189.552 189.552 1e+100
6 1647.03 6588.12 1e+100
1 141.827 567.31 1e+100
7 1316.24 6264.95 1e+100
8 1566.95 1566.95 1e+100
9 322.959 322.959 1e+100
3 14.4314 14.4314 1e+100
11 987.878 3951.51 1e+100
6 5145.5 5145.5 1e+100
10 86.3327 86.3327 1e+100
5 907.203 3628.81 1e+100
1 524.169 2096.68 1e+100
7 2435.8 3435.8 1e+100
0 4473.31 4473.31 1e+100
4 2925.52 2925.52 1e+100
13 269.593 1078.37 1e+100
15 968.875 4875.5 1e+100
3 2912.6 2912.6 1e+100
15 4269.82 4269.82 1e+100
12 614.118 4614.12 1e+100
2 1896.17 1896.17 1e+100
9 464.367 2857.47 1e+100
6 1516.93 6067.73 1e+100
5 2007.59 3007.59 1e+100
4 417.997 1671.99 1e+100
0 155.668 622.671 1e+100
3 827.077 4308.31 1e+100
12 3695.73 3695.73 1e+100
14 1016.87 4067.48 1e+100
8 3819.72 3819.72 1e+100
0 1322.59 5290.36 1e+100
10 446.329 1785.31 1e+100
2 3022.07 3022.07 1e+100
1 2952.53 2952.53 1e+100
15 1845.3 1845.3 1e+100
14 2186.53 2186.53 1e+100
13 1340.53 2340.53 1e+100
8 1305.3 5221.2 1e+100
1 488.413 2953.65 1e+100
4 3077.84 3077.84 1e+100
11 626.855 3507.42 1e+100
12 858.943 3435.77 1e+100
10 2320.28 2320.28 1e+100
9 389.182 1556.73 1e+100
14 2900.91 2900.91 1e+100
68
14 770.692 3082.77 1e+100
3 128.83 515.322 1e+100
15 514.159 514.159 1e+100
10 106.358 106.358 1e+100
4 274.662 274.662 1e+100
2 300.611 1202.44 1e+100
7 596.818 2387.27 1e+100
6 265.698 265.698 1e+100
9 325.666 1302.67 1e+100
13 191.792 1767.17 1e+100
11 474.883 1899.53 1e+100
0 560.882 560.882 1e+100
12 415.793 1663.17 1e+100
8 738.832 738.832 1e+100
5 31.7821 127.128 1e+100
13 1747.91 2747.91 1e+100
1 256.643 1026.57 1e+100
3 320.474 2281.9 1e+100
8 1463.36 1463.36 1e+100
9 1354.28 2354.28 1e+100
12 1357.06 5428.23 1e+100
14 4019.64 16078.6 1e+100
14 361.865 1447.46 1e+100
14 1879.38 7517.52 1e+100
3 1492.8 1492.8 1e+100
15 710.51 1710.51 1e+100
11 716.639 2866.55 1e+100
5 445.848 2783.39 1e+100
1 269.243 1076.97 1e+100
2 499.424 499.424 1e+100
12 4190.24 4190.24 1e+100
13 989.012 989.012 1e+100
6 151.805 151.805 1e+100
4 95.6437 95.6437 1e+100
11 1346.47 1346.47 1e+100
3 2053.49 2053.49 1e+100
12 431.859 1727.44 1e+100
5 230.333 921.331 1e+100
8 221.915 887.66 1e+100
4 1719.81 1719.81 1e+100
10 285.268 1141.07 1e+100
15 173.167 173.167 1e+100
0 493.797 493.797 1e+100
7 2709.13 2709.13 1e+100
15 3330.3 3330.3 1e+100
14 1863.62 1863.62 1e+100
0 3950.16 3950.16 1e+100
9 264.891 2059.56 1e+100
2 3630.95 3630.95 1e+100
1 464.715 1858.86 1e+100
5 699.03 3796.12 1e+100
3 2174.15 8696.62 1e+100
5 2880.31 2880.31 1e+100
2 672.677 2690.71 1e+100
0 1349.05 5396.21 1e+100
1 3586.87 3586.87 1e+100
6 1346.47 5385.88 1e+100
11 1677.32 6709.29 1e+100
14 2905.83 2905.83 1e+100
15 692.425 2769.7 1e+100
10 3375.05 3375.05 1e+100
10 1207.51 4830.05 1e+100
8 373.98 1495.92 1e+100
9 1213.13 4852.51 1e+100
13 1082.53 4330.11 1e+100
7 3146.1 3146.1 1e+100
1 1018.66 1018.66 1e+100
4 1422.71 5690.84 1e+100
62
14 770.692 3082.77 1e+100
3 128.83 515.322 1e+100
15 514.159 514.159 1e+100
10 106.358 106.358 1e+100
4 274.662 274.662 1e+100
2 300.611 1202.44 1e+100
7 596.818 2387.27 1e+100
6 265.698 265.698 1e+100
9 325.666 1302.67 1e+100
13 191.792 1767.17 1e+100
11 474.883 1899.53 1e+100
0 560.882 560.882 1e+100
12 415.793 1663.17 1e+100
8 738.832 738.832 1e+100
5 31.7821 127.128 1e+100
4 981.806 981.806 1e+100
1 256.643 1026.57 1e+100
3 320.474 2281.9 1e+100
7 1985.97 2985.97 1e+100
2 728.221 728.221 1e+100
12 1013.69 1013.69 1e+100
15 858.845 858.845 1e+100
14 413.731 1654.92 1e+100
9 881.041 881.041 1e+100
0 1263.64 1263.64 1e+100
10 269.272 269.272 1e+100
13 209.808 839.23 1e+100
6 521.202 2084.81 1e+100
11 330.711 2322.84 1e+100
2 1135.58 1135.58 1e+100
1 359.465 359.465 1e+100
14 997.54 997.54 1e+100
15 1145.86 2145.86 1e+100
4 43.7712 43.7712 1e+100
8 639.011 639.011 1e+100
13 801.195 801.195 1e+100
3 1098.17 2098.17 1e+100
12 139.517 139.517 1e+100
1 1134.5 1134.5 1e+100
5 374.977 374.977 1e+100
10 259.224 1036.9 1e+100
11 143.003 572.012 1e+100
6 393.607 1574.43 1e+100
0 333.343 333.343 1e+100
9 22.2105 1088.84 1e+100
13 3204.86 3204.86 1e+100
4 605.502 605.502 1e+100
2 2437.26 2437.26 1e+100
4 2525.55 2525.55 1e+100
0 3138.19 3138.19 1e+100
2 283.27 283.27 1e+100
11 808.934 3235.73 1e+100
7 1241.78 1241.78 1e+100
12 480.747 480.747 1e+100
15 449.729 1798.92 1e+100
9 1555.54 1555.54 1e+100
14 394.124 394.124 1e+100
10 661.95 661.95 1e+100
0 301.745 301.745 1e+100
12 1579.15 1579.15 1e+100
5 73.4241 293.696 1e+100
8 900.04 900.04 1e+100
62
12 398.122 4398.12 1e+100
10 169.132 676.528 1e+100
14 673.218 673.218 1e+100
8 935.122 935.122 1e+100
11 479.205 479.205 1e+100
13 443.767 1443.77 1e+100
5 282.45 282.45 1e+100
8 2584.2 2584.2 1e+100
1 2747.86 2747.86 1e+100
5 2233.41 2233.41 1e+100
15 607.072 2428.29 1e+100
1 608.26 608.26 1e+100
4 291.339 291.339 1e+100
13 2566.13 2566.13 1e+100
6 297.731 297.731 1e+100
10 1898.59 5898.59 1e+100
7 2078.24 2078.24 1e+100
2 302.479 1209.91 1e+100
0 464.45 1857.8 1e+100
15 1715.3 1715.3 1e+100
12 2929.34 2929.34 1e+100
11 1602.81 1602.81 1e+100
8 3330.59 3330.59 1e+100
14 2094.38 2094.38 1e+100
3 146.578 1586.31 1e+100
9 288.028 1152.11 1e+100
12 620.506 2482.02 1e+100
3 1901.79 1901.79 1e+100
0 1434.98 1434.98 1e+100
2 1201.9 1201.9 1e+100
9 3776.13 3776.13 1e+100
4 458.995 1835.98 1e+100
10 782.294 3129.18 1e+100
9 569.526 1569.53 1e+100
15 261.25 1045 1e+100
5 688.048 2752.19 1e+100
0 271.326 271.326 1e+100
7 157.414 629.657 1e+100
1 60.9599 243.84 1e+100
13 27.977 1111.91 1e+100
6 317.586 317.586 1e+100
14 242.272 969.088 1e+100
12 249.827 999.308 1e+100
2 1716.09 1716.09 1e+100
3 163.037 1652.15 1e+100
14 1807.04 1807.04 1e+100
8 3495.46 3495.46 1e+100
0 1046.39 4185.56 1e+100
10 730.227 2920.91 1e+100
10 2641.15 2641.15 1e+100
15 273.307 1093.23 1e+100
2 2706.27 2706.27 1e+100
7 943.013 3772.05 1e+100
1 1165.93 2165.93 1e+100
11 411.807 1647.23 1e+100
15 1533.89 1533.89 1e+100
12 2463.45 2463.45 1e+100
14 2277.61 2277.61 1e+100
12 449.715 1798.86 1e+100
5 228.909 915.635 1e+100
4 10.1113 40.4451 1e+100
3 681.184 2724.74 1e+100
66
14 709.512 709.512 1e+100
9 322.563 1290.25 1e+100
4 139.91 559.642 1e+100
5 299.855 1199.42 1e+100
3 226.432 905.73 1e+100
11 428.433 2713.73 1e+100
9 2132.26 2132.26 1e+100
7 1005.02 1005.02 1e+100
12 190.372 761.489 1e+100
10 147.702 147.702 1e+100
2 156.731 4626.93 1e+100
1 304.972 1219.89 1e+100
15 394.03 1576.12 1e+100
13 600.736 600.736 1e+100
9 3684.23 3684.23 1e+100
0 450.841 450.841 1e+100
5 1514.83 6059.32 1e+100
5 3196.82 13787.3 1e+100
6 317.346 1269.39 1e+100
11 1658.81 6635.23 1e+100
3 1399.42 6597.67 1e+100
8 411.658 5646.63 1e+100
15 5029.57 5029.57 1e+100
2 6800.22 6800.22 1e+100
2 3464.14 13856.6 1e+100
10 7709.16 7709.16 1e+100
2 688.251 688.251 1e+100
15 366.166 1366.17 1e+100
6 96.2858 96.2858 1e+100
1 19.4106 19.4106 1e+100
12 194.198 194.198 1e+100
14 348.569 348.569 1e+100
7 113.284 113.284 1e+100
3 162.574 162.574 1e+100
0 393.183 1572.73 1e+100
11 163.775 655.1 1e+100
6 1438.14 5752.58 1e+100
14 4082.48 4082.48 1e+100
13 192.652 1770.61 1e+100
5 168.072 168.072 1e+100
8 2626.56 2626.56 1e+100
15 2544.18 2544.18 1e+100
3 3083.45 3083.45 1e+100
4 2475.97 2475.97 1e+100
10 330.57 330.57 1e+100
3 404.533 2618.13 1e+100
2 4309.87 4309.87 1e+100
9 501.152 2004.61 1e+100
4 571.317 2285.27 1e+100
11 473.944 1895.78 1e+100
11 3057.85 3057.85 1e+100
8 233.816 935.263 1e+100
14 802.217 3208.87 1e+100
5 3165.77 3165.77 1e+100
12 1388.86 5555.45 1e+100
1 100.53 402.12 1e+100
6 3519.29 3519.29 1e+100
9 1713.29 6853.14 1e+100
4 3276.82 3276.82 1e+100
5 237.265 1949.06 1e+100
0 490.657 1962.63 1e+100
13 481.999 1928 1e+100
7 460.306 1841.22 1e+100
13 2633.43 2633.43 1e+100
15 2794.12 2794.12 1e+100
10 780.571 3122.28 1e+100
60
0 549.99 4549.99 1e+100
2 792.757 3171.03 1e+100
14 377.416 1509.66 1e+100
3 161.318 645.273 1e+100
13 559.937 559.937 1e+100
10 106.358 106.358 1e+100
5 440.456 440.456 1e+100
9 283.324 1133.3 1e+100
4 241.838 241.838 1e+100
12 408.562 408.562 1e+100
15 489.569 489.569 1e+100
11 436.053 1744.21 1e+100
1 372.547 2490.19 1e+100
13 1900.59 1900.59 1e+100
6 1679.2 6716.8 1e+100
8 1571.98 5571.98 1e+100
7 515.81 515.81 1e+100
7 2387.81 2387.81 1e+100
4 2009.02 2009.02 1e+100
0 724.572 2898.29 1e+100
3 404.316 2617.26 1e+100
10 672.632 2690.53 1e+100
12 691.035 2764.14 1e+100
14 320.378 1281.51 1e+100
5 222.217 222.217 1e+100
2 1294.13 1294.13 1e+100
15 768.636 3074.55 1e+100
11 452.127 2808.51 1e+100
1 259.115 1036.46 1e+100
9 287.471 1149.88 1e+100
8 1079.76 4319.03 1e+100
0 169.948 169.948 1e+100
3 727.391 727.391 1e+100
13 751.333 751.333 1e+100
5 615.546 2462.19 1e+100
4 2339.4 2339.4 1e+100
14 204.495 204.495 1e+100
6 788.444 7153.78 1e+100
11 250.811 1003.24 1e+100
8 2199.32 2199.32 1e+100
10 370.12 370.12 1e+100
12 333.438 333.438 1e+100
2 252.784 252.784 1e+100
7 287.976 1287.98 1e+100
15 432.41 1432.41 1e+100
9 174.654 1698.61 1e+100
1 517.655 3070.62 1e+100
3 456.652 1826.61 1e+100
0 779.96 3119.84 1e+100
14 565.43 2261.72 1e+100
0 2262.55 2262.55 1e+100
5 109.641 109.641 1e+100
10 1019.96 1019.96 1e+100
11 52.3599 209.44 1e+100
12 591.823 591.823 1e+100
13 64.0284 256.114 1e+100
9 639.611 639.611 1e+100
2 590.218 590.218 1e+100
7 1124.85 4499.41 1e+100
6 1161.33 1161.33 1e+100
65
0 549.99 4549.99 1e+100
2 792.757 3171.03 1e+100
14 377.416 1509.66 1e+100
3 161.318 645.273 1e+100
13 559.937 559.937 1e+100
10 106.358 106.358 1e+100
5 440.456 440.456 1e+100
9 283.324 1133.3 1e+100
4 241.838 241.838 1e+100
12 408.562 408.562 1e+100
15 489.569 489.569 1e+100
11 436.053 1744.21 1e+100
1 372.547 2490.19 1e+100
3 8081.88 8081.88 1e+100
6 1679.2 6716.8 1e+100
8 1571.98 5571.98 1e+100
7 515.81 515.81 1e+100
7 2387.81 2387.81 1e+100
0 1562.47 1562.47 1e+100
10 862.336 3449.34 1e+100
11 7611.96 7611.96 1e+100
14 244.988 244.988 1e+100
12 640.874 640.874 1e+100
4 744.94 744.94 1e+100
2 886.422 886.422 1e+100
14 1693.3 1693.3 1e+100
12 1576.75 1576.75 1e+100
4 1604.34 1604.34 1e+100
5 274.414 2097.65 1e+100
1 97.1013 97.1013 1e+100
7 1892.2 8568.79 1e+100
15 531.002 1531 1e+100
11 175.77 703.082 1e+100
10 410.352 410.352 1e+100
2 1339.56 5358.23 1e+100
13 273.479 273.479 1e+100
5 446.271 1785.09 1e+100
1 306.227 306.227 1e+100
8 60.8491 243.396 1e+100
6 391.726 391.726 1e+100
11 248.728 248.728 1e+100
7 3346.97 3346.97 1e+100
0 364.499 364.499 1e+100
4 3387.25 3387.25 1e+100
3 442.394 2769.57 1e+100
12 2923.27 2923.27 1e+100
9 365.253 1461.01 1e+100
14 1342.81 5371.24 1e+100
12 137.339 4549.35 1e+100
13 3063.52 3063.52 1e+100
4 924.657 3698.63 1e+100
10 1291.18 5164.74 1e+100
9 3487.41 3487.41 1e+100
8 571.419 2285.68 1e+100
15 131.402 525.609 1e+100
14 2729.73 2729.73 1e+100
13 600.886 2403.54 1e+100
0 1165.35 1165.35 1e+100
11 706.797 3827.19 1e+100
2 497.628 1990.51 1e+100
5 470.058 1880.23 1e+100
1 1285.02 5140.07 1e+100
5 2621.49 2621.49 1e+100
9 919.194 919.194 1e+100
6 432.885 1731.54 1e+100
70
14 709.512 709.512 1e+100
9 322.563 1290.25 1e+100
4 139.91 559.642 1e+100
5 299.855 1199.42 1e+100
3 226.432 905.73 1e+100
11 428.433 2713.73 1e+100
15 2963.71 2963.71 1e+100
7 1005.02 1005.02 1e+100
12 190.372 761.489 1e+100
10 147.702 147.702 1e+100
2 156.731 4626.93 1e+100
1 304.972 1219.89 1e+100
15 394.03 1576.12 1e+100
13 600.736 600.736 1e+100
3 1711.7 1711.7 1e+100
0 450.841 450.841 1e+100
13 2530.73 10122.9 1e+100
8 5817.99 23272 1e+100
6 317.346 1269.39 1e+100
11 1658.81 6635.23 1e+100
15 6569.44 27277.8 1e+100
8 411.658 5646.63 1e+100
1 2368.52 2368.52 1e+100
5 736.929 1736.93 1e+100
9 1723.8 7895.22 1e+100
10 5046.85 5046.85 1e+100
10 1119.17 1119.17 1e+100
5 208.725 834.898 1e+100
6 491.389 1965.55 1e+100
3 622.133 1622.13 1e+100
11 527.025 527.025 1e+100
1 4849.01 4849.01 1e+100
7 78.7382 314.953 1e+100
6 2160.69 2160.69 1e+100
14 3105.29 3105.29 1e+100
9 645.058 2580.23 1e+100
1 582.805 2331.22 1e+100
6 3937.14 3937.14 1e+100
10 3598.8 3598.8 1e+100
12 333.438 333.438 1e+100
2 327.61 5310.44 1e+100
5 186.924 1747.69 1e+100
13 4480.53 4480.53 1e+100
11 4188.47 4188.47 1e+100
3 4067.43 4067.43 1e+100
14 370.12 370.12 1e+100
4 491.702 1966.81 1e+100
7 1372.27 6489.06 1e+100
9 1745.44 2745.44 1e+100
13 150.425 1601.7 1e+100
15 157.695 1630.78 1e+100
13 6062.05 25248.2 1e+100
8 5614.3 5614.3 1e+100
11 505.425 3021.7 1e+100
4 3455.36 3455.36 1e+100
1 805.159 4220.63 1e+100
2 1605.32 6421.29 1e+100
12 2833.7 2833.7 1e+100
15 3352.42 3352.42 1e+100
11 1763.95 1763.95 1e+100
8 1801.52 1801.52 1e+100
14 3258.51 3258.51 1e+100
12 831.648 3326.59 1e+100
3 892.133 4568.53 1e+100
10 3645.03 3645.03 1e+100
5 962.336 4849.34 1e+100
4 967.496 3869.98 1e+100
2 3479.28 3479.28 1e+100
13 343.932 1375.73 1e+100
8 2515.91 2515.91 1e+100
62
0 549.99 4549.99 1e+100
2 792.757 3171.03 1e+100
14 377.416 1509.66 1e+100
3 161.318 645.273 1e+100
13 559.937 559.937 1e+100
10 106.358 106.358 1e+100
5 440.456 440.456 1e+100
9 283.324 1133.3 1e+100
4 241.838 241.838 1e+100
12 408.562 408.562 1e+100
15 489.569 489.569 1e+100
11 436.053 1744.21 1e+100
1 372.547 2490.19 1e+100
15 2281.9 2281.9 1e+100
6 1679.2 6716.8 1e+100
8 1571.98 5571.98 1e+100
7 515.81 515.81 1e+100
14 2008.26 6008.26 1e+100
8 3098.12 3098.12 1e+100
0 724.572 2898.29 1e+100
5 435.982 1435.98 1e+100
3 522.116 522.116 1e+100
10 584.007 2336.03 1e+100
11 893.521 893.521 1e+100
4 699.195 699.195 1e+100
9 617.517 1617.52 1e+100
3 1653.67 6614.67 1e+100
7 713.487 3853.95 1e+100
12 155.305 621.219 1e+100
5 881.371 1881.37 1e+100
1 148.716 148.716 1e+100
13 235.36 1235.36 1e+100
2 385.524 385.524 1e+100
0 504.444 504.444 1e+100
14 1168.1 1168.1 1e+100
1 1297.34 1297.34 1e+100
6 679.869 679.869 1e+100
4 249.501 249.501 1e+100
13 1440.97 1440.97 1e+100
11 694.961 694.961 1e+100
9 606.766 3427.06 1e+100
15 536.978 2147.91 1e+100
7 507.278 3029.11 1e+100
10 106.566 106.566 1e+100
12 22.2105 88.842 1e+100
5 356.825 356.825 1e+100
2 802.91 802.91 1e+100
0 1033.22 1033.22 1e+100
8 2669.04 2669.04 1e+100
2 2751.13 2751.13 1e+100
10 1157.02 1157.02 1e+100
15 4595.09 18380.3 1e+100
9 2841.88 2841.88 1e+100
4 590.731 590.731 1e+100
3 845.264 3381.06 1e+100
5 1055.04 1055.04 1e+100
12 863.729 863.729 1e+100
6 498.316 498.316 1e+100
0 1417.16 1417.16 1e+100
4 1689.14 1689.14 1e+100
11 73.4241 293.696 1e+100
14 1429.13 1429.13 1e+100
68
12 398.122 4398.12 1e+100
10 169.132 676.528 1e+100
14 673.218 673.218 1e+100
8 935.122 935.122 1e+100
11 479.205 479.205 1e+100
13 443.767 1443.77 1e+100
5 282.45 282.45 1e+100
8 2584.2 2584.2 1e+100
10 2138.29 6138.29 1e+100
5 2233.41 2233.41 1e+100
15 607.072 2428.29 1e+100
1 608.26 608.26 1e+100
4 291.339 291.339 1e+100
13 2566.13 2566.13 1e+100
6 297.731 297.731 1e+100
15 2539.59 2539.59 1e+100
7 2078.24 2078.24 1e+100
2 302.479 1209.91 1e+100
0 464.45 1857.8 1e+100
11 1427.91 1427.91 1e+100
2 1539.28 1539.28 1e+100
1 1858.77 1858.77 1e+100
6 1635.35 1635.35 1e+100
12 2836.54 2836.54 1e+100
3 146.578 1586.31 1e+100
9 288.028 1152.11 1e+100
12 620.506 2482.02 1e+100
11 2311.22 2311.22 1e+100
2 2189.37 2189.37 1e+100
4 1186.5 1186.5 1e+100
3 319.278 319.278 1e+100
9 920.807 4683.23 1e+100
14 651.776 2607.1 1e+100
1 1477.55 2477.55 1e+100
5 444.1 1776.4 1e+100
7 576.904 2307.62 1e+100
0 696.531 696.531 1e+100
15 175.759 703.036 1e+100
13 584.175 2336.7 1e+100
8 80.4787 321.915 1e+100
4 833.55 833.55 1e+100
10 142.543 570.171 1e+100
12 371.309 371.309 1e+100
11 245.598 245.598 1e+100
15 3140.38 3140.38 1e+100
2 43.4764 43.4764 1e+100
0 3312.7 3312.7 1e+100
14 149.389 597.555 1e+100
6 1783.19 1783.19 1e+100
11 1751.78 7007.12 1e+100
3 827.431 4309.72 1e+100
5 291.447 1165.79 1e+100
5 2875.35 2875.35 1e+100
0 850.111 3400.45 1e+100
12 1226.56 4906.25 1e+100
11 3082.24 3082.24 1e+100
14 2274.26 9097.03 1e+100
7 659.298 2637.19 1e+100
4 2781.62 2781.62 1e+100
15 502.5 2010 1e+100
10 2512.33 2512.33 1e+100
10 344.79 1379.16 1e+100
8 777.928 3111.71 1e+100
13 407.123 1628.49 1e+100
9 269.003 1076.01 1e+100
1 2310.05 2310.05 1e+100
3 1948.07 1948.07 1e+100
2 830.162 3320.65 1e+100
71
0 549.99 4549.99 1e+100
2 792.757 3171.03 1e+100
14 377.416 1509.66 1e+100
3 161.318 645.273 1e+100
13 559.937 559.937 1e+100
10 106.358 106.358 1e+100
5 440.456 440.456 1e+100
9 283.324 1133.3 1e+100
4 241.838 241.838 1e+100
12 408.562 408.562 1e+100
15 489.569 489.569 1e+100
11 436.053 1744.21 1e+100
1 372.547 2490.19 1e+100
13 1900.59 1900.59 1e+100
6 1679.2 6716.8 1e+100
8 1571.98 5571.98 1e+100
7 515.81 515.81 1e+100
7 2387.81 2387.81 1e+100
2 1193.26 1193.26 1e+100
10 862.336 3449.34 1e+100
3 404.316 2617.26 1e+100
5 469.85 2879.4 1e+100
0 102.983 411.931 1e+100
14 320.378 1281.51 1e+100
15 339.848 339.848 1e+100
11 442.311 1442.31 1e+100
0 1822.2 11288.8 1e+100
12 168.063 672.25 1e+100
9 320.567 1282.27 1e+100
3 382.51 382.51 1e+100
4 178.776 715.104 1e+100
1 182.372 1729.49 1e+100
4 5183 5183 1e+100
13 3217.37 12869.5 1e+100
5 400.55 1602.2 1e+100
12 140.425 140.425 1e+100
11 157.414 629.657 1e+100
15 275.88 1103.52 1e+100
6 69.4803 277.921 1e+100
2 69.2671 69.2671 1e+100
14 142.543 570.171 1e+100
1 367.729 1470.92 1e+100
10 117.599 470.396 1e+100
5 3935.01 3935.01 1e+100
9 943.387 943.387 1e+100
3 3396.62 3396.62 1e+100
8 831.633 831.633 1e+100
13 157.453 1629.81 1e+100
7 179.833 1719.33 1e+100
2 2013.13 2013.13 1e+100
12 701.479 2805.92 1e+100
14 1459.15 5836.59 1e+100
12 2490.18 9960.72 1e+100
5 1824.81 2824.81 1e+100
3 1215.3 5861.21 1e+100
10 3108.15 3108.15 1e+100
4 1236.56 4946.23 1e+100
0 682.534 2730.13 1e+100
6 1876.17 1876.17 1e+100
11 2980.71 2980.71 1e+100
13 2856.48 2856.48 1e+100
12 3568.52 3568.52 1e+100
0 3401.52 3401.52 1e+100
15 798.695 4194.78 1e+100
11 516.588 3066.35 1e+100
8 1470.87 1470.87 1e+100
1 1337.27 6349.06 1e+100
10 620.288 2481.15 1e+100
7 1688.19 2688.19 1e+100
9 933.197 3732.79 1e+100
14 1538.37 1538.37 1e+100
62
14 709.512 709.512 1e+100
9 322.563 1290.25 1e+100
4 139.91 559.642 1e+100
5 299.855 1199.42 1e+100
3 226.432 905.73 1e+100
11 428.433 2713.73 1e+100
15 2963.71 2963.71 1e+100
7 1005.02 1005.02 1e+100
12 190.372 761.489 1e+100
10 147.702 147.702 1e+100
2 156.731 4626.93 1e+100
1 304.972 1219.89 1e+100
15 394.03 1576.12 1e+100
13 600.736 600.736 1e+100
3 1711.7 1711.7 1e+100
0 450.841 450.841 1e+100
11 1678.15 6712.61 1e+100
2 1328.26 5313.06 1e+100
6 317.346 1269.39 1e+100
13 2424.3 9697.19 1e+100
10 1483.28 5933.14 1e+100
8 411.658 5646.63 1e+100
7 2797.23 2797.23 1e+100
0 6567.29 6567.29 1e+100
14 2120.78 8483.13 1e+100
2 2080.81 8323.25 1e+100
9 213.849 1855.4 1e+100
4 304.388 1217.55 1e+100
0 1079.96 4319.83 1e+100
5 284.684 284.684 1e+100
3 1829.63 2829.63 1e+100
12 1042.21 8168.84 1e+100
1 1209.06 5836.25 1e+100
9 932.716 3730.86 1e+100
14 1625.81 1625.81 1e+100
11 185.212 740.849 1e+100
4 111.46 111.46 1e+100
6 481.32 1925.28 1e+100
13 510.777 510.777 1e+100
15 224.728 898.913 1e+100
5 57.0576 57.0576 1e+100
10 435.036 1740.14 1e+100
2 638.885 2555.54 1e+100
0 869.486 869.486 1e+100
11 442.787 2771.15 1e+100
8 2700.82 2700.82 1e+100
12 888.979 888.979 1e+100
4 832.82 3331.28 1e+100
1 314.918 2259.67 1e+100
6 2540.33 2540.33 1e+100
3 234.365 937.462 1e+100
8 483.889 483.889 1e+100
7 212.503 850.013 1e+100
12 2455.85 2455.85 1e+100
15 559.457 2237.83 1e+100
3 1494.94 1494.94 1e+100
11 1566.46 2566.46 1e+100
10 1353.84 1353.84 1e+100
2 838.773 3355.09 1e+100
9 348.602 1394.41 1e+100
14 502.21 2008.84 1e+100
13 368.579 1474.31 1e+100
63
14 709.512 709.512 1e+100
9 322.563 1290.25 1e+100
4 139.91 559.642 1e+100
5 299.855 1199.42 1e+100
3 226.432 905.73 1e+100
11 428.433 2713.73 1e+100
13 2999.7 2999.7 1e+100
7 1005.02 1005.02 1e+100
12 190.372 761.489 1e+100
10 147.702 147.702 1e+100
2 156.731 4626.93 1e+100
1 304.972 1219.89 1e+100
15 394.03 1576.12 1e+100
13 600.736 600.736 1e+100
3 1711.7 1711.7 1e+100
0 450.841 450.841 1e+100
9 1470.79 5883.17 1e+100
2 1328.26 5313.06 1e+100
6 317.346 1269.39 1e+100
11 1658.81 6635.23 1e+100
10 1483.28 5933.14 1e+100
8 411.658 5646.63 1e+100
15 1791.78 1791.78 1e+100
5 736.929 1736.93 1e+100
4 1227.59 4910.35 1e+100
14 999.117 999.117 1e+100
0 825.847 825.847 1e+100
6 404.416 404.416 1e+100
5 160.842 643.367 1e+100
1 623.929 623.929 1e+100
3 774.913 3099.65 1e+100
12 442.339 1769.36 1e+100
2 500.718 500.718 1e+100
7 315.185 1315.19 1e+100
14 93.6077 374.431 1e+100
11 703.054 703.054 1e+100
6 3298.75 3298.75 1e+100
4 537.597 537.597 1e+100
5 158.773 158.773 1e+100
13 127.377 127.377 1e+100
0 337.67 337.67 1e+100
10 160.266 160.266 1e+100
9 119.111 1476.44 1e+100
8 3192.09 3192.09 1e+100
15 164.742 658.967 1e+100
12 1218.79 4875.17 1e+100
1 87.2846 349.138 1e+100
9 2510.18 2510.18 1e+100
8 233.816 935.263 1e+100
14 573.918 2295.67 1e+100
1 2396.43 2396.43 1e+100
2 1009.99 4039.97 1e+100
3 250.617 1002.47 1e+100
0 1379.89 1379.89 1e+100
7 263.467 1053.87 1e+100
12 2364.34 2364.34 1e+100
10 812.805 3251.22 1e+100
11 1012.18 5048.7 1e+100
13 672.01 2688.04 1e+100
5 954.933 3819.73 1e+100
7 1832.66 1832.66 1e+100
15 718.683 718.683 1e+100
4 578.649 2314.6 1e+100
66
5 333.966 1333.97 1e+100
10 153.731 153.731 1e+100
9 329.567 329.567 1e+100
11 404.322 404.322 1e+100
3 174.647 174.647 1e+100
15 539.039 539.039 1e+100
13 549.503 549.503 1e+100
2 283.638 1134.55 1e+100
1 630.522 630.522 1e+100
14 789.307 789.307 1e+100
4 226.91 226.91 1e+100
0 361.428 1445.71 1e+100
15 1861.6 1861.6 1e+100
12 479.795 479.795 1e+100
7 1827.36 7309.42 1e+100
11 2407.24 2407.24 1e+100
8 635.395 635.395 1e+100
6 920.773 3683.09 1e+100
1 4490.17 4490.17 1e+100
13 1414.36 5657.46 1e+100
14 3463.62 3463.62 1e+100
1 2116.9 3116.9 1e+100
9 924.101 924.101 1e+100
5 279.936 1279.94 1e+100
0 1104.58 4418.32 1e+100
3 771.774 771.774 1e+100
11 7127.87 7127.87 1e+100
10 820.49 820.49 1e+100
2 183.512 734.048 1e+100
14 135.123 540.493 1e+100
4 2564.87 2564.87 1e+100
4 551.475 551.475 1e+100
0 1711.45 1711.45 1e+100
5 175.77 703.082 1e+100
2 631.466 631.466 1e+100
10 1587.15 6348.6 1e+100
7 388.598 388.598 1e+100
9 149.941 599.764 1e+100
11 742.445 742.445 1e+100
12 125.756 503.024 1e+100
6 634.994 634.994 1e+100
15 2404.85 2404.85 1e+100
13 2336.47 2336.47 1e+100
8 2870.8 2870.8 1e+100
14 3067.84 3067.84 1e+100
8 756.353 3025.41 1e+100
0 2530.29 2530.29 1e+100
15 290.669 1162.68 1e+100
5 312.692 2250.77 1e+100
3 160.911 643.644 1e+100
7 3178.63 3178.63 1e+100
13 147.173 1588.69 1e+100
14 466.737 1866.95 1e+100
3 2470.06 2470.06 1e+100
12 636.326 2545.3 1e+100
2 538.271 6153.08 1e+100
12 3100.82 3100.82 1e+100
7 716.005 2864.02 1e+100
4 2742.56 2742.56 1e+100
9 36.113 1144.45 1e+100
10 745.219 2980.88 1e+100
1 596.849 2387.39 1e+100
5 1272.26 5089.03 1e+100
9 2326.44 2326.44 1e+100
1 2600.57 2600.57 1e+100
6 676.047 2704.19 1e+100
71
14 709.512 709.512 1e+100
9 322.563 1290.25 1e+100
4 139.91 559.642 1e+100
5 299.855 1199.42 1e+100
3 226.432 905.73 1e+100
11 428.433 2713.73 1e+100
13 2999.7 2999.7 1e+100
7 1005.02 1005.02 1e+100
12 190.372 761.489 1e+100
10 147.702 147.702 1e+100
2 156.731 4626.93 1e+100
1 304.972 1219.89 1e+100
15 394.03 1576.12 1e+100
13 600.736 600.736 1e+100
10 3861.21 7861.21 1e+100
0 450.841 450.841 1e+100
11 1678.15 6712.61 1e+100
2 1328.26 5313.06 1e+100
6 317.346 1269.39 1e+100
3 1588.05 6352.2 1e+100
10 1483.28 5933.14 1e+100
8 411.658 5646.63 1e+100
9 921.348 921.348 1e+100
14 1471.86 1471.86 1e+100
4 1227.59 4910.35 1e+100
12 2584.2 2584.2 1e+100
13 3376.95 3376.95 1e+100
5 157.646 1630.59 1e+100
3 2257.05 2257.05 1e+100
12 687.843 687.843 1e+100
0 1126.12 1126.12 1e+100
7 473.093 1892.37 1e+100
6 947.264 3789.06 1e+100
12 3042.72 12170.9 1e+100
0 3313.98 3313.98 1e+100
1 251.731 251.731 1e+100
15 391.164 1391.16 1e+100
2 173.885 173.885 1e+100
9 593.41 1593.41 1e+100
6 4089.11 4089.11 1e+100
1 1400.36 1400.36 1e+100
4 523.139 523.139 1e+100
12 3258.47 3258.47 1e+100
15 3882.45 3882.45 1e+100
5 162.574 162.574 1e+100
7 713.936 3855.74 1e+100
11 242.65 970.601 1e+100
6 737.256 2949.02 1e+100
14 274.02 274.02 1e+100
2 696.835 2787.34 1e+100
11 3039.97 3039.97 1e+100
8 853.986 3415.95 1e+100
10 3200.05 3200.05 1e+100
10 1077.38 4309.54 1e+100
14 1541.98 1541.98 1e+100
2 2549.49 2549.49 1e+100
15 420.648 2682.59 1e+100
9 972.201 4888.81 1e+100
0 2403.38 2403.38 1e+100
11 716.489 2865.95 1e+100
5 217.072 1217.07 1e+100
3 299.76 1199.04 1e+100
14 2400.29 2400.29 1e+100
13 975.789 3903.16 1e+100
3 2106.4 2106.4 1e+100
8 3067.61 3067.61 1e+100
4 1602.64 1602.64 1e+100
8 1053.87 4215.5 1e+100
1 1607.42 6429.67 1e+100
7 957.14 4828.56 1e+100
5 1051.94 4207.77 1e+100
64
5 333.966 1333.97 1e+100
10 153.731 153.731 1e+100
9 329.567 329.567 1e+100
11 404.322 404.322 1e+100
3 174.647 174.647 1e+100
15 539.039 539.039 1e+100
13 549.503 549.503 1e+100
2 283.638 1134.55 1e+100
1 630.522 630.522 1e+100
14 789.307 789.307 1e+100
4 226.91 226.91 1e+100
0 361.428 1445.71 1e+100
5 1359.88 1359.88 1e+100
12 479.795 479.795 1e+100
7 1827.36 7309.42 1e+100
15 2045.3 2045.3 1e+100
8 635.395 635.395 1e+100
6 920.773 3683.09 1e+100
5 2626.47 2626.47 1e+100
13 1414.36 5657.46 1e+100
3 807.246 1807.25 1e+100
10 1295.3 1295.3 1e+100
9 2767.87 2767.87 1e+100
9 836.705 1836.71 1e+100
11 853.16 853.16 1e+100
2 310.048 1240.19 1e+100
13 2380.38 2380.38 1e+100
14 552.351 552.351 1e+100
4 541.541 541.541 1e+100
1 627.882 2511.53 1e+100
6 1316.89 5267.55 1e+100
12 540.991 2163.96 1e+100
2 933.629 933.629 1e+100
7 1224.95 1224.95 1e+100
0 243.106 243.106 1e+100
14 882.591 882.591 1e+100
12 2544.47 2544.47 1e+100
3 175.77 703.082 1e+100
6 3223.57 3223.57 1e+100
8 309.942 1239.77 1e+100
3 848.909 848.909 1e+100
11 279.094 1116.38 1e+100
15 380.506 380.506 1e+100
0 695.759 2783.04 1e+100
10 114.94 459.761 1e+100
1 869.75 1869.75 1e+100
4 404.454 1617.82 1e+100
2 296.368 296.368 1e+100
0 2547.84 2547.84 1e+100
7 823.851 4295.4 1e+100
14 1123.73 4494.92 1e+100
4 2059.26 2059.26 1e+100
9 529.208 2116.83 1e+100
2 1201.3 1201.3 1e+100
13 420.07 1680.28 1e+100
10 2469.09 2469.09 1e+100
11 613.823 2455.29 1e+100
1 1553.81 1553.81 1e+100
14 2503.52 2503.52 1e+100
2 2339.8 2339.8 1e+100
10 314.828 1259.31 1e+100
5 106.631 426.525 1e+100
8 472.048 1888.19 1e+100
3 706.71 2826.84 1e+100
78
12 398.122 4398.12 1e+100
10 169.132 676.528 1e+100
14 673.218 673.218 1e+100
8 935.122 935.122 1e+100
11 479.205 479.205 1e+100
13 443.767 1443.77 1e+100
5 282.45 282.45 1e+100
8 2584.2 2584.2 1e+100
1 2747.86 2747.86 1e+100
11 4568.95 4568.95 1e+100
15 607.072 2428.29 1e+100
1 608.26 608.26 1e+100
4 291.339 291.339 1e+100
13 2566.13 2566.13 1e+100
6 297.731 297.731 1e+100
11 2252.2 2252.2 1e+100
7 2078.24 2078.24 1e+100
2 302.479 1209.91 1e+100
0 464.45 1857.8 1e+100
15 1715.3 1715.3 1e+100
10 1474.7 1474.7 1e+100
3 2520.96 2520.96 1e+100
8 3330.59 3330.59 1e+100
4 1417.91 1417.91 1e+100
3 146.578 1586.31 1e+100
9 288.028 1152.11 1e+100
12 620.506 2482.02 1e+100
5 2695.09 2695.09 1e+100
7 2475.28 2475.28 1e+100
14 1395.72 1395.72 1e+100
5 553.952 1553.95 1e+100
2 330.26 330.26 1e+100
0 1186.02 1186.02 1e+100
12 1605.18 1605.18 1e+100
2 1336.74 1336.74 1e+100
4 1599.97 1599.97 1e+100
10 1249.78 4999.14 1e+100
9 2728.8 2728.8 1e+100
6 239.337 957.349 1e+100
9 480.17 1480.17 1e+100
8 3120.6 3120.6 1e+100
0 2677.17 6677.17 1e+100
12 2717.04 2717.04 1e+100
2 1615.67 1615.67 1e+100
13 914.974 914.974 1e+100
7 5759.02 5759.02 1e+100
15 555.316 3221.26 1e+100
1 368.526 1474.1 1e+100
6 679.75 2719 1e+100
14 1003.89 1003.89 1e+100
3 1368.4 6473.62 1e+100
7 3217.74 3217.74 1e+100
10 2797.88 2797.88 1e+100
1 4944.31 4944.31 1e+100
15 4602.38 4602.38 1e+100
4 3161.78 3161.78 1e+100
10 4236.89 4236.89 1e+100
4 1047.33 4189.34 1e+100
12 4318.41 4318.41 1e+100
5 292.323 1169.29 1e+100
7 345.089 2380.35 1e+100
5 1839.01 7356.05 1e+100
3 3100.58 3100.58 1e+100
10 405.141 1620.57 1e+100
11 545.303 3181.21 1e+100
5 4148.16 4148.16 1e+100
1 685.249 3741 1e+100
13 1245.83 4983.3 1e+100
0 3291.32 3291.32 1e+100
11 2250.72 9002.87 1e+100
14 3076.87 3076.87 1e+100
14 909.326 3637.3 1e+100
6 831.815 3327.26 1e+100
15 1250.16 5000.64 1e+100
9 1038.98 4155.93 1e+100
11 3819.91 3819.91 1e+100
9 3739.44 3739.44 1e+100
2 1154.84 4619.37 1e+100
