44
3 185.349 1185.35 1e+100
2 993.733 3974.93 1e+100
4 371.121 1484.48 1e+100
0 451.768 451.768 1e+100
5 286.783 1147.13 1e+100
1 912.052 4648.21 1e+100
6 784.172 784.172 1e+100
3 788.173 788.173 1e+100
7 2059.16 2059.16 1e+100
4 1425.5 5425.5 1e+100
0 2294.41 2294.41 1e+100
6 1978.78 1978.78 1e+100
1 1859.25 7437.01 1e+100
2 1975.98 1975.98 1e+100
3 1445.62 2445.62 1e+100
6 2422.14 2422.14 1e+100
5 455.562 2822.25 1e+100
5 5847.16 6847.16 1e+100
7 1292.9 2292.9 1e+100
4 1285.97 1285.97 1e+100
2 6581.94 6581.94 1e+100
4 6928.74 6928.74 1e+100
5 6977.58 6977.58 1e+100
6 4524.77 18099.1 1e+100
5 1077.27 2077.27 1e+100
3 619.325 3477.3 1e+100
1 1314.29 2314.29 1e+100
0 244.405 977.62 1e+100
1 6261.13 7261.13 1e+100
2 312.232 312.232 1e+100
5 2176.56 8706.25 1e+100
3 1214.48 4857.94 1e+100
3 5297.4 6297.4 1e+100
4 919.338 3677.35 1e+100
7 988.341 3953.36 1e+100
3 3214.11 4214.11 1e+100
0 5346.27 5346.27 1e+100
6 3948.21 3948.21 1e+100
7 2218.61 8874.42 1e+100
7 5970.36 6970.36 1e+100
1 1191.64 4766.57 1e+100
0 3404.33 13617.3 1e+100
2 2226.46 8905.84 1e+100
4 1820.54 11282.2 1e+100
44
7 847.181 4388.72 1e+100
3 134.389 134.389 1e+100
4 654.687 654.687 1e+100
6 194.261 194.261 1e+100
0 114.037 114.037 1e+100
2 250.254 250.254 1e+100
1 172.698 172.698 1e+100
5 383.971 1535.88 1e+100
6 2136.07 8544.26 1e+100
4 1434.75 5738.99 1e+100
7 1232.27 4929.08 1e+100
2 3642.48 7642.48 1e+100
1 1488.34 2488.34 1e+100
5 2312.91 3312.91 1e+100
2 1328.23 1328.23 1e+100
3 5695.39 5695.39 1e+100
6 2904.08 15616.3 1e+100
2 4180.98 4180.98 1e+100
3 958.558 958.558 1e+100
0 1031.72 8126.87 1e+100
5 6045.9 6045.9 1e+100
4 4792.72 4792.72 1e+100
1 1882.85 8531.38 1e+100
4 1453.58 5814.31 1e+100
7 649.969 3599.88 1e+100
0 5091.16 5091.16 1e+100
7 3191.33 13765.3 1e+100
2 4527.93 8527.93 1e+100
2 6593.45 6593.45 1e+100
6 2522.87 10091.5 1e+100
0 1580.99 6323.96 1e+100
4 6970.25 6970.25 1e+100
7 6595.43 6595.43 1e+100
1 6912.4 6912.4 1e+100
4 4404.25 17617 1e+100
3 4551.53 4551.53 1e+100
6 4162.44 4162.44 1e+100
5 1502.67 7010.69 1e+100
7 8022.73 8022.73 1e+100
7 3881.47 3881.47 1e+100
1 1173.89 4695.56 1e+100
5 5092.72 5092.72 1e+100
0 4470.24 4470.24 1e+100
1 2593.55 10374.2 1e+100
44
2 1451.15 5804.59 1e+100
7 282.488 1282.49 1e+100
0 542.876 542.876 1e+100
3 847.573 4390.29 1e+100
1 1146.51 5586.05 1e+100
2 2324.52 13298.1 1e+100
5 274.55 1098.2 1e+100
1 5602.05 5602.05 1e+100
6 900.093 3600.37 1e+100
4 378.607 1514.43 1e+100
7 2325.66 3325.66 1e+100
0 1306.72 1306.72 1e+100
3 1593.68 2593.68 1e+100
5 1040.82 4163.26 1e+100
5 10244.2 11244.2 1e+100
6 8146.47 8146.47 1e+100
4 883.4 3533.6 1e+100
1 1441.43 6765.71 1e+100
0 9058.33 9058.33 1e+100
6 3513.1 14052.4 1e+100
4 2070.56 8282.25 1e+100
7 7241.03 7241.03 1e+100
6 9069.86 9069.86 1e+100
5 3141.18 12564.7 1e+100
3 2983.18 11932.7 1e+100
6 5280.49 21122 1e+100
0 1042.85 4171.4 1e+100
3 8278.62 8278.62 1e+100
2 579.623 2318.49 1e+100
7 1613.78 6455.13 1e+100
7 3974.71 15898.8 1e+100
4 2067.3 12269.2 1e+100
4 5932.83 5932.83 1e+100
2 5605.76 22423.1 1e+100
3 3320.61 13282.4 1e+100
1 6037.77 7037.77 1e+100
2 7293.23 7293.23 1e+100
0 4694.92 4694.92 1e+100
3 4550.88 18203.5 1e+100
5 2727.67 3727.67 1e+100
2 1510.07 10040.3 1e+100
0 2386.15 9544.58 1e+100
4 3047.2 12188.8 1e+100
1 3019.6 12078.4 1e+100
37
2 225.118 900.472 1e+100
7 723.583 1723.58 1e+100
3 834.631 1834.63 1e+100
0 1001.18 1001.18 1e+100
1 191.999 767.997 1e+100
3 2597.35 11389.4 1e+100
6 984.399 3937.59 1e+100
5 308.958 1235.83 1e+100
4 658.745 658.745 1e+100
2 417.66 417.66 1e+100
7 501.733 1501.73 1e+100
0 4646.93 18587.7 1e+100
7 2929.64 2929.64 1e+100
1 727.709 1727.71 1e+100
2 504.346 2017.38 1e+100
0 106.373 425.491 1e+100
6 432.652 1730.61 1e+100
0 5316.11 5316.11 1e+100
5 516.437 3065.75 1e+100
1 6314.98 6314.98 1e+100
4 5775.06 5775.06 1e+100
6 2034.85 8139.4 1e+100
2 925.026 3700.1 1e+100
3 634.338 2537.35 1e+100
1 1403.11 5612.44 1e+100
0 5917.34 5917.34 1e+100
4 549.227 2196.91 1e+100
5 1567.05 6268.18 1e+100
3 5426.75 6426.75 1e+100
2 4662.95 4662.95 1e+100
1 2910.19 3910.19 1e+100
7 2798.65 11194.6 1e+100
6 2704.12 2704.12 1e+100
3 1461.53 5846.13 1e+100
2 2721.01 10884 1e+100
4 1396.37 5585.48 1e+100
5 2953.76 11815 1e+100
37
2 1451.15 5804.59 1e+100
7 282.488 1282.49 1e+100
0 542.876 542.876 1e+100
3 847.573 4390.29 1e+100
1 1146.51 5586.05 1e+100
7 1843.97 7375.89 1e+100
5 274.55 1098.2 1e+100
0 1788.12 5788.12 1e+100
6 900.093 3600.37 1e+100
4 378.607 1514.43 1e+100
2 2652.17 2652.17 1e+100
1 1631.89 2631.89 1e+100
0 2438.71 9754.85 1e+100
4 359.49 1437.96 1e+100
5 247.635 1247.63 1e+100
3 1006.35 5025.41 1e+100
2 2569.45 10277.8 1e+100
1 2672.45 2672.45 1e+100
6 5364.8 5364.8 1e+100
7 936.345 3745.38 1e+100
3 2229.03 8916.13 1e+100
5 1676.87 7707.49 1e+100
0 3146.9 12587.6 1e+100
3 5869.32 5869.32 1e+100
7 2246.57 9986.29 1e+100
5 3199.7 12798.8 1e+100
4 3199.1 3199.1 1e+100
6 1707.07 1707.07 1e+100
4 658.984 2635.94 1e+100
7 2953.45 3953.45 1e+100
1 2506.08 2506.08 1e+100
1 4471.29 4471.29 1e+100
2 3677.72 3677.72 1e+100
0 2935.04 2935.04 1e+100
4 4048.86 4048.86 1e+100
3 1674.53 1674.53 1e+100
2 1261.75 5046.98 1e+100
37
7 847.181 4388.72 1e+100
3 134.389 134.389 1e+100
4 654.687 654.687 1e+100
6 194.261 194.261 1e+100
0 114.037 114.037 1e+100
2 250.254 250.254 1e+100
1 172.698 172.698 1e+100
5 383.971 1535.88 1e+100
0 2364.8 9459.18 1e+100
3 612.433 3449.73 1e+100
7 1232.27 4929.08 1e+100
1 1948.71 1948.71 1e+100
4 1423.47 1423.47 1e+100
1 3492.39 4492.39 1e+100
6 820.971 820.971 1e+100
7 3337.36 3337.36 1e+100
0 3881 3881 1e+100
5 1563.7 6254.79 1e+100
2 3388.04 3388.04 1e+100
1 6705.8 6705.8 1e+100
4 3091.23 3091.23 1e+100
2 595.896 2383.58 1e+100
6 1954.34 7817.37 1e+100
3 1097.8 5391.22 1e+100
7 4974.22 5974.22 1e+100
4 4901.32 4901.32 1e+100
2 4255.73 4255.73 1e+100
4 6260.38 6260.38 1e+100
5 1523.25 7093.01 1e+100
3 3591.46 4591.46 1e+100
3 1287.71 5150.86 1e+100
1 1420.69 5682.76 1e+100
0 2713.18 10852.7 1e+100
4 1166.17 1166.17 1e+100
5 3133.96 4133.96 1e+100
7 142.63 1570.52 1e+100
2 3573.34 3573.34 1e+100
41
2 225.118 900.472 1e+100
7 723.583 1723.58 1e+100
3 834.631 1834.63 1e+100
0 1001.18 1001.18 1e+100
1 191.999 767.997 1e+100
3 2597.35 11389.4 1e+100
6 984.399 3937.59 1e+100
5 308.958 1235.83 1e+100
4 658.745 658.745 1e+100
2 374.087 374.087 1e+100
1 1793.75 7174.99 1e+100
2 4383.96 4383.96 1e+100
7 2010.5 8041.98 1e+100
1 3496.05 4496.05 1e+100
7 8728.15 8728.15 1e+100
3 4656.72 19626.9 1e+100
2 1803.97 11215.9 1e+100
5 147.139 147.139 1e+100
6 1599.61 1599.61 1e+100
4 535.352 2141.41 1e+100
0 106.373 425.491 1e+100
0 2278.45 9113.78 1e+100
6 5023.52 5023.52 1e+100
5 1745.9 7983.59 1e+100
5 5788.99 5788.99 1e+100
2 7286.78 7286.78 1e+100
7 2914.61 12658.4 1e+100
7 799.445 4197.78 1e+100
4 5336.99 5336.99 1e+100
1 6037.91 6037.91 1e+100
3 7014.13 7014.13 1e+100
4 786.241 3144.96 1e+100
0 2827.99 6827.99 1e+100
0 4871.43 4871.43 1e+100
2 3420.94 13683.8 1e+100
5 3063.07 3063.07 1e+100
6 1618.95 5618.95 1e+100
1 2424 9696 1e+100
4 2065.54 6065.54 1e+100
6 4402.59 4402.59 1e+100
3 2695.27 10781.1 1e+100
48
7 847.181 4388.72 1e+100
3 134.389 134.389 1e+100
4 654.687 654.687 1e+100
6 194.261 194.261 1e+100
0 114.037 114.037 1e+100
2 250.254 250.254 1e+100
1 172.698 172.698 1e+100
5 383.971 1535.88 1e+100
0 2364.8 9459.18 1e+100
3 612.433 3449.73 1e+100
7 1232.27 4929.08 1e+100
4 1599.99 5599.99 1e+100
0 4777.85 4777.85 1e+100
0 8868.61 8868.61 1e+100
1 2424.74 3424.74 1e+100
6 1412.29 5412.29 1e+100
6 6770.88 6770.88 1e+100
2 1253.41 9013.64 1e+100
3 1792.95 2792.95 1e+100
3 7238.04 7238.04 1e+100
0 6445.62 6445.62 1e+100
5 906.183 4624.73 1e+100
7 6939.35 28757.4 1e+100
4 2087.6 8350.42 1e+100
4 3027.64 12110.6 1e+100
2 6911.69 6911.69 1e+100
7 1460.15 6840.61 1e+100
5 8620.02 8620.02 1e+100
6 2328.75 9314.98 1e+100
1 9742.44 9742.44 1e+100
1 3122.69 12490.8 1e+100
6 621.289 6485.16 1e+100
2 1125.36 8501.45 1e+100
7 6975.53 7975.53 1e+100
5 1382.28 5529.12 1e+100
4 4378.94 4378.94 1e+100
2 3890.1 7890.1 1e+100
3 7517.45 7517.45 1e+100
3 1114.12 5456.49 1e+100
7 2219.42 2219.42 1e+100
4 7438.75 7438.75 1e+100
6 5690.27 22761.1 1e+100
2 1648.35 5648.35 1e+100
1 6229.09 6229.09 1e+100
5 4295.87 17183.5 1e+100
1 3342.89 3342.89 1e+100
0 5648.61 5648.61 1e+100
5 1324.22 5296.87 1e+100
35
2 143.405 143.405 1e+100
3 176.658 706.631 1e+100
7 1059.06 1059.06 1e+100
3 2227.57 2227.57 1e+100
0 312.572 312.572 1e+100
1 1084.94 4339.75 1e+100
6 947.477 3789.91 1e+100
4 1593.29 6373.17 1e+100
5 259.693 1038.77 1e+100
0 1197.45 1197.45 1e+100
5 1934.05 2934.05 1e+100
4 1936.18 1936.18 1e+100
2 933.414 3733.66 1e+100
6 858.78 858.78 1e+100
7 731.844 1731.84 1e+100
0 1512.56 1512.56 1e+100
1 806.018 1806.02 1e+100
3 2803.44 3803.44 1e+100
3 5077.1 5077.1 1e+100
2 1971.14 7884.55 1e+100
2 3928.49 3928.49 1e+100
5 1107.75 5430.99 1e+100
3 259.435 1259.44 1e+100
4 1158.13 4632.51 1e+100
4 3262.38 3262.38 1e+100
0 3728.83 3728.83 1e+100
7 2772.06 2772.06 1e+100
5 2898.05 2898.05 1e+100
6 670.541 2682.16 1e+100
7 328.874 2315.49 1e+100
0 899.979 899.979 1e+100
6 2740.51 2740.51 1e+100
1 2734.43 10937.7 1e+100
1 509.491 3037.96 1e+100
5 281.59 1281.59 1e+100
42
2 1451.15 5804.59 1e+100
7 282.488 1282.49 1e+100
0 542.876 542.876 1e+100
3 847.573 4390.29 1e+100
1 1146.51 5586.05 1e+100
7 1843.97 7375.89 1e+100
5 274.55 1098.2 1e+100
3 4585.75 4585.75 1e+100
6 900.093 3600.37 1e+100
4 378.607 1514.43 1e+100
4 10617.2 10617.2 1e+100
5 1924.88 2924.88 1e+100
4 3195.17 3195.17 1e+100
7 7860.91 7860.91 1e+100
2 7431.46 7431.46 1e+100
0 1285.42 9141.68 1e+100
1 2520.84 3520.84 1e+100
3 9826.58 9826.58 1e+100
0 6802.61 6802.61 1e+100
6 4488.73 17954.9 1e+100
2 1448.31 5793.22 1e+100
3 1059.87 5239.49 1e+100
5 2237.71 9950.85 1e+100
0 7042.44 7042.44 1e+100
7 1596.44 7385.76 1e+100
7 7356.78 7356.78 1e+100
4 2915.6 11662.4 1e+100
5 4778.63 4778.63 1e+100
3 5811.72 23246.9 1e+100
1 3234.36 12937.5 1e+100
0 1157.37 8629.48 1e+100
2 1484.48 1484.48 1e+100
0 2815.96 15263.8 1e+100
5 7092.87 7092.87 1e+100
3 2150.8 2150.8 1e+100
4 4061.27 16245.1 1e+100
6 3311.17 13244.7 1e+100
6 4889.96 4889.96 1e+100
2 5456.53 5456.53 1e+100
1 3114.29 12457.1 1e+100
7 369.235 2476.94 1e+100
5 3576.58 4576.58 1e+100
43
2 143.405 143.405 1e+100
3 176.658 706.631 1e+100
7 1059.06 1059.06 1e+100
1 3247.07 3247.07 1e+100
0 312.572 312.572 1e+100
1 1084.94 4339.75 1e+100
6 947.477 3789.91 1e+100
4 1593.29 6373.17 1e+100
5 259.693 1038.77 1e+100
7 3057.16 4057.16 1e+100
3 651.629 1651.63 1e+100
0 738.598 738.598 1e+100
6 1791.02 1791.02 1e+100
5 707.179 2828.72 1e+100
0 1852.73 1852.73 1e+100
1 3289.91 4289.91 1e+100
3 2032.01 9128.04 1e+100
2 83.0615 83.0615 1e+100
5 4619.56 5619.56 1e+100
4 4756.58 4756.58 1e+100
6 7797 7797 1e+100
0 3264.82 3264.82 1e+100
7 4287.42 4287.42 1e+100
5 840.213 4360.85 1e+100
6 5553.26 5553.26 1e+100
4 1905.42 7621.7 1e+100
6 2965.56 2965.56 1e+100
2 1268.1 5072.4 1e+100
2 5385.44 5385.44 1e+100
7 1135.17 2135.17 1e+100
0 5080.11 5080.11 1e+100
5 1356.59 1356.59 1e+100
3 1406.41 1406.41 1e+100
6 360.847 1443.39 1e+100
7 5096 5096 1e+100
2 2745.91 2745.91 1e+100
1 3894.64 16578.5 1e+100
1 6506.28 6506.28 1e+100
5 6994.15 6994.15 1e+100
3 2647.84 10591.4 1e+100
3 5059.4 5059.4 1e+100
4 3484.71 3484.71 1e+100
5 3435.86 13743.5 1e+100
32
2 1451.15 5804.59 1e+100
7 282.488 1282.49 1e+100
0 542.876 542.876 1e+100
3 847.573 4390.29 1e+100
1 1146.51 5586.05 1e+100
7 4791.01 19164 1e+100
5 274.55 1098.2 1e+100
0 1788.12 5788.12 1e+100
6 900.093 3600.37 1e+100
4 378.607 1514.43 1e+100
2 2652.17 2652.17 1e+100
5 2789.3 3789.3 1e+100
4 652.64 2610.56 1e+100
7 321.367 1321.37 1e+100
3 1122.71 2122.71 1e+100
6 3572.77 3572.77 1e+100
0 5172.94 5172.94 1e+100
2 3771.7 3771.7 1e+100
3 4905.47 4905.47 1e+100
4 1690.36 6761.45 1e+100
0 570.99 570.99 1e+100
2 1825.87 7303.48 1e+100
2 5625.7 5625.7 1e+100
5 2011.25 9044.99 1e+100
5 4115.5 5115.5 1e+100
4 4869.27 4869.27 1e+100
3 986.696 3946.78 1e+100
4 1989.81 7959.25 1e+100
1 1441.3 2441.3 1e+100
0 1318.52 1318.52 1e+100
7 1294.18 6176.71 1e+100
6 2236.57 2236.57 1e+100
45
2 143.405 143.405 1e+100
3 176.658 706.631 1e+100
7 1059.06 1059.06 1e+100
3 2227.57 2227.57 1e+100
0 312.572 312.572 1e+100
1 1084.94 4339.75 1e+100
6 947.477 3789.91 1e+100
4 1593.29 6373.17 1e+100
5 259.693 1038.77 1e+100
4 5174.66 5174.66 1e+100
0 898.036 898.036 1e+100
2 232.609 4930.44 1e+100
2 1984.32 1984.32 1e+100
7 2110.2 8440.81 1e+100
5 1801.29 2801.29 1e+100
3 2978.9 2978.9 1e+100
0 3031.58 12126.3 1e+100
1 1779.65 7118.59 1e+100
1 2365.19 3365.19 1e+100
4 5562.76 5562.76 1e+100
2 7185.3 7185.3 1e+100
5 4755.85 5755.85 1e+100
0 7958.15 7958.15 1e+100
5 6966.94 6966.94 1e+100
2 1831.72 7326.89 1e+100
4 6887.94 6887.94 1e+100
3 3869.53 16478.1 1e+100
6 1652.87 1652.87 1e+100
6 3724.82 14899.3 1e+100
6 7689.62 7689.62 1e+100
4 7975.27 7975.27 1e+100
7 703.331 2813.33 1e+100
5 1473.01 5892.02 1e+100
3 4416.41 5416.41 1e+100
2 1951.6 7806.41 1e+100
7 3065.53 12262.1 1e+100
2 6680.35 6680.35 1e+100
3 6291.13 7291.13 1e+100
2 3060.37 3060.37 1e+100
0 3873.21 19492.8 1e+100
6 4191.37 4191.37 1e+100
1 1355.63 5422.52 1e+100
0 1661.06 6644.24 1e+100
1 4306.62 18226.5 1e+100
7 4452.24 17809 1e+100
42
2 143.405 143.405 1e+100
3 176.658 706.631 1e+100
7 1059.06 1059.06 1e+100
3 2227.57 2227.57 1e+100
0 312.572 312.572 1e+100
1 1084.94 4339.75 1e+100
6 947.477 3789.91 1e+100
4 1593.29 6373.17 1e+100
5 259.693 1038.77 1e+100
0 1197.45 1197.45 1e+100
5 1684.08 2684.08 1e+100
2 1323.56 1323.56 1e+100
4 4852.32 4852.32 1e+100
6 1218.14 5218.14 1e+100
1 804.167 3216.67 1e+100
1 5771.88 6771.88 1e+100
5 7375.66 7375.66 1e+100
7 1379.13 5516.53 1e+100
0 1453.75 5815.02 1e+100
0 7186.88 7186.88 1e+100
5 1499.55 6998.2 1e+100
0 3172.03 12688.1 1e+100
3 6498.24 6498.24 1e+100
4 6740.95 6740.95 1e+100
3 966.658 3866.63 1e+100
7 1964.41 7857.63 1e+100
1 2070.2 9280.79 1e+100
2 2147.73 8590.91 1e+100
1 7572.43 7572.43 1e+100
6 1542.08 6168.34 1e+100
5 2137.9 8551.61 1e+100
2 6765.29 6765.29 1e+100
1 4940.69 5940.69 1e+100
7 3036.52 13146.1 1e+100
3 1088.81 2088.81 1e+100
4 2894.73 6894.73 1e+100
5 5431.69 5431.69 1e+100
2 3366.71 3366.71 1e+100
6 1933.35 1933.35 1e+100
6 5058.15 5058.15 1e+100
7 3964.52 3964.52 1e+100
0 1864.33 7457.32 1e+100
41
7 847.181 4388.72 1e+100
3 134.389 134.389 1e+100
4 654.687 654.687 1e+100
6 194.261 194.261 1e+100
0 114.037 114.037 1e+100
2 250.254 250.254 1e+100
1 172.698 172.698 1e+100
5 383.971 1535.88 1e+100
6 2136.07 8544.26 1e+100
4 1434.75 5738.99 1e+100
7 1232.27 4929.08 1e+100
3 562.535 562.535 1e+100
1 921.032 1921.03 1e+100
2 1274.71 1274.71 1e+100
0 854.863 854.863 1e+100
5 1114.76 4459.03 1e+100
6 2404.7 2404.7 1e+100
1 1552.31 2552.31 1e+100
3 491.883 2967.53 1e+100
3 1859.72 8438.89 1e+100
4 3968.04 3968.04 1e+100
0 1050.73 4202.94 1e+100
7 2627.92 2627.92 1e+100
0 2627.16 10508.6 1e+100
1 4620.53 4620.53 1e+100
4 1065.12 8260.47 1e+100
7 1027.17 4108.68 1e+100
2 1778.08 11112.3 1e+100
0 5836.5 5836.5 1e+100
5 795.826 3183.31 1e+100
4 3990.77 3990.77 1e+100
2 2725.64 2725.64 1e+100
5 1792.74 8170.95 1e+100
0 2738.26 2738.26 1e+100
1 247.519 247.519 1e+100
3 4230.31 4230.31 1e+100
2 3621.05 3621.05 1e+100
7 1452.07 2452.07 1e+100
6 1771.06 1771.06 1e+100
5 2720.74 2720.74 1e+100
3 1525.07 7100.27 1e+100
33
2 225.118 900.472 1e+100
7 723.583 1723.58 1e+100
3 834.631 1834.63 1e+100
0 1001.18 1001.18 1e+100
1 191.999 767.997 1e+100
2 1127.73 4510.92 1e+100
6 984.399 3937.59 1e+100
5 308.958 1235.83 1e+100
4 658.745 658.745 1e+100
0 3268.18 3268.18 1e+100
5 2403.91 9615.65 1e+100
1 1882.86 2882.86 1e+100
7 2010.5 8041.98 1e+100
4 2053.47 2053.47 1e+100
3 3058.45 3058.45 1e+100
2 3187.1 12748.4 1e+100
3 1232.9 4931.6 1e+100
6 477.926 477.926 1e+100
2 6406.34 6406.34 1e+100
1 1733.73 2733.73 1e+100
5 2483.82 3483.82 1e+100
0 2436.75 9747 1e+100
6 2890.86 2890.86 1e+100
7 760.271 3041.08 1e+100
5 3161.59 3161.59 1e+100
3 3791.58 3791.58 1e+100
4 763.963 3055.85 1e+100
3 2248.23 9992.91 1e+100
0 3995.66 3995.66 1e+100
4 2833.93 2833.93 1e+100
7 2304.57 9218.29 1e+100
1 1629.44 7517.76 1e+100
2 1251.66 1251.66 1e+100
41
2 225.118 900.472 1e+100
7 723.583 1723.58 1e+100
3 834.631 1834.63 1e+100
0 1001.18 1001.18 1e+100
1 191.999 767.997 1e+100
0 2957.44 11829.8 1e+100
6 984.399 3937.59 1e+100
5 308.958 1235.83 1e+100
4 658.745 658.745 1e+100
2 340.978 340.978 1e+100
1 1793.75 7174.99 1e+100
4 4641.55 4641.55 1e+100
5 2881.89 11527.6 1e+100
6 5791.03 5791.03 1e+100
5 9166.6 9166.6 1e+100
7 3166.69 13666.8 1e+100
3 1232.9 4931.6 1e+100
2 1191.19 4764.75 1e+100
2 3167.72 3167.72 1e+100
4 869.716 3478.86 1e+100
3 1838.86 8355.45 1e+100
5 5624.65 5624.65 1e+100
6 6615.98 6615.98 1e+100
6 582.634 6330.54 1e+100
3 3703.77 14815.1 1e+100
1 1543.32 7173.26 1e+100
0 2259.57 9038.27 1e+100
7 6253.47 6253.47 1e+100
5 2244.33 9977.3 1e+100
1 3066.15 12264.6 1e+100
2 3428.87 3428.87 1e+100
4 4828.62 4828.62 1e+100
7 3192.06 13768.2 1e+100
0 5438.3 5438.3 1e+100
3 5869.38 5869.38 1e+100
1 4567.38 4567.38 1e+100
2 4265.45 4265.45 1e+100
0 2047.71 2047.71 1e+100
4 5737.22 5737.22 1e+100
3 3149.26 3149.26 1e+100
4 1386.78 5547.12 1e+100
28
2 225.118 900.472 1e+100
7 723.583 1723.58 1e+100
3 834.631 1834.63 1e+100
0 1001.18 1001.18 1e+100
1 191.999 767.997 1e+100
3 2597.35 11389.4 1e+100
6 984.399 3937.59 1e+100
5 308.958 1235.83 1e+100
4 658.745 658.745 1e+100
2 417.66 417.66 1e+100
7 501.733 1501.73 1e+100
5 3324.56 14298.2 1e+100
7 789.489 1789.49 1e+100
4 681.821 681.821 1e+100
0 1169.76 1169.76 1e+100
5 162.066 1162.07 1e+100
1 343.035 2372.14 1e+100
6 159.63 159.63 1e+100
3 790.985 3163.94 1e+100
5 3140.88 3140.88 1e+100
1 1859.21 1859.21 1e+100
4 1125.36 4501.45 1e+100
2 264.551 1058.2 1e+100
2 3361.97 3361.97 1e+100
0 966.109 966.109 1e+100
7 375.272 1501.09 1e+100
6 263.175 1052.7 1e+100
2 710.084 710.084 1e+100
38
2 143.405 143.405 1e+100
3 176.658 706.631 1e+100
7 1059.06 1059.06 1e+100
1 3247.07 3247.07 1e+100
0 312.572 312.572 1e+100
1 1084.94 4339.75 1e+100
6 947.477 3789.91 1e+100
4 1593.29 6373.17 1e+100
5 259.693 1038.77 1e+100
3 3422.84 4422.84 1e+100
3 653.675 1653.68 1e+100
0 738.598 738.598 1e+100
6 1791.02 1791.02 1e+100
5 707.179 2828.72 1e+100
0 1852.73 1852.73 1e+100
6 3264.79 3264.79 1e+100
7 1379.03 6516.12 1e+100
4 912.504 912.504 1e+100
5 1258.48 2258.48 1e+100
0 5954.87 5954.87 1e+100
3 5329.8 6329.8 1e+100
2 3456.67 13826.7 1e+100
2 5680.63 5680.63 1e+100
1 1075.42 4301.66 1e+100
2 203.505 4814.02 1e+100
7 554.061 2216.24 1e+100
0 2194.67 2194.67 1e+100
3 1831.68 8326.71 1e+100
5 838.138 3352.55 1e+100
4 5717.02 5717.02 1e+100
7 3915.9 4915.9 1e+100
0 5659.15 5659.15 1e+100
4 2844.39 15377.6 1e+100
6 4717.95 4717.95 1e+100
6 1880.91 11523.6 1e+100
7 1973.95 8895.82 1e+100
1 2913.21 12652.8 1e+100
5 2224.85 8899.39 1e+100
38
2 225.118 900.472 1e+100
7 723.583 1723.58 1e+100
3 834.631 1834.63 1e+100
0 1001.18 1001.18 1e+100
1 191.999 767.997 1e+100
7 3047.24 13189 1e+100
6 984.399 3937.59 1e+100
5 308.958 1235.83 1e+100
4 658.745 658.745 1e+100
2 383.661 383.661 1e+100
6 1501.6 1501.6 1e+100
5 756.001 4024 1e+100
1 830.923 1830.92 1e+100
2 629.654 629.654 1e+100
4 716.479 716.479 1e+100
3 527.98 1527.98 1e+100
0 352.961 352.961 1e+100
7 3461.73 3461.73 1e+100
4 1806.52 7226.07 1e+100
4 5654.81 5654.81 1e+100
5 1157.87 5631.48 1e+100
7 1444.39 2444.39 1e+100
6 723.548 2894.19 1e+100
6 4840.89 4840.89 1e+100
2 1074.75 1074.75 1e+100
0 4366.44 4366.44 1e+100
3 3118.1 3118.1 1e+100
3 4536.28 4536.28 1e+100
1 648.716 3594.87 1e+100
7 4270.31 4270.31 1e+100
6 2201.36 2201.36 1e+100
0 1996.58 7986.31 1e+100
1 5441.24 5441.24 1e+100
5 3927 3927 1e+100
5 1309.04 5236.14 1e+100
1 1928.01 1928.01 1e+100
2 2527.82 2527.82 1e+100
4 1046.42 8185.67 1e+100
36
2 225.118 900.472 1e+100
7 723.583 1723.58 1e+100
3 834.631 1834.63 1e+100
0 1001.18 1001.18 1e+100
1 191.999 767.997 1e+100
3 2597.35 11389.4 1e+100
6 984.399 3937.59 1e+100
5 308.958 1235.83 1e+100
4 658.745 658.745 1e+100
2 383.979 383.979 1e+100
7 501.733 1501.73 1e+100
1 804.873 4219.49 1e+100
5 147.139 147.139 1e+100
4 1213.74 1213.74 1e+100
1 2119.73 9478.91 1e+100
0 106.373 425.491 1e+100
6 432.652 1730.61 1e+100
3 2047.35 3047.35 1e+100
7 1182.15 5728.58 1e+100
5 3931.86 3931.86 1e+100
0 3739.19 3739.19 1e+100
2 141.569 566.278 1e+100
4 1553.89 6215.57 1e+100
6 4047 4047 1e+100
5 1596.13 1596.13 1e+100
3 5035.37 5035.37 1e+100
2 2236.43 8945.71 1e+100
1 5780.82 5780.82 1e+100
4 4068.06 4068.06 1e+100
6 1677.13 6708.52 1e+100
5 4765.78 4765.78 1e+100
3 2555.86 2555.86 1e+100
7 2159.25 8637.01 1e+100
7 4570.81 4570.81 1e+100
2 3561.62 3561.62 1e+100
1 799.09 3196.36 1e+100
47
2 225.118 900.472 1e+100
7 723.583 1723.58 1e+100
3 834.631 1834.63 1e+100
0 1001.18 1001.18 1e+100
1 191.999 767.997 1e+100
0 2957.44 11829.8 1e+100
6 984.399 3937.59 1e+100
5 308.958 1235.83 1e+100
4 658.745 658.745 1e+100
1 1579.92 2579.92 1e+100
6 4550.99 4550.99 1e+100
7 1528.75 2528.75 1e+100
5 2958.18 2958.18 1e+100
0 3838.69 3838.69 1e+100
2 720.342 6881.37 1e+100
4 3700.58 3700.58 1e+100
3 4494.87 4494.87 1e+100
2 2675.1 2675.1 1e+100
3 1692.7 7770.8 1e+100
7 2662.13 11648.5 1e+100
4 1388.61 5554.44 1e+100
5 2968.16 3968.16 1e+100
0 8499.56 8499.56 1e+100
2 2949.2 2949.2 1e+100
2 9037.62 9037.62 1e+100
4 4036.72 4036.72 1e+100
3 7794.21 7794.21 1e+100
0 6256.41 25025.7 1e+100
3 5063.82 6063.82 1e+100
1 1015.31 5061.24 1e+100
1 3244.08 4244.08 1e+100
7 2808.43 12233.7 1e+100
7 6998.48 7998.48 1e+100
4 5809.63 5809.63 1e+100
6 7739.14 7739.14 1e+100
5 6189.36 6189.36 1e+100
5 7607.54 7607.54 1e+100
5 2785.95 12143.8 1e+100
7 4328.6 4328.6 1e+100
4 8599.06 8599.06 1e+100
1 4631.37 19525.5 1e+100
6 5403.61 9403.61 1e+100
0 2483.31 6483.31 1e+100
6 2114.76 12459 1e+100
1 5538.87 5538.87 1e+100
2 4131.43 4131.43 1e+100
2 1702.59 10810.3 1e+100
38
2 225.118 900.472 1e+100
7 723.583 1723.58 1e+100
3 834.631 1834.63 1e+100
0 1001.18 1001.18 1e+100
1 191.999 767.997 1e+100
1 2251.11 10004.4 1e+100
6 984.399 3937.59 1e+100
5 308.958 1235.83 1e+100
4 658.745 658.745 1e+100
2 86.785 86.785 1e+100
0 7511.28 7511.28 1e+100
5 2365.81 3365.81 1e+100
0 2853.31 15413.2 1e+100
4 7172.98 7172.98 1e+100
7 1618.81 2618.81 1e+100
3 1250.3 6001.19 1e+100
2 870.098 3480.39 1e+100
4 4619.49 4619.49 1e+100
4 2771.91 11087.6 1e+100
4 365.942 1463.77 1e+100
1 4276.69 4276.69 1e+100
6 5868.72 5868.72 1e+100
6 582.634 6330.54 1e+100
0 3059.43 16237.7 1e+100
7 2614.79 11459.2 1e+100
1 1553.23 7212.92 1e+100
7 5949.01 5949.01 1e+100
5 2237.75 9950.99 1e+100
3 1291.65 5166.59 1e+100
3 6152.56 6152.56 1e+100
1 4708.77 4708.77 1e+100
2 735.524 2942.09 1e+100
6 1982.42 7929.67 1e+100
3 3249.01 4249.01 1e+100
0 4765.45 4765.45 1e+100
5 2240.54 8962.17 1e+100
2 1822.25 7288.98 1e+100
7 2015.59 3015.59 1e+100
31
2 143.405 143.405 1e+100
3 176.658 706.631 1e+100
7 1059.06 1059.06 1e+100
3 2227.57 2227.57 1e+100
0 312.572 312.572 1e+100
1 1084.94 4339.75 1e+100
6 947.477 3789.91 1e+100
4 1593.29 6373.17 1e+100
5 259.693 1038.77 1e+100
0 1197.45 1197.45 1e+100
5 2104.42 3104.42 1e+100
2 232.609 4930.44 1e+100
1 2421.57 3421.57 1e+100
3 2867.05 11468.2 1e+100
4 4078.11 4078.11 1e+100
7 1656.06 1656.06 1e+100
0 2737.09 10948.4 1e+100
2 1900.14 11600.6 1e+100
6 8561.03 8561.03 1e+100
2 5304.08 5304.08 1e+100
0 3893.68 3893.68 1e+100
0 5922.74 5922.74 1e+100
5 1272.99 6091.94 1e+100
7 1090.8 2090.8 1e+100
1 2603.61 10414.5 1e+100
1 391.766 1567.06 1e+100
2 228.463 913.851 1e+100
5 3286.75 4286.75 1e+100
4 3415.81 3415.81 1e+100
3 261.292 2045.17 1e+100
7 2584.14 3584.14 1e+100
46
7 847.181 4388.72 1e+100
3 134.389 134.389 1e+100
4 654.687 654.687 1e+100
6 194.261 194.261 1e+100
0 114.037 114.037 1e+100
2 250.254 250.254 1e+100
1 172.698 172.698 1e+100
5 383.971 1535.88 1e+100
6 2136.07 8544.26 1e+100
3 612.433 3449.73 1e+100
7 1232.27 4929.08 1e+100
0 1742.44 5742.44 1e+100
4 572.308 572.308 1e+100
7 10671.7 11671.7 1e+100
2 1147.93 1147.93 1e+100
5 1114.76 4459.03 1e+100
1 822.504 1822.5 1e+100
6 7796.89 7796.89 1e+100
3 961.145 4844.58 1e+100
0 1477.44 5909.75 1e+100
2 8662.08 8662.08 1e+100
4 3363.43 13453.7 1e+100
4 957.463 3829.85 1e+100
1 6659.8 6659.8 1e+100
6 4246.79 4246.79 1e+100
7 800.056 3200.23 1e+100
5 1320.87 5283.49 1e+100
2 1915.8 7663.19 1e+100
6 1026.69 4106.75 1e+100
3 6347.38 6347.38 1e+100
7 2110.28 9441.14 1e+100
3 1002.5 4009.99 1e+100
1 1344.44 5377.76 1e+100
2 2791.59 15166.3 1e+100
4 4983.92 4983.92 1e+100
0 1560.02 6240.09 1e+100
5 1658.3 6633.2 1e+100
5 6063.18 7063.18 1e+100
0 4936.61 4936.61 1e+100
2 4298.66 4298.66 1e+100
3 2619.64 10478.6 1e+100
7 2281.5 3281.5 1e+100
1 2171.63 8686.54 1e+100
0 2994.67 11978.7 1e+100
4 2098.29 8393.17 1e+100
5 3045.01 12180 1e+100
44
7 847.181 4388.72 1e+100
3 134.389 134.389 1e+100
4 654.687 654.687 1e+100
6 194.261 194.261 1e+100
0 114.037 114.037 1e+100
2 250.254 250.254 1e+100
1 172.698 172.698 1e+100
5 383.971 1535.88 1e+100
6 2136.07 8544.26 1e+100
2 1870.27 7481.08 1e+100
4 2188.54 12754.2 1e+100
3 562.535 562.535 1e+100
1 1347.35 2347.35 1e+100
7 1652.02 6608.1 1e+100
0 757.622 757.622 1e+100
5 2016.32 8065.28 1e+100
7 3354.33 4354.33 1e+100
7 7224.59 7224.59 1e+100
3 4425.84 18703.4 1e+100
3 2138.39 8553.55 1e+100
0 1074.83 4299.3 1e+100
2 1591.23 1591.23 1e+100
0 3296.88 13187.5 1e+100
1 1799.4 8197.61 1e+100
7 3682.64 3682.64 1e+100
2 3399.67 3399.67 1e+100
4 3651.28 18605.1 1e+100
1 3664.31 14657.2 1e+100
5 2274.68 10098.7 1e+100
6 1026.69 4106.75 1e+100
5 5951.19 5951.19 1e+100
4 919.054 3676.22 1e+100
3 4612.43 18449.7 1e+100
0 3351.44 3351.44 1e+100
0 5213.88 5213.88 1e+100
6 3581.7 14326.8 1e+100
4 3773.43 3773.43 1e+100
3 5766.49 5766.49 1e+100
1 5857.54 5857.54 1e+100
2 5733.8 5733.8 1e+100
2 2722.29 2722.29 1e+100
6 4919.97 4919.97 1e+100
1 3109.8 3109.8 1e+100
5 1798.89 8195.55 1e+100
44
3 185.349 1185.35 1e+100
2 993.733 3974.93 1e+100
4 371.121 1484.48 1e+100
0 451.768 451.768 1e+100
5 286.783 1147.13 1e+100
1 912.052 4648.21 1e+100
6 784.172 784.172 1e+100
3 788.173 788.173 1e+100
7 2059.16 2059.16 1e+100
4 1425.5 5425.5 1e+100
2 2303.6 2303.6 1e+100
6 1978.78 1978.78 1e+100
1 1859.25 7437.01 1e+100
3 1899.38 2899.38 1e+100
5 1420.35 2420.35 1e+100
7 2944.77 11779.1 1e+100
3 5573.59 6573.59 1e+100
0 803.24 7212.96 1e+100
7 4647.08 5647.08 1e+100
5 8556.95 8556.95 1e+100
2 5008.04 20032.1 1e+100
3 2993.6 11974.4 1e+100
4 1061.88 4247.51 1e+100
4 4252.42 4252.42 1e+100
0 1803.49 7213.95 1e+100
7 6446.21 6446.21 1e+100
6 1328.12 5312.49 1e+100
3 7222.62 7222.62 1e+100
1 2274 9096 1e+100
0 78.6347 4314.54 1e+100
5 1920.59 7682.34 1e+100
0 5355.89 5355.89 1e+100
5 3579.18 14316.7 1e+100
4 6066.84 6066.84 1e+100
2 6637.85 6637.85 1e+100
6 3850.41 15401.7 1e+100
0 2257.65 2257.65 1e+100
1 4570.73 4570.73 1e+100
1 2119.52 2119.52 1e+100
6 5175.5 5175.5 1e+100
7 2040.07 3040.07 1e+100
4 2910.75 2910.75 1e+100
3 2483.31 2483.31 1e+100
2 3196.01 12784 1e+100
44
7 847.181 4388.72 1e+100
3 134.389 134.389 1e+100
4 654.687 654.687 1e+100
6 194.261 194.261 1e+100
0 114.037 114.037 1e+100
2 250.254 250.254 1e+100
1 172.698 172.698 1e+100
5 383.971 1535.88 1e+100
6 2136.07 8544.26 1e+100
3 612.433 3449.73 1e+100
1 2537.26 10149.1 1e+100
2 2035.51 6035.51 1e+100
7 1708.78 2708.78 1e+100
5 1604.63 6418.53 1e+100
4 3838.49 3838.49 1e+100
4 1270.51 9082.03 1e+100
0 7795.99 7795.99 1e+100
3 5326.07 5326.07 1e+100
0 915.143 3660.57 1e+100
3 1727.89 6911.56 1e+100
6 2743.02 10972.1 1e+100
4 6619.85 6619.85 1e+100
0 2027.68 8110.73 1e+100
5 7925.61 7925.61 1e+100
7 3587.09 15348.3 1e+100
5 3569.03 3569.03 1e+100
3 1633.1 6532.41 1e+100
7 1879.63 7518.52 1e+100
2 1044.99 8179.98 1e+100
2 6297.62 6297.62 1e+100
5 1021.18 4084.72 1e+100
2 2417.06 2417.06 1e+100
1 4405.78 4405.78 1e+100
1 5823.96 5823.96 1e+100
0 1995.46 7981.86 1e+100
7 8014.63 8014.63 1e+100
6 7075.05 7075.05 1e+100
1 1096.11 5384.46 1e+100
3 6898.74 6898.74 1e+100
3 4628.06 4628.06 1e+100
6 2870.62 15482.5 1e+100
7 3719.18 3719.18 1e+100
4 660.388 660.388 1e+100
5 2661.14 10644.6 1e+100
38
7 847.181 4388.72 1e+100
3 134.389 134.389 1e+100
4 654.687 654.687 1e+100
6 194.261 194.261 1e+100
0 114.037 114.037 1e+100
2 250.254 250.254 1e+100
1 172.698 172.698 1e+100
5 383.971 1535.88 1e+100
7 1812.63 8250.52 1e+100
4 1434.75 5738.99 1e+100
6 1507.27 10029.1 1e+100
3 562.535 562.535 1e+100
1 921.032 1921.03 1e+100
2 1274.71 1274.71 1e+100
0 854.863 854.863 1e+100
5 1114.76 4459.03 1e+100
3 1145.73 2145.73 1e+100
7 2282.09 3282.09 1e+100
5 2241.83 9967.34 1e+100
0 1440.74 1440.74 1e+100
4 3032.87 3032.87 1e+100
0 4465.44 4465.44 1e+100
4 4397.9 4397.9 1e+100
1 647.601 1647.6 1e+100
3 4311.38 4311.38 1e+100
4 789.729 3158.92 1e+100
5 4690.56 5690.56 1e+100
2 1194.4 4777.61 1e+100
3 2294.04 3294.04 1e+100
6 95.5743 382.297 1e+100
6 5982.81 5982.81 1e+100
1 2420.52 3420.52 1e+100
5 1657.04 6628.15 1e+100
7 1669.81 7679.22 1e+100
0 3815.8 3815.8 1e+100
2 1465.13 1465.13 1e+100
6 1396.97 5587.89 1e+100
2 3157.1 3157.1 1e+100
46
3 185.349 1185.35 1e+100
2 993.733 3974.93 1e+100
4 371.121 1484.48 1e+100
0 451.768 451.768 1e+100
5 286.783 1147.13 1e+100
1 912.052 4648.21 1e+100
6 784.172 784.172 1e+100
3 788.173 788.173 1e+100
7 2059.16 2059.16 1e+100
5 2343.23 2343.23 1e+100
0 2294.41 2294.41 1e+100
6 1978.78 1978.78 1e+100
1 1859.25 7437.01 1e+100
4 669.272 669.272 1e+100
4 3168.12 3168.12 1e+100
6 3542.37 3542.37 1e+100
2 1599.31 1599.31 1e+100
1 3007.18 3007.18 1e+100
3 1391.39 5565.57 1e+100
2 4483.38 4483.38 1e+100
3 8619.69 8619.69 1e+100
5 2796.75 11187 1e+100
6 4790.19 4790.19 1e+100
2 1701.4 1701.4 1e+100
7 2892.5 3892.5 1e+100
4 4279.42 4279.42 1e+100
6 8027.95 8027.95 1e+100
1 6113.63 6113.63 1e+100
7 856.465 4425.86 1e+100
3 2342.38 3342.38 1e+100
7 4121.06 17484.2 1e+100
1 4096.29 5096.29 1e+100
0 244.405 977.62 1e+100
0 4802.84 4802.84 1e+100
4 5989.77 5989.77 1e+100
2 3841.35 3841.35 1e+100
4 1219.58 1219.58 1e+100
5 2027.27 9109.06 1e+100
0 1828.77 1828.77 1e+100
5 5675.38 5675.38 1e+100
7 6446.17 6446.17 1e+100
7 3973.35 4973.35 1e+100
6 3284.45 3284.45 1e+100
2 4691.11 4691.11 1e+100
5 2955.26 2955.26 1e+100
3 2114.2 9456.8 1e+100
47
3 185.349 1185.35 1e+100
2 993.733 3974.93 1e+100
4 371.121 1484.48 1e+100
0 451.768 451.768 1e+100
5 286.783 1147.13 1e+100
1 912.052 4648.21 1e+100
6 784.172 784.172 1e+100
3 788.173 788.173 1e+100
7 2059.16 2059.16 1e+100
0 1566.01 5566.01 1e+100
4 2584.01 2584.01 1e+100
4 4281.41 4281.41 1e+100
1 1859.25 7437.01 1e+100
2 1975.98 1975.98 1e+100
7 3225.56 4225.56 1e+100
6 1441.09 1441.09 1e+100
5 749.736 1749.74 1e+100
7 9248.94 9248.94 1e+100
3 1391.39 5565.57 1e+100
3 6114.38 7114.38 1e+100
5 9605.47 9605.47 1e+100
5 1216.88 4867.53 1e+100
1 9305.83 9305.83 1e+100
2 4134.76 4134.76 1e+100
0 611.843 2447.37 1e+100
4 3916.46 15665.9 1e+100
6 1489.69 5958.77 1e+100
0 1765.44 1765.44 1e+100
1 1759.48 8037.93 1e+100
3 6461.33 6461.33 1e+100
5 1451.21 2451.21 1e+100
2 4297.09 17188.3 1e+100
2 588.61 2354.44 1e+100
6 3285.85 17143.4 1e+100
3 1414.58 5658.32 1e+100
5 4299.83 5299.83 1e+100
1 3164.07 13656.3 1e+100
7 838.831 3355.32 1e+100
4 6248.7 6248.7 1e+100
6 5626.44 5626.44 1e+100
0 6298.28 6298.28 1e+100
5 1613.83 6455.32 1e+100
2 4966.36 4966.36 1e+100
7 2346.01 9384.04 1e+100
0 1666.58 6666.3 1e+100
0 3718.57 14874.3 1e+100
1 4065.27 16261.1 1e+100
46
3 185.349 1185.35 1e+100
2 993.733 3974.93 1e+100
4 371.121 1484.48 1e+100
0 451.768 451.768 1e+100
5 286.783 1147.13 1e+100
1 912.052 4648.21 1e+100
6 784.172 784.172 1e+100
3 788.173 788.173 1e+100
7 2059.16 2059.16 1e+100
5 2343.23 2343.23 1e+100
4 2584.01 2584.01 1e+100
2 2021.05 2021.05 1e+100
4 4199.3 20797.2 1e+100
6 5163.48 5163.48 1e+100
1 1892.82 2892.82 1e+100
0 1336.14 1336.14 1e+100
6 1347.88 1347.88 1e+100
1 8315.67 8315.67 1e+100
4 6117.27 6117.27 1e+100
3 977.791 3911.16 1e+100
0 4724.44 4724.44 1e+100
7 9907.16 9907.16 1e+100
6 7000.41 7000.41 1e+100
3 4578.95 19315.8 1e+100
2 4744.73 18978.9 1e+100
7 1986.85 8947.41 1e+100
7 2926.89 12707.6 1e+100
6 7240.24 7240.24 1e+100
5 1575.67 7302.68 1e+100
7 5347.3 5347.3 1e+100
2 1370.39 5481.57 1e+100
0 881.898 4881.9 1e+100
1 1139.29 4557.17 1e+100
1 4710.67 18842.7 1e+100
3 849.743 3398.97 1e+100
2 4780.91 4780.91 1e+100
3 5055.05 20220.2 1e+100
3 6224.08 6224.08 1e+100
1 6812.16 6812.16 1e+100
1 1213.89 5855.56 1e+100
0 3481.66 13926.6 1e+100
0 6579.09 6579.09 1e+100
4 4142.34 4142.34 1e+100
5 2573.4 10293.6 1e+100
5 348.465 2393.86 1e+100
0 3927.2 3927.2 1e+100
46
3 185.349 1185.35 1e+100
2 993.733 3974.93 1e+100
4 371.121 1484.48 1e+100
0 451.768 451.768 1e+100
5 286.783 1147.13 1e+100
1 912.052 4648.21 1e+100
6 784.172 784.172 1e+100
3 788.173 788.173 1e+100
7 2059.16 2059.16 1e+100
5 2343.23 2343.23 1e+100
2 2303.6 2303.6 1e+100
4 2162.89 2162.89 1e+100
1 1859.25 7437.01 1e+100
3 1899.38 2899.38 1e+100
6 3483.59 3483.59 1e+100
2 6030.02 6030.02 1e+100
0 1068.92 1068.92 1e+100
5 8104.21 8104.21 1e+100
2 3260.43 17041.7 1e+100
6 7606.03 7606.03 1e+100
7 7415.8 7415.8 1e+100
1 4215.09 16860.4 1e+100
0 5282.12 21128.5 1e+100
0 3349.12 3349.12 1e+100
7 1463.21 6852.84 1e+100
3 1675.18 1675.18 1e+100
4 1512.23 6048.94 1e+100
3 7336.44 7336.44 1e+100
5 1046.01 4184.02 1e+100
3 3037.93 12151.7 1e+100
0 578.603 6314.41 1e+100
2 5458.2 5458.2 1e+100
6 2188.05 12752.2 1e+100
4 6818.7 6818.7 1e+100
6 3406.46 7406.46 1e+100
7 7229.27 7229.27 1e+100
3 3136.74 13547 1e+100
5 2896.07 2896.07 1e+100
2 6665.88 6665.88 1e+100
4 2639.75 10559 1e+100
3 7851.02 7851.02 1e+100
1 3566.98 3566.98 1e+100
7 1642.41 6569.64 1e+100
4 3547.24 7547.24 1e+100
0 4866.91 4866.91 1e+100
1 4415.19 17660.8 1e+100
48
3 185.349 1185.35 1e+100
2 993.733 3974.93 1e+100
4 371.121 1484.48 1e+100
0 451.768 451.768 1e+100
5 286.783 1147.13 1e+100
1 912.052 4648.21 1e+100
6 784.172 784.172 1e+100
3 788.173 788.173 1e+100
7 2059.16 2059.16 1e+100
5 2343.23 2343.23 1e+100
4 2584.01 2584.01 1e+100
2 2021.05 2021.05 1e+100
1 1859.25 7437.01 1e+100
0 8446.54 8446.54 1e+100
4 6898.49 6898.49 1e+100
0 1336.14 1336.14 1e+100
7 5835.88 6835.88 1e+100
5 9318.66 9318.66 1e+100
0 5300.86 5300.86 1e+100
3 977.791 3911.16 1e+100
6 7742.42 7742.42 1e+100
3 7625.84 7625.84 1e+100
0 10283.5 10283.5 1e+100
6 2496.66 9986.65 1e+100
1 2709.42 11837.7 1e+100
3 2827.08 12308.3 1e+100
5 2144.91 9579.64 1e+100
0 10796.1 10796.1 1e+100
2 3834.56 15338.2 1e+100
2 5618.72 22474.9 1e+100
5 8924.37 8924.37 1e+100
6 7990.27 7990.27 1e+100
7 1742.39 6969.57 1e+100
6 3533.7 18134.8 1e+100
4 6171.44 24685.8 1e+100
0 812.116 3248.46 1e+100
3 3219.8 3219.8 1e+100
4 867.251 3469 1e+100
7 6526.67 26106.7 1e+100
3 8066.88 8066.88 1e+100
7 8441.3 8441.3 1e+100
5 3530.77 15123.1 1e+100
5 1611.3 7445.21 1e+100
2 6846.03 6846.03 1e+100
4 6594.8 6594.8 1e+100
1 3929.91 15719.6 1e+100
1 1704.98 7819.91 1e+100
2 4194.14 4194.14 1e+100
28
7 847.181 4388.72 1e+100
3 134.389 134.389 1e+100
4 654.687 654.687 1e+100
6 194.261 194.261 1e+100
0 114.037 114.037 1e+100
2 250.254 250.254 1e+100
1 172.698 172.698 1e+100
5 383.971 1535.88 1e+100
3 2142.59 9570.35 1e+100
4 1434.75 5738.99 1e+100
7 1232.27 4929.08 1e+100
5 6690.09 6690.09 1e+100
0 3494.21 3494.21 1e+100
6 290.171 290.171 1e+100
0 185.683 742.731 1e+100
6 577.927 577.927 1e+100
7 2932.3 3932.3 1e+100
2 1400.43 1400.43 1e+100
1 469.62 1469.62 1e+100
4 124.718 498.874 1e+100
4 2348.68 2348.68 1e+100
3 653.61 2614.44 1e+100
5 411.081 1644.32 1e+100
2 1399.09 5596.36 1e+100
0 1562.51 1562.51 1e+100
1 768.074 1768.07 1e+100
6 824.254 3297.02 1e+100
0 2453.16 2453.16 1e+100
37
7 847.181 4388.72 1e+100
3 134.389 134.389 1e+100
4 654.687 654.687 1e+100
6 194.261 194.261 1e+100
0 114.037 114.037 1e+100
2 250.254 250.254 1e+100
1 172.698 172.698 1e+100
5 383.971 1535.88 1e+100
3 2142.59 9570.35 1e+100
4 1434.75 5738.99 1e+100
7 1232.27 4929.08 1e+100
2 2035.51 6035.51 1e+100
5 1318.12 2318.12 1e+100
0 981.644 981.644 1e+100
6 1006.88 1006.88 1e+100
1 10564.6 42258.4 1e+100
0 2095.78 2095.78 1e+100
7 2699.47 3699.47 1e+100
2 1964.86 7859.43 1e+100
6 1988.25 1988.25 1e+100
4 4271.39 4271.39 1e+100
3 2249.42 3249.42 1e+100
4 5630.45 5630.45 1e+100
4 124.718 498.874 1e+100
5 393.758 1393.76 1e+100
7 2590.01 10360 1e+100
0 2849.48 2849.48 1e+100
2 3586.73 3586.73 1e+100
2 1235.78 4943.11 1e+100
6 2517.38 2517.38 1e+100
5 3176.83 3176.83 1e+100
7 4605.55 4605.55 1e+100
0 3686.06 3686.06 1e+100
5 368.521 1368.52 1e+100
2 4495.33 4495.33 1e+100
3 3022.36 3022.36 1e+100
3 1003.47 5013.88 1e+100
42
2 225.118 900.472 1e+100
7 723.583 1723.58 1e+100
3 834.631 1834.63 1e+100
0 1001.18 1001.18 1e+100
1 191.999 767.997 1e+100
5 3469.05 14876.2 1e+100
6 984.399 3937.59 1e+100
5 308.958 1235.83 1e+100
4 658.745 658.745 1e+100
2 426.578 426.578 1e+100
3 2139.99 8559.97 1e+100
1 1882.86 2882.86 1e+100
7 2010.5 8041.98 1e+100
4 4017.23 4017.23 1e+100
3 3665.35 3665.35 1e+100
2 2560.12 10240.5 1e+100
5 4838.96 19355.9 1e+100
1 8770.54 8770.54 1e+100
3 6728.66 7728.66 1e+100
4 535.352 2141.41 1e+100
0 400.427 1601.71 1e+100
6 432.831 1731.32 1e+100
7 6358.66 7358.66 1e+100
0 3010.54 12042.1 1e+100
5 6712.65 6712.65 1e+100
0 7769.54 7769.54 1e+100
6 2035.03 8140.11 1e+100
7 799.445 4197.78 1e+100
3 3092.33 12369.3 1e+100
2 2099.68 12398.7 1e+100
4 5558.23 5558.23 1e+100
1 2628.78 11515.1 1e+100
1 315.749 1263 1e+100
6 8015.77 8015.77 1e+100
2 5461.51 5461.51 1e+100
5 3307.86 4307.86 1e+100
4 2872.23 15488.9 1e+100
6 2704.3 2704.3 1e+100
7 1536.46 6145.84 1e+100
2 3519.57 14078.3 1e+100
0 3390.85 13563.4 1e+100
1 3529.98 14119.9 1e+100
31
2 143.405 143.405 1e+100
3 176.658 706.631 1e+100
7 1059.06 1059.06 1e+100
3 2227.57 2227.57 1e+100
0 312.572 312.572 1e+100
1 1084.94 4339.75 1e+100
6 947.477 3789.91 1e+100
4 1593.29 6373.17 1e+100
5 259.693 1038.77 1e+100
0 1197.45 1197.45 1e+100
5 2104.42 3104.42 1e+100
2 232.609 4930.44 1e+100
1 2421.57 3421.57 1e+100
3 2867.05 11468.2 1e+100
4 4078.11 4078.11 1e+100
7 1656.06 1656.06 1e+100
0 2737.09 10948.4 1e+100
2 1900.14 11600.6 1e+100
6 8561.03 8561.03 1e+100
2 5304.08 5304.08 1e+100
0 3893.68 3893.68 1e+100
0 5922.74 5922.74 1e+100
5 1272.99 6091.94 1e+100
7 1090.8 2090.8 1e+100
1 2603.61 10414.5 1e+100
1 391.766 1567.06 1e+100
2 228.463 913.851 1e+100
5 3286.75 4286.75 1e+100
4 3415.81 3415.81 1e+100
3 261.292 2045.17 1e+100
7 2584.14 3584.14 1e+100
43
3 185.349 1185.35 1e+100
2 993.733 3974.93 1e+100
4 371.121 1484.48 1e+100
0 451.768 451.768 1e+100
5 286.783 1147.13 1e+100
1 912.052 4648.21 1e+100
6 784.172 784.172 1e+100
3 788.173 788.173 1e+100
7 2059.16 2059.16 1e+100
4 1425.5 5425.5 1e+100
2 2303.6 2303.6 1e+100
6 1978.78 1978.78 1e+100
0 1722.49 10890 1e+100
4 2933.27 2933.27 1e+100
3 1445.62 2445.62 1e+100
6 4317.09 4317.09 1e+100
7 1619.43 7477.73 1e+100
7 3126.96 13507.8 1e+100
6 8150.8 8150.8 1e+100
3 1866.67 8466.7 1e+100
5 690.205 3760.82 1e+100
5 6418.79 6418.79 1e+100
5 4160.86 5160.86 1e+100
0 1334.78 9339.1 1e+100
1 3584.28 14337.1 1e+100
4 2375.39 9501.56 1e+100
2 2049.58 8198.32 1e+100
1 943.368 943.368 1e+100
6 665.901 2663.6 1e+100
3 2505.03 10020.1 1e+100
4 6299.59 6299.59 1e+100
7 5476.84 5476.84 1e+100
3 5347.93 5347.93 1e+100
2 3161.26 12645 1e+100
0 1778.41 5778.41 1e+100
0 3821.85 3821.85 1e+100
4 3929.72 15718.9 1e+100
7 3235.09 3235.09 1e+100
6 4011.73 8011.73 1e+100
5 242.991 971.964 1e+100
5 5915.87 5915.87 1e+100
2 4486.45 4486.45 1e+100
1 3042.57 12170.3 1e+100
45
3 185.349 1185.35 1e+100
2 993.733 3974.93 1e+100
4 371.121 1484.48 1e+100
0 451.768 451.768 1e+100
5 286.783 1147.13 1e+100
1 912.052 4648.21 1e+100
6 784.172 784.172 1e+100
3 788.173 788.173 1e+100
7 2059.16 2059.16 1e+100
5 2343.23 2343.23 1e+100
4 2584.01 2584.01 1e+100
2 2021.05 2021.05 1e+100
6 1896.67 11586.7 1e+100
5 3851.01 4851.01 1e+100
3 5356.4 6356.4 1e+100
0 1336.14 1336.14 1e+100
1 3326.12 4326.12 1e+100
1 1124.75 1124.75 1e+100
1 5527.3 6527.3 1e+100
0 3189.02 16756.1 1e+100
7 2682 3682 1e+100
7 8977.33 8977.33 1e+100
0 5143.78 5143.78 1e+100
3 267.244 2068.98 1e+100
6 2746.84 10987.4 1e+100
2 4201.04 16804.1 1e+100
5 3946.98 4946.98 1e+100
4 3817.57 3817.57 1e+100
4 7589.35 7589.35 1e+100
0 7113.64 7113.64 1e+100
2 6951.37 6951.37 1e+100
5 6675.08 6675.08 1e+100
7 3696.51 15786 1e+100
3 817.834 1817.83 1e+100
0 5096.91 20387.6 1e+100
5 4657.74 5657.74 1e+100
6 2893.14 11572.6 1e+100
6 4997.4 4997.4 1e+100
3 5900.54 6900.54 1e+100
4 3681.55 18726.2 1e+100
3 3021.08 13084.3 1e+100
7 3533.39 4533.39 1e+100
2 3167.86 3167.86 1e+100
1 2575.44 11301.8 1e+100
4 6253.15 6253.15 1e+100
40
2 143.405 143.405 1e+100
3 176.658 706.631 1e+100
7 1059.06 1059.06 1e+100
3 2227.57 2227.57 1e+100
0 312.572 312.572 1e+100
1 1084.94 4339.75 1e+100
6 947.477 3789.91 1e+100
4 1593.29 6373.17 1e+100
5 259.693 1038.77 1e+100
5 2467.08 3467.08 1e+100
0 898.036 898.036 1e+100
2 232.609 4930.44 1e+100
7 2042.82 3042.82 1e+100
6 2110.22 12440.9 1e+100
6 8064.53 8064.53 1e+100
7 7554.32 7554.32 1e+100
1 2469.1 10876.4 1e+100
2 1900.14 11600.6 1e+100
2 2904.26 11617 1e+100
7 4349.29 5349.29 1e+100
7 2501.72 11006.9 1e+100
6 2956.17 11824.7 1e+100
5 7165.24 7165.24 1e+100
0 6455.66 6455.66 1e+100
3 966.658 3866.63 1e+100
0 1427.47 9709.9 1e+100
5 1650.95 7603.81 1e+100
4 1642.68 6570.73 1e+100
1 5063.7 5063.7 1e+100
3 2276.89 10107.5 1e+100
5 3173.78 12695.1 1e+100
1 6412.78 6412.78 1e+100
1 1538.26 1538.26 1e+100
0 2065.53 8262.12 1e+100
2 2370.65 9482.61 1e+100
2 3949.44 3949.44 1e+100
4 4887.51 4887.51 1e+100
3 2279.68 9118.73 1e+100
4 1559.38 6237.5 1e+100
6 1531.58 1531.58 1e+100
39
3 185.349 1185.35 1e+100
2 993.733 3974.93 1e+100
4 371.121 1484.48 1e+100
0 451.768 451.768 1e+100
5 286.783 1147.13 1e+100
1 912.052 4648.21 1e+100
6 784.172 784.172 1e+100
3 788.173 788.173 1e+100
7 2059.16 2059.16 1e+100
0 1566.01 5566.01 1e+100
2 2303.6 2303.6 1e+100
1 1849.09 2849.09 1e+100
1 3868.26 15473 1e+100
3 1899.38 2899.38 1e+100
6 2624.45 2624.45 1e+100
5 689.584 1689.58 1e+100
5 2804.54 3804.54 1e+100
4 284.517 5138.07 1e+100
0 2035.03 2035.03 1e+100
7 1378.36 2378.36 1e+100
4 1411.59 5646.38 1e+100
2 1319.4 1319.4 1e+100
0 6070.78 6070.78 1e+100
3 4335.9 5335.9 1e+100
6 3259.29 3259.29 1e+100
3 732.282 3929.13 1e+100
2 3732.34 3732.34 1e+100
5 2063.82 8255.29 1e+100
6 4325.54 4325.54 1e+100
4 3033.46 3033.46 1e+100
4 682.513 2730.05 1e+100
1 1455.19 2455.19 1e+100
7 303.419 303.419 1e+100
5 4079.36 4079.36 1e+100
4 3928.88 3928.88 1e+100
2 3707.1 3707.1 1e+100
0 1401.39 1401.39 1e+100
3 3254.43 3254.43 1e+100
7 1800.85 8203.4 1e+100
34
2 225.118 900.472 1e+100
7 723.583 1723.58 1e+100
3 834.631 1834.63 1e+100
0 1001.18 1001.18 1e+100
1 191.999 767.997 1e+100
7 3047.24 13189 1e+100
6 984.399 3937.59 1e+100
5 308.958 1235.83 1e+100
4 658.745 658.745 1e+100
2 374.087 374.087 1e+100
1 1793.75 7174.99 1e+100
1 8554.62 9554.62 1e+100
3 2129.68 8518.74 1e+100
2 2383.58 2383.58 1e+100
7 7046.67 7046.67 1e+100
0 3062.19 12248.8 1e+100
4 2018.69 12074.8 1e+100
5 147.139 147.139 1e+100
3 2171.8 3171.8 1e+100
4 2266.96 9067.86 1e+100
7 2141.25 9565 1e+100
6 432.831 1731.32 1e+100
4 8310.56 8310.56 1e+100
5 1745.9 7983.59 1e+100
5 4327.86 4327.86 1e+100
0 5667.94 5667.94 1e+100
3 2334.12 10336.5 1e+100
1 2482.6 10930.4 1e+100
1 77.4093 309.637 1e+100
4 1908.87 7635.47 1e+100
0 2628.94 2628.94 1e+100
4 4448.52 4448.52 1e+100
2 88.5688 354.275 1e+100
2 4117.85 4117.85 1e+100
37
3 185.349 1185.35 1e+100
2 993.733 3974.93 1e+100
4 371.121 1484.48 1e+100
0 451.768 451.768 1e+100
5 286.783 1147.13 1e+100
1 912.052 4648.21 1e+100
6 784.172 784.172 1e+100
3 788.173 788.173 1e+100
7 2059.16 2059.16 1e+100
0 1566.01 5566.01 1e+100
2 2303.6 2303.6 1e+100
6 5393.54 5393.54 1e+100
1 1859.25 7437.01 1e+100
3 1899.38 2899.38 1e+100
5 1249.98 2249.98 1e+100
6 320.856 320.856 1e+100
4 345.878 1383.51 1e+100
1 5939.8 5939.8 1e+100
0 1152.46 1152.46 1e+100
5 1336.67 6346.67 1e+100
1 1582.2 7328.78 1e+100
6 563.233 2252.93 1e+100
4 1015.06 1015.06 1e+100
7 1373.68 6494.7 1e+100
5 5153.32 5153.32 1e+100
4 4644.49 4644.49 1e+100
2 772.897 3091.59 1e+100
3 512.006 3048.02 1e+100
3 4868.76 4868.76 1e+100
5 1046.64 1046.64 1e+100
0 757.951 3031.8 1e+100
4 1332.85 5331.41 1e+100
0 3652.71 3652.71 1e+100
6 3291.69 3291.69 1e+100
7 2220.21 8880.84 1e+100
2 1282.05 5128.2 1e+100
3 1352.47 2352.47 1e+100
40
2 143.405 143.405 1e+100
3 176.658 706.631 1e+100
7 1059.06 1059.06 1e+100
3 2227.57 2227.57 1e+100
0 312.572 312.572 1e+100
1 1084.94 4339.75 1e+100
6 947.477 3789.91 1e+100
4 1593.29 6373.17 1e+100
5 259.693 1038.77 1e+100
4 5174.66 5174.66 1e+100
5 1934.05 2934.05 1e+100
0 1998.19 1998.19 1e+100
5 2506.57 11026.3 1e+100
1 701.493 1701.49 1e+100
6 2200.16 2200.16 1e+100
1 3726.19 4726.19 1e+100
6 7528.44 7528.44 1e+100
3 5131.28 6131.28 1e+100
3 7404.94 7404.94 1e+100
7 1135.46 5541.85 1e+100
7 7709.91 8709.91 1e+100
2 950.394 3801.57 1e+100
3 259.435 1259.44 1e+100
0 1220.14 4880.54 1e+100
0 5184.93 5184.93 1e+100
1 5851.17 6851.17 1e+100
4 3264.62 17058.5 1e+100
3 1919.34 7677.35 1e+100
6 4147.88 4147.88 1e+100
2 1815.32 7261.3 1e+100
7 1168.86 4675.43 1e+100
2 4994.55 4994.55 1e+100
4 5605.22 5605.22 1e+100
2 2924.09 2924.09 1e+100
1 2615.25 10461 1e+100
0 1686.68 1686.68 1e+100
5 3791.14 15164.6 1e+100
5 1305.17 6220.69 1e+100
6 1262.25 5048.99 1e+100
7 2555.57 10222.3 1e+100
35
2 143.405 143.405 1e+100
3 176.658 706.631 1e+100
7 1059.06 1059.06 1e+100
3 2227.57 2227.57 1e+100
0 312.572 312.572 1e+100
1 1084.94 4339.75 1e+100
6 947.477 3789.91 1e+100
4 1593.29 6373.17 1e+100
5 259.693 1038.77 1e+100
2 2698.84 2698.84 1e+100
0 3991.29 3991.29 1e+100
5 1927.33 7709.34 1e+100
2 323.91 323.91 1e+100
1 1414.5 5657.99 1e+100
7 2023.56 3023.56 1e+100
7 6675.37 6675.37 1e+100
0 799.742 3198.97 1e+100
6 2584.5 14338 1e+100
5 2341.72 10366.9 1e+100
0 6468.55 6468.55 1e+100
2 2385.9 9543.6 1e+100
5 4762.13 4762.13 1e+100
4 842.163 3368.65 1e+100
3 5489.69 5489.69 1e+100
1 1264.04 5056.18 1e+100
3 581.538 2326.15 1e+100
1 3785.61 15142.4 1e+100
4 4555.24 4555.24 1e+100
3 2941.84 11767.4 1e+100
7 1607.53 6430.13 1e+100
6 907.925 3631.7 1e+100
0 2726.46 2726.46 1e+100
2 2974.86 2974.86 1e+100
4 389.469 1557.88 1e+100
6 3126.26 3126.26 1e+100
37
2 1451.15 5804.59 1e+100
7 282.488 1282.49 1e+100
0 542.876 542.876 1e+100
3 847.573 4390.29 1e+100
1 1146.51 5586.05 1e+100
7 1843.97 7375.89 1e+100
5 274.55 1098.2 1e+100
0 1788.12 5788.12 1e+100
6 900.093 3600.37 1e+100
4 378.607 1514.43 1e+100
5 2017.72 3017.72 1e+100
2 1374.27 1374.27 1e+100
4 2011.86 2011.86 1e+100
7 2471.99 2471.99 1e+100
1 1153.18 4612.72 1e+100
5 2777.33 3777.33 1e+100
1 8851.92 8851.92 1e+100
3 1369.4 5477.59 1e+100
1 5037.55 6037.55 1e+100
6 5303.72 5303.72 1e+100
6 9080.02 9080.02 1e+100
5 4657.03 5657.03 1e+100
1 2060.47 3060.47 1e+100
7 5578.44 5578.44 1e+100
6 3060.57 12242.3 1e+100
0 5254.09 5254.09 1e+100
0 1055.82 4223.27 1e+100
7 3561.1 4561.1 1e+100
2 402.448 1609.79 1e+100
2 2506.7 2506.7 1e+100
3 1642.72 2642.72 1e+100
5 1583.66 6334.64 1e+100
0 1591.16 6364.64 1e+100
6 5303.66 5303.66 1e+100
0 6001.63 6001.63 1e+100
3 2293.68 10174.7 1e+100
2 5224.83 5224.83 1e+100
38
2 143.405 143.405 1e+100
3 176.658 706.631 1e+100
7 1059.06 1059.06 1e+100
1 3247.07 3247.07 1e+100
0 312.572 312.572 1e+100
1 1084.94 4339.75 1e+100
6 947.477 3789.91 1e+100
4 1593.29 6373.17 1e+100
5 259.693 1038.77 1e+100
3 3422.84 4422.84 1e+100
3 653.675 1653.68 1e+100
0 738.598 738.598 1e+100
6 1791.02 1791.02 1e+100
5 707.179 2828.72 1e+100
0 1852.73 1852.73 1e+100
6 3264.79 3264.79 1e+100
7 1379.03 6516.12 1e+100
4 912.504 912.504 1e+100
5 1258.48 2258.48 1e+100
0 5954.87 5954.87 1e+100
3 5329.8 6329.8 1e+100
2 3456.67 13826.7 1e+100
2 5680.63 5680.63 1e+100
1 1075.42 4301.66 1e+100
2 203.505 4814.02 1e+100
7 554.061 2216.24 1e+100
0 2194.67 2194.67 1e+100
3 1831.68 8326.71 1e+100
5 838.138 3352.55 1e+100
4 5717.02 5717.02 1e+100
7 3915.9 4915.9 1e+100
0 5659.15 5659.15 1e+100
4 2844.39 15377.6 1e+100
6 4717.95 4717.95 1e+100
6 1880.91 11523.6 1e+100
7 1973.95 8895.82 1e+100
1 2913.21 12652.8 1e+100
5 2224.85 8899.39 1e+100
44
2 1451.15 5804.59 1e+100
7 282.488 1282.49 1e+100
0 542.876 542.876 1e+100
3 847.573 4390.29 1e+100
1 1146.51 5586.05 1e+100
7 1843.97 7375.89 1e+100
5 274.55 1098.2 1e+100
2 2447.69 6447.69 1e+100
6 900.093 3600.37 1e+100
4 378.607 1514.43 1e+100
3 1846.43 2846.43 1e+100
5 1707.29 2707.29 1e+100
1 1367.02 2367.02 1e+100
0 836.479 7345.92 1e+100
5 7902.46 8902.46 1e+100
7 2835.76 3835.76 1e+100
4 883.4 3533.6 1e+100
4 8303.4 8303.4 1e+100
4 2102.59 2102.59 1e+100
2 2684.17 2684.17 1e+100
4 5388.89 5388.89 1e+100
1 1776.14 2776.14 1e+100
3 7077.3 7077.3 1e+100
0 969.514 3878.05 1e+100
5 2181.61 3181.61 1e+100
1 4733.62 19934.5 1e+100
3 5059.96 6059.96 1e+100
2 5462.87 21851.5 1e+100
2 7567.12 7567.12 1e+100
6 5746.97 5746.97 1e+100
3 463.405 1853.62 1e+100
1 5328.78 21315.1 1e+100
6 3286.33 3286.33 1e+100
6 1350.73 5402.91 1e+100
5 3094.69 12378.8 1e+100
0 7071.85 7071.85 1e+100
7 3793.82 4793.82 1e+100
0 392.954 392.954 1e+100
4 1233.04 8932.18 1e+100
6 7547.24 7547.24 1e+100
3 1290.6 5162.4 1e+100
7 1851.87 8407.49 1e+100
0 3999.59 15998.4 1e+100
0 1697.72 10790.9 1e+100
34
2 225.118 900.472 1e+100
7 723.583 1723.58 1e+100
3 834.631 1834.63 1e+100
0 1001.18 1001.18 1e+100
1 191.999 767.997 1e+100
4 3273.1 13092.4 1e+100
6 984.399 3937.59 1e+100
5 308.958 1235.83 1e+100
4 658.745 658.745 1e+100
1 1579.92 2579.92 1e+100
2 492.148 492.148 1e+100
1 4291.56 5291.56 1e+100
0 2013.19 6013.19 1e+100
5 2701.04 3701.04 1e+100
3 2387.99 9551.98 1e+100
0 6717.68 6717.68 1e+100
5 7090.4 7090.4 1e+100
2 7981.67 7981.67 1e+100
3 4027.64 17110.6 1e+100
7 820.652 4282.61 1e+100
2 1428.04 5712.18 1e+100
7 2069.73 3069.73 1e+100
2 5150.79 5150.79 1e+100
6 2247.63 2247.63 1e+100
3 5167.1 6167.1 1e+100
2 1004.12 4016.46 1e+100
7 4482.66 5482.66 1e+100
0 696.573 6786.29 1e+100
5 1805.29 7221.16 1e+100
4 1372.65 5490.62 1e+100
6 2362.6 2362.6 1e+100
4 3912.31 3912.31 1e+100
1 1597.84 7391.38 1e+100
6 3253.25 3253.25 1e+100
