44
3 185.349 1185.35 1e+100
0 930.996 3723.98 1e+100
2 168.477 673.908 1e+100
1 438.331 1438.33 1e+100
2 1606.1 10424.4 1e+100
1 2061.82 9247.26 1e+100
2 4831.37 4831.37 1e+100
3 4006.69 4006.69 1e+100
3 9276.17 9276.17 1e+100
3 1112.63 1112.63 1e+100
2 13589.4 13589.4 1e+100
2 10926 10926 1e+100
0 1771.5 11086 1e+100
1 13585.8 14585.8 1e+100
0 20738.1 20738.1 1e+100
0 2302.74 2302.74 1e+100
1 2109.06 9436.25 1e+100
3 10725 11725 1e+100
0 11524.9 11524.9 1e+100
0 9768.32 9768.32 1e+100
0 12890 12890 1e+100
0 20100.5 20100.5 1e+100
3 11855.5 11855.5 1e+100
0 4405.37 17621.5 1e+100
0 15671.4 15671.4 1e+100
1 5019.22 21076.9 1e+100
3 14210.7 15210.7 1e+100
1 15129 61515.9 1e+100
1 17233.2 18233.2 1e+100
1 11922.1 12922.1 1e+100
2 2991.83 15967.3 1e+100
3 685.887 2743.55 1e+100
3 2498.88 3498.88 1e+100
1 1618.82 7475.27 1e+100
1 5366.36 21465.4 1e+100
0 5899.27 5899.27 1e+100
2 17541.6 17541.6 1e+100
0 3828.81 3828.81 1e+100
3 5462.74 21851 1e+100
3 14876 15876 1e+100
2 3819.03 19276.1 1e+100
2 11976.1 47904.5 1e+100
1 6528.25 27113 1e+100
2 14148.8 60595.2 1e+100
44
1 1146.95 5587.82 1e+100
3 134.389 134.389 1e+100
0 448.876 448.876 1e+100
2 2373.13 2373.13 1e+100
3 14782.6 15782.6 1e+100
0 21801.5 21801.5 1e+100
0 1190.5 5190.5 1e+100
3 4659.22 18636.9 1e+100
3 2142.59 9570.35 1e+100
1 2665.55 11662.2 1e+100
0 3555.06 18220.2 1e+100
3 9739.7 9739.7 1e+100
3 6160.68 7160.68 1e+100
1 7984.3 8984.3 1e+100
0 18984.1 18984.1 1e+100
1 20047.5 20047.5 1e+100
2 2890.17 15560.7 1e+100
1 13872 14872 1e+100
3 10593 10593 1e+100
3 6348.75 25395 1e+100
1 10218.4 10218.4 1e+100
0 8577.98 8577.98 1e+100
1 2297.66 10190.6 1e+100
2 7953.24 31812.9 1e+100
2 5589.16 22356.7 1e+100
2 11231 11231 1e+100
0 3410.8 13643.2 1e+100
3 21920.1 21920.1 1e+100
3 19846.5 20846.5 1e+100
2 2508.97 10035.9 1e+100
1 2718.34 11873.4 1e+100
0 4486.19 4486.19 1e+100
2 12735.4 16735.4 1e+100
1 13261.9 13261.9 1e+100
0 8189.51 32758 1e+100
1 18903.6 18903.6 1e+100
2 18139.9 18139.9 1e+100
0 12498.3 49993.2 1e+100
3 13742.6 13742.6 1e+100
3 11471.9 11471.9 1e+100
3 15454 61816 1e+100
0 9468.8 13468.8 1e+100
0 17731.8 17731.8 1e+100
2 12995.1 55980.6 1e+100
44
2 1451.15 5804.59 1e+100
1 1709.01 2709.01 1e+100
3 825.213 1825.21 1e+100
0 426.539 1706.15 1e+100
0 2591.5 10366 1e+100
1 3270.5 13082 1e+100
3 2447.68 9790.73 1e+100
3 6509.91 6509.91 1e+100
2 3284.98 13139.9 1e+100
1 8205.84 33823.4 1e+100
1 9518.69 10518.7 1e+100
0 11863.4 11863.4 1e+100
2 12917.2 12917.2 1e+100
2 6866.58 31466.3 1e+100
3 17886.4 18886.4 1e+100
1 12886.3 13886.3 1e+100
2 7993.66 31974.6 1e+100
0 2886.41 11545.6 1e+100
1 14982.3 15982.3 1e+100
0 13136.3 52545.2 1e+100
2 9180.82 36723.3 1e+100
1 20748.5 20748.5 1e+100
2 16665.6 16665.6 1e+100
3 8563.56 34254.2 1e+100
1 9981.24 39924.9 1e+100
0 7137.8 28551.2 1e+100
3 5851.69 24406.8 1e+100
1 15764.7 15764.7 1e+100
2 12789.1 51156.5 1e+100
0 3682.97 18731.9 1e+100
3 10253.8 41015.2 1e+100
3 300.822 1203.29 1e+100
3 20505.4 21505.4 1e+100
0 12829.2 51316.9 1e+100
1 16289.4 65157.8 1e+100
2 22036.5 22036.5 1e+100
0 14516.7 14516.7 1e+100
2 19966.1 19966.1 1e+100
1 1439.51 5758.04 1e+100
0 19551.7 19551.7 1e+100
0 16714.6 70858.5 1e+100
3 17848 72391.8 1e+100
2 17386.4 69545.4 1e+100
3 12190.5 48762 1e+100
37
0 239.122 956.487 1e+100
3 6352.32 7352.32 1e+100
2 662.303 662.303 1e+100
0 1422.71 1422.71 1e+100
1 191.999 767.997 1e+100
3 1305.02 6220.09 1e+100
1 2718.88 11875.5 1e+100
2 3059.98 16239.9 1e+100
1 15494.4 16494.4 1e+100
2 19126.5 19126.5 1e+100
3 2178.17 3178.17 1e+100
0 7098.22 28392.9 1e+100
3 13682.9 13682.9 1e+100
0 19509.4 19509.4 1e+100
0 1390.64 5562.56 1e+100
1 5006.85 21027.4 1e+100
1 7178.92 29715.7 1e+100
2 12280.3 12280.3 1e+100
0 3570.38 14281.5 1e+100
3 10686.4 10686.4 1e+100
0 11166.8 11166.8 1e+100
1 1665.9 7663.6 1e+100
2 2123.84 8495.37 1e+100
3 4754.25 19017 1e+100
3 7363.99 29456 1e+100
2 8892.15 8892.15 1e+100
2 6956.55 27826.2 1e+100
0 6090.19 28360.7 1e+100
1 15657.8 16657.8 1e+100
0 14074.4 14074.4 1e+100
0 7779.25 7779.25 1e+100
2 12323.7 53294.7 1e+100
3 14336.3 15336.3 1e+100
2 2860.86 15443.4 1e+100
1 8698.59 35794.4 1e+100
0 11224.8 44899 1e+100
1 12639.6 50558.3 1e+100
37
2 1451.15 5804.59 1e+100
1 1709.01 2709.01 1e+100
3 825.213 1825.21 1e+100
0 426.539 1706.15 1e+100
0 2591.5 10366 1e+100
2 2324.52 13298.1 1e+100
3 2447.68 9790.73 1e+100
2 5225.43 9225.43 1e+100
1 3598.72 15394.9 1e+100
0 4696.65 18786.6 1e+100
0 17544.6 17544.6 1e+100
2 6965.31 6965.31 1e+100
3 8531.33 35125.3 1e+100
3 6157.81 25631.2 1e+100
0 11633.5 11633.5 1e+100
3 10180.6 41722.2 1e+100
3 11964.7 48858.9 1e+100
3 20417.1 20417.1 1e+100
1 14610.3 15610.3 1e+100
1 9678.07 38712.3 1e+100
0 4278.14 21112.6 1e+100
2 8587.46 34349.8 1e+100
3 1867.63 8470.52 1e+100
3 12954.9 12954.9 1e+100
2 14141.4 56565.7 1e+100
1 5358.15 21432.6 1e+100
0 7890.37 7890.37 1e+100
2 17045.6 17045.6 1e+100
0 5350.25 21401 1e+100
2 10283.6 10283.6 1e+100
1 10764 10764 1e+100
3 15128.5 15128.5 1e+100
0 14813.6 14813.6 1e+100
0 17153.9 17153.9 1e+100
0 10692.8 10692.8 1e+100
1 15073 15073 1e+100
3 12423.2 50692.9 1e+100
37
1 1146.95 5587.82 1e+100
3 134.389 134.389 1e+100
0 448.876 448.876 1e+100
2 2373.13 2373.13 1e+100
3 9509.11 10509.1 1e+100
0 3108.07 3108.07 1e+100
0 1190.5 5190.5 1e+100
3 2733.02 10932.1 1e+100
1 2112.4 9449.61 1e+100
3 612.433 3449.73 1e+100
2 3686.14 18744.6 1e+100
3 11137.5 11137.5 1e+100
0 11279.1 11279.1 1e+100
3 6429.42 7429.42 1e+100
2 8009.62 8009.62 1e+100
1 8417.3 8417.3 1e+100
2 12962.3 12962.3 1e+100
3 3912.75 15651 1e+100
1 10669.1 11669.1 1e+100
0 8042.44 12042.4 1e+100
3 14094.3 15094.3 1e+100
1 3419 14676 1e+100
2 4491.81 17967.3 1e+100
0 3194.25 12777 1e+100
2 7800.4 7800.4 1e+100
3 14327.1 15327.1 1e+100
0 11099.3 11099.3 1e+100
3 15686.2 16686.2 1e+100
0 2770.32 11081.3 1e+100
1 10157.2 11157.2 1e+100
1 3147.91 12591.7 1e+100
3 8935.43 35741.7 1e+100
2 11794.4 47177.8 1e+100
1 12467.9 13467.9 1e+100
2 14334.1 14334.1 1e+100
0 11062.2 44248.9 1e+100
1 13358.5 14358.5 1e+100
41
0 239.122 956.487 1e+100
1 9254.39 10254.4 1e+100
2 662.303 662.303 1e+100
0 1422.71 1422.71 1e+100
1 191.999 767.997 1e+100
3 1305.02 6220.09 1e+100
2 2892.8 11571.2 1e+100
1 2886.07 11544.3 1e+100
0 15856.4 15856.4 1e+100
2 13565.8 13565.8 1e+100
0 5285.14 25140.6 1e+100
1 15585.9 16585.9 1e+100
3 2309.79 9239.16 1e+100
2 10088.1 10088.1 1e+100
3 14308.2 14308.2 1e+100
3 4925.3 20701.2 1e+100
0 2794.26 15177.1 1e+100
0 8900.24 12900.2 1e+100
2 14200.8 14200.8 1e+100
3 5851.24 24404.9 1e+100
2 2601.69 10406.8 1e+100
2 4773.77 19095.1 1e+100
0 11054.5 11054.5 1e+100
1 3093.53 13374.1 1e+100
2 16221.2 20221.2 1e+100
3 15595.6 16595.6 1e+100
3 6889.21 28556.8 1e+100
0 4147.85 16591.4 1e+100
0 14129.7 14129.7 1e+100
1 18979.3 18979.3 1e+100
1 20397.5 20397.5 1e+100
3 8984.06 36936.3 1e+100
3 20708.4 20708.4 1e+100
0 20277.2 20277.2 1e+100
0 16922.3 67689.1 1e+100
1 16737.6 16737.6 1e+100
1 7415.75 7415.75 1e+100
1 8947.11 35788.5 1e+100
3 16413 16413 1e+100
2 16401.8 16401.8 1e+100
1 12508.4 50033.6 1e+100
48
1 1146.95 5587.82 1e+100
3 134.389 134.389 1e+100
0 448.876 448.876 1e+100
2 2373.13 2373.13 1e+100
2 9765.07 9765.07 1e+100
3 1065.7 2065.7 1e+100
0 10850.3 14850.3 1e+100
1 5085.47 20341.9 1e+100
3 6268.38 26073.5 1e+100
0 1228.94 4915.74 1e+100
3 3439.51 13758.1 1e+100
2 22830.8 26830.8 1e+100
0 15905 15905 1e+100
2 15086.7 15086.7 1e+100
1 13072.2 14072.2 1e+100
3 15181.3 15181.3 1e+100
0 19911.3 19911.3 1e+100
1 2038.15 8152.59 1e+100
0 13239.2 13239.2 1e+100
1 25288.9 25288.9 1e+100
2 26088.2 26088.2 1e+100
2 5524.28 22097.1 1e+100
3 22732.2 91928.8 1e+100
0 10927.2 43708.9 1e+100
3 10616.2 43464.6 1e+100
3 16350.6 17350.6 1e+100
0 1190.66 4762.66 1e+100
2 15264.3 19264.3 1e+100
0 2767.09 11068.4 1e+100
2 10766.9 14766.9 1e+100
1 7834.43 31337.7 1e+100
2 1280.97 9123.88 1e+100
3 5926.25 23705 1e+100
1 14057.9 15057.9 1e+100
2 17673.5 74693.8 1e+100
0 21951.7 21951.7 1e+100
3 7204.53 7204.53 1e+100
3 16290.2 16290.2 1e+100
0 3768.11 15072.5 1e+100
1 11263.9 11263.9 1e+100
1 15265.6 16265.6 1e+100
1 3407.4 14629.6 1e+100
1 19783.5 19783.5 1e+100
2 20605.8 24605.8 1e+100
2 6322.27 29289.1 1e+100
3 22348.1 22348.1 1e+100
0 12676 12676 1e+100
0 17756.3 75025.2 1e+100
35
2 143.405 143.405 1e+100
1 489.594 1958.38 1e+100
3 6048.22 6048.22 1e+100
3 1053.7 1053.7 1e+100
2 1406.88 1406.88 1e+100
0 1243.72 8974.89 1e+100
1 5308.53 22234.1 1e+100
0 2565.87 10263.5 1e+100
1 1404.66 5618.63 1e+100
0 8157.98 8157.98 1e+100
2 7291.69 7291.69 1e+100
3 1561.56 2561.56 1e+100
2 527.203 2108.81 1e+100
0 7995.7 7995.7 1e+100
2 11097.3 11097.3 1e+100
2 3600.96 3600.96 1e+100
3 8495.09 9495.09 1e+100
0 15689.2 15689.2 1e+100
3 12957.9 12957.9 1e+100
2 1564.92 6259.7 1e+100
0 2906.49 2906.49 1e+100
3 4485.49 18942 1e+100
0 8706.46 8706.46 1e+100
1 2873.03 12492.1 1e+100
1 7361.94 8361.94 1e+100
2 13061 13061 1e+100
1 11402.3 11402.3 1e+100
3 4757.16 4757.16 1e+100
0 9405.13 37620.5 1e+100
2 6996.23 27984.9 1e+100
2 5015.44 5015.44 1e+100
0 11475.1 11475.1 1e+100
1 3513.63 14054.5 1e+100
3 8198.56 33794.2 1e+100
2 9619.39 9619.39 1e+100
42
2 1451.15 5804.59 1e+100
1 1709.01 2709.01 1e+100
3 825.213 1825.21 1e+100
0 426.539 1706.15 1e+100
0 2591.5 10366 1e+100
2 2324.52 13298.1 1e+100
1 7126.03 28504.1 1e+100
1 4338.16 4338.16 1e+100
2 4485.99 17944 1e+100
3 4343.26 18373 1e+100
0 23064.7 23064.7 1e+100
0 18767.9 18767.9 1e+100
0 9909.06 9909.06 1e+100
1 22913.6 22913.6 1e+100
2 21326.3 21326.3 1e+100
3 1567.76 6271.02 1e+100
0 20398.9 20398.9 1e+100
3 12882.3 12882.3 1e+100
3 8843.19 9843.19 1e+100
3 10080.1 41320.5 1e+100
0 6391.25 25565 1e+100
2 8284.27 33137.1 1e+100
3 4361.65 18446.6 1e+100
1 12696 13696 1e+100
0 2647.84 10591.3 1e+100
2 17801.5 21801.5 1e+100
3 20164.3 81657.2 1e+100
3 15706.8 15706.8 1e+100
2 9597.25 42389 1e+100
0 922.984 7691.94 1e+100
1 15863.9 63455.6 1e+100
2 13642.5 13642.5 1e+100
1 9992.2 39968.8 1e+100
1 12704.2 12704.2 1e+100
3 15602.5 15602.5 1e+100
1 5449 22796 1e+100
1 16724 67896.2 1e+100
0 12340.2 12340.2 1e+100
2 19351.3 19351.3 1e+100
0 7075.11 32300.5 1e+100
2 9458.68 37834.7 1e+100
3 11228.8 12228.8 1e+100
43
2 143.405 143.405 1e+100
1 489.594 1958.38 1e+100
1 3427.03 3427.03 1e+100
3 1053.7 1053.7 1e+100
2 1406.88 1406.88 1e+100
0 1243.72 8974.89 1e+100
2 6904.79 27619.2 1e+100
0 2565.87 10263.5 1e+100
2 3000.92 16003.7 1e+100
1 13047.2 14047.2 1e+100
0 13179.8 13179.8 1e+100
0 10542.8 10542.8 1e+100
3 10052.6 11052.6 1e+100
3 5124.95 20499.8 1e+100
3 1634.28 2634.28 1e+100
0 13811.1 13811.1 1e+100
1 3729.42 15917.7 1e+100
3 16834.1 17834.1 1e+100
3 19835.6 20835.6 1e+100
2 18161.5 18161.5 1e+100
1 18006.3 19006.3 1e+100
2 10129.5 10129.5 1e+100
3 13272.6 13272.6 1e+100
1 5818.22 24272.9 1e+100
2 21422.9 21422.9 1e+100
2 8183.71 32734.9 1e+100
2 5482.56 5482.56 1e+100
0 819.276 3277.1 1e+100
0 2923.53 2923.53 1e+100
0 21162.9 21162.9 1e+100
1 13923.6 14923.6 1e+100
1 3221.84 3221.84 1e+100
3 20283.2 20283.2 1e+100
3 5236.77 21947.1 1e+100
0 14858.1 18858.1 1e+100
0 16901.5 16901.5 1e+100
2 11773.2 47092.6 1e+100
2 14384.8 18384.8 1e+100
3 9030.24 9030.24 1e+100
1 19116.2 76464.8 1e+100
1 10652.2 10652.2 1e+100
2 16889.7 16889.7 1e+100
1 5058.13 20232.5 1e+100
32
2 1451.15 5804.59 1e+100
1 1709.01 2709.01 1e+100
3 825.213 1825.21 1e+100
0 426.539 1706.15 1e+100
0 2591.5 10366 1e+100
2 2324.52 13298.1 1e+100
3 2447.68 9790.73 1e+100
1 9052.78 9052.78 1e+100
1 3598.72 15394.9 1e+100
2 5357.63 21430.5 1e+100
0 6357.18 6357.18 1e+100
2 8785.73 8785.73 1e+100
0 3048.66 12194.6 1e+100
2 5598.98 5598.98 1e+100
3 7569.23 8569.23 1e+100
3 5812.61 6812.61 1e+100
1 13121.2 14121.2 1e+100
0 14632.1 14632.1 1e+100
1 15332.3 15332.3 1e+100
3 10886.1 44544.2 1e+100
3 12843.4 13843.4 1e+100
3 1389.11 6556.46 1e+100
2 9020.95 9020.95 1e+100
2 11092.9 44371.6 1e+100
2 13197.2 13197.2 1e+100
0 4870.64 4870.64 1e+100
3 1904.8 7619.22 1e+100
1 9085.39 37341.6 1e+100
3 7569.18 8569.18 1e+100
1 6712.36 7712.36 1e+100
0 5521.6 22086.4 1e+100
0 9550.89 9550.89 1e+100
45
2 143.405 143.405 1e+100
1 489.594 1958.38 1e+100
3 5583.81 5583.81 1e+100
3 1053.7 1053.7 1e+100
2 1406.88 1406.88 1e+100
0 1243.72 8974.89 1e+100
0 5331.31 21325.2 1e+100
0 2565.87 10263.5 1e+100
1 1404.66 5618.63 1e+100
1 15799.5 16799.5 1e+100
1 6798.8 7798.8 1e+100
2 1852.54 11410.2 1e+100
1 2558.49 3558.49 1e+100
3 1693.18 6772.72 1e+100
3 13372.1 14372.1 1e+100
2 14147.7 18147.7 1e+100
2 5807.52 23230.1 1e+100
2 3520.07 18080.3 1e+100
2 7070.73 7070.73 1e+100
1 16187.6 17187.6 1e+100
0 15288.4 15288.4 1e+100
3 16861.7 17861.7 1e+100
3 13928 14928 1e+100
3 19072.8 19072.8 1e+100
1 2405.9 10623.6 1e+100
2 20634.8 20634.8 1e+100
0 4954.54 19818.1 1e+100
2 9830.53 9830.53 1e+100
3 6398.06 26592.2 1e+100
0 21413.4 21413.4 1e+100
2 13853.7 13853.7 1e+100
3 3376.27 13505.1 1e+100
0 5549.7 26198.8 1e+100
1 9515.25 10515.3 1e+100
1 5801.55 24206.2 1e+100
1 7520.27 30081.1 1e+100
0 9907.07 9907.07 1e+100
2 16379.4 16379.4 1e+100
0 11163.5 11163.5 1e+100
1 15318.1 61272.3 1e+100
0 17915.1 17915.1 1e+100
2 6061.17 28244.7 1e+100
0 6969.59 27878.4 1e+100
0 13963.7 55855 1e+100
1 17395.8 69583.2 1e+100
42
2 143.405 143.405 1e+100
1 489.594 1958.38 1e+100
3 4022.91 4022.91 1e+100
3 1053.7 1053.7 1e+100
2 1406.88 1406.88 1e+100
0 1243.72 8974.89 1e+100
2 4047.08 16188.3 1e+100
0 4524.12 18096.5 1e+100
1 1404.66 5618.63 1e+100
0 13035.9 13035.9 1e+100
3 17301.2 18301.2 1e+100
1 13240 14240 1e+100
2 8512.16 8512.16 1e+100
0 7631.19 11631.2 1e+100
0 962.954 7851.81 1e+100
2 9550.85 9550.85 1e+100
3 13910.2 13910.2 1e+100
3 4342.97 17371.9 1e+100
2 10704.2 42816.8 1e+100
2 17317.9 17317.9 1e+100
1 3448.78 14795.1 1e+100
1 1042.81 5171.23 1e+100
3 9984.1 9984.1 1e+100
3 7726.16 8726.16 1e+100
0 3948.04 19792.2 1e+100
2 12385.2 53540.7 1e+100
1 5216.17 21864.7 1e+100
0 14425.4 57701.7 1e+100
3 17935.5 17935.5 1e+100
2 1944.82 7779.3 1e+100
3 4343.93 17375.7 1e+100
3 15362.6 16362.6 1e+100
2 17389.9 17389.9 1e+100
1 6577.77 27311.1 1e+100
1 11413.4 12413.4 1e+100
1 15116.8 15116.8 1e+100
1 17082 17082 1e+100
2 12227.8 12227.8 1e+100
0 14213.6 14213.6 1e+100
0 17338.4 17338.4 1e+100
3 17568.3 17568.3 1e+100
0 9798.39 39193.6 1e+100
41
1 1146.95 5587.82 1e+100
3 134.389 134.389 1e+100
0 448.876 448.876 1e+100
2 2373.13 2373.13 1e+100
2 13490.8 13490.8 1e+100
1 7105.1 8105.1 1e+100
0 1190.5 5190.5 1e+100
0 2902.64 15610.6 1e+100
1 2112.4 9449.61 1e+100
3 612.433 3449.73 1e+100
2 3686.14 18744.6 1e+100
1 8890.35 8890.35 1e+100
0 12517.7 12517.7 1e+100
1 12234.2 13234.2 1e+100
2 8995.4 8995.4 1e+100
3 1565.85 6263.38 1e+100
2 13256.5 13256.5 1e+100
3 13308.9 14308.9 1e+100
3 8026.89 33107.5 1e+100
0 2542.32 10169.3 1e+100
1 8250.87 9250.87 1e+100
0 6746.97 26987.9 1e+100
2 5743.63 9743.63 1e+100
2 3078.88 12315.5 1e+100
3 8848.75 8848.75 1e+100
3 4558.28 18233.1 1e+100
0 5022.12 24088.5 1e+100
1 12737.6 50950.3 1e+100
0 15077.4 15077.4 1e+100
1 1444.58 5778.34 1e+100
2 14010.2 14010.2 1e+100
3 9351.01 10351 1e+100
3 417.203 2668.81 1e+100
0 11979.2 11979.2 1e+100
3 12004.1 12004.1 1e+100
3 16206.8 16206.8 1e+100
1 14736.2 15736.2 1e+100
0 5391.22 5391.22 1e+100
2 14859.9 14859.9 1e+100
1 12277.7 12277.7 1e+100
3 13501.6 55006.2 1e+100
33
0 239.122 956.487 1e+100
1 7526.26 8526.26 1e+100
2 662.303 662.303 1e+100
3 8594.4 9594.4 1e+100
1 191.999 767.997 1e+100
3 1305.02 6220.09 1e+100
1 4146.34 17585.4 1e+100
0 1028.12 8112.47 1e+100
0 3419.4 3419.4 1e+100
3 12872.4 13872.4 1e+100
2 1967.66 11870.7 1e+100
2 6036.77 6036.77 1e+100
1 1783.44 7133.76 1e+100
0 6334.55 6334.55 1e+100
2 9991.67 13991.7 1e+100
3 4962.39 20849.6 1e+100
3 2674.94 10699.8 1e+100
1 8513.97 9513.97 1e+100
2 2291.71 2291.71 1e+100
3 13197.4 14197.4 1e+100
0 13933.2 13933.2 1e+100
2 5041.44 20165.8 1e+100
2 9426.41 9426.41 1e+100
0 5740.53 26962.1 1e+100
3 13832.2 13832.2 1e+100
3 6602.78 6602.78 1e+100
2 10718.7 42874.7 1e+100
0 874.715 3498.86 1e+100
0 8116.78 8116.78 1e+100
2 12788.6 12788.6 1e+100
1 8099.34 32397.4 1e+100
1 3664.31 15657.2 1e+100
0 9022.67 9022.67 1e+100
41
0 239.122 956.487 1e+100
1 12659.7 13659.7 1e+100
2 662.303 662.303 1e+100
1 9838.19 10838.2 1e+100
1 191.999 767.997 1e+100
3 1305.02 6220.09 1e+100
2 2892.8 11571.2 1e+100
0 1028.12 8112.47 1e+100
3 11615.4 12615.4 1e+100
3 17203.2 18203.2 1e+100
0 3123.07 16492.3 1e+100
3 19629.2 20629.2 1e+100
3 2309.79 9239.16 1e+100
2 11798.9 11798.9 1e+100
1 16859.6 16859.6 1e+100
1 1590.32 7361.28 1e+100
1 3851.77 15407.1 1e+100
3 7584.07 31336.3 1e+100
0 11775.1 11775.1 1e+100
2 4780.15 19120.6 1e+100
0 9614.65 38458.6 1e+100
3 1981.89 1981.89 1e+100
2 19816.7 19816.7 1e+100
0 5682.26 26729 1e+100
3 4731.09 18924.4 1e+100
3 11057.3 45229.3 1e+100
2 6598.45 26393.8 1e+100
0 2225.86 6225.86 1e+100
1 17055.8 69223.4 1e+100
1 3360.7 13442.8 1e+100
0 15245.2 15245.2 1e+100
2 11749.9 11749.9 1e+100
2 15729.3 62917.1 1e+100
1 9493.5 10493.5 1e+100
3 10702.1 10702.1 1e+100
0 11110.5 15110.5 1e+100
0 16081.8 16081.8 1e+100
0 18422 18422 1e+100
3 16949.2 17949.2 1e+100
3 18487.8 18487.8 1e+100
2 12083.8 48335.1 1e+100
28
0 239.122 956.487 1e+100
0 5144.48 5144.48 1e+100
2 662.303 662.303 1e+100
1 2257.21 3257.21 1e+100
1 191.999 767.997 1e+100
3 1305.02 6220.09 1e+100
1 4065.6 17262.4 1e+100
0 1028.12 8112.47 1e+100
0 10354.8 10354.8 1e+100
2 2281.9 2281.9 1e+100
1 4582.8 5582.8 1e+100
3 2149.95 9599.8 1e+100
3 9928.49 10928.5 1e+100
2 10869.4 10869.4 1e+100
1 7895.61 8895.61 1e+100
2 2264.3 2264.3 1e+100
2 4181.49 16726 1e+100
2 6405.45 6405.45 1e+100
3 1949.98 7799.91 1e+100
1 10867.7 10867.7 1e+100
1 7630.6 7630.6 1e+100
0 3012.88 12051.5 1e+100
1 4227.55 17910.2 1e+100
2 10289.6 10289.6 1e+100
0 9413.05 9413.05 1e+100
3 4743.12 18972.5 1e+100
3 2518.18 11072.7 1e+100
0 6735.23 6735.23 1e+100
38
2 143.405 143.405 1e+100
1 489.594 1958.38 1e+100
2 4137.26 8137.26 1e+100
3 1053.7 1053.7 1e+100
2 1406.88 1406.88 1e+100
0 1243.72 8974.89 1e+100
0 3082.21 12328.8 1e+100
3 2685.77 11743.1 1e+100
1 1404.66 5618.63 1e+100
1 3612.05 4612.05 1e+100
3 13420.7 14420.7 1e+100
0 12461.4 12461.4 1e+100
3 8460.11 9460.11 1e+100
0 5084.46 24337.8 1e+100
1 10374.4 11374.4 1e+100
2 17574.2 17574.2 1e+100
2 4439.66 17758.6 1e+100
0 15923 15923 1e+100
2 10311.9 10311.9 1e+100
2 8038.67 8038.67 1e+100
3 14055.5 15055.5 1e+100
2 11148 44591.9 1e+100
2 13371.9 13371.9 1e+100
0 11748.3 50993.1 1e+100
3 1652.43 6609.73 1e+100
0 3839.93 19359.7 1e+100
3 7862.17 8862.17 1e+100
1 3828.83 16315.3 1e+100
1 1515.8 6063.2 1e+100
3 14386.8 15386.8 1e+100
1 14361.6 15361.6 1e+100
1 10247.1 11247.1 1e+100
1 11711.6 46846.2 1e+100
0 15334.3 15334.3 1e+100
3 2479.63 9918.51 1e+100
0 5259.83 21039.3 1e+100
1 4675.97 19703.9 1e+100
2 2631.58 14526.3 1e+100
38
0 239.122 956.487 1e+100
3 4124.87 5124.87 1e+100
2 662.303 662.303 1e+100
0 1422.71 1422.71 1e+100
1 191.999 767.997 1e+100
3 1305.02 6220.09 1e+100
2 2892.8 11571.2 1e+100
1 2886.07 11544.3 1e+100
1 6791.55 7791.55 1e+100
0 3908.03 3908.03 1e+100
2 6124.03 6124.03 1e+100
1 3333.11 14332.4 1e+100
3 5576.42 6576.42 1e+100
0 4154.02 4154.02 1e+100
1 6849.29 7849.29 1e+100
0 11830.9 11830.9 1e+100
0 17162.4 17162.4 1e+100
2 14439 18439 1e+100
0 5895.21 23580.9 1e+100
0 9587.17 9587.17 1e+100
0 7610.28 30441.1 1e+100
2 6359.25 6359.25 1e+100
2 1320.52 5282.07 1e+100
2 16601 16601 1e+100
3 14886.9 15886.9 1e+100
1 11077.4 12077.4 1e+100
3 8515.98 8515.98 1e+100
1 6761.13 6761.13 1e+100
3 1848.62 8394.5 1e+100
1 16192.7 16192.7 1e+100
1 14137.2 15137.2 1e+100
0 13411.9 53647.8 1e+100
1 8741.87 8741.87 1e+100
3 5802.02 5802.02 1e+100
3 9642.32 38569.3 1e+100
2 6631.51 10631.5 1e+100
2 9046.19 9046.19 1e+100
3 11062 44247.9 1e+100
36
0 239.122 956.487 1e+100
2 9003.87 9003.87 1e+100
2 662.303 662.303 1e+100
0 1422.71 1422.71 1e+100
1 191.999 767.997 1e+100
3 1305.02 6220.09 1e+100
1 2718.88 11875.5 1e+100
2 3059.98 16239.9 1e+100
1 11737.8 12737.8 1e+100
1 7844.03 8844.03 1e+100
3 2178.17 3178.17 1e+100
1 4535.51 19142 1e+100
2 14439 18439 1e+100
2 8880.03 8880.03 1e+100
0 1390.64 5562.56 1e+100
2 10081.4 40325.5 1e+100
3 2420.55 10682.2 1e+100
0 15570 15570 1e+100
0 8660.61 34642.5 1e+100
3 12187.7 12187.7 1e+100
1 10984.3 11984.3 1e+100
0 2428.61 9714.43 1e+100
2 2123.84 8495.37 1e+100
2 14948.2 14948.2 1e+100
1 15657.2 15657.2 1e+100
1 17075.4 17075.4 1e+100
3 6130.34 25521.3 1e+100
3 17446.7 17446.7 1e+100
0 4068.17 4068.17 1e+100
3 3665.03 15660.1 1e+100
0 9977.78 13977.8 1e+100
1 5543.93 5543.93 1e+100
1 12043.3 48173.1 1e+100
3 7409.63 7409.63 1e+100
0 10811 10811 1e+100
3 12465 49860 1e+100
47
0 239.122 956.487 1e+100
0 2317.49 2317.49 1e+100
2 662.303 662.303 1e+100
3 17004 18004 1e+100
1 191.999 767.997 1e+100
3 1305.02 6220.09 1e+100
2 2892.8 11571.2 1e+100
1 2886.07 11544.3 1e+100
1 22003.5 23003.5 1e+100
3 28316.1 29316.1 1e+100
1 12680.8 13680.8 1e+100
0 3122.66 3122.66 1e+100
0 5555.45 9555.45 1e+100
2 28252.9 28252.9 1e+100
3 3599.98 14399.9 1e+100
1 9278.56 10278.6 1e+100
0 18025.9 22025.9 1e+100
2 8871.75 8871.75 1e+100
1 6486.41 26945.7 1e+100
2 3728.92 14915.7 1e+100
1 3977.54 16910.2 1e+100
0 27738.1 27738.1 1e+100
1 14679.8 15679.8 1e+100
0 22857.8 22857.8 1e+100
1 16044.8 17044.8 1e+100
3 18998.6 19998.6 1e+100
3 6327.63 6327.63 1e+100
2 8686.36 34745.5 1e+100
3 9756.77 10756.8 1e+100
1 11850.5 48401.8 1e+100
1 21438.8 22438.8 1e+100
0 4916.63 19666.5 1e+100
0 7020.88 7020.88 1e+100
0 17811.3 17811.3 1e+100
0 23612 23612 1e+100
2 9202.74 13202.7 1e+100
3 15962.5 15962.5 1e+100
3 3303.25 14213 1e+100
2 15071.8 19071.8 1e+100
2 13016.3 13016.3 1e+100
2 22305.8 89223 1e+100
2 19620 23620 1e+100
3 20367.5 20367.5 1e+100
3 9990.85 39963.4 1e+100
0 10757.8 14757.8 1e+100
3 21115.1 22115.1 1e+100
1 21751.7 87006.9 1e+100
38
0 239.122 956.487 1e+100
0 9179.98 9179.98 1e+100
2 662.303 662.303 1e+100
1 9033.3 10033.3 1e+100
1 191.999 767.997 1e+100
3 1305.02 6220.09 1e+100
3 3111.78 13447.1 1e+100
0 1028.12 8112.47 1e+100
1 2155.41 3155.41 1e+100
0 11261.7 11261.7 1e+100
1 17834.4 18834.4 1e+100
2 9534.98 9534.98 1e+100
2 1758.38 11033.5 1e+100
0 17665.1 17665.1 1e+100
3 11732.7 12732.7 1e+100
2 2885.45 11541.8 1e+100
1 2224.69 9898.76 1e+100
0 12072.6 12072.6 1e+100
0 934.327 3737.31 1e+100
1 3942.97 16771.9 1e+100
1 10934.9 10934.9 1e+100
2 10213.2 10213.2 1e+100
1 8139.31 32557.2 1e+100
2 3511.13 18044.5 1e+100
3 5834.65 24338.6 1e+100
0 2752.63 11010.5 1e+100
3 12566.7 12566.7 1e+100
3 1872.74 8490.98 1e+100
3 7357.48 29429.9 1e+100
3 15955 15955 1e+100
1 11367 11367 1e+100
2 4149.18 16596.7 1e+100
0 11515.1 46060.6 1e+100
3 13051.4 14051.4 1e+100
2 15854.5 15854.5 1e+100
2 11889.3 51557.3 1e+100
2 9664.4 38657.6 1e+100
0 11960.7 11960.7 1e+100
31
2 143.405 143.405 1e+100
1 489.594 1958.38 1e+100
3 11115.2 11115.2 1e+100
3 1053.7 1053.7 1e+100
2 1406.88 1406.88 1e+100
0 1243.72 8974.89 1e+100
3 3202.1 13808.4 1e+100
0 2565.87 10263.5 1e+100
1 1404.66 5618.63 1e+100
2 11617.6 11617.6 1e+100
1 4634.01 5634.01 1e+100
2 1852.54 11410.2 1e+100
1 2558.49 3558.49 1e+100
3 4364.85 17459.4 1e+100
0 7055.2 7055.2 1e+100
3 14600.9 14600.9 1e+100
2 3761.77 15047.1 1e+100
0 4891.8 23567.2 1e+100
0 9414.65 9414.65 1e+100
2 7191.57 7191.57 1e+100
2 4918.36 4918.36 1e+100
2 13312 13312 1e+100
1 3802.58 16210.3 1e+100
0 11827.6 11827.6 1e+100
1 5753.5 23014 1e+100
3 3292.62 13170.5 1e+100
3 8721.68 35886.7 1e+100
2 9758.88 9758.88 1e+100
1 8137.87 9137.87 1e+100
0 4583.06 18332.3 1e+100
1 9829.83 10829.8 1e+100
46
1 1146.95 5587.82 1e+100
3 134.389 134.389 1e+100
0 448.876 448.876 1e+100
2 2373.13 2373.13 1e+100
2 14984.8 14984.8 1e+100
3 16824.5 17824.5 1e+100
0 3088.46 7088.46 1e+100
0 1330.31 9321.24 1e+100
1 2112.4 9449.61 1e+100
3 612.433 3449.73 1e+100
2 3686.14 18744.6 1e+100
0 8474.36 12474.4 1e+100
0 21818 21818 1e+100
2 19682.8 19682.8 1e+100
0 17146.9 17146.9 1e+100
0 5462.57 25850.3 1e+100
1 16717.8 17717.8 1e+100
0 18620.7 18620.7 1e+100
3 961.145 4844.58 1e+100
0 8209.36 32837.4 1e+100
1 12253.6 13253.6 1e+100
0 2646.5 10586 1e+100
1 10093.2 41372.7 1e+100
3 20446.3 20446.3 1e+100
0 13396.7 13396.7 1e+100
1 2067.81 8271.26 1e+100
3 1586.82 6347.28 1e+100
0 11523.7 46094.8 1e+100
2 3879.4 15517.6 1e+100
3 11283 11283 1e+100
1 3378.04 14512.2 1e+100
3 3156.01 12624 1e+100
1 5653.02 22612.1 1e+100
0 8022.17 36088.7 1e+100
1 11994.3 12994.3 1e+100
3 5835.8 24343.2 1e+100
3 15987.3 63949.3 1e+100
3 14120.9 15120.9 1e+100
1 18621.3 19621.3 1e+100
2 11631.8 11631.8 1e+100
2 7178.6 32714.4 1e+100
2 18611.4 18611.4 1e+100
2 4163.73 20654.9 1e+100
1 16679.4 67717.5 1e+100
2 12882.5 51530 1e+100
3 6737.01 26948 1e+100
44
1 1146.95 5587.82 1e+100
3 134.389 134.389 1e+100
0 448.876 448.876 1e+100
2 2373.13 2373.13 1e+100
3 1414.26 2414.26 1e+100
2 22199.2 22199.2 1e+100
0 11471.7 15471.7 1e+100
1 5452.52 21810.1 1e+100
2 4314.94 17259.8 1e+100
0 1228.94 4915.74 1e+100
1 1532.04 6128.17 1e+100
2 15973.9 19973.9 1e+100
3 11965.7 12965.7 1e+100
3 2301.5 9205.99 1e+100
3 9890.16 10890.2 1e+100
0 4824.97 23299.9 1e+100
0 15054.5 15054.5 1e+100
2 17608.4 21608.4 1e+100
0 7440.48 29761.9 1e+100
0 2344.39 13377.6 1e+100
3 2678.36 11713.4 1e+100
1 12769.6 13769.6 1e+100
2 4742.34 18969.4 1e+100
3 4396.63 18586.5 1e+100
0 11036.2 15036.2 1e+100
1 19238 20238 1e+100
2 9320.4 41281.6 1e+100
1 14426.8 57707.1 1e+100
2 6509.73 26038.9 1e+100
1 6809.96 28239.8 1e+100
1 9833.15 9833.15 1e+100
3 19317 78267.8 1e+100
3 15336.3 61345.2 1e+100
2 19829.4 19829.4 1e+100
0 18668.4 18668.4 1e+100
1 3273.81 14095.2 1e+100
1 20370.5 21370.5 1e+100
3 9442.68 9442.68 1e+100
1 14558.6 14558.6 1e+100
0 15459 15459 1e+100
0 12447.5 12447.5 1e+100
0 19577 19577 1e+100
3 11151.2 11151.2 1e+100
3 3088.93 13355.7 1e+100
44
3 185.349 1185.35 1e+100
0 930.996 3723.98 1e+100
2 168.477 673.908 1e+100
1 438.331 1438.33 1e+100
2 1606.1 10424.4 1e+100
3 3662.77 15651.1 1e+100
2 7396.4 7396.4 1e+100
3 16090.9 16090.9 1e+100
1 1985.81 1985.81 1e+100
3 1112.63 1112.63 1e+100
2 9153.13 9153.13 1e+100
0 10646.5 10646.5 1e+100
0 1771.5 11086 1e+100
2 12193.8 12193.8 1e+100
2 16547.3 16547.3 1e+100
1 2871.42 11485.7 1e+100
3 9145.33 10145.3 1e+100
0 3811.51 19246 1e+100
1 12897.5 13897.5 1e+100
0 14715.6 18715.6 1e+100
2 2370.01 9480.04 1e+100
3 4235.01 16940.1 1e+100
2 17232.2 68928.9 1e+100
1 14789.4 15789.4 1e+100
3 4669.89 19679.6 1e+100
0 4687.66 8687.66 1e+100
0 9995.88 39983.5 1e+100
3 10587.4 10587.4 1e+100
1 3053.87 12215.5 1e+100
0 3086.9 16347.6 1e+100
1 8081.21 32324.8 1e+100
0 15380.3 15380.3 1e+100
3 13695.7 54782.8 1e+100
1 16603.9 17603.9 1e+100
2 18577.3 18577.3 1e+100
1 4268.99 18076 1e+100
0 16694.6 16694.6 1e+100
3 16593 16593 1e+100
3 14141.8 14141.8 1e+100
2 9595.06 9595.06 1e+100
0 3511.8 3511.8 1e+100
1 13447.8 14447.8 1e+100
1 17043.4 17043.4 1e+100
3 5890.56 24562.2 1e+100
44
1 1146.95 5587.82 1e+100
3 134.389 134.389 1e+100
0 448.876 448.876 1e+100
2 2373.13 2373.13 1e+100
3 11506.4 12506.4 1e+100
1 17130 18130 1e+100
0 3088.46 7088.46 1e+100
0 1330.31 9321.24 1e+100
3 2142.59 9570.35 1e+100
1 2665.55 11662.2 1e+100
1 7433.92 29735.7 1e+100
1 23489.7 23489.7 1e+100
3 12533.4 13533.4 1e+100
1 4108.83 16435.3 1e+100
1 11835.3 12835.3 1e+100
3 3830.63 15322.5 1e+100
3 14542.9 15542.9 1e+100
2 11548.1 15548.1 1e+100
0 8647.01 34588.1 1e+100
3 5756.69 23026.8 1e+100
2 5136.49 20545.9 1e+100
0 22122.1 22122.1 1e+100
2 13717.9 54871.8 1e+100
2 11944.2 15944.2 1e+100
2 878.807 3515.23 1e+100
1 15826 15826 1e+100
1 18118.4 72473.5 1e+100
1 7228.82 28915.3 1e+100
0 3897.25 19589 1e+100
0 14829.5 14829.5 1e+100
0 1544.49 10177.9 1e+100
0 10948.9 10948.9 1e+100
3 16381.2 16381.2 1e+100
1 21246.8 21246.8 1e+100
2 6223.93 24895.7 1e+100
2 16691 20691 1e+100
2 14635.5 14635.5 1e+100
0 17322.9 69291.5 1e+100
3 20870.1 20870.1 1e+100
3 13667.2 13667.2 1e+100
3 3729.25 14917 1e+100
0 7677.46 11677.5 1e+100
1 8657.18 9657.18 1e+100
3 16640.9 66563.7 1e+100
38
1 1146.95 5587.82 1e+100
3 134.389 134.389 1e+100
0 448.876 448.876 1e+100
2 2373.13 2373.13 1e+100
0 9037.53 9037.53 1e+100
0 6807.56 6807.56 1e+100
3 6009.73 6009.73 1e+100
1 2701.72 10806.9 1e+100
3 3419.24 14677 1e+100
3 612.433 3449.73 1e+100
2 3686.14 18744.6 1e+100
0 1394.18 5394.18 1e+100
3 8330.39 9330.39 1e+100
0 9905.14 9905.14 1e+100
2 9645.35 9645.35 1e+100
1 3432.51 13730 1e+100
1 15861.1 16861.1 1e+100
0 11220.1 11220.1 1e+100
0 2873.05 11492.2 1e+100
1 9980.99 10981 1e+100
2 11398.9 11398.9 1e+100
0 788.965 788.965 1e+100
3 9962.63 10962.6 1e+100
0 14553.9 14553.9 1e+100
1 11111.4 11111.4 1e+100
1 3565.54 15262.2 1e+100
3 7718.89 8718.89 1e+100
1 6857.82 28431.3 1e+100
2 5836.55 5836.55 1e+100
2 2083.41 8333.66 1e+100
3 14258.3 15258.3 1e+100
0 16326.9 16326.9 1e+100
3 3079.06 12316.2 1e+100
2 11282.5 45130 1e+100
1 3402.42 4402.42 1e+100
0 10770.4 10770.4 1e+100
3 9672.43 39689.7 1e+100
2 13500.8 13500.8 1e+100
46
3 185.349 1185.35 1e+100
0 930.996 3723.98 1e+100
2 168.477 673.908 1e+100
1 438.331 1438.33 1e+100
2 1606.1 10424.4 1e+100
3 3662.77 15651.1 1e+100
1 4593.56 5593.56 1e+100
0 2910.99 6910.99 1e+100
2 6078.89 10078.9 1e+100
3 1112.63 1112.63 1e+100
1 6350.29 7350.29 1e+100
2 10521.2 10521.2 1e+100
1 1709.06 6836.23 1e+100
2 2891.89 2891.89 1e+100
3 9715.11 10715.1 1e+100
1 7509.99 8509.99 1e+100
3 14333.7 15333.7 1e+100
0 15485.1 19485.1 1e+100
3 3259.53 13038.1 1e+100
0 11499.2 11499.2 1e+100
3 6324.1 6324.1 1e+100
0 1999.39 11997.6 1e+100
1 11219.8 12219.8 1e+100
2 5312.64 5312.64 1e+100
3 11122.7 12122.7 1e+100
1 19983 20983 1e+100
0 20709.1 20709.1 1e+100
2 12593.4 16593.4 1e+100
0 6599.68 26398.7 1e+100
2 21902.3 21902.3 1e+100
0 4206.78 16827.1 1e+100
2 19314.6 19314.6 1e+100
2 8875.11 35500.5 1e+100
0 14925.3 14925.3 1e+100
1 11849.5 12849.5 1e+100
0 7081.19 7081.19 1e+100
0 1406.61 1406.61 1e+100
3 16104.7 65418.9 1e+100
2 13080.5 13080.5 1e+100
1 6647.15 6647.15 1e+100
3 11936.7 11936.7 1e+100
3 17429.8 18429.8 1e+100
2 15517.4 15517.4 1e+100
3 6412.11 7412.11 1e+100
1 13505.7 13505.7 1e+100
1 15402.6 62610.4 1e+100
47
3 185.349 1185.35 1e+100
0 930.996 3723.98 1e+100
2 168.477 673.908 1e+100
1 438.331 1438.33 1e+100
2 1606.1 10424.4 1e+100
3 3662.77 15651.1 1e+100
3 14987.7 15987.7 1e+100
2 7243.75 11243.8 1e+100
1 11786.1 11786.1 1e+100
3 1112.63 1112.63 1e+100
3 16744.4 17744.4 1e+100
0 1958.32 1958.32 1e+100
1 1709.06 6836.23 1e+100
1 17620.5 18620.5 1e+100
2 2319.33 2319.33 1e+100
3 17904.1 18904.1 1e+100
0 15030.4 15030.4 1e+100
3 19638.5 19638.5 1e+100
1 5260.98 21043.9 1e+100
0 12224.7 12224.7 1e+100
2 10274.7 14274.7 1e+100
2 6332.15 29328.6 1e+100
1 22936.8 22936.8 1e+100
1 17919.9 18919.9 1e+100
1 6791.08 28164.3 1e+100
0 7144.87 28579.5 1e+100
1 1171.25 5685 1e+100
1 12961 13961 1e+100
0 1770.66 7082.62 1e+100
1 19940.3 19940.3 1e+100
0 14188 14188 1e+100
0 3803.93 15215.7 1e+100
3 6212.15 25848.6 1e+100
3 3828.98 15315.9 1e+100
2 98.2074 4392.83 1e+100
3 1203.22 2203.22 1e+100
1 9055.48 37221.9 1e+100
2 11059 48235.9 1e+100
2 13240.6 13240.6 1e+100
0 17464.4 17464.4 1e+100
2 4691.24 4691.24 1e+100
2 14449.2 61796.7 1e+100
3 17441 18441 1e+100
3 6949.16 27796.6 1e+100
2 8264.66 33058.7 1e+100
2 16302.1 65208.4 1e+100
0 14071.6 60286.4 1e+100
46
3 185.349 1185.35 1e+100
0 930.996 3723.98 1e+100
2 168.477 673.908 1e+100
1 438.331 1438.33 1e+100
2 1606.1 10424.4 1e+100
3 3662.77 15651.1 1e+100
3 6845.29 7845.29 1e+100
0 2910.99 6910.99 1e+100
2 8548.84 12548.8 1e+100
3 1112.63 1112.63 1e+100
2 13355.2 13355.2 1e+100
0 11134.5 11134.5 1e+100
1 1709.06 6836.23 1e+100
2 18535.1 18535.1 1e+100
3 14809.2 15809.2 1e+100
2 9648.9 9648.9 1e+100
2 21415.9 21415.9 1e+100
1 13366.9 13366.9 1e+100
1 16387.6 17387.6 1e+100
2 1754.2 11016.8 1e+100
0 24102.2 24102.2 1e+100
0 17046.8 21046.8 1e+100
0 20333 20333 1e+100
1 8354.96 34419.8 1e+100
0 11896.8 47587.3 1e+100
0 2520.06 10080.2 1e+100
0 3460.1 13840.4 1e+100
0 20572.8 20572.8 1e+100
1 1981.43 8925.73 1e+100
1 12862.8 12862.8 1e+100
0 6421.21 25684.8 1e+100
1 17112.3 17112.3 1e+100
2 3004.84 16019.4 1e+100
3 1584.35 6337.4 1e+100
1 4625.75 18503 1e+100
2 20540.9 20540.9 1e+100
3 6653.92 26615.7 1e+100
1 22057.7 22057.7 1e+100
3 12542 12542 1e+100
3 8253.23 34012.9 1e+100
1 7177.41 29709.6 1e+100
2 12084.2 12084.2 1e+100
1 17069.5 18069.5 1e+100
3 16516.6 66066.4 1e+100
3 14291.7 58166.6 1e+100
1 18541.4 19541.4 1e+100
46
3 185.349 1185.35 1e+100
0 930.996 3723.98 1e+100
2 168.477 673.908 1e+100
1 438.331 1438.33 1e+100
2 1606.1 10424.4 1e+100
1 2061.82 9247.26 1e+100
3 4258.91 5258.91 1e+100
1 5004.75 5004.75 1e+100
1 18204 18204 1e+100
3 1112.63 1112.63 1e+100
0 12312.8 12312.8 1e+100
0 14010.2 14010.2 1e+100
0 1771.5 11086 1e+100
3 14703.5 15703.5 1e+100
0 18979 18979 1e+100
2 7693.79 7693.79 1e+100
3 10655.4 11655.4 1e+100
2 9428.13 13428.1 1e+100
2 2016.49 12066 1e+100
3 11694.1 12694.1 1e+100
1 12178.8 12178.8 1e+100
3 5620.19 22480.7 1e+100
1 3876.75 16507 1e+100
1 13601.6 14601.6 1e+100
2 2710.52 10842.1 1e+100
3 21146 21146 1e+100
0 1208.73 4834.92 1e+100
3 14599.9 14599.9 1e+100
1 5937 23748 1e+100
2 3893.38 19573.5 1e+100
3 6206.56 24826.2 1e+100
2 19941.1 19941.1 1e+100
1 7982.17 31928.7 1e+100
0 19893.7 19893.7 1e+100
2 11331.3 15331.3 1e+100
3 15323.3 15323.3 1e+100
0 2209.75 8839.01 1e+100
0 4712.99 8712.99 1e+100
2 21148.8 21148.8 1e+100
1 18184.6 73738.6 1e+100
1 15498.9 15498.9 1e+100
0 12836.8 16836.8 1e+100
2 12457.7 53830.7 1e+100
2 14869.2 18869.2 1e+100
0 15773.5 15773.5 1e+100
3 15881.5 63526.2 1e+100
48
3 185.349 1185.35 1e+100
0 930.996 3723.98 1e+100
2 168.477 673.908 1e+100
1 438.331 1438.33 1e+100
2 1606.1 10424.4 1e+100
1 3680.13 15720.5 1e+100
1 9155.48 10155.5 1e+100
0 12218.2 16218.2 1e+100
0 13759.6 17759.6 1e+100
3 1112.63 1112.63 1e+100
2 25123.5 25123.5 1e+100
2 22460.1 22460.1 1e+100
0 1771.5 11086 1e+100
3 5223.06 6223.06 1e+100
1 586.282 1586.28 1e+100
0 25626.5 25626.5 1e+100
3 14289.3 15289.3 1e+100
3 2320.26 2320.26 1e+100
2 14454.6 14454.6 1e+100
2 1754.2 11016.8 1e+100
0 14382.4 14382.4 1e+100
3 24770.2 24770.2 1e+100
2 9891.41 9891.41 1e+100
0 4478.55 17914.2 1e+100
1 4162.27 17649.1 1e+100
2 5120.14 20480.5 1e+100
2 6571.58 26286.3 1e+100
0 15802.8 15802.8 1e+100
2 2418.23 9672.9 1e+100
2 10340.6 41362.4 1e+100
3 14832.9 14832.9 1e+100
3 16870.9 17870.9 1e+100
1 7773.2 31092.8 1e+100
3 6836.98 27347.9 1e+100
0 18750.7 75002.8 1e+100
2 17117.9 68471.7 1e+100
1 17562.7 17562.7 1e+100
3 9611.12 39444.5 1e+100
1 19319.1 77276.5 1e+100
3 19030 19030 1e+100
2 13194 17194 1e+100
0 3700.03 14800.1 1e+100
3 3101.96 13407.8 1e+100
0 19198.8 19198.8 1e+100
1 13389.7 14389.7 1e+100
1 9424.5 37698 1e+100
1 7199.56 29798.3 1e+100
0 14170.5 14170.5 1e+100
28
1 1146.95 5587.82 1e+100
3 134.389 134.389 1e+100
0 448.876 448.876 1e+100
2 2373.13 2373.13 1e+100
0 1838.89 1838.89 1e+100
2 5734.64 5734.64 1e+100
1 13937.1 13937.1 1e+100
0 3403.43 17613.7 1e+100
1 2112.4 9449.61 1e+100
3 2426.49 10706 1e+100
1 4465.08 17860.3 1e+100
3 562.535 562.535 1e+100
2 6961.23 6961.23 1e+100
1 4951.83 5951.83 1e+100
3 2544.44 11177.8 1e+100
3 6519.2 7519.2 1e+100
0 4525.1 4525.1 1e+100
3 11040.4 12040.4 1e+100
2 10691.1 10691.1 1e+100
0 5361.2 21444.8 1e+100
1 7268.31 8268.31 1e+100
3 2344.47 9377.88 1e+100
0 658.574 6634.3 1e+100
0 6809.31 27237.2 1e+100
2 7137.94 7137.94 1e+100
2 4648.61 4648.61 1e+100
1 2755.09 12020.4 1e+100
0 9027.64 9027.64 1e+100
37
1 1146.95 5587.82 1e+100
3 134.389 134.389 1e+100
0 448.876 448.876 1e+100
2 2373.13 2373.13 1e+100
0 5732.95 5732.95 1e+100
3 5080.8 6080.8 1e+100
1 4702.89 4702.89 1e+100
0 1330.31 9321.24 1e+100
1 2112.4 9449.61 1e+100
3 612.433 3449.73 1e+100
2 3686.14 18744.6 1e+100
2 11185.5 15185.5 1e+100
1 12144.7 13144.7 1e+100
3 11488.1 12488.1 1e+100
0 12605.4 12605.4 1e+100
3 1565.85 6263.38 1e+100
3 12602.2 13602.2 1e+100
1 4171.32 5171.32 1e+100
2 5962.49 23849.9 1e+100
0 15425.6 15425.6 1e+100
0 879.655 879.655 1e+100
0 4535.35 4535.35 1e+100
1 6091.26 7091.26 1e+100
0 7600.45 30401.8 1e+100
0 11715.8 11715.8 1e+100
3 5353.51 21414.1 1e+100
0 5066 5066 1e+100
1 6906.88 7906.88 1e+100
3 2725.52 11902.1 1e+100
2 13710.1 13710.1 1e+100
1 12111.8 12111.8 1e+100
1 14077 14077 1e+100
2 7979.21 7979.21 1e+100
2 10319.5 10319.5 1e+100
2 4055.65 4055.65 1e+100
3 11717.1 11717.1 1e+100
1 9434.2 38736.8 1e+100
42
0 239.122 956.487 1e+100
3 11769.6 12769.6 1e+100
2 662.303 662.303 1e+100
0 1422.71 1422.71 1e+100
1 191.999 767.997 1e+100
3 1305.02 6220.09 1e+100
2 2892.8 11571.2 1e+100
1 2886.07 11544.3 1e+100
1 17326.7 18326.7 1e+100
0 19629.2 19629.2 1e+100
2 8110.87 36443.5 1e+100
1 15058.6 16058.6 1e+100
3 2309.79 9239.16 1e+100
0 21638.7 21638.7 1e+100
2 14924.8 18924.8 1e+100
1 6417.06 26668.2 1e+100
0 2794.26 15177.1 1e+100
1 21480.6 21480.6 1e+100
3 13807.8 14807.8 1e+100
1 7342.99 30372 1e+100
0 6562.46 26249.8 1e+100
2 19960.7 79842.9 1e+100
0 15166 15166 1e+100
2 2778.98 11115.9 1e+100
0 12156 16156 1e+100
1 18483.9 19483.9 1e+100
2 9111.3 36445.2 1e+100
3 4889.53 20558.1 1e+100
3 10171.5 40686 1e+100
1 9554.92 38219.7 1e+100
1 15080.2 16080.2 1e+100
3 1590.58 7362.31 1e+100
1 573.886 2295.54 1e+100
3 18342.3 19342.3 1e+100
0 1214.16 1214.16 1e+100
3 14019.4 15019.4 1e+100
0 7960.55 35842.2 1e+100
2 19653.1 19653.1 1e+100
2 5684.11 26736.4 1e+100
1 6613.29 27453.1 1e+100
2 13893.6 55574.5 1e+100
3 15324.1 61296.5 1e+100
31
2 143.405 143.405 1e+100
1 489.594 1958.38 1e+100
3 11115.2 11115.2 1e+100
3 1053.7 1053.7 1e+100
2 1406.88 1406.88 1e+100
0 1243.72 8974.89 1e+100
3 3202.1 13808.4 1e+100
0 2565.87 10263.5 1e+100
1 1404.66 5618.63 1e+100
2 11617.6 11617.6 1e+100
1 4634.01 5634.01 1e+100
2 1852.54 11410.2 1e+100
1 2558.49 3558.49 1e+100
3 4364.85 17459.4 1e+100
0 7055.2 7055.2 1e+100
3 14600.9 14600.9 1e+100
2 3761.77 15047.1 1e+100
0 4891.8 23567.2 1e+100
0 9414.65 9414.65 1e+100
2 7191.57 7191.57 1e+100
2 4918.36 4918.36 1e+100
2 13312 13312 1e+100
1 3802.58 16210.3 1e+100
0 11827.6 11827.6 1e+100
1 5753.5 23014 1e+100
3 3292.62 13170.5 1e+100
3 8721.68 35886.7 1e+100
2 9758.88 9758.88 1e+100
1 8137.87 9137.87 1e+100
0 4583.06 18332.3 1e+100
1 9829.83 10829.8 1e+100
43
3 185.349 1185.35 1e+100
0 930.996 3723.98 1e+100
2 168.477 673.908 1e+100
1 438.331 1438.33 1e+100
2 1606.1 10424.4 1e+100
3 3662.77 15651.1 1e+100
3 8987.27 9987.27 1e+100
1 2405.73 2405.73 1e+100
1 11458 11458 1e+100
3 1112.63 1112.63 1e+100
0 11425.9 11425.9 1e+100
2 12170.7 12170.7 1e+100
0 1771.5 11086 1e+100
3 14633.6 15633.6 1e+100
0 14518.4 14518.4 1e+100
3 5322.58 6322.58 1e+100
1 2037.5 9149.99 1e+100
2 768.297 3073.19 1e+100
2 15393 15393 1e+100
0 3672.89 14691.6 1e+100
1 6642.99 27572 1e+100
2 12343.2 16343.2 1e+100
1 10477 11477 1e+100
2 7446.28 33785.1 1e+100
2 2449.28 13797.1 1e+100
0 5440.28 21761.1 1e+100
1 2745.69 11982.7 1e+100
3 15672.1 15672.1 1e+100
3 1671.39 7685.56 1e+100
3 8400.29 33601.2 1e+100
0 13001.8 13001.8 1e+100
2 15920.6 19920.6 1e+100
2 17338.8 21338.8 1e+100
1 11123.2 45492.8 1e+100
1 19715 19715 1e+100
0 19149.3 19149.3 1e+100
0 15794.4 63177.5 1e+100
3 16740.2 16740.2 1e+100
3 12703.3 12703.3 1e+100
2 2590.73 14362.9 1e+100
3 18209.9 18209.9 1e+100
1 12448.4 13448.4 1e+100
1 14733.2 58932.9 1e+100
45
3 185.349 1185.35 1e+100
0 930.996 3723.98 1e+100
2 168.477 673.908 1e+100
1 438.331 1438.33 1e+100
2 1606.1 10424.4 1e+100
3 3662.77 15651.1 1e+100
3 5531.41 6531.41 1e+100
2 5802.6 9802.6 1e+100
1 6178.65 6178.65 1e+100
3 1112.63 1112.63 1e+100
0 11275.2 11275.2 1e+100
0 8611.85 8611.85 1e+100
0 1771.5 11086 1e+100
1 1019.45 2019.45 1e+100
2 9065.5 9065.5 1e+100
1 12541.7 13541.7 1e+100
0 6139.47 6139.47 1e+100
3 12763.2 12763.2 1e+100
0 12701.4 12701.4 1e+100
3 7852.62 31410.5 1e+100
0 15196.2 15196.2 1e+100
1 8568.56 8568.56 1e+100
2 15229.4 15229.4 1e+100
2 1349.46 5397.85 1e+100
0 2621.66 10486.7 1e+100
1 1876.31 8505.24 1e+100
3 17151.6 18151.6 1e+100
3 8497.07 9497.07 1e+100
1 16490.7 17490.7 1e+100
2 15736.8 15736.8 1e+100
0 15532.3 15532.3 1e+100
3 18282 18282 1e+100
2 3859.36 15437.4 1e+100
2 18518.2 18518.2 1e+100
1 4340.1 18360.4 1e+100
3 11650.1 12650.1 1e+100
0 17860.6 71442.3 1e+100
0 19964.8 19964.8 1e+100
2 19605.6 19605.6 1e+100
2 7257.29 33029.2 1e+100
2 8849.28 35397.1 1e+100
1 12714.4 13714.4 1e+100
1 10225 11225 1e+100
3 11166.1 45664.6 1e+100
1 15154.5 16154.5 1e+100
40
2 143.405 143.405 1e+100
1 489.594 1958.38 1e+100
0 3903.01 7903.01 1e+100
3 1053.7 1053.7 1e+100
2 1406.88 1406.88 1e+100
0 1243.72 8974.89 1e+100
3 3202.1 13808.4 1e+100
1 5694.87 23779.5 1e+100
2 3000.92 16003.7 1e+100
0 13323.6 13323.6 1e+100
2 21565 21565 1e+100
1 734.328 2937.31 1e+100
0 18869.6 18869.6 1e+100
1 3141.38 12565.5 1e+100
3 12449.3 13449.3 1e+100
1 18224 18224 1e+100
3 5521.05 23084.2 1e+100
1 8020.81 32083.2 1e+100
2 4429.1 17716.4 1e+100
0 19082.9 19082.9 1e+100
2 2479.82 9919.26 1e+100
1 8626.77 35507.1 1e+100
3 15829.4 15829.4 1e+100
2 13374.6 13374.6 1e+100
3 17359.1 69436.3 1e+100
0 3295.76 17183 1e+100
0 8319.78 33279.1 1e+100
2 5710.12 22840.5 1e+100
1 9616.96 9616.96 1e+100
3 6656.22 27624.9 1e+100
0 4864.95 23459.8 1e+100
1 10966 10966 1e+100
1 17620.7 17620.7 1e+100
0 10783 43132 1e+100
0 13360.3 53441.2 1e+100
0 18583.9 18583.9 1e+100
3 10954.1 11954.1 1e+100
2 6602.91 30411.7 1e+100
2 12825.8 51303.2 1e+100
1 11868 12868 1e+100
39
3 185.349 1185.35 1e+100
0 930.996 3723.98 1e+100
2 168.477 673.908 1e+100
1 438.331 1438.33 1e+100
2 1606.1 10424.4 1e+100
3 3662.77 15651.1 1e+100
0 4656 4656 1e+100
2 3451.77 7451.77 1e+100
1 1985.81 1985.81 1e+100
3 1112.63 1112.63 1e+100
0 9147.96 9147.96 1e+100
3 4599.81 5599.81 1e+100
0 1771.5 11086 1e+100
1 5569.02 6569.02 1e+100
2 7440.96 7440.96 1e+100
1 14659.3 15659.3 1e+100
3 6232.73 7232.73 1e+100
1 2381.54 9526.17 1e+100
1 8667.28 9667.28 1e+100
1 5931.53 6931.53 1e+100
2 2502.57 10010.3 1e+100
0 3169.01 3169.01 1e+100
3 12162.9 13162.9 1e+100
2 7699.09 7699.09 1e+100
0 10106.3 10106.3 1e+100
3 8016.26 33065 1e+100
3 13631.3 14631.3 1e+100
1 13946.2 55784.8 1e+100
0 13188 13188 1e+100
1 9154.62 10154.6 1e+100
2 1773.49 7093.95 1e+100
2 15512.1 15512.1 1e+100
3 4706.66 4706.66 1e+100
3 15181.9 15181.9 1e+100
2 7014.71 7014.71 1e+100
0 14181.3 14181.3 1e+100
2 9211.44 9211.44 1e+100
0 9514.55 13514.5 1e+100
2 10809.7 43238.6 1e+100
34
0 239.122 956.487 1e+100
2 19694.2 19694.2 1e+100
2 662.303 662.303 1e+100
0 1422.71 1422.71 1e+100
1 191.999 767.997 1e+100
3 1305.02 6220.09 1e+100
2 2892.8 11571.2 1e+100
1 2886.07 11544.3 1e+100
3 11136.9 12136.9 1e+100
1 7213.49 8213.49 1e+100
0 5285.14 25140.6 1e+100
0 15252.4 15252.4 1e+100
3 2309.79 9239.16 1e+100
0 16895.1 16895.1 1e+100
2 11757.6 15757.6 1e+100
3 7606.69 31426.8 1e+100
0 2794.26 15177.1 1e+100
3 11317.7 11317.7 1e+100
0 17593.4 17593.4 1e+100
1 3381.13 14524.5 1e+100
2 2601.69 10406.8 1e+100
2 4773.77 19095.1 1e+100
2 7982.74 7982.74 1e+100
3 2363.06 10452.2 1e+100
1 7410.56 7410.56 1e+100
1 11659.1 12659.1 1e+100
0 6263.01 25052.1 1e+100
0 4147.85 16591.4 1e+100
1 8562.54 34250.2 1e+100
3 12131.4 49525.5 1e+100
1 12520.2 13520.2 1e+100
2 11273 11273 1e+100
0 6904.09 27616.4 1e+100
1 13410.9 14410.9 1e+100
37
3 185.349 1185.35 1e+100
0 930.996 3723.98 1e+100
2 168.477 673.908 1e+100
1 438.331 1438.33 1e+100
2 1606.1 10424.4 1e+100
0 2703.02 10812.1 1e+100
1 9085.97 10086 1e+100
3 4006.69 4006.69 1e+100
3 7696.73 7696.73 1e+100
3 1112.63 1112.63 1e+100
1 6693.24 7693.24 1e+100
2 8120.84 8120.84 1e+100
2 3828.34 19313.4 1e+100
1 1019.45 2019.45 1e+100
0 17116.3 17116.3 1e+100
1 8622.66 9622.66 1e+100
3 3638.46 15553.8 1e+100
3 8595.83 8595.83 1e+100
1 10032.1 11032.1 1e+100
0 1871.64 7486.55 1e+100
1 1232.07 5928.29 1e+100
2 3290.54 13162.2 1e+100
0 12361.9 12361.9 1e+100
3 10194.6 41778.4 1e+100
3 14796.6 14796.6 1e+100
2 16493.9 16493.9 1e+100
2 6994.02 27976.1 1e+100
0 4407.62 17630.5 1e+100
3 11836 11836 1e+100
1 12898 12898 1e+100
0 1397.29 5589.17 1e+100
3 4349.87 18399.5 1e+100
2 12721.9 12721.9 1e+100
2 8598.07 8598.07 1e+100
0 5753.1 27012.4 1e+100
1 8448.64 34794.6 1e+100
2 10070 10070 1e+100
40
2 143.405 143.405 1e+100
1 489.594 1958.38 1e+100
0 3903.01 7903.01 1e+100
3 1053.7 1053.7 1e+100
2 1406.88 1406.88 1e+100
0 1243.72 8974.89 1e+100
3 3202.1 13808.4 1e+100
1 4545.22 19180.9 1e+100
1 1404.66 5618.63 1e+100
2 4092.45 4092.45 1e+100
3 5909.12 6909.12 1e+100
0 8625.72 8625.72 1e+100
2 527.203 2108.81 1e+100
1 8275.17 9275.17 1e+100
1 11276.7 12276.7 1e+100
2 7811.63 7811.63 1e+100
0 18025.6 18025.6 1e+100
1 16980.3 17980.3 1e+100
1 19254 19254 1e+100
2 3970.38 15881.5 1e+100
0 15781.9 15781.9 1e+100
0 2340.29 9361.14 1e+100
2 18411.3 18411.3 1e+100
0 7847.67 31390.7 1e+100
0 9951.93 9951.93 1e+100
3 12633.6 13633.6 1e+100
0 3602.21 18408.8 1e+100
1 3885.88 15543.5 1e+100
3 10173 11173 1e+100
2 4090.26 16361 1e+100
3 3672.92 14691.7 1e+100
1 12936.4 13936.4 1e+100
3 17397.4 18397.4 1e+100
1 10865.9 11865.9 1e+100
3 7486.95 29947.8 1e+100
2 11147.4 11147.4 1e+100
2 14641.9 62567.8 1e+100
3 5274.8 22099.2 1e+100
3 14547.8 59191.3 1e+100
2 6540.99 30163.9 1e+100
35
2 143.405 143.405 1e+100
1 489.594 1958.38 1e+100
1 12656.8 12656.8 1e+100
3 1053.7 1053.7 1e+100
2 1406.88 1406.88 1e+100
0 1243.72 8974.89 1e+100
0 3082.21 12328.8 1e+100
2 3322.84 13291.4 1e+100
1 3878.07 15512.3 1e+100
2 10494.6 10494.6 1e+100
1 14354.6 15354.6 1e+100
1 734.328 2937.31 1e+100
3 15150.4 16150.4 1e+100
3 1693.18 6772.72 1e+100
3 7555.27 8555.27 1e+100
0 10795.4 14795.4 1e+100
0 8292.16 33168.6 1e+100
3 3619.24 14477 1e+100
1 5789.11 24156.5 1e+100
2 14676.7 14676.7 1e+100
0 3769.19 15076.8 1e+100
3 7773.74 7773.74 1e+100
2 2571.71 10286.9 1e+100
3 14738.1 14738.1 1e+100
3 3524.45 14097.8 1e+100
0 2044.34 12177.3 1e+100
1 2564.9 10259.6 1e+100
0 12666.7 12666.7 1e+100
2 11972.9 51891.5 1e+100
2 4517.53 22070.1 1e+100
3 8516.79 35067.2 1e+100
2 14054.8 14054.8 1e+100
2 8232.81 8232.81 1e+100
0 8500.89 34003.5 1e+100
1 12365.4 13365.4 1e+100
37
2 1451.15 5804.59 1e+100
1 1709.01 2709.01 1e+100
3 825.213 1825.21 1e+100
0 426.539 1706.15 1e+100
0 2591.5 10366 1e+100
2 2324.52 13298.1 1e+100
3 4193.06 16772.2 1e+100
1 4338.16 4338.16 1e+100
2 4485.99 17944 1e+100
3 1754.7 8018.79 1e+100
1 8047.74 9047.74 1e+100
0 10957.8 10957.8 1e+100
1 9325.12 10325.1 1e+100
0 7675.92 11675.9 1e+100
0 2598.17 14392.7 1e+100
3 8712.64 9712.64 1e+100
3 10945.1 10945.1 1e+100
1 5167.68 20670.7 1e+100
2 12340.7 12340.7 1e+100
1 9427.21 10427.2 1e+100
3 4050.4 5050.4 1e+100
2 9426.22 9426.22 1e+100
0 16249.4 16249.4 1e+100
3 16860.7 16860.7 1e+100
1 11168.4 45673.6 1e+100
3 11413.4 12413.4 1e+100
3 5278.95 22115.8 1e+100
0 13705.4 13705.4 1e+100
0 3033.41 12133.6 1e+100
2 15555.7 15555.7 1e+100
0 10972.8 10972.8 1e+100
1 11607.6 46430.3 1e+100
2 5390.36 21561.4 1e+100
1 13315.9 14315.9 1e+100
3 12160.9 13160.9 1e+100
2 10969.9 43879.4 1e+100
1 14206.5 15206.5 1e+100
38
2 143.405 143.405 1e+100
1 489.594 1958.38 1e+100
2 4137.26 8137.26 1e+100
3 1053.7 1053.7 1e+100
2 1406.88 1406.88 1e+100
0 1243.72 8974.89 1e+100
0 3082.21 12328.8 1e+100
3 2685.77 11743.1 1e+100
1 1404.66 5618.63 1e+100
1 3612.05 4612.05 1e+100
3 13420.7 14420.7 1e+100
0 12461.4 12461.4 1e+100
3 8460.11 9460.11 1e+100
0 5084.46 24337.8 1e+100
1 10374.4 11374.4 1e+100
2 17574.2 17574.2 1e+100
2 4439.66 17758.6 1e+100
0 15923 15923 1e+100
2 10311.9 10311.9 1e+100
2 8038.67 8038.67 1e+100
3 14055.5 15055.5 1e+100
2 11148 44591.9 1e+100
2 13371.9 13371.9 1e+100
0 11748.3 50993.1 1e+100
3 1652.43 6609.73 1e+100
0 3839.93 19359.7 1e+100
3 7862.17 8862.17 1e+100
1 3828.83 16315.3 1e+100
1 1515.8 6063.2 1e+100
3 14386.8 15386.8 1e+100
1 14361.6 15361.6 1e+100
1 10247.1 11247.1 1e+100
1 11711.6 46846.2 1e+100
0 15334.3 15334.3 1e+100
3 2479.63 9918.51 1e+100
0 5259.83 21039.3 1e+100
1 4675.97 19703.9 1e+100
2 2631.58 14526.3 1e+100
44
2 1451.15 5804.59 1e+100
1 1709.01 2709.01 1e+100
3 825.213 1825.21 1e+100
0 426.539 1706.15 1e+100
0 2591.5 10366 1e+100
2 2324.52 13298.1 1e+100
3 2447.68 9790.73 1e+100
2 12460 16460 1e+100
2 5760.22 23040.9 1e+100
1 4470.36 18881.5 1e+100
1 11509.7 12509.7 1e+100
3 13401.8 14401.8 1e+100
0 12496.9 12496.9 1e+100
0 5703.98 26815.9 1e+100
0 9134.83 9134.83 1e+100
2 12485.6 12485.6 1e+100
3 2835.03 12340.1 1e+100
1 11874.4 12874.4 1e+100
0 14250.4 14250.4 1e+100
1 4439.69 5439.69 1e+100
2 17488.4 17488.4 1e+100
1 19829.7 20829.7 1e+100
2 14018.8 18018.8 1e+100
0 2460.95 9843.8 1e+100
0 19700.5 19700.5 1e+100
2 7516.99 30067.9 1e+100
1 12585.2 13585.2 1e+100
2 246.378 985.513 1e+100
2 21845.7 21845.7 1e+100
1 14101.8 15101.8 1e+100
3 7375.94 29503.8 1e+100
1 6048.89 24195.6 1e+100
3 14156.5 15156.5 1e+100
3 4173.17 17692.7 1e+100
3 12161.5 48646 1e+100
0 15910.1 15910.1 1e+100
3 17616 18616 1e+100
0 13839.6 13839.6 1e+100
0 3636.05 18544.2 1e+100
2 18347.5 18347.5 1e+100
1 15114.1 60456.2 1e+100
3 15674.1 63696.4 1e+100
1 3114.99 13459.9 1e+100
3 1026.95 4107.81 1e+100
34
0 239.122 956.487 1e+100
0 9669.19 9669.19 1e+100
2 662.303 662.303 1e+100
2 2431.13 2431.13 1e+100
1 191.999 767.997 1e+100
3 1305.02 6220.09 1e+100
0 1512.13 6048.52 1e+100
1 2886.07 11544.3 1e+100
1 15703.4 16703.4 1e+100
2 11213.2 11213.2 1e+100
1 8547.16 9547.16 1e+100
0 3056.35 3056.35 1e+100
3 2315.4 2315.4 1e+100
3 3686.39 4686.39 1e+100
1 6030.48 24121.9 1e+100
1 10178.2 11178.2 1e+100
1 17138.5 17138.5 1e+100
1 4083.01 5083.01 1e+100
3 6067.7 25270.8 1e+100
0 4189.72 16758.9 1e+100
2 3559.61 14238.4 1e+100
0 13046.5 13046.5 1e+100
3 11419.4 12419.4 1e+100
3 7037.78 8037.78 1e+100
2 14063.9 14063.9 1e+100
2 5811.5 23246 1e+100
0 8105.3 8105.3 1e+100
2 9380.74 41523 1e+100
2 3204.69 16818.7 1e+100
3 11265.1 46060.4 1e+100
1 9456.05 10456 1e+100
3 6771.83 7771.83 1e+100
0 8214.94 32859.8 1e+100
2 13419.4 13419.4 1e+100
39
2 1451.15 5804.59 1e+100
1 1709.01 2709.01 1e+100
3 825.213 1825.21 1e+100
0 426.539 1706.15 1e+100
0 2591.5 10366 1e+100
2 2324.52 13298.1 1e+100
1 7126.03 28504.1 1e+100
1 4338.16 4338.16 1e+100
2 4485.99 17944 1e+100
3 4343.26 18373 1e+100
3 10169.2 11169.2 1e+100
0 15025.9 15025.9 1e+100
0 11162 11162 1e+100
1 11959.4 11959.4 1e+100
2 13944.1 13944.1 1e+100
3 1567.76 6271.02 1e+100
2 18921.8 18921.8 1e+100
3 21449.5 21449.5 1e+100
0 18113 18113 1e+100
2 8074.62 32298.5 1e+100
1 15378.6 62514.5 1e+100
2 10171.6 40686.5 1e+100
1 7394.33 30577.3 1e+100
0 18352.8 18352.8 1e+100
0 2647.84 10591.3 1e+100
1 11455.3 11455.3 1e+100
3 4733.69 19934.8 1e+100
1 18556.8 18556.8 1e+100
0 4404.84 21619.4 1e+100
0 922.984 7691.94 1e+100
3 10164.6 40658.2 1e+100
2 20277.1 20277.1 1e+100
3 11823.1 47292.6 1e+100
0 12954.2 55816.6 1e+100
3 15248.4 61993.7 1e+100
2 13193.3 13193.3 1e+100
0 17547.6 17547.6 1e+100
0 4279.74 17118.9 1e+100
3 11675.5 12675.5 1e+100
38
0 239.122 956.487 1e+100
3 15490.6 16490.6 1e+100
2 662.303 662.303 1e+100
1 10791.1 11791.1 1e+100
1 191.999 767.997 1e+100
3 1305.02 6220.09 1e+100
1 2718.88 11875.5 1e+100
0 1028.12 8112.47 1e+100
0 3419.4 3419.4 1e+100
2 16906.4 16906.4 1e+100
3 16389 17389 1e+100
2 3970.3 3970.3 1e+100
3 18123.4 18123.4 1e+100
3 1699.46 6797.84 1e+100
2 1164.57 1164.57 1e+100
3 4764.03 4764.03 1e+100
0 6407.06 29628.2 1e+100
0 15847.9 15847.9 1e+100
2 9795.92 9795.92 1e+100
2 18383.2 18383.2 1e+100
0 3191.72 3191.72 1e+100
2 5649.25 22597 1e+100
1 12250.4 13250.4 1e+100
1 4203.86 16815.4 1e+100
1 1859.86 7439.44 1e+100
0 5541.69 26166.8 1e+100
3 7543.27 8543.27 1e+100
2 11276.6 45106.6 1e+100
3 5548.28 22193.1 1e+100
2 9323.75 9323.75 1e+100
1 16283.8 17283.8 1e+100
0 7048.77 7048.77 1e+100
1 8435.42 33741.7 1e+100
0 11012.6 11012.6 1e+100
1 12721.4 50885.5 1e+100
3 2753.97 12015.9 1e+100
2 13648.1 54592.3 1e+100
2 1045.13 8180.51 1e+100
35
3 185.349 1185.35 1e+100
0 930.996 3723.98 1e+100
2 168.477 673.908 1e+100
1 438.331 1438.33 1e+100
2 1606.1 10424.4 1e+100
3 3662.77 15651.1 1e+100
1 8268.47 9268.47 1e+100
2 3451.77 7451.77 1e+100
1 11622.5 11622.5 1e+100
3 1112.63 1112.63 1e+100
0 10896.9 10896.9 1e+100
1 16039.7 17039.7 1e+100
0 1771.5 11086 1e+100
3 10263.2 11263.2 1e+100
3 17360.4 18360.4 1e+100
1 800.11 3200.44 1e+100
0 4795.79 4795.79 1e+100
1 3207.16 12828.6 1e+100
2 8689.52 8689.52 1e+100
2 11018.5 15018.5 1e+100
3 4924.47 20697.9 1e+100
2 4149.07 20596.3 1e+100
1 15459.4 16459.4 1e+100
0 12149.6 12149.6 1e+100
3 6081.06 7081.06 1e+100
2 12832.6 12832.6 1e+100
0 3800.47 15201.9 1e+100
1 1808.04 2808.04 1e+100
3 10836 43344.1 1e+100
3 8624.18 34496.7 1e+100
2 2472.49 9889.98 1e+100
0 11532.8 11532.8 1e+100
0 12926.7 12926.7 1e+100
1 8526.51 35106 1e+100
2 12188.2 12188.2 1e+100
48
1 1146.95 5587.82 1e+100
3 134.389 134.389 1e+100
0 448.876 448.876 1e+100
2 2373.13 2373.13 1e+100
2 9765.07 9765.07 1e+100
3 1065.7 2065.7 1e+100
0 10850.3 14850.3 1e+100
1 5085.47 20341.9 1e+100
3 6268.38 26073.5 1e+100
0 1228.94 4915.74 1e+100
3 3439.51 13758.1 1e+100
2 22830.8 26830.8 1e+100
0 15905 15905 1e+100
2 15086.7 15086.7 1e+100
1 13072.2 14072.2 1e+100
3 15181.3 15181.3 1e+100
0 19911.3 19911.3 1e+100
1 2038.15 8152.59 1e+100
0 13239.2 13239.2 1e+100
1 25288.9 25288.9 1e+100
2 26088.2 26088.2 1e+100
2 5524.28 22097.1 1e+100
3 22732.2 91928.8 1e+100
0 10927.2 43708.9 1e+100
3 10616.2 43464.6 1e+100
3 16350.6 17350.6 1e+100
0 1190.66 4762.66 1e+100
2 15264.3 19264.3 1e+100
0 2767.09 11068.4 1e+100
2 10766.9 14766.9 1e+100
1 7834.43 31337.7 1e+100
2 1280.97 9123.88 1e+100
3 5926.25 23705 1e+100
1 14057.9 15057.9 1e+100
2 17673.5 74693.8 1e+100
0 21951.7 21951.7 1e+100
3 7204.53 7204.53 1e+100
3 16290.2 16290.2 1e+100
0 3768.11 15072.5 1e+100
1 11263.9 11263.9 1e+100
1 15265.6 16265.6 1e+100
1 3407.4 14629.6 1e+100
1 19783.5 19783.5 1e+100
2 20605.8 24605.8 1e+100
2 6322.27 29289.1 1e+100
3 22348.1 22348.1 1e+100
0 12676 12676 1e+100
0 17756.3 75025.2 1e+100
45
0 239.122 956.487 1e+100
2 3805.27 3805.27 1e+100
2 662.303 662.303 1e+100
3 13623 14623 1e+100
1 191.999 767.997 1e+100
3 1305.02 6220.09 1e+100
0 1512.13 6048.52 1e+100
1 2886.07 11544.3 1e+100
1 11500.3 12500.3 1e+100
2 13951.4 13951.4 1e+100
3 6116.66 7116.66 1e+100
0 3056.35 3056.35 1e+100
1 13624.7 13624.7 1e+100
0 12672.2 12672.2 1e+100
3 3599.98 14399.9 1e+100
2 17953.9 17953.9 1e+100
1 24447.5 24447.5 1e+100
0 6374.23 6374.23 1e+100
3 7312.02 30248.1 1e+100
2 3902.34 15609.4 1e+100
1 3977.54 16910.2 1e+100
2 13878.2 13878.2 1e+100
3 15910.2 16910.2 1e+100
2 19405.5 19405.5 1e+100
0 8396.68 8396.68 1e+100
2 22921.6 22921.6 1e+100
2 5428.42 9428.42 1e+100
1 4971.62 20886.5 1e+100
3 21881.3 22881.3 1e+100
1 6686.69 27746.8 1e+100
3 12021.8 13021.8 1e+100
0 17490.3 69961.1 1e+100
0 19594.5 19594.5 1e+100
0 14283.4 14283.4 1e+100
3 16325.8 17325.8 1e+100
0 12143.5 12143.5 1e+100
0 4907.17 19628.7 1e+100
2 5915.51 5915.51 1e+100
1 14155.4 14155.4 1e+100
3 17451.7 17451.7 1e+100
1 16033.4 17033.4 1e+100
3 5894.74 6894.74 1e+100
2 18036.2 18036.2 1e+100
1 11435.3 11435.3 1e+100
1 17655.3 71621.4 1e+100
35
0 239.122 956.487 1e+100
3 4124.87 5124.87 1e+100
2 662.303 662.303 1e+100
0 6562.5 6562.5 1e+100
1 191.999 767.997 1e+100
3 1305.02 6220.09 1e+100
1 5730.13 23920.5 1e+100
0 1028.12 8112.47 1e+100
2 8285.06 8285.06 1e+100
3 9522.66 10522.7 1e+100
2 1967.66 11870.7 1e+100
0 14799.2 14799.2 1e+100
1 3367.23 13468.9 1e+100
3 6044.95 7044.95 1e+100
1 17703.3 17703.3 1e+100
0 2930.5 11722 1e+100
1 886.657 3546.63 1e+100
2 15483.6 15483.6 1e+100
2 2291.71 2291.71 1e+100
2 4008.12 4008.12 1e+100
3 10224.4 11224.4 1e+100
1 5960.35 24841.4 1e+100
2 11773.8 11773.8 1e+100
1 12327.7 49310.8 1e+100
2 9113.59 9113.59 1e+100
0 9518.51 9518.51 1e+100
2 6573.47 26293.9 1e+100
0 15653.3 15653.3 1e+100
1 6715.95 6715.95 1e+100
1 8681.16 8681.16 1e+100
0 4175.62 4175.62 1e+100
0 12262.7 12262.7 1e+100
0 6372.35 6372.35 1e+100
3 9632.63 9632.63 1e+100
3 11529.5 47118.1 1e+100
44
2 1451.15 5804.59 1e+100
1 1709.01 2709.01 1e+100
3 825.213 1825.21 1e+100
0 426.539 1706.15 1e+100
0 2591.5 10366 1e+100
1 3270.5 13082 1e+100
3 2447.68 9790.73 1e+100
1 10907.9 10907.9 1e+100
2 4845.89 19383.6 1e+100
0 4696.65 18786.6 1e+100
0 15789.6 15789.6 1e+100
3 7410.07 29640.3 1e+100
2 9133.84 9133.84 1e+100
2 1173.25 8693.02 1e+100
0 6002.96 6002.96 1e+100
2 13141.7 17141.7 1e+100
3 4241.53 17966.1 1e+100
1 8402.59 33610.4 1e+100
2 9711.52 9711.52 1e+100
3 11952.3 12952.3 1e+100
1 13026.8 14026.8 1e+100
3 20398.3 21398.3 1e+100
0 20826.1 20826.1 1e+100
3 22609.4 22609.4 1e+100
0 18615.2 74460.7 1e+100
3 18154.6 19154.6 1e+100
1 10175.6 41702.6 1e+100
1 3832.15 4832.15 1e+100
0 6086.73 24346.9 1e+100
2 22948.2 22948.2 1e+100
1 18537.1 19537.1 1e+100
2 15569.1 15569.1 1e+100
3 8689.31 8689.31 1e+100
3 15087.4 15087.4 1e+100
1 1227.44 5909.77 1e+100
1 21168.3 21168.3 1e+100
0 7564.54 7564.54 1e+100
2 18361.6 73446.6 1e+100
2 13233.5 17233.5 1e+100
1 12956.5 12956.5 1e+100
3 5075.4 20301.6 1e+100
1 14702 14702 1e+100
0 13065.5 13065.5 1e+100
3 10768.6 43074.3 1e+100
38
3 185.349 1185.35 1e+100
0 930.996 3723.98 1e+100
2 168.477 673.908 1e+100
1 438.331 1438.33 1e+100
2 1606.1 10424.4 1e+100
3 3662.77 15651.1 1e+100
0 14376.4 14376.4 1e+100
2 4961.67 8961.67 1e+100
1 1985.81 1985.81 1e+100
3 1112.63 1112.63 1e+100
2 15122.8 15122.8 1e+100
3 8706.52 9706.52 1e+100
0 1771.5 11086 1e+100
2 19917.3 19917.3 1e+100
0 18563.7 18563.7 1e+100
1 11884.2 12884.2 1e+100
3 5906.16 6906.16 1e+100
2 1342.43 9369.71 1e+100
1 12998.4 13998.4 1e+100
2 16142.7 16142.7 1e+100
2 4012.47 16049.9 1e+100
1 1290.44 6161.75 1e+100
0 6500.96 6500.96 1e+100
0 2043.87 8175.5 1e+100
0 9066.55 13066.6 1e+100
1 6628.6 27514.4 1e+100
3 12560.7 12560.7 1e+100
3 2158.5 8634.01 1e+100
0 3226.73 16906.9 1e+100
2 4639.25 22557 1e+100
3 7460.39 8460.39 1e+100
2 6297.84 29191.4 1e+100
1 13178.4 52713.8 1e+100
1 1768.9 8075.58 1e+100
2 6836.75 6836.75 1e+100
1 14505.8 15505.8 1e+100
0 10404.9 41619.5 1e+100
3 12039.1 13039.1 1e+100
28
1 1146.95 5587.82 1e+100
3 134.389 134.389 1e+100
0 448.876 448.876 1e+100
2 2373.13 2373.13 1e+100
0 1838.89 1838.89 1e+100
2 5734.64 5734.64 1e+100
1 13937.1 13937.1 1e+100
0 3403.43 17613.7 1e+100
1 2112.4 9449.61 1e+100
3 2426.49 10706 1e+100
1 4465.08 17860.3 1e+100
3 562.535 562.535 1e+100
2 6961.23 6961.23 1e+100
1 4951.83 5951.83 1e+100
3 2544.44 11177.8 1e+100
3 6519.2 7519.2 1e+100
0 4525.1 4525.1 1e+100
3 11040.4 12040.4 1e+100
2 10691.1 10691.1 1e+100
0 5361.2 21444.8 1e+100
1 7268.31 8268.31 1e+100
3 2344.47 9377.88 1e+100
0 658.574 6634.3 1e+100
0 6809.31 27237.2 1e+100
2 7137.94 7137.94 1e+100
2 4648.61 4648.61 1e+100
1 2755.09 12020.4 1e+100
0 9027.64 9027.64 1e+100
45
2 143.405 143.405 1e+100
1 489.594 1958.38 1e+100
0 3903.01 7903.01 1e+100
3 1053.7 1053.7 1e+100
2 1406.88 1406.88 1e+100
0 1243.72 8974.89 1e+100
3 3202.1 13808.4 1e+100
1 5694.87 23779.5 1e+100
2 3000.92 16003.7 1e+100
2 11293.1 11293.1 1e+100
2 25180.1 25180.1 1e+100
1 734.328 2937.31 1e+100
2 23104.6 23104.6 1e+100
1 3141.38 12565.5 1e+100
0 14465 14465 1e+100
3 23320 23320 1e+100
0 11623.9 46495.7 1e+100
3 7803.57 31214.3 1e+100
3 8807.68 36230.7 1e+100
1 16474.2 17474.2 1e+100
2 6840.29 27361.1 1e+100
2 2639.07 10556.3 1e+100
1 21293.3 21293.3 1e+100
2 17950.8 17950.8 1e+100
1 5118.79 20475.2 1e+100
2 11228.6 48914.5 1e+100
0 19839.3 79357.3 1e+100
3 10088.7 41354.8 1e+100
3 15299.2 15299.2 1e+100
1 9643.01 39572.1 1e+100
0 2552.05 14208.2 1e+100
3 11733.2 46932.8 1e+100
2 11814.1 51256.3 1e+100
3 16023.7 17023.7 1e+100
1 12514.3 51057.4 1e+100
2 2387.79 13551.2 1e+100
0 14270.3 14270.3 1e+100
1 16178.9 17178.9 1e+100
3 1497.58 2497.58 1e+100
3 17169.7 68678.8 1e+100
0 21008.2 21008.2 1e+100
1 5464.51 21858 1e+100
2 13234 52935.9 1e+100
0 15265.2 61060.7 1e+100
0 4319.17 21276.7 1e+100
30
0 239.122 956.487 1e+100
0 9383.99 9383.99 1e+100
2 662.303 662.303 1e+100
0 6562.5 6562.5 1e+100
1 191.999 767.997 1e+100
3 1305.02 6220.09 1e+100
1 4325.17 18300.7 1e+100
0 1028.12 8112.47 1e+100
3 7413.75 8413.75 1e+100
1 9410.93 10410.9 1e+100
3 3513.63 14054.5 1e+100
1 7335.41 8335.41 1e+100
2 1957.36 11829.4 1e+100
3 13735.9 14735.9 1e+100
1 1128.42 1128.42 1e+100
0 2930.5 11722 1e+100
2 3883.41 19533.7 1e+100
0 10485.5 10485.5 1e+100
1 11881.2 12881.2 1e+100
2 11856.1 11856.1 1e+100
1 13240.3 14240.3 1e+100
2 3205.89 12823.6 1e+100
2 5429.85 5429.85 1e+100
3 7883.94 31535.8 1e+100
3 1543.48 6173.93 1e+100
2 7323.52 29294.1 1e+100
1 8146.1 9146.1 1e+100
3 4891.05 5891.05 1e+100
0 5653.96 22615.9 1e+100
2 11173.7 11173.7 1e+100
40
2 143.405 143.405 1e+100
1 489.594 1958.38 1e+100
1 8221.82 8221.82 1e+100
3 1053.7 1053.7 1e+100
2 1406.88 1406.88 1e+100
0 1243.72 8974.89 1e+100
0 3082.21 12328.8 1e+100
3 2685.77 11743.1 1e+100
1 1404.66 5618.63 1e+100
2 7963.44 7963.44 1e+100
2 2133.33 2133.33 1e+100
2 17072.3 17072.3 1e+100
3 9607.76 10607.8 1e+100
1 14839.8 14839.8 1e+100
3 3946.01 15784 1e+100
3 6802.03 7802.03 1e+100
3 19006.7 19006.7 1e+100
2 4148.02 20592.1 1e+100
1 1354.18 6416.73 1e+100
0 19316.5 19316.5 1e+100
1 10845.5 44382.1 1e+100
3 10491.1 10491.1 1e+100
0 3751.79 15007.2 1e+100
1 19595.9 19595.9 1e+100
0 6690.71 30762.8 1e+100
0 2044.34 12177.3 1e+100
1 7242.78 28971.1 1e+100
2 11396.4 11396.4 1e+100
2 837.793 7351.17 1e+100
1 16478.4 17478.4 1e+100
0 9366.17 9366.17 1e+100
2 6563.33 26253.3 1e+100
2 15245.6 15245.6 1e+100
0 6189.04 10189 1e+100
3 12471.8 12471.8 1e+100
0 18292.6 18292.6 1e+100
3 9315.24 10315.2 1e+100
0 12336.1 12336.1 1e+100
0 9864.5 13864.5 1e+100
0 13934.4 55737.4 1e+100
44
2 1451.15 5804.59 1e+100
1 1709.01 2709.01 1e+100
3 825.213 1825.21 1e+100
0 426.539 1706.15 1e+100
0 2591.5 10366 1e+100
1 5703.32 22813.3 1e+100
3 2447.68 9790.73 1e+100
1 8604.23 8604.23 1e+100
0 5320.23 21280.9 1e+100
3 10057.2 41228.9 1e+100
0 12848.5 12848.5 1e+100
1 10791.3 11791.3 1e+100
2 21604.6 21604.6 1e+100
3 19990.1 19990.1 1e+100
2 16301.5 16301.5 1e+100
2 2463.45 13853.8 1e+100
0 14172.3 14172.3 1e+100
2 13030.5 17030.5 1e+100
3 11277.6 12277.6 1e+100
3 3220.98 13883.9 1e+100
0 17531.3 70125.4 1e+100
2 10826.3 43305.4 1e+100
0 7865.21 11865.2 1e+100
1 11552.3 12552.3 1e+100
2 8161.43 32645.7 1e+100
1 640.284 3561.14 1e+100
3 15199.4 61797.5 1e+100
1 19234.5 20234.5 1e+100
3 4704.8 19819.2 1e+100
3 10831.5 10831.5 1e+100
3 22224.1 23224.1 1e+100
1 11714.6 47858.5 1e+100
2 4134.95 16539.8 1e+100
0 23719.2 23719.2 1e+100
2 21672 21672 1e+100
2 1313.62 5254.48 1e+100
2 15024.7 15024.7 1e+100
1 15412.2 15412.2 1e+100
1 21653 21653 1e+100
0 18366.3 18366.3 1e+100
1 12603.9 13603.9 1e+100
0 20563.1 20563.1 1e+100
1 18905.2 18905.2 1e+100
3 17620.5 71481.9 1e+100
49
2 1451.15 5804.59 1e+100
1 1709.01 2709.01 1e+100
3 825.213 1825.21 1e+100
0 426.539 1706.15 1e+100
0 2591.5 10366 1e+100
2 2324.52 13298.1 1e+100
3 2447.68 9790.73 1e+100
0 4482.93 8482.93 1e+100
2 4485.99 17944 1e+100
3 4356.84 18427.4 1e+100
0 9319.64 9319.64 1e+100
2 17175.4 17175.4 1e+100
0 17319.6 17319.6 1e+100
3 19790.1 19790.1 1e+100
1 19193.6 20193.6 1e+100
0 13345.4 57381.5 1e+100
2 23811.2 23811.2 1e+100
2 20869 24869 1e+100
3 23975.3 24975.3 1e+100
0 5700.08 22800.3 1e+100
3 15546.9 63187.6 1e+100
1 3185.22 13740.9 1e+100
1 12421 50683.8 1e+100
0 24791.6 24791.6 1e+100
1 14643 59572 1e+100
1 6905.41 28621.6 1e+100
1 26379.1 26379.1 1e+100
0 21025.1 21025.1 1e+100
3 5991.67 23966.7 1e+100
2 8937.62 39750.5 1e+100
0 8592.59 34370.4 1e+100
3 10659.6 43638.4 1e+100
3 19695.5 19695.5 1e+100
3 7301.89 30207.6 1e+100
1 2776.3 11105.2 1e+100
3 2736.93 10947.7 1e+100
1 18385.6 73542.3 1e+100
0 17046.7 17046.7 1e+100
2 9792.83 39171.3 1e+100
1 19998.8 79995.4 1e+100
0 24719 24719 1e+100
3 23904.6 24904.6 1e+100
2 10901.6 10901.6 1e+100
1 21229.1 84916.4 1e+100
2 23354.9 23354.9 1e+100
1 6366.06 25464.2 1e+100
3 21962.7 88850.7 1e+100
2 14301.8 57207.3 1e+100
2 3917.93 19671.7 1e+100
41
2 1451.15 5804.59 1e+100
1 1709.01 2709.01 1e+100
3 825.213 1825.21 1e+100
0 426.539 1706.15 1e+100
3 2915.64 12662.6 1e+100
1 3270.5 13082 1e+100
0 4585.63 22342.5 1e+100
0 1797.76 5797.76 1e+100
3 7129.29 29517.2 1e+100
2 5018.09 20072.3 1e+100
0 13201.4 13201.4 1e+100
3 19892 20892 1e+100
2 13483.9 13483.9 1e+100
0 14952.8 18952.8 1e+100
0 10690.4 10690.4 1e+100
1 6066.36 24265.4 1e+100
0 18745.9 18745.9 1e+100
1 22927.7 22927.7 1e+100
2 18752 18752 1e+100
2 1817.17 7268.67 1e+100
3 3807.69 16230.8 1e+100
3 16258.9 66035.4 1e+100
2 4998.95 19995.8 1e+100
2 15456 15456 1e+100
0 4383.31 17533.2 1e+100
1 8932.39 36729.6 1e+100
0 14558.5 18558.5 1e+100
0 18993.8 18993.8 1e+100
2 7495.43 33981.7 1e+100
1 6441.49 25765.9 1e+100
1 12141.7 49566.8 1e+100
0 6201.61 24806.5 1e+100
3 18893.3 18893.3 1e+100
2 8805.66 35222.7 1e+100
3 8888.73 35554.9 1e+100
1 8849.66 35398.6 1e+100
1 16726.6 67906.6 1e+100
2 16827 16827 1e+100
3 10897.9 11897.9 1e+100
1 12163.1 49652.3 1e+100
2 17717.6 17717.6 1e+100
39
2 1451.15 5804.59 1e+100
1 1709.01 2709.01 1e+100
3 825.213 1825.21 1e+100
0 426.539 1706.15 1e+100
0 2591.5 10366 1e+100
2 2324.52 13298.1 1e+100
3 2447.68 9790.73 1e+100
1 12692.5 12692.5 1e+100
0 6688.99 26756 1e+100
1 4470.36 18881.5 1e+100
0 17717.6 17717.6 1e+100
1 19867.3 20867.3 1e+100
1 9347.69 10347.7 1e+100
3 3213.95 12855.8 1e+100
0 9689.35 9689.35 1e+100
2 7414.08 7414.08 1e+100
3 4341.03 18364.1 1e+100
3 18307 18307 1e+100
2 10885.3 10885.3 1e+100
1 4258.56 18034.2 1e+100
0 1297.74 5190.95 1e+100
2 1266.81 5067.22 1e+100
0 17331.9 17331.9 1e+100
2 3808.17 15232.7 1e+100
3 10688 10688 1e+100
3 8614.51 9614.51 1e+100
2 12628.3 50513.2 1e+100
1 4679.24 19717 1e+100
3 5590.28 6590.28 1e+100
3 14289.7 15289.7 1e+100
3 11938.7 48754.8 1e+100
2 13833.2 13833.2 1e+100
2 6109.29 10109.3 1e+100
1 12335.3 12335.3 1e+100
0 9337.27 9337.27 1e+100
2 9173.29 9173.29 1e+100
3 2434.19 3434.19 1e+100
1 9587.53 9587.53 1e+100
0 10959.3 43837 1e+100
44
2 1451.15 5804.59 1e+100
1 1709.01 2709.01 1e+100
3 825.213 1825.21 1e+100
0 426.539 1706.15 1e+100
3 2915.64 12662.6 1e+100
1 3270.5 13082 1e+100
0 4585.63 22342.5 1e+100
0 1797.76 5797.76 1e+100
3 5644.37 23577.5 1e+100
2 5018.09 20072.3 1e+100
1 13236.9 14236.9 1e+100
0 12832.2 12832.2 1e+100
0 15943.2 15943.2 1e+100
3 26049.9 26049.9 1e+100
1 16444.1 17444.1 1e+100
3 9637.74 38551 1e+100
1 21287.9 22287.9 1e+100
2 18156.1 22156.1 1e+100
3 15297.8 16297.8 1e+100
2 1817.17 7268.67 1e+100
1 3600.75 15403 1e+100
0 7467.42 29869.7 1e+100
0 8918.86 35675.5 1e+100
0 22065.7 22065.7 1e+100
0 18127.8 72511.1 1e+100
0 4542.56 18170.2 1e+100
3 19835.3 19835.3 1e+100
2 23228.3 23228.3 1e+100
3 21365.1 85460.2 1e+100
2 4599.58 22398.3 1e+100
1 6536.98 27147.9 1e+100
2 6653.23 26612.9 1e+100
2 20436.1 24436.1 1e+100
2 9067.02 36268.1 1e+100
3 9448.19 37792.8 1e+100
1 23305.2 23305.2 1e+100
1 20068.1 20068.1 1e+100
1 10785.3 44141.3 1e+100
1 6919.34 28677.4 1e+100
0 17574.8 17574.8 1e+100
1 14469.2 15469.2 1e+100
2 9069.82 40279.3 1e+100
3 14232.9 57931.5 1e+100
2 16502.7 16502.7 1e+100
39
3 185.349 1185.35 1e+100
0 930.996 3723.98 1e+100
2 168.477 673.908 1e+100
1 438.331 1438.33 1e+100
2 1606.1 10424.4 1e+100
1 2061.82 9247.26 1e+100
0 2779.66 2779.66 1e+100
1 13892.6 13892.6 1e+100
3 12284.6 12284.6 1e+100
3 1112.63 1112.63 1e+100
0 8193.69 8193.69 1e+100
2 6017.52 6017.52 1e+100
2 3828.34 19313.4 1e+100
2 17115.9 17115.9 1e+100
1 7259.92 8259.92 1e+100
3 16509.6 17509.6 1e+100
3 13204.1 14204.1 1e+100
2 9424.64 13424.6 1e+100
3 1435.57 5742.26 1e+100
3 8580.54 9580.54 1e+100
2 13680.9 17680.9 1e+100
1 2553.23 10212.9 1e+100
1 12764.6 52058.3 1e+100
1 6841.55 7841.55 1e+100
0 2057.47 8229.88 1e+100
1 17694.6 17694.6 1e+100
0 7139.15 28556.6 1e+100
1 15305.5 15305.5 1e+100
3 2292.78 9171.13 1e+100
0 3240.32 16961.3 1e+100
3 4814.35 19257.4 1e+100
3 15937.7 16937.7 1e+100
1 2613.46 10453.8 1e+100
0 9084.97 40339.9 1e+100
0 10677 42707.8 1e+100
0 13619.7 13619.7 1e+100
0 15013.6 15013.6 1e+100
2 2952.7 11810.8 1e+100
1 5533.08 6533.08 1e+100
40
2 143.405 143.405 1e+100
1 489.594 1958.38 1e+100
3 4022.91 4022.91 1e+100
3 1053.7 1053.7 1e+100
2 1406.88 1406.88 1e+100
0 1243.72 8974.89 1e+100
2 4047.08 16188.3 1e+100
0 4524.12 18096.5 1e+100
1 1404.66 5618.63 1e+100
2 6939.54 6939.54 1e+100
1 2829.04 3829.04 1e+100
2 9029.83 9029.83 1e+100
1 4106.42 5106.42 1e+100
3 8903.02 8903.02 1e+100
0 962.954 7851.81 1e+100
1 11079.7 12079.7 1e+100
1 13312.1 13312.1 1e+100
0 6691.59 30766.4 1e+100
3 12712.9 13712.9 1e+100
2 15901.1 15901.1 1e+100
2 14144.5 14144.5 1e+100
0 7896.53 7896.53 1e+100
2 17195.2 17195.2 1e+100
3 4854.93 4854.93 1e+100
1 7899.95 32599.8 1e+100
1 18850.9 19850.9 1e+100
1 5507.05 23028.2 1e+100
3 9992.13 10992.1 1e+100
2 8058.01 32232 1e+100
2 20349.4 20349.4 1e+100
0 14203.5 14203.5 1e+100
1 13314.4 13314.4 1e+100
3 13033.2 13033.2 1e+100
3 1260.59 6042.35 1e+100
1 2478.32 10913.3 1e+100
1 15142 16142 1e+100
0 15831.4 15831.4 1e+100
3 15759.7 63038.8 1e+100
0 7600 30400 1e+100
0 10761.9 10761.9 1e+100
38
2 1451.15 5804.59 1e+100
1 1709.01 2709.01 1e+100
3 825.213 1825.21 1e+100
0 426.539 1706.15 1e+100
0 2591.5 10366 1e+100
2 2324.52 13298.1 1e+100
0 5381.02 25524.1 1e+100
0 11248 15248 1e+100
2 5976.38 23905.5 1e+100
1 4470.36 18881.5 1e+100
3 6826.96 7826.96 1e+100
0 8892.42 8892.42 1e+100
3 13226.8 14226.8 1e+100
3 11025.5 11025.5 1e+100
2 12863.7 12863.7 1e+100
3 1567.76 6271.02 1e+100
1 19399.5 20399.5 1e+100
1 11854.2 11854.2 1e+100
0 6469.43 6469.43 1e+100
3 3207.4 13829.6 1e+100
2 2654.78 10619.1 1e+100
1 9650.02 39600.1 1e+100
3 13017.6 14017.6 1e+100
2 16662.3 16662.3 1e+100
2 8687.89 8687.89 1e+100
2 14020.4 14020.4 1e+100
3 5490.7 22962.8 1e+100
1 13843.3 14843.3 1e+100
1 4264.16 17056.6 1e+100
3 18662.2 18662.2 1e+100
0 8813.06 12813.1 1e+100
1 11021 45084.2 1e+100
1 1837.27 8349.06 1e+100
2 16082.5 16082.5 1e+100
0 16061 16061 1e+100
3 12603 50411.9 1e+100
0 12732.8 50931.4 1e+100
0 9955.66 9955.66 1e+100
34
3 185.349 1185.35 1e+100
0 930.996 3723.98 1e+100
2 168.477 673.908 1e+100
1 438.331 1438.33 1e+100
2 1606.1 10424.4 1e+100
0 2703.02 10812.1 1e+100
0 9018.81 9018.81 1e+100
3 4006.69 4006.69 1e+100
3 9294.94 9294.94 1e+100
3 1112.63 1112.63 1e+100
2 11675.5 11675.5 1e+100
0 12560.5 12560.5 1e+100
2 3828.34 19313.4 1e+100
1 1019.45 2019.45 1e+100
3 4664.14 5664.14 1e+100
2 11715 11715 1e+100
3 5236.66 21946.7 1e+100
3 15403.1 15403.1 1e+100
2 7209.4 7209.4 1e+100
0 1871.64 7486.55 1e+100
1 1232.07 5928.29 1e+100
1 3404.15 14616.6 1e+100
0 13040.5 13040.5 1e+100
2 3728.57 14914.3 1e+100
1 13619.6 13619.6 1e+100
2 13418.1 13418.1 1e+100
3 7866.3 32465.2 1e+100
0 2292.32 9169.27 1e+100
1 5466.93 21867.7 1e+100
1 9215 37860 1e+100
1 7175.22 8175.22 1e+100
0 13475.8 13475.8 1e+100
0 5047.32 20189.3 1e+100
3 10189.6 11189.6 1e+100
37
2 143.405 143.405 1e+100
1 489.594 1958.38 1e+100
3 14807 14807 1e+100
3 1053.7 1053.7 1e+100
2 1406.88 1406.88 1e+100
0 1243.72 8974.89 1e+100
1 3448.39 14793.5 1e+100
3 2685.77 11743.1 1e+100
2 3000.92 16003.7 1e+100
2 8431.3 8431.3 1e+100
0 16661.1 16661.1 1e+100
1 13832.9 14832.9 1e+100
0 1176.79 1176.79 1e+100
2 3448.41 17793.6 1e+100
2 9354.94 9354.94 1e+100
0 7530.44 7530.44 1e+100
2 4575.48 18301.9 1e+100
1 17067.1 17067.1 1e+100
1 7574.33 8574.33 1e+100
3 3599.58 15398.3 1e+100
3 5620.26 23481 1e+100
0 3377.61 13510.4 1e+100
0 10785.4 10785.4 1e+100
1 2471.35 10885.4 1e+100
2 12483.7 16483.7 1e+100
2 14549.2 14549.2 1e+100
0 297.415 1189.66 1e+100
1 4028.18 17112.7 1e+100
1 13183.3 13183.3 1e+100
3 15693.5 15693.5 1e+100
1 7179.83 29719.3 1e+100
2 9155.69 36622.7 1e+100
0 7028.96 7028.96 1e+100
0 14849.7 14849.7 1e+100
3 5212.98 20851.9 1e+100
3 11244.1 45976.4 1e+100
0 10121.6 10121.6 1e+100
35
2 1451.15 5804.59 1e+100
1 1709.01 2709.01 1e+100
3 825.213 1825.21 1e+100
0 426.539 1706.15 1e+100
0 2591.5 10366 1e+100
2 2324.52 13298.1 1e+100
3 2447.68 9790.73 1e+100
1 9292.34 9292.34 1e+100
0 12895.5 51582.1 1e+100
2 5357.63 21430.5 1e+100
3 11984.6 12984.6 1e+100
0 8029.87 8029.87 1e+100
0 3048.66 12194.6 1e+100
2 7230.43 28921.7 1e+100
0 15525.5 15525.5 1e+100
0 4693.12 18772.5 1e+100
1 4369.64 4369.64 1e+100
1 405.324 2621.3 1e+100
3 15639.3 15639.3 1e+100
1 11169.5 44678.1 1e+100
1 2768.89 11075.6 1e+100
3 1453.29 5813.15 1e+100
0 7651.82 7651.82 1e+100
3 4851.25 19405 1e+100
1 12351.3 13351.3 1e+100
3 10279.5 11279.5 1e+100
3 5848.16 24392.6 1e+100
2 13112.7 13112.7 1e+100
1 13449.6 13449.6 1e+100
1 6444 6444 1e+100
3 11174.9 12174.9 1e+100
2 9722.07 9722.07 1e+100
3 1052.09 2052.09 1e+100
2 7106.89 11106.9 1e+100
2 1766.52 7066.1 1e+100
41
0 239.122 956.487 1e+100
1 6098.8 7098.8 1e+100
2 662.303 662.303 1e+100
3 3633.29 4633.29 1e+100
1 191.999 767.997 1e+100
3 1305.02 6220.09 1e+100
1 2718.88 11875.5 1e+100
0 1028.12 8112.47 1e+100
0 8725.83 8725.83 1e+100
2 2465.21 2465.21 1e+100
0 11121.9 11121.9 1e+100
0 15155.7 15155.7 1e+100
1 21480 21480 1e+100
3 8618.07 34472.3 1e+100
2 13773.8 13773.8 1e+100
1 9916.18 9916.18 1e+100
0 1528.01 10112 1e+100
2 2421.32 9685.28 1e+100
2 18936.3 18936.3 1e+100
0 2699.25 10797 1e+100
1 13445.5 54782.1 1e+100
3 19461.1 19461.1 1e+100
1 16807.3 17807.3 1e+100
3 2739.3 10957.2 1e+100
0 3921.93 19687.7 1e+100
1 6187.66 25750.6 1e+100
2 3702.34 14809.4 1e+100
3 13853.4 13853.4 1e+100
3 4049.53 17198.1 1e+100
2 6583.88 30335.5 1e+100
2 13131.8 13131.8 1e+100
2 9297.03 9297.03 1e+100
0 13309.5 53238.1 1e+100
3 8172.45 9172.45 1e+100
1 12961 12961 1e+100
3 14172.5 14172.5 1e+100
0 16489 16489 1e+100
2 18139.2 18139.2 1e+100
1 8559.83 9559.83 1e+100
2 13571.3 17571.3 1e+100
0 14073 56292.1 1e+100
48
2 143.405 143.405 1e+100
1 489.594 1958.38 1e+100
1 3427.03 3427.03 1e+100
3 1053.7 1053.7 1e+100
2 1406.88 1406.88 1e+100
0 1243.72 8974.89 1e+100
1 6115.57 25462.3 1e+100
3 2685.77 11743.1 1e+100
0 4053.12 20212.5 1e+100
2 2291.76 2291.76 1e+100
0 10650 10650 1e+100
2 13289.7 13289.7 1e+100
2 7818.51 7818.51 1e+100
2 10251.3 14251.3 1e+100
0 12302.6 12302.6 1e+100
0 4912.38 23649.5 1e+100
3 16036.2 17036.2 1e+100
1 13026.2 13026.2 1e+100
0 15000 15000 1e+100
3 6818.72 28274.9 1e+100
1 6088.47 25353.9 1e+100
3 8915.71 36662.9 1e+100
0 6557.91 6557.91 1e+100
2 17171.9 17171.9 1e+100
2 13553.4 13553.4 1e+100
2 24916.8 24916.8 1e+100
0 18254.6 18254.6 1e+100
1 25731.8 25731.8 1e+100
3 3819.85 16279.4 1e+100
0 21098.6 21098.6 1e+100
2 19940.7 79762.7 1e+100
3 16239.7 17239.7 1e+100
2 2108.47 8433.86 1e+100
3 20405.8 21405.8 1e+100
0 14575.7 14575.7 1e+100
1 15535.8 16535.8 1e+100
3 24914.7 24914.7 1e+100
0 22679.9 26679.9 1e+100
2 21232.3 84929.2 1e+100
3 17735.9 17735.9 1e+100
1 18595.6 19595.6 1e+100
1 6659.77 27639.1 1e+100
2 13474.4 17474.4 1e+100
2 16803.4 20803.4 1e+100
3 7634.86 30539.4 1e+100
1 20939.1 20939.1 1e+100
1 11415.6 12415.6 1e+100
3 9054.52 36218.1 1e+100
48
2 1451.15 5804.59 1e+100
1 1709.01 2709.01 1e+100
3 825.213 1825.21 1e+100
0 426.539 1706.15 1e+100
0 2591.5 10366 1e+100
2 2324.52 13298.1 1e+100
3 2447.68 9790.73 1e+100
0 4482.93 8482.93 1e+100
1 8808.59 36234.4 1e+100
1 4470.36 18881.5 1e+100
0 12384.6 12384.6 1e+100
2 15893 15893 1e+100
2 8511.13 8511.13 1e+100
1 17442.5 17442.5 1e+100
3 13964 14964 1e+100
3 3625.72 14502.9 1e+100
3 19316.9 20316.9 1e+100
3 10693 10693 1e+100
3 7121.84 8121.84 1e+100
0 5700.08 22800.3 1e+100
2 2654.78 10619.1 1e+100
3 8488.76 34955.1 1e+100
0 17037.6 17037.6 1e+100
1 18620.1 19620.1 1e+100
0 20062.3 20062.3 1e+100
0 21845.1 21845.1 1e+100
0 27228.3 27228.3 1e+100
3 13513.4 13513.4 1e+100
3 3837.22 16348.9 1e+100
2 23758.5 23758.5 1e+100
1 10565.4 43261.4 1e+100
1 20197.2 21197.2 1e+100
2 2801.08 11204.3 1e+100
2 8056.16 8056.16 1e+100
0 13181.9 13181.9 1e+100
1 24368.4 25368.4 1e+100
2 14639.4 18639.4 1e+100
3 19025.4 19025.4 1e+100
0 10658.3 42633.2 1e+100
2 18380.1 22380.1 1e+100
2 26165.6 26165.6 1e+100
3 23361.6 94446.6 1e+100
3 25973.3 25973.3 1e+100
3 20399 20399 1e+100
1 21113.3 84453.3 1e+100
0 4639.07 8639.07 1e+100
0 22357 22357 1e+100
1 10033.4 40133.5 1e+100
44
3 185.349 1185.35 1e+100
0 930.996 3723.98 1e+100
2 168.477 673.908 1e+100
1 438.331 1438.33 1e+100
2 1606.1 10424.4 1e+100
3 3662.77 15651.1 1e+100
3 11767.4 12767.4 1e+100
0 2910.99 6910.99 1e+100
1 1985.81 1985.81 1e+100
3 1112.63 1112.63 1e+100
3 15671.6 16671.6 1e+100
1 14671.4 15671.4 1e+100
3 4609.97 18439.9 1e+100
0 19680 19680 1e+100
2 19855.1 19855.1 1e+100
0 3617.94 18471.8 1e+100
2 11169.6 11169.6 1e+100
3 8544.94 34179.8 1e+100
0 13284 13284 1e+100
1 11546.6 11546.6 1e+100
2 6522.71 26090.8 1e+100
1 2543.59 10174.3 1e+100
2 768.297 3073.19 1e+100
2 11383 11383 1e+100
2 15889.1 63556.4 1e+100
1 3149.55 13598.2 1e+100
3 18346.4 18346.4 1e+100
0 19049.5 19049.5 1e+100
3 10385.1 41540.4 1e+100
1 5014.45 20057.8 1e+100
2 2221.36 8885.44 1e+100
0 4715.9 18863.6 1e+100
3 20187.4 20187.4 1e+100
3 3384.99 14539.9 1e+100
0 7597.44 34389.8 1e+100
1 18358.9 18358.9 1e+100
2 10848.5 14848.5 1e+100
1 5652.51 23610 1e+100
0 1380.84 5523.36 1e+100
1 15455.3 16455.3 1e+100
1 12569.5 13569.5 1e+100
3 12062.7 48250.8 1e+100
0 10805.5 43222.1 1e+100
2 4587.27 4587.27 1e+100
40
2 1451.15 5804.59 1e+100
1 1709.01 2709.01 1e+100
3 825.213 1825.21 1e+100
0 426.539 1706.15 1e+100
0 2591.5 10366 1e+100
2 2324.52 13298.1 1e+100
3 2447.68 9790.73 1e+100
3 6332.09 6332.09 1e+100
1 3598.72 15394.9 1e+100
2 5357.63 21430.5 1e+100
0 6357.18 6357.18 1e+100
0 10648.9 10648.9 1e+100
0 3048.66 12194.6 1e+100
1 17128.3 18128.3 1e+100
1 12847.5 13847.5 1e+100
2 10818.8 10818.8 1e+100
2 12601.6 12601.6 1e+100
0 17762.5 17762.5 1e+100
1 18258.7 18258.7 1e+100
2 7270.47 29081.9 1e+100
2 19680.1 19680.1 1e+100
3 1389.11 6556.46 1e+100
3 15319.3 16319.3 1e+100
2 14867.3 59469.3 1e+100
0 11978.6 11978.6 1e+100
3 12586.7 13586.7 1e+100
1 13457.7 53830.8 1e+100
0 4368.99 21476 1e+100
3 8073.49 9073.49 1e+100
1 7104.44 29417.7 1e+100
3 4157.22 16628.9 1e+100
1 8771.33 9771.33 1e+100
0 19409.6 19409.6 1e+100
2 6693.91 6693.91 1e+100
3 5387.49 21550 1e+100
0 8480.4 8480.4 1e+100
3 15196.6 60786.5 1e+100
1 4023.99 17096 1e+100
3 9151.12 37604.5 1e+100
2 2414.41 13657.6 1e+100
46
1 1146.95 5587.82 1e+100
3 134.389 134.389 1e+100
0 448.876 448.876 1e+100
2 2373.13 2373.13 1e+100
3 1414.26 2414.26 1e+100
2 7345.72 7345.72 1e+100
3 12074.4 12074.4 1e+100
1 5452.52 21810.1 1e+100
2 4314.94 17259.8 1e+100
0 1228.94 4915.74 1e+100
1 1532.04 6128.17 1e+100
1 15586.4 15586.4 1e+100
2 14604.2 14604.2 1e+100
3 2301.5 9205.99 1e+100
1 18680.1 19680.1 1e+100
0 4824.97 23299.9 1e+100
0 21705 21705 1e+100
3 14302.7 14302.7 1e+100
3 4210.73 17842.9 1e+100
0 2344.39 13377.6 1e+100
3 7838.09 32352.4 1e+100
0 18323 18323 1e+100
2 6913 27652 1e+100
0 5670.91 22683.6 1e+100
2 16567.3 20567.3 1e+100
2 14309.4 14309.4 1e+100
0 10804.9 47219.7 1e+100
0 7535.82 34143.3 1e+100
3 4820.08 20280.3 1e+100
2 8731.31 34925.2 1e+100
1 17723.3 17723.3 1e+100
1 8348.18 34392.7 1e+100
2 18266.7 77066.7 1e+100
3 19692.3 20692.3 1e+100
1 13461.5 13461.5 1e+100
3 14649.7 14649.7 1e+100
1 5334.33 22337.3 1e+100
1 22350.6 22350.6 1e+100
0 21371.3 21371.3 1e+100
3 17322.4 70289.6 1e+100
0 14461.3 18461.3 1e+100
3 8911.33 8911.33 1e+100
1 2343.14 9372.57 1e+100
0 10948.1 14948.1 1e+100
2 19219.6 19219.6 1e+100
1 17368.9 69475.4 1e+100
30
3 185.349 1185.35 1e+100
0 930.996 3723.98 1e+100
2 168.477 673.908 1e+100
1 438.331 1438.33 1e+100
2 1606.1 10424.4 1e+100
2 4407.72 17630.9 1e+100
0 4633.59 4633.59 1e+100
1 8063.98 8063.98 1e+100
1 15519.6 15519.6 1e+100
3 1112.63 1112.63 1e+100
0 2240.86 2240.86 1e+100
0 8577.54 8577.54 1e+100
1 1709.06 6836.23 1e+100
3 2620.41 3620.41 1e+100
1 8721.43 9721.43 1e+100
2 4483.19 4483.19 1e+100
1 3539.73 15158.9 1e+100
0 3146.6 3146.6 1e+100
0 10234.2 10234.2 1e+100
1 8534.46 9534.46 1e+100
0 11593.2 11593.2 1e+100
3 1453.31 6813.25 1e+100
3 3677.27 4677.27 1e+100
3 8414.64 33658.5 1e+100
2 7407.09 33628.4 1e+100
2 4502.93 18011.7 1e+100
2 9115.39 9115.39 1e+100
1 8268.51 9268.51 1e+100
3 3786.91 16147.6 1e+100
2 10006 10006 1e+100
39
0 239.122 956.487 1e+100
1 12924.9 13924.9 1e+100
2 662.303 662.303 1e+100
3 12188.1 13188.1 1e+100
1 191.999 767.997 1e+100
3 1305.02 6220.09 1e+100
3 3111.78 13447.1 1e+100
0 1028.12 8112.47 1e+100
1 6562.05 7562.05 1e+100
2 10202.3 10202.3 1e+100
2 1967.66 11870.7 1e+100
0 2609.27 2609.27 1e+100
1 1783.44 7133.76 1e+100
0 13883.3 13883.3 1e+100
3 15777.8 15777.8 1e+100
3 8556.13 35224.5 1e+100
1 3709.5 14838 1e+100
2 10633.9 10633.9 1e+100
2 2311.16 2311.16 1e+100
0 2914.93 2914.93 1e+100
2 18472.6 18472.6 1e+100
2 15538.9 15538.9 1e+100
1 6630.75 6630.75 1e+100
2 5809.4 23237.6 1e+100
1 16695.9 17695.9 1e+100
2 3416.5 13666 1e+100
1 14108.2 15108.2 1e+100
0 6909.25 27637 1e+100
3 18301.4 19301.4 1e+100
0 16041.8 16041.8 1e+100
1 18438.8 18438.8 1e+100
3 10196.5 10196.5 1e+100
3 1719.23 7876.92 1e+100
2 12321.4 49285.4 1e+100
0 13212.9 13212.9 1e+100
1 10157.8 11157.8 1e+100
3 14453 57812.2 1e+100
0 3125.4 12501.6 1e+100
2 9727.82 9727.82 1e+100
49
3 185.349 1185.35 1e+100
0 930.996 3723.98 1e+100
2 168.477 673.908 1e+100
1 438.331 1438.33 1e+100
2 1606.1 10424.4 1e+100
3 3662.77 15651.1 1e+100
3 18631 19631 1e+100
0 2910.99 6910.99 1e+100
1 1985.81 1985.81 1e+100
3 1112.63 1112.63 1e+100
2 23557.9 23557.9 1e+100
2 25255.3 25255.3 1e+100
1 5943.41 23773.7 1e+100
3 26393.9 27393.9 1e+100
0 26102.6 26102.6 1e+100
0 3617.94 18471.8 1e+100
1 22665.9 23665.9 1e+100
3 10928.9 43715.7 1e+100
0 20575.9 20575.9 1e+100
3 19832 19832 1e+100
1 9139.62 37558.5 1e+100
1 2543.59 10174.3 1e+100
2 768.297 3073.19 1e+100
1 24790 25790 1e+100
0 5697.55 22790.2 1e+100
2 4747.33 18989.3 1e+100
1 13655.1 13655.1 1e+100
1 15693.1 16693.1 1e+100
3 20326.3 81305.3 1e+100
0 6920.23 31680.9 1e+100
0 11198.5 44793.8 1e+100
0 15375.4 61501.6 1e+100
1 18250.7 18250.7 1e+100
1 10274.8 42099.2 1e+100
3 10759.1 43036.5 1e+100
3 5773.8 23095.2 1e+100
3 1324.47 5297.89 1e+100
1 20667.2 21667.2 1e+100
2 850.882 3403.53 1e+100
0 11863.9 51455.7 1e+100
2 9493.54 9493.54 1e+100
2 11328.7 11328.7 1e+100
0 1373.06 1373.06 1e+100
3 2372.75 9491.01 1e+100
2 15129.8 15129.8 1e+100
0 18465 77860.2 1e+100
2 4302.69 17210.7 1e+100
0 6624.3 26497.2 1e+100
2 6475.36 29901.5 1e+100
42
1 1146.95 5587.82 1e+100
3 134.389 134.389 1e+100
0 448.876 448.876 1e+100
2 2373.13 2373.13 1e+100
3 1414.26 2414.26 1e+100
2 7345.72 7345.72 1e+100
0 12462.3 16462.3 1e+100
1 5452.52 21810.1 1e+100
2 4314.94 17259.8 1e+100
0 1228.94 4915.74 1e+100
1 1532.04 6128.17 1e+100
1 16962.2 16962.2 1e+100
0 20979.5 20979.5 1e+100
3 2301.5 9205.99 1e+100
1 14285.4 15285.4 1e+100
0 4824.97 23299.9 1e+100
3 13126.8 14126.8 1e+100
3 16997.1 16997.1 1e+100
3 4210.73 17842.9 1e+100
0 2344.39 13377.6 1e+100
1 9311.52 38246.1 1e+100
2 17532.7 17532.7 1e+100
2 10446 41784.1 1e+100
1 7047.25 29189 1e+100
3 13455.1 13455.1 1e+100
0 12902.4 12902.4 1e+100
3 5685.17 22740.7 1e+100
0 16368.2 69472.9 1e+100
1 4427.39 18709.5 1e+100
2 5971.97 23887.9 1e+100
1 19411.5 19411.5 1e+100
0 4187.4 16749.6 1e+100
2 11084.4 48337.5 1e+100
1 20760.6 20760.6 1e+100
0 9287.6 13287.6 1e+100
1 15218.3 61873.1 1e+100
0 6171.91 24687.7 1e+100
2 13041.7 13041.7 1e+100
2 17059.5 17059.5 1e+100
3 15672.3 62689.4 1e+100
3 5111.53 21446.1 1e+100
1 7703.02 8703.02 1e+100
34
2 143.405 143.405 1e+100
1 489.594 1958.38 1e+100
3 6031.31 6031.31 1e+100
3 1053.7 1053.7 1e+100
2 1406.88 1406.88 1e+100
0 1243.72 8974.89 1e+100
3 3202.1 13808.4 1e+100
0 2565.87 10263.5 1e+100
1 1404.66 5618.63 1e+100
2 9789.38 9789.38 1e+100
2 6953.31 6953.31 1e+100
2 1852.54 11410.2 1e+100
1 2558.49 3558.49 1e+100
0 4417.52 21670.1 1e+100
1 8844.59 9844.59 1e+100
3 10006.1 10006.1 1e+100
2 3761.77 15047.1 1e+100
1 4166.37 16665.5 1e+100
3 11311.8 12311.8 1e+100
0 13367.3 13367.3 1e+100
0 15083.7 15083.7 1e+100
0 10725.4 10725.4 1e+100
2 10758 43032 1e+100
0 5294.08 5294.08 1e+100
1 2992.61 11970.4 1e+100
1 9074.09 9074.09 1e+100
1 12592.5 12592.5 1e+100
0 2471.81 9887.25 1e+100
0 6887.98 27551.9 1e+100
2 7475.78 7475.78 1e+100
2 12292.1 12292.1 1e+100
3 10897.2 43588.7 1e+100
3 2468.46 10873.8 1e+100
1 9976.02 10976 1e+100
35
2 143.405 143.405 1e+100
1 489.594 1958.38 1e+100
3 6031.31 6031.31 1e+100
3 1053.7 1053.7 1e+100
2 1406.88 1406.88 1e+100
0 1243.72 8974.89 1e+100
3 3202.1 13808.4 1e+100
0 2565.87 10263.5 1e+100
2 3000.92 16003.7 1e+100
2 7574.89 7574.89 1e+100
1 684.823 1684.82 1e+100
3 11958.3 12958.3 1e+100
0 4208.18 16832.7 1e+100
1 4957.36 20829.4 1e+100
1 13503.7 14503.7 1e+100
1 3008.07 13032.3 1e+100
1 602.099 3408.4 1e+100
3 12998.9 12998.9 1e+100
0 10292.3 10292.3 1e+100
3 6996.89 27987.6 1e+100
0 7687.39 34749.5 1e+100
2 2571.02 10284.1 1e+100
3 4285.02 18140.1 1e+100
1 10567.2 10567.2 1e+100
3 8307.12 34228.5 1e+100
1 7274.34 29097.4 1e+100
0 4024.51 8024.51 1e+100
1 12969.2 12969.2 1e+100
2 5034.25 20137 1e+100
1 4423.75 18695 1e+100
0 12866.4 12866.4 1e+100
2 12311.1 12311.1 1e+100
2 8345.9 37383.6 1e+100
2 6120.97 24483.9 1e+100
0 10214.5 10214.5 1e+100
42
2 1451.15 5804.59 1e+100
1 1709.01 2709.01 1e+100
3 825.213 1825.21 1e+100
0 426.539 1706.15 1e+100
0 2591.5 10366 1e+100
2 2324.52 13298.1 1e+100
3 2447.68 9790.73 1e+100
3 12284.4 12284.4 1e+100
2 4485.99 17944 1e+100
1 4470.36 18881.5 1e+100
0 12809 12809 1e+100
3 6142.4 7142.4 1e+100
2 13936.4 13936.4 1e+100
0 16300.6 20300.6 1e+100
1 7883.99 8883.99 1e+100
3 3625.72 14502.9 1e+100
0 18552.4 18552.4 1e+100
3 22874.7 22874.7 1e+100
3 18323.9 19323.9 1e+100
2 9664.33 38657.3 1e+100
0 3483.55 13934.2 1e+100
3 7078.3 29313.2 1e+100
1 17541.1 18541.1 1e+100
2 7119.21 7119.21 1e+100
1 10305.2 11305.2 1e+100
2 20600.9 20600.9 1e+100
3 6654.37 27617.5 1e+100
1 11444.4 12444.4 1e+100
1 2743.73 10974.9 1e+100
0 6424.72 6424.72 1e+100
2 14486.4 18486.4 1e+100
3 13131.4 13131.4 1e+100
0 11082.6 44330.6 1e+100
1 13534.2 13534.2 1e+100
0 19086.8 19086.8 1e+100
0 4054.85 16219.4 1e+100
1 21807.3 21807.3 1e+100
1 6528.61 6528.61 1e+100
3 16668.5 66673.9 1e+100
1 18294.1 18294.1 1e+100
3 8887.73 9887.73 1e+100
2 14746.1 62984.5 1e+100
30
2 1451.15 5804.59 1e+100
1 1709.01 2709.01 1e+100
3 825.213 1825.21 1e+100
0 426.539 1706.15 1e+100
0 2591.5 10366 1e+100
2 2324.52 13298.1 1e+100
3 2447.68 9790.73 1e+100
1 12361.2 12361.2 1e+100
0 5320.23 21280.9 1e+100
1 4470.36 18881.5 1e+100
1 5783.22 6783.22 1e+100
0 9568.3 9568.3 1e+100
2 3525.42 3525.42 1e+100
3 3213.95 12855.8 1e+100
0 10682.4 10682.4 1e+100
1 6414.5 7414.5 1e+100
3 4341.03 18364.1 1e+100
2 10580.7 10580.7 1e+100
0 14680.6 14680.6 1e+100
1 12013.7 13013.7 1e+100
3 13153.8 14153.8 1e+100
3 4606.9 19427.6 1e+100
3 6830.86 7830.86 1e+100
2 5174.54 24698.2 1e+100
2 2962.7 15850.8 1e+100
1 5802.21 24208.9 1e+100
0 10945.4 10945.4 1e+100
3 8750.33 9750.33 1e+100
2 5749.07 22996.3 1e+100
2 12521.2 12521.2 1e+100
38
2 143.405 143.405 1e+100
1 489.594 1958.38 1e+100
1 20867.2 20867.2 1e+100
3 1053.7 1053.7 1e+100
2 1406.88 1406.88 1e+100
0 1243.72 8974.89 1e+100
3 3202.1 13808.4 1e+100
0 2565.87 10263.5 1e+100
1 1404.66 5618.63 1e+100
3 10033.2 11033.2 1e+100
2 6033.96 6033.96 1e+100
2 1852.54 11410.2 1e+100
1 2558.49 3558.49 1e+100
3 4364.85 17459.4 1e+100
2 17137.3 17137.3 1e+100
1 14189.8 14189.8 1e+100
0 5573.72 22294.9 1e+100
2 3520.07 18080.3 1e+100
0 16432.9 16432.9 1e+100
0 9003.52 9003.52 1e+100
0 6730.31 6730.31 1e+100
1 9715.61 10715.6 1e+100
2 11849.2 47397 1e+100
2 4979.32 4979.32 1e+100
3 3114.62 12458.5 1e+100
0 11911.3 11911.3 1e+100
3 8840.55 8840.55 1e+100
1 1112.31 1112.31 1e+100
2 6277.62 25110.5 1e+100
3 16179.5 16179.5 1e+100
2 16803.7 16803.7 1e+100
1 3785.05 16140.2 1e+100
3 10267.8 10267.8 1e+100
1 5769.66 5769.66 1e+100
0 8656.3 38625.2 1e+100
1 12651.5 12651.5 1e+100
2 7602.81 7602.81 1e+100
3 11197.7 44790.9 1e+100
46
1 1146.95 5587.82 1e+100
3 134.389 134.389 1e+100
0 448.876 448.876 1e+100
2 2373.13 2373.13 1e+100
3 10914.6 11914.6 1e+100
2 17593.4 17593.4 1e+100
3 14522.9 14522.9 1e+100
1 4367.57 17470.3 1e+100
3 3549.49 15198 1e+100
0 1228.94 4915.74 1e+100
2 3686.14 18744.6 1e+100
0 9106.66 13106.7 1e+100
1 1521.63 2521.63 1e+100
3 292.157 1292.16 1e+100
2 7161.32 7161.32 1e+100
1 21239.3 21239.3 1e+100
1 11875 12875 1e+100
2 10760.3 47041.2 1e+100
2 22745.9 22745.9 1e+100
3 23691.9 23691.9 1e+100
0 11576.7 11576.7 1e+100
0 1973.77 7895.1 1e+100
1 7850.09 32400.4 1e+100
3 6759.45 28037.8 1e+100
0 3447.71 13790.8 1e+100
0 14236 14236 1e+100
1 4106.68 17426.7 1e+100
1 11613.7 11613.7 1e+100
2 3078.88 12315.5 1e+100
3 13209.7 13209.7 1e+100
3 3545.59 14182.4 1e+100
3 19180.9 76723.6 1e+100
0 11465.4 49861.8 1e+100
1 13531.9 14531.9 1e+100
0 7590 34360 1e+100
0 14258.7 14258.7 1e+100
3 13712 14712 1e+100
0 18179.2 72716.8 1e+100
1 19719.6 20719.6 1e+100
3 14869 14869 1e+100
2 9224.25 13224.3 1e+100
3 7172.96 8172.96 1e+100
1 14828.9 15828.9 1e+100
2 16083.1 16083.1 1e+100
2 13611.5 17611.5 1e+100
0 14533.7 58134.8 1e+100
39
2 1451.15 5804.59 1e+100
1 1709.01 2709.01 1e+100
3 825.213 1825.21 1e+100
0 426.539 1706.15 1e+100
0 2591.5 10366 1e+100
2 2324.52 13298.1 1e+100
1 5119.37 20477.5 1e+100
3 3815.83 3815.83 1e+100
2 4485.99 17944 1e+100
3 1754.7 8018.79 1e+100
3 16417.6 17417.6 1e+100
0 18091.9 18091.9 1e+100
2 10921.7 10921.7 1e+100
3 21207.4 21207.4 1e+100
0 2598.17 14392.7 1e+100
3 11454.2 12454.2 1e+100
0 7850.08 11850.1 1e+100
1 5510.73 22042.9 1e+100
1 17799.1 18799.1 1e+100
0 9254.02 9254.02 1e+100
1 13005.9 14005.9 1e+100
2 18492.5 18492.5 1e+100
3 2311.87 10247.5 1e+100
2 12215.1 12215.1 1e+100
1 13624.4 54497.7 1e+100
0 2198.96 12795.9 1e+100
1 4645.36 18581.4 1e+100
3 10291.7 11291.7 1e+100
0 8920.17 35680.7 1e+100
3 6572.43 26289.7 1e+100
1 9002.73 10002.7 1e+100
0 10607.6 10607.6 1e+100
2 8204.12 8204.12 1e+100
3 13373 53492.1 1e+100
0 15729.5 15729.5 1e+100
3 2988.38 11953.5 1e+100
1 6065.25 25261 1e+100
2 13588 54352.1 1e+100
2 3917.93 19671.7 1e+100
38
0 239.122 956.487 1e+100
2 12996.7 12996.7 1e+100
2 662.303 662.303 1e+100
1 2257.21 3257.21 1e+100
1 191.999 767.997 1e+100
3 1305.02 6220.09 1e+100
3 3111.78 13447.1 1e+100
2 3059.98 16239.9 1e+100
0 9315.72 9315.72 1e+100
0 408.081 408.081 1e+100
3 5776.48 6776.48 1e+100
2 3507.03 14028.1 1e+100
0 2778.42 11113.7 1e+100
3 10495.1 11495.1 1e+100
0 829.131 3316.52 1e+100
0 9022.92 36091.7 1e+100
1 11251.8 11251.8 1e+100
0 17610.9 17610.9 1e+100
3 2710.02 10840.1 1e+100
1 5583.1 22332.4 1e+100
2 4387.26 17549 1e+100
2 6569.37 26277.5 1e+100
1 14558 14558 1e+100
1 1065.14 5260.57 1e+100
3 13489.2 53956.9 1e+100
0 11680.8 11680.8 1e+100
1 16069.3 16069.3 1e+100
0 9523.81 13523.8 1e+100
0 13790.8 55163.1 1e+100
3 16995 16995 1e+100
2 10265.2 10265.2 1e+100
2 13564 54256 1e+100
1 17496.6 17496.6 1e+100
1 11589.1 11589.1 1e+100
3 5404.68 21618.7 1e+100
1 5938.67 5938.67 1e+100
3 9056.34 10056.3 1e+100
0 1464.08 9856.33 1e+100
38
1 1146.95 5587.82 1e+100
3 134.389 134.389 1e+100
0 448.876 448.876 1e+100
2 2373.13 2373.13 1e+100
1 13369.6 14369.6 1e+100
3 11265.8 12265.8 1e+100
3 7582.06 7582.06 1e+100
1 2701.72 10806.9 1e+100
3 3419.24 14677 1e+100
3 612.433 3449.73 1e+100
0 1982.73 11930.9 1e+100
3 13051.1 13051.1 1e+100
1 18376.6 19376.6 1e+100
0 15994 15994 1e+100
2 14853.5 14853.5 1e+100
1 9506.04 38024.2 1e+100
2 19408.2 19408.2 1e+100
2 11909 11909 1e+100
0 4259.07 17036.3 1e+100
1 6297.06 26188.2 1e+100
1 12534.5 13534.5 1e+100
1 4347.77 18391.1 1e+100
1 1941.8 8767.2 1e+100
2 3849.45 7849.45 1e+100
0 10976.5 10976.5 1e+100
2 1053.86 8215.43 1e+100
1 14191.6 56766.5 1e+100
2 9042.99 36171.9 1e+100
0 7756.41 31025.7 1e+100
3 5724.33 5724.33 1e+100
2 5081.08 20324.3 1e+100
3 13480 53920.1 1e+100
3 1506.73 6026.9 1e+100
0 3534.56 14138.3 1e+100
0 15010 15010 1e+100
3 10063.4 11063.4 1e+100
2 12234.7 48938.7 1e+100
0 15900.6 15900.6 1e+100
44
2 143.405 143.405 1e+100
1 489.594 1958.38 1e+100
1 3427.03 3427.03 1e+100
3 1053.7 1053.7 1e+100
2 1406.88 1406.88 1e+100
0 1243.72 8974.89 1e+100
1 6115.57 25462.3 1e+100
0 2565.87 10263.5 1e+100
3 4173.01 16692 1e+100
1 10953.9 11953.9 1e+100
0 15092.5 15092.5 1e+100
2 15409.4 15409.4 1e+100
2 17524.4 17524.4 1e+100
2 2977.04 15908.2 1e+100
2 12187.3 12187.3 1e+100
3 16169.8 17169.8 1e+100
2 757.963 3031.85 1e+100
0 15457.3 15457.3 1e+100
3 13906.8 14906.8 1e+100
3 10063.4 11063.4 1e+100
3 19484 20484 1e+100
2 20585 20585 1e+100
1 20949.1 20949.1 1e+100
2 3110.07 12440.3 1e+100
0 7590.65 7590.65 1e+100
0 5613.76 22455.1 1e+100
0 16168 16168 1e+100
0 819.276 3277.1 1e+100
0 20331.6 20331.6 1e+100
2 16906.1 16906.1 1e+100
3 5201.94 20807.7 1e+100
1 4767.33 19069.3 1e+100
1 11466.5 12466.5 1e+100
0 9008.81 36035.2 1e+100
1 16638.9 66555.6 1e+100
2 7129.81 7129.81 1e+100
1 13341.2 14341.2 1e+100
2 5059.35 5059.35 1e+100
3 15328.1 61312.6 1e+100
0 16833.4 16833.4 1e+100
1 7757.87 31031.5 1e+100
3 1464.17 6856.69 1e+100
3 8738.68 35954.7 1e+100
2 2325.95 13303.8 1e+100
36
0 239.122 956.487 1e+100
2 9003.87 9003.87 1e+100
2 662.303 662.303 1e+100
0 1422.71 1422.71 1e+100
1 191.999 767.997 1e+100
3 1305.02 6220.09 1e+100
1 2718.88 11875.5 1e+100
2 3059.98 16239.9 1e+100
1 11737.8 12737.8 1e+100
1 7844.03 8844.03 1e+100
3 2178.17 3178.17 1e+100
1 4535.51 19142 1e+100
2 14439 18439 1e+100
2 8880.03 8880.03 1e+100
0 1390.64 5562.56 1e+100
2 10081.4 40325.5 1e+100
3 2420.55 10682.2 1e+100
0 15570 15570 1e+100
0 8660.61 34642.5 1e+100
3 12187.7 12187.7 1e+100
1 10984.3 11984.3 1e+100
0 2428.61 9714.43 1e+100
2 2123.84 8495.37 1e+100
2 14948.2 14948.2 1e+100
1 15657.2 15657.2 1e+100
1 17075.4 17075.4 1e+100
3 6130.34 25521.3 1e+100
3 17446.7 17446.7 1e+100
0 4068.17 4068.17 1e+100
3 3665.03 15660.1 1e+100
0 9977.78 13977.8 1e+100
1 5543.93 5543.93 1e+100
1 12043.3 48173.1 1e+100
3 7409.63 7409.63 1e+100
0 10811 10811 1e+100
3 12465 49860 1e+100
38
2 1451.15 5804.59 1e+100
1 1709.01 2709.01 1e+100
3 825.213 1825.21 1e+100
0 426.539 1706.15 1e+100
0 2591.5 10366 1e+100
1 3270.5 13082 1e+100
3 2447.68 9790.73 1e+100
3 6417.98 6417.98 1e+100
2 12016.5 48065.9 1e+100
3 4356.84 18427.4 1e+100
3 8105.42 9105.42 1e+100
0 4412.34 21649.4 1e+100
3 13048.6 14048.6 1e+100
2 1173.25 8693.02 1e+100
0 6114.65 6114.65 1e+100
0 10282.5 14282.5 1e+100
2 3788.77 15155.1 1e+100
1 5264.88 21059.5 1e+100
0 13299.9 13299.9 1e+100
3 15130.9 16130.9 1e+100
1 8190.97 9190.97 1e+100
3 16489.9 17489.9 1e+100
1 4587.36 19349.4 1e+100
0 5371.73 5371.73 1e+100
3 6777.76 27111 1e+100
2 15865.8 15865.8 1e+100
1 11419.4 11419.4 1e+100
3 17567.6 17567.6 1e+100
0 9176.64 36706.6 1e+100
0 13764.9 17764.9 1e+100
0 15808.3 15808.3 1e+100
2 4006.86 16027.4 1e+100
3 11393.6 11393.6 1e+100
1 15237.4 15237.4 1e+100
1 7805.46 31221.8 1e+100
1 16982.9 16982.9 1e+100
2 11745.6 11745.6 1e+100
1 11679.1 46716.4 1e+100
47
0 239.122 956.487 1e+100
0 2317.49 2317.49 1e+100
2 662.303 662.303 1e+100
1 14667.5 15667.5 1e+100
1 191.999 767.997 1e+100
3 1305.02 6220.09 1e+100
2 2892.8 11571.2 1e+100
1 2886.07 11544.3 1e+100
2 6560.09 6560.09 1e+100
0 7998.54 7998.54 1e+100
3 18889 19889 1e+100
0 18016.5 18016.5 1e+100
1 28185.9 28185.9 1e+100
2 17413.3 17413.3 1e+100
2 12643.8 54575 1e+100
3 24677.3 25677.3 1e+100
2 20062.3 24062.3 1e+100
0 25854.5 25854.5 1e+100
2 7549.42 30197.7 1e+100
3 13203.7 53814.7 1e+100
0 13185.1 52740.6 1e+100
2 8985.83 35943.3 1e+100
1 15293.6 16293.6 1e+100
1 9214.38 37857.5 1e+100
3 8450.35 34801.4 1e+100
3 25534.3 25534.3 1e+100
2 25594.6 25594.6 1e+100
3 409.397 1637.59 1e+100
0 2962.41 15849.6 1e+100
1 2883.48 12533.9 1e+100
0 18537.5 74149.9 1e+100
3 20281.2 20281.2 1e+100
0 7797.32 31189.3 1e+100
1 4406.31 17625.3 1e+100
2 11926.3 11926.3 1e+100
2 20577.1 24577.1 1e+100
1 20218.5 20218.5 1e+100
3 1421.47 6685.87 1e+100
3 26255.3 26255.3 1e+100
0 26886.4 26886.4 1e+100
3 3815.79 16263.2 1e+100
0 20846.7 24846.7 1e+100
1 17738.9 17738.9 1e+100
3 16452.7 65810.9 1e+100
1 14852.7 14852.7 1e+100
2 20811.6 20811.6 1e+100
1 20776.7 83106.9 1e+100
35
3 185.349 1185.35 1e+100
0 930.996 3723.98 1e+100
2 168.477 673.908 1e+100
1 438.331 1438.33 1e+100
2 1606.1 10424.4 1e+100
3 3662.77 15651.1 1e+100
0 4656 4656 1e+100
1 2405.73 2405.73 1e+100
1 7693.98 7693.98 1e+100
3 1112.63 1112.63 1e+100
2 4320.22 4320.22 1e+100
2 6017.63 6017.63 1e+100
0 1771.5 11086 1e+100
3 7117.01 8117.01 1e+100
1 3063.18 4063.18 1e+100
3 14855.8 15855.8 1e+100
1 3635.71 15542.8 1e+100
2 15959.6 15959.6 1e+100
0 12402.2 12402.2 1e+100
0 4938.71 4938.71 1e+100
0 13761.2 13761.2 1e+100
2 6174 24696 1e+100
3 909.838 1909.84 1e+100
3 5453.68 21814.7 1e+100
1 13264 14264 1e+100
0 5280.2 5280.2 1e+100
2 10423.7 41694.8 1e+100
1 8091.55 9091.55 1e+100
3 14186.8 14186.8 1e+100
3 7469.22 7469.22 1e+100
0 13844.6 13844.6 1e+100
0 6332.33 6332.33 1e+100
2 7454.25 7454.25 1e+100
1 13703.5 13703.5 1e+100
1 3389.11 14556.4 1e+100
47
3 185.349 1185.35 1e+100
0 930.996 3723.98 1e+100
2 168.477 673.908 1e+100
1 438.331 1438.33 1e+100
2 1606.1 10424.4 1e+100
3 3662.77 15651.1 1e+100
3 18436.3 19436.3 1e+100
2 3451.77 7451.77 1e+100
0 2515.87 6515.87 1e+100
3 1112.63 1112.63 1e+100
3 5223.83 6223.83 1e+100
0 24319.1 24319.1 1e+100
1 1709.06 6836.23 1e+100
1 7776.06 8776.06 1e+100
0 4872.01 4872.01 1e+100
3 11900 12900 1e+100
2 15442.2 15442.2 1e+100
1 4588.58 18354.3 1e+100
0 16235.3 16235.3 1e+100
1 8138.57 9138.57 1e+100
2 4052.09 16208.4 1e+100
3 7710.86 8710.86 1e+100
1 12698.8 13698.8 1e+100
2 1968.01 1968.01 1e+100
1 14063.8 15063.8 1e+100
1 16801.5 17801.5 1e+100
3 4149.28 4149.28 1e+100
2 4604.69 18418.7 1e+100
2 22695.5 22695.5 1e+100
0 677.317 2709.27 1e+100
2 20107.8 20107.8 1e+100
0 8099.69 32398.8 1e+100
0 23493 23493 1e+100
2 17375.3 17375.3 1e+100
0 16266.8 16266.8 1e+100
2 5121.06 9121.06 1e+100
3 19082.7 19082.7 1e+100
0 18376.8 73507.3 1e+100
2 8861.74 12861.7 1e+100
0 9577.5 9577.5 1e+100
0 4191.63 16766.5 1e+100
1 18960.2 18960.2 1e+100
3 10299.2 10299.2 1e+100
3 20324.2 81296.6 1e+100
3 15049.7 15049.7 1e+100
2 13625.5 13625.5 1e+100
1 6563.75 26255 1e+100
36
1 1146.95 5587.82 1e+100
3 134.389 134.389 1e+100
0 448.876 448.876 1e+100
2 2373.13 2373.13 1e+100
3 3228.31 4228.31 1e+100
0 7842.38 7842.38 1e+100
3 11737.7 11737.7 1e+100
1 2701.72 10806.9 1e+100
0 4811.6 19246.4 1e+100
3 4691.48 19765.9 1e+100
0 1982.73 11930.9 1e+100
3 562.535 562.535 1e+100
0 13042.8 13042.8 1e+100
2 1972.82 1972.82 1e+100
1 2597.05 11388.2 1e+100
2 15127.5 15127.5 1e+100
2 8093.22 8093.22 1e+100
3 10687.7 11687.7 1e+100
3 15066.9 16066.9 1e+100
1 2792.04 12168.2 1e+100
1 5016 6016 1e+100
3 4604.01 18416.1 1e+100
1 6847.1 27388.4 1e+100
2 2282.03 13128.1 1e+100
0 11006.3 11006.3 1e+100
2 4413.07 17652.3 1e+100
3 2000.71 8002.83 1e+100
0 13103.7 13103.7 1e+100
2 7641.63 7641.63 1e+100
1 9101.65 10101.7 1e+100
0 4187.43 20749.7 1e+100
2 14538.8 14538.8 1e+100
2 9839.56 43358.2 1e+100
3 10304.8 42219.1 1e+100
0 6040.34 24161.4 1e+100
1 10406.4 41625.7 1e+100
44
3 185.349 1185.35 1e+100
0 930.996 3723.98 1e+100
2 168.477 673.908 1e+100
1 438.331 1438.33 1e+100
2 1606.1 10424.4 1e+100
3 3662.77 15651.1 1e+100
3 11767.4 12767.4 1e+100
0 2910.99 6910.99 1e+100
1 1985.81 1985.81 1e+100
3 1112.63 1112.63 1e+100
3 15671.6 16671.6 1e+100
1 14671.4 15671.4 1e+100
3 4609.97 18439.9 1e+100
0 19680 19680 1e+100
2 19855.1 19855.1 1e+100
0 3617.94 18471.8 1e+100
2 11169.6 11169.6 1e+100
3 8544.94 34179.8 1e+100
0 13284 13284 1e+100
1 11546.6 11546.6 1e+100
2 6522.71 26090.8 1e+100
1 2543.59 10174.3 1e+100
2 768.297 3073.19 1e+100
2 11383 11383 1e+100
2 15889.1 63556.4 1e+100
1 3149.55 13598.2 1e+100
3 18346.4 18346.4 1e+100
0 19049.5 19049.5 1e+100
3 10385.1 41540.4 1e+100
1 5014.45 20057.8 1e+100
2 2221.36 8885.44 1e+100
0 4715.9 18863.6 1e+100
3 20187.4 20187.4 1e+100
3 3384.99 14539.9 1e+100
0 7597.44 34389.8 1e+100
1 18358.9 18358.9 1e+100
2 10848.5 14848.5 1e+100
1 5652.51 23610 1e+100
0 1380.84 5523.36 1e+100
1 15455.3 16455.3 1e+100
1 12569.5 13569.5 1e+100
3 12062.7 48250.8 1e+100
0 10805.5 43222.1 1e+100
2 4587.27 4587.27 1e+100
