57
3 162.574 162.574 1e+100
0 532.056 2128.22 1e+100
4 856.912 3427.65 1e+100
5 298.417 1193.67 1e+100
1 609.238 609.238 1e+100
2 310.809 310.809 1e+100
5 1730.53 1730.53 1e+100
3 1608.83 6435.31 1e+100
4 14128.6 14128.6 1e+100
2 15213.4 15213.4 1e+100
1 13485 13485 1e+100
5 2969.84 11879.4 1e+100
2 1876.06 7504.26 1e+100
3 13348.1 13348.1 1e+100
0 1607.5 6429.99 1e+100
5 15197 15197 1e+100
0 5225.61 9225.61 1e+100
5 17164.9 17164.9 1e+100
5 12690.9 13690.9 1e+100
1 1118.84 5475.35 1e+100
4 5193.43 20773.7 1e+100
4 6940.32 27761.3 1e+100
1 2313.83 10255.3 1e+100
4 779.968 3119.87 1e+100
1 13335.3 13335.3 1e+100
2 15155.8 15155.8 1e+100
5 3256.09 13024.3 1e+100
4 2190 8759.99 1e+100
5 5337.8 21351.2 1e+100
0 817.639 817.639 1e+100
3 498.029 1992.12 1e+100
0 9737.46 9737.46 1e+100
0 3995.63 15982.5 1e+100
3 11296.6 11296.6 1e+100
1 3526.46 14105.8 1e+100
1 12934.7 12934.7 1e+100
2 2824.84 11299.4 1e+100
1 1263.58 6054.32 1e+100
4 11354.8 11354.8 1e+100
2 5029.43 20117.7 1e+100
2 8803.94 8803.94 1e+100
0 10851.9 10851.9 1e+100
2 116 464 1e+100
3 2373.72 10494.9 1e+100
0 12550.1 12550.1 1e+100
3 169.234 676.935 1e+100
1 6474.84 7474.84 1e+100
3 3953.05 15812.2 1e+100
2 6293.63 6293.63 1e+100
1 3861.18 15444.7 1e+100
3 11586.2 11586.2 1e+100
4 12226.1 12226.1 1e+100
4 6154.44 6154.44 1e+100
4 4367.42 17469.7 1e+100
5 4738.42 18953.7 1e+100
0 4157.62 16630.5 1e+100
3 5132.27 20529.1 1e+100
59
3 157.414 1629.66 1e+100
5 2788.04 11152.2 1e+100
5 18297.2 18297.2 1e+100
4 228.495 228.495 1e+100
0 562.309 562.309 1e+100
2 300.611 1202.44 1e+100
1 2403.53 9614.13 1e+100
1 4840.63 5840.63 1e+100
3 1424.63 5698.52 1e+100
5 4092.6 17370.4 1e+100
5 325.742 1302.97 1e+100
2 14391.9 14391.9 1e+100
2 3670.95 14683.8 1e+100
1 7605.95 8605.95 1e+100
2 1630.11 10520.4 1e+100
0 15065.3 15065.3 1e+100
3 2812.14 11248.5 1e+100
0 1009.33 4037.32 1e+100
1 5491.43 6491.43 1e+100
2 17330.7 17330.7 1e+100
0 16781.5 16781.5 1e+100
4 835.15 3340.6 1e+100
1 14056.9 14056.9 1e+100
5 12445.7 12445.7 1e+100
4 8903.89 8903.89 1e+100
4 2596.2 10384.8 1e+100
0 1785.7 7142.82 1e+100
4 10899.5 10899.5 1e+100
4 5968.28 5968.28 1e+100
1 10408.8 10408.8 1e+100
2 2752.39 11009.5 1e+100
0 2741.22 10964.9 1e+100
3 10023.9 11023.9 1e+100
5 2892.75 11571 1e+100
3 3556.86 14227.4 1e+100
2 7110.48 7110.48 1e+100
5 3886.2 15544.8 1e+100
3 491.04 1964.16 1e+100
4 2172.46 8689.83 1e+100
4 11983.1 11983.1 1e+100
2 4683.02 18732.1 1e+100
2 11806.4 11806.4 1e+100
1 12986.7 13986.7 1e+100
4 15075.9 15075.9 1e+100
0 4424.69 17698.8 1e+100
0 2445.67 9782.7 1e+100
0 5615.99 26464 1e+100
5 4677.47 19709.9 1e+100
3 4171.24 17685 1e+100
5 10471.8 11471.8 1e+100
3 10891 10891 1e+100
0 14027.9 14027.9 1e+100
5 5462.61 21850.4 1e+100
2 14142.3 14142.3 1e+100
3 5266.49 21065.9 1e+100
3 12507.7 12507.7 1e+100
2 6435.84 6435.84 1e+100
1 3079.26 12317 1e+100
0 6671.87 6671.87 1e+100
69
0 551.517 551.517 1e+100
4 238.928 238.928 1e+100
3 184.024 184.024 1e+100
5 225.508 225.508 1e+100
1 508.746 508.746 1e+100
5 14538.5 14538.5 1e+100
1 18715.1 18715.1 1e+100
2 283.638 1134.55 1e+100
5 2083.88 2083.88 1e+100
0 14212.8 14212.8 1e+100
0 3449.06 3449.06 1e+100
4 2321.64 9286.54 1e+100
5 17687.6 17687.6 1e+100
4 18263.6 18263.6 1e+100
1 2250.33 9001.3 1e+100
3 18929.8 18929.8 1e+100
2 11031 11031 1e+100
2 2784.55 11138.2 1e+100
3 16193.5 16193.5 1e+100
3 1139.67 4558.66 1e+100
0 18646.6 18646.6 1e+100
4 10803.2 10803.2 1e+100
1 19226.5 19226.5 1e+100
0 373.757 373.757 1e+100
3 13655 13655 1e+100
3 2046.49 9185.97 1e+100
1 20801.9 20801.9 1e+100
5 10925.6 11925.6 1e+100
1 9763.31 10763.3 1e+100
1 2637.54 10550.2 1e+100
2 3180.67 12722.7 1e+100
0 3183.31 12733.2 1e+100
4 17900.7 17900.7 1e+100
3 19131.3 19131.3 1e+100
2 15607.2 15607.2 1e+100
4 13115.4 13115.4 1e+100
5 4704.26 18817 1e+100
2 3868.78 15475.1 1e+100
0 17718.2 17718.2 1e+100
5 12712.5 12712.5 1e+100
1 12580.4 12580.4 1e+100
5 427.205 1708.82 1e+100
2 9989.5 9989.5 1e+100
4 981.811 981.811 1e+100
1 2642.81 10571.2 1e+100
5 2033.92 8135.67 1e+100
2 4988.34 4988.34 1e+100
2 16558.8 16558.8 1e+100
4 9651.49 9651.49 1e+100
0 4396.85 17587.4 1e+100
3 6662.74 7662.74 1e+100
3 387.635 2550.54 1e+100
5 6193.87 7193.87 1e+100
1 9241.66 10241.7 1e+100
4 1761.18 7044.74 1e+100
0 2248.9 8995.6 1e+100
5 16180.4 17180.4 1e+100
5 3983.1 15932.4 1e+100
0 7008.53 7008.53 1e+100
3 3879 15516 1e+100
0 11910.6 11910.6 1e+100
3 7386.13 29544.5 1e+100
5 13528.7 13528.7 1e+100
4 16500.5 16500.5 1e+100
0 9714.7 9714.7 1e+100
0 4596.74 18386.9 1e+100
1 3340.31 13361.2 1e+100
4 2676.86 10707.4 1e+100
3 905.782 3623.13 1e+100
69
4 237.274 4237.27 1e+100
5 308.958 2235.83 1e+100
1 466.099 1466.1 1e+100
0 2065.2 2065.2 1e+100
3 279.391 279.391 1e+100
2 152.475 152.475 1e+100
1 16779.4 16779.4 1e+100
0 12507.7 12507.7 1e+100
3 19681.1 19681.1 1e+100
1 18730.3 18730.3 1e+100
3 2256.74 9026.95 1e+100
3 17541.5 17541.5 1e+100
4 18574.9 18574.9 1e+100
5 18308.5 18308.5 1e+100
0 13981.8 13981.8 1e+100
3 21526.9 21526.9 1e+100
1 22517.7 22517.7 1e+100
4 1531.62 6126.5 1e+100
1 1752.64 8010.57 1e+100
1 14293.3 14293.3 1e+100
2 18872 18872 1e+100
5 20274.5 20274.5 1e+100
0 15319.4 15319.4 1e+100
4 19701.5 19701.5 1e+100
5 1050.03 5200.12 1e+100
3 3078.78 12315.1 1e+100
4 4521.64 18086.6 1e+100
3 14292.3 14292.3 1e+100
0 3746.77 14987.1 1e+100
2 593.782 2375.13 1e+100
4 1672.96 6691.85 1e+100
1 1719.03 7876.13 1e+100
3 21601.2 21601.2 1e+100
2 15627.7 15627.7 1e+100
5 4005.82 16023.3 1e+100
5 1623.59 7494.37 1e+100
2 1312.65 9250.59 1e+100
5 10044 10044 1e+100
2 3236.59 12946.4 1e+100
1 2272.16 10088.6 1e+100
0 16514 16514 1e+100
1 3650.62 14602.5 1e+100
5 5483.64 21934.5 1e+100
2 11991.2 11991.2 1e+100
3 5186.98 20747.9 1e+100
1 6113.39 24453.6 1e+100
0 2234.76 8939.05 1e+100
5 10693.4 11693.4 1e+100
4 2661.81 10647.2 1e+100
4 6368.24 25473 1e+100
2 16178.7 16178.7 1e+100
3 1312.46 6249.84 1e+100
4 9892.44 9892.44 1e+100
2 17812.7 17812.7 1e+100
2 4142.51 16570 1e+100
4 4220.29 16881.2 1e+100
4 17199.5 17199.5 1e+100
3 6011.95 24047.8 1e+100
2 8911.57 8911.57 1e+100
1 7386.35 29545.4 1e+100
4 7382.13 7382.13 1e+100
1 3165.02 12660.1 1e+100
1 14674.5 14674.5 1e+100
2 6430.3 6430.3 1e+100
4 10363 10363 1e+100
3 1762.65 8050.62 1e+100
5 5024.49 20097.9 1e+100
0 3077.94 12311.8 1e+100
3 6840.65 27362.6 1e+100
61
0 551.517 551.517 1e+100
4 238.928 238.928 1e+100
3 184.024 184.024 1e+100
5 225.508 225.508 1e+100
1 508.746 508.746 1e+100
5 22705.2 22705.2 1e+100
1 23497.7 23497.7 1e+100
2 283.638 1134.55 1e+100
5 26540.8 26540.8 1e+100
0 15313.2 15313.2 1e+100
4 11295.4 11295.4 1e+100
0 2050.83 8203.33 1e+100
1 21453.5 21453.5 1e+100
5 10155.8 11155.8 1e+100
1 2250.33 9001.3 1e+100
1 14411.3 14411.3 1e+100
2 11617.6 11617.6 1e+100
2 2784.55 11138.2 1e+100
1 16823 16823 1e+100
1 19177.2 76708.8 1e+100
0 16119.3 16119.3 1e+100
1 11414.8 12414.8 1e+100
5 23222.9 23222.9 1e+100
4 493.458 1973.83 1e+100
5 2685.67 11742.7 1e+100
5 532.425 3129.7 1e+100
0 2835.59 11342.4 1e+100
1 22903.6 22903.6 1e+100
0 6309.23 6309.23 1e+100
1 4888.43 19553.7 1e+100
0 7587.47 30349.9 1e+100
1 2068.72 8274.86 1e+100
4 875.706 7502.82 1e+100
2 2129.13 8516.5 1e+100
0 15190.9 15190.9 1e+100
5 15407.2 15407.2 1e+100
5 11114.1 11114.1 1e+100
4 1952.94 11811.8 1e+100
2 5737.13 5737.13 1e+100
4 9237.37 9237.37 1e+100
1 5485.03 21940.1 1e+100
0 2472.14 13888.6 1e+100
2 3248.69 3248.69 1e+100
4 12427.4 12427.4 1e+100
2 17449.2 17449.2 1e+100
0 16359.6 16359.6 1e+100
0 6823.38 6823.38 1e+100
4 18047.5 18047.5 1e+100
0 8523.88 8523.88 1e+100
4 4174.2 4174.2 1e+100
5 2970.74 11883 1e+100
5 11541.7 11541.7 1e+100
4 15236 15236 1e+100
5 380.162 1520.65 1e+100
5 14894.5 14894.5 1e+100
4 9100.99 9100.99 1e+100
2 9889.46 9889.46 1e+100
4 1572.26 1572.26 1e+100
4 12427.5 12427.5 1e+100
5 6021.19 24084.7 1e+100
2 12160.9 12160.9 1e+100
70
3 157.414 1629.66 1e+100
3 7951.91 31807.6 1e+100
3 15599.3 15599.3 1e+100
4 228.495 228.495 1e+100
0 562.309 562.309 1e+100
2 300.611 1202.44 1e+100
1 2403.53 9614.13 1e+100
0 14861 14861 1e+100
3 1424.63 5698.52 1e+100
4 1695.04 6780.15 1e+100
5 325.742 1302.97 1e+100
4 15353.5 15353.5 1e+100
2 1661.85 6647.38 1e+100
0 12906.5 12906.5 1e+100
3 2958.71 11834.8 1e+100
0 3081.7 3081.7 1e+100
4 2417.18 13668.7 1e+100
0 4826.83 19307.3 1e+100
0 10792 10792 1e+100
0 984.661 984.661 1e+100
5 13929.8 13929.8 1e+100
5 1746.28 2746.28 1e+100
2 13873.5 13873.5 1e+100
2 15346.7 15346.7 1e+100
1 10105.3 11105.3 1e+100
4 15185 15185 1e+100
2 1391.15 1391.15 1e+100
4 17869.2 17869.2 1e+100
2 3209.86 12839.4 1e+100
5 14465.9 14465.9 1e+100
1 2422.24 10688.9 1e+100
2 16892.5 16892.5 1e+100
0 13645 13645 1e+100
1 11596.4 11596.4 1e+100
0 16461.4 16461.4 1e+100
2 14815 14815 1e+100
1 13821.4 13821.4 1e+100
3 16418.3 16418.3 1e+100
0 3774.16 15096.7 1e+100
3 4925.33 19701.3 1e+100
1 2862.65 12450.6 1e+100
3 8854.51 9854.51 1e+100
5 1150.15 5600.61 1e+100
3 12059.9 12059.9 1e+100
4 8980.98 8980.98 1e+100
4 567.541 4567.54 1e+100
1 16004.8 16004.8 1e+100
2 16483.5 16483.5 1e+100
3 13293.7 14293.7 1e+100
4 1931.53 7726.1 1e+100
4 17428.8 17428.8 1e+100
3 333.966 1335.86 1e+100
4 4012.67 16050.7 1e+100
3 5235.5 20942 1e+100
5 16431.4 16431.4 1e+100
2 2123.29 8493.16 1e+100
2 6017.6 24070.4 1e+100
3 16322.8 16322.8 1e+100
5 4804.36 20217.4 1e+100
1 4312.92 17251.7 1e+100
0 16984.3 16984.3 1e+100
2 3690.19 18760.8 1e+100
2 17284.4 17284.4 1e+100
4 5384.02 21536.1 1e+100
0 3871.64 15486.5 1e+100
5 7163.53 28654.1 1e+100
5 1660.62 6642.46 1e+100
1 16476.4 16476.4 1e+100
5 13530.9 13530.9 1e+100
2 7220.75 28883 1e+100
60
4 237.274 4237.27 1e+100
5 308.958 2235.83 1e+100
1 466.099 1466.1 1e+100
0 2065.2 2065.2 1e+100
3 279.391 279.391 1e+100
2 152.475 152.475 1e+100
5 15878.3 15878.3 1e+100
0 3714.28 3714.28 1e+100
3 4157.22 4157.22 1e+100
5 13675.4 13675.4 1e+100
4 1990.14 11960.6 1e+100
3 19640.5 19640.5 1e+100
4 10840.7 10840.7 1e+100
1 12940.4 12940.4 1e+100
0 5188.37 5188.37 1e+100
5 19528.9 19528.9 1e+100
3 13156.8 13156.8 1e+100
3 1910.19 8640.75 1e+100
2 1517.91 6071.64 1e+100
5 1214.13 1214.13 1e+100
2 11487 11487 1e+100
1 16874.5 16874.5 1e+100
0 8833.93 8833.93 1e+100
4 11967.3 11967.3 1e+100
1 1757.41 8029.63 1e+100
5 2255.54 9022.15 1e+100
4 2723.84 10895.4 1e+100
3 16391.3 16391.3 1e+100
2 12137.1 12137.1 1e+100
0 10823.9 10823.9 1e+100
1 12221.9 12221.9 1e+100
2 671.989 2687.96 1e+100
4 2207.46 8829.83 1e+100
0 11725.2 11725.2 1e+100
3 2264.59 9058.35 1e+100
1 1007.36 4029.43 1e+100
2 10973.4 10973.4 1e+100
5 973.344 3893.37 1e+100
1 2413.99 9655.96 1e+100
2 1925.18 7700.7 1e+100
4 12362.1 12362.1 1e+100
4 2421.45 9685.79 1e+100
2 11757.9 11757.9 1e+100
0 13217.8 13217.8 1e+100
2 13789.5 13789.5 1e+100
5 2106.32 9425.27 1e+100
3 2440.07 10760.3 1e+100
5 3297.62 13190.5 1e+100
4 3538.29 14153.2 1e+100
1 3286.42 14145.7 1e+100
4 9231.76 9231.76 1e+100
3 5674.89 5674.89 1e+100
5 5233.63 6233.63 1e+100
3 3333.38 13333.5 1e+100
3 8869.15 9869.15 1e+100
1 4381.67 17526.7 1e+100
5 11313.7 11313.7 1e+100
2 3909.86 3909.86 1e+100
0 814.877 7259.51 1e+100
4 13578.4 13578.4 1e+100
59
3 157.414 1629.66 1e+100
5 8253.49 33014 1e+100
5 14081 14081 1e+100
4 228.495 228.495 1e+100
0 562.309 562.309 1e+100
2 300.611 1202.44 1e+100
1 2403.53 9614.13 1e+100
1 11514.7 12514.7 1e+100
3 1424.63 5698.52 1e+100
4 3607.99 14432 1e+100
5 325.742 1302.97 1e+100
0 1923.45 1923.45 1e+100
2 5795.49 23182 1e+100
0 11948 11948 1e+100
2 1630.11 10520.4 1e+100
4 13743.3 13743.3 1e+100
4 1143.85 8575.41 1e+100
0 3162.29 12649.2 1e+100
0 9833.52 9833.52 1e+100
2 13449 13449 1e+100
3 12465.2 12465.2 1e+100
0 13474.7 13474.7 1e+100
2 14675.4 14675.4 1e+100
5 10279.7 11279.7 1e+100
0 6906.14 6906.14 1e+100
3 1137.88 2137.88 1e+100
5 569.32 1569.32 1e+100
0 14863.2 14863.2 1e+100
2 1439.62 5758.5 1e+100
3 8835.17 8835.17 1e+100
1 2422.24 10688.9 1e+100
1 6221.2 7221.2 1e+100
5 1486.18 5944.73 1e+100
5 12255.6 12255.6 1e+100
3 2199.84 8799.36 1e+100
0 2730.47 10921.9 1e+100
4 12652.5 12652.5 1e+100
2 6446.73 6446.73 1e+100
4 1357.42 5429.67 1e+100
1 8706.27 8706.27 1e+100
2 13042.7 13042.7 1e+100
4 6103.83 6103.83 1e+100
1 10951.2 11951.2 1e+100
0 14574.3 14574.3 1e+100
4 2444.8 9779.21 1e+100
4 3877.82 15511.3 1e+100
5 4060.36 16241.4 1e+100
5 783.063 4132.25 1e+100
3 2204.45 9817.8 1e+100
3 12114.2 13114.2 1e+100
3 9773.04 9773.04 1e+100
2 6428.12 6428.12 1e+100
2 1650.8 10603.2 1e+100
2 13969.9 13969.9 1e+100
3 3299.7 13198.8 1e+100
5 11061.5 11061.5 1e+100
4 6441.26 6441.26 1e+100
1 607.683 2430.73 1e+100
4 11762.1 11762.1 1e+100
72
5 210.983 1210.98 1e+100
1 594.769 2379.08 1e+100
4 139.91 559.642 1e+100
3 164.956 659.825 1e+100
2 397.795 5591.18 1e+100
0 556.263 2225.05 1e+100
3 15813.3 15813.3 1e+100
1 15001.3 15001.3 1e+100
0 2076 8304.01 1e+100
2 20748.6 20748.6 1e+100
1 1974.54 7898.15 1e+100
3 3513.53 14054.1 1e+100
5 3396.46 13585.9 1e+100
3 17402.3 17402.3 1e+100
1 19436.4 19436.4 1e+100
4 18500.8 18500.8 1e+100
5 5378.81 21515.2 1e+100
3 1234 5936.01 1e+100
4 3137.84 12551.4 1e+100
3 9764.08 39056.3 1e+100
2 4076.08 16304.3 1e+100
4 4871 23484 1e+100
3 18712.7 18712.7 1e+100
2 17838 17838 1e+100
0 5161.66 20646.6 1e+100
5 332.2 2328.8 1e+100
3 4510.22 19040.9 1e+100
2 566.411 2265.64 1e+100
1 1937.71 8750.84 1e+100
5 17930.4 17930.4 1e+100
0 17876.3 17876.3 1e+100
1 5027.75 20111 1e+100
4 8041.44 32165.8 1e+100
0 1403.54 9614.17 1e+100
0 9391.8 9391.8 1e+100
5 5680.67 22722.7 1e+100
4 17044.4 17044.4 1e+100
0 6396.58 25586.3 1e+100
3 16834.6 16834.6 1e+100
5 6319.53 25278.1 1e+100
5 17529.8 17529.8 1e+100
1 971.655 4886.62 1e+100
1 5111.44 20445.8 1e+100
5 2506.83 11027.3 1e+100
5 13389.2 13389.2 1e+100
3 18204.1 18204.1 1e+100
1 16550.9 16550.9 1e+100
0 16677.4 16677.4 1e+100
2 4835.03 19340.1 1e+100
0 2998.75 11995 1e+100
0 9127.96 9127.96 1e+100
2 1469.33 5877.31 1e+100
2 3125.53 12502.1 1e+100
5 7449.45 30797.8 1e+100
2 11796.5 11796.5 1e+100
3 2897.31 12589.2 1e+100
2 16957.7 16957.7 1e+100
2 7397.79 29591.1 1e+100
1 6389.15 26556.6 1e+100
0 17803.3 17803.3 1e+100
1 11853.2 11853.2 1e+100
5 10962.2 10962.2 1e+100
2 5595.7 5595.7 1e+100
4 16839.4 16839.4 1e+100
4 6250.07 25000.3 1e+100
3 7302.49 30209.9 1e+100
4 10694.1 10694.1 1e+100
4 8151.85 32607.4 1e+100
3 5299.03 22196.1 1e+100
0 10757.2 10757.2 1e+100
5 7691.94 30767.8 1e+100
2 8698.07 8698.07 1e+100
74
0 551.517 551.517 1e+100
4 238.928 238.928 1e+100
3 184.024 184.024 1e+100
5 225.508 225.508 1e+100
1 508.746 508.746 1e+100
5 20241 20241 1e+100
5 18411.9 18411.9 1e+100
2 283.638 1134.55 1e+100
3 19809.8 19809.8 1e+100
5 2165.02 3165.02 1e+100
2 6769.63 6769.63 1e+100
3 2346.27 10385.1 1e+100
0 3291.94 7291.94 1e+100
2 12791.2 12791.2 1e+100
2 2259.92 13039.7 1e+100
3 24131.9 24131.9 1e+100
4 9063.03 9063.03 1e+100
4 2420.94 9683.74 1e+100
1 20351.3 20351.3 1e+100
1 1218.6 4874.41 1e+100
2 22015.3 22015.3 1e+100
0 15614.6 15614.6 1e+100
3 20669.6 20669.6 1e+100
1 17721.9 17721.9 1e+100
4 15070.2 15070.2 1e+100
2 17122.3 17122.3 1e+100
0 213.201 213.201 1e+100
1 8835.67 9835.67 1e+100
4 20780.5 20780.5 1e+100
0 2765.33 2765.33 1e+100
2 17911.1 17911.1 1e+100
5 1429.01 6716.03 1e+100
1 20281.8 20281.8 1e+100
4 2341.47 9365.88 1e+100
4 8650.93 8650.93 1e+100
3 2261.67 9046.68 1e+100
5 9756.96 9756.96 1e+100
3 4420.44 17681.7 1e+100
1 641.596 3566.38 1e+100
0 16494.6 16494.6 1e+100
2 11040.9 11040.9 1e+100
2 587.502 2350.01 1e+100
1 8303.86 8303.86 1e+100
2 19733.4 19733.4 1e+100
1 1918.6 7674.4 1e+100
5 1134.94 5539.76 1e+100
5 11461.8 11461.8 1e+100
3 11379.7 11379.7 1e+100
5 16945.9 16945.9 1e+100
4 15909.4 15909.4 1e+100
0 1821.06 7284.22 1e+100
4 2211.37 8845.49 1e+100
1 10179.6 11179.6 1e+100
5 2714.86 11859.5 1e+100
0 3208.56 12834.2 1e+100
2 3716.27 14865.1 1e+100
2 11861.5 11861.5 1e+100
5 4376.89 18507.5 1e+100
4 13519.1 13519.1 1e+100
0 4375.48 17501.9 1e+100
1 3196.31 13785.2 1e+100
0 12822.9 12822.9 1e+100
5 18237.4 18237.4 1e+100
5 5635.41 5635.41 1e+100
5 8905.66 9905.66 1e+100
0 16437.4 16437.4 1e+100
2 4768.82 19075.3 1e+100
3 5661.52 23646.1 1e+100
0 8648.09 8648.09 1e+100
0 6105.86 24423.4 1e+100
3 3658.07 15632.3 1e+100
4 8660.22 8660.22 1e+100
3 7266.24 29065 1e+100
3 11370.7 12370.7 1e+100
64
5 210.983 1210.98 1e+100
1 594.769 2379.08 1e+100
4 139.91 559.642 1e+100
3 164.956 659.825 1e+100
2 397.795 5591.18 1e+100
0 556.263 2225.05 1e+100
1 19369 19369 1e+100
3 13237.3 13237.3 1e+100
3 1649.95 7599.8 1e+100
2 13313.2 13313.2 1e+100
1 1974.54 7898.15 1e+100
5 2246.45 8985.79 1e+100
3 3465.99 13863.9 1e+100
1 16970 16970 1e+100
5 20779.8 20779.8 1e+100
4 13843 13843 1e+100
1 3292 13168 1e+100
0 1660.06 6640.23 1e+100
2 3619.45 14477.8 1e+100
5 4837.41 19349.6 1e+100
0 4686.18 18744.7 1e+100
2 5352.61 25410.4 1e+100
5 14425.4 14425.4 1e+100
2 14361.2 14361.2 1e+100
4 1227.59 4910.35 1e+100
0 14175.9 14175.9 1e+100
3 15426.8 15426.8 1e+100
0 1903.43 7613.73 1e+100
5 17231.2 17231.2 1e+100
0 12279.5 12279.5 1e+100
0 17196 17196 1e+100
3 3135.26 12541 1e+100
4 5597.99 22392 1e+100
0 4868.91 19475.7 1e+100
2 14341.5 14341.5 1e+100
3 15970.6 15970.6 1e+100
2 16128.2 16128.2 1e+100
0 14142.1 14142.1 1e+100
4 732.612 732.612 1e+100
1 3375.94 13503.8 1e+100
4 16466.9 16466.9 1e+100
4 2419.99 9679.97 1e+100
5 12547.3 12547.3 1e+100
5 2694.98 10779.9 1e+100
3 15910.4 15910.4 1e+100
3 3569.55 15278.2 1e+100
0 7441.04 7441.04 1e+100
0 16355.9 16355.9 1e+100
4 12893.5 12893.5 1e+100
1 181.893 1727.57 1e+100
1 3202.46 13809.8 1e+100
1 4796.22 19184.9 1e+100
0 3492.87 13971.5 1e+100
2 5285.05 21140.2 1e+100
5 3446.08 4446.08 1e+100
3 9517.79 9517.79 1e+100
1 8877.85 9877.85 1e+100
5 4602.66 18410.6 1e+100
1 6234.69 7234.69 1e+100
3 3837.75 15351 1e+100
5 7088.2 7088.2 1e+100
0 4151.61 4151.61 1e+100
4 3133.01 16532.1 1e+100
4 9283.36 9283.36 1e+100
66
0 551.517 551.517 1e+100
4 238.928 238.928 1e+100
3 184.024 184.024 1e+100
5 225.508 225.508 1e+100
1 508.746 508.746 1e+100
1 4007.83 4007.83 1e+100
3 13857.5 13857.5 1e+100
2 283.638 1134.55 1e+100
5 17586.1 17586.1 1e+100
2 13223.9 13223.9 1e+100
2 14897.9 14897.9 1e+100
2 2152.93 8611.72 1e+100
5 1980.68 1980.68 1e+100
2 18083.7 18083.7 1e+100
3 3827.17 15308.7 1e+100
1 19573.7 19573.7 1e+100
4 11057.9 11057.9 1e+100
4 5031.49 20126 1e+100
1 12947.7 12947.7 1e+100
1 1218.6 4874.41 1e+100
3 10999.9 11999.9 1e+100
0 15513.1 15513.1 1e+100
5 20441.7 20441.7 1e+100
5 2666.02 11664.1 1e+100
3 608.256 3433.03 1e+100
0 156.084 624.336 1e+100
0 5584.09 22336.3 1e+100
3 17135.7 17135.7 1e+100
4 17865.7 17865.7 1e+100
4 652.315 6609.26 1e+100
0 1579.1 6316.39 1e+100
5 3241.79 12967.2 1e+100
4 11955.1 11955.1 1e+100
3 4887.67 19550.7 1e+100
0 14812.6 14812.6 1e+100
4 3999.95 15999.8 1e+100
2 1056.86 5056.86 1e+100
1 5221.8 20887.2 1e+100
3 16735.1 16735.1 1e+100
3 1440.72 6762.87 1e+100
2 11686.8 11686.8 1e+100
5 10585.8 10585.8 1e+100
3 12107.3 12107.3 1e+100
4 12505.8 12505.8 1e+100
2 15100.5 15100.5 1e+100
1 120.153 1480.61 1e+100
4 16674.6 16674.6 1e+100
3 4649.54 18598.1 1e+100
0 269.142 1076.57 1e+100
1 5889.48 23557.9 1e+100
5 13919.9 13919.9 1e+100
2 3801.95 15207.8 1e+100
2 1695.12 6780.46 1e+100
1 12004.8 12004.8 1e+100
0 6082.09 24328.4 1e+100
5 4088.85 16355.4 1e+100
0 8546.59 8546.59 1e+100
5 7481.27 29925.1 1e+100
0 14528 14528 1e+100
0 3145.02 12580.1 1e+100
4 3158.02 12632.1 1e+100
1 1068.39 4273.56 1e+100
5 1409.44 5637.75 1e+100
3 9035.71 9035.71 1e+100
1 9436.56 9436.56 1e+100
2 4866.59 19466.4 1e+100
55
5 210.983 1210.98 1e+100
1 594.769 2379.08 1e+100
4 139.91 559.642 1e+100
3 164.956 659.825 1e+100
2 397.795 5591.18 1e+100
0 556.263 2225.05 1e+100
5 13919.7 13919.7 1e+100
3 11128.7 11128.7 1e+100
3 1649.95 7599.8 1e+100
5 1886.85 2886.85 1e+100
1 1974.54 7898.15 1e+100
1 3871.53 15486.1 1e+100
5 3876.82 15507.3 1e+100
1 13059.5 13059.5 1e+100
1 15006.7 15006.7 1e+100
0 5583.04 5583.04 1e+100
0 3360.05 17440.2 1e+100
0 1660.06 6640.23 1e+100
4 3137.84 12551.4 1e+100
2 3825.06 19300.2 1e+100
2 1570.78 6283.12 1e+100
4 4871 23484 1e+100
5 14834.9 14834.9 1e+100
4 12910.1 12910.1 1e+100
3 2980.4 12921.6 1e+100
2 13622.2 13622.2 1e+100
0 12017.4 12017.4 1e+100
0 9176.94 9176.94 1e+100
5 6106.8 24427.2 1e+100
3 9802.77 10802.8 1e+100
3 2523.18 11092.7 1e+100
1 12697.6 12697.6 1e+100
5 3349.94 13399.8 1e+100
3 10865 10865 1e+100
0 3206.17 12824.7 1e+100
4 5313.33 21253.3 1e+100
4 10641.9 10641.9 1e+100
2 4716.22 18864.9 1e+100
2 11595.9 11595.9 1e+100
0 11929.3 11929.3 1e+100
1 878.756 4515.02 1e+100
2 1069.71 4278.83 1e+100
4 12002.8 12002.8 1e+100
5 576.588 2306.35 1e+100
2 7846.66 7846.66 1e+100
1 5529.25 22117 1e+100
2 5980.42 5980.42 1e+100
5 5272.22 21088.9 1e+100
5 11409.7 11409.7 1e+100
2 12381.9 12381.9 1e+100
4 5959.98 5959.98 1e+100
2 1776.02 7104.1 1e+100
3 2488.93 9955.71 1e+100
0 3966.54 15866.2 1e+100
1 2556.03 10224.1 1e+100
63
5 210.983 1210.98 1e+100
1 594.769 2379.08 1e+100
4 139.91 559.642 1e+100
3 164.956 659.825 1e+100
2 397.795 5591.18 1e+100
0 556.263 2225.05 1e+100
3 17253.7 17253.7 1e+100
1 10793.1 10793.1 1e+100
1 3562.02 15248.1 1e+100
4 12553.2 12553.2 1e+100
1 1974.54 7898.15 1e+100
1 5533.29 22133.2 1e+100
5 1915.31 7661.23 1e+100
5 9792.24 9792.24 1e+100
5 15514 15514 1e+100
2 13916.9 13916.9 1e+100
3 1379.93 5519.72 1e+100
2 3972.37 15889.5 1e+100
4 3137.84 12551.4 1e+100
5 5437.21 21748.9 1e+100
2 1570.78 6283.12 1e+100
4 4871 23484 1e+100
3 18168.9 18168.9 1e+100
4 17024.4 17024.4 1e+100
0 3425.17 13700.7 1e+100
4 12906.8 12906.8 1e+100
0 687.519 2750.07 1e+100
1 10885.5 10885.5 1e+100
5 15872.3 15872.3 1e+100
1 12519.3 13519.3 1e+100
2 3468.64 13874.5 1e+100
3 1131.18 5524.72 1e+100
0 3622.55 3622.55 1e+100
0 12867 12867 1e+100
5 922.028 3688.11 1e+100
0 4913.95 19655.8 1e+100
1 15669.6 16669.6 1e+100
5 17808.6 17808.6 1e+100
3 17028.3 17028.3 1e+100
3 3441.53 13766.1 1e+100
0 8521.96 8521.96 1e+100
3 6662.63 7662.63 1e+100
1 3683.42 14733.7 1e+100
3 1213.1 4852.4 1e+100
0 6033.51 6033.51 1e+100
2 7792.44 7792.44 1e+100
2 13890.4 13890.4 1e+100
5 8709.4 9709.4 1e+100
4 11277.4 11277.4 1e+100
3 9842.32 10842.3 1e+100
4 14558 14558 1e+100
3 7734.07 8734.07 1e+100
5 2457.4 9829.61 1e+100
5 6293.13 6293.13 1e+100
2 4841.18 4841.18 1e+100
3 3356.45 13425.8 1e+100
5 13659.4 13659.4 1e+100
2 10483.9 10483.9 1e+100
0 11574.3 11574.3 1e+100
4 4339.75 4339.75 1e+100
2 13996.6 13996.6 1e+100
2 1607.11 10428.4 1e+100
0 13845.8 13845.8 1e+100
59
3 157.414 1629.66 1e+100
4 2403.22 13612.9 1e+100
4 5723.12 9723.12 1e+100
4 228.495 228.495 1e+100
0 562.309 562.309 1e+100
2 300.611 1202.44 1e+100
1 2403.53 9614.13 1e+100
1 6731.31 7731.31 1e+100
3 1424.63 5698.52 1e+100
5 2300.9 10203.6 1e+100
5 325.742 1302.97 1e+100
2 3516.51 3516.51 1e+100
2 1661.85 6647.38 1e+100
1 8099.8 9099.8 1e+100
3 2958.71 11834.8 1e+100
0 9194.4 9194.4 1e+100
5 3023.04 12092.1 1e+100
0 2541.63 10166.5 1e+100
1 8824.33 9824.33 1e+100
5 9038 10038 1e+100
0 666.686 666.686 1e+100
3 9466.69 9466.69 1e+100
4 2086.41 8345.63 1e+100
5 10425.7 10425.7 1e+100
4 9299 9299 1e+100
0 10090.7 10090.7 1e+100
5 3500.67 14002.7 1e+100
1 2715.1 11860.4 1e+100
0 3444.75 13779 1e+100
4 6753.56 6753.56 1e+100
3 10010.5 10010.5 1e+100
2 9655.4 9655.4 1e+100
4 11620.5 11620.5 1e+100
1 10478 11478 1e+100
3 2253.85 9015.38 1e+100
3 13717.7 13717.7 1e+100
5 4170.03 16680.1 1e+100
2 2303.97 9215.89 1e+100
2 10746.4 10746.4 1e+100
4 14800 14800 1e+100
4 3161.2 12644.8 1e+100
1 6761.97 6761.97 1e+100
1 13372.3 14372.3 1e+100
0 9974.3 9974.3 1e+100
0 12041.3 12041.3 1e+100
0 13805.6 13805.6 1e+100
5 10845.5 11845.5 1e+100
4 11667.6 11667.6 1e+100
0 2294.49 13178 1e+100
5 8527.99 8527.99 1e+100
2 3343.58 3343.58 1e+100
3 3578.55 14314.2 1e+100
5 11914 11914 1e+100
2 4686.29 4686.29 1e+100
2 10269 10269 1e+100
3 9071.59 10071.6 1e+100
4 6341.51 6341.51 1e+100
3 522.749 2091 1e+100
2 12540.5 12540.5 1e+100
73
4 237.274 4237.27 1e+100
5 308.958 2235.83 1e+100
1 466.099 1466.1 1e+100
0 2065.2 2065.2 1e+100
3 279.391 279.391 1e+100
2 152.475 152.475 1e+100
1 23526.4 23526.4 1e+100
0 3714.28 3714.28 1e+100
3 20263 20263 1e+100
3 22257.5 22257.5 1e+100
3 2256.74 9026.95 1e+100
1 4427.19 4427.19 1e+100
5 2197.72 3197.72 1e+100
5 11944.7 11944.7 1e+100
0 9716.01 9716.01 1e+100
3 24126.2 24126.2 1e+100
3 12668 12668 1e+100
2 2353.29 9413.15 1e+100
1 1752.64 8010.57 1e+100
1 13323 13323 1e+100
4 5144.67 5144.67 1e+100
5 3543.79 3543.79 1e+100
0 11053.6 11053.6 1e+100
4 18863 18863 1e+100
4 2544.8 10179.2 1e+100
2 3308.33 17233.3 1e+100
4 459.658 1838.63 1e+100
3 2920.69 2920.69 1e+100
2 14565.3 14565.3 1e+100
5 14005.5 15005.5 1e+100
4 10717.6 10717.6 1e+100
0 10843.6 10843.6 1e+100
5 14557.8 14557.8 1e+100
5 10382.5 11382.5 1e+100
2 17031.5 17031.5 1e+100
5 16782.7 16782.7 1e+100
1 13244.3 13244.3 1e+100
5 2337.48 10349.9 1e+100
3 3308.4 13233.6 1e+100
0 742.648 2970.59 1e+100
2 14619.7 14619.7 1e+100
2 1764.03 7056.13 1e+100
3 10054.5 10054.5 1e+100
1 3290.8 13163.2 1e+100
4 4199.4 16797.6 1e+100
3 13127.2 13127.2 1e+100
1 10434 10434 1e+100
1 14079.5 14079.5 1e+100
0 17248.8 17248.8 1e+100
4 5782.63 23130.5 1e+100
0 2394.47 9577.89 1e+100
0 11681.8 11681.8 1e+100
4 2153.47 8613.89 1e+100
3 3948.31 16793.2 1e+100
1 1106.32 5425.27 1e+100
4 12549.3 12549.3 1e+100
3 588.671 3354.69 1e+100
4 16099.6 16099.6 1e+100
4 6796.38 27185.5 1e+100
5 3670.63 15682.5 1e+100
2 7627.01 7627.01 1e+100
1 15371 15371 1e+100
3 10700.1 10700.1 1e+100
4 10286.3 10286.3 1e+100
2 17019.5 17019.5 1e+100
2 2753.25 11013 1e+100
1 4565.23 19260.9 1e+100
4 17276.1 17276.1 1e+100
2 4655.02 18620.1 1e+100
1 5982.68 24930.7 1e+100
0 13311 13311 1e+100
3 4026.29 16105.2 1e+100
2 10829.3 10829.3 1e+100
59
4 237.274 4237.27 1e+100
5 308.958 2235.83 1e+100
1 466.099 1466.1 1e+100
0 2065.2 2065.2 1e+100
3 279.391 279.391 1e+100
2 152.475 152.475 1e+100
3 17882.7 17882.7 1e+100
0 3714.28 3714.28 1e+100
3 15702.6 15702.6 1e+100
5 16740.9 16740.9 1e+100
3 2256.74 9026.95 1e+100
5 14692.4 14692.4 1e+100
4 5185.31 5185.31 1e+100
1 18080.8 18080.8 1e+100
0 13693.6 13693.6 1e+100
5 18609.6 18609.6 1e+100
5 12155.4 12155.4 1e+100
5 1896.22 8584.9 1e+100
2 1517.91 6071.64 1e+100
3 7552.58 7552.58 1e+100
4 938.703 938.703 1e+100
1 14952.9 14952.9 1e+100
0 6345.06 6345.06 1e+100
3 3320.37 4320.37 1e+100
1 1757.41 8029.63 1e+100
3 5123.17 20492.7 1e+100
4 1979.54 7918.17 1e+100
5 4111.05 4111.05 1e+100
4 9216.96 9216.96 1e+100
2 6707.66 6707.66 1e+100
5 530.661 2122.64 1e+100
0 1640.77 6563.07 1e+100
4 8657.48 8657.48 1e+100
3 8233.25 8233.25 1e+100
1 10049.8 10049.8 1e+100
1 1033.5 4134.01 1e+100
0 7270.94 7270.94 1e+100
2 475.229 475.229 1e+100
2 2502.94 14011.8 1e+100
5 2710.64 10842.6 1e+100
0 4782.49 4782.49 1e+100
4 9856.68 9856.68 1e+100
2 13248.7 13248.7 1e+100
4 13532.7 13532.7 1e+100
2 10962 10962 1e+100
3 4581.93 5581.93 1e+100
4 11540.3 11540.3 1e+100
4 3630.81 3630.81 1e+100
1 1666.01 6664.05 1e+100
1 6280.98 6280.98 1e+100
2 6146.22 6146.22 1e+100
5 2976.47 11905.9 1e+100
3 7720.48 7720.48 1e+100
5 4384.91 5384.91 1e+100
0 11309.6 11309.6 1e+100
4 1028.87 1028.87 1e+100
2 7244.63 7244.63 1e+100
1 2741.72 10966.9 1e+100
2 13216.9 13216.9 1e+100
80
4 237.274 4237.27 1e+100
5 308.958 2235.83 1e+100
1 466.099 1466.1 1e+100
0 2065.2 2065.2 1e+100
3 279.391 279.391 1e+100
2 152.475 152.475 1e+100
5 14540.1 14540.1 1e+100
0 3714.28 3714.28 1e+100
3 22976.3 22976.3 1e+100
5 22378.1 22378.1 1e+100
5 2242.77 8971.1 1e+100
5 20329.6 20329.6 1e+100
0 15272.1 15272.1 1e+100
1 16273.4 16273.4 1e+100
2 11694 11694 1e+100
3 20568.5 20568.5 1e+100
1 21241.2 21241.2 1e+100
4 1531.62 6126.5 1e+100
1 1752.64 8010.57 1e+100
5 3351 3351 1e+100
4 16798.3 16798.3 1e+100
1 22469.2 22469.2 1e+100
2 13031.7 13031.7 1e+100
4 19775.2 19775.2 1e+100
3 1063.99 5255.97 1e+100
5 4392.41 17569.6 1e+100
4 2289.38 9157.54 1e+100
5 22978.3 22978.3 1e+100
2 2444.67 9778.7 1e+100
2 593.782 2375.13 1e+100
3 2533.14 11132.5 1e+100
2 3555.83 14223.3 1e+100
5 23732.6 23732.6 1e+100
0 15149.3 15149.3 1e+100
1 4003.35 16013.4 1e+100
3 3956.15 16824.6 1e+100
1 1183.64 4734.55 1e+100
0 9562.44 9562.44 1e+100
2 12821.7 12821.7 1e+100
1 21613.4 21613.4 1e+100
2 15638 15638 1e+100
0 18515.4 18515.4 1e+100
1 9742.58 9742.58 1e+100
3 11361.9 11361.9 1e+100
2 3024.01 12096 1e+100
3 3740.64 14962.5 1e+100
0 742.648 2970.59 1e+100
4 18059 18059 1e+100
4 2865.89 11463.6 1e+100
1 14801 14801 1e+100
4 400.918 5603.67 1e+100
5 3920.66 16682.6 1e+100
3 13701.3 13701.3 1e+100
5 13290 13290 1e+100
3 19700.4 19700.4 1e+100
0 15499.4 15499.4 1e+100
3 4549.37 19197.5 1e+100
2 4372.51 17490 1e+100
2 16156.7 16156.7 1e+100
4 5033.82 20135.3 1e+100
5 5335.06 22340.2 1e+100
4 6822.52 27290.1 1e+100
3 8274.28 9274.28 1e+100
5 6881.56 28526.2 1e+100
4 18995.2 18995.2 1e+100
0 5641.18 22564.7 1e+100
1 5524.71 23098.8 1e+100
0 18502.3 18502.3 1e+100
5 10509.6 10509.6 1e+100
3 11274.3 11274.3 1e+100
0 13090.1 13090.1 1e+100
0 20186.1 20186.1 1e+100
0 3113.31 12453.2 1e+100
3 5305.02 22220.1 1e+100
4 20171.7 20171.7 1e+100
4 7888.71 31554.8 1e+100
5 766.508 4066.03 1e+100
2 17785.9 17785.9 1e+100
1 2439.2 9756.79 1e+100
4 12180.2 12180.2 1e+100
71
5 210.983 1210.98 1e+100
1 594.769 2379.08 1e+100
4 139.91 559.642 1e+100
3 164.956 659.825 1e+100
2 397.795 5591.18 1e+100
0 556.263 2225.05 1e+100
1 22508.7 22508.7 1e+100
3 15286.8 15286.8 1e+100
3 3204.02 13816.1 1e+100
2 14703.9 14703.9 1e+100
1 1974.54 7898.15 1e+100
0 2385.52 13542.1 1e+100
5 1915.31 7661.23 1e+100
5 21120.4 21120.4 1e+100
5 23067.6 23067.6 1e+100
2 11377.5 11377.5 1e+100
1 4824.29 19297.2 1e+100
3 1234 5936.01 1e+100
4 3137.84 12551.4 1e+100
5 5491.22 21964.9 1e+100
2 1570.78 6283.12 1e+100
4 4871 23484 1e+100
5 18495.1 18495.1 1e+100
4 14944.4 14944.4 1e+100
0 3425.17 13700.7 1e+100
1 2001.19 3001.19 1e+100
5 2106.32 2106.32 1e+100
2 4210.23 16840.9 1e+100
5 13703.1 13703.1 1e+100
4 12535.1 12535.1 1e+100
0 10318.5 10318.5 1e+100
3 3000.59 12002.4 1e+100
0 4372.92 17491.7 1e+100
2 1753.51 7014.06 1e+100
4 14924.7 14924.7 1e+100
1 11316.8 11316.8 1e+100
0 13444.4 13444.4 1e+100
2 13537.5 13537.5 1e+100
0 11216.2 11216.2 1e+100
3 14451.7 15451.7 1e+100
3 17353.5 17353.5 1e+100
0 14856.4 14856.4 1e+100
2 14555.4 14555.4 1e+100
3 19578.5 19578.5 1e+100
5 13504.5 13504.5 1e+100
3 3241.43 13965.7 1e+100
1 2485.82 9943.29 1e+100
3 5687.26 23749 1e+100
0 17506.9 17506.9 1e+100
2 2664.32 10657.3 1e+100
1 11805.4 11805.4 1e+100
1 3597.3 15389.2 1e+100
4 16051.6 16051.6 1e+100
5 4226 17904 1e+100
4 14287.4 14287.4 1e+100
2 15264.9 15264.9 1e+100
2 4421.58 17686.3 1e+100
4 5321.76 21287 1e+100
2 16963.1 16963.1 1e+100
1 4857.5 19430 1e+100
1 12593 13593 1e+100
5 5549.21 22196.8 1e+100
4 6842.08 6842.08 1e+100
1 6157.42 24629.7 1e+100
1 13859.7 13859.7 1e+100
4 16922.9 16922.9 1e+100
0 17696.5 17696.5 1e+100
5 1285.81 6143.23 1e+100
3 6647 26588 1e+100
0 3096.56 12386.2 1e+100
5 6728.43 26913.7 1e+100
63
4 237.274 4237.27 1e+100
5 308.958 2235.83 1e+100
1 466.099 1466.1 1e+100
0 2065.2 2065.2 1e+100
3 279.391 279.391 1e+100
2 152.475 152.475 1e+100
3 21154.8 21154.8 1e+100
0 11125.4 11125.4 1e+100
3 18974.7 18974.7 1e+100
5 19356.5 19356.5 1e+100
3 2256.74 9026.95 1e+100
5 17308 17308 1e+100
4 15210 15210 1e+100
1 13293.8 13293.8 1e+100
0 12599.5 12599.5 1e+100
5 21225.2 21225.2 1e+100
3 14484.8 14484.8 1e+100
5 1896.22 8584.9 1e+100
2 1517.91 6071.64 1e+100
5 11348.1 11348.1 1e+100
2 14167.9 14167.9 1e+100
1 17781.6 17781.6 1e+100
0 13937.1 13937.1 1e+100
4 845.894 845.894 1e+100
1 1757.41 8029.63 1e+100
5 2851.27 11405.1 1e+100
2 2815.47 11261.9 1e+100
5 12231.4 12231.4 1e+100
4 2267.51 9070.06 1e+100
1 3379.69 14518.8 1e+100
3 2634.63 11538.5 1e+100
4 3378.67 13514.7 1e+100
1 19241.2 19241.2 1e+100
4 11068.8 11068.8 1e+100
1 4835.65 19342.6 1e+100
2 3158.28 12633.1 1e+100
3 5407.25 21629 1e+100
0 1019.13 1019.13 1e+100
5 4304.85 17219.4 1e+100
2 12942.2 12942.2 1e+100
0 2706.51 10826 1e+100
3 12296.2 12296.2 1e+100
5 1548 6191.98 1e+100
1 11054.2 11054.2 1e+100
4 2412.62 9650.48 1e+100
4 12200.9 12200.9 1e+100
0 12828.5 12828.5 1e+100
2 13765.6 13765.6 1e+100
2 2161.47 8645.88 1e+100
4 4160.45 16641.8 1e+100
5 3889.65 15558.6 1e+100
2 3396.32 13585.3 1e+100
3 625.129 3500.52 1e+100
2 7390.99 7390.99 1e+100
3 7002.88 7002.88 1e+100
4 12858.9 12858.9 1e+100
3 4661.37 18645.5 1e+100
2 4241.36 4241.36 1e+100
1 2986.59 11946.4 1e+100
5 8923.9 8923.9 1e+100
4 4927.35 4927.35 1e+100
0 1679.88 10719.5 1e+100
1 4537.91 5537.91 1e+100
67
4 237.274 4237.27 1e+100
5 308.958 2235.83 1e+100
1 466.099 1466.1 1e+100
0 2065.2 2065.2 1e+100
3 279.391 279.391 1e+100
2 152.475 152.475 1e+100
3 19448.8 19448.8 1e+100
0 15313.3 15313.3 1e+100
5 19275.6 19275.6 1e+100
3 21399.8 21399.8 1e+100
3 2256.74 9026.95 1e+100
3 15046.5 15046.5 1e+100
2 17181.9 17181.9 1e+100
1 11433.4 11433.4 1e+100
0 16787.4 16787.4 1e+100
3 16946.4 16946.4 1e+100
1 18686.6 18686.6 1e+100
4 1531.62 6126.5 1e+100
2 1517.91 6071.64 1e+100
5 20297.2 20297.2 1e+100
4 11100.3 11100.3 1e+100
1 19914.6 19914.6 1e+100
0 11864.6 11864.6 1e+100
2 20210.5 20210.5 1e+100
1 1757.41 8029.63 1e+100
3 3078.78 12315.1 1e+100
4 3861.22 15444.9 1e+100
5 14099.3 14099.3 1e+100
5 2487.82 10951.3 1e+100
5 636.932 3547.73 1e+100
0 3810.56 15242.2 1e+100
5 3598.99 15395.9 1e+100
5 20355.2 20355.2 1e+100
2 17059.1 17059.1 1e+100
1 4723.75 18895 1e+100
4 802.403 3209.61 1e+100
2 948.906 7795.62 1e+100
1 19289.2 19289.2 1e+100
2 2872.85 11491.4 1e+100
1 1496.72 6986.87 1e+100
4 15352.3 15352.3 1e+100
3 2593.99 10375.9 1e+100
5 3769.89 15079.6 1e+100
2 11212.8 11212.8 1e+100
3 3587.43 14349.7 1e+100
5 5176.52 20706.1 1e+100
0 2704.9 10819.6 1e+100
4 16968.4 16968.4 1e+100
4 3577.93 14311.7 1e+100
4 8332.51 8332.51 1e+100
0 14994.2 14994.2 1e+100
1 9316.13 10316.1 1e+100
4 1635.39 6541.55 1e+100
2 4309.55 17238.2 1e+100
3 4335.15 17340.6 1e+100
4 4694.78 18779.1 1e+100
5 6048.95 25195.8 1e+100
4 9493.79 9493.79 1e+100
5 7385.57 7385.57 1e+100
2 5397.09 5397.09 1e+100
3 6015.96 24063.9 1e+100
4 10710.3 10710.3 1e+100
1 2874.68 11498.7 1e+100
5 10791.8 10791.8 1e+100
2 7201.46 7201.46 1e+100
0 3845.59 19382.4 1e+100
1 9786.25 10786.2 1e+100
65
4 237.274 4237.27 1e+100
5 308.958 2235.83 1e+100
1 466.099 1466.1 1e+100
0 2065.2 2065.2 1e+100
3 279.391 279.391 1e+100
2 152.475 152.475 1e+100
1 12686.9 12686.9 1e+100
0 7379.11 7379.11 1e+100
1 18073.9 18073.9 1e+100
1 14637.9 14637.9 1e+100
5 2242.77 8971.1 1e+100
3 14154.7 14154.7 1e+100
2 4192.68 4192.68 1e+100
5 11754.3 11754.3 1e+100
0 13255.2 13255.2 1e+100
3 17919.1 17919.1 1e+100
1 19914.5 19914.5 1e+100
4 1531.62 6126.5 1e+100
2 1517.91 6071.64 1e+100
1 15682.3 15682.3 1e+100
4 6813.27 6813.27 1e+100
3 19437.9 19437.9 1e+100
0 10171.6 10171.6 1e+100
4 9769.5 9769.5 1e+100
3 1063.99 5255.97 1e+100
1 1696.42 6785.68 1e+100
1 3751.29 16005.2 1e+100
1 9162.65 9162.65 1e+100
5 15030.5 15030.5 1e+100
4 11466.2 11466.2 1e+100
4 1622.8 1622.8 1e+100
2 12574.8 12574.8 1e+100
0 14360.8 14360.8 1e+100
2 3600.48 3600.48 1e+100
5 1746.64 2746.64 1e+100
2 17260 17260 1e+100
3 1495.95 6983.81 1e+100
5 15566.6 15566.6 1e+100
0 726.319 2905.28 1e+100
4 12029 12029 1e+100
3 2824.15 11296.6 1e+100
4 14048.1 14048.1 1e+100
0 1688.73 6754.94 1e+100
3 11509.3 11509.3 1e+100
1 2194.27 8777.09 1e+100
5 15775.8 15775.8 1e+100
4 467.709 1870.84 1e+100
2 11040 11040 1e+100
0 14157.5 14157.5 1e+100
4 14871.5 14871.5 1e+100
3 2794.2 12176.8 1e+100
1 3190.09 13760.4 1e+100
5 390.22 1560.88 1e+100
4 3456.79 13827.2 1e+100
2 2983.2 11932.8 1e+100
2 7006.87 7006.87 1e+100
5 1964.24 1964.24 1e+100
2 11698.1 11698.1 1e+100
3 3285.04 13140.2 1e+100
2 15634.7 15634.7 1e+100
5 3195.6 12782.4 1e+100
3 5770.59 5770.59 1e+100
2 4352.69 4352.69 1e+100
0 2152.51 12610.1 1e+100
5 7760.66 8760.66 1e+100
84
4 237.274 4237.27 1e+100
5 308.958 2235.83 1e+100
1 466.099 1466.1 1e+100
0 2065.2 2065.2 1e+100
3 279.391 279.391 1e+100
2 152.475 152.475 1e+100
5 12853.3 12853.3 1e+100
0 10500.5 10500.5 1e+100
5 18901 18901 1e+100
5 16792.6 16792.6 1e+100
3 2256.74 9026.95 1e+100
5 26114.3 26114.3 1e+100
2 13694.7 13694.7 1e+100
1 12466.3 12466.3 1e+100
0 11974.6 11974.6 1e+100
1 26111.3 26111.3 1e+100
3 22378.5 22378.5 1e+100
5 1896.22 8584.9 1e+100
4 1525.18 6100.72 1e+100
5 19922.6 19922.6 1e+100
4 13922 13922 1e+100
3 15386.4 15386.4 1e+100
0 15250.9 15250.9 1e+100
2 14821.3 14821.3 1e+100
2 1522.68 6090.7 1e+100
1 1696.42 6785.68 1e+100
4 2822.74 11290.9 1e+100
1 19652.7 19652.7 1e+100
4 16092.5 16092.5 1e+100
3 19152.3 19152.3 1e+100
2 3052 12208 1e+100
5 20328.9 20328.9 1e+100
4 14196.1 14196.1 1e+100
3 12080.3 13080.3 1e+100
1 2856.47 11425.9 1e+100
0 1201.9 4807.59 1e+100
2 3688.71 14754.9 1e+100
4 16537.9 16537.9 1e+100
3 21553.3 21553.3 1e+100
2 16624 16624 1e+100
3 1137.03 2137.03 1e+100
5 530.661 2122.64 1e+100
0 1890.01 7560.04 1e+100
4 17367.5 17367.5 1e+100
1 15544.6 15544.6 1e+100
3 15193.1 15193.1 1e+100
3 2346.83 9387.33 1e+100
0 14238.1 14238.1 1e+100
2 13509.2 13509.2 1e+100
1 2861.73 11446.9 1e+100
5 2717.13 10868.5 1e+100
0 9727.47 9727.47 1e+100
2 19560.6 19560.6 1e+100
4 20749.2 20749.2 1e+100
3 3008.66 12034.6 1e+100
5 365.297 2461.19 1e+100
1 19244.2 19244.2 1e+100
5 19074.8 19074.8 1e+100
3 22035.7 22035.7 1e+100
2 20820.6 20820.6 1e+100
4 2426.12 9704.49 1e+100
0 3162.63 12650.5 1e+100
0 16191.3 16191.3 1e+100
2 2677.95 10711.8 1e+100
5 3313.23 14252.9 1e+100
4 3946.13 15784.5 1e+100
4 22333.2 22333.2 1e+100
4 460.793 1843.17 1e+100
0 21286.9 21286.9 1e+100
2 3960.4 15841.6 1e+100
1 4192.3 17769.2 1e+100
4 17246.6 17246.6 1e+100
5 8822.74 8822.74 1e+100
1 11644 11644 1e+100
1 16688 17688 1e+100
2 15727.2 15727.2 1e+100
3 3937.69 16750.8 1e+100
5 4222.05 17888.2 1e+100
2 21459.8 21459.8 1e+100
4 5012.32 20049.3 1e+100
2 5370.87 21483.5 1e+100
0 17820.5 17820.5 1e+100
3 5276.52 21106.1 1e+100
1 9170.78 10170.8 1e+100
66
5 210.983 1210.98 1e+100
1 594.769 2379.08 1e+100
4 139.91 559.642 1e+100
3 164.956 659.825 1e+100
2 397.795 5591.18 1e+100
0 556.263 2225.05 1e+100
3 17534.9 17534.9 1e+100
5 14629.9 14629.9 1e+100
5 2019.48 9077.92 1e+100
0 17868.9 17868.9 1e+100
1 3528.6 14114.4 1e+100
2 2556.32 14225.3 1e+100
5 3835.52 15342.1 1e+100
3 15135.9 15135.9 1e+100
3 19086.8 19086.8 1e+100
4 18715.9 18715.9 1e+100
1 6409.2 25636.8 1e+100
1 1597.07 7388.29 1e+100
4 3137.84 12551.4 1e+100
3 7234.9 28939.6 1e+100
0 1587.43 6349.72 1e+100
4 4871 23484 1e+100
3 830.486 830.486 1e+100
0 13141.3 13141.3 1e+100
2 3595.97 14383.9 1e+100
3 1914.15 2914.15 1e+100
2 14437.6 14437.6 1e+100
4 10422.1 10422.1 1e+100
2 10277.3 10277.3 1e+100
1 13879.6 13879.6 1e+100
0 1021.96 1021.96 1e+100
4 11577.5 11577.5 1e+100
1 11156.6 11156.6 1e+100
1 17238.3 17238.3 1e+100
2 2625.8 10503.2 1e+100
1 679.673 2718.69 1e+100
2 5071.62 20286.5 1e+100
0 15125.3 15125.3 1e+100
3 182.067 1728.27 1e+100
5 15612.7 15612.7 1e+100
3 8589.21 9589.21 1e+100
5 17034.1 17034.1 1e+100
5 11733.5 11733.5 1e+100
4 11890 11890 1e+100
0 10459.9 10459.9 1e+100
5 542.245 3168.98 1e+100
4 15951.6 15951.6 1e+100
3 4230.18 16920.7 1e+100
5 4244.93 17979.7 1e+100
1 5114.69 20458.8 1e+100
3 15565.8 15565.8 1e+100
1 2905.55 12622.2 1e+100
0 4504.62 18018.5 1e+100
1 17142.8 17142.8 1e+100
4 5131.7 20526.8 1e+100
5 5864.79 23459.2 1e+100
2 13130.8 13130.8 1e+100
0 2177.21 12708.8 1e+100
2 15261.2 15261.2 1e+100
3 4992.25 20969 1e+100
2 5223.69 20894.8 1e+100
5 1490.48 5961.93 1e+100
1 6476.89 25907.5 1e+100
3 16668.2 16668.2 1e+100
5 12137.7 12137.7 1e+100
0 5707.77 22831.1 1e+100
66
3 157.414 1629.66 1e+100
5 2788.04 11152.2 1e+100
5 13983.9 13983.9 1e+100
4 228.495 228.495 1e+100
0 562.309 562.309 1e+100
2 300.611 1202.44 1e+100
1 2403.53 9614.13 1e+100
2 11374 11374 1e+100
3 1424.63 5698.52 1e+100
2 1865.81 7463.22 1e+100
5 325.742 1302.97 1e+100
0 12487.8 12487.8 1e+100
0 3462.97 13851.9 1e+100
2 14139.3 14139.3 1e+100
3 2958.71 11834.8 1e+100
4 13433.3 13433.3 1e+100
4 1143.85 8575.41 1e+100
5 2979.68 12918.7 1e+100
2 12024.8 12024.8 1e+100
0 13634.6 13634.6 1e+100
0 16657.3 16657.3 1e+100
3 10708.3 10708.3 1e+100
0 500.878 2003.51 1e+100
3 12711.9 12711.9 1e+100
0 14760.9 14760.9 1e+100
1 16449.8 17449.8 1e+100
4 1621.49 10485.9 1e+100
1 2715.1 11860.4 1e+100
4 4253.89 17015.6 1e+100
0 17102.7 17102.7 1e+100
2 1210.43 5210.43 1e+100
4 15219.2 15219.2 1e+100
1 13395.9 14395.9 1e+100
3 2327.17 9308.69 1e+100
2 5666.83 22667.3 1e+100
5 15836.3 16836.3 1e+100
1 11190.6 11190.6 1e+100
5 17928.6 17928.6 1e+100
5 2309.53 9238.14 1e+100
2 14607.7 14607.7 1e+100
5 13069.9 14069.9 1e+100
2 1952.24 11808.9 1e+100
3 2709.51 10838.1 1e+100
2 12119.2 12119.2 1e+100
4 11723.5 11723.5 1e+100
4 16141.1 16141.1 1e+100
0 2583.34 10333.4 1e+100
0 16680.7 16680.7 1e+100
0 691.516 2766.06 1e+100
3 11587.5 12587.5 1e+100
1 15928.2 16928.2 1e+100
5 2675.65 11702.6 1e+100
4 3319.48 13277.9 1e+100
3 14671.3 15671.3 1e+100
3 3139.55 12558.2 1e+100
0 5463.48 5463.48 1e+100
1 4837.56 19350.2 1e+100
0 3597.23 3597.23 1e+100
3 4439.47 17757.9 1e+100
5 9381.58 9381.58 1e+100
4 6039.53 6039.53 1e+100
3 12058 13058 1e+100
4 4025.8 16103.2 1e+100
1 1242.51 4970.02 1e+100
5 3591.32 15365.3 1e+100
1 6016.78 24067.1 1e+100
51
3 157.414 1629.66 1e+100
5 2788.04 11152.2 1e+100
2 2336.47 6336.47 1e+100
4 228.495 228.495 1e+100
0 562.309 562.309 1e+100
2 300.611 1202.44 1e+100
1 2403.53 9614.13 1e+100
1 11337.9 12337.9 1e+100
3 1424.63 5698.52 1e+100
0 3934.49 15738 1e+100
5 325.742 1302.97 1e+100
2 6874.79 6874.79 1e+100
2 3486.59 13946.4 1e+100
4 8596.38 8596.38 1e+100
3 2958.71 11834.8 1e+100
2 8657.97 8657.97 1e+100
4 1143.85 8575.41 1e+100
5 2979.68 12918.7 1e+100
4 9320.9 9320.9 1e+100
0 984.661 984.661 1e+100
0 10138.9 10138.9 1e+100
4 2103.04 2103.04 1e+100
3 2327.17 9308.69 1e+100
1 1365.92 6463.68 1e+100
0 9579.39 9579.39 1e+100
5 10963.1 10963.1 1e+100
1 11492.7 11492.7 1e+100
5 2309.53 9238.14 1e+100
1 3035.22 4035.22 1e+100
2 7237.35 7237.35 1e+100
4 2121.76 12487 1e+100
2 1223.11 8892.42 1e+100
1 4811.67 5811.67 1e+100
2 8709.52 8709.52 1e+100
2 10642.6 10642.6 1e+100
0 10748.1 10748.1 1e+100
3 4358.36 5358.36 1e+100
3 7941.61 8941.61 1e+100
3 6058.86 7058.86 1e+100
0 4552.72 4552.72 1e+100
3 1798.11 7192.43 1e+100
3 9454.95 9454.95 1e+100
2 11635.9 11635.9 1e+100
0 373.402 5493.61 1e+100
5 10450.3 10450.3 1e+100
5 4314.52 5314.52 1e+100
4 6854.82 6854.82 1e+100
0 1950.78 1950.78 1e+100
5 5788.1 6788.1 1e+100
5 1723.27 6893.08 1e+100
4 9126.31 9126.31 1e+100
48
3 162.574 162.574 1e+100
0 532.056 2128.22 1e+100
4 856.912 3427.65 1e+100
5 298.417 1193.67 1e+100
1 609.238 609.238 1e+100
2 310.809 310.809 1e+100
3 10899.5 10899.5 1e+100
3 1608.83 6435.31 1e+100
2 10691.2 10691.2 1e+100
5 5879.94 6879.94 1e+100
5 13561 13561 1e+100
3 3437.21 13748.9 1e+100
2 1876.06 7504.26 1e+100
3 13940.5 13940.5 1e+100
0 1607.5 6429.99 1e+100
1 9419.4 9419.4 1e+100
1 10984.8 10984.8 1e+100
1 12856.8 12856.8 1e+100
1 1956.73 2956.73 1e+100
4 3799.66 15198.6 1e+100
4 1870.99 1870.99 1e+100
5 694.554 1694.55 1e+100
4 8902.37 8902.37 1e+100
3 2232.45 8929.82 1e+100
5 12394 12394 1e+100
1 2354.91 9419.64 1e+100
0 1546.16 6184.65 1e+100
0 7403.29 7403.29 1e+100
0 10141.5 10141.5 1e+100
2 59.5722 238.289 1e+100
1 10424.2 10424.2 1e+100
2 1280.03 1280.03 1e+100
5 6875.09 7875.09 1e+100
2 9699.05 9699.05 1e+100
0 11167.3 11167.3 1e+100
2 7770.55 7770.55 1e+100
2 11165 11165 1e+100
5 2607.3 10429.2 1e+100
5 4458.81 4458.81 1e+100
0 3833.06 3833.06 1e+100
3 1398.82 5595.28 1e+100
3 6610.9 6610.9 1e+100
0 1472.36 1472.36 1e+100
4 2712.83 2712.83 1e+100
3 2976.2 3976.2 1e+100
2 2055.11 2055.11 1e+100
4 185.775 4743.1 1e+100
1 1370.8 2370.8 1e+100
50
3 157.414 1629.66 1e+100
5 2788.04 11152.2 1e+100
2 2336.47 6336.47 1e+100
4 228.495 228.495 1e+100
0 562.309 562.309 1e+100
2 300.611 1202.44 1e+100
1 2403.53 9614.13 1e+100
4 8979.39 8979.39 1e+100
3 1424.63 5698.52 1e+100
0 5725.42 22901.7 1e+100
5 325.742 1302.97 1e+100
2 7180.4 7180.4 1e+100
2 3486.59 13946.4 1e+100
4 11744.7 11744.7 1e+100
3 2958.71 11834.8 1e+100
0 10904.1 10904.1 1e+100
4 1143.85 8575.41 1e+100
0 2821.58 11286.3 1e+100
4 9630.19 9630.19 1e+100
0 984.661 984.661 1e+100
2 11639.6 11639.6 1e+100
3 9169.97 10170 1e+100
1 8354.82 9354.82 1e+100
5 868.193 3472.77 1e+100
5 13889 13889 1e+100
1 3036.88 12147.5 1e+100
4 2427.37 9709.49 1e+100
0 9813.26 9813.26 1e+100
5 8944.52 9944.52 1e+100
4 93.6077 374.431 1e+100
1 9294.48 9294.48 1e+100
2 9726.64 9726.64 1e+100
2 4594.83 4594.83 1e+100
4 9338.5 9338.5 1e+100
0 10784.5 10784.5 1e+100
5 506.773 3027.09 1e+100
2 287.744 1150.98 1e+100
3 1727.13 6908.51 1e+100
3 241.531 1966.12 1e+100
0 2197.08 8788.34 1e+100
0 4402.16 4402.16 1e+100
3 3301.15 3301.15 1e+100
5 8925.9 9925.9 1e+100
5 4148.59 16594.4 1e+100
2 10653.9 10653.9 1e+100
5 1309.25 5237.02 1e+100
3 10192.5 10192.5 1e+100
2 4932.27 4932.27 1e+100
1 2741.29 10965.2 1e+100
3 7131.49 8131.49 1e+100
67
3 157.414 1629.66 1e+100
3 8729.47 34917.9 1e+100
3 16494.1 16494.1 1e+100
4 228.495 228.495 1e+100
0 562.309 562.309 1e+100
2 300.611 1202.44 1e+100
1 2403.53 9614.13 1e+100
4 11463.4 11463.4 1e+100
3 1424.63 5698.52 1e+100
5 4104.31 17417.2 1e+100
5 325.742 1302.97 1e+100
0 14849.2 14849.2 1e+100
0 3462.97 13851.9 1e+100
4 5904.76 5904.76 1e+100
5 2065.2 8260.79 1e+100
2 16781.8 16781.8 1e+100
2 1194.6 8778.4 1e+100
2 5429.22 21716.9 1e+100
1 3792.68 4792.68 1e+100
2 11339.3 11339.3 1e+100
0 17493.3 17493.3 1e+100
3 12433.1 12433.1 1e+100
0 500.878 2003.51 1e+100
5 13883.6 13883.6 1e+100
2 14282.7 14282.7 1e+100
4 14546 14546 1e+100
2 1672.23 10688.9 1e+100
4 2400.82 9603.3 1e+100
0 5506.74 22027 1e+100
0 14579.9 14579.9 1e+100
1 13607.1 13607.1 1e+100
2 16714.7 16714.7 1e+100
0 17459.5 17459.5 1e+100
4 10884.8 10884.8 1e+100
3 3159.84 12639.4 1e+100
1 10678.5 11678.5 1e+100
4 4155.03 16620.1 1e+100
3 13438.9 13438.9 1e+100
3 402.987 1611.95 1e+100
1 13546.9 13546.9 1e+100
5 1632.4 7529.61 1e+100
0 8476.58 8476.58 1e+100
3 14668.3 14668.3 1e+100
5 12088.3 12088.3 1e+100
4 13758.9 13758.9 1e+100
2 9084.96 9084.96 1e+100
0 62.5769 250.308 1e+100
4 15797.5 15797.5 1e+100
3 4713.41 18853.6 1e+100
2 2969.33 11877.3 1e+100
3 6260.1 25040.4 1e+100
5 15456.2 15456.2 1e+100
0 6083.84 24335.4 1e+100
0 3977.01 15908 1e+100
3 15694.8 15694.8 1e+100
5 2142.97 9571.89 1e+100
1 1421.21 5684.82 1e+100
2 15718.9 15718.9 1e+100
5 7409.31 29637.2 1e+100
0 16153.7 16153.7 1e+100
1 4471.51 18886 1e+100
4 3313.1 13252.4 1e+100
1 6231.95 24927.8 1e+100
5 4074.71 16298.9 1e+100
5 12559.9 12559.9 1e+100
1 15079.3 15079.3 1e+100
2 4100.72 16402.9 1e+100
53
3 162.574 162.574 1e+100
0 532.056 2128.22 1e+100
4 856.912 3427.65 1e+100
5 298.417 1193.67 1e+100
1 609.238 609.238 1e+100
2 310.809 310.809 1e+100
3 11314.6 11314.6 1e+100
3 1608.83 6435.31 1e+100
0 13281.2 13281.2 1e+100
5 1487.15 2487.15 1e+100
3 12552.7 12552.7 1e+100
1 1958.26 7833.03 1e+100
2 1876.06 7504.26 1e+100
1 11431 11431 1e+100
2 3993.89 15975.5 1e+100
5 10850.7 10850.7 1e+100
5 12416.1 12416.1 1e+100
5 14288.1 14288.1 1e+100
4 10263.5 10263.5 1e+100
5 4207.06 17828.2 1e+100
0 7926.75 7926.75 1e+100
0 459.966 1839.86 1e+100
1 12261.1 12261.1 1e+100
3 14662.6 14662.6 1e+100
4 11690.8 11690.8 1e+100
1 1609.43 7437.71 1e+100
1 3601.54 15406.2 1e+100
4 592.193 592.193 1e+100
4 4573.7 4573.7 1e+100
4 5894.74 5894.74 1e+100
5 175.77 703.082 1e+100
2 3573.47 3573.47 1e+100
4 1507.48 6029.91 1e+100
3 949.531 949.531 1e+100
0 934.949 7739.8 1e+100
1 11852 11852 1e+100
2 4718.01 18872 1e+100
0 6361.12 6361.12 1e+100
0 10479.3 10479.3 1e+100
0 2261.28 2261.28 1e+100
3 4408.72 5408.72 1e+100
2 11618.3 11618.3 1e+100
3 1967.26 7869.03 1e+100
1 4523.48 4523.48 1e+100
2 5786.79 5786.79 1e+100
1 2167.03 8668.14 1e+100
3 8825.49 8825.49 1e+100
2 7129.49 7129.49 1e+100
4 11068.8 11068.8 1e+100
2 9016.32 9016.32 1e+100
0 10859.6 10859.6 1e+100
5 593.176 2372.7 1e+100
5 2802.12 3802.12 1e+100
