44
3 185.349 1185.35 1e+100
4 856.912 3427.65 1e+100
0 411.215 1644.86 1e+100
1 438.331 1438.33 1e+100
9 283.324 1133.3 1e+100
2 1250.71 5002.85 1e+100
6 784.172 784.172 1e+100
5 494.955 494.955 1e+100
3 786.594 786.594 1e+100
1 1552.58 1552.58 1e+100
8 1262.97 1262.97 1e+100
7 2645.31 3645.31 1e+100
7 456.134 1824.54 1e+100
0 709.366 709.366 1e+100
0 3024.91 3024.91 1e+100
6 320.856 320.856 1e+100
4 367.083 1468.33 1e+100
3 396.756 1396.76 1e+100
5 150.735 1150.74 1e+100
2 1167.49 1167.49 1e+100
1 383.958 1383.96 1e+100
9 3670.51 4670.51 1e+100
5 3728.13 3728.13 1e+100
9 170.314 1681.26 1e+100
0 4329.17 4329.17 1e+100
4 768.951 3075.81 1e+100
8 494.757 494.757 1e+100
6 200.444 801.777 1e+100
6 4165.24 4165.24 1e+100
4 3918.29 3918.29 1e+100
5 760.954 3043.81 1e+100
3 1169.92 4679.7 1e+100
0 988.45 988.45 1e+100
2 800.859 3203.44 1e+100
9 276.586 1106.34 1e+100
2 3980.08 3980.08 1e+100
8 3373.06 3373.06 1e+100
2 1909.63 1909.63 1e+100
7 1246.7 4986.79 1e+100
6 666.986 666.986 1e+100
1 455.067 1820.27 1e+100
8 1431.12 5724.47 1e+100
4 482.744 1930.98 1e+100
3 2374.65 9498.59 1e+100
44
7 847.181 4388.72 1e+100
3 134.389 134.389 1e+100
2 605.756 605.756 1e+100
6 194.261 194.261 1e+100
0 114.037 114.037 1e+100
4 487.658 487.658 1e+100
1 172.698 172.698 1e+100
5 383.971 1535.88 1e+100
8 1622.01 6488.05 1e+100
3 612.433 3449.73 1e+100
7 1232.27 4929.08 1e+100
9 354.778 354.778 1e+100
9 1657.95 2657.95 1e+100
6 914.179 914.179 1e+100
0 8033.39 8033.39 1e+100
7 6407.65 6407.65 1e+100
1 584.645 2338.58 1e+100
0 228.936 228.936 1e+100
3 3281.56 3281.56 1e+100
9 1846.02 7384.08 1e+100
8 1734.32 5734.32 1e+100
4 425.181 425.181 1e+100
3 248.464 1993.85 1e+100
1 1242.46 5969.85 1e+100
7 649.969 3599.88 1e+100
0 543.941 543.941 1e+100
6 1400.82 5603.29 1e+100
5 416.164 416.164 1e+100
6 3972.19 3972.19 1e+100
4 587.506 2350.03 1e+100
0 1595.46 6381.85 1e+100
8 4371.41 4371.41 1e+100
5 3491.84 3491.84 1e+100
5 4910.02 4910.02 1e+100
2 961.1 3844.4 1e+100
7 1199.51 1199.51 1e+100
4 2227.07 2227.07 1e+100
8 2001.55 8006.18 1e+100
5 1250.09 1250.09 1e+100
9 3506.14 3506.14 1e+100
9 888.181 3552.73 1e+100
1 1560.27 1560.27 1e+100
2 2286.29 2286.29 1e+100
3 1129.55 4518.18 1e+100
44
1 1123.52 5494.1 1e+100
6 707.96 707.96 1e+100
5 905.985 1905.99 1e+100
0 426.539 1706.15 1e+100
1 1639.72 7558.88 1e+100
7 317.262 1269.05 1e+100
9 303.738 1214.95 1e+100
3 3096.96 3096.96 1e+100
8 400.625 1602.5 1e+100
2 294.106 1176.42 1e+100
3 812.407 1812.41 1e+100
4 660.045 660.045 1e+100
6 1637.09 1637.09 1e+100
2 1403.6 9614.4 1e+100
7 5924.98 6924.98 1e+100
0 235.727 235.727 1e+100
2 2530.68 10122.7 1e+100
5 185.492 1741.97 1e+100
8 6815.67 6815.67 1e+100
9 477.702 2910.81 1e+100
7 1242.46 5969.84 1e+100
3 6423.67 6423.67 1e+100
6 4277.95 4277.95 1e+100
1 356.326 1425.3 1e+100
9 1700.38 6801.52 1e+100
6 2404.96 9619.84 1e+100
4 396.173 1584.69 1e+100
9 5074.53 5074.53 1e+100
1 1666.55 7666.22 1e+100
0 821.195 7284.78 1e+100
3 1108.31 4433.22 1e+100
5 1.79969 7.19876 1e+100
0 2996.25 2996.25 1e+100
2 1626.6 6506.4 1e+100
9 2037.81 8151.23 1e+100
8 723.215 723.215 1e+100
4 3681.41 3681.41 1e+100
2 2735.37 2735.37 1e+100
7 426.2 1704.8 1e+100
1 1837.77 2837.77 1e+100
3 1935.5 7742 1e+100
4 1739.47 6957.88 1e+100
8 1718.04 6872.18 1e+100
5 1206.52 4826.09 1e+100
37
2 225.118 900.472 1e+100
8 1448.25 1448.25 1e+100
6 2532.76 2532.76 1e+100
3 1368.26 2368.26 1e+100
1 191.999 767.997 1e+100
2 1127.73 4510.92 1e+100
7 631.729 3526.92 1e+100
5 308.958 1235.83 1e+100
0 134.321 134.321 1e+100
4 527.241 527.241 1e+100
8 1226.4 1226.4 1e+100
0 496.765 1987.06 1e+100
5 147.139 147.139 1e+100
1 181.026 1181.03 1e+100
9 1171.93 5687.73 1e+100
2 223.869 895.478 1e+100
7 90.2684 1361.07 1e+100
4 234.89 234.89 1e+100
3 868.246 4472.99 1e+100
5 2162.89 2162.89 1e+100
0 1181.53 1181.53 1e+100
8 967.649 3870.6 1e+100
1 524.394 3097.57 1e+100
6 201.763 4807.05 1e+100
7 2260.42 9041.7 1e+100
9 3136.97 4136.97 1e+100
4 1340.87 5363.47 1e+100
9 1141.99 4567.94 1e+100
2 2556.11 2556.11 1e+100
6 4029.87 4029.87 1e+100
4 2449.64 2449.64 1e+100
3 1303.46 5213.83 1e+100
8 1636.92 1636.92 1e+100
1 1261.41 5045.63 1e+100
6 2087.92 8351.69 1e+100
0 1239.47 4957.89 1e+100
5 2046.35 8185.39 1e+100
37
1 1123.52 5494.1 1e+100
6 707.96 707.96 1e+100
5 905.985 1905.99 1e+100
0 426.539 1706.15 1e+100
1 1639.72 7558.88 1e+100
7 317.262 1269.05 1e+100
9 303.738 1214.95 1e+100
0 1797.76 5797.76 1e+100
8 400.625 1602.5 1e+100
2 294.106 1176.42 1e+100
3 409.435 1409.43 1e+100
6 447.535 447.535 1e+100
4 466.888 1867.55 1e+100
2 446.78 1787.12 1e+100
8 3158.27 3158.27 1e+100
5 824.668 4298.67 1e+100
3 327.266 2309.07 1e+100
7 57.8092 57.8092 1e+100
7 2095.75 3095.75 1e+100
1 356.326 1425.3 1e+100
9 542.485 2169.94 1e+100
0 903.016 3612.06 1e+100
4 1175.08 4700.3 1e+100
9 2121.39 2121.39 1e+100
6 17.5613 70.2454 1e+100
3 1307.74 5230.97 1e+100
0 2231.31 2231.31 1e+100
2 542.599 542.599 1e+100
5 692.588 3770.35 1e+100
6 724.44 724.44 1e+100
1 1442.33 1442.33 1e+100
5 2306.94 2306.94 1e+100
8 2204.39 2204.39 1e+100
4 963.219 963.219 1e+100
0 3081.07 3081.07 1e+100
9 1754.18 1754.18 1e+100
2 876.443 3505.77 1e+100
37
7 847.181 4388.72 1e+100
3 134.389 134.389 1e+100
2 605.756 605.756 1e+100
6 194.261 194.261 1e+100
0 114.037 114.037 1e+100
4 487.658 487.658 1e+100
1 172.698 172.698 1e+100
5 383.971 1535.88 1e+100
8 1622.01 6488.05 1e+100
0 1577.2 6308.81 1e+100
7 1232.27 4929.08 1e+100
9 354.778 354.778 1e+100
7 4099.07 5099.07 1e+100
4 5453.26 5453.26 1e+100
6 820.971 820.971 1e+100
2 1246.53 5246.53 1e+100
6 5979.2 5979.2 1e+100
3 117.825 471.298 1e+100
4 9210.23 9210.23 1e+100
7 5587.77 5587.77 1e+100
2 7634.43 7634.43 1e+100
9 712.393 3849.57 1e+100
6 1954.34 7817.37 1e+100
1 249.719 1998.88 1e+100
6 6627.55 6627.55 1e+100
4 5675.75 5675.75 1e+100
1 3749.63 4749.63 1e+100
4 978.948 978.948 1e+100
1 146.016 1584.07 1e+100
0 4111.96 4111.96 1e+100
5 626.971 2507.89 1e+100
9 77.4093 309.637 1e+100
3 899.207 4596.83 1e+100
9 1785.7 2785.7 1e+100
0 598.387 598.387 1e+100
5 1201.5 5806 1e+100
2 1062.13 1062.13 1e+100
41
2 225.118 900.472 1e+100
8 1448.25 1448.25 1e+100
6 2532.76 2532.76 1e+100
3 1368.26 2368.26 1e+100
1 191.999 767.997 1e+100
2 1127.73 4510.92 1e+100
7 631.729 3526.92 1e+100
5 308.958 1235.83 1e+100
0 134.321 134.321 1e+100
4 2497.12 2497.12 1e+100
9 893.731 3574.92 1e+100
4 421.611 421.611 1e+100
1 1783.44 7133.76 1e+100
0 4577.02 4577.02 1e+100
3 2486.52 2486.52 1e+100
0 1735.97 6943.87 1e+100
9 2561.26 10245.1 1e+100
5 147.139 147.139 1e+100
2 613.7 613.7 1e+100
6 1595.51 6382.03 1e+100
8 418.096 1672.38 1e+100
7 90.2684 1361.07 1e+100
6 2749.1 2749.1 1e+100
5 1745.9 7983.59 1e+100
5 5788.99 5788.99 1e+100
2 4330.19 4330.19 1e+100
1 394.562 2578.25 1e+100
4 1445.42 5781.66 1e+100
4 3864.04 3864.04 1e+100
3 4502.47 4502.47 1e+100
3 5920.65 5920.65 1e+100
2 225.273 901.093 1e+100
1 1920.98 1920.98 1e+100
8 1149.54 1149.54 1e+100
7 1334.75 6338.98 1e+100
5 3063.07 3063.07 1e+100
3 1788.51 1788.51 1e+100
9 533.828 2135.31 1e+100
7 2242.24 2242.24 1e+100
6 2128.17 2128.17 1e+100
9 1953.48 7813.94 1e+100
48
7 847.181 4388.72 1e+100
3 134.389 134.389 1e+100
2 605.756 605.756 1e+100
6 194.261 194.261 1e+100
0 114.037 114.037 1e+100
4 487.658 487.658 1e+100
1 172.698 172.698 1e+100
5 383.971 1535.88 1e+100
8 1622.01 6488.05 1e+100
3 612.433 3449.73 1e+100
7 1232.27 4929.08 1e+100
9 354.778 354.778 1e+100
2 1374.54 1374.54 1e+100
4 1746.2 1746.2 1e+100
6 3808.32 3808.32 1e+100
7 3337.36 3337.36 1e+100
0 5723.1 5723.1 1e+100
1 1166.61 4666.44 1e+100
2 4374.2 4374.2 1e+100
1 6677.5 6677.5 1e+100
0 626.867 626.867 1e+100
9 712.393 3849.57 1e+100
6 290.519 1162.08 1e+100
2 2062.23 8248.92 1e+100
0 1256.73 5026.91 1e+100
4 1977.24 1977.24 1e+100
3 574.429 3297.72 1e+100
7 5253.31 5253.31 1e+100
8 1522.35 6089.4 1e+100
9 1419.25 1419.25 1e+100
7 3120.51 12482.1 1e+100
3 1757.28 7029.13 1e+100
5 954.645 3818.58 1e+100
6 4876.78 4876.78 1e+100
1 735.637 2942.55 1e+100
0 4814.16 4814.16 1e+100
1 1954.05 1954.05 1e+100
5 3650.76 3650.76 1e+100
3 1856.09 8424.38 1e+100
3 4359.33 4359.33 1e+100
6 2113.09 2113.09 1e+100
8 2649.86 10599.5 1e+100
5 1477.63 1477.63 1e+100
5 5024.28 5024.28 1e+100
4 1624.96 10499.9 1e+100
9 3863.23 3863.23 1e+100
2 2192.71 2192.71 1e+100
9 511.359 2045.44 1e+100
35
4 383.487 383.487 1e+100
9 517.545 2070.18 1e+100
5 1565.72 1565.72 1e+100
1 617.584 617.584 1e+100
0 312.572 312.572 1e+100
7 900.165 3600.66 1e+100
8 1176.01 4704.03 1e+100
6 1025.53 4102.13 1e+100
3 163.037 652.148 1e+100
2 490.212 490.212 1e+100
3 4064.26 5064.26 1e+100
6 1368.42 1368.42 1e+100
0 185.683 742.731 1e+100
1 306.176 1306.18 1e+100
4 500.608 500.608 1e+100
3 373.536 1373.54 1e+100
2 198.802 198.802 1e+100
8 712.398 712.398 1e+100
7 560.666 560.666 1e+100
9 170.314 1681.26 1e+100
0 807.387 807.387 1e+100
5 7.28074 1029.12 1e+100
2 1990.23 1990.23 1e+100
6 590.366 2361.46 1e+100
6 2694.62 2694.62 1e+100
9 1507.99 2507.99 1e+100
5 1178.78 1178.78 1e+100
3 1752.58 1752.58 1e+100
1 120.915 1483.66 1e+100
4 97.6387 390.555 1e+100
4 1676.43 1676.43 1e+100
2 2483.2 2483.2 1e+100
7 345.28 1381.12 1e+100
8 478.444 1913.78 1e+100
0 455.832 455.832 1e+100
42
1 1123.52 5494.1 1e+100
6 707.96 707.96 1e+100
5 905.985 1905.99 1e+100
0 426.539 1706.15 1e+100
0 2591.5 10366 1e+100
7 317.262 1269.05 1e+100
9 303.738 1214.95 1e+100
3 4970.81 4970.81 1e+100
8 400.625 1602.5 1e+100
2 294.106 1176.42 1e+100
3 1351.56 2351.56 1e+100
4 181.716 181.716 1e+100
6 1474.56 1474.56 1e+100
1 3778.99 3778.99 1e+100
1 722.113 1722.11 1e+100
9 1481.78 5927.12 1e+100
5 1426.7 2426.7 1e+100
3 6291.81 6291.81 1e+100
8 4304.37 4304.37 1e+100
2 1195.03 4780.1 1e+100
7 647.52 3590.08 1e+100
4 1117.61 4470.45 1e+100
0 4398.66 17594.6 1e+100
8 4544.19 4544.19 1e+100
0 1333.95 5335.82 1e+100
1 3274.87 3274.87 1e+100
6 1194.99 4779.98 1e+100
9 5618.71 5618.71 1e+100
3 598.032 2392.13 1e+100
1 173.991 695.964 1e+100
9 1353.73 5414.93 1e+100
7 683.698 1683.7 1e+100
5 1993.2 7972.8 1e+100
5 3162.23 3162.23 1e+100
1 3925.11 3925.11 1e+100
2 416.706 1666.83 1e+100
9 2213.87 9855.47 1e+100
8 3959.34 3959.34 1e+100
6 3938.44 3938.44 1e+100
7 1054.17 4216.69 1e+100
6 610.312 2441.25 1e+100
2 1974.51 1974.51 1e+100
43
4 383.487 383.487 1e+100
9 517.545 2070.18 1e+100
5 1565.72 1565.72 1e+100
1 617.584 617.584 1e+100
0 312.572 312.572 1e+100
7 900.165 3600.66 1e+100
8 1176.01 4704.03 1e+100
6 1025.53 4102.13 1e+100
3 163.037 652.148 1e+100
2 490.212 490.212 1e+100
0 471.718 471.718 1e+100
4 512.594 512.594 1e+100
7 833.23 1833.23 1e+100
9 489.569 1958.28 1e+100
2 1413.85 1413.85 1e+100
0 1103 1103 1e+100
3 233.999 1936 1e+100
6 1498.59 1498.59 1e+100
8 2034.71 2034.71 1e+100
4 1765.21 1765.21 1e+100
0 4020.34 4020.34 1e+100
8 3328.83 3328.83 1e+100
1 279.285 279.285 1e+100
9 622.603 3490.41 1e+100
0 1776.59 1776.59 1e+100
3 925.112 4700.45 1e+100
7 296.027 1296.03 1e+100
5 415.385 2661.54 1e+100
5 2519.64 3519.64 1e+100
6 3840.01 3840.01 1e+100
2 3573.27 3573.27 1e+100
9 1138.98 1138.98 1e+100
7 4371.47 4371.47 1e+100
6 1316.38 5265.52 1e+100
1 1087.86 1087.86 1e+100
8 5239.67 5239.67 1e+100
2 1203.41 4813.63 1e+100
7 2198.34 2198.34 1e+100
3 3694.24 3694.24 1e+100
3 1076.28 4305.11 1e+100
1 3461.65 3461.65 1e+100
4 493.34 493.34 1e+100
9 1398.71 5594.84 1e+100
32
1 1123.52 5494.1 1e+100
6 707.96 707.96 1e+100
5 905.985 1905.99 1e+100
0 426.539 1706.15 1e+100
1 1639.72 7558.88 1e+100
7 317.262 1269.05 1e+100
9 303.738 1214.95 1e+100
5 2151.23 2151.23 1e+100
8 400.625 1602.5 1e+100
2 294.106 1176.42 1e+100
4 527.241 527.241 1e+100
6 447.535 447.535 1e+100
2 568.139 2272.55 1e+100
0 83.0615 83.0615 1e+100
2 2042.3 2042.3 1e+100
7 1637.01 2637.01 1e+100
4 108.652 108.652 1e+100
0 1740.15 1740.15 1e+100
1 159.519 159.519 1e+100
3 174.654 1698.61 1e+100
5 934.099 1934.1 1e+100
9 391.447 2565.79 1e+100
4 1900.08 1900.08 1e+100
6 200.444 801.777 1e+100
6 2304.7 2304.7 1e+100
5 2021.43 3021.43 1e+100
9 907.136 3628.54 1e+100
3 474.47 2897.88 1e+100
7 987.376 1987.38 1e+100
8 690.431 690.431 1e+100
1 83.525 1334.1 1e+100
2 1244.87 1244.87 1e+100
45
4 383.487 383.487 1e+100
9 517.545 2070.18 1e+100
5 1565.72 1565.72 1e+100
1 617.584 617.584 1e+100
0 312.572 312.572 1e+100
7 900.165 3600.66 1e+100
8 1176.01 4704.03 1e+100
6 1025.53 4102.13 1e+100
3 163.037 652.148 1e+100
2 490.212 490.212 1e+100
6 4234.31 4234.31 1e+100
9 762.279 3049.12 1e+100
4 505.907 505.907 1e+100
7 1229.73 4918.9 1e+100
0 465.174 465.174 1e+100
5 2162.72 2162.72 1e+100
2 2029.85 8119.39 1e+100
1 1622.21 6488.85 1e+100
8 960.186 960.186 1e+100
7 6168.37 7168.37 1e+100
3 492.394 1492.39 1e+100
4 22.9753 22.9753 1e+100
9 4096.67 5096.67 1e+100
0 494.332 4494.33 1e+100
9 669.344 3677.37 1e+100
2 2316.81 2316.81 1e+100
7 1286.5 6145.99 1e+100
4 1814.4 1814.4 1e+100
0 1836.26 7345.04 1e+100
0 3940.51 3940.51 1e+100
5 3917.84 4917.84 1e+100
8 1310.78 9243.13 1e+100
3 204.868 819.472 1e+100
2 3230.24 3230.24 1e+100
1 778.881 4115.52 1e+100
9 702.738 2810.95 1e+100
3 4125.78 5125.78 1e+100
6 3974.16 3974.16 1e+100
4 3119.12 3119.12 1e+100
3 1253.15 5012.59 1e+100
8 2925.98 2925.98 1e+100
5 229.569 918.276 1e+100
6 2032.21 8128.86 1e+100
7 1000.29 5001.16 1e+100
1 1680.09 6720.34 1e+100
42
4 383.487 383.487 1e+100
9 517.545 2070.18 1e+100
5 1565.72 1565.72 1e+100
1 617.584 617.584 1e+100
0 312.572 312.572 1e+100
7 900.165 3600.66 1e+100
8 1176.01 4704.03 1e+100
6 1025.53 4102.13 1e+100
3 163.037 652.148 1e+100
2 490.212 490.212 1e+100
0 1039.03 1039.03 1e+100
8 1950.22 1950.22 1e+100
4 429.56 429.56 1e+100
1 1783.02 1783.02 1e+100
7 619.395 2477.58 1e+100
4 1468.25 1468.25 1e+100
9 233.295 233.295 1e+100
5 1885.79 7543.17 1e+100
3 48.9311 1195.72 1e+100
4 2517.77 2517.77 1e+100
0 854.496 3417.98 1e+100
2 348.376 1393.5 1e+100
1 3658.61 3658.61 1e+100
7 4579.32 5579.32 1e+100
7 1287.58 5150.32 1e+100
5 2471.07 9884.27 1e+100
3 1502 7007.98 1e+100
6 1075.06 4300.23 1e+100
3 4903.67 4903.67 1e+100
8 1311.64 5246.57 1e+100
9 180.516 722.062 1e+100
4 2778.93 2778.93 1e+100
2 628.116 628.116 1e+100
0 722.417 2889.67 1e+100
8 2018.52 2018.52 1e+100
3 1146.81 1146.81 1e+100
9 1681.75 1681.75 1e+100
0 2047.5 2047.5 1e+100
6 863.202 863.202 1e+100
2 3391.12 3391.12 1e+100
5 1916.56 1916.56 1e+100
2 961.96 3847.84 1e+100
41
7 847.181 4388.72 1e+100
3 134.389 134.389 1e+100
2 605.756 605.756 1e+100
6 194.261 194.261 1e+100
0 114.037 114.037 1e+100
4 487.658 487.658 1e+100
1 172.698 172.698 1e+100
5 383.971 1535.88 1e+100
8 1622.01 6488.05 1e+100
2 1385.82 5543.26 1e+100
7 1232.27 4929.08 1e+100
9 354.778 354.778 1e+100
3 505.66 1505.66 1e+100
0 981.644 981.644 1e+100
6 989.977 989.977 1e+100
1 717.719 2870.88 1e+100
4 410.99 410.99 1e+100
7 4029.93 5029.93 1e+100
9 284.126 2136.51 1e+100
2 1248.12 4992.49 1e+100
0 2195.41 2195.41 1e+100
5 176.902 1707.61 1e+100
3 3805.82 3805.82 1e+100
3 1141.07 5564.27 1e+100
8 1399.18 5399.18 1e+100
5 1933.91 7735.63 1e+100
7 1027.17 4108.68 1e+100
1 924.932 3699.73 1e+100
6 1330.37 1330.37 1e+100
9 384.757 1539.03 1e+100
4 3008.78 3008.78 1e+100
4 898.33 898.33 1e+100
9 1381.67 6526.67 1e+100
6 2644.6 2644.6 1e+100
5 1432.24 1432.24 1e+100
9 2996.02 2996.02 1e+100
8 2730.03 2730.03 1e+100
2 973.668 973.668 1e+100
0 853.747 853.747 1e+100
1 465.103 465.103 1e+100
8 314.057 1256.23 1e+100
33
2 225.118 900.472 1e+100
8 1448.25 1448.25 1e+100
6 2532.76 2532.76 1e+100
3 1368.26 2368.26 1e+100
1 191.999 767.997 1e+100
2 1127.73 4510.92 1e+100
7 631.729 3526.92 1e+100
5 308.958 1235.83 1e+100
0 134.321 134.321 1e+100
4 802.544 802.544 1e+100
9 893.731 3574.92 1e+100
0 1578.45 1578.45 1e+100
3 2374.67 9498.68 1e+100
2 2720.7 2720.7 1e+100
9 4386.81 4386.81 1e+100
1 1590.32 7361.28 1e+100
9 2561.26 10245.1 1e+100
2 5092.35 5092.35 1e+100
5 408.052 1408.05 1e+100
6 1826.17 1826.17 1e+100
0 1598.69 1598.69 1e+100
4 146.016 584.065 1e+100
3 975.552 1975.55 1e+100
7 199.065 796.262 1e+100
5 421.311 421.311 1e+100
5 2531.44 2531.44 1e+100
1 475.155 2900.62 1e+100
8 511.597 2046.39 1e+100
6 1596.58 1596.58 1e+100
0 1895.78 1895.78 1e+100
7 1743.37 6973.47 1e+100
2 242.693 970.774 1e+100
4 657.599 657.599 1e+100
41
2 225.118 900.472 1e+100
8 1448.25 1448.25 1e+100
6 2532.76 2532.76 1e+100
3 1368.26 2368.26 1e+100
1 191.999 767.997 1e+100
2 1127.73 4510.92 1e+100
7 631.729 3526.92 1e+100
5 308.958 1235.83 1e+100
0 134.321 134.321 1e+100
9 1006 2006 1e+100
1 3377.54 13510.1 1e+100
4 421.611 421.611 1e+100
3 2374.67 9498.68 1e+100
2 2720.7 2720.7 1e+100
9 6241.26 6241.26 1e+100
6 3634.69 14538.8 1e+100
1 886.657 3546.63 1e+100
5 620.168 3480.67 1e+100
2 4557.55 4557.55 1e+100
0 551.024 2204.1 1e+100
4 376.736 1506.94 1e+100
7 3025.56 3025.56 1e+100
4 5061.77 5061.77 1e+100
7 229.965 919.86 1e+100
5 2301.15 9204.6 1e+100
9 783.779 4135.11 1e+100
4 1841.68 7366.7 1e+100
3 4433.68 4433.68 1e+100
8 629.796 2519.19 1e+100
1 2470.6 9882.39 1e+100
3 1860.77 2860.77 1e+100
0 4624.3 4624.3 1e+100
0 418.945 1675.78 1e+100
8 1336.68 1336.68 1e+100
9 428.589 428.589 1e+100
1 3971.83 3971.83 1e+100
6 2203.23 2203.23 1e+100
7 1631.54 2631.54 1e+100
2 3616.86 3616.86 1e+100
5 1746.65 1746.65 1e+100
0 1182.46 4729.83 1e+100
28
2 225.118 900.472 1e+100
8 1448.25 1448.25 1e+100
6 2532.76 2532.76 1e+100
3 1368.26 2368.26 1e+100
1 191.999 767.997 1e+100
2 1127.73 4510.92 1e+100
7 631.729 3526.92 1e+100
5 308.958 1235.83 1e+100
0 134.321 134.321 1e+100
4 527.241 527.241 1e+100
8 1226.4 1226.4 1e+100
0 496.765 1987.06 1e+100
8 1514.16 1514.16 1e+100
1 407.41 1407.41 1e+100
4 340.262 340.262 1e+100
9 325.666 1325.67 1e+100
6 669.714 2678.86 1e+100
2 324.519 324.519 1e+100
5 34.9031 139.613 1e+100
1 420.67 420.67 1e+100
9 1105.68 1105.68 1e+100
3 501.878 3007.51 1e+100
4 85.373 341.492 1e+100
7 503.165 1503.16 1e+100
0 1209.39 1209.39 1e+100
5 1579.21 6316.82 1e+100
2 427.833 1711.33 1e+100
4 530.906 530.906 1e+100
38
4 383.487 383.487 1e+100
9 517.545 2070.18 1e+100
5 1565.72 1565.72 1e+100
1 617.584 617.584 1e+100
0 312.572 312.572 1e+100
7 900.165 3600.66 1e+100
8 1176.01 4704.03 1e+100
6 1025.53 4102.13 1e+100
3 163.037 652.148 1e+100
2 490.212 490.212 1e+100
0 471.718 471.718 1e+100
4 666.018 666.018 1e+100
9 1434.87 2434.87 1e+100
3 610.523 2442.09 1e+100
4 1780.15 1780.15 1e+100
8 1810.44 1810.44 1e+100
2 1343.58 5374.32 1e+100
6 344.744 344.744 1e+100
0 1272.9 1272.9 1e+100
1 1225.9 2225.9 1e+100
7 1785.53 2785.53 1e+100
5 200.284 1801.14 1e+100
4 2639.95 2639.95 1e+100
5 2151.21 8604.85 1e+100
9 537.501 2150 1e+100
3 228.678 914.713 1e+100
2 2348 2348 1e+100
0 939.044 3756.18 1e+100
2 353.017 5412.07 1e+100
0 2605.94 2605.94 1e+100
8 2768.52 2768.52 1e+100
0 3862.39 3862.39 1e+100
3 1276.96 5107.83 1e+100
6 243.978 243.978 1e+100
9 1364.7 5458.78 1e+100
8 826.575 3306.3 1e+100
1 403.014 2612.06 1e+100
7 1226.12 4904.48 1e+100
38
2 225.118 900.472 1e+100
8 1448.25 1448.25 1e+100
6 2532.76 2532.76 1e+100
3 1368.26 2368.26 1e+100
1 191.999 767.997 1e+100
1 2251.11 10004.4 1e+100
7 631.729 3526.92 1e+100
5 308.958 1235.83 1e+100
0 134.321 134.321 1e+100
2 383.661 383.661 1e+100
8 1226.4 1226.4 1e+100
0 496.765 1987.06 1e+100
2 923.492 923.492 1e+100
4 180.679 180.679 1e+100
9 560.41 1560.41 1e+100
7 1188.21 2188.21 1e+100
4 1474.8 1474.8 1e+100
3 187.646 187.646 1e+100
5 319.916 2279.67 1e+100
6 956.54 956.54 1e+100
0 898.633 3594.53 1e+100
4 3328.8 3328.8 1e+100
8 448.348 1793.39 1e+100
8 4565.69 4565.69 1e+100
6 2043.87 2043.87 1e+100
2 3793.74 3793.74 1e+100
5 4040.45 4040.45 1e+100
9 472.248 472.248 1e+100
1 157.542 1630.17 1e+100
3 996.22 996.22 1e+100
8 1926.16 1926.16 1e+100
2 1423.87 5695.47 1e+100
1 4547.77 4547.77 1e+100
1 2277.09 2277.09 1e+100
5 426.54 1706.16 1e+100
7 1654.22 1654.22 1e+100
0 266.218 266.218 1e+100
9 1030.53 4122.11 1e+100
36
2 225.118 900.472 1e+100
8 1448.25 1448.25 1e+100
6 2532.76 2532.76 1e+100
3 1368.26 2368.26 1e+100
1 191.999 767.997 1e+100
2 1127.73 4510.92 1e+100
7 631.729 3526.92 1e+100
5 308.958 1235.83 1e+100
0 134.321 134.321 1e+100
4 527.241 527.241 1e+100
8 1226.4 1226.4 1e+100
0 496.765 1987.06 1e+100
5 147.139 147.139 1e+100
1 181.026 1181.03 1e+100
9 1171.93 5687.73 1e+100
2 223.869 895.478 1e+100
7 90.2684 1361.07 1e+100
4 234.89 234.89 1e+100
3 868.246 4472.99 1e+100
5 3931.86 3931.86 1e+100
0 1181.53 1181.53 1e+100
8 967.649 3870.6 1e+100
1 524.394 3097.57 1e+100
6 3001 3001 1e+100
5 1596.13 1596.13 1e+100
1 4976.09 4976.09 1e+100
6 434.998 1739.99 1e+100
7 639.812 639.812 1e+100
8 2607.21 2607.21 1e+100
2 1537.1 6148.38 1e+100
9 4261.5 4261.5 1e+100
1 2496.57 2496.57 1e+100
4 157.807 4631.23 1e+100
7 3013.61 3013.61 1e+100
0 1362.31 1362.31 1e+100
9 32.3409 129.364 1e+100
47
2 225.118 900.472 1e+100
8 1448.25 1448.25 1e+100
6 2532.76 2532.76 1e+100
3 1368.26 2368.26 1e+100
1 191.999 767.997 1e+100
0 2748.68 10994.7 1e+100
7 631.729 3526.92 1e+100
5 308.958 1235.83 1e+100
0 134.321 134.321 1e+100
2 765.798 765.798 1e+100
9 384.684 1384.68 1e+100
4 2094.48 2094.48 1e+100
3 2380.28 2380.28 1e+100
8 2613.12 2613.12 1e+100
5 1595.53 6382.13 1e+100
6 3329.79 3329.79 1e+100
9 3524.79 3524.79 1e+100
1 1629.37 2629.37 1e+100
2 2150.65 8602.6 1e+100
7 1467.85 6871.4 1e+100
9 1320.58 6282.32 1e+100
8 2865.98 2865.98 1e+100
2 5310.74 5310.74 1e+100
5 2319.22 3319.22 1e+100
0 6091.34 6091.34 1e+100
8 6120.74 6120.74 1e+100
3 6757.02 6757.02 1e+100
1 1443.99 6775.94 1e+100
0 3847.6 3847.6 1e+100
2 2481.4 9925.62 1e+100
8 3576.74 3576.74 1e+100
4 819.452 3277.81 1e+100
4 2923.71 2923.71 1e+100
6 2544.37 2544.37 1e+100
6 5238.25 5238.25 1e+100
5 2349.08 2349.08 1e+100
5 3767.26 3767.26 1e+100
0 252.866 1011.46 1e+100
7 2808.86 2808.86 1e+100
7 753.421 1753.42 1e+100
3 1056.79 5227.16 1e+100
5 5748.01 5748.01 1e+100
1 4168.47 4168.47 1e+100
1 1550.5 6202.02 1e+100
3 1964.28 1964.28 1e+100
2 4026.43 4026.43 1e+100
9 1845.32 7381.26 1e+100
38
2 225.118 900.472 1e+100
8 1448.25 1448.25 1e+100
6 2532.76 2532.76 1e+100
3 1368.26 2368.26 1e+100
1 191.999 767.997 1e+100
2 1127.73 4510.92 1e+100
7 631.729 3526.92 1e+100
5 308.958 1235.83 1e+100
0 134.321 134.321 1e+100
4 809.231 809.231 1e+100
0 4177.7 4177.7 1e+100
4 4197.76 4197.76 1e+100
9 319.039 1276.16 1e+100
5 4608.91 5608.91 1e+100
6 4144.91 4144.91 1e+100
5 804.843 4219.37 1e+100
1 307.294 2229.18 1e+100
5 2055.41 3055.41 1e+100
2 1994.28 7977.12 1e+100
0 314.555 1258.22 1e+100
3 485.864 485.864 1e+100
4 447.518 447.518 1e+100
7 229.965 919.86 1e+100
9 525.154 2100.61 1e+100
6 1278.93 5115.7 1e+100
8 933.122 3732.49 1e+100
3 4602.84 4602.84 1e+100
7 1540.19 7160.77 1e+100
1 1103.85 4415.4 1e+100
9 3207.36 3207.36 1e+100
1 3018.48 3018.48 1e+100
3 409.616 2638.46 1e+100
9 764.174 4056.7 1e+100
2 1441.26 1441.26 1e+100
0 1431.87 1431.87 1e+100
7 1542.99 6171.96 1e+100
8 849.817 3399.27 1e+100
4 2043.69 2043.69 1e+100
31
4 383.487 383.487 1e+100
9 517.545 2070.18 1e+100
5 1565.72 1565.72 1e+100
1 617.584 617.584 1e+100
0 312.572 312.572 1e+100
7 900.165 3600.66 1e+100
8 1176.01 4704.03 1e+100
6 1025.53 4102.13 1e+100
3 163.037 652.148 1e+100
2 490.212 490.212 1e+100
4 493.144 493.144 1e+100
9 762.279 3049.12 1e+100
3 1316.87 2316.87 1e+100
7 1229.73 4918.9 1e+100
0 465.174 465.174 1e+100
9 2287.63 2287.63 1e+100
2 2029.85 8119.39 1e+100
1 1622.21 6488.85 1e+100
6 344.744 344.744 1e+100
5 1295.25 2295.25 1e+100
4 818.165 818.165 1e+100
8 1782 1782 1e+100
3 450.908 2803.63 1e+100
0 324.519 324.519 1e+100
7 25.7881 103.152 1e+100
1 472.752 1891.01 1e+100
2 1030.93 4123.72 1e+100
5 678.39 1678.39 1e+100
4 552.216 552.216 1e+100
9 6.93472 1027.74 1e+100
8 1137.57 1137.57 1e+100
46
7 847.181 4388.72 1e+100
3 134.389 134.389 1e+100
2 605.756 605.756 1e+100
6 194.261 194.261 1e+100
0 114.037 114.037 1e+100
4 487.658 487.658 1e+100
1 172.698 172.698 1e+100
5 383.971 1535.88 1e+100
8 1622.01 6488.05 1e+100
0 1577.2 6308.81 1e+100
7 1232.27 4929.08 1e+100
9 354.778 354.778 1e+100
2 523.377 523.377 1e+100
4 1512.12 1512.12 1e+100
6 998.345 998.345 1e+100
3 116.679 466.717 1e+100
4 2626.25 2626.25 1e+100
0 3356.27 3356.27 1e+100
9 284.126 2136.51 1e+100
5 251.089 2004.36 1e+100
2 6877.48 6877.48 1e+100
1 158.082 1632.33 1e+100
0 1039.91 4159.62 1e+100
7 5756.62 5756.62 1e+100
0 4279.66 4279.66 1e+100
7 800.056 3200.23 1e+100
3 322.794 1291.18 1e+100
2 234.742 938.968 1e+100
8 512.634 2050.54 1e+100
5 4971.18 4971.18 1e+100
6 870.285 3481.14 1e+100
9 331.85 1327.4 1e+100
7 2490.3 9961.2 1e+100
5 63.9063 255.625 1e+100
1 232.539 1232.54 1e+100
2 1405.29 5621.18 1e+100
3 660.222 2640.89 1e+100
4 2859.18 2859.18 1e+100
8 3797.87 3797.87 1e+100
2 2514.06 2514.06 1e+100
1 1378.54 5514.16 1e+100
6 1041.5 1041.5 1e+100
9 1406.81 5627.26 1e+100
8 1855.93 7423.72 1e+100
5 1043.81 5175.25 1e+100
3 2046.93 8187.73 1e+100
44
7 847.181 4388.72 1e+100
3 134.389 134.389 1e+100
2 605.756 605.756 1e+100
6 194.261 194.261 1e+100
0 114.037 114.037 1e+100
4 487.658 487.658 1e+100
1 172.698 172.698 1e+100
5 383.971 1535.88 1e+100
8 1622.01 6488.05 1e+100
0 1577.2 6308.81 1e+100
7 1232.27 4929.08 1e+100
9 354.778 354.778 1e+100
4 6582.75 6582.75 1e+100
3 334.018 1336.07 1e+100
8 6131.97 6131.97 1e+100
2 1221.58 8886.31 1e+100
0 6770.67 6770.67 1e+100
1 737.537 737.537 1e+100
4 1445.62 5782.46 1e+100
5 1276.8 5107.2 1e+100
9 92.4947 1369.98 1e+100
6 5900.15 5900.15 1e+100
0 1543.68 6174.72 1e+100
3 348.848 2395.39 1e+100
1 1243.49 1243.49 1e+100
2 5988.29 5988.29 1e+100
7 800.056 3200.23 1e+100
3 2213.75 8855.01 1e+100
4 2054.97 8219.86 1e+100
8 512.634 2050.54 1e+100
3 3792.66 3792.66 1e+100
2 584.408 2337.63 1e+100
5 786.503 3146.01 1e+100
0 1598.24 1598.24 1e+100
1 2407.49 3407.49 1e+100
9 394.328 2577.31 1e+100
7 922.206 1922.21 1e+100
5 1940.56 1940.56 1e+100
1 3592.17 3592.17 1e+100
6 810.024 810.024 1e+100
2 975.671 975.671 1e+100
8 3451.96 3451.96 1e+100
9 3176.73 3176.73 1e+100
9 1157.84 5631.36 1e+100
44
3 185.349 1185.35 1e+100
4 856.912 3427.65 1e+100
0 411.215 1644.86 1e+100
1 438.331 1438.33 1e+100
9 283.324 1133.3 1e+100
2 1250.71 5002.85 1e+100
6 784.172 784.172 1e+100
5 494.955 494.955 1e+100
3 786.594 786.594 1e+100
7 4588.58 4588.58 1e+100
8 1262.97 1262.97 1e+100
6 1978.78 1978.78 1e+100
7 456.134 1824.54 1e+100
2 2866.09 2866.09 1e+100
0 527.617 527.617 1e+100
3 3835.25 15341 1e+100
9 726.006 1726.01 1e+100
1 789.803 3159.21 1e+100
4 1009.04 1009.04 1e+100
5 5172.86 5172.86 1e+100
5 897.012 4588.05 1e+100
3 1344.37 5377.49 1e+100
0 1212.54 4850.14 1e+100
4 2900.99 2900.99 1e+100
1 1790.05 8160.2 1e+100
1 3259.77 3259.77 1e+100
8 208.552 834.209 1e+100
9 4727.08 4727.08 1e+100
5 1479.89 5919.55 1e+100
1 65.1978 260.791 1e+100
9 520.639 2082.55 1e+100
6 732.652 732.652 1e+100
9 2179.23 8716.92 1e+100
2 4264.33 4264.33 1e+100
0 4319.72 4319.72 1e+100
2 1724.22 6896.88 1e+100
6 2046.89 2046.89 1e+100
7 1017.05 1017.05 1e+100
7 2982.26 2982.26 1e+100
8 3024.82 3024.82 1e+100
8 13.3161 13.3161 1e+100
4 1559.33 1559.33 1e+100
3 804.625 804.625 1e+100
0 877.88 3511.52 1e+100
44
7 847.181 4388.72 1e+100
3 134.389 134.389 1e+100
2 605.756 605.756 1e+100
6 194.261 194.261 1e+100
0 114.037 114.037 1e+100
4 487.658 487.658 1e+100
1 172.698 172.698 1e+100
5 383.971 1535.88 1e+100
8 1622.01 6488.05 1e+100
9 2218.73 9874.94 1e+100
7 1232.27 4929.08 1e+100
9 354.778 354.778 1e+100
2 949.695 949.695 1e+100
3 376.568 1506.27 1e+100
4 1288.09 1288.09 1e+100
6 1302.71 9210.85 1e+100
0 708.219 708.219 1e+100
5 1134.62 1134.62 1e+100
2 3083.24 12333 1e+100
1 879.715 3518.86 1e+100
3 790.952 4163.81 1e+100
4 1561.03 1561.03 1e+100
6 989.078 3956.31 1e+100
7 2627.92 2627.92 1e+100
0 1033.39 4133.56 1e+100
5 2516.76 2516.76 1e+100
1 784.928 3139.71 1e+100
7 1027.17 4108.68 1e+100
8 1279.88 9119.5 1e+100
6 4439.16 4439.16 1e+100
9 1083.21 4332.82 1e+100
8 2651.94 2651.94 1e+100
9 2301.62 2301.62 1e+100
9 3719.8 3719.8 1e+100
6 956.861 3827.44 1e+100
7 3567.1 3567.1 1e+100
2 3906.56 3906.56 1e+100
0 2160.91 8643.63 1e+100
1 3482.22 3482.22 1e+100
1 1211.54 1211.54 1e+100
3 918.552 3674.21 1e+100
3 3330.11 3330.11 1e+100
4 316.912 316.912 1e+100
5 1608.87 6435.46 1e+100
38
7 847.181 4388.72 1e+100
3 134.389 134.389 1e+100
2 605.756 605.756 1e+100
6 194.261 194.261 1e+100
0 114.037 114.037 1e+100
4 487.658 487.658 1e+100
1 172.698 172.698 1e+100
5 383.971 1535.88 1e+100
8 1622.01 6488.05 1e+100
3 612.433 3449.73 1e+100
7 1232.27 4929.08 1e+100
9 354.778 354.778 1e+100
0 714.763 714.763 1e+100
2 790.257 790.257 1e+100
6 983.509 983.509 1e+100
1 717.719 2870.88 1e+100
4 515.747 515.747 1e+100
0 1346.04 1346.04 1e+100
9 284.126 2136.51 1e+100
6 1569.39 1569.39 1e+100
5 61.5245 1061.52 1e+100
1 1310.24 2310.24 1e+100
4 2118.85 2118.85 1e+100
2 955.27 955.27 1e+100
3 436.654 436.654 1e+100
9 836.722 4346.89 1e+100
8 2673.08 2673.08 1e+100
8 696.196 2784.78 1e+100
2 2809.27 2809.27 1e+100
7 200.444 1801.78 1e+100
3 2598.64 3598.64 1e+100
0 3613.21 3613.21 1e+100
5 76.7012 306.805 1e+100
0 733.759 2935.04 1e+100
9 673.6 1673.6 1e+100
1 477.326 1477.33 1e+100
6 198.521 794.085 1e+100
5 987.627 1987.63 1e+100
46
3 185.349 1185.35 1e+100
4 856.912 3427.65 1e+100
0 411.215 1644.86 1e+100
1 438.331 1438.33 1e+100
9 283.324 1133.3 1e+100
2 1250.71 5002.85 1e+100
6 784.172 784.172 1e+100
5 494.955 494.955 1e+100
3 786.594 786.594 1e+100
9 5624.54 5624.54 1e+100
8 1262.97 1262.97 1e+100
8 2960.37 2960.37 1e+100
7 456.134 1824.54 1e+100
5 1606.16 2606.16 1e+100
0 3340.87 3340.87 1e+100
7 2107.61 3107.61 1e+100
1 1169.87 2169.87 1e+100
7 5793.29 5793.29 1e+100
3 1049.04 4196.14 1e+100
4 612.998 612.998 1e+100
9 7754.75 7754.75 1e+100
0 460.808 5843.23 1e+100
5 1702.13 2702.13 1e+100
9 825.086 1825.09 1e+100
1 1064.85 2064.85 1e+100
6 399.772 399.772 1e+100
4 2606.51 2606.51 1e+100
5 2832.55 2832.55 1e+100
2 1440.28 5761.13 1e+100
2 4904.48 4904.48 1e+100
4 660.686 2642.74 1e+100
6 2191.2 2191.2 1e+100
8 1314.24 5256.96 1e+100
8 3418.5 3418.5 1e+100
6 3707.79 3707.79 1e+100
0 1402.26 1402.26 1e+100
3 1356.66 2356.66 1e+100
1 873.215 4492.86 1e+100
7 280.955 1280.96 1e+100
9 2053.01 2053.01 1e+100
3 2541.34 2541.34 1e+100
0 4361.52 4361.52 1e+100
4 2244.01 2244.01 1e+100
0 2252.02 2252.02 1e+100
1 1801.21 1801.21 1e+100
2 363.923 1455.69 1e+100
47
3 185.349 1185.35 1e+100
4 856.912 3427.65 1e+100
0 411.215 1644.86 1e+100
1 438.331 1438.33 1e+100
9 283.324 1133.3 1e+100
2 1250.71 5002.85 1e+100
6 784.172 784.172 1e+100
5 494.955 494.955 1e+100
3 786.594 786.594 1e+100
1 1552.58 1552.58 1e+100
8 1262.97 1262.97 1e+100
6 1978.78 1978.78 1e+100
7 456.134 1824.54 1e+100
0 709.366 709.366 1e+100
5 919.587 1919.59 1e+100
4 1111.28 1111.28 1e+100
9 746.278 1746.28 1e+100
7 4723.46 4723.46 1e+100
3 1049.04 4196.14 1e+100
2 1745.25 1745.25 1e+100
9 2099.83 2099.83 1e+100
5 1107.65 4430.61 1e+100
5 2775.33 2775.33 1e+100
7 1085.4 2085.4 1e+100
0 468.066 1872.27 1e+100
8 494.137 1976.55 1e+100
4 1159.89 4639.55 1e+100
1 334.452 1334.45 1e+100
6 1791.12 7164.48 1e+100
9 6356.23 6356.23 1e+100
8 6460.96 6460.96 1e+100
0 1506.04 6024.14 1e+100
8 2503.41 10013.7 1e+100
3 649.833 2599.33 1e+100
9 3033.81 12135.3 1e+100
4 3244.85 3244.85 1e+100
2 900.821 3603.29 1e+100
1 935.347 3741.39 1e+100
6 4778.15 4778.15 1e+100
2 4597.6 4597.6 1e+100
6 2707.69 2707.69 1e+100
1 2165.61 8662.45 1e+100
0 2175.31 2175.31 1e+100
3 1477.03 5908.11 1e+100
9 92.1808 1368.72 1e+100
2 1747.96 6991.86 1e+100
5 2615.08 10460.3 1e+100
46
3 185.349 1185.35 1e+100
4 856.912 3427.65 1e+100
0 411.215 1644.86 1e+100
1 438.331 1438.33 1e+100
9 283.324 1133.3 1e+100
2 1250.71 5002.85 1e+100
6 784.172 784.172 1e+100
5 494.955 494.955 1e+100
3 786.594 786.594 1e+100
9 2339.78 2339.78 1e+100
8 1262.97 1262.97 1e+100
6 6847.35 6847.35 1e+100
7 456.134 1824.54 1e+100
0 3891.58 3891.58 1e+100
4 1820.7 1820.7 1e+100
1 1322.71 2322.71 1e+100
8 5139.16 5139.16 1e+100
7 2605.72 2605.72 1e+100
2 1334.28 1334.28 1e+100
5 684.572 2738.29 1e+100
0 5384.56 5384.56 1e+100
3 5961.7 5961.7 1e+100
4 5023.28 5023.28 1e+100
0 599.032 2396.13 1e+100
8 1621.36 6485.44 1e+100
3 719.192 3876.77 1e+100
3 1659.23 7636.92 1e+100
4 2197.46 2197.46 1e+100
6 557.579 2230.31 1e+100
1 4364.19 4364.19 1e+100
6 2134 8536.02 1e+100
2 2059.05 6059.05 1e+100
9 1042.55 4170.19 1e+100
7 1814.72 7258.88 1e+100
5 8951.5 35806 1e+100
8 4264.13 4264.13 1e+100
1 637.78 2551.12 1e+100
1 6024.85 6024.85 1e+100
9 3901.41 3901.41 1e+100
9 1117.14 5468.58 1e+100
2 1931.88 7727.54 1e+100
4 3135.28 3135.28 1e+100
0 4182.78 4182.78 1e+100
7 2943.48 11773.9 1e+100
7 718.546 3874.18 1e+100
2 2377.42 2377.42 1e+100
46
3 185.349 1185.35 1e+100
4 856.912 3427.65 1e+100
0 411.215 1644.86 1e+100
1 438.331 1438.33 1e+100
9 283.324 1133.3 1e+100
2 1250.71 5002.85 1e+100
6 784.172 784.172 1e+100
5 494.955 494.955 1e+100
3 786.594 786.594 1e+100
9 2339.78 2339.78 1e+100
8 1262.97 1262.97 1e+100
7 2645.31 3645.31 1e+100
7 456.134 1824.54 1e+100
4 1839.16 1839.16 1e+100
0 3141.38 3141.38 1e+100
6 5584.23 5584.23 1e+100
1 1169.87 2169.87 1e+100
7 3705.35 3705.35 1e+100
3 1049.04 4196.14 1e+100
4 3037.38 3037.38 1e+100
0 4215.85 8215.85 1e+100
0 261.312 5045.25 1e+100
2 1140.98 4563.92 1e+100
4 4146.45 4146.45 1e+100
6 202.946 811.784 1e+100
3 2932.85 2932.85 1e+100
8 208.552 834.209 1e+100
9 5327.19 5327.19 1e+100
9 1042.55 4170.19 1e+100
3 1332.1 5328.4 1e+100
1 679.549 2718.2 1e+100
2 4262.53 4262.53 1e+100
5 924.284 3697.14 1e+100
8 3705.94 3705.94 1e+100
5 2142.7 2142.7 1e+100
5 3560.88 3560.88 1e+100
6 170.893 683.571 1e+100
7 2561.49 2561.49 1e+100
6 4192.21 4192.21 1e+100
8 1336.07 5344.27 1e+100
5 5541.63 5541.63 1e+100
1 4204.38 4204.38 1e+100
9 882.535 3530.14 1e+100
3 2648.09 2648.09 1e+100
0 2317.91 2317.91 1e+100
1 646.101 2584.41 1e+100
48
3 185.349 1185.35 1e+100
4 856.912 3427.65 1e+100
0 411.215 1644.86 1e+100
1 438.331 1438.33 1e+100
9 283.324 1133.3 1e+100
2 1250.71 5002.85 1e+100
6 784.172 784.172 1e+100
5 494.955 494.955 1e+100
3 786.594 786.594 1e+100
9 2339.78 2339.78 1e+100
8 1262.97 1262.97 1e+100
6 1978.78 1978.78 1e+100
7 456.134 1824.54 1e+100
3 1909.84 2909.84 1e+100
6 8214.88 8214.88 1e+100
1 1322.71 2322.71 1e+100
7 2014.4 3014.4 1e+100
1 5416.55 5416.55 1e+100
6 5703.82 5703.82 1e+100
5 684.572 2738.29 1e+100
0 420.247 420.247 1e+100
9 6318.78 6318.78 1e+100
0 6496.93 6496.93 1e+100
2 2101.71 8406.86 1e+100
8 1621.36 6485.44 1e+100
4 659.879 2639.52 1e+100
2 3538.12 14152.5 1e+100
0 7009.52 7009.52 1e+100
5 1348.6 6394.38 1e+100
4 1809.52 7238.09 1e+100
1 5022.26 5022.26 1e+100
2 5370.39 5370.39 1e+100
7 1909.89 7639.56 1e+100
5 2571.27 10285.1 1e+100
0 740.695 2962.78 1e+100
1 798.679 4194.72 1e+100
5 4150.18 4150.18 1e+100
6 665.901 2663.6 1e+100
9 648.203 2592.81 1e+100
5 5499.26 5499.26 1e+100
3 3323.25 3323.25 1e+100
3 538.98 3155.92 1e+100
0 1123.06 4492.24 1e+100
4 3036.83 3036.83 1e+100
8 3945.09 3945.09 1e+100
7 1327.96 5311.83 1e+100
8 616.959 2467.84 1e+100
4 384.94 384.94 1e+100
28
7 847.181 4388.72 1e+100
3 134.389 134.389 1e+100
2 605.756 605.756 1e+100
6 194.261 194.261 1e+100
0 114.037 114.037 1e+100
4 487.658 487.658 1e+100
1 172.698 172.698 1e+100
5 383.971 1535.88 1e+100
8 1622.01 6488.05 1e+100
3 612.433 3449.73 1e+100
7 1232.27 4929.08 1e+100
9 354.778 354.778 1e+100
1 1390.04 2390.04 1e+100
6 53.3473 53.3473 1e+100
2 140.218 560.871 1e+100
6 341.104 341.104 1e+100
3 603.066 1603.07 1e+100
0 211.645 211.645 1e+100
4 284.374 284.374 1e+100
2 338.523 1354.09 1e+100
8 389.291 389.291 1e+100
1 34.9031 139.613 1e+100
9 251.882 1007.53 1e+100
0 217.628 870.51 1e+100
3 318.596 1318.6 1e+100
7 606.231 1606.23 1e+100
8 498.928 1995.71 1e+100
4 159.23 159.23 1e+100
37
7 847.181 4388.72 1e+100
3 134.389 134.389 1e+100
2 605.756 605.756 1e+100
6 194.261 194.261 1e+100
0 114.037 114.037 1e+100
4 487.658 487.658 1e+100
1 172.698 172.698 1e+100
5 383.971 1535.88 1e+100
8 1622.01 6488.05 1e+100
3 612.433 3449.73 1e+100
7 1232.27 4929.08 1e+100
9 354.778 354.778 1e+100
6 2097.54 2097.54 1e+100
0 981.644 981.644 1e+100
2 664.676 664.676 1e+100
1 717.719 2870.88 1e+100
4 694.664 694.664 1e+100
5 353.488 1353.49 1e+100
9 284.126 2136.51 1e+100
7 695.348 1695.35 1e+100
3 385.129 1385.13 1e+100
8 1728.85 1728.85 1e+100
0 1785.69 1785.69 1e+100
1 585.22 3340.88 1e+100
2 91.5189 91.5189 1e+100
5 244.028 976.112 1e+100
9 245.437 1245.44 1e+100
6 1066.74 1066.74 1e+100
3 226.27 1905.08 1e+100
4 1432.1 1432.1 1e+100
1 1340.82 1340.82 1e+100
9 1371.28 1371.28 1e+100
6 1962.16 1962.16 1e+100
2 66.2863 66.2863 1e+100
0 1252.56 1252.56 1e+100
3 1154.27 1154.27 1e+100
8 482.895 1931.58 1e+100
42
2 225.118 900.472 1e+100
8 1448.25 1448.25 1e+100
6 2532.76 2532.76 1e+100
3 1368.26 2368.26 1e+100
1 191.999 767.997 1e+100
2 1127.73 4510.92 1e+100
7 631.729 3526.92 1e+100
5 308.958 1235.83 1e+100
0 134.321 134.321 1e+100
4 2825.23 2825.23 1e+100
4 690.057 6760.23 1e+100
9 576.295 1576.3 1e+100
3 2374.67 9498.68 1e+100
7 5404.58 6404.58 1e+100
9 2041.99 2041.99 1e+100
0 1735.97 6943.87 1e+100
1 886.657 3546.63 1e+100
5 147.139 147.139 1e+100
2 613.7 613.7 1e+100
1 1134.93 5539.71 1e+100
8 618.776 2475.11 1e+100
7 90.2684 1361.07 1e+100
0 2248.74 2248.74 1e+100
5 1745.9 7983.59 1e+100
9 5213.78 5213.78 1e+100
8 4251.6 4251.6 1e+100
2 776.025 3104.1 1e+100
6 449.517 1798.07 1e+100
3 967.797 3871.19 1e+100
9 1891.36 7565.45 1e+100
4 3763.57 3763.57 1e+100
4 1827.97 7311.89 1e+100
1 1104.98 4419.93 1e+100
8 5025.83 5025.83 1e+100
0 4091.82 4091.82 1e+100
6 4668.19 4668.19 1e+100
1 2335.25 9340.98 1e+100
2 1445.3 1445.3 1e+100
3 1794.99 7179.97 1e+100
0 2149.88 8599.52 1e+100
6 2088.48 8353.94 1e+100
5 2151.85 8607.41 1e+100
31
4 383.487 383.487 1e+100
9 517.545 2070.18 1e+100
5 1565.72 1565.72 1e+100
1 617.584 617.584 1e+100
0 312.572 312.572 1e+100
7 900.165 3600.66 1e+100
8 1176.01 4704.03 1e+100
6 1025.53 4102.13 1e+100
3 163.037 652.148 1e+100
2 490.212 490.212 1e+100
4 493.144 493.144 1e+100
9 762.279 3049.12 1e+100
3 1316.87 2316.87 1e+100
7 1229.73 4918.9 1e+100
0 465.174 465.174 1e+100
9 2287.63 2287.63 1e+100
2 2029.85 8119.39 1e+100
1 1622.21 6488.85 1e+100
6 344.744 344.744 1e+100
5 1295.25 2295.25 1e+100
4 818.165 818.165 1e+100
8 1782 1782 1e+100
3 450.908 2803.63 1e+100
0 324.519 324.519 1e+100
7 25.7881 103.152 1e+100
1 472.752 1891.01 1e+100
2 1030.93 4123.72 1e+100
5 678.39 1678.39 1e+100
4 552.216 552.216 1e+100
9 6.93472 1027.74 1e+100
8 1137.57 1137.57 1e+100
43
3 185.349 1185.35 1e+100
4 856.912 3427.65 1e+100
0 411.215 1644.86 1e+100
1 438.331 1438.33 1e+100
9 283.324 1133.3 1e+100
2 1250.71 5002.85 1e+100
6 784.172 784.172 1e+100
5 494.955 494.955 1e+100
3 786.594 786.594 1e+100
1 1552.58 1552.58 1e+100
8 1262.97 1262.97 1e+100
6 1978.78 1978.78 1e+100
7 456.134 1824.54 1e+100
2 6819.25 6819.25 1e+100
5 1152.41 2152.41 1e+100
6 4317.09 4317.09 1e+100
0 345.878 1383.51 1e+100
3 183.381 1733.53 1e+100
0 1749.58 1749.58 1e+100
9 1000.79 5003.14 1e+100
4 356.063 1424.25 1e+100
8 1031.57 5031.57 1e+100
8 4781.25 4781.25 1e+100
7 474.126 1896.5 1e+100
5 1032.39 4129.56 1e+100
1 282.087 2128.35 1e+100
2 798.698 3194.79 1e+100
1 4097.41 4097.41 1e+100
6 665.901 2663.6 1e+100
3 979.938 3919.75 1e+100
4 3709.98 3709.98 1e+100
5 2356.43 2356.43 1e+100
5 3774.61 3774.61 1e+100
8 961.09 3844.36 1e+100
7 917.757 917.757 1e+100
6 3118.84 3118.84 1e+100
4 1340.11 5360.44 1e+100
3 3733.15 3733.15 1e+100
9 3590.62 3590.62 1e+100
1 268.892 1075.57 1e+100
7 3291.55 3291.55 1e+100
0 310.798 310.798 1e+100
9 32.3409 129.364 1e+100
45
3 185.349 1185.35 1e+100
4 856.912 3427.65 1e+100
0 411.215 1644.86 1e+100
1 438.331 1438.33 1e+100
9 283.324 1133.3 1e+100
2 1250.71 5002.85 1e+100
6 784.172 784.172 1e+100
5 494.955 494.955 1e+100
3 786.594 786.594 1e+100
1 1552.58 1552.58 1e+100
8 1262.97 1262.97 1e+100
6 1978.78 1978.78 1e+100
7 456.134 1824.54 1e+100
0 709.366 709.366 1e+100
2 2231.48 2231.48 1e+100
9 903.718 1903.72 1e+100
6 3449.16 3449.16 1e+100
7 2605.72 2605.72 1e+100
4 4082.6 4082.6 1e+100
3 1631.27 6525.07 1e+100
4 1382.51 1382.51 1e+100
1 2497.57 2497.57 1e+100
0 4258.42 4258.42 1e+100
5 40.1473 1160.59 1e+100
8 1621.36 6485.44 1e+100
0 1566.23 6264.91 1e+100
2 4029.09 4029.09 1e+100
9 1145.66 2145.66 1e+100
0 4532.52 4532.52 1e+100
3 3455.78 4455.78 1e+100
2 5686.18 5686.18 1e+100
9 4928.42 4928.42 1e+100
5 1006.76 5027.02 1e+100
2 1182.04 1182.04 1e+100
3 1439.05 6756.19 1e+100
6 3187.4 3187.4 1e+100
8 1767.66 7070.65 1e+100
8 3871.92 3871.92 1e+100
6 4703.99 4703.99 1e+100
9 1009.65 4038.58 1e+100
7 1299.27 6197.09 1e+100
5 843.634 1843.63 1e+100
1 1943.24 2943.24 1e+100
4 1130.75 4522.99 1e+100
5 1734.28 2734.28 1e+100
40
4 383.487 383.487 1e+100
9 517.545 2070.18 1e+100
5 1565.72 1565.72 1e+100
1 617.584 617.584 1e+100
0 312.572 312.572 1e+100
7 900.165 3600.66 1e+100
8 1176.01 4704.03 1e+100
6 1025.53 4102.13 1e+100
3 163.037 652.148 1e+100
2 490.212 490.212 1e+100
0 898.036 898.036 1e+100
9 762.279 3049.12 1e+100
4 301.716 301.716 1e+100
1 1257.06 5028.25 1e+100
2 1905.79 1905.79 1e+100
3 6417.09 6417.09 1e+100
3 1638.1 7552.42 1e+100
7 1594.88 6379.5 1e+100
4 618.92 2475.68 1e+100
4 4497.65 4497.65 1e+100
9 1280.83 6123.34 1e+100
4 2337.2 9348.78 1e+100
5 3343.48 3343.48 1e+100
5 1085.55 2085.55 1e+100
1 917.578 3670.31 1e+100
9 2503.51 10014 1e+100
0 675.817 2703.27 1e+100
8 537.174 2148.7 1e+100
7 4396.69 4396.69 1e+100
6 351.626 1406.5 1e+100
7 1103.81 4415.23 1e+100
9 3665.29 3665.29 1e+100
5 3775.56 3775.56 1e+100
3 522.941 3091.76 1e+100
2 917.917 3671.67 1e+100
0 1123.94 1123.94 1e+100
8 1437.12 1437.12 1e+100
1 337.924 1351.69 1e+100
6 362.736 1450.94 1e+100
2 1363.45 1363.45 1e+100
39
3 185.349 1185.35 1e+100
4 856.912 3427.65 1e+100
0 411.215 1644.86 1e+100
1 438.331 1438.33 1e+100
9 283.324 1133.3 1e+100
2 1250.71 5002.85 1e+100
6 784.172 784.172 1e+100
5 494.955 494.955 1e+100
3 786.594 786.594 1e+100
1 1552.58 1552.58 1e+100
8 1262.97 1262.97 1e+100
6 1978.78 1978.78 1e+100
7 456.134 1824.54 1e+100
0 709.366 709.366 1e+100
9 1166.89 2166.89 1e+100
4 537.199 537.199 1e+100
2 1061.31 1061.31 1e+100
5 240.733 962.934 1e+100
4 1651.34 1651.34 1e+100
2 2535.08 2535.08 1e+100
3 737.546 3950.18 1e+100
8 278.767 278.767 1e+100
5 792.033 1792.03 1e+100
0 698.725 698.725 1e+100
3 1526.38 2526.38 1e+100
1 146.016 1584.07 1e+100
6 1080.1 1080.1 1e+100
9 34.9031 139.613 1e+100
7 1399.66 2399.66 1e+100
0 1040.21 1040.21 1e+100
5 633.173 3532.69 1e+100
8 807.901 807.901 1e+100
9 1702.2 1702.2 1e+100
1 1248.8 1248.8 1e+100
4 1299.26 1299.26 1e+100
6 1054.87 1054.87 1e+100
0 1948.81 1948.81 1e+100
3 934.624 934.624 1e+100
2 1109.68 4438.74 1e+100
34
2 225.118 900.472 1e+100
8 1448.25 1448.25 1e+100
6 2532.76 2532.76 1e+100
3 1368.26 2368.26 1e+100
1 191.999 767.997 1e+100
2 1127.73 4510.92 1e+100
7 631.729 3526.92 1e+100
5 308.958 1235.83 1e+100
0 134.321 134.321 1e+100
4 802.544 802.544 1e+100
9 893.731 3574.92 1e+100
3 3381.74 4381.74 1e+100
1 1783.44 7133.76 1e+100
7 5404.58 6404.58 1e+100
5 6116.26 6116.26 1e+100
9 4848.72 20394.9 1e+100
9 2561.26 10245.1 1e+100
5 147.139 147.139 1e+100
8 1324.41 1324.41 1e+100
4 896.907 3587.63 1e+100
2 223.869 895.478 1e+100
7 90.2684 1361.07 1e+100
4 2050.5 2050.5 1e+100
5 1745.9 7983.59 1e+100
1 3824.92 3824.92 1e+100
3 2876.19 3876.19 1e+100
8 1486.74 5946.95 1e+100
6 449.517 1798.07 1e+100
1 711.966 2847.86 1e+100
0 104.376 417.504 1e+100
2 2513.44 2513.44 1e+100
4 2485.84 2485.84 1e+100
6 825.22 3300.88 1e+100
0 2322.71 2322.71 1e+100
37
3 185.349 1185.35 1e+100
4 856.912 3427.65 1e+100
0 411.215 1644.86 1e+100
1 438.331 1438.33 1e+100
9 283.324 1133.3 1e+100
2 1250.71 5002.85 1e+100
6 784.172 784.172 1e+100
5 494.955 494.955 1e+100
3 786.594 786.594 1e+100
1 1552.58 1552.58 1e+100
8 1262.97 1262.97 1e+100
4 1884.23 1884.23 1e+100
7 456.134 1824.54 1e+100
0 2391.11 2391.11 1e+100
0 255.614 255.614 1e+100
6 320.856 320.856 1e+100
3 346.867 2387.47 1e+100
5 542.24 542.24 1e+100
2 218.447 218.447 1e+100
1 598.406 3393.62 1e+100
7 179.078 1716.31 1e+100
8 235.601 942.405 1e+100
9 872.971 1872.97 1e+100
6 1001.65 4006.62 1e+100
3 4063.96 4063.96 1e+100
1 2250.64 3250.64 1e+100
8 1837.8 7351.19 1e+100
2 558.599 2234.4 1e+100
5 1617.42 1617.42 1e+100
9 1213.79 1213.79 1e+100
0 108.9 435.601 1e+100
4 779.046 3116.19 1e+100
3 275.603 1275.6 1e+100
6 546.776 546.776 1e+100
7 289.461 1157.85 1e+100
2 927.978 3711.91 1e+100
4 1224.58 1224.58 1e+100
40
4 383.487 383.487 1e+100
9 517.545 2070.18 1e+100
5 1565.72 1565.72 1e+100
1 617.584 617.584 1e+100
0 312.572 312.572 1e+100
7 900.165 3600.66 1e+100
8 1176.01 4704.03 1e+100
6 1025.53 4102.13 1e+100
3 163.037 652.148 1e+100
2 490.212 490.212 1e+100
0 6725.19 6725.19 1e+100
8 829.989 829.989 1e+100
0 185.683 742.731 1e+100
7 319.938 1319.94 1e+100
3 348.654 1348.65 1e+100
4 817.214 817.214 1e+100
0 847.235 847.235 1e+100
2 4008.84 4008.84 1e+100
1 279.285 279.285 1e+100
9 170.314 1681.26 1e+100
4 5622.72 5622.72 1e+100
5 7.28074 1029.12 1e+100
6 292.829 292.829 1e+100
8 52.0455 208.182 1e+100
8 2156.3 2156.3 1e+100
2 329.926 329.926 1e+100
7 670.535 2682.14 1e+100
9 369.303 1477.21 1e+100
0 4688.73 4688.73 1e+100
5 872.211 4488.85 1e+100
3 75.7794 303.117 1e+100
4 312.265 312.265 1e+100
6 3171.2 3171.2 1e+100
5 1980.98 2980.98 1e+100
3 1306.04 5224.18 1e+100
1 653.028 1653.03 1e+100
7 1497.73 5990.92 1e+100
6 1229.25 4917.01 1e+100
4 1307.09 5228.38 1e+100
9 1574.03 6296.11 1e+100
35
4 383.487 383.487 1e+100
9 517.545 2070.18 1e+100
5 1565.72 1565.72 1e+100
1 617.584 617.584 1e+100
0 312.572 312.572 1e+100
7 900.165 3600.66 1e+100
8 1176.01 4704.03 1e+100
6 1025.53 4102.13 1e+100
3 163.037 652.148 1e+100
2 490.212 490.212 1e+100
4 529.153 529.153 1e+100
3 1830.68 7322.71 1e+100
0 514.576 514.576 1e+100
7 1229.73 4918.9 1e+100
9 986.983 1986.98 1e+100
5 2162.72 2162.72 1e+100
2 2029.85 8119.39 1e+100
1 1622.21 6488.85 1e+100
4 1214.07 4856.29 1e+100
0 787.509 787.509 1e+100
8 571.271 2285.08 1e+100
5 2558.84 2558.84 1e+100
6 274.462 1097.85 1e+100
3 3267.2 3267.2 1e+100
9 1492.73 5970.93 1e+100
7 505.12 2020.48 1e+100
7 3280.46 13121.9 1e+100
6 4344.62 4344.62 1e+100
3 4793.69 19174.7 1e+100
3 77.4093 309.637 1e+100
2 1030.93 4123.72 1e+100
0 170.776 170.776 1e+100
4 1855.13 1855.13 1e+100
6 178.843 715.372 1e+100
0 1061.42 1061.42 1e+100
37
1 1123.52 5494.1 1e+100
6 707.96 707.96 1e+100
5 905.985 1905.99 1e+100
0 426.539 1706.15 1e+100
1 1639.72 7558.88 1e+100
7 317.262 1269.05 1e+100
9 303.738 1214.95 1e+100
0 1797.76 5797.76 1e+100
8 400.625 1602.5 1e+100
2 294.106 1176.42 1e+100
4 378.937 378.937 1e+100
6 1567.76 1567.76 1e+100
3 192.238 1192.24 1e+100
7 945.284 945.284 1e+100
5 1066.3 4265.19 1e+100
2 845.958 845.958 1e+100
9 1674.68 1674.68 1e+100
3 9034.91 36139.7 1e+100
1 772.188 1772.19 1e+100
4 3490.6 3490.6 1e+100
4 157.419 157.419 1e+100
2 2910.38 2910.38 1e+100
8 4473.94 4473.94 1e+100
1 1902.61 1902.61 1e+100
4 1247.46 4989.83 1e+100
0 580.631 580.631 1e+100
2 893.646 3574.59 1e+100
6 1609.21 1609.21 1e+100
7 619.798 3479.19 1e+100
7 2724.05 3724.05 1e+100
4 3935.69 3935.69 1e+100
5 1001.74 4006.96 1e+100
9 371.068 2484.27 1e+100
0 1731.23 1731.23 1e+100
8 690.431 690.431 1e+100
6 1125.26 4501.02 1e+100
0 2621.87 2621.87 1e+100
38
4 383.487 383.487 1e+100
9 517.545 2070.18 1e+100
5 1565.72 1565.72 1e+100
1 617.584 617.584 1e+100
0 312.572 312.572 1e+100
7 900.165 3600.66 1e+100
8 1176.01 4704.03 1e+100
6 1025.53 4102.13 1e+100
3 163.037 652.148 1e+100
2 490.212 490.212 1e+100
0 471.718 471.718 1e+100
4 666.018 666.018 1e+100
9 1434.87 2434.87 1e+100
3 610.523 2442.09 1e+100
4 1780.15 1780.15 1e+100
8 1810.44 1810.44 1e+100
2 1343.58 5374.32 1e+100
6 344.744 344.744 1e+100
0 1272.9 1272.9 1e+100
1 1225.9 2225.9 1e+100
7 1785.53 2785.53 1e+100
5 200.284 1801.14 1e+100
4 2639.95 2639.95 1e+100
5 2151.21 8604.85 1e+100
9 537.501 2150 1e+100
3 228.678 914.713 1e+100
2 2348 2348 1e+100
0 939.044 3756.18 1e+100
2 353.017 5412.07 1e+100
0 2605.94 2605.94 1e+100
8 2768.52 2768.52 1e+100
0 3862.39 3862.39 1e+100
3 1276.96 5107.83 1e+100
6 243.978 243.978 1e+100
9 1364.7 5458.78 1e+100
8 826.575 3306.3 1e+100
1 403.014 2612.06 1e+100
7 1226.12 4904.48 1e+100
44
1 1123.52 5494.1 1e+100
6 707.96 707.96 1e+100
5 905.985 1905.99 1e+100
0 426.539 1706.15 1e+100
1 1639.72 7558.88 1e+100
7 317.262 1269.05 1e+100
9 303.738 1214.95 1e+100
3 3096.96 3096.96 1e+100
8 400.625 1602.5 1e+100
2 294.106 1176.42 1e+100
3 812.407 1812.41 1e+100
4 660.045 660.045 1e+100
6 1637.09 1637.09 1e+100
9 6041.35 24165.4 1e+100
9 488.76 1488.76 1e+100
0 208.032 208.032 1e+100
2 798.899 3195.6 1e+100
7 459.036 1459.04 1e+100
8 4779.73 4779.73 1e+100
2 5202.11 5202.11 1e+100
0 5175.62 5175.62 1e+100
8 6073.85 6073.85 1e+100
1 159.519 159.519 1e+100
2 1351.49 5405.98 1e+100
0 881.63 881.63 1e+100
4 579.742 2318.97 1e+100
6 1099.89 1099.89 1e+100
1 1501.45 7005.78 1e+100
1 3605.7 4605.7 1e+100
6 2616.48 2616.48 1e+100
7 809.633 3238.53 1e+100
9 783.902 3135.61 1e+100
0 1795.05 1795.05 1e+100
8 851.26 3405.04 1e+100
3 922.095 3688.38 1e+100
2 1333.06 1333.06 1e+100
4 2675.47 2675.47 1e+100
2 4139.04 4139.04 1e+100
3 2152.36 8609.44 1e+100
6 4416.76 4416.76 1e+100
7 1636.83 6547.31 1e+100
4 733.523 2934.09 1e+100
5 265.864 2063.46 1e+100
5 2543.22 10172.9 1e+100
34
2 225.118 900.472 1e+100
8 1448.25 1448.25 1e+100
6 2532.76 2532.76 1e+100
3 1368.26 2368.26 1e+100
1 191.999 767.997 1e+100
2 3169.87 12679.5 1e+100
7 631.729 3526.92 1e+100
5 308.958 1235.83 1e+100
0 134.321 134.321 1e+100
4 4478.57 4478.57 1e+100
4 181.716 181.716 1e+100
8 2253.42 2253.42 1e+100
3 2380.28 2380.28 1e+100
2 482.624 482.624 1e+100
9 284.205 1136.82 1e+100
4 1812.76 1812.76 1e+100
0 1569.36 5569.36 1e+100
2 8693.25 8693.25 1e+100
5 1190.79 5763.17 1e+100
7 1467.85 6871.4 1e+100
1 668.65 3674.6 1e+100
8 2044.2 2044.2 1e+100
9 968.435 1968.44 1e+100
0 3007.94 3007.94 1e+100
9 2327.5 3327.5 1e+100
1 244.722 1978.89 1e+100
4 2919.11 2919.11 1e+100
3 1063.66 4254.63 1e+100
5 280.191 1120.76 1e+100
2 1273.86 5095.46 1e+100
5 1988.48 2988.48 1e+100
1 1855.43 2855.43 1e+100
7 577.343 3309.37 1e+100
0 2325.54 2325.54 1e+100
