57
14 779.255 4779.25 1e+100
17 133.544 1534.18 1e+100
16 531.441 2125.76 1e+100
3 161.318 645.273 1e+100
5 318.099 318.099 1e+100
10 106.358 106.358 1e+100
1 499.495 499.495 1e+100
11 479.205 1916.82 1e+100
4 241.838 241.838 1e+100
12 408.562 408.562 1e+100
6 2663.98 6663.98 1e+100
9 317.908 1271.63 1e+100
2 102.204 408.817 1e+100
15 524.847 524.847 1e+100
0 813.36 3253.44 1e+100
7 823.499 823.499 1e+100
13 1489.57 1489.57 1e+100
8 903.794 4903.79 1e+100
17 534.049 1534.05 1e+100
3 444.565 2778.26 1e+100
16 996.13 3984.52 1e+100
10 672.632 2690.53 1e+100
5 205.657 1822.63 1e+100
14 490.695 1962.78 1e+100
1 216.378 216.378 1e+100
4 344.388 344.388 1e+100
9 630.167 2520.67 1e+100
12 247.411 989.642 1e+100
11 508.442 2033.77 1e+100
8 706.121 706.121 1e+100
15 517.552 2070.21 1e+100
0 3448.8 3448.8 1e+100
7 279.418 2117.67 1e+100
1 308.839 308.839 1e+100
5 149.941 599.764 1e+100
3 57.0576 57.0576 1e+100
0 436.936 1747.75 1e+100
4 26.725 106.9 1e+100
2 311.974 311.974 1e+100
12 119.868 479.474 1e+100
6 668.952 668.952 1e+100
14 323.399 323.399 1e+100
9 252.232 2008.93 1e+100
17 169.087 1676.35 1e+100
13 625.249 1625.25 1e+100
11 2697.08 10788.3 1e+100
16 735.339 735.339 1e+100
3 2642.65 10570.6 1e+100
8 1381.9 1381.9 1e+100
1 637.85 2551.4 1e+100
7 1832.18 1832.18 1e+100
12 1243.54 1243.54 1e+100
2 867.787 867.787 1e+100
11 296.509 2186.04 1e+100
5 1588.97 6355.87 1e+100
10 554.169 2216.68 1e+100
4 592.269 6369.07 1e+100
59
13 566.155 3264.62 1e+100
15 485.977 1943.91 1e+100
10 2177.52 6177.52 1e+100
5 256.514 1256.51 1e+100
10 146.92 146.92 1e+100
3 141.2 1564.8 1e+100
6 194.549 4778.2 1e+100
8 717.6 717.6 1e+100
13 1833.37 7333.48 1e+100
14 311.671 1246.69 1e+100
3 1530.13 6120.54 1e+100
9 2081.48 3081.48 1e+100
11 7185.82 29743.3 1e+100
7 124.501 1124.5 1e+100
9 55.2401 220.96 1e+100
12 4779.66 4779.66 1e+100
12 2678.23 14712.9 1e+100
15 677.621 3710.48 1e+100
16 1921.86 1921.86 1e+100
12 399.608 399.608 1e+100
11 462.778 1462.78 1e+100
7 2090.78 9363.12 1e+100
5 421.672 421.672 1e+100
3 1792.7 1792.7 1e+100
8 1214.47 1214.47 1e+100
1 143.136 1572.54 1e+100
11 1471.61 6886.43 1e+100
6 1028.53 1028.53 1e+100
17 980.22 1980.22 1e+100
15 504.801 504.801 1e+100
0 458.995 1835.98 1e+100
10 195.806 783.223 1e+100
14 341.352 341.352 1e+100
13 438.773 1755.09 1e+100
5 355.14 1420.56 1e+100
16 2654.67 2654.67 1e+100
9 163.887 655.55 1e+100
1 204.244 816.976 1e+100
10 1157.13 4628.52 1e+100
8 2149.5 2149.5 1e+100
9 1662.85 7651.41 1e+100
14 2750.88 2750.88 1e+100
6 1287.32 1287.32 1e+100
0 1466.96 1466.96 1e+100
11 700.8 3803.2 1e+100
4 304.914 1219.66 1e+100
7 1090.64 4362.55 1e+100
5 1690.52 7762.09 1e+100
12 1958.62 7834.5 1e+100
4 1895.67 1895.67 1e+100
17 596.961 596.961 1e+100
13 703.893 1703.89 1e+100
3 52.3599 209.44 1e+100
9 2095.58 3095.58 1e+100
15 599.486 2397.95 1e+100
1 766.831 766.831 1e+100
2 303.065 303.065 1e+100
17 3176.96 12707.9 1e+100
10 2132.57 2132.57 1e+100
69
16 693.443 693.443 1e+100
12 477.667 477.667 1e+100
3 184.024 184.024 1e+100
5 225.508 225.508 1e+100
13 495.139 495.139 1e+100
9 369.049 369.049 1e+100
11 441.459 441.459 1e+100
4 245.169 980.675 1e+100
15 517.655 517.655 1e+100
10 249.318 249.318 1e+100
14 710.025 710.025 1e+100
0 361.428 1445.71 1e+100
1 490.857 490.857 1e+100
2 404.054 404.054 1e+100
17 70.4666 281.867 1e+100
7 2429.85 2429.85 1e+100
6 164.005 164.005 1e+100
8 1265.98 5063.91 1e+100
3 1571.37 1571.37 1e+100
5 1216.96 4867.84 1e+100
4 1112.47 1112.47 1e+100
10 1280.37 1280.37 1e+100
13 851.524 851.524 1e+100
12 905.271 905.271 1e+100
9 934.102 934.102 1e+100
16 349.876 1399.5 1e+100
11 447.363 447.363 1e+100
17 1224.61 2224.61 1e+100
1 969.764 1969.76 1e+100
15 624.034 2496.14 1e+100
2 2159.79 8639.15 1e+100
14 593.286 2373.14 1e+100
0 1440.84 1440.84 1e+100
6 2348.13 6348.13 1e+100
12 1310.89 1310.89 1e+100
16 494.254 494.254 1e+100
13 1139.64 4558.54 1e+100
10 4964.46 19857.8 1e+100
9 1010.46 2010.46 1e+100
11 687.671 687.671 1e+100
5 98.6857 98.6857 1e+100
4 108.514 4434.05 1e+100
10 2075.15 2075.15 1e+100
15 1205.3 2205.3 1e+100
3 474.948 1899.79 1e+100
17 259.58 1038.32 1e+100
7 2808.49 3808.49 1e+100
4 1167.43 1167.43 1e+100
9 2289.74 3289.74 1e+100
1 696.094 3784.37 1e+100
14 159.323 159.323 1e+100
16 899.688 3598.75 1e+100
0 803.576 803.576 1e+100
13 832.497 1832.5 1e+100
14 1924.94 7699.77 1e+100
11 902.123 4608.49 1e+100
3 2644.25 3644.25 1e+100
5 566.709 2266.84 1e+100
6 3900.85 3900.85 1e+100
17 650.249 2601 1e+100
6 2034.61 2034.61 1e+100
15 1494.18 5976.72 1e+100
1 1591.35 1591.35 1e+100
2 2528.12 2528.12 1e+100
4 1761.7 1761.7 1e+100
0 1459.13 5836.51 1e+100
13 2306.15 9224.58 1e+100
16 2029.46 8117.86 1e+100
5 1395.42 5581.66 1e+100
69
1 603.435 603.435 1e+100
4 291.339 1165.36 1e+100
12 259.952 259.952 1e+100
6 396.645 396.645 1e+100
11 479.205 479.205 1e+100
2 152.475 152.475 1e+100
5 282.45 282.45 1e+100
8 711.322 711.322 1e+100
3 181.57 181.57 1e+100
9 234.928 234.928 1e+100
15 607.072 2428.29 1e+100
13 550.67 550.67 1e+100
10 169.132 169.132 1e+100
17 688.8 688.8 1e+100
7 363.478 1363.48 1e+100
0 611.478 4611.48 1e+100
16 268.839 4268.84 1e+100
14 730.905 2923.62 1e+100
6 3037.98 12151.9 1e+100
9 1279.4 1279.4 1e+100
5 1660.92 2660.92 1e+100
2 1357.24 5357.24 1e+100
4 3278.07 3278.07 1e+100
10 1295.71 1295.71 1e+100
1 1081.16 5324.66 1e+100
12 1490.27 9961.09 1e+100
8 3050.72 12202.9 1e+100
11 983.635 983.635 1e+100
3 535.773 3143.09 1e+100
16 733.377 2933.51 1e+100
13 895.948 4583.79 1e+100
15 681.037 3724.15 1e+100
7 3050.74 3050.74 1e+100
0 661.387 661.387 1e+100
17 1567.78 6271.12 1e+100
14 164.257 657.029 1e+100
3 1111.54 4446.15 1e+100
9 217.841 217.841 1e+100
5 786.551 4146.21 1e+100
1 820.476 4281.9 1e+100
16 367.58 367.58 1e+100
11 318.479 1273.92 1e+100
2 325.222 5300.89 1e+100
14 169.631 169.631 1e+100
15 157.414 629.657 1e+100
13 204.244 816.976 1e+100
6 487.686 1950.75 1e+100
12 573.921 573.921 1e+100
0 116.228 464.912 1e+100
10 26.725 106.9 1e+100
3 1821.55 2821.55 1e+100
9 1427.07 6708.26 1e+100
11 743.726 1743.73 1e+100
1 774.484 1774.48 1e+100
17 1021.47 5085.89 1e+100
14 807.038 3228.15 1e+100
16 2095.43 2095.43 1e+100
10 1286.93 9147.71 1e+100
0 1036.93 1036.93 1e+100
15 943.013 3772.05 1e+100
4 3137.27 3137.27 1e+100
13 1004.62 4018.47 1e+100
5 1380.76 1380.76 1e+100
1 2242.49 3242.49 1e+100
10 2419.26 2419.26 1e+100
2 481.454 1925.81 1e+100
7 1710.22 6840.86 1e+100
6 1330.87 5323.47 1e+100
11 910.663 3642.65 1e+100
61
16 693.443 693.443 1e+100
12 477.667 477.667 1e+100
3 184.024 184.024 1e+100
5 225.508 225.508 1e+100
13 495.139 495.139 1e+100
9 369.049 369.049 1e+100
11 441.459 441.459 1e+100
4 245.169 980.675 1e+100
15 517.655 517.655 1e+100
10 249.318 249.318 1e+100
14 710.025 710.025 1e+100
0 361.428 1445.71 1e+100
1 490.857 490.857 1e+100
2 404.054 404.054 1e+100
17 70.4666 281.867 1e+100
7 2429.85 2429.85 1e+100
6 164.005 164.005 1e+100
8 1265.98 5063.91 1e+100
3 1571.37 1571.37 1e+100
5 1216.96 4867.84 1e+100
10 1055.38 1055.38 1e+100
12 1619.23 1619.23 1e+100
13 851.524 851.524 1e+100
15 1117 5468 1e+100
4 471.254 1885.02 1e+100
11 336.309 2345.23 1e+100
16 452.276 1809.11 1e+100
17 886.71 886.71 1e+100
2 611.25 611.25 1e+100
9 726.135 2904.54 1e+100
1 164.257 1657.03 1e+100
0 358.31 5433.24 1e+100
14 625.676 6502.71 1e+100
6 641.568 2566.27 1e+100
10 131.621 131.621 1e+100
4 761.711 4761.71 1e+100
5 73.4347 73.4347 1e+100
11 199.987 799.947 1e+100
8 505.315 505.315 1e+100
16 35.7208 35.7208 1e+100
15 368.471 1473.88 1e+100
1 149.522 598.087 1e+100
12 2102.89 2102.89 1e+100
2 289.625 289.625 1e+100
13 107.104 1107.1 1e+100
14 509.08 509.08 1e+100
7 1330.85 2330.85 1e+100
3 137.155 1137.16 1e+100
17 786.373 1786.37 1e+100
0 667.494 667.494 1e+100
5 735.269 2941.07 1e+100
9 562.276 562.276 1e+100
10 365.937 365.937 1e+100
11 114.987 459.949 1e+100
1 265.149 265.149 1e+100
6 2189.56 2189.56 1e+100
16 53.1115 53.1115 1e+100
4 484.393 484.393 1e+100
2 289.955 289.955 1e+100
13 422.95 1691.8 1e+100
15 606.633 1606.63 1e+100
70
13 566.155 3264.62 1e+100
15 485.977 1943.91 1e+100
1 6688.09 6688.09 1e+100
5 256.514 1256.51 1e+100
10 146.92 146.92 1e+100
3 141.2 1564.8 1e+100
6 194.549 4778.2 1e+100
8 717.6 717.6 1e+100
3 1709.21 6836.83 1e+100
14 311.671 1246.69 1e+100
15 1614.27 6457.1 1e+100
14 3748.85 3748.85 1e+100
12 4689.32 18757.3 1e+100
7 124.501 1124.5 1e+100
9 55.2401 220.96 1e+100
10 854.064 854.064 1e+100
14 1033.81 8135.25 1e+100
3 2829.88 12319.5 1e+100
16 1921.86 1921.86 1e+100
12 399.608 399.608 1e+100
17 516.062 516.062 1e+100
0 1240.07 1240.07 1e+100
5 513.643 1513.64 1e+100
12 1562.65 1562.65 1e+100
7 606.677 1606.68 1e+100
14 3580.27 3580.27 1e+100
2 294.258 294.258 1e+100
6 2424.93 2424.93 1e+100
13 951.779 4807.12 1e+100
8 1907.49 5907.49 1e+100
10 3424.15 13696.6 1e+100
10 126.361 126.361 1e+100
5 2547.3 3547.3 1e+100
17 340.03 340.03 1e+100
16 1796.92 1796.92 1e+100
1 102.21 1102.21 1e+100
9 866.86 866.86 1e+100
15 570.49 570.49 1e+100
0 577.763 2311.05 1e+100
13 1429.42 5717.67 1e+100
7 537.81 3151.24 1e+100
2 128.952 128.952 1e+100
17 2842.96 12371.8 1e+100
15 1381.77 1381.77 1e+100
6 2176.11 2176.11 1e+100
12 1726.16 5726.16 1e+100
3 967.753 967.753 1e+100
8 1722.57 1722.57 1e+100
7 3948.45 4948.45 1e+100
2 940.307 3761.23 1e+100
0 2763.41 2763.41 1e+100
4 294.267 5177.07 1e+100
11 322.597 2290.39 1e+100
13 1739.59 6958.35 1e+100
9 2809.48 2809.48 1e+100
4 1928.74 7714.98 1e+100
3 2197.57 9790.27 1e+100
15 2019.35 2019.35 1e+100
11 2237.68 9950.71 1e+100
16 1786.77 11147.1 1e+100
14 2933.2 2933.2 1e+100
1 2123.51 8494.04 1e+100
8 2523.42 2523.42 1e+100
6 2658.08 10632.3 1e+100
10 1794.29 7177.17 1e+100
2 1888.54 11554.2 1e+100
5 3231.41 12925.7 1e+100
15 3266.6 3266.6 1e+100
13 3262.85 3262.85 1e+100
12 1981.69 7926.75 1e+100
60
1 603.435 603.435 1e+100
4 291.339 1165.36 1e+100
12 259.952 259.952 1e+100
6 396.645 396.645 1e+100
11 479.205 479.205 1e+100
2 152.475 152.475 1e+100
5 282.45 282.45 1e+100
8 711.322 711.322 1e+100
3 181.57 181.57 1e+100
9 234.928 234.928 1e+100
15 607.072 2428.29 1e+100
13 550.67 550.67 1e+100
10 169.132 169.132 1e+100
17 688.8 688.8 1e+100
7 363.478 1363.48 1e+100
0 611.478 4611.48 1e+100
16 268.839 4268.84 1e+100
14 730.905 2923.62 1e+100
0 4476.14 17904.5 1e+100
3 1203.14 1203.14 1e+100
12 1859.26 1859.26 1e+100
5 1435.43 1435.43 1e+100
6 1301.7 1301.7 1e+100
13 1581.69 2581.69 1e+100
4 1032.41 4129.64 1e+100
14 1685.95 10743.8 1e+100
0 1580.82 6323.29 1e+100
11 983.635 983.635 1e+100
1 435.071 1435.07 1e+100
16 4259.75 4259.75 1e+100
8 492.572 4492.57 1e+100
16 178.776 715.104 1e+100
10 563.75 2255 1e+100
3 153.255 1153.25 1e+100
9 311.974 1247.9 1e+100
5 403.408 1613.63 1e+100
17 392.961 1392.96 1e+100
11 157.414 629.657 1e+100
1 526.282 2105.13 1e+100
2 69.4803 277.921 1e+100
14 467.368 467.368 1e+100
13 116.228 1464.91 1e+100
7 960.439 1960.44 1e+100
6 477.451 477.451 1e+100
12 901.789 901.789 1e+100
15 512.795 3051.18 1e+100
8 1354.35 5417.4 1e+100
10 76.7284 4306.91 1e+100
9 289.298 2157.19 1e+100
17 796.966 4187.87 1e+100
3 1931.12 2931.12 1e+100
5 768.966 768.966 1e+100
4 1259.06 1259.06 1e+100
11 204.699 818.796 1e+100
0 333.763 333.763 1e+100
1 703.455 2813.82 1e+100
13 463.177 463.177 1e+100
9 948.038 1948.04 1e+100
2 1210.17 8840.67 1e+100
10 1132.61 1132.61 1e+100
59
13 566.155 3264.62 1e+100
15 485.977 1943.91 1e+100
15 2261.2 2261.2 1e+100
5 256.514 1256.51 1e+100
10 146.92 146.92 1e+100
3 141.2 1564.8 1e+100
6 194.549 4778.2 1e+100
8 717.6 717.6 1e+100
5 1926.02 7704.09 1e+100
14 311.671 1246.69 1e+100
15 3439.02 13756.1 1e+100
10 1508.06 1508.06 1e+100
13 1626.6 7506.4 1e+100
7 124.501 1124.5 1e+100
9 55.2401 220.96 1e+100
12 2496.65 2496.65 1e+100
3 1035.19 4140.75 1e+100
14 1349.51 5398.04 1e+100
16 1921.86 1921.86 1e+100
12 399.608 399.608 1e+100
17 516.062 516.062 1e+100
2 1257.55 1257.55 1e+100
1 486.216 1486.22 1e+100
9 786 1786 1e+100
17 2560 3560 1e+100
4 268.359 268.359 1e+100
8 2583.75 2583.75 1e+100
7 1755.28 2755.28 1e+100
9 1794.06 8176.26 1e+100
3 826.52 826.52 1e+100
6 251.946 1007.78 1e+100
10 2872.42 2872.42 1e+100
13 455.651 1822.61 1e+100
5 896.878 896.878 1e+100
1 1153.99 4615.98 1e+100
11 299.514 2198.06 1e+100
0 419.162 419.162 1e+100
14 806.718 806.718 1e+100
2 971.716 3886.87 1e+100
6 232.032 4232.03 1e+100
4 763.712 763.712 1e+100
12 721.613 721.613 1e+100
16 592.394 592.394 1e+100
13 576.33 1576.33 1e+100
15 301.742 2206.97 1e+100
7 1397.82 6591.28 1e+100
3 989.94 3959.76 1e+100
5 472.65 2890.6 1e+100
11 809.18 4236.72 1e+100
0 1565.62 1565.62 1e+100
1 909.78 909.78 1e+100
14 788.098 788.098 1e+100
9 171.938 687.751 1e+100
2 604.537 604.537 1e+100
8 838.518 7354.07 1e+100
15 766.699 766.699 1e+100
12 1059.05 1059.05 1e+100
17 262.176 1048.7 1e+100
6 1791 1791 1e+100
72
12 472.003 472.003 1e+100
12 2416.55 13666.2 1e+100
14 6122.48 24489.9 1e+100
4 2128.64 12514.6 1e+100
5 3134.09 12536.4 1e+100
4 239.866 959.465 1e+100
6 5986.24 9986.24 1e+100
7 6750.79 6750.79 1e+100
8 6240.62 24962.5 1e+100
12 4117.28 4117.28 1e+100
13 5654.72 22618.9 1e+100
11 6016.39 24065.6 1e+100
14 3833.22 19332.9 1e+100
5 4656.36 4656.36 1e+100
17 4324.25 4324.25 1e+100
17 6787.02 7787.02 1e+100
9 2455.93 9823.73 1e+100
4 3197.69 12790.8 1e+100
6 317.346 1269.39 1e+100
9 296.588 1186.35 1e+100
5 273.106 2092.43 1e+100
8 411.658 5646.63 1e+100
0 4650.53 8650.53 1e+100
14 802.188 802.188 1e+100
0 1166.86 4667.43 1e+100
17 824.935 4299.74 1e+100
11 2653.79 11615.2 1e+100
11 500.544 3002.18 1e+100
12 4144.56 16578.3 1e+100
4 4472.08 8472.08 1e+100
0 5168.36 5168.36 1e+100
9 4945.97 19783.9 1e+100
4 2518.64 10074.6 1e+100
9 2126.26 8505.04 1e+100
1 4443.55 5443.55 1e+100
13 505.449 2021.8 1e+100
16 3612.16 3612.16 1e+100
7 279.418 2117.67 1e+100
3 2453.62 2453.62 1e+100
16 683.75 6735 1e+100
13 3304.43 3304.43 1e+100
8 3632.97 14531.9 1e+100
1 337.685 1350.74 1e+100
10 117.599 470.396 1e+100
3 159.577 159.577 1e+100
11 3917.98 3917.98 1e+100
14 3218.5 7218.5 1e+100
12 2640.32 2640.32 1e+100
10 3241.5 12966 1e+100
7 3797.5 16190 1e+100
5 4937.42 5937.42 1e+100
4 5623.74 22494.9 1e+100
10 1532 6128 1e+100
6 2555.41 10221.6 1e+100
4 3728.36 3728.36 1e+100
3 3451.15 14804.6 1e+100
17 4196.02 5196.02 1e+100
0 3362.27 13449.1 1e+100
16 3740.16 14960.6 1e+100
9 3652.15 4652.15 1e+100
1 5193.07 5193.07 1e+100
15 4474.76 4474.76 1e+100
5 1055.51 2055.51 1e+100
12 3767.34 3767.34 1e+100
6 3607.96 14431.8 1e+100
10 3997.15 15988.6 1e+100
8 4221.88 4221.88 1e+100
15 783.786 4135.14 1e+100
14 3463.32 13853.3 1e+100
13 4070.74 5070.74 1e+100
11 3907.79 15631.2 1e+100
4 5818.48 5818.48 1e+100
74
16 693.443 693.443 1e+100
12 477.667 477.667 1e+100
3 184.024 184.024 1e+100
5 225.508 225.508 1e+100
13 495.139 495.139 1e+100
9 369.049 369.049 1e+100
11 441.459 441.459 1e+100
4 245.169 980.675 1e+100
15 517.655 517.655 1e+100
10 249.318 249.318 1e+100
14 710.025 710.025 1e+100
0 361.428 1445.71 1e+100
1 490.857 490.857 1e+100
2 404.054 404.054 1e+100
17 70.4666 281.867 1e+100
7 2429.85 2429.85 1e+100
6 164.005 164.005 1e+100
8 1265.98 5063.91 1e+100
12 1785.48 5785.48 1e+100
9 1240.28 4961.1 1e+100
13 1127.74 2127.74 1e+100
4 1337.46 1337.46 1e+100
17 1976.38 1976.38 1e+100
3 768.449 768.449 1e+100
2 1512.94 1512.94 1e+100
10 159.343 159.343 1e+100
16 184.453 184.453 1e+100
11 1515.17 2515.17 1e+100
5 529.022 1529.02 1e+100
14 466.815 466.815 1e+100
0 1078.91 1078.91 1e+100
1 305.865 2223.46 1e+100
15 886.703 886.703 1e+100
6 749.187 2996.75 1e+100
16 2933.91 2933.91 1e+100
9 544.066 2176.26 1e+100
10 369.427 4369.43 1e+100
13 1146.43 4585.71 1e+100
3 641.697 3566.79 1e+100
4 355.067 355.067 1e+100
8 2809.78 2809.78 1e+100
12 219.39 877.56 1e+100
5 1224.65 1224.65 1e+100
14 188.227 188.227 1e+100
17 134.163 536.651 1e+100
2 725.274 2901.1 1e+100
1 470.922 470.922 1e+100
7 1318.52 1318.52 1e+100
9 425.529 425.529 1e+100
6 2208.04 2208.04 1e+100
10 313.791 1255.16 1e+100
11 875.793 4503.17 1e+100
12 1793.95 1793.95 1e+100
4 1914.26 7657.04 1e+100
15 1287.99 6151.97 1e+100
0 857.118 3428.47 1e+100
17 2148.94 3148.94 1e+100
3 1891.64 8566.55 1e+100
13 1512.97 2512.97 1e+100
10 1327.55 5310.18 1e+100
14 1703.99 6815.95 1e+100
1 2019.22 3019.22 1e+100
9 1717.02 1717.02 1e+100
2 1601.7 5601.7 1e+100
0 1935.46 1935.46 1e+100
11 3726.46 4726.46 1e+100
7 2118.4 9473.6 1e+100
15 2196.81 9787.22 1e+100
16 3953.96 3953.96 1e+100
5 3634.06 15536.3 1e+100
8 2078.56 8314.26 1e+100
10 3055.02 3055.02 1e+100
13 2512.95 10051.8 1e+100
4 2109 2109 1e+100
64
12 472.003 472.003 1e+100
12 4420.27 21681.1 1e+100
13 3867.88 16471.5 1e+100
9 4922.91 19691.6 1e+100
5 3134.09 12536.4 1e+100
4 239.866 959.465 1e+100
12 2285.97 6285.97 1e+100
0 4767.72 8767.72 1e+100
10 4424.4 17697.6 1e+100
5 4933.01 5933.01 1e+100
14 3391.75 17567 1e+100
4 2069.12 12276.5 1e+100
7 6615.67 26462.7 1e+100
1 5325.54 5325.54 1e+100
17 4747.84 4747.84 1e+100
4 3746.63 3746.63 1e+100
9 2455.93 9823.73 1e+100
16 3661.9 14647.6 1e+100
6 317.346 1269.39 1e+100
9 296.588 1186.35 1e+100
5 273.106 2092.43 1e+100
8 411.658 5646.63 1e+100
5 5944.07 5944.07 1e+100
14 802.188 802.188 1e+100
0 1166.86 4667.43 1e+100
13 480.253 1480.25 1e+100
13 3943.42 3943.42 1e+100
14 3252.59 13010.4 1e+100
17 1199.19 1199.19 1e+100
16 620.659 620.659 1e+100
1 633.129 1633.13 1e+100
2 887.039 7548.15 1e+100
6 947.264 3789.06 1e+100
10 241.046 964.185 1e+100
12 3190.78 3190.78 1e+100
7 1750.61 1750.61 1e+100
4 3210.39 3210.39 1e+100
8 2980.09 2980.09 1e+100
2 2353.01 2353.01 1e+100
1 4122.57 16490.3 1e+100
14 3095.25 3095.25 1e+100
6 1259.26 5037.04 1e+100
5 4065.95 4065.95 1e+100
9 1859 7436.01 1e+100
16 1694.14 5694.14 1e+100
3 829.877 4319.51 1e+100
0 2426.88 2426.88 1e+100
6 2353.11 2353.11 1e+100
10 1507.3 1507.3 1e+100
2 3663.73 14654.9 1e+100
17 1626.05 7504.2 1e+100
9 2613.11 10452.4 1e+100
12 2105.6 8422.39 1e+100
8 2316.71 9266.85 1e+100
7 3238.85 4238.85 1e+100
1 3665.09 3665.09 1e+100
16 3800.77 3800.77 1e+100
3 1677.2 6708.78 1e+100
4 2258.52 2258.52 1e+100
13 919.062 3676.25 1e+100
17 2493.47 2493.47 1e+100
14 3262.98 3262.98 1e+100
13 4083.68 16334.7 1e+100
10 1977.42 1977.42 1e+100
66
16 693.443 693.443 1e+100
12 477.667 477.667 1e+100
3 184.024 184.024 1e+100
5 225.508 225.508 1e+100
13 495.139 495.139 1e+100
9 369.049 369.049 1e+100
11 441.459 441.459 1e+100
4 245.169 980.675 1e+100
15 517.655 517.655 1e+100
10 249.318 249.318 1e+100
14 710.025 710.025 1e+100
0 361.428 1445.71 1e+100
1 490.857 490.857 1e+100
2 404.054 404.054 1e+100
17 70.4666 281.867 1e+100
7 2429.85 2429.85 1e+100
6 164.005 164.005 1e+100
8 1265.98 5063.91 1e+100
5 1648.66 1648.66 1e+100
3 1139.67 4558.66 1e+100
10 1055.38 1055.38 1e+100
4 1337.46 1337.46 1e+100
13 851.524 851.524 1e+100
2 1237.85 4951.39 1e+100
1 866.697 4466.79 1e+100
11 336.309 2345.23 1e+100
16 455.122 1820.49 1e+100
12 208.422 4208.42 1e+100
15 490.404 1490.4 1e+100
17 860.974 3443.9 1e+100
14 474.372 1897.49 1e+100
9 686.136 2744.54 1e+100
6 1061.83 1061.83 1e+100
3 183.925 735.699 1e+100
16 222.499 222.499 1e+100
8 247.676 990.703 1e+100
1 413.781 413.781 1e+100
15 283.973 1135.89 1e+100
13 200.494 200.494 1e+100
4 125.756 503.024 1e+100
0 188.745 188.745 1e+100
5 407.967 407.967 1e+100
17 912.599 912.599 1e+100
2 390.847 390.847 1e+100
12 770.646 770.646 1e+100
10 168.496 673.984 1e+100
14 1063.53 1063.53 1e+100
11 333.966 1335.86 1e+100
3 170.027 1680.11 1e+100
9 616.694 2466.78 1e+100
7 702.832 702.832 1e+100
6 1841.33 7365.31 1e+100
16 1086.08 4344.32 1e+100
8 2048.98 6048.98 1e+100
4 636.326 2545.3 1e+100
15 1469.73 5878.91 1e+100
0 1323.68 1323.68 1e+100
1 741.189 2964.75 1e+100
2 1191.7 1191.7 1e+100
5 866.036 4464.15 1e+100
13 690.232 3760.93 1e+100
3 908.476 3633.9 1e+100
10 1337.85 9351.4 1e+100
17 1384.19 1384.19 1e+100
11 887.908 887.908 1e+100
12 1220.65 4882.59 1e+100
55
12 472.003 472.003 1e+100
9 4900.58 19602.3 1e+100
4 2054.11 8216.44 1e+100
9 3037.29 12149.2 1e+100
5 5137.81 20551.3 1e+100
4 239.866 959.465 1e+100
5 3102.79 3102.79 1e+100
5 12149 12149 1e+100
12 2280.5 9122 1e+100
14 3712.7 3712.7 1e+100
3 6469.17 25876.7 1e+100
9 9772.36 39089.4 1e+100
0 4616.01 22464.1 1e+100
6 5573.62 9573.62 1e+100
17 8576.32 8576.32 1e+100
4 3529.94 3529.94 1e+100
10 3095.65 16382.6 1e+100
9 5902.88 24611.5 1e+100
6 317.346 1269.39 1e+100
9 296.588 1186.35 1e+100
5 273.106 2092.43 1e+100
8 411.658 5646.63 1e+100
12 6169.65 10169.6 1e+100
14 802.188 802.188 1e+100
0 1166.86 4667.43 1e+100
10 280.538 280.538 1e+100
0 4766.84 4766.84 1e+100
10 4601.26 4601.26 1e+100
10 1593.38 10373.5 1e+100
12 391.96 391.96 1e+100
8 3749.38 14997.5 1e+100
3 5338.57 5338.57 1e+100
3 150.59 602.358 1e+100
17 476.756 476.756 1e+100
4 1153.07 4612.29 1e+100
2 332.094 1328.38 1e+100
1 621.645 1621.64 1e+100
14 578.527 2314.11 1e+100
16 2532.1 2532.1 1e+100
16 228.369 228.369 1e+100
2 2312.95 9251.81 1e+100
5 1691.16 7764.66 1e+100
6 2343.46 2343.46 1e+100
3 2530.94 10123.8 1e+100
4 2455.9 2455.9 1e+100
1 1802.29 7209.17 1e+100
14 1842.73 1842.73 1e+100
9 1850.56 7402.24 1e+100
17 4887.92 4887.92 1e+100
8 5556.06 5556.06 1e+100
16 3002.66 3002.66 1e+100
12 2801.21 11204.9 1e+100
5 3509.16 14036.7 1e+100
0 2596.1 10384.4 1e+100
1 2981.52 11926.1 1e+100
63
12 472.003 472.003 1e+100
10 6520.9 30083.6 1e+100
10 4032.78 16131.1 1e+100
4 3956.56 19826.2 1e+100
9 10825.2 43300.6 1e+100
4 239.866 959.465 1e+100
12 4746.01 8746.01 1e+100
1 7288.12 7288.12 1e+100
4 5441.55 21766.2 1e+100
5 2964.69 3964.69 1e+100
0 5510.91 26043.6 1e+100
17 6118.3 24473.2 1e+100
12 2176.33 12705.3 1e+100
14 6585.45 10585.5 1e+100
16 5083 9083 1e+100
6 7806.76 7806.76 1e+100
4 1489.59 9958.35 1e+100
8 5817.99 23272 1e+100
6 317.346 1269.39 1e+100
9 296.588 1186.35 1e+100
5 273.106 2092.43 1e+100
8 411.658 5646.63 1e+100
9 5932.26 5932.26 1e+100
14 802.188 802.188 1e+100
0 1166.86 4667.43 1e+100
12 5003.78 5003.78 1e+100
14 2041.74 8166.96 1e+100
16 657.466 4657.47 1e+100
10 106.181 4106.18 1e+100
6 2008.61 2008.61 1e+100
9 2070.72 9282.88 1e+100
9 202.278 1809.11 1e+100
1 1651.8 2651.8 1e+100
2 4312.19 4312.19 1e+100
17 1004.23 4016.93 1e+100
5 4844.86 20379.4 1e+100
13 433.483 1433.48 1e+100
7 6214.68 6214.68 1e+100
13 2525.81 2525.81 1e+100
11 374.448 1497.79 1e+100
15 5625.38 6625.38 1e+100
13 3903.11 4903.11 1e+100
5 1130.27 4521.08 1e+100
2 149.522 4598.09 1e+100
7 583.875 1583.87 1e+100
10 3405.97 3405.97 1e+100
4 2968.79 2968.79 1e+100
17 4076.54 5076.54 1e+100
9 3583.78 4583.78 1e+100
8 2757.28 2757.28 1e+100
14 3676.29 3676.29 1e+100
12 3030.32 3030.32 1e+100
16 1924.84 11699.4 1e+100
1 4274.58 4274.58 1e+100
2 4469.29 4469.29 1e+100
15 122.721 490.884 1e+100
11 4705.09 4705.09 1e+100
0 3102.25 3102.25 1e+100
11 666.276 1666.28 1e+100
16 3308.75 3308.75 1e+100
10 3406.09 3406.09 1e+100
0 511.005 6044.02 1e+100
4 2937 2937 1e+100
59
13 566.155 3264.62 1e+100
15 485.977 1943.91 1e+100
13 2301.22 2301.22 1e+100
5 256.514 1256.51 1e+100
10 146.92 146.92 1e+100
3 141.2 1564.8 1e+100
6 194.549 4778.2 1e+100
8 717.6 717.6 1e+100
3 1709.21 6836.83 1e+100
14 311.671 1246.69 1e+100
17 4207.19 16828.8 1e+100
5 1710.19 2710.19 1e+100
10 1502.9 6011.58 1e+100
7 124.501 1124.5 1e+100
9 55.2401 220.96 1e+100
12 2496.65 2496.65 1e+100
7 2558.85 10235.4 1e+100
15 677.621 3710.48 1e+100
16 1921.86 1921.86 1e+100
12 399.608 399.608 1e+100
2 148.245 148.245 1e+100
1 428.454 428.454 1e+100
2 1514.74 6058.94 1e+100
9 711.036 711.036 1e+100
17 1031.54 2031.54 1e+100
6 2331.04 2331.04 1e+100
14 245.8 4983.2 1e+100
8 321.807 1287.23 1e+100
0 404.718 1618.87 1e+100
5 1440.94 2440.94 1e+100
1 972.307 972.307 1e+100
10 974.112 974.112 1e+100
14 2090.56 2090.56 1e+100
8 1448.43 1448.43 1e+100
13 430.9 1723.6 1e+100
3 680.063 680.063 1e+100
9 1324.69 5298.77 1e+100
15 453.19 2812.76 1e+100
0 1042.91 1042.91 1e+100
4 247.335 247.335 1e+100
16 2100.49 8401.96 1e+100
11 1879.15 1879.15 1e+100
2 79.9795 79.9795 1e+100
7 852.876 1852.88 1e+100
12 731.051 731.051 1e+100
13 259.904 1259.9 1e+100
1 1367.21 2367.21 1e+100
2 2307.18 2307.18 1e+100
5 581.543 2326.17 1e+100
15 1419.99 1419.99 1e+100
17 869.357 1869.36 1e+100
3 125.353 501.414 1e+100
10 1052.18 5052.18 1e+100
6 486.14 486.14 1e+100
8 2017.5 2017.5 1e+100
9 1229.41 2229.41 1e+100
4 330.419 330.419 1e+100
0 1218.04 8872.16 1e+100
14 547.569 547.569 1e+100
73
1 603.435 603.435 1e+100
4 291.339 1165.36 1e+100
12 259.952 259.952 1e+100
6 396.645 396.645 1e+100
11 479.205 479.205 1e+100
2 152.475 152.475 1e+100
5 282.45 282.45 1e+100
8 711.322 711.322 1e+100
3 181.57 181.57 1e+100
9 234.928 234.928 1e+100
15 607.072 2428.29 1e+100
13 550.67 550.67 1e+100
10 169.132 169.132 1e+100
17 688.8 688.8 1e+100
7 363.478 1363.48 1e+100
0 611.478 4611.48 1e+100
16 268.839 4268.84 1e+100
14 730.905 2923.62 1e+100
2 1517.91 6071.64 1e+100
15 1715.3 1715.3 1e+100
5 1660.92 2660.92 1e+100
9 1454.29 1454.29 1e+100
6 1301.7 1301.7 1e+100
13 1581.69 2581.69 1e+100
14 1744.01 6976.04 1e+100
11 1141.73 4566.91 1e+100
0 1580.82 6323.29 1e+100
5 2639.68 2639.68 1e+100
16 1101.79 1101.79 1e+100
12 441.498 441.498 1e+100
2 290.037 290.037 1e+100
7 639.011 1639.01 1e+100
3 1262.58 1262.58 1e+100
10 439.991 439.991 1e+100
8 359.781 359.781 1e+100
9 468.288 468.288 1e+100
15 162.574 162.574 1e+100
12 568.821 2275.28 1e+100
1 242.65 970.601 1e+100
4 391.23 1564.92 1e+100
16 234.425 234.425 1e+100
14 22.2105 88.842 1e+100
17 651.229 651.229 1e+100
15 1092.28 4369.11 1e+100
0 117.599 470.396 1e+100
6 1976.51 5976.51 1e+100
2 791.295 4791.3 1e+100
13 359.682 359.682 1e+100
8 1073.73 1073.73 1e+100
5 470.671 2882.69 1e+100
10 1204.21 4816.84 1e+100
7 1477.2 2477.2 1e+100
9 2862.34 12449.4 1e+100
16 1254.22 5016.89 1e+100
0 1664.5 6658.01 1e+100
14 2097.17 2097.17 1e+100
11 433.246 2732.98 1e+100
4 3331.84 3331.84 1e+100
1 508.805 3035.22 1e+100
12 1901.97 7607.88 1e+100
3 1976.28 2976.28 1e+100
11 1952.8 1952.8 1e+100
17 1296.8 1296.8 1e+100
15 2465.33 3465.33 1e+100
1 2340.58 3340.58 1e+100
2 1591.17 6364.69 1e+100
5 1226.32 5905.26 1e+100
8 1712.97 1712.97 1e+100
16 2155.91 8623.63 1e+100
13 604.507 3418.03 1e+100
4 4891.85 4891.85 1e+100
17 1880.81 7523.24 1e+100
0 1908.23 1908.23 1e+100
59
1 603.435 603.435 1e+100
4 291.339 1165.36 1e+100
12 259.952 259.952 1e+100
6 396.645 396.645 1e+100
11 479.205 479.205 1e+100
2 152.475 152.475 1e+100
5 282.45 282.45 1e+100
8 711.322 711.322 1e+100
3 181.57 181.57 1e+100
9 234.928 234.928 1e+100
15 607.072 2428.29 1e+100
13 550.67 550.67 1e+100
10 169.132 169.132 1e+100
17 688.8 688.8 1e+100
7 363.478 1363.48 1e+100
0 611.478 4611.48 1e+100
16 268.839 4268.84 1e+100
14 730.905 2923.62 1e+100
2 1517.91 6071.64 1e+100
10 1340.31 5340.31 1e+100
1 1304.86 2304.86 1e+100
3 1378.04 1378.04 1e+100
6 1301.7 1301.7 1e+100
9 1234.8 2234.8 1e+100
4 1032.41 4129.64 1e+100
12 1490.27 9961.09 1e+100
16 1428.81 5715.24 1e+100
11 983.635 983.635 1e+100
5 774.237 1774.24 1e+100
8 581.588 581.588 1e+100
15 625.676 2502.71 1e+100
7 263.216 2052.86 1e+100
10 362.364 362.364 1e+100
1 148.871 148.871 1e+100
5 121.194 121.194 1e+100
17 29.7805 119.122 1e+100
0 914.924 914.924 1e+100
4 35.7208 35.7208 1e+100
3 227.372 909.488 1e+100
13 149.522 598.087 1e+100
6 274.294 274.294 1e+100
12 345.418 345.418 1e+100
16 189.447 189.447 1e+100
12 3768.56 3768.56 1e+100
15 445.247 1445.25 1e+100
14 5688.3 5688.3 1e+100
1 386.612 1386.61 1e+100
9 160.036 1160.04 1e+100
11 163.645 654.58 1e+100
17 439.935 439.935 1e+100
8 98.5675 98.5675 1e+100
5 67.4364 269.745 1e+100
13 265.149 265.149 1e+100
10 47.077 47.077 1e+100
4 53.1115 53.1115 1e+100
12 758.791 758.791 1e+100
16 295.842 295.842 1e+100
3 1504.62 6018.47 1e+100
6 1866.6 1866.6 1e+100
80
1 603.435 603.435 1e+100
4 291.339 1165.36 1e+100
12 259.952 259.952 1e+100
6 396.645 396.645 1e+100
11 479.205 479.205 1e+100
2 152.475 152.475 1e+100
5 282.45 282.45 1e+100
8 711.322 711.322 1e+100
3 181.57 181.57 1e+100
9 234.928 234.928 1e+100
15 607.072 2428.29 1e+100
13 550.67 550.67 1e+100
10 169.132 169.132 1e+100
17 688.8 688.8 1e+100
7 363.478 1363.48 1e+100
0 611.478 4611.48 1e+100
16 268.839 4268.84 1e+100
14 730.905 2923.62 1e+100
4 1689.4 6757.59 1e+100
3 1203.14 1203.14 1e+100
5 1660.92 2660.92 1e+100
9 1454.29 1454.29 1e+100
6 1301.7 1301.7 1e+100
10 1295.71 1295.71 1e+100
2 1522.68 6090.7 1e+100
1 1023.1 4092.42 1e+100
8 3050.72 12202.9 1e+100
11 983.635 983.635 1e+100
13 958.92 4835.68 1e+100
12 622.366 2489.46 1e+100
15 984.961 4939.84 1e+100
16 108.793 435.172 1e+100
7 3050.74 3050.74 1e+100
0 661.387 661.387 1e+100
17 1567.78 6271.12 1e+100
14 346.178 1384.71 1e+100
3 1064.89 4259.56 1e+100
4 102.336 102.336 1e+100
16 1798.79 1798.79 1e+100
5 1009.11 1009.11 1e+100
12 589.39 589.39 1e+100
10 402.324 402.324 1e+100
13 271.269 271.269 1e+100
11 232.95 232.95 1e+100
2 795.146 3180.58 1e+100
1 356.744 1426.97 1e+100
6 353.712 1414.85 1e+100
14 463.335 463.335 1e+100
0 430.192 1720.77 1e+100
15 371.74 371.74 1e+100
9 655.805 2623.22 1e+100
4 661.36 2645.44 1e+100
11 1063.7 1063.7 1e+100
17 1915.84 1915.84 1e+100
3 1674.11 1674.11 1e+100
10 1116.27 1116.27 1e+100
8 851.787 3407.15 1e+100
12 1353.61 5414.44 1e+100
13 1130.95 2130.95 1e+100
7 2399.99 10600 1e+100
1 996.65 4986.6 1e+100
15 1687.8 7751.18 1e+100
2 3337.22 3337.22 1e+100
14 1488.96 5955.83 1e+100
6 3294.32 3294.32 1e+100
0 2086 8344.01 1e+100
4 2396.12 9584.48 1e+100
16 3073.1 3073.1 1e+100
5 2632.41 2632.41 1e+100
9 2118.25 2118.25 1e+100
10 2545.41 2545.41 1e+100
13 4102.47 5102.47 1e+100
11 1860.1 8440.38 1e+100
8 1607.43 6429.73 1e+100
12 3812.83 3812.83 1e+100
1 1898.34 8593.34 1e+100
3 1918.94 8675.74 1e+100
14 3233.83 3233.83 1e+100
15 1930.28 7721.13 1e+100
17 1906.88 2906.88 1e+100
71
12 472.003 472.003 1e+100
13 3951.67 15806.7 1e+100
5 4990.31 20961.2 1e+100
4 2128.64 12514.6 1e+100
9 2956.21 11824.8 1e+100
4 239.866 959.465 1e+100
10 3936.6 7936.6 1e+100
9 5701.21 5701.21 1e+100
12 2280.5 9122 1e+100
5 2964.69 3964.69 1e+100
14 6483.29 29933.2 1e+100
15 7569.55 30278.2 1e+100
17 7231.56 28926.2 1e+100
6 5573.62 9573.62 1e+100
0 5362.75 9362.75 1e+100
4 5292.76 5292.76 1e+100
17 4730.63 18922.5 1e+100
4 3197.69 12790.8 1e+100
6 317.346 1269.39 1e+100
9 296.588 1186.35 1e+100
5 273.106 2092.43 1e+100
8 411.658 5646.63 1e+100
13 6099.21 6099.21 1e+100
14 802.188 802.188 1e+100
0 1166.86 4667.43 1e+100
13 480.253 1480.25 1e+100
10 4313.85 8313.85 1e+100
10 273.83 1095.32 1e+100
17 1199.19 1199.19 1e+100
14 1501.45 1501.45 1e+100
12 4302.35 4302.35 1e+100
12 2077.08 12308.3 1e+100
16 4243.36 16973.4 1e+100
13 2735.32 11941.3 1e+100
7 5802.91 6802.91 1e+100
5 3956.41 3956.41 1e+100
2 3979.5 3979.5 1e+100
11 4441.64 5441.64 1e+100
16 69.0397 69.0397 1e+100
7 639.011 1639.01 1e+100
9 3831.8 3831.8 1e+100
4 3875.23 3875.23 1e+100
0 3791.98 3791.98 1e+100
3 3616.87 3616.87 1e+100
8 2047.12 6047.12 1e+100
10 3475.4 13901.6 1e+100
14 522.225 6088.9 1e+100
6 4660.16 18640.6 1e+100
2 287.57 287.57 1e+100
8 3039.93 12159.7 1e+100
1 2918.25 2918.25 1e+100
14 3182.7 12730.8 1e+100
15 514.31 1514.31 1e+100
11 423.711 2694.84 1e+100
12 4205.6 4205.6 1e+100
16 5028.07 5028.07 1e+100
5 3555.31 15221.2 1e+100
13 3617.94 15471.8 1e+100
3 236.571 1236.57 1e+100
1 594.769 2379.08 1e+100
2 4143.43 4143.43 1e+100
17 3840.71 15362.8 1e+100
11 4010.8 5010.8 1e+100
1 3439.12 13756.5 1e+100
15 4265.06 4265.06 1e+100
4 5229.45 5229.45 1e+100
9 5002.56 6002.56 1e+100
0 3687.55 14750.2 1e+100
3 4073.67 16294.7 1e+100
10 3718.6 14874.4 1e+100
14 3450.54 17802.2 1e+100
63
1 603.435 603.435 1e+100
4 291.339 1165.36 1e+100
12 259.952 259.952 1e+100
6 396.645 396.645 1e+100
11 479.205 479.205 1e+100
2 152.475 152.475 1e+100
5 282.45 282.45 1e+100
8 711.322 711.322 1e+100
3 181.57 181.57 1e+100
9 234.928 234.928 1e+100
15 607.072 2428.29 1e+100
13 550.67 550.67 1e+100
10 169.132 169.132 1e+100
17 688.8 688.8 1e+100
7 363.478 1363.48 1e+100
0 611.478 4611.48 1e+100
16 268.839 4268.84 1e+100
14 730.905 2923.62 1e+100
4 1689.4 6757.59 1e+100
3 1203.14 1203.14 1e+100
9 1679.79 2679.79 1e+100
2 1357.24 5357.24 1e+100
6 1301.7 1301.7 1e+100
1 1212.05 2212.05 1e+100
12 1551.26 6205.04 1e+100
8 3194.32 16777.3 1e+100
10 965.776 3863.11 1e+100
11 983.635 983.635 1e+100
15 1047.93 5191.73 1e+100
5 683.331 3733.32 1e+100
13 895.948 4583.79 1e+100
16 133.389 533.556 1e+100
7 3050.74 3050.74 1e+100
0 661.387 661.387 1e+100
17 1567.78 6271.12 1e+100
14 332.523 1330.09 1e+100
3 1064.89 4259.56 1e+100
4 955.987 955.987 1e+100
9 282.504 1130.01 1e+100
16 87.361 87.361 1e+100
6 891.073 3564.29 1e+100
15 462.143 462.143 1e+100
5 350.002 1400.01 1e+100
1 183.549 183.549 1e+100
0 401.192 1604.77 1e+100
11 490.568 1490.57 1e+100
14 1167.56 1167.56 1e+100
13 393.728 1393.73 1e+100
10 258.247 1032.99 1e+100
2 340.32 1361.28 1e+100
9 100.2 400.801 1e+100
12 294.76 1179.04 1e+100
16 724.942 2899.77 1e+100
6 2985.55 2985.55 1e+100
3 256.079 256.079 1e+100
8 286.47 286.47 1e+100
5 403.651 1614.6 1e+100
4 778.821 778.821 1e+100
17 368.321 1473.28 1e+100
15 484.187 484.187 1e+100
0 1103.73 1103.73 1e+100
1 1116.95 4467.78 1e+100
10 862.29 862.29 1e+100
67
1 603.435 603.435 1e+100
4 291.339 1165.36 1e+100
12 259.952 259.952 1e+100
6 396.645 396.645 1e+100
11 479.205 479.205 1e+100
2 152.475 152.475 1e+100
5 282.45 282.45 1e+100
8 711.322 711.322 1e+100
3 181.57 181.57 1e+100
9 234.928 234.928 1e+100
15 607.072 2428.29 1e+100
13 550.67 550.67 1e+100
10 169.132 169.132 1e+100
17 688.8 688.8 1e+100
7 363.478 1363.48 1e+100
0 611.478 4611.48 1e+100
16 268.839 4268.84 1e+100
14 730.905 2923.62 1e+100
6 3037.98 12151.9 1e+100
5 1260.53 1260.53 1e+100
3 1603.53 2603.53 1e+100
9 1454.29 1454.29 1e+100
4 3278.07 3278.07 1e+100
10 1295.71 1295.71 1e+100
2 1522.68 6090.7 1e+100
1 1023.1 4092.42 1e+100
12 1317.8 5271.2 1e+100
8 2977.7 6977.7 1e+100
11 760.542 4042.17 1e+100
16 733.377 2933.51 1e+100
15 984.961 4939.84 1e+100
13 592.024 3368.1 1e+100
7 3050.74 3050.74 1e+100
0 661.387 661.387 1e+100
17 1567.78 6271.12 1e+100
5 962.199 4848.8 1e+100
14 263.337 5053.35 1e+100
11 715.192 715.192 1e+100
3 729.16 3916.64 1e+100
10 924.522 3698.09 1e+100
16 367.58 367.58 1e+100
1 538.309 2153.24 1e+100
9 422.273 1689.09 1e+100
12 222.008 222.008 1e+100
13 157.414 629.657 1e+100
15 60.9599 243.84 1e+100
6 381.716 1526.87 1e+100
14 652.228 652.228 1e+100
0 116.228 464.912 1e+100
2 119.063 119.063 1e+100
4 2169.43 2169.43 1e+100
5 801.462 1801.46 1e+100
12 759.478 3037.91 1e+100
10 628.981 2515.93 1e+100
11 1472.47 5889.88 1e+100
8 440.094 1760.38 1e+100
17 937.365 4749.46 1e+100
1 469.071 1469.07 1e+100
9 787.832 787.832 1e+100
15 841.49 1841.49 1e+100
13 204.699 818.796 1e+100
16 1064.39 1064.39 1e+100
3 332.375 1329.5 1e+100
0 463.177 4463.18 1e+100
2 456.496 456.496 1e+100
7 2224.29 8897.15 1e+100
8 1338.44 1338.44 1e+100
65
1 603.435 603.435 1e+100
4 291.339 1165.36 1e+100
12 259.952 259.952 1e+100
6 396.645 396.645 1e+100
11 479.205 479.205 1e+100
2 152.475 152.475 1e+100
5 282.45 282.45 1e+100
8 711.322 711.322 1e+100
3 181.57 181.57 1e+100
9 234.928 234.928 1e+100
15 607.072 2428.29 1e+100
13 550.67 550.67 1e+100
10 169.132 169.132 1e+100
17 688.8 688.8 1e+100
7 363.478 1363.48 1e+100
0 611.478 4611.48 1e+100
16 268.839 4268.84 1e+100
14 730.905 2923.62 1e+100
3 1696.03 7784.1 1e+100
4 1196.51 5196.51 1e+100
2 1830.67 1830.67 1e+100
5 1435.43 1435.43 1e+100
6 1301.7 1301.7 1e+100
10 1295.71 1295.71 1e+100
9 1115.29 5461.18 1e+100
1 1023.1 4092.42 1e+100
12 1317.8 5271.2 1e+100
8 2977.7 6977.7 1e+100
11 1010.9 1010.9 1e+100
16 1093.46 1093.46 1e+100
13 875.124 1875.12 1e+100
15 869.017 1869.02 1e+100
7 1469.14 2469.14 1e+100
0 191.98 191.98 1e+100
14 256.917 256.917 1e+100
17 1405.67 2405.67 1e+100
4 756.577 3026.31 1e+100
9 1713.34 1713.34 1e+100
7 2874.35 12497.4 1e+100
16 1656.27 1656.27 1e+100
3 618.772 2475.09 1e+100
2 604.937 604.937 1e+100
10 1926.06 7704.24 1e+100
11 334.952 334.952 1e+100
1 290.258 1161.03 1e+100
5 373.171 373.171 1e+100
14 124.992 499.966 1e+100
13 660.424 1660.42 1e+100
2 2342.97 2342.97 1e+100
4 980.93 980.93 1e+100
15 494.98 2979.92 1e+100
0 823.978 3295.91 1e+100
3 203.568 814.274 1e+100
12 732.007 2928.03 1e+100
17 369.814 2479.26 1e+100
8 393.533 393.533 1e+100
6 785.172 4785.17 1e+100
16 2003.83 2003.83 1e+100
9 1110 4440 1e+100
14 333.255 333.255 1e+100
1 655.546 2622.18 1e+100
11 356.997 356.997 1e+100
15 859.42 1859.42 1e+100
5 1306.15 5224.59 1e+100
13 1237.46 2237.46 1e+100
84
1 603.435 603.435 1e+100
4 291.339 1165.36 1e+100
12 259.952 259.952 1e+100
6 396.645 396.645 1e+100
11 479.205 479.205 1e+100
2 152.475 152.475 1e+100
5 282.45 282.45 1e+100
8 711.322 711.322 1e+100
3 181.57 181.57 1e+100
9 234.928 234.928 1e+100
15 607.072 2428.29 1e+100
13 550.67 550.67 1e+100
10 169.132 169.132 1e+100
17 688.8 688.8 1e+100
7 363.478 1363.48 1e+100
0 611.478 4611.48 1e+100
16 268.839 4268.84 1e+100
14 730.905 2923.62 1e+100
4 1689.4 6757.59 1e+100
3 1203.14 1203.14 1e+100
2 1830.67 1830.67 1e+100
10 1515.2 5515.2 1e+100
6 1301.7 1301.7 1e+100
12 1681.11 1681.11 1e+100
1 1081.16 5324.66 1e+100
8 3194.32 16777.3 1e+100
5 886.001 4544.01 1e+100
11 983.635 983.635 1e+100
9 785.103 1785.1 1e+100
16 553.024 4553.02 1e+100
13 956.124 4824.5 1e+100
15 794.054 794.054 1e+100
7 3495.81 4495.81 1e+100
0 926.84 926.84 1e+100
17 1045.79 4183.17 1e+100
14 2349.27 9397.08 1e+100
3 921.844 4687.38 1e+100
5 1230.14 2230.14 1e+100
9 1571.79 1571.79 1e+100
4 882.689 882.689 1e+100
16 840.041 840.041 1e+100
1 1072.07 4288.28 1e+100
6 851.992 3407.97 1e+100
2 388.987 388.987 1e+100
15 1034.36 1034.36 1e+100
13 450.37 450.37 1e+100
11 278.119 1112.48 1e+100
10 1796.53 1796.53 1e+100
12 368.994 368.994 1e+100
0 680.51 6722.04 1e+100
3 682.989 2731.96 1e+100
17 2273.62 3273.62 1e+100
11 1337.03 2337.03 1e+100
4 1804.66 1804.66 1e+100
13 1141.38 4565.53 1e+100
16 1221.18 4884.72 1e+100
1 897.328 897.328 1e+100
2 1503.93 5503.93 1e+100
9 2054.22 2054.22 1e+100
6 3724.14 3724.14 1e+100
15 1175.77 5703.08 1e+100
14 1568.75 6275.01 1e+100
12 2082.23 2082.23 1e+100
3 1444.62 6778.47 1e+100
7 1593.35 7373.39 1e+100
5 2279.54 10118.2 1e+100
1 2433.53 3433.53 1e+100
5 350.537 2402.15 1e+100
11 2382.3 3382.3 1e+100
8 927.389 3709.55 1e+100
0 2011.08 8044.32 1e+100
10 4237 4237 1e+100
13 2745.53 2745.53 1e+100
15 2025.3 2025.3 1e+100
3 2473.98 3473.98 1e+100
4 2444.77 2444.77 1e+100
16 1982.96 7931.82 1e+100
2 2324.57 9298.29 1e+100
17 4526.47 5526.47 1e+100
7 2495.03 10980.1 1e+100
8 2337.86 9351.43 1e+100
14 3077.11 3077.11 1e+100
5 2522.02 10088.1 1e+100
9 2563.87 3563.87 1e+100
66
12 472.003 472.003 1e+100
9 5418.86 21675.4 1e+100
12 2211.97 8847.89 1e+100
4 2128.64 12514.6 1e+100
4 7222.53 32890.1 1e+100
4 239.866 959.465 1e+100
5 3102.79 3102.79 1e+100
0 7385.51 11385.5 1e+100
14 3430.23 13720.9 1e+100
8 6107.98 6107.98 1e+100
1 7704.76 30819 1e+100
4 3923.15 19692.6 1e+100
9 2815.26 11261.1 1e+100
12 4257.32 8257.32 1e+100
12 6204.53 10204.5 1e+100
6 4760.88 4760.88 1e+100
5 4637.54 18550.2 1e+100
13 6024.81 25099.3 1e+100
6 317.346 1269.39 1e+100
9 296.588 1186.35 1e+100
5 273.106 2092.43 1e+100
8 411.658 5646.63 1e+100
15 2750.83 2750.83 1e+100
14 802.188 802.188 1e+100
0 1166.86 4667.43 1e+100
15 485.168 1485.17 1e+100
11 1228.66 2228.66 1e+100
0 1318.21 1318.21 1e+100
16 2004.27 2004.27 1e+100
11 1780.93 1780.93 1e+100
6 3343.35 3343.35 1e+100
13 163.73 1163.73 1e+100
9 4900.97 4900.97 1e+100
11 5139.69 5139.69 1e+100
2 3607.48 14429.9 1e+100
10 2660.4 14641.6 1e+100
15 2727.6 11910.4 1e+100
16 5224.47 5224.47 1e+100
13 3177.59 13710.4 1e+100
14 850.866 4850.87 1e+100
7 2088.09 3088.09 1e+100
10 164.742 4164.74 1e+100
17 4137.13 4137.13 1e+100
8 2780.89 2780.89 1e+100
1 616.698 1616.7 1e+100
2 119.111 476.442 1e+100
7 4022.77 5022.77 1e+100
12 3021.45 16085.8 1e+100
10 3129.1 12516.4 1e+100
14 1704.68 10818.7 1e+100
1 5555.56 5555.56 1e+100
4 3142.85 12571.4 1e+100
0 4177.44 16709.8 1e+100
1 3386.62 3386.62 1e+100
6 4538.01 18152 1e+100
2 4181.61 20726.4 1e+100
14 3494.23 3494.23 1e+100
15 5311.51 21246 1e+100
8 3581.74 3581.74 1e+100
9 363.104 2452.42 1e+100
10 5222.78 20891.1 1e+100
17 784.917 3139.67 1e+100
13 3688.05 14752.2 1e+100
11 4454.63 4454.63 1e+100
12 3575.4 7575.4 1e+100
4 4207.49 16829.9 1e+100
66
13 566.155 3264.62 1e+100
15 485.977 1943.91 1e+100
3 2177.06 2177.06 1e+100
5 256.514 1256.51 1e+100
10 146.92 146.92 1e+100
3 141.2 1564.8 1e+100
6 194.549 4778.2 1e+100
8 717.6 717.6 1e+100
12 3352.25 17409 1e+100
14 311.671 1246.69 1e+100
5 1806.54 7226.15 1e+100
10 1508.06 1508.06 1e+100
2 3294.28 13177.1 1e+100
7 124.501 1124.5 1e+100
9 55.2401 220.96 1e+100
3 2678.35 3678.35 1e+100
13 2424.8 9699.19 1e+100
13 717.646 3870.58 1e+100
16 1921.86 1921.86 1e+100
12 399.608 399.608 1e+100
6 3797.52 3797.52 1e+100
15 781.141 781.141 1e+100
11 565.238 3260.95 1e+100
9 711.036 711.036 1e+100
2 146.331 146.331 1e+100
7 1440.81 2440.81 1e+100
14 245.8 4983.2 1e+100
8 321.807 1287.23 1e+100
5 1252.36 6009.44 1e+100
11 1188.82 2188.82 1e+100
1 385.46 385.46 1e+100
17 391.164 1391.16 1e+100
0 226.546 226.546 1e+100
4 392.864 5571.46 1e+100
8 1009.92 4039.67 1e+100
10 654.538 654.538 1e+100
9 951.343 951.343 1e+100
14 1499.64 5499.64 1e+100
15 325.212 1300.85 1e+100
16 1075.19 1075.19 1e+100
4 1091.94 1091.94 1e+100
1 1127.27 4509.07 1e+100
13 1100.81 4403.24 1e+100
2 3635.37 3635.37 1e+100
0 674.405 674.405 1e+100
8 4531.86 4531.86 1e+100
12 474.837 1899.35 1e+100
0 2535.63 2535.63 1e+100
5 505.538 3022.15 1e+100
7 1344.06 2344.06 1e+100
17 813.73 1813.73 1e+100
10 1160.94 4643.77 1e+100
3 819.673 4278.69 1e+100
4 1816.72 1816.72 1e+100
11 388.855 1555.42 1e+100
6 1135.1 1135.1 1e+100
15 675.982 2703.93 1e+100
14 1709.05 1709.05 1e+100
9 261.229 1044.92 1e+100
13 994.887 994.887 1e+100
5 1629.21 2629.21 1e+100
16 3898.29 3898.29 1e+100
12 674.725 2698.9 1e+100
1 1824.77 7299.08 1e+100
17 1409.2 6636.8 1e+100
11 1217.56 4870.25 1e+100
51
13 566.155 3264.62 1e+100
15 485.977 1943.91 1e+100
5 2424.47 2424.47 1e+100
5 256.514 1256.51 1e+100
10 146.92 146.92 1e+100
3 141.2 1564.8 1e+100
6 194.549 4778.2 1e+100
8 717.6 717.6 1e+100
3 1709.21 6836.83 1e+100
14 311.671 1246.69 1e+100
17 5527.25 22109 1e+100
1 6132.66 7132.66 1e+100
13 1626.6 7506.4 1e+100
7 124.501 1124.5 1e+100
9 55.2401 220.96 1e+100
7 3436.55 4436.55 1e+100
9 1543.17 6172.67 1e+100
10 593.942 2375.77 1e+100
16 1921.86 1921.86 1e+100
12 399.608 399.608 1e+100
15 342.976 1342.98 1e+100
14 756.728 756.728 1e+100
17 1004.23 4016.93 1e+100
8 263.216 1052.86 1e+100
12 396.072 396.072 1e+100
13 341.839 341.839 1e+100
11 431.128 431.128 1e+100
5 225.833 903.331 1e+100
6 323.48 323.48 1e+100
4 336.523 336.523 1e+100
3 309.219 1236.88 1e+100
1 480.98 1923.92 1e+100
16 576.726 576.726 1e+100
2 242.578 242.578 1e+100
0 23.4264 23.4264 1e+100
9 146.622 1146.62 1e+100
10 290.474 290.474 1e+100
8 3520.65 3520.65 1e+100
5 1115.43 2115.43 1e+100
13 345.075 1345.08 1e+100
17 2274.06 9096.24 1e+100
11 858.693 858.693 1e+100
12 629.55 629.55 1e+100
7 582.748 2330.99 1e+100
4 891.959 4891.96 1e+100
0 373.939 373.939 1e+100
6 1965.31 1965.31 1e+100
14 400.289 400.289 1e+100
2 478.332 478.332 1e+100
3 1586.46 6345.86 1e+100
16 2168.75 2168.75 1e+100
48
14 779.255 4779.25 1e+100
17 133.544 1534.18 1e+100
16 531.441 2125.76 1e+100
3 161.318 645.273 1e+100
5 318.099 318.099 1e+100
10 106.358 106.358 1e+100
1 499.495 499.495 1e+100
11 479.205 1916.82 1e+100
4 241.838 241.838 1e+100
12 408.562 408.562 1e+100
6 2663.98 6663.98 1e+100
9 317.908 1271.63 1e+100
2 102.204 408.817 1e+100
15 524.847 524.847 1e+100
0 813.36 3253.44 1e+100
7 823.499 823.499 1e+100
13 1489.57 1489.57 1e+100
8 903.794 4903.79 1e+100
17 534.049 1534.05 1e+100
3 444.565 2778.26 1e+100
10 763.537 763.537 1e+100
16 387.87 387.87 1e+100
8 279.688 279.688 1e+100
3 235.01 940.041 1e+100
9 324.218 324.218 1e+100
1 256.769 1027.07 1e+100
11 355.262 2421.05 1e+100
2 500.718 500.718 1e+100
12 413.923 413.923 1e+100
14 149.202 596.807 1e+100
17 357.911 357.911 1e+100
10 79.9795 79.9795 1e+100
1 1406.48 2406.48 1e+100
7 336.789 1336.79 1e+100
0 738.388 738.388 1e+100
4 526.838 526.838 1e+100
6 614.675 614.675 1e+100
9 181.633 726.532 1e+100
5 259.943 259.943 1e+100
16 234.565 234.565 1e+100
15 122.721 490.884 1e+100
3 290.474 290.474 1e+100
11 418.484 1418.48 1e+100
2 23.5564 23.5564 1e+100
12 411.406 411.406 1e+100
14 743.038 743.038 1e+100
13 160.911 643.644 1e+100
8 651.446 651.446 1e+100
50
13 566.155 3264.62 1e+100
15 485.977 1943.91 1e+100
9 2795.76 2795.76 1e+100
5 256.514 1256.51 1e+100
10 146.92 146.92 1e+100
3 141.2 1564.8 1e+100
6 194.549 4778.2 1e+100
8 717.6 717.6 1e+100
8 6774.93 31099.7 1e+100
14 311.671 1246.69 1e+100
3 1530.13 6120.54 1e+100
8 4515.11 4515.11 1e+100
17 6542.06 27168.2 1e+100
7 124.501 1124.5 1e+100
9 55.2401 220.96 1e+100
10 854.064 854.064 1e+100
13 5648.9 22595.6 1e+100
12 3784.61 15138.4 1e+100
16 1921.86 1921.86 1e+100
12 399.608 399.608 1e+100
4 5614.12 5614.12 1e+100
14 730.907 730.907 1e+100
6 321.497 321.497 1e+100
12 146.508 4586.03 1e+100
11 455.101 455.101 1e+100
5 256.769 1027.07 1e+100
10 167.257 669.028 1e+100
2 677.017 677.017 1e+100
13 413.923 1413.92 1e+100
17 613.314 3453.25 1e+100
5 1468.54 1468.54 1e+100
2 2409.68 2409.68 1e+100
16 1886.68 1886.68 1e+100
6 1481.38 1481.38 1e+100
1 458.113 1458.11 1e+100
4 372.695 1490.78 1e+100
11 395.46 2581.84 1e+100
3 742.639 2970.56 1e+100
14 661.487 2645.95 1e+100
10 676.931 2707.72 1e+100
0 574.115 574.115 1e+100
7 548.905 548.905 1e+100
9 178.953 1178.95 1e+100
15 52.3599 209.44 1e+100
12 651.843 651.843 1e+100
11 1600.4 6401.61 1e+100
14 1420.74 5420.74 1e+100
10 2046.42 2046.42 1e+100
1 2541.53 10166.1 1e+100
0 1843.9 1843.9 1e+100
67
13 566.155 3264.62 1e+100
15 485.977 1943.91 1e+100
9 2795.76 2795.76 1e+100
5 256.514 1256.51 1e+100
10 146.92 146.92 1e+100
3 141.2 1564.8 1e+100
6 194.549 4778.2 1e+100
8 717.6 717.6 1e+100
13 3365.67 13462.7 1e+100
14 311.671 1246.69 1e+100
3 1530.13 6120.54 1e+100
5 1710.19 2710.19 1e+100
10 1502.9 6011.58 1e+100
7 124.501 1124.5 1e+100
9 55.2401 220.96 1e+100
12 2496.65 2496.65 1e+100
7 2558.85 10235.4 1e+100
0 2632.21 10528.8 1e+100
16 1921.86 1921.86 1e+100
12 399.608 399.608 1e+100
13 375.001 1375 1e+100
15 781.141 781.141 1e+100
11 565.238 3260.95 1e+100
4 3065.03 7065.03 1e+100
0 393.208 393.208 1e+100
6 2331.04 2331.04 1e+100
14 245.8 4983.2 1e+100
8 321.807 1287.23 1e+100
17 1043.14 5172.57 1e+100
4 258.262 258.262 1e+100
1 385.46 385.46 1e+100
11 1149.05 2149.05 1e+100
14 2090.56 2090.56 1e+100
10 1481.75 1481.75 1e+100
5 741.111 2964.44 1e+100
15 227.577 1227.58 1e+100
2 2166.14 8664.54 1e+100
9 146.251 146.251 1e+100
3 318.099 1272.39 1e+100
7 655.067 655.067 1e+100
1 407.751 2631.01 1e+100
12 462.657 462.657 1e+100
17 444.604 444.604 1e+100
13 92.0451 92.0451 1e+100
8 739.98 739.98 1e+100
16 1939.14 1939.14 1e+100
5 360.779 2443.12 1e+100
0 740.532 740.532 1e+100
11 1643.81 6575.22 1e+100
10 2003.26 8013.05 1e+100
15 1152.91 4611.64 1e+100
9 924.187 924.187 1e+100
4 1048.74 4194.96 1e+100
6 1332.17 5328.69 1e+100
3 769.545 769.545 1e+100
14 1554.34 6217.36 1e+100
1 1754.57 7018.29 1e+100
12 1597.59 1597.59 1e+100
13 1009.92 4039.69 1e+100
7 2103.27 3103.27 1e+100
17 902.674 4610.7 1e+100
2 1324.2 5296.82 1e+100
8 1133.73 8534.91 1e+100
5 1530.13 6120.53 1e+100
9 2026.53 2026.53 1e+100
3 1829.76 1829.76 1e+100
4 2113.38 8453.5 1e+100
53
14 779.255 4779.25 1e+100
17 133.544 1534.18 1e+100
16 531.441 2125.76 1e+100
3 161.318 645.273 1e+100
5 318.099 318.099 1e+100
10 106.358 106.358 1e+100
1 499.495 499.495 1e+100
11 479.205 1916.82 1e+100
4 241.838 241.838 1e+100
12 408.562 408.562 1e+100
6 2663.98 6663.98 1e+100
9 317.908 1271.63 1e+100
2 102.204 408.817 1e+100
15 524.847 524.847 1e+100
0 813.36 3253.44 1e+100
7 823.499 823.499 1e+100
13 1489.57 1489.57 1e+100
8 903.794 4903.79 1e+100
17 534.049 1534.05 1e+100
3 444.565 2778.26 1e+100
10 541.951 541.951 1e+100
16 1190.43 4761.74 1e+100
5 7756.38 7756.38 1e+100
1 295.402 295.402 1e+100
4 1076.73 1076.73 1e+100
12 65.8457 263.383 1e+100
14 206.887 827.549 1e+100
7 333.208 1333.21 1e+100
0 202.914 202.914 1e+100
8 702.927 702.927 1e+100
3 175.77 703.082 1e+100
2 454.214 454.214 1e+100
13 268.184 2072.74 1e+100
1 304.977 304.977 1e+100
11 150.59 602.358 1e+100
17 57.0576 57.0576 1e+100
10 402.906 1611.62 1e+100
16 1317.71 1317.71 1e+100
6 336.789 336.789 1e+100
6 2101.04 2101.04 1e+100
11 1413.17 2413.17 1e+100
12 336.789 336.789 1e+100
3 163.645 654.58 1e+100
9 560.627 560.627 1e+100
8 1188.84 1188.84 1e+100
15 102.919 411.678 1e+100
7 1384.41 1384.41 1e+100
2 542.669 542.669 1e+100
13 666.296 1666.3 1e+100
0 477.115 477.115 1e+100
4 1104.71 1104.71 1e+100
1 86.7881 347.152 1e+100
10 1058.4 1058.4 1e+100
61
14 779.255 4779.25 1e+100
17 133.544 1534.18 1e+100
16 531.441 2125.76 1e+100
3 161.318 645.273 1e+100
5 318.099 318.099 1e+100
10 106.358 106.358 1e+100
1 499.495 499.495 1e+100
11 479.205 1916.82 1e+100
4 241.838 241.838 1e+100
12 408.562 408.562 1e+100
6 2663.98 6663.98 1e+100
9 317.908 1271.63 1e+100
2 102.204 408.817 1e+100
15 524.847 524.847 1e+100
0 813.36 3253.44 1e+100
7 823.499 823.499 1e+100
13 1489.57 1489.57 1e+100
8 903.794 4903.79 1e+100
17 534.049 1534.05 1e+100
3 444.565 2778.26 1e+100
5 501.721 1501.72 1e+100
10 815.321 3261.28 1e+100
1 1023.94 1023.94 1e+100
14 292.785 4292.78 1e+100
16 341.23 341.23 1e+100
12 65.8457 263.383 1e+100
2 384.029 1536.12 1e+100
7 333.208 1333.21 1e+100
8 846.401 846.401 1e+100
9 831.727 831.727 1e+100
4 178.776 715.104 1e+100
3 160.713 1642.85 1e+100
0 1130.68 1130.68 1e+100
5 415.793 1663.17 1e+100
11 518.276 2073.1 1e+100
14 135.548 135.548 1e+100
15 566.155 2264.62 1e+100
1 324.663 1298.65 1e+100
17 69.4803 1277.92 1e+100
2 273.76 273.76 1e+100
6 547.98 2191.92 1e+100
10 412.473 1649.89 1e+100
12 621.645 621.645 1e+100
3 297.167 2188.67 1e+100
7 2188.41 3188.41 1e+100
16 1581.2 1581.2 1e+100
13 589.177 3356.71 1e+100
14 772.955 3091.82 1e+100
8 1322.89 1322.89 1e+100
5 426.81 1707.24 1e+100
4 1219.15 1219.15 1e+100
9 1323.95 5295.82 1e+100
1 1429.63 2429.63 1e+100
15 894.498 3577.99 1e+100
17 2320.79 2320.79 1e+100
11 1329.32 2329.32 1e+100
0 2350.44 2350.44 1e+100
10 612.361 2449.44 1e+100
3 1859.04 7436.18 1e+100
2 1357.87 5431.48 1e+100
6 730.686 6922.74 1e+100
71
14 779.255 4779.25 1e+100
17 133.544 1534.18 1e+100
16 531.441 2125.76 1e+100
3 161.318 645.273 1e+100
5 318.099 318.099 1e+100
10 106.358 106.358 1e+100
1 499.495 499.495 1e+100
11 479.205 1916.82 1e+100
4 241.838 241.838 1e+100
12 408.562 408.562 1e+100
6 2663.98 6663.98 1e+100
9 317.908 1271.63 1e+100
2 102.204 408.817 1e+100
15 524.847 524.847 1e+100
0 813.36 3253.44 1e+100
7 823.499 823.499 1e+100
13 1489.57 1489.57 1e+100
8 903.794 4903.79 1e+100
17 534.049 1534.05 1e+100
3 444.565 2778.26 1e+100
10 832.824 4832.82 1e+100
16 101.469 101.469 1e+100
14 281.636 281.636 1e+100
1 167.838 1167.84 1e+100
4 1576.37 1576.37 1e+100
3 3012.44 4012.44 1e+100
2 566.932 566.932 1e+100
0 2011.21 2011.21 1e+100
5 274.068 2096.27 1e+100
9 50.9825 50.9825 1e+100
7 762.217 4048.87 1e+100
8 619.016 619.016 1e+100
3 163.362 653.446 1e+100
14 362.147 4362.15 1e+100
15 666.761 2667.04 1e+100
16 211.225 844.901 1e+100
10 325.743 325.743 1e+100
1 156.996 1157 1e+100
11 266.981 2067.92 1e+100
0 2863.56 6863.56 1e+100
12 898.319 898.319 1e+100
17 344.326 1377.31 1e+100
2 117.599 470.396 1e+100
6 159.577 4159.58 1e+100
9 815.151 815.151 1e+100
5 403.394 403.394 1e+100
7 2221.07 3221.07 1e+100
14 306.512 1226.05 1e+100
4 936.992 3747.97 1e+100
16 1554.06 1554.06 1e+100
11 1318.33 6273.34 1e+100
2 1532 6128 1e+100
6 1741.1 6964.4 1e+100
8 3237.31 3237.31 1e+100
1 910.164 4640.65 1e+100
5 1851.1 2851.1 1e+100
15 1187.28 5749.11 1e+100
10 601.544 2406.18 1e+100
17 1414.14 2414.14 1e+100
3 2717.7 2717.7 1e+100
9 1729.68 1729.68 1e+100
11 2347.69 3347.69 1e+100
13 1098.37 2098.37 1e+100
12 2065.4 8261.61 1e+100
14 1062.16 4248.63 1e+100
10 2953.14 2953.14 1e+100
2 2433.69 9734.74 1e+100
15 2597.75 11391 1e+100
4 2445.35 2445.35 1e+100
1 1243.97 4975.88 1e+100
6 1984.82 1984.82 1e+100
57
14 779.255 4779.25 1e+100
17 133.544 1534.18 1e+100
16 531.441 2125.76 1e+100
3 161.318 645.273 1e+100
5 318.099 318.099 1e+100
10 106.358 106.358 1e+100
1 499.495 499.495 1e+100
11 479.205 1916.82 1e+100
4 241.838 241.838 1e+100
12 408.562 408.562 1e+100
6 2663.98 6663.98 1e+100
9 317.908 1271.63 1e+100
2 102.204 408.817 1e+100
15 524.847 524.847 1e+100
0 813.36 3253.44 1e+100
7 823.499 823.499 1e+100
13 1489.57 1489.57 1e+100
8 903.794 4903.79 1e+100
17 534.049 1534.05 1e+100
3 444.565 2778.26 1e+100
16 1405.6 1405.6 1e+100
10 811.405 3245.62 1e+100
5 952.738 952.738 1e+100
1 243.36 243.36 1e+100
14 1221.65 1221.65 1e+100
2 193.349 773.395 1e+100
12 123.633 494.53 1e+100
7 333.208 1333.21 1e+100
15 1207.02 2207.02 1e+100
8 388.404 388.404 1e+100
3 149.075 596.3 1e+100
11 455.101 455.101 1e+100
17 932.713 3730.85 1e+100
4 495.092 1980.37 1e+100
12 927.549 927.549 1e+100
1 156.996 1157 1e+100
2 143.901 575.606 1e+100
7 357.911 357.911 1e+100
2 1364.36 1364.36 1e+100
8 3321.84 3321.84 1e+100
17 1358.67 2358.67 1e+100
13 1340.6 2340.6 1e+100
10 247.046 988.183 1e+100
5 340.32 2361.28 1e+100
11 87.1205 348.482 1e+100
16 748.413 2993.65 1e+100
6 570.149 2280.6 1e+100
3 146.084 1146.08 1e+100
0 1053.96 5053.96 1e+100
4 981.055 981.055 1e+100
1 40.4175 161.67 1e+100
12 815.356 815.356 1e+100
15 323.957 1295.83 1e+100
9 560.743 560.743 1e+100
14 1540.46 1540.46 1e+100
7 482.334 1929.34 1e+100
10 851.089 851.089 1e+100
74
14 779.255 4779.25 1e+100
17 133.544 1534.18 1e+100
16 531.441 2125.76 1e+100
3 161.318 645.273 1e+100
5 318.099 318.099 1e+100
10 106.358 106.358 1e+100
1 499.495 499.495 1e+100
11 479.205 1916.82 1e+100
4 241.838 241.838 1e+100
12 408.562 408.562 1e+100
6 2663.98 6663.98 1e+100
9 317.908 1271.63 1e+100
2 102.204 408.817 1e+100
15 524.847 524.847 1e+100
0 813.36 3253.44 1e+100
7 823.499 823.499 1e+100
13 1489.57 1489.57 1e+100
8 903.794 4903.79 1e+100
17 534.049 1534.05 1e+100
3 444.565 2778.26 1e+100
10 832.824 4832.82 1e+100
16 101.469 101.469 1e+100
5 155.75 1155.75 1e+100
1 168.863 1168.86 1e+100
14 1473.94 1473.94 1e+100
4 267.681 267.681 1e+100
12 402.374 402.374 1e+100
2 247.921 247.921 1e+100
15 469.147 2876.59 1e+100
9 50.9825 50.9825 1e+100
7 398.275 2593.1 1e+100
3 152.227 608.908 1e+100
8 180.956 723.823 1e+100
16 942.106 942.106 1e+100
1 525.86 525.86 1e+100
11 162.906 162.906 1e+100
5 356.115 1424.46 1e+100
0 2259.17 2259.17 1e+100
10 29.5395 29.5395 1e+100
13 705.856 2823.42 1e+100
17 880.293 3521.17 1e+100
12 2831.28 2831.28 1e+100
4 1076.73 1076.73 1e+100
8 3702.9 3702.9 1e+100
15 202.568 810.274 1e+100
6 245.619 982.474 1e+100
9 1199.37 1199.37 1e+100
3 145.22 145.22 1e+100
7 2267.09 2267.09 1e+100
11 658.008 1658.01 1e+100
2 160.372 641.487 1e+100
14 834.561 3338.24 1e+100
10 1742.77 1742.77 1e+100
1 663.96 3655.84 1e+100
17 1476.4 6905.59 1e+100
3 1730.22 7920.9 1e+100
6 1747.2 1747.2 1e+100
2 1553.7 6214.8 1e+100
4 2122 2122 1e+100
5 620.774 3483.1 1e+100
15 1480.28 6921.12 1e+100
13 1909.99 2909.99 1e+100
11 2318.24 2318.24 1e+100
1 1782.18 1782.18 1e+100
5 2754.66 3754.66 1e+100
14 3685.23 3685.23 1e+100
16 680.456 2721.82 1e+100
9 2016.53 9066.1 1e+100
16 2195.84 2195.84 1e+100
2 2711.21 10844.8 1e+100
17 2105.36 9421.44 1e+100
0 3339 3339 1e+100
3 1972.71 7890.84 1e+100
6 2015.6 2015.6 1e+100
68
13 566.155 3264.62 1e+100
15 485.977 1943.91 1e+100
5 2424.47 2424.47 1e+100
5 256.514 1256.51 1e+100
10 146.92 146.92 1e+100
3 141.2 1564.8 1e+100
6 194.549 4778.2 1e+100
8 717.6 717.6 1e+100
5 3781.36 15125.4 1e+100
14 311.671 1246.69 1e+100
3 1530.13 6120.54 1e+100
13 1631.76 2631.76 1e+100
12 4717.31 18869.2 1e+100
7 124.501 1124.5 1e+100
9 55.2401 220.96 1e+100
15 937.743 1937.74 1e+100
7 2558.85 10235.4 1e+100
14 1349.51 5398.04 1e+100
16 1921.86 1921.86 1e+100
12 399.608 399.608 1e+100
11 2614.69 11458.8 1e+100
7 3738.58 15954.3 1e+100
11 500.544 3002.18 1e+100
6 2657 10628 1e+100
1 323.537 323.537 1e+100
8 2749.84 2749.84 1e+100
0 427.493 5709.97 1e+100
12 805.647 3222.59 1e+100
9 211.86 847.439 1e+100
15 15.5272 1015.53 1e+100
17 2163.29 3163.29 1e+100
9 1487.28 1487.28 1e+100
16 1796.92 1796.92 1e+100
14 487.4 487.4 1e+100
13 794.291 794.291 1e+100
1 884.224 884.224 1e+100
10 1032.16 4128.66 1e+100
2 163.775 4655.1 1e+100
0 1570.74 6282.96 1e+100
4 234.425 234.425 1e+100
3 866.19 4464.76 1e+100
15 819.067 819.067 1e+100
5 703.765 1703.76 1e+100
2 1041.44 5041.44 1e+100
6 1315.71 5315.71 1e+100
11 315.562 1315.56 1e+100
8 1367.73 1367.73 1e+100
1 1126.18 5504.73 1e+100
14 1278.48 1278.48 1e+100
13 2974.05 11896.2 1e+100
7 1549.25 7197 1e+100
5 1889.32 7557.3 1e+100
9 3180.15 3180.15 1e+100
12 1274.45 5097.78 1e+100
4 900.773 3603.09 1e+100
11 1877.38 1877.38 1e+100
15 1679.44 7717.74 1e+100
10 1606.29 10425.2 1e+100
16 2319.81 2319.81 1e+100
3 2151.53 8606.11 1e+100
17 3289.56 4289.56 1e+100
2 1499.51 5998.02 1e+100
0 1722.81 6891.22 1e+100
6 1860.34 11441.4 1e+100
8 2358.35 13433.4 1e+100
4 2159.9 6159.9 1e+100
1 2456.61 2456.61 1e+100
12 2339.08 9356.32 1e+100
62
13 566.155 3264.62 1e+100
15 485.977 1943.91 1e+100
11 6879.01 6879.01 1e+100
5 256.514 1256.51 1e+100
10 146.92 146.92 1e+100
3 141.2 1564.8 1e+100
6 194.549 4778.2 1e+100
8 717.6 717.6 1e+100
3 1709.21 6836.83 1e+100
14 311.671 1246.69 1e+100
9 2177.83 8711.33 1e+100
12 3150.64 3150.64 1e+100
2 4030.72 16122.9 1e+100
7 124.501 1124.5 1e+100
9 55.2401 220.96 1e+100
1 2808.06 3808.06 1e+100
7 2558.85 10235.4 1e+100
15 677.621 3710.48 1e+100
16 1921.86 1921.86 1e+100
12 399.608 399.608 1e+100
10 251.297 251.297 1e+100
6 2916.52 6916.52 1e+100
1 494.8 2979.2 1e+100
11 417.81 417.81 1e+100
17 1031.54 2031.54 1e+100
13 526.599 1526.6 1e+100
14 399.932 5599.73 1e+100
8 321.807 1287.23 1e+100
2 156.591 626.366 1e+100
10 696.685 696.685 1e+100
7 2448.79 2448.79 1e+100
15 888.212 1888.21 1e+100
11 1152.22 2152.22 1e+100
0 413.171 413.171 1e+100
13 1900.66 2900.66 1e+100
3 738.793 738.793 1e+100
8 1586.27 1586.27 1e+100
10 1203.3 1203.3 1e+100
16 1695.13 5695.13 1e+100
4 302.799 4302.8 1e+100
14 640.775 2563.1 1e+100
17 143.78 575.12 1e+100
5 2072.43 9289.71 1e+100
12 940.228 940.228 1e+100
0 1073.77 4295.1 1e+100
1 1071.74 1071.74 1e+100
15 1868.7 2868.7 1e+100
4 1127.86 1127.86 1e+100
6 1558.94 1558.94 1e+100
2 1094.97 1094.97 1e+100
17 814.346 1814.35 1e+100
9 190.58 762.32 1e+100
3 2480.88 2480.88 1e+100
10 1544.53 1544.53 1e+100
7 1886.37 7545.47 1e+100
14 2646.1 6646.1 1e+100
13 2941.57 3941.57 1e+100
8 1404.72 1404.72 1e+100
12 908.631 908.631 1e+100
9 1270.11 2270.11 1e+100
1 1027.55 4110.2 1e+100
16 1689.85 1689.85 1e+100
62
1 603.435 603.435 1e+100
4 291.339 1165.36 1e+100
12 259.952 259.952 1e+100
6 396.645 396.645 1e+100
11 479.205 479.205 1e+100
2 152.475 152.475 1e+100
5 282.45 282.45 1e+100
8 711.322 711.322 1e+100
3 181.57 181.57 1e+100
9 234.928 234.928 1e+100
15 607.072 2428.29 1e+100
13 550.67 550.67 1e+100
10 169.132 169.132 1e+100
17 688.8 688.8 1e+100
7 363.478 1363.48 1e+100
0 611.478 4611.48 1e+100
16 268.839 4268.84 1e+100
14 730.905 2923.62 1e+100
10 3976.41 15905.6 1e+100
5 1260.53 1260.53 1e+100
14 1967.71 1967.71 1e+100
3 1378.04 1378.04 1e+100
6 1301.7 1301.7 1e+100
11 1383.31 2383.31 1e+100
4 1032.41 4129.64 1e+100
10 1054.12 8216.49 1e+100
14 3008.55 12034.2 1e+100
5 7240.93 7240.93 1e+100
5 2101.83 3101.83 1e+100
8 584.588 584.588 1e+100
1 878.027 878.027 1e+100
0 160.616 642.464 1e+100
16 651.776 2607.1 1e+100
3 2952.54 3952.54 1e+100
4 320.022 5280.09 1e+100
7 1075.26 4301.04 1e+100
9 135.548 1135.55 1e+100
11 157.414 629.657 1e+100
3 173.159 692.637 1e+100
8 56.6772 226.709 1e+100
12 314.64 314.64 1e+100
13 300.16 2200.64 1e+100
5 349.4 2397.6 1e+100
2 1909.33 1909.33 1e+100
10 1484.6 5938.39 1e+100
15 156.731 1156.73 1e+100
14 888.734 888.734 1e+100
0 1066.54 4266.15 1e+100
4 738.983 2955.93 1e+100
16 332.657 332.657 1e+100
9 365.011 1460.04 1e+100
1 1490.34 2490.34 1e+100
11 943.013 3772.05 1e+100
15 1015.04 2015.04 1e+100
13 954.075 3816.3 1e+100
7 1740.34 1740.34 1e+100
6 1047.85 1047.85 1e+100
16 1837.54 1837.54 1e+100
5 549.288 3197.15 1e+100
8 1356.73 9426.94 1e+100
12 1398.75 5595 1e+100
9 1193.72 4774.87 1e+100
66
12 472.003 472.003 1e+100
9 5418.86 21675.4 1e+100
12 2211.97 8847.89 1e+100
4 2128.64 12514.6 1e+100
4 7222.53 32890.1 1e+100
4 239.866 959.465 1e+100
5 3102.79 3102.79 1e+100
0 7385.51 11385.5 1e+100
14 3430.23 13720.9 1e+100
8 6107.98 6107.98 1e+100
1 7704.76 30819 1e+100
4 3923.15 19692.6 1e+100
9 2815.26 11261.1 1e+100
12 4257.32 8257.32 1e+100
12 6204.53 10204.5 1e+100
6 4760.88 4760.88 1e+100
5 4637.54 18550.2 1e+100
13 6024.81 25099.3 1e+100
6 317.346 1269.39 1e+100
9 296.588 1186.35 1e+100
5 273.106 2092.43 1e+100
8 411.658 5646.63 1e+100
15 2750.83 2750.83 1e+100
14 802.188 802.188 1e+100
0 1166.86 4667.43 1e+100
15 485.168 1485.17 1e+100
11 1228.66 2228.66 1e+100
0 1318.21 1318.21 1e+100
16 2004.27 2004.27 1e+100
11 1780.93 1780.93 1e+100
6 3343.35 3343.35 1e+100
13 163.73 1163.73 1e+100
9 4900.97 4900.97 1e+100
11 5139.69 5139.69 1e+100
2 3607.48 14429.9 1e+100
10 2660.4 14641.6 1e+100
15 2727.6 11910.4 1e+100
16 5224.47 5224.47 1e+100
13 3177.59 13710.4 1e+100
14 850.866 4850.87 1e+100
7 2088.09 3088.09 1e+100
10 164.742 4164.74 1e+100
17 4137.13 4137.13 1e+100
8 2780.89 2780.89 1e+100
1 616.698 1616.7 1e+100
2 119.111 476.442 1e+100
7 4022.77 5022.77 1e+100
12 3021.45 16085.8 1e+100
10 3129.1 12516.4 1e+100
14 1704.68 10818.7 1e+100
1 5555.56 5555.56 1e+100
4 3142.85 12571.4 1e+100
0 4177.44 16709.8 1e+100
1 3386.62 3386.62 1e+100
6 4538.01 18152 1e+100
2 4181.61 20726.4 1e+100
14 3494.23 3494.23 1e+100
15 5311.51 21246 1e+100
8 3581.74 3581.74 1e+100
9 363.104 2452.42 1e+100
10 5222.78 20891.1 1e+100
17 784.917 3139.67 1e+100
13 3688.05 14752.2 1e+100
11 4454.63 4454.63 1e+100
12 3575.4 7575.4 1e+100
4 4207.49 16829.9 1e+100
60
14 779.255 4779.25 1e+100
17 133.544 1534.18 1e+100
16 531.441 2125.76 1e+100
3 161.318 645.273 1e+100
5 318.099 318.099 1e+100
10 106.358 106.358 1e+100
1 499.495 499.495 1e+100
11 479.205 1916.82 1e+100
4 241.838 241.838 1e+100
12 408.562 408.562 1e+100
6 2663.98 6663.98 1e+100
9 317.908 1271.63 1e+100
2 102.204 408.817 1e+100
15 524.847 524.847 1e+100
0 813.36 3253.44 1e+100
7 823.499 823.499 1e+100
13 1489.57 1489.57 1e+100
8 903.794 4903.79 1e+100
17 534.049 1534.05 1e+100
3 444.565 2778.26 1e+100
10 582.464 2329.86 1e+100
5 457.198 2828.79 1e+100
14 331.796 1327.18 1e+100
16 459.251 1837.01 1e+100
1 84.7831 84.7831 1e+100
4 310.195 310.195 1e+100
11 1085.52 4342.08 1e+100
12 168.063 672.25 1e+100
9 230.543 922.171 1e+100
15 571.605 2286.42 1e+100
8 180.956 723.823 1e+100
2 128.344 128.344 1e+100
3 131.235 131.235 1e+100
5 188.818 188.818 1e+100
7 305.327 1221.31 1e+100
0 1471.7 1471.7 1e+100
14 278.755 278.755 1e+100
17 136.411 545.644 1e+100
1 265.534 1062.14 1e+100
16 2257.83 2257.83 1e+100
4 242.578 242.578 1e+100
12 125.735 125.735 1e+100
10 285.746 285.746 1e+100
13 747.852 1747.85 1e+100
6 676.428 676.428 1e+100
15 170.314 1681.26 1e+100
3 172.778 1691.11 1e+100
5 639.096 2556.38 1e+100
9 314.169 2256.68 1e+100
8 2351.13 9404.51 1e+100
2 692.633 692.633 1e+100
11 18.6323 18.6323 1e+100
14 548.29 548.29 1e+100
7 52.3599 209.44 1e+100
12 388.09 388.09 1e+100
5 1971.75 7887 1e+100
15 635.271 635.271 1e+100
4 563.817 563.817 1e+100
17 1524.95 6099.78 1e+100
10 862.783 862.783 1e+100
65
14 779.255 4779.25 1e+100
17 133.544 1534.18 1e+100
16 531.441 2125.76 1e+100
3 161.318 645.273 1e+100
5 318.099 318.099 1e+100
10 106.358 106.358 1e+100
1 499.495 499.495 1e+100
11 479.205 1916.82 1e+100
4 241.838 241.838 1e+100
12 408.562 408.562 1e+100
6 2663.98 6663.98 1e+100
9 317.908 1271.63 1e+100
2 102.204 408.817 1e+100
15 524.847 524.847 1e+100
0 813.36 3253.44 1e+100
7 823.499 823.499 1e+100
13 1489.57 1489.57 1e+100
8 903.794 4903.79 1e+100
17 534.049 1534.05 1e+100
3 444.565 2778.26 1e+100
10 832.824 4832.82 1e+100
16 101.469 101.469 1e+100
5 164.632 1164.63 1e+100
1 180.017 1180.02 1e+100
4 1586.15 1586.15 1e+100
14 268.359 268.359 1e+100
12 410.5 410.5 1e+100
2 190.918 190.918 1e+100
9 242.092 1968.37 1e+100
11 460.333 460.333 1e+100
7 426.667 2706.67 1e+100
0 35.5218 35.5218 1e+100
5 185.281 741.125 1e+100
8 2565.23 2565.23 1e+100
13 265.469 2061.88 1e+100
15 462.143 462.143 1e+100
9 401.918 1607.67 1e+100
3 317.008 317.008 1e+100
16 436.936 1747.75 1e+100
2 106.712 106.712 1e+100
5 256.965 256.965 1e+100
1 572.848 572.848 1e+100
12 58.0243 58.0243 1e+100
10 361.245 361.245 1e+100
14 334.72 1338.88 1e+100
6 823.008 823.008 1e+100
17 878.928 3515.71 1e+100
11 432.651 2730.61 1e+100
15 1124.11 4496.43 1e+100
1 3940.78 3940.78 1e+100
2 1051.45 4205.81 1e+100
9 1045.89 5183.56 1e+100
4 2090.75 6090.75 1e+100
0 1003.89 4015.55 1e+100
11 2052.51 8210.05 1e+100
16 849.285 849.285 1e+100
5 1165.1 4660.4 1e+100
12 858.873 858.873 1e+100
10 1013.78 4055.13 1e+100
3 806.747 4226.99 1e+100
7 4782.78 19131.1 1e+100
14 1504.07 10016.3 1e+100
1 1044.44 1044.44 1e+100
17 1432.87 1432.87 1e+100
8 2492.18 9968.72 1e+100
70
12 472.003 472.003 1e+100
4 2137.9 12551.6 1e+100
9 4819.23 20276.9 1e+100
12 5005.99 24024 1e+100
9 2956.21 11824.8 1e+100
4 239.866 959.465 1e+100
6 5986.24 9986.24 1e+100
0 4767.72 8767.72 1e+100
12 2280.5 9122 1e+100
12 6773.46 6773.46 1e+100
5 6131.39 24525.6 1e+100
13 6156.8 24627.2 1e+100
1 3975.35 15901.4 1e+100
4 3544.97 7544.97 1e+100
14 4933.28 8933.28 1e+100
8 6258.89 6258.89 1e+100
14 6914.27 31657.1 1e+100
14 3014.28 12057.1 1e+100
6 317.346 1269.39 1e+100
9 296.588 1186.35 1e+100
5 273.106 2092.43 1e+100
8 411.658 5646.63 1e+100
5 2014.23 2014.23 1e+100
14 802.188 802.188 1e+100
0 1166.86 4667.43 1e+100
1 487.229 1487.23 1e+100
15 3988.11 4988.11 1e+100
5 1365.32 5461.27 1e+100
7 263.216 2052.86 1e+100
13 433.483 1433.48 1e+100
4 2183.83 6183.83 1e+100
2 169.677 4169.68 1e+100
15 98.2287 392.915 1e+100
4 6084.85 6084.85 1e+100
7 5911.79 6911.79 1e+100
0 2312.18 13248.7 1e+100
9 2571.41 10285.6 1e+100
7 1382.78 2382.78 1e+100
16 3282.54 3282.54 1e+100
15 4523.72 5523.72 1e+100
11 3192.38 12769.5 1e+100
6 2765.76 11063.1 1e+100
13 4072.15 4072.15 1e+100
17 4742.25 4742.25 1e+100
10 3608.97 7608.97 1e+100
12 3664.31 3664.31 1e+100
2 2578.16 10312.7 1e+100
1 1529.82 7119.28 1e+100
8 3836.02 3836.02 1e+100
0 4946.93 19787.7 1e+100
2 868.657 3474.63 1e+100
9 3300.02 14200.1 1e+100
14 3739.75 3739.75 1e+100
16 659.58 2638.32 1e+100
2 3882.05 3882.05 1e+100
11 438.752 2755.01 1e+100
17 409.637 2638.55 1e+100
1 4338.1 5338.1 1e+100
3 2749.59 2749.59 1e+100
5 4166.78 4166.78 1e+100
9 4378.36 5378.36 1e+100
11 4263.32 5263.32 1e+100
10 395.219 1580.88 1e+100
3 285.476 2141.9 1e+100
16 3328.77 3328.77 1e+100
6 3541.18 14164.7 1e+100
3 3691.24 15765 1e+100
12 4687.04 4687.04 1e+100
5 896.536 3586.14 1e+100
14 4008.14 4008.14 1e+100
62
14 779.255 4779.25 1e+100
17 133.544 1534.18 1e+100
16 531.441 2125.76 1e+100
3 161.318 645.273 1e+100
5 318.099 318.099 1e+100
10 106.358 106.358 1e+100
1 499.495 499.495 1e+100
11 479.205 1916.82 1e+100
4 241.838 241.838 1e+100
12 408.562 408.562 1e+100
6 2663.98 6663.98 1e+100
9 317.908 1271.63 1e+100
2 102.204 408.817 1e+100
15 524.847 524.847 1e+100
0 813.36 3253.44 1e+100
7 823.499 823.499 1e+100
13 1489.57 1489.57 1e+100
8 903.794 4903.79 1e+100
17 534.049 1534.05 1e+100
3 444.565 2778.26 1e+100
16 1537.52 1537.52 1e+100
5 869.495 869.495 1e+100
10 584.675 2338.7 1e+100
1 388.403 388.403 1e+100
14 181.525 181.525 1e+100
4 576.744 576.744 1e+100
11 599.001 2396 1e+100
2 1879.88 7519.51 1e+100
12 304.167 1216.67 1e+100
15 529.468 1529.47 1e+100
9 507.308 507.308 1e+100
7 1030.84 2030.84 1e+100
8 2039.85 2039.85 1e+100
3 205.386 1205.39 1e+100
0 1552.37 1552.37 1e+100
17 495.311 495.311 1e+100
10 1163.51 1163.51 1e+100
14 665.979 665.979 1e+100
5 329.346 329.346 1e+100
1 302.799 302.799 1e+100
4 566.017 2264.07 1e+100
12 161.752 4647.01 1e+100
13 711.675 3846.7 1e+100
16 519.284 519.284 1e+100
6 22.2105 88.842 1e+100
15 154.216 154.216 1e+100
11 761.485 1761.49 1e+100
9 1013.54 2013.54 1e+100
3 662.033 1662.03 1e+100
2 3072.94 3072.94 1e+100
12 832.319 832.319 1e+100
1 779.226 3116.9 1e+100
17 2237.4 2237.4 1e+100
5 1938.57 2938.57 1e+100
7 899.005 3596.02 1e+100
16 1053.74 5053.74 1e+100
14 364.383 364.383 1e+100
10 981.953 981.953 1e+100
6 1032.67 1032.67 1e+100
8 634.866 634.866 1e+100
15 117.118 468.474 1e+100
4 804.014 804.014 1e+100
68
1 603.435 603.435 1e+100
4 291.339 1165.36 1e+100
12 259.952 259.952 1e+100
6 396.645 396.645 1e+100
11 479.205 479.205 1e+100
2 152.475 152.475 1e+100
5 282.45 282.45 1e+100
8 711.322 711.322 1e+100
3 181.57 181.57 1e+100
9 234.928 234.928 1e+100
15 607.072 2428.29 1e+100
13 550.67 550.67 1e+100
10 169.132 169.132 1e+100
17 688.8 688.8 1e+100
7 363.478 1363.48 1e+100
0 611.478 4611.48 1e+100
16 268.839 4268.84 1e+100
14 730.905 2923.62 1e+100
14 4608.24 18433 1e+100
3 1203.14 1203.14 1e+100
13 2026.68 3026.68 1e+100
5 1435.43 1435.43 1e+100
6 1301.7 1301.7 1e+100
4 1151.91 1151.91 1e+100
12 1551.26 6205.04 1e+100
14 1685.95 10743.8 1e+100
0 1580.82 6323.29 1e+100
11 983.635 983.635 1e+100
1 435.071 1435.07 1e+100
2 529.844 529.844 1e+100
15 348.805 348.805 1e+100
16 178.776 715.104 1e+100
10 563.75 2255 1e+100
3 153.255 1153.25 1e+100
1 721.442 2885.77 1e+100
5 403.408 1613.63 1e+100
8 471.639 471.639 1e+100
11 157.414 629.657 1e+100
13 173.159 692.637 1e+100
2 54.8843 219.537 1e+100
4 559.654 559.654 1e+100
12 116.228 464.912 1e+100
15 1112.96 2112.96 1e+100
9 290.669 290.669 1e+100
17 208.943 208.943 1e+100
7 2679.57 3679.57 1e+100
0 292.476 292.476 1e+100
10 68.5868 274.347 1e+100
6 2866.25 2866.25 1e+100
11 1082.2 4328.81 1e+100
16 1062.84 4251.34 1e+100
1 568.79 2275.16 1e+100
3 1895.12 1895.12 1e+100
5 1370.15 6480.58 1e+100
8 513.721 2054.89 1e+100
14 1166.2 5166.2 1e+100
12 1109.65 4438.6 1e+100
13 877.52 3510.08 1e+100
10 1665.29 1665.29 1e+100
17 1126.82 4507.28 1e+100
0 1357.41 1357.41 1e+100
9 748.739 3994.96 1e+100
2 752.334 3009.33 1e+100
15 1283.03 5132.13 1e+100
1 1930.99 7723.94 1e+100
13 3806.93 3806.93 1e+100
11 1636.14 1636.14 1e+100
8 1716.87 6867.48 1e+100
71
14 779.255 4779.25 1e+100
17 133.544 1534.18 1e+100
16 531.441 2125.76 1e+100
3 161.318 645.273 1e+100
5 318.099 318.099 1e+100
10 106.358 106.358 1e+100
1 499.495 499.495 1e+100
11 479.205 1916.82 1e+100
4 241.838 241.838 1e+100
12 408.562 408.562 1e+100
6 2663.98 6663.98 1e+100
9 317.908 1271.63 1e+100
2 102.204 408.817 1e+100
15 524.847 524.847 1e+100
0 813.36 3253.44 1e+100
7 823.499 823.499 1e+100
13 1489.57 1489.57 1e+100
8 903.794 4903.79 1e+100
17 534.049 1534.05 1e+100
3 444.565 2778.26 1e+100
5 766.697 4066.79 1e+100
10 672.632 2690.53 1e+100
14 331.796 1327.18 1e+100
16 480.646 1922.59 1e+100
1 224.127 224.127 1e+100
4 464.791 464.791 1e+100
9 607.504 2430.02 1e+100
15 568.428 3273.71 1e+100
5 1342.46 5369.85 1e+100
7 3369.2 3369.2 1e+100
2 579.692 2318.77 1e+100
12 311.858 1247.43 1e+100
2 2932.11 2932.11 1e+100
3 136.098 544.392 1e+100
7 923.183 3692.73 1e+100
8 2442.5 2442.5 1e+100
1 239.429 957.717 1e+100
11 499.356 1997.42 1e+100
13 205.289 1821.15 1e+100
14 252.389 252.389 1e+100
10 116.228 464.912 1e+100
0 327.61 5310.44 1e+100
4 289.678 1158.71 1e+100
9 969.498 969.498 1e+100
15 274.912 274.912 1e+100
16 898.857 4898.86 1e+100
12 251.372 251.372 1e+100
3 482.015 2928.06 1e+100
11 2717.64 11870.5 1e+100
1 2936.54 3936.54 1e+100
10 1598.36 6393.43 1e+100
15 1727.41 7909.65 1e+100
3 2002.02 9008.09 1e+100
5 1671.48 2671.48 1e+100
8 2843.86 11375.4 1e+100
6 357.019 357.019 1e+100
0 1923.24 7692.96 1e+100
6 2228.11 8912.45 1e+100
14 2300.01 2300.01 1e+100
3 3430.26 3430.26 1e+100
4 1166.1 5166.1 1e+100
10 2627.72 2627.72 1e+100
13 2024.34 3024.34 1e+100
12 1236.5 4945.98 1e+100
9 1786.66 8146.63 1e+100
2 3339.76 3339.76 1e+100
4 2573.81 10295.2 1e+100
16 1143.68 4574.73 1e+100
7 1991.25 2991.25 1e+100
15 1805.4 7221.58 1e+100
12 2708.19 2708.19 1e+100
62
12 472.003 472.003 1e+100
12 2416.55 13666.2 1e+100
14 3724.73 14898.9 1e+100
4 2128.64 12514.6 1e+100
9 2956.21 11824.8 1e+100
4 239.866 959.465 1e+100
12 4226.25 8226.25 1e+100
11 7222.24 7222.24 1e+100
4 7119.39 28477.6 1e+100
9 4755.13 5755.13 1e+100
5 5035.19 20140.8 1e+100
11 4126.4 16505.6 1e+100
3 5580.1 22320.4 1e+100
5 2688.04 2688.04 1e+100
6 5537.16 9537.16 1e+100
14 5200.56 5200.56 1e+100
17 4182.81 16731.2 1e+100
8 5817.99 23272 1e+100
6 317.346 1269.39 1e+100
9 296.588 1186.35 1e+100
5 273.106 2092.43 1e+100
8 411.658 5646.63 1e+100
17 8829.66 8829.66 1e+100
14 802.188 802.188 1e+100
0 1166.86 4667.43 1e+100
17 824.935 4299.74 1e+100
3 5951.46 24805.8 1e+100
11 500.544 3002.18 1e+100
1 4399.8 18599.2 1e+100
3 7394.36 7394.36 1e+100
9 6328.36 7328.36 1e+100
4 1774.97 11099.9 1e+100
17 3631.69 15526.7 1e+100
3 588.244 2352.98 1e+100
0 671.884 671.884 1e+100
7 4485.63 17942.5 1e+100
1 249.273 1249.27 1e+100
7 279.418 2117.67 1e+100
9 2095.67 2095.67 1e+100
5 2073.77 8295.08 1e+100
12 1952.71 5952.71 1e+100
0 1882.91 7531.65 1e+100
6 2595.02 10380.1 1e+100
10 3582.79 3582.79 1e+100
10 119.868 479.474 1e+100
5 3319.35 4319.35 1e+100
12 4670.79 4670.79 1e+100
14 2400.51 9602.06 1e+100
8 2670.24 10681 1e+100
11 4288.49 5288.49 1e+100
17 2326.87 9307.48 1e+100
4 3782.52 3782.52 1e+100
0 3460.08 17840.3 1e+100
2 3265 3265 1e+100
1 2305.26 9221.03 1e+100
7 3611.71 3611.71 1e+100
6 3468.39 3468.39 1e+100
16 4375.58 4375.58 1e+100
10 570.063 2280.25 1e+100
16 1229.65 8918.59 1e+100
14 3316.19 13264.7 1e+100
2 350.791 5403.16 1e+100
63
12 472.003 472.003 1e+100
13 8553.62 34214.5 1e+100
12 2211.97 8847.89 1e+100
5 3215.18 12860.7 1e+100
14 3876.63 19506.5 1e+100
4 239.866 959.465 1e+100
5 5091.63 5091.63 1e+100
17 11461.9 11461.9 1e+100
4 5125.64 20502.5 1e+100
5 6957.24 7957.24 1e+100
4 1721.13 10884.5 1e+100
16 5853.46 27413.9 1e+100
12 6153.92 28615.7 1e+100
8 5831.33 9831.33 1e+100
9 2473.15 2473.15 1e+100
12 3687.81 3687.81 1e+100
16 3446.01 17784 1e+100
14 6754.72 27018.9 1e+100
6 317.346 1269.39 1e+100
9 296.588 1186.35 1e+100
5 273.106 2092.43 1e+100
8 411.658 5646.63 1e+100
4 2489.14 6489.14 1e+100
14 802.188 802.188 1e+100
0 1166.86 4667.43 1e+100
16 630.903 630.903 1e+100
0 1862.75 1862.75 1e+100
6 374.647 374.647 1e+100
9 1603.14 6412.57 1e+100
3 4810.4 4810.4 1e+100
8 4843.55 23374.2 1e+100
0 3193.76 12775.1 1e+100
1 384.355 1384.36 1e+100
12 4363.07 4363.07 1e+100
13 104.617 1418.47 1e+100
6 1314.31 5314.31 1e+100
16 3724.19 3724.19 1e+100
14 221.375 221.375 1e+100
13 1243.26 1243.26 1e+100
9 1341.44 1341.44 1e+100
8 5322.53 5322.53 1e+100
6 4882.01 4882.01 1e+100
2 1958.65 7834.62 1e+100
17 633.557 1633.56 1e+100
2 290.669 5162.68 1e+100
4 1544.98 6179.94 1e+100
1 1457.49 5829.94 1e+100
9 4674.79 4674.79 1e+100
9 2660.74 11642.9 1e+100
3 230.697 1922.79 1e+100
13 4066.25 4066.25 1e+100
10 804.366 3217.47 1e+100
17 2696.75 10787 1e+100
3 4174.92 5174.92 1e+100
5 2638.74 10555 1e+100
2 3313.99 3313.99 1e+100
4 2916.33 11665.3 1e+100
0 3292.63 13170.5 1e+100
10 3163.53 16654.1 1e+100
1 2819.68 11278.7 1e+100
5 4207.93 4207.93 1e+100
13 5126.47 5126.47 1e+100
14 2048.19 8192.77 1e+100
66
16 693.443 693.443 1e+100
12 477.667 477.667 1e+100
3 184.024 184.024 1e+100
5 225.508 225.508 1e+100
13 495.139 495.139 1e+100
9 369.049 369.049 1e+100
11 441.459 441.459 1e+100
4 245.169 980.675 1e+100
15 517.655 517.655 1e+100
10 249.318 249.318 1e+100
14 710.025 710.025 1e+100
0 361.428 1445.71 1e+100
1 490.857 490.857 1e+100
2 404.054 404.054 1e+100
17 70.4666 281.867 1e+100
7 2429.85 2429.85 1e+100
6 164.005 164.005 1e+100
8 1265.98 5063.91 1e+100
3 1571.37 1571.37 1e+100
5 1216.96 4867.84 1e+100
10 1055.38 1055.38 1e+100
4 1337.46 1337.46 1e+100
17 6430.24 6430.24 1e+100
16 594.074 594.074 1e+100
9 660.282 3641.13 1e+100
12 560.223 4560.22 1e+100
13 321.045 321.045 1e+100
17 892.495 1892.49 1e+100
2 369.762 1479.05 1e+100
14 67.3154 269.262 1e+100
0 1318.78 1318.78 1e+100
6 1141.32 1141.32 1e+100
1 238.501 1238.5 1e+100
10 175.77 4703.08 1e+100
8 1829.12 1829.12 1e+100
15 371.166 2484.66 1e+100
5 273.479 273.479 1e+100
3 209.941 839.764 1e+100
9 295.992 295.992 1e+100
2 183.651 734.605 1e+100
16 493.797 493.797 1e+100
11 925.198 925.198 1e+100
13 208.943 208.943 1e+100
10 231.646 231.646 1e+100
4 163.248 163.248 1e+100
12 443.86 1775.44 1e+100
14 1919.31 1919.31 1e+100
7 897.123 3588.49 1e+100
6 1334.28 5337.11 1e+100
1 1050.25 4201.01 1e+100
15 2407.28 2407.28 1e+100
3 965.41 4861.64 1e+100
0 2385.36 9541.42 1e+100
5 719.207 719.207 1e+100
2 694.221 2776.88 1e+100
9 1262.39 5049.54 1e+100
16 1628.73 1628.73 1e+100
13 1126.82 4507.28 1e+100
10 1032.49 1032.49 1e+100
4 815.787 3263.15 1e+100
8 1967.13 7868.52 1e+100
12 1392.1 9568.39 1e+100
7 1997.28 7989.13 1e+100
3 2086.02 2086.02 1e+100
5 1779.42 1779.42 1e+100
11 1180.73 5722.92 1e+100
71
12 472.003 472.003 1e+100
13 3951.67 15806.7 1e+100
5 4990.31 20961.2 1e+100
4 2128.64 12514.6 1e+100
9 2956.21 11824.8 1e+100
4 239.866 959.465 1e+100
10 3936.6 7936.6 1e+100
9 5701.21 5701.21 1e+100
12 2280.5 9122 1e+100
5 2964.69 3964.69 1e+100
14 6483.29 29933.2 1e+100
15 7569.55 30278.2 1e+100
17 7231.56 28926.2 1e+100
6 5573.62 9573.62 1e+100
0 5362.75 9362.75 1e+100
4 5292.76 5292.76 1e+100
17 4730.63 18922.5 1e+100
4 3197.69 12790.8 1e+100
6 317.346 1269.39 1e+100
9 296.588 1186.35 1e+100
5 273.106 2092.43 1e+100
8 411.658 5646.63 1e+100
13 6099.21 6099.21 1e+100
14 802.188 802.188 1e+100
0 1166.86 4667.43 1e+100
13 480.253 1480.25 1e+100
10 4313.85 8313.85 1e+100
10 273.83 1095.32 1e+100
17 1199.19 1199.19 1e+100
14 1501.45 1501.45 1e+100
12 4302.35 4302.35 1e+100
12 2077.08 12308.3 1e+100
16 4243.36 16973.4 1e+100
13 2735.32 11941.3 1e+100
7 5802.91 6802.91 1e+100
5 3956.41 3956.41 1e+100
2 3979.5 3979.5 1e+100
11 4441.64 5441.64 1e+100
16 69.0397 69.0397 1e+100
7 639.011 1639.01 1e+100
9 3831.8 3831.8 1e+100
4 3875.23 3875.23 1e+100
0 3791.98 3791.98 1e+100
3 3616.87 3616.87 1e+100
8 2047.12 6047.12 1e+100
10 3475.4 13901.6 1e+100
14 522.225 6088.9 1e+100
6 4660.16 18640.6 1e+100
2 287.57 287.57 1e+100
8 3039.93 12159.7 1e+100
1 2918.25 2918.25 1e+100
14 3182.7 12730.8 1e+100
15 514.31 1514.31 1e+100
11 423.711 2694.84 1e+100
12 4205.6 4205.6 1e+100
16 5028.07 5028.07 1e+100
5 3555.31 15221.2 1e+100
13 3617.94 15471.8 1e+100
3 236.571 1236.57 1e+100
1 594.769 2379.08 1e+100
2 4143.43 4143.43 1e+100
17 3840.71 15362.8 1e+100
11 4010.8 5010.8 1e+100
1 3439.12 13756.5 1e+100
15 4265.06 4265.06 1e+100
4 5229.45 5229.45 1e+100
9 5002.56 6002.56 1e+100
0 3687.55 14750.2 1e+100
3 4073.67 16294.7 1e+100
10 3718.6 14874.4 1e+100
14 3450.54 17802.2 1e+100
64
16 693.443 693.443 1e+100
12 477.667 477.667 1e+100
3 184.024 184.024 1e+100
5 225.508 225.508 1e+100
13 495.139 495.139 1e+100
9 369.049 369.049 1e+100
11 441.459 441.459 1e+100
4 245.169 980.675 1e+100
15 517.655 517.655 1e+100
10 249.318 249.318 1e+100
14 710.025 710.025 1e+100
0 361.428 1445.71 1e+100
1 490.857 490.857 1e+100
2 404.054 404.054 1e+100
17 70.4666 281.867 1e+100
7 2429.85 2429.85 1e+100
6 164.005 164.005 1e+100
8 1265.98 5063.91 1e+100
3 1571.37 1571.37 1e+100
5 1216.96 4867.84 1e+100
4 1112.47 1112.47 1e+100
12 1619.23 1619.23 1e+100
9 886.803 886.803 1e+100
10 380.305 380.305 1e+100
13 898.823 898.823 1e+100
16 349.876 1399.5 1e+100
15 863.122 863.122 1e+100
6 3952.16 3952.16 1e+100
1 969.764 1969.76 1e+100
17 485.182 1940.73 1e+100
0 1476.05 5904.22 1e+100
14 593.286 2373.14 1e+100
10 825.694 825.694 1e+100
11 1002.35 1002.35 1e+100
2 738.973 738.973 1e+100
16 494.254 494.254 1e+100
4 1648.8 1648.8 1e+100
5 250.223 1000.89 1e+100
9 825.491 1825.49 1e+100
8 242.22 968.88 1e+100
3 237.774 237.774 1e+100
13 150.59 602.358 1e+100
15 587.361 587.361 1e+100
12 183.651 734.605 1e+100
1 669.014 3676.06 1e+100
17 969.887 1969.89 1e+100
10 369.733 1478.93 1e+100
14 676.357 676.357 1e+100
7 817.247 1817.25 1e+100
16 249.354 997.415 1e+100
5 322.338 2289.35 1e+100
8 2301.23 2301.23 1e+100
13 981.941 3927.77 1e+100
12 1486.48 1486.48 1e+100
3 1024.04 4096.16 1e+100
0 1959.17 1959.17 1e+100
17 1693.28 6773.13 1e+100
9 1235.14 1235.14 1e+100
4 2220.5 2220.5 1e+100
6 1219.43 1219.43 1e+100
10 819.928 3279.71 1e+100
1 1980.59 7922.34 1e+100
15 1222.83 5891.32 1e+100
14 843.294 7373.17 1e+100
78
1 603.435 603.435 1e+100
4 291.339 1165.36 1e+100
12 259.952 259.952 1e+100
6 396.645 396.645 1e+100
11 479.205 479.205 1e+100
2 152.475 152.475 1e+100
5 282.45 282.45 1e+100
8 711.322 711.322 1e+100
3 181.57 181.57 1e+100
9 234.928 234.928 1e+100
15 607.072 2428.29 1e+100
13 550.67 550.67 1e+100
10 169.132 169.132 1e+100
17 688.8 688.8 1e+100
7 363.478 1363.48 1e+100
0 611.478 4611.48 1e+100
16 268.839 4268.84 1e+100
14 730.905 2923.62 1e+100
3 1696.03 7784.1 1e+100
4 1196.51 5196.51 1e+100
5 1660.92 2660.92 1e+100
9 1454.29 1454.29 1e+100
6 1301.7 1301.7 1e+100
10 1295.71 1295.71 1e+100
2 1522.68 6090.7 1e+100
1 1023.1 4092.42 1e+100
12 1317.8 5271.2 1e+100
13 1182.01 1182.01 1e+100
15 1298.29 1298.29 1e+100
8 1538.06 1538.06 1e+100
11 676.747 1676.75 1e+100
16 762.087 762.087 1e+100
7 1469.14 2469.14 1e+100
0 191.98 191.98 1e+100
14 294.258 294.258 1e+100
17 1372.13 2372.13 1e+100
4 756.577 3026.31 1e+100
5 1312.36 1312.36 1e+100
6 1908.31 7633.24 1e+100
3 74.3168 1074.32 1e+100
10 2416.24 2416.24 1e+100
9 598.532 598.532 1e+100
1 1091.59 2091.59 1e+100
16 230.383 230.383 1e+100
13 926.488 926.488 1e+100
11 289.3 289.3 1e+100
2 778.505 3114.02 1e+100
15 704.656 2818.63 1e+100
8 965.386 3861.54 1e+100
12 274.02 274.02 1e+100
14 192.652 770.608 1e+100
3 762.039 762.039 1e+100
0 300.036 300.036 1e+100
4 572.981 4572.98 1e+100
7 2414.63 2414.63 1e+100
16 542.825 542.825 1e+100
5 1761.65 2761.65 1e+100
9 2402.64 10610.5 1e+100
6 3289.11 3289.11 1e+100
17 948.659 3794.63 1e+100
12 1122.61 4490.44 1e+100
15 1014.83 4059.3 1e+100
1 2693.21 2693.21 1e+100
11 497.752 2991.01 1e+100
0 1155.29 4621.16 1e+100
3 1399.62 1399.62 1e+100
14 1658.63 6634.53 1e+100
2 1352.63 9410.53 1e+100
8 3046.53 3046.53 1e+100
13 2422.74 9690.97 1e+100
16 1343.67 1343.67 1e+100
4 1031.05 4124.21 1e+100
10 1687.83 6751.31 1e+100
11 1691.41 6765.63 1e+100
12 2082.17 12328.7 1e+100
15 2685.79 2685.79 1e+100
17 1502.6 1502.6 1e+100
0 2358.44 9433.76 1e+100
