57
6 2716.13 6716.13 1e+100
7 1893.28 8573.13 1e+100
8 2147.72 8590.86 1e+100
5 298.417 1193.67 1e+100
3 150.59 150.59 1e+100
9 287.858 1287.86 1e+100
1 499.495 499.495 1e+100
4 315.065 5260.26 1e+100
2 334.512 334.512 1e+100
0 551.291 551.291 1e+100
3 1498.43 1498.43 1e+100
1 1738.81 6955.24 1e+100
9 1853.11 8412.45 1e+100
4 1997.69 5997.69 1e+100
2 2593.18 10372.7 1e+100
0 3333.19 7333.19 1e+100
7 3525.75 3525.75 1e+100
8 3778.56 7778.56 1e+100
5 1419.56 2419.56 1e+100
3 2459.7 10838.8 1e+100
1 2646.26 11585.1 1e+100
6 2520.21 10080.8 1e+100
6 4305.46 17221.8 1e+100
9 2237.8 9951.21 1e+100
2 4316.54 8316.54 1e+100
1 4147.03 5147.03 1e+100
5 3463.96 13855.8 1e+100
9 3647.83 15591.3 1e+100
3 3005.59 12022.4 1e+100
8 3575.76 3575.76 1e+100
4 1103.32 8413.29 1e+100
0 2509.67 2509.67 1e+100
7 2295.77 10183.1 1e+100
7 5488 5488 1e+100
4 1742.18 10968.7 1e+100
5 3258.55 3258.55 1e+100
6 3352.38 13409.5 1e+100
4 3211.17 12844.7 1e+100
1 3178.1 4178.1 1e+100
8 5080.86 20323.4 1e+100
4 5119.98 5119.98 1e+100
6 5204.47 5204.47 1e+100
0 3231.03 12924.1 1e+100
9 4864.98 20459.9 1e+100
5 5822.7 6822.7 1e+100
1 4398.12 17592.5 1e+100
0 5651.15 5651.15 1e+100
9 2303.65 9214.6 1e+100
2 6334.37 6334.37 1e+100
3 4950.72 19802.9 1e+100
1 5658.7 5658.7 1e+100
4 5906.03 5906.03 1e+100
7 5649.43 6649.43 1e+100
8 5531.05 22124.2 1e+100
9 6682.98 26731.9 1e+100
2 2097.83 8391.32 1e+100
3 2122.88 8491.52 1e+100
59
7 2513.21 11052.8 1e+100
5 284.347 1137.39 1e+100
3 153.228 153.228 1e+100
4 228.495 228.495 1e+100
1 617.608 1617.61 1e+100
2 300.611 1202.44 1e+100
6 194.549 4778.2 1e+100
8 717.6 717.6 1e+100
9 325.666 1302.67 1e+100
0 414.304 1657.21 1e+100
5 1412.64 5650.58 1e+100
1 1978.75 2978.75 1e+100
2 1661.85 6647.38 1e+100
3 3218.59 4218.59 1e+100
4 1290.42 9161.7 1e+100
6 4361.76 4361.76 1e+100
0 1136.44 8545.78 1e+100
9 1446.34 6785.37 1e+100
8 1368.4 1368.4 1e+100
4 2419.46 2419.46 1e+100
2 2338.13 2338.13 1e+100
0 2090.78 8363.1 1e+100
7 2850.97 2850.97 1e+100
5 1675.21 1675.21 1e+100
8 2611.31 2611.31 1e+100
1 2026.29 9105.18 1e+100
9 2222.72 9890.86 1e+100
3 2697.81 3697.81 1e+100
5 3514.23 4514.23 1e+100
0 2915.76 6915.76 1e+100
2 2616.36 10465.4 1e+100
4 1966.31 7865.23 1e+100
1 2605.66 3605.66 1e+100
9 2724.2 10896.8 1e+100
7 2784.44 11137.7 1e+100
8 5188.19 5188.19 1e+100
3 5048.71 20194.8 1e+100
6 2202.65 12810.6 1e+100
0 3572.58 14290.3 1e+100
5 3878.98 4878.98 1e+100
9 3409.22 14636.9 1e+100
2 4431.69 4431.69 1e+100
1 4098.33 5098.33 1e+100
7 4526.84 5526.84 1e+100
4 3343.45 13373.8 1e+100
9 4724.22 19896.9 1e+100
4 4534.75 22139 1e+100
4 1472.6 5890.41 1e+100
8 5592.19 22368.8 1e+100
0 6394.45 6394.45 1e+100
5 6030.99 6030.99 1e+100
2 5089.77 5089.77 1e+100
3 5095.97 20383.9 1e+100
1 7037.31 8037.31 1e+100
7 5453.79 21815.2 1e+100
9 5591.64 5591.64 1e+100
4 6141.64 6141.64 1e+100
6 3728.47 18913.9 1e+100
8 6410.67 6410.67 1e+100
69
8 3258.77 3258.77 1e+100
4 238.928 238.928 1e+100
3 184.024 184.024 1e+100
9 243.372 243.372 1e+100
5 458.608 458.608 1e+100
1 627.799 627.799 1e+100
7 2484.55 2484.55 1e+100
2 283.638 1134.55 1e+100
0 583.931 4583.93 1e+100
6 2698.52 2698.52 1e+100
0 2510.19 2510.19 1e+100
1 2423.76 10695.1 1e+100
3 3993.18 3993.18 1e+100
4 1634.4 1634.4 1e+100
5 2200.19 8800.75 1e+100
9 4315.91 4315.91 1e+100
2 3794.81 3794.81 1e+100
7 4905.77 20623.1 1e+100
6 3754.12 7754.12 1e+100
4 3089.77 16359.1 1e+100
0 3766.13 3766.13 1e+100
1 3609.51 4609.51 1e+100
3 778.558 778.558 1e+100
6 5433.43 5433.43 1e+100
5 3193.66 3193.66 1e+100
4 3996.6 15986.4 1e+100
9 387.904 387.904 1e+100
3 3967.21 4967.21 1e+100
1 5040.66 6040.66 1e+100
5 4325.21 17300.8 1e+100
2 4665.56 18662.3 1e+100
0 3847.73 15390.9 1e+100
8 3513.24 3513.24 1e+100
9 4517.45 4517.45 1e+100
3 4736.88 5736.88 1e+100
4 4140.98 4140.98 1e+100
8 1356.43 9425.72 1e+100
7 4250.35 18001.4 1e+100
6 4881.95 4881.95 1e+100
0 4525.35 8525.35 1e+100
8 4210.39 8210.39 1e+100
5 5419.88 21679.5 1e+100
2 5208.3 5208.3 1e+100
4 4878.03 4878.03 1e+100
9 5259.26 21037 1e+100
1 5671.05 22684.2 1e+100
7 5369.91 6369.91 1e+100
8 5298.49 5298.49 1e+100
2 9387.13 9387.13 1e+100
6 5929.17 23716.7 1e+100
7 9605.41 10605.4 1e+100
0 4927.39 19709.6 1e+100
5 6336.96 7336.96 1e+100
9 7582.5 8582.5 1e+100
4 5657.4 22629.6 1e+100
8 6944.74 27779 1e+100
3 5013.48 6013.48 1e+100
3 7156.8 28627.2 1e+100
6 8540.85 8540.85 1e+100
0 6250.6 29002.4 1e+100
4 8030.65 8030.65 1e+100
5 6975.1 27900.4 1e+100
1 7928.84 7928.84 1e+100
8 8324.53 8324.53 1e+100
3 8289.13 9289.13 1e+100
6 6129.06 24516.2 1e+100
9 9056.15 36224.6 1e+100
0 8041.45 32165.8 1e+100
1 5133.26 20533 1e+100
69
9 303.073 303.073 1e+100
1 654.977 3619.91 1e+100
2 153.595 153.595 1e+100
6 396.645 396.645 1e+100
3 279.391 279.391 1e+100
5 360.301 1360.3 1e+100
0 704.735 4704.74 1e+100
8 711.322 711.322 1e+100
4 2485.28 6485.28 1e+100
3 2200.98 2200.98 1e+100
4 313.068 5252.27 1e+100
2 2588.43 6588.43 1e+100
9 1901.43 2901.43 1e+100
8 3177.75 7177.75 1e+100
6 2029.4 2029.4 1e+100
1 2384.44 2384.44 1e+100
5 3720.4 3720.4 1e+100
0 2364.91 9459.63 1e+100
5 1725.74 7902.94 1e+100
9 3072.61 3072.61 1e+100
3 3645.84 4645.84 1e+100
5 4948.4 4948.4 1e+100
6 3367.02 3367.02 1e+100
9 4355.6 5355.6 1e+100
0 3378.01 13512.1 1e+100
0 5291.31 25165.3 1e+100
8 6926 27704 1e+100
6 7770.52 11770.5 1e+100
2 2996.68 11986.7 1e+100
5 6946.61 28786.5 1e+100
4 6451.49 25806 1e+100
3 6576 27304 1e+100
1 2458.75 2458.75 1e+100
7 6079.02 7079.02 1e+100
0 6964.33 31857.3 1e+100
2 6269.58 25078.3 1e+100
3 3421.15 13684.6 1e+100
1 6159.46 6159.46 1e+100
4 7152.12 28608.5 1e+100
7 6498.06 26992.2 1e+100
8 6810.91 6810.91 1e+100
4 592.652 6370.61 1e+100
3 6746.9 26987.6 1e+100
7 2442.5 3442.5 1e+100
5 6168.86 24675.5 1e+100
8 1195.39 8781.55 1e+100
2 6386.1 25544.4 1e+100
6 6462.63 6462.63 1e+100
9 4345.32 18381.3 1e+100
9 6133.5 25534 1e+100
7 6667.53 7667.53 1e+100
2 1649.64 6598.56 1e+100
0 7200.27 7200.27 1e+100
1 6984.3 7984.3 1e+100
3 8169.74 33679 1e+100
5 7401.77 30607.1 1e+100
8 8538.76 8538.76 1e+100
9 7393.7 29574.8 1e+100
4 8192.5 8192.5 1e+100
9 1521.93 6087.72 1e+100
2 9028.65 9028.65 1e+100
4 107.046 4428.18 1e+100
7 7351.58 7351.58 1e+100
6 9242.04 9242.04 1e+100
5 8554.86 9554.86 1e+100
0 7855.82 31423.3 1e+100
1 8457.95 33831.8 1e+100
1 314.866 2259.46 1e+100
9 8222.41 32889.6 1e+100
61
8 3258.77 3258.77 1e+100
4 238.928 238.928 1e+100
3 184.024 184.024 1e+100
9 243.372 243.372 1e+100
5 458.608 458.608 1e+100
1 627.799 627.799 1e+100
7 2484.55 2484.55 1e+100
2 283.638 1134.55 1e+100
0 583.931 4583.93 1e+100
6 2698.52 2698.52 1e+100
7 4140.09 5140.09 1e+100
5 2093.2 9372.81 1e+100
1 4386.7 4386.7 1e+100
0 2324.22 2324.22 1e+100
5 4053.5 16214 1e+100
9 4336.08 4336.08 1e+100
6 6148.46 6148.46 1e+100
2 3988.85 15955.4 1e+100
3 3771.71 3771.71 1e+100
0 3779.59 19118.4 1e+100
8 3756.09 3756.09 1e+100
4 4366.73 4366.73 1e+100
9 873.717 873.717 1e+100
7 4815.85 20263.4 1e+100
2 509.723 2038.89 1e+100
5 5102.34 21409.4 1e+100
1 683.211 3732.84 1e+100
3 383.906 383.906 1e+100
0 4294.4 4294.4 1e+100
4 1082.88 8331.51 1e+100
1 3640.44 15561.8 1e+100
3 3919.49 15678 1e+100
8 3186.89 16747.5 1e+100
2 3333.42 13333.7 1e+100
4 4489.08 4489.08 1e+100
1 4355.6 4355.6 1e+100
8 4214.36 8214.36 1e+100
9 4083.88 16335.5 1e+100
0 6790.5 6790.5 1e+100
3 4949.76 5949.76 1e+100
2 6139.07 28556.3 1e+100
7 4059.03 16236.1 1e+100
6 4557.17 4557.17 1e+100
8 5302.47 5302.47 1e+100
4 5768.36 5768.36 1e+100
5 6317.89 7317.89 1e+100
1 4702.84 5702.84 1e+100
6 8633.75 8633.75 1e+100
3 6252.61 7252.61 1e+100
7 4685.79 5685.79 1e+100
5 3777.67 15110.7 1e+100
1 6058.98 6058.98 1e+100
8 6189.72 6189.72 1e+100
7 6134.85 24539.4 1e+100
9 6780.68 6780.68 1e+100
0 8993.24 8993.24 1e+100
2 6539.21 6539.21 1e+100
3 6755.05 7755.05 1e+100
5 6904.18 7904.18 1e+100
9 3497.62 13990.5 1e+100
4 5736.57 5736.57 1e+100
70
7 2513.21 11052.8 1e+100
5 284.347 1137.39 1e+100
3 153.228 153.228 1e+100
4 228.495 228.495 1e+100
1 617.608 1617.61 1e+100
2 300.611 1202.44 1e+100
6 194.549 4778.2 1e+100
8 717.6 717.6 1e+100
9 325.666 1302.67 1e+100
0 414.304 1657.21 1e+100
5 1412.64 5650.58 1e+100
3 1308.51 2308.51 1e+100
4 1696.77 6787.08 1e+100
2 3577.09 3577.09 1e+100
1 1941.85 7767.38 1e+100
6 4361.76 4361.76 1e+100
0 1136.44 8545.78 1e+100
9 1446.34 6785.37 1e+100
8 1368.4 1368.4 1e+100
5 2250.21 3250.21 1e+100
3 2486.29 2486.29 1e+100
0 2676.25 2676.25 1e+100
4 2026.83 2026.83 1e+100
7 1990.82 2990.82 1e+100
8 2391.78 2391.78 1e+100
1 1755.52 2755.52 1e+100
5 2875.9 3875.9 1e+100
4 2815.63 2815.63 1e+100
7 2998.89 12995.5 1e+100
9 1677.37 1677.37 1e+100
2 2779.44 11117.8 1e+100
0 2922.4 2922.4 1e+100
1 3773.78 4773.78 1e+100
8 3882.94 7882.94 1e+100
6 3597.44 3597.44 1e+100
5 3154.83 4154.83 1e+100
9 2721.73 2721.73 1e+100
4 3820.31 7820.31 1e+100
2 4411.61 17646.4 1e+100
7 3476.53 13906.1 1e+100
9 4924.28 20697.1 1e+100
6 6247.96 6247.96 1e+100
3 4927.26 20709 1e+100
1 6694.99 6694.99 1e+100
7 4641.24 5641.24 1e+100
5 4266.93 4266.93 1e+100
0 4637.83 8637.83 1e+100
0 2513.4 2513.4 1e+100
8 5927.29 5927.29 1e+100
4 4062.27 16249.1 1e+100
2 6597.26 6597.26 1e+100
5 5773.11 23092.4 1e+100
3 331.465 2325.86 1e+100
7 5826.8 23307.2 1e+100
9 7954.4 7954.4 1e+100
4 6416.16 25664.6 1e+100
0 5867.64 23470.6 1e+100
3 6384.68 6384.68 1e+100
6 6944.58 27778.3 1e+100
5 7837.87 31351.5 1e+100
8 7283.17 7283.17 1e+100
1 7214.25 28857 1e+100
4 8263.27 8263.27 1e+100
2 8901.4 35605.6 1e+100
7 8323.11 34292.4 1e+100
3 1069.91 4279.65 1e+100
3 7991.11 31964.4 1e+100
1 8783.44 8783.44 1e+100
8 9616.38 13616.4 1e+100
0 7070.79 28283.2 1e+100
60
9 303.073 303.073 1e+100
1 654.977 3619.91 1e+100
2 153.595 153.595 1e+100
6 396.645 396.645 1e+100
3 279.391 279.391 1e+100
5 360.301 1360.3 1e+100
0 704.735 4704.74 1e+100
8 711.322 711.322 1e+100
3 2292.08 2292.08 1e+100
2 2652.18 6652.18 1e+100
4 313.068 5252.27 1e+100
9 1914.97 1914.97 1e+100
1 2543.74 3543.74 1e+100
5 2482.67 2482.67 1e+100
6 2029.4 2029.4 1e+100
8 4268.35 8268.35 1e+100
9 3809.61 3809.61 1e+100
0 2364.91 9459.63 1e+100
4 1914.18 7656.73 1e+100
1 3714.91 3714.91 1e+100
3 3714.04 4714.04 1e+100
4 3279.76 7279.76 1e+100
6 3367.02 3367.02 1e+100
9 5332.9 6332.9 1e+100
3 5010.22 21040.9 1e+100
1 4756.32 19025.3 1e+100
0 3122.67 12490.7 1e+100
1 6741.45 6741.45 1e+100
4 5572.38 5572.38 1e+100
6 5357 5357 1e+100
8 3223.03 7223.03 1e+100
2 1764.04 7056.14 1e+100
4 5149.24 20597 1e+100
7 7262.83 8262.83 1e+100
3 4295.51 17182 1e+100
8 4733.05 22932.2 1e+100
1 7043.61 8043.61 1e+100
7 2513.21 10052.8 1e+100
2 3242.63 16970.5 1e+100
2 5018.9 20075.6 1e+100
0 6673.38 6673.38 1e+100
4 5363.23 21452.9 1e+100
8 9097.57 9097.57 1e+100
2 7555.57 7555.57 1e+100
9 7207.79 8207.79 1e+100
0 896.842 3587.37 1e+100
0 2329.86 9319.43 1e+100
9 4432.9 17731.6 1e+100
1 4203.84 17815.4 1e+100
0 4175.41 16701.6 1e+100
4 6433.51 6433.51 1e+100
3 6616.57 6616.57 1e+100
4 7784.33 7784.33 1e+100
7 2560.47 10241.9 1e+100
1 6555.27 7555.27 1e+100
3 3840.46 15361.8 1e+100
9 1879.2 1879.2 1e+100
6 8672.4 8672.4 1e+100
6 3483.78 17935.1 1e+100
8 4680.08 4680.08 1e+100
59
7 2513.21 11052.8 1e+100
5 284.347 1137.39 1e+100
3 153.228 153.228 1e+100
4 228.495 228.495 1e+100
1 617.608 1617.61 1e+100
2 300.611 1202.44 1e+100
6 194.549 4778.2 1e+100
8 717.6 717.6 1e+100
9 325.666 1302.67 1e+100
0 414.304 1657.21 1e+100
5 1412.64 5650.58 1e+100
4 1682.17 1682.17 1e+100
3 1303.35 6213.39 1e+100
2 3577.09 3577.09 1e+100
1 1941.85 7767.38 1e+100
6 4361.76 4361.76 1e+100
0 1136.44 8545.78 1e+100
9 1446.34 6785.37 1e+100
8 1368.4 1368.4 1e+100
5 2250.21 3250.21 1e+100
0 2248.66 6248.66 1e+100
4 2884.68 2884.68 1e+100
3 1633.41 2633.41 1e+100
8 4455.12 4455.12 1e+100
1 3351.91 4351.91 1e+100
9 2439.41 3439.41 1e+100
3 2569.29 3569.29 1e+100
5 2728.82 3728.82 1e+100
7 1455.05 6820.2 1e+100
0 2784.76 6784.76 1e+100
2 2779.44 11117.8 1e+100
4 4386.8 4386.8 1e+100
9 4782.78 19131.1 1e+100
5 4427.04 4427.04 1e+100
2 5296.92 25187.7 1e+100
3 5419.32 22677.3 1e+100
0 3714.48 3714.48 1e+100
6 5193.44 5193.44 1e+100
7 2131.29 9525.18 1e+100
7 4241.76 4241.76 1e+100
4 7281.13 7281.13 1e+100
8 4449.46 4449.46 1e+100
0 5600.31 5600.31 1e+100
1 7189.46 8189.46 1e+100
6 2405.85 9623.38 1e+100
9 4277.83 18111.3 1e+100
5 3959.26 15837 1e+100
8 2331.62 9326.47 1e+100
2 5301.53 21206.1 1e+100
7 7487.29 8487.29 1e+100
3 5680.16 5680.16 1e+100
6 5174.82 5174.82 1e+100
3 512.412 2049.65 1e+100
8 4973.19 4973.19 1e+100
5 5291.91 21167.6 1e+100
9 5145.25 5145.25 1e+100
2 6671.02 6671.02 1e+100
1 1028.07 4112.29 1e+100
0 7822.51 7822.51 1e+100
72
3 223.359 1223.36 1e+100
5 287.944 1151.77 1e+100
4 139.91 559.642 1e+100
9 327.504 1310.02 1e+100
1 672.677 2690.71 1e+100
0 556.263 2225.05 1e+100
6 2658.67 6658.67 1e+100
7 1005.02 1005.02 1e+100
2 70.9149 283.66 1e+100
8 3218.67 3218.67 1e+100
3 1985.51 7942.04 1e+100
5 2015.71 8062.83 1e+100
4 1713.17 10852.7 1e+100
9 1801.32 1801.32 1e+100
2 2322.01 6322.01 1e+100
0 2201.06 2201.06 1e+100
1 2140.73 8562.91 1e+100
7 3395.89 14583.6 1e+100
4 4826.58 19306.3 1e+100
9 3624.88 14499.5 1e+100
3 3084.42 13337.7 1e+100
5 5468.74 21874.9 1e+100
1 3419.2 3419.2 1e+100
6 3610.78 3610.78 1e+100
0 3433.44 13733.7 1e+100
8 3612.85 14451.4 1e+100
7 3838.94 16355.8 1e+100
3 4145.7 17582.8 1e+100
2 2699.64 10798.6 1e+100
0 5451.67 9451.67 1e+100
6 4120.16 4120.16 1e+100
2 4405.87 21623.5 1e+100
8 4629.51 18518.1 1e+100
7 4557.81 18231.2 1e+100
4 5482.94 5482.94 1e+100
1 2455.49 9821.97 1e+100
1 4214.59 5214.59 1e+100
3 5254.38 22017.5 1e+100
9 3368.85 3368.85 1e+100
6 3498.56 17994.2 1e+100
2 4200.47 8200.47 1e+100
0 5028.26 20113 1e+100
7 4913.49 19654 1e+100
8 3880.49 15522 1e+100
6 4876.33 8876.33 1e+100
1 5830.31 5830.31 1e+100
5 5967.64 5967.64 1e+100
8 5528.35 5528.35 1e+100
9 4529.38 19117.5 1e+100
3 5912.21 24648.8 1e+100
2 5695.7 5695.7 1e+100
0 6958.25 27833 1e+100
1 7282.81 30131.3 1e+100
9 818.642 4274.57 1e+100
2 9877 9877 1e+100
7 6851.98 28407.9 1e+100
3 9506.31 10506.3 1e+100
6 5951.6 23806.4 1e+100
4 5449.28 21797.1 1e+100
8 6654.25 6654.25 1e+100
5 7259.13 7259.13 1e+100
9 7724.44 7724.44 1e+100
7 8021.64 9021.64 1e+100
4 8168.27 8168.27 1e+100
6 7641.46 30565.9 1e+100
0 7982.59 31930.3 1e+100
8 8087.13 8087.13 1e+100
1 8184.5 33738 1e+100
5 8200.77 33803.1 1e+100
6 9540.34 9540.34 1e+100
9 4454.19 17816.8 1e+100
9 8309.68 9309.68 1e+100
74
8 3258.77 3258.77 1e+100
4 238.928 238.928 1e+100
3 184.024 184.024 1e+100
9 243.372 243.372 1e+100
5 458.608 458.608 1e+100
1 627.799 627.799 1e+100
7 2484.55 2484.55 1e+100
2 283.638 1134.55 1e+100
0 583.931 4583.93 1e+100
6 2698.52 2698.52 1e+100
4 1820.37 1820.37 1e+100
3 2346.27 10385.1 1e+100
5 1619.8 1619.8 1e+100
2 1890.43 1890.43 1e+100
1 2530.75 10123 1e+100
0 2816.31 6816.31 1e+100
2 5552.47 5552.47 1e+100
7 4905.77 20623.1 1e+100
5 2886.39 2886.39 1e+100
9 1234.82 4939.3 1e+100
6 3504.58 3504.58 1e+100
3 3532.02 4532.02 1e+100
4 2756.6 6756.6 1e+100
1 3482.91 3482.91 1e+100
8 3981.95 3981.95 1e+100
9 3566.23 4566.23 1e+100
6 4328.73 4328.73 1e+100
1 5526.85 6526.85 1e+100
4 3489.91 3489.91 1e+100
3 4948.9 5948.9 1e+100
8 5370.46 5370.46 1e+100
9 4503.7 19014.8 1e+100
0 4965.83 8965.83 1e+100
7 4826.31 20305.2 1e+100
2 5140.38 5140.38 1e+100
9 538.615 2154.46 1e+100
9 5889.99 5889.99 1e+100
3 6497.93 25991.7 1e+100
5 4648.13 19592.5 1e+100
0 1872.11 1872.11 1e+100
4 4938.55 4938.55 1e+100
6 5299.69 21198.8 1e+100
7 4803.78 4803.78 1e+100
2 8034.71 8034.71 1e+100
5 5925.13 23700.5 1e+100
4 6076.51 24306.1 1e+100
6 6572.1 10572.1 1e+100
3 7600.83 7600.83 1e+100
5 8206.65 8206.65 1e+100
6 10097.6 10097.6 1e+100
6 2573.82 10295.3 1e+100
7 6612.66 27450.6 1e+100
3 10759.4 11759.4 1e+100
9 8108.05 33432.2 1e+100
8 8278.06 33112.3 1e+100
1 8064.73 33258.9 1e+100
9 9851.43 10851.4 1e+100
5 702.46 3809.84 1e+100
2 9854.93 9854.93 1e+100
0 7871.59 31486.4 1e+100
0 4240.69 16962.8 1e+100
4 8905.83 8905.83 1e+100
1 9492.97 9492.97 1e+100
5 9701.36 9701.36 1e+100
8 9191.9 9191.9 1e+100
7 9463.33 10463.3 1e+100
6 7368.49 29474 1e+100
9 5033.67 21134.7 1e+100
4 10338.7 10338.7 1e+100
8 4025.5 16102 1e+100
1 5120.94 21483.8 1e+100
0 9599.06 9599.06 1e+100
4 6028.22 28112.9 1e+100
8 9906.28 9906.28 1e+100
64
3 223.359 1223.36 1e+100
5 287.944 1151.77 1e+100
4 139.91 559.642 1e+100
9 327.504 1310.02 1e+100
1 672.677 2690.71 1e+100
0 556.263 2225.05 1e+100
6 2658.67 6658.67 1e+100
7 1005.02 1005.02 1e+100
2 70.9149 283.66 1e+100
8 3218.67 3218.67 1e+100
3 1985.51 7942.04 1e+100
5 2015.71 8062.83 1e+100
4 1713.17 10852.7 1e+100
2 2359.04 6359.04 1e+100
9 1761.48 1761.48 1e+100
0 2201.06 2201.06 1e+100
1 2140.73 8562.91 1e+100
7 3395.89 14583.6 1e+100
3 5462.36 22849.4 1e+100
9 3636.05 14544.2 1e+100
4 3440.96 13763.8 1e+100
5 5468.74 21874.9 1e+100
1 3419.2 3419.2 1e+100
6 3610.78 3610.78 1e+100
0 3433.44 13733.7 1e+100
8 3785.93 3785.93 1e+100
6 5124.15 9124.15 1e+100
2 3049.77 12199.1 1e+100
4 4311.33 8311.33 1e+100
1 4126.92 5126.92 1e+100
2 4897.2 4897.2 1e+100
0 4648.14 22592.6 1e+100
7 6884.52 28538.1 1e+100
9 5215.58 21862.3 1e+100
1 4936.37 5936.37 1e+100
4 5840.32 9840.32 1e+100
6 5548.96 5548.96 1e+100
8 5587.59 5587.59 1e+100
2 6111.57 6111.57 1e+100
9 2662.43 10649.7 1e+100
0 5782.99 5782.99 1e+100
3 4782.03 20128.1 1e+100
1 4895.97 4895.97 1e+100
9 4850.04 19400.2 1e+100
6 5919.34 9919.34 1e+100
7 841 4364 1e+100
5 6084.75 7084.75 1e+100
7 6540.02 7540.02 1e+100
2 6996.61 6996.61 1e+100
1 6029.61 25118.4 1e+100
8 1517.82 6071.26 1e+100
8 5397.62 25590.5 1e+100
9 5647.7 23590.8 1e+100
0 6420.24 25681 1e+100
4 7724.67 7724.67 1e+100
3 8889.07 8889.07 1e+100
9 6627.08 7627.08 1e+100
1 6520.45 26081.8 1e+100
6 7424.47 7424.47 1e+100
4 4136.46 20545.8 1e+100
5 6522.7 6522.7 1e+100
8 7004.51 7004.51 1e+100
3 3755.4 15021.6 1e+100
0 7238.72 7238.72 1e+100
66
8 3258.77 3258.77 1e+100
4 238.928 238.928 1e+100
3 184.024 184.024 1e+100
9 243.372 243.372 1e+100
5 458.608 458.608 1e+100
1 627.799 627.799 1e+100
7 2484.55 2484.55 1e+100
2 283.638 1134.55 1e+100
0 583.931 4583.93 1e+100
6 2698.52 2698.52 1e+100
9 1940.16 2940.16 1e+100
4 2321.64 9286.54 1e+100
5 1619.8 1619.8 1e+100
3 1659.03 2659.03 1e+100
2 2259.92 13039.7 1e+100
1 2134.06 2134.06 1e+100
0 4011.52 4011.52 1e+100
9 4543.39 19173.6 1e+100
5 2886.39 2886.39 1e+100
3 3114.4 12457.6 1e+100
7 3272.16 4272.16 1e+100
2 3280.44 3280.44 1e+100
6 3228.37 7228.37 1e+100
4 3720.38 14881.5 1e+100
1 4117.83 17471.3 1e+100
8 2863.33 11453.3 1e+100
5 3569.56 15278.2 1e+100
7 3720.91 3720.91 1e+100
2 5007.46 5007.46 1e+100
3 3909.2 15636.8 1e+100
6 4099.14 16396.6 1e+100
8 3845.45 19381.8 1e+100
0 4908.72 4908.72 1e+100
4 3787.87 19151.5 1e+100
5 3322.61 4322.61 1e+100
9 3511.85 15047.4 1e+100
3 4733.19 4733.19 1e+100
1 3327.46 13309.8 1e+100
5 4384.87 4384.87 1e+100
4 4450.72 17802.9 1e+100
9 5834.35 6834.35 1e+100
1 4562.64 4562.64 1e+100
7 4543.79 4543.79 1e+100
0 5459.42 5459.42 1e+100
8 6097.79 6097.79 1e+100
6 4556.83 18227.3 1e+100
4 5327.21 5327.21 1e+100
7 6246.75 24987 1e+100
3 5553.68 23214.7 1e+100
1 5805.33 23221.3 1e+100
5 6963.04 6963.04 1e+100
2 5327.72 21310.9 1e+100
6 6812.47 27249.9 1e+100
9 6645.72 6645.72 1e+100
0 7029.8 28119.2 1e+100
3 7173.54 28694.2 1e+100
4 7189.33 7189.33 1e+100
2 2910.82 15643.3 1e+100
1 7353.51 8353.51 1e+100
8 6750.33 27001.3 1e+100
2 8109.97 32439.9 1e+100
7 1191.58 4766.31 1e+100
8 2013.1 12052.4 1e+100
7 6987.73 6987.73 1e+100
9 7705.93 7705.93 1e+100
6 1643.49 6573.98 1e+100
55
3 223.359 1223.36 1e+100
5 287.944 1151.77 1e+100
4 139.91 559.642 1e+100
9 327.504 1310.02 1e+100
1 672.677 2690.71 1e+100
0 556.263 2225.05 1e+100
6 2658.67 6658.67 1e+100
7 1005.02 1005.02 1e+100
2 70.9149 283.66 1e+100
8 3218.67 3218.67 1e+100
3 1985.51 7942.04 1e+100
5 2015.71 8062.83 1e+100
4 1713.17 10852.7 1e+100
2 2359.04 6359.04 1e+100
9 1761.48 1761.48 1e+100
0 2201.06 2201.06 1e+100
1 2140.73 8562.91 1e+100
7 3395.89 14583.6 1e+100
4 4826.58 19306.3 1e+100
1 3949.3 15797.2 1e+100
6 3898.36 15593.4 1e+100
9 5872.16 23488.6 1e+100
5 4079.26 4079.26 1e+100
3 2525.07 3525.07 1e+100
2 4355.31 17421.2 1e+100
8 3793.93 3793.93 1e+100
3 4092.47 5092.47 1e+100
0 1302.65 1302.65 1e+100
1 2975.69 11902.7 1e+100
0 3321.72 3321.72 1e+100
6 4231.34 16925.3 1e+100
2 4161.67 8161.67 1e+100
8 2330.16 13320.6 1e+100
4 4581.78 8581.78 1e+100
7 841 4364 1e+100
8 3799.15 15196.6 1e+100
7 3071.89 4071.89 1e+100
0 4983.93 19935.7 1e+100
2 5401.54 5401.54 1e+100
6 6454.39 6454.39 1e+100
5 3532.18 15128.7 1e+100
8 5449.1 21796.4 1e+100
3 6103.38 7103.38 1e+100
5 1190.04 4760.16 1e+100
5 5952.31 6952.31 1e+100
1 2598.36 10393.4 1e+100
4 7016.62 7016.62 1e+100
9 5600.48 22401.9 1e+100
7 6119.66 6119.66 1e+100
8 6828.89 6828.89 1e+100
2 5872.1 5872.1 1e+100
0 5434.12 21736.5 1e+100
3 2378.61 9514.46 1e+100
1 4389.21 18556.8 1e+100
7 3324.08 13296.3 1e+100
63
3 223.359 1223.36 1e+100
5 287.944 1151.77 1e+100
4 139.91 559.642 1e+100
9 327.504 1310.02 1e+100
1 672.677 2690.71 1e+100
0 556.263 2225.05 1e+100
6 2658.67 6658.67 1e+100
7 1005.02 1005.02 1e+100
2 70.9149 283.66 1e+100
8 3218.67 3218.67 1e+100
5 1667.71 6670.85 1e+100
9 2122.01 8488.05 1e+100
4 1713.17 10852.7 1e+100
0 2064.82 6064.82 1e+100
1 2157.94 2157.94 1e+100
2 1789.52 1789.52 1e+100
7 3412.14 13648.5 1e+100
5 2839.25 12357 1e+100
3 5590.76 23363 1e+100
4 3635.8 18543.2 1e+100
2 4376.5 17506 1e+100
9 5575.04 22300.2 1e+100
1 3519.35 3519.35 1e+100
6 3610.78 3610.78 1e+100
5 4792.25 20169 1e+100
3 345.868 1345.87 1e+100
8 3841.79 15367.2 1e+100
7 4478.16 4478.16 1e+100
4 4172.43 8172.43 1e+100
6 5343.9 5343.9 1e+100
0 1878.48 7513.93 1e+100
8 5785.36 23141.5 1e+100
3 6169.88 7169.88 1e+100
7 5650.89 6650.89 1e+100
0 5169.85 24679.4 1e+100
4 6688.21 26752.8 1e+100
2 6026.33 6026.33 1e+100
8 6479.02 10479 1e+100
1 5909.57 5909.57 1e+100
0 2424.07 13696.3 1e+100
6 6341.3 6341.3 1e+100
2 7514.72 7514.72 1e+100
7 6388.15 25552.6 1e+100
1 1733.63 6934.52 1e+100
3 6814.85 7814.85 1e+100
8 7278.05 7278.05 1e+100
4 10210.2 10210.2 1e+100
6 10369.8 10369.8 1e+100
2 8930.16 8930.16 1e+100
9 7800.74 8800.74 1e+100
3 10885.6 11885.6 1e+100
0 8651 8651 1e+100
5 3771.84 15087.3 1e+100
9 5511.39 5511.39 1e+100
7 8238.07 9238.07 1e+100
1 1999.46 7997.84 1e+100
1 7644.01 7644.01 1e+100
0 5725.31 5725.31 1e+100
5 5598.82 6598.82 1e+100
1 5558.07 6558.07 1e+100
0 3559.73 3559.73 1e+100
2 532.304 6129.22 1e+100
8 7140.17 7140.17 1e+100
59
7 2513.21 11052.8 1e+100
5 284.347 1137.39 1e+100
3 153.228 153.228 1e+100
4 228.495 228.495 1e+100
1 617.608 1617.61 1e+100
2 300.611 1202.44 1e+100
6 194.549 4778.2 1e+100
8 717.6 717.6 1e+100
9 325.666 1302.67 1e+100
0 414.304 1657.21 1e+100
4 1778.52 11114.1 1e+100
2 1667.01 1667.01 1e+100
5 1384.94 6539.78 1e+100
3 3218.59 4218.59 1e+100
1 1941.85 7767.38 1e+100
0 1970.42 1970.42 1e+100
9 1713.17 6852.69 1e+100
8 3417.27 13669.1 1e+100
6 1583.7 1583.7 1e+100
1 3070.89 4070.89 1e+100
7 2322.05 3322.05 1e+100
9 2712.54 2712.54 1e+100
4 2132.31 8529.22 1e+100
2 2340.55 6340.55 1e+100
5 3163.65 4163.65 1e+100
0 2866.68 2866.68 1e+100
9 3844.09 15376.4 1e+100
6 1933.94 7735.76 1e+100
5 909.07 4636.28 1e+100
4 2755.89 2755.89 1e+100
2 3869.54 7869.54 1e+100
6 4837.16 4837.16 1e+100
4 4103.16 4103.16 1e+100
5 7656.77 8656.77 1e+100
7 2085.51 8342.02 1e+100
1 5075.89 5075.89 1e+100
3 3023.93 12095.7 1e+100
9 7058.65 29234.6 1e+100
2 4529.92 4529.92 1e+100
3 5094.46 6094.46 1e+100
8 2151.7 8606.82 1e+100
7 5753.96 5753.96 1e+100
8 5231.3 5231.3 1e+100
6 5817.65 5817.65 1e+100
2 6305.77 6305.77 1e+100
1 6990.33 7990.33 1e+100
8 3315.89 3315.89 1e+100
1 4882.08 5882.08 1e+100
7 1608.17 6432.68 1e+100
3 5558.54 5558.54 1e+100
8 6893.51 6893.51 1e+100
1 436.072 1744.29 1e+100
4 3634.29 7634.29 1e+100
2 7429.42 7429.42 1e+100
6 7151.4 7151.4 1e+100
4 4878.23 4878.23 1e+100
9 2284.26 3284.26 1e+100
5 246.077 984.309 1e+100
7 7052.52 8052.52 1e+100
73
9 303.073 303.073 1e+100
1 654.977 3619.91 1e+100
2 153.595 153.595 1e+100
6 396.645 396.645 1e+100
3 279.391 279.391 1e+100
5 360.301 1360.3 1e+100
0 704.735 4704.74 1e+100
8 711.322 711.322 1e+100
2 2685.21 6685.21 1e+100
3 2200.98 2200.98 1e+100
4 313.068 5252.27 1e+100
8 4421.93 8421.93 1e+100
9 1901.43 2901.43 1e+100
9 4499.49 4499.49 1e+100
6 2029.4 2029.4 1e+100
0 2507.1 6507.1 1e+100
1 4059.06 4059.06 1e+100
1 2242.24 9968.98 1e+100
4 1914.18 7656.73 1e+100
3 3245.45 3245.45 1e+100
5 2038.5 3038.5 1e+100
4 3279.76 7279.76 1e+100
2 9630.31 9630.31 1e+100
6 6170.02 6170.02 1e+100
5 3334.68 14338.7 1e+100
2 3420.59 17682.4 1e+100
0 3476.45 13905.8 1e+100
3 4128.76 4128.76 1e+100
5 5047.87 6047.87 1e+100
9 4337.67 5337.67 1e+100
1 4978.2 5978.2 1e+100
9 5682.1 6682.1 1e+100
4 5775.96 9775.96 1e+100
8 4919.4 4919.4 1e+100
0 4966.91 4966.91 1e+100
3 5077.13 5077.13 1e+100
6 5098.11 9098.11 1e+100
7 5494.42 22977.7 1e+100
1 6097.1 24388.4 1e+100
0 7540.47 30161.9 1e+100
9 8902.3 9902.3 1e+100
8 1523.85 6095.39 1e+100
5 3134.23 3134.23 1e+100
5 6655.69 26622.8 1e+100
6 5938.24 23753 1e+100
4 8142.21 12142.2 1e+100
3 7666.56 7666.56 1e+100
7 8294.4 8294.4 1e+100
8 6657.74 6657.74 1e+100
1 6905.84 28623.3 1e+100
4 1340.11 5360.45 1e+100
2 8244.55 8244.55 1e+100
1 1189.95 5759.79 1e+100
6 7352.64 29410.6 1e+100
5 8748.4 35993.6 1e+100
8 8728.6 8728.6 1e+100
1 8299.17 34196.7 1e+100
0 10481.1 10481.1 1e+100
6 8519.56 34078.2 1e+100
4 9911.59 39646.4 1e+100
7 10099.7 11099.7 1e+100
1 9818.72 9818.72 1e+100
9 9384.13 9384.13 1e+100
8 9831.62 9831.62 1e+100
6 10351.3 10351.3 1e+100
3 1138.29 5553.17 1e+100
0 476.82 1907.28 1e+100
2 10824.6 10824.6 1e+100
3 8480.07 34920.3 1e+100
2 208.464 833.855 1e+100
7 1139.29 2139.29 1e+100
5 2855.1 11420.4 1e+100
5 8992.12 9992.12 1e+100
59
9 303.073 303.073 1e+100
1 654.977 3619.91 1e+100
2 153.595 153.595 1e+100
6 396.645 396.645 1e+100
3 279.391 279.391 1e+100
5 360.301 1360.3 1e+100
0 704.735 4704.74 1e+100
8 711.322 711.322 1e+100
3 2292.08 2292.08 1e+100
8 4453.99 8453.99 1e+100
4 313.068 5252.27 1e+100
1 2550.18 2550.18 1e+100
9 1901.43 2901.43 1e+100
2 2197.07 6197.07 1e+100
6 2029.4 2029.4 1e+100
9 3896.89 3896.89 1e+100
4 3920.21 7920.21 1e+100
4 2103.39 8413.56 1e+100
0 2175.7 8702.81 1e+100
1 3625.8 3625.8 1e+100
5 2038.5 3038.5 1e+100
3 3488.55 3488.55 1e+100
6 3367.02 3367.02 1e+100
4 5443.49 5443.49 1e+100
9 5076.66 21306.7 1e+100
2 4656.37 22625.5 1e+100
5 5319.96 22279.8 1e+100
7 8472.66 8472.66 1e+100
8 5012.17 5012.17 1e+100
0 5101.85 5101.85 1e+100
1 2744.81 10979.2 1e+100
3 4046.49 17186 1e+100
8 4452.69 4452.69 1e+100
9 4554.11 4554.11 1e+100
6 6976.95 10977 1e+100
5 514.103 2056.41 1e+100
7 730.143 1730.14 1e+100
4 4131.37 4131.37 1e+100
0 897.13 7588.52 1e+100
5 3889.63 15558.5 1e+100
6 1804.45 1804.45 1e+100
3 7511.64 8511.64 1e+100
1 5241.87 6241.87 1e+100
1 7170.45 8170.45 1e+100
9 4901.35 5901.35 1e+100
8 5512.18 5512.18 1e+100
2 5083.25 5083.25 1e+100
7 6165.47 7165.47 1e+100
5 4511.75 18047 1e+100
5 6363.27 6363.27 1e+100
0 4540.41 4540.41 1e+100
2 2235.59 12942.3 1e+100
9 5851.34 5851.34 1e+100
0 5883.11 5883.11 1e+100
4 5852.08 5852.08 1e+100
2 5585.7 5585.7 1e+100
4 3750.7 3750.7 1e+100
1 961.984 3847.94 1e+100
6 6074.2 6074.2 1e+100
80
9 303.073 303.073 1e+100
1 654.977 3619.91 1e+100
2 153.595 153.595 1e+100
6 396.645 396.645 1e+100
3 279.391 279.391 1e+100
5 360.301 1360.3 1e+100
0 704.735 4704.74 1e+100
8 711.322 711.322 1e+100
9 2014.72 2014.72 1e+100
3 2200.98 2200.98 1e+100
4 313.068 5252.27 1e+100
1 2550.18 2550.18 1e+100
2 2588.65 2588.65 1e+100
8 3177.75 7177.75 1e+100
6 2029.4 2029.4 1e+100
4 2245.58 6245.58 1e+100
6 6570.2 10570.2 1e+100
0 2364.91 9459.63 1e+100
5 1725.74 7902.94 1e+100
3 3245.45 3245.45 1e+100
5 3564.75 4564.75 1e+100
1 3800.7 3800.7 1e+100
4 5671.02 5671.02 1e+100
8 5832.9 5832.9 1e+100
0 3378.01 13512.1 1e+100
2 3473.64 17894.6 1e+100
9 2661.77 11647.1 1e+100
3 4128.76 4128.76 1e+100
0 4910.13 19640.5 1e+100
9 4126.68 17506.7 1e+100
5 3989.17 16956.7 1e+100
0 6021.29 24085.2 1e+100
9 8132.84 8132.84 1e+100
1 5358.36 6358.36 1e+100
3 5311.89 21247.6 1e+100
2 4277.13 17108.5 1e+100
9 4845.55 19382.2 1e+100
5 3861.44 4861.44 1e+100
4 5461.03 5461.03 1e+100
6 9559.86 13559.9 1e+100
6 7177.93 7177.93 1e+100
2 6071.09 6071.09 1e+100
1 6008.33 6008.33 1e+100
5 5376.25 5376.25 1e+100
0 5489.46 21957.9 1e+100
8 5792.44 27169.8 1e+100
1 9989.38 40957.5 1e+100
8 9033.19 9033.19 1e+100
5 8693.84 35775.4 1e+100
3 9006.26 9006.26 1e+100
2 9195.34 40781.4 1e+100
3 5674.64 23698.6 1e+100
3 12372.5 12372.5 1e+100
4 10189.1 14189.1 1e+100
9 10012.3 10012.3 1e+100
0 10813.4 10813.4 1e+100
3 7257.87 30031.5 1e+100
1 7113.55 29454.2 1e+100
6 10169.8 10169.8 1e+100
8 6597.87 26391.5 1e+100
2 3138.38 12553.5 1e+100
8 10185.5 40742 1e+100
2 11210.1 11210.1 1e+100
3 10195.6 41782.5 1e+100
1 12930 13930 1e+100
9 6969.98 28879.9 1e+100
6 2871.06 11484.2 1e+100
5 9823.83 10823.8 1e+100
9 11303.8 11303.8 1e+100
4 11103.6 15103.6 1e+100
8 11263.8 11263.8 1e+100
5 11507.7 12507.7 1e+100
4 6951.21 27804.8 1e+100
5 5194.79 21779.2 1e+100
0 11452.6 11452.6 1e+100
0 6764.79 27059.1 1e+100
8 1866.58 7466.32 1e+100
0 13828 13828 1e+100
2 5394.75 25579 1e+100
2 11478.5 11478.5 1e+100
71
3 223.359 1223.36 1e+100
5 287.944 1151.77 1e+100
4 139.91 559.642 1e+100
9 327.504 1310.02 1e+100
1 672.677 2690.71 1e+100
0 556.263 2225.05 1e+100
6 2658.67 6658.67 1e+100
7 1005.02 1005.02 1e+100
2 70.9149 283.66 1e+100
8 3218.67 3218.67 1e+100
3 1985.51 7942.04 1e+100
5 2015.71 8062.83 1e+100
4 1713.17 10852.7 1e+100
9 1801.32 1801.32 1e+100
2 2322.01 6322.01 1e+100
0 2201.06 2201.06 1e+100
1 2140.73 8562.91 1e+100
7 3395.89 14583.6 1e+100
4 4826.58 19306.3 1e+100
9 3624.88 14499.5 1e+100
3 3084.42 13337.7 1e+100
5 5468.74 21874.9 1e+100
6 3573.83 7573.83 1e+100
1 3190.74 4190.74 1e+100
0 3433.44 13733.7 1e+100
2 3239.61 3239.61 1e+100
8 3691.82 7691.82 1e+100
7 3639.27 15557.1 1e+100
6 4542.88 8542.88 1e+100
3 3984.01 4984.01 1e+100
7 5486.69 6486.69 1e+100
1 4151.25 16605 1e+100
4 5456.49 21826 1e+100
0 7581.04 30324.1 1e+100
6 7625.47 7625.47 1e+100
9 9195.83 9195.83 1e+100
0 4292.63 4292.63 1e+100
2 8602.68 8602.68 1e+100
4 9800.03 9800.03 1e+100
8 10367.5 10367.5 1e+100
5 7818.03 7818.03 1e+100
6 9154.4 9154.4 1e+100
1 7070.86 8070.86 1e+100
7 8242.68 8242.68 1e+100
1 9307.1 9307.1 1e+100
3 8185.55 33742.2 1e+100
9 1800.71 7202.83 1e+100
4 5246.49 20985.9 1e+100
5 10559.8 11559.8 1e+100
0 6947.16 27788.6 1e+100
9 9684.37 9684.37 1e+100
2 1444.67 5778.67 1e+100
2 9058.79 9058.79 1e+100
2 4584.75 18339 1e+100
0 9255.39 9255.39 1e+100
7 10325.2 11325.2 1e+100
8 1781.15 7124.6 1e+100
8 4833.99 19335.9 1e+100
3 10357.4 11357.4 1e+100
1 3716.21 14864.9 1e+100
4 9601.51 9601.51 1e+100
6 2582.57 14330.3 1e+100
6 10612.7 10612.7 1e+100
3 1418.86 5675.43 1e+100
1 9055.48 9055.48 1e+100
2 9930.09 9930.09 1e+100
0 9725.95 9725.95 1e+100
2 1644.56 6578.22 1e+100
9 2822.29 11289.2 1e+100
7 3330.75 14323 1e+100
3 3233.8 12935.2 1e+100
63
9 303.073 303.073 1e+100
1 654.977 3619.91 1e+100
2 153.595 153.595 1e+100
6 396.645 396.645 1e+100
3 279.391 279.391 1e+100
5 360.301 1360.3 1e+100
0 704.735 4704.74 1e+100
8 711.322 711.322 1e+100
3 2292.08 2292.08 1e+100
8 4453.99 8453.99 1e+100
4 313.068 5252.27 1e+100
2 2588.43 6588.43 1e+100
9 1901.43 2901.43 1e+100
9 4499.49 4499.49 1e+100
6 2029.4 2029.4 1e+100
4 2245.58 6245.58 1e+100
1 2379.18 2379.18 1e+100
0 2364.91 9459.63 1e+100
5 1725.74 7902.94 1e+100
3 3313.65 3313.65 1e+100
5 3564.75 4564.75 1e+100
4 3764.35 7764.35 1e+100
6 3367.02 3367.02 1e+100
0 3508.9 3508.9 1e+100
2 3499.95 13999.8 1e+100
5 4802.87 19211.5 1e+100
3 4266.71 18066.8 1e+100
7 6745.76 6745.76 1e+100
6 7028.11 28112.4 1e+100
0 5020.69 20082.8 1e+100
8 4768.12 19072.5 1e+100
2 4665.17 18660.7 1e+100
1 4084.61 4084.61 1e+100
4 5322.01 5322.01 1e+100
9 5378.47 21513.9 1e+100
3 4609.52 19438.1 1e+100
2 5634.3 26537.2 1e+100
0 5575.15 5575.15 1e+100
1 1164.31 4657.26 1e+100
8 4534.16 4534.16 1e+100
7 279.418 2117.67 1e+100
4 4734.7 8734.7 1e+100
3 4281.52 17126.1 1e+100
9 5173.07 5173.07 1e+100
8 5678.7 22714.8 1e+100
5 5743.66 6743.66 1e+100
0 6145.04 6145.04 1e+100
2 5462.03 5462.03 1e+100
4 5868.34 23473.4 1e+100
6 5290.65 21162.6 1e+100
5 2669.78 10679.1 1e+100
3 5079.18 21316.7 1e+100
9 7272.59 30090.4 1e+100
1 9286.54 10286.5 1e+100
7 6551.89 6551.89 1e+100
8 6693.18 6693.18 1e+100
3 5864.32 23457.3 1e+100
6 6243.85 6243.85 1e+100
7 3775.79 15103.1 1e+100
5 6181.61 6181.61 1e+100
4 6232.78 6232.78 1e+100
1 3258.15 13032.6 1e+100
2 5932.15 5932.15 1e+100
67
9 303.073 303.073 1e+100
1 654.977 3619.91 1e+100
2 153.595 153.595 1e+100
6 396.645 396.645 1e+100
3 279.391 279.391 1e+100
5 360.301 1360.3 1e+100
0 704.735 4704.74 1e+100
8 711.322 711.322 1e+100
2 2685.21 6685.21 1e+100
3 2200.98 2200.98 1e+100
4 313.068 5252.27 1e+100
4 2411.33 6411.33 1e+100
9 1901.43 2901.43 1e+100
8 3177.75 7177.75 1e+100
6 2029.4 2029.4 1e+100
1 2384.44 2384.44 1e+100
5 3720.4 3720.4 1e+100
0 2364.91 9459.63 1e+100
5 1725.74 7902.94 1e+100
9 3072.61 3072.61 1e+100
3 3645.84 4645.84 1e+100
6 7422.33 11422.3 1e+100
6 3367.02 3367.02 1e+100
8 5832.9 5832.9 1e+100
4 5202.74 20810.9 1e+100
2 3420.59 17682.4 1e+100
2 5475.47 21901.9 1e+100
1 5099.13 5099.13 1e+100
9 5467.09 22868.4 1e+100
3 4321.8 18287.2 1e+100
0 2506.25 10025 1e+100
9 3365.93 14463.7 1e+100
3 5764.69 5764.69 1e+100
5 5544.84 6544.84 1e+100
4 6645.83 30583.3 1e+100
1 2102.39 9409.57 1e+100
1 5693.32 22773.3 1e+100
0 5599.02 9599.02 1e+100
2 5390.05 21560.2 1e+100
5 2597.8 11391.2 1e+100
8 5525.12 5525.12 1e+100
4 572.746 6290.98 1e+100
9 5244.62 20978.5 1e+100
7 5018.57 6018.57 1e+100
5 4928.86 19715.4 1e+100
3 4946.77 19787.1 1e+100
6 5537.1 22148.4 1e+100
1 5819.74 6819.74 1e+100
9 7089.59 29358.3 1e+100
4 7008.93 7008.93 1e+100
2 7312.64 7312.64 1e+100
5 6543.92 7543.92 1e+100
7 2473.1 10892.4 1e+100
0 1175.14 4700.57 1e+100
3 6292.61 25170.4 1e+100
0 6405.04 25620.1 1e+100
8 6788.35 27153.4 1e+100
7 7680.3 8680.3 1e+100
1 7971.75 7971.75 1e+100
0 7384.42 7384.42 1e+100
7 4470.33 17881.3 1e+100
6 7249.95 7249.95 1e+100
5 7470.87 29883.5 1e+100
9 7436.53 7436.53 1e+100
4 7346.37 7346.37 1e+100
3 8973.91 35895.7 1e+100
8 7606.83 7606.83 1e+100
65
9 303.073 303.073 1e+100
1 654.977 3619.91 1e+100
2 153.595 153.595 1e+100
6 396.645 396.645 1e+100
3 279.391 279.391 1e+100
5 360.301 1360.3 1e+100
0 704.735 4704.74 1e+100
8 711.322 711.322 1e+100
8 4512.5 8512.5 1e+100
3 2200.98 2200.98 1e+100
4 313.068 5252.27 1e+100
9 1914.97 1914.97 1e+100
2 2588.65 2588.65 1e+100
6 5954.5 9954.5 1e+100
6 2029.4 2029.4 1e+100
0 2507.1 6507.1 1e+100
1 2379.18 2379.18 1e+100
5 2561.11 11244.5 1e+100
3 3738.33 15953.3 1e+100
9 2990.58 2990.58 1e+100
4 1821.69 1821.69 1e+100
4 3791.05 7791.05 1e+100
6 9373.98 9373.98 1e+100
2 3715.23 3715.23 1e+100
5 3574.22 15296.9 1e+100
1 3711.63 14846.5 1e+100
9 3943.64 16774.6 1e+100
0 3406.7 7406.7 1e+100
3 4272.95 4272.95 1e+100
8 5141.79 5141.79 1e+100
0 7716.54 7716.54 1e+100
2 6499.05 6499.05 1e+100
6 5724.82 5724.82 1e+100
5 6775.5 7775.5 1e+100
2 7505.53 7505.53 1e+100
3 7117.58 8117.58 1e+100
7 8628.37 35513.5 1e+100
9 7990.52 7990.52 1e+100
8 8122.2 32488.8 1e+100
0 8901.96 8901.96 1e+100
0 2828.3 15313.2 1e+100
4 7348.38 7348.38 1e+100
8 5419.79 21679.2 1e+100
3 7591.31 7591.31 1e+100
2 7203.17 32812.7 1e+100
5 7240.66 7240.66 1e+100
9 4246.09 17984.4 1e+100
2 1623.87 1623.87 1e+100
1 8599.5 9599.5 1e+100
9 7960.79 8960.79 1e+100
3 2899.82 12599.3 1e+100
9 1574.28 7297.11 1e+100
5 1211.21 4844.82 1e+100
0 2456.65 9826.59 1e+100
4 1334.03 5336.11 1e+100
8 9428.76 9428.76 1e+100
1 1131.24 1131.24 1e+100
6 8895.12 8895.12 1e+100
4 2777.43 15109.7 1e+100
4 7088.38 7088.38 1e+100
7 1877.4 7509.61 1e+100
7 6977.74 6977.74 1e+100
2 7130.42 7130.42 1e+100
1 3711.25 14845 1e+100
0 7910.61 7910.61 1e+100
84
9 303.073 303.073 1e+100
1 654.977 3619.91 1e+100
2 153.595 153.595 1e+100
6 396.645 396.645 1e+100
3 279.391 279.391 1e+100
5 360.301 1360.3 1e+100
0 704.735 4704.74 1e+100
8 711.322 711.322 1e+100
3 2292.08 2292.08 1e+100
0 2655.7 6655.7 1e+100
4 313.068 5252.27 1e+100
3 4303.68 4303.68 1e+100
9 1901.43 2901.43 1e+100
2 2197.07 6197.07 1e+100
6 2029.4 2029.4 1e+100
9 3896.89 3896.89 1e+100
4 3921.58 7921.58 1e+100
5 2561.11 11244.5 1e+100
6 5967.81 23871.2 1e+100
8 3398.26 7398.26 1e+100
4 1821.69 1821.69 1e+100
1 3904.12 3904.12 1e+100
2 4360.18 4360.18 1e+100
5 3705.11 4705.11 1e+100
0 3536.06 14144.3 1e+100
8 4439.66 21758.6 1e+100
9 4866.24 20464.9 1e+100
1 1115.88 1115.88 1e+100
7 4171.18 5171.18 1e+100
0 5147.14 9147.14 1e+100
7 2460.69 10842.7 1e+100
3 4458.05 4458.05 1e+100
5 4902.07 5902.07 1e+100
4 3940.68 3940.68 1e+100
1 4385.84 17543.4 1e+100
2 5259.66 21038.6 1e+100
3 5811.51 24246 1e+100
0 6188.14 6188.14 1e+100
1 6561.66 6561.66 1e+100
6 5161.1 5161.1 1e+100
5 5232.31 6232.31 1e+100
7 5519.57 22078.3 1e+100
2 5947.77 23791.1 1e+100
9 5769.84 6769.84 1e+100
4 6530.48 10530.5 1e+100
3 6217.79 6217.79 1e+100
8 5681.52 26726.1 1e+100
5 8165.85 9165.85 1e+100
0 6556.88 6556.88 1e+100
6 6333.49 29334 1e+100
7 5901.91 23607.7 1e+100
1 8544.89 9544.89 1e+100
8 6740.43 6740.43 1e+100
2 9469.71 9469.71 1e+100
8 2529.69 14118.8 1e+100
9 6902.32 28609.3 1e+100
7 6878.36 6878.36 1e+100
3 7221.64 7221.64 1e+100
4 6887.87 10887.9 1e+100
0 7436.05 7436.05 1e+100
9 2667.3 11669.2 1e+100
6 7679.41 30717.6 1e+100
8 8834.47 8834.47 1e+100
4 8789.63 35158.5 1e+100
7 1904.66 8618.65 1e+100
9 8449.23 34796.9 1e+100
6 11739.9 11739.9 1e+100
7 8333.21 34332.8 1e+100
1 11929.1 12929.1 1e+100
3 8300.39 34201.5 1e+100
0 8769.85 35079.4 1e+100
5 10606.3 11606.3 1e+100
7 9852.76 9852.76 1e+100
9 9616.43 9616.43 1e+100
4 9818.99 9818.99 1e+100
4 11821.4 11821.4 1e+100
2 9967.92 39871.7 1e+100
3 10335.7 42342.6 1e+100
0 11121.4 11121.4 1e+100
9 11024.1 45096.5 1e+100
4 1912.23 7648.9 1e+100
8 10463.7 10463.7 1e+100
7 10981.7 43926.7 1e+100
2 11439.6 11439.6 1e+100
66
3 223.359 1223.36 1e+100
5 287.944 1151.77 1e+100
4 139.91 559.642 1e+100
9 327.504 1310.02 1e+100
1 672.677 2690.71 1e+100
0 556.263 2225.05 1e+100
6 2658.67 6658.67 1e+100
7 1005.02 1005.02 1e+100
2 70.9149 283.66 1e+100
8 3218.67 3218.67 1e+100
3 1985.51 7942.04 1e+100
5 2015.71 8062.83 1e+100
4 1713.17 10852.7 1e+100
2 2359.04 6359.04 1e+100
9 1761.48 1761.48 1e+100
0 2201.06 2201.06 1e+100
9 3742.48 14969.9 1e+100
1 2181.6 9726.42 1e+100
7 3492.19 14968.8 1e+100
5 4606.67 18426.7 1e+100
3 3084.42 13337.7 1e+100
1 6423 25692 1e+100
4 3110.92 7110.92 1e+100
6 3610.78 3610.78 1e+100
0 3433.44 13733.7 1e+100
2 3233.64 3233.64 1e+100
8 3767.78 3767.78 1e+100
4 4330.02 4330.02 1e+100
3 3907.58 4907.58 1e+100
7 3950.88 3950.88 1e+100
8 4160.8 4160.8 1e+100
6 2271.21 2271.21 1e+100
9 4071 4071 1e+100
6 4507.46 8507.46 1e+100
0 2463.27 9853.07 1e+100
2 4220.47 20881.9 1e+100
0 4909.09 19636.4 1e+100
3 7127.78 8127.78 1e+100
5 5571.06 23284.2 1e+100
7 6354.54 6354.54 1e+100
8 6081.84 6081.84 1e+100
9 6554.76 6554.76 1e+100
2 5102.02 9102.02 1e+100
4 3921.02 3921.02 1e+100
6 5008.08 5008.08 1e+100
4 5847.46 23389.9 1e+100
0 8071.81 8071.81 1e+100
4 321.529 5286.12 1e+100
2 787.918 3151.67 1e+100
9 152.494 609.977 1e+100
1 6286.46 6286.46 1e+100
8 7026.58 28106.3 1e+100
5 7167.81 29671.2 1e+100
7 6992.12 6992.12 1e+100
9 7804.01 32216 1e+100
1 8614.7 34458.8 1e+100
4 7444.17 7444.17 1e+100
3 7483.28 29933.1 1e+100
8 8873.69 8873.69 1e+100
6 5660.62 22642.5 1e+100
6 8776.29 35105.2 1e+100
2 7665.78 34663.1 1e+100
5 1018.16 4072.63 1e+100
5 8426.93 8426.93 1e+100
7 8052.34 8052.34 1e+100
2 5517.64 22070.6 1e+100
66
7 2513.21 11052.8 1e+100
5 284.347 1137.39 1e+100
3 153.228 153.228 1e+100
4 228.495 228.495 1e+100
1 617.608 1617.61 1e+100
2 300.611 1202.44 1e+100
6 194.549 4778.2 1e+100
8 717.6 717.6 1e+100
9 325.666 1302.67 1e+100
0 414.304 1657.21 1e+100
4 1778.52 11114.1 1e+100
2 1667.01 1667.01 1e+100
5 1384.94 6539.78 1e+100
3 3218.59 4218.59 1e+100
1 1941.85 7767.38 1e+100
0 1970.42 1970.42 1e+100
9 1713.17 6852.69 1e+100
7 2664.7 11658.8 1e+100
6 1583.7 1583.7 1e+100
1 3070.89 4070.89 1e+100
8 3392.09 3392.09 1e+100
9 2712.54 2712.54 1e+100
2 2591.63 10366.5 1e+100
5 1876.22 1876.22 1e+100
6 4630.68 4630.68 1e+100
0 2866.68 2866.68 1e+100
3 4208.3 16833.2 1e+100
7 4821.42 20285.7 1e+100
2 3228.35 12913.4 1e+100
5 2974.53 3974.53 1e+100
8 4178.78 8178.78 1e+100
5 4761.24 5761.24 1e+100
2 4284.77 4284.77 1e+100
9 3181.54 12726.2 1e+100
4 2742.62 10970.5 1e+100
1 4014.92 5014.92 1e+100
9 4480.35 4480.35 1e+100
6 4310.79 8310.79 1e+100
0 3709.76 18839 1e+100
3 5765.52 6765.52 1e+100
8 5082.26 5082.26 1e+100
7 5571.82 22287.3 1e+100
1 1703.78 6815.11 1e+100
4 3862.18 3862.18 1e+100
2 4732.62 4732.62 1e+100
0 4848.76 4848.76 1e+100
5 5653.37 23613.5 1e+100
1 5222.37 6222.37 1e+100
6 5356.47 21425.9 1e+100
0 6665.98 6665.98 1e+100
4 7528.32 7528.32 1e+100
8 5861.63 23446.5 1e+100
2 6378.88 25515.5 1e+100
3 9104.1 10104.1 1e+100
9 6479.55 25918.2 1e+100
7 7708.88 8708.88 1e+100
1 6403.02 25612.1 1e+100
6 6620.67 6620.67 1e+100
5 6580.89 26323.5 1e+100
8 7835.58 11835.6 1e+100
2 7758.67 7758.67 1e+100
9 7611.89 8611.89 1e+100
0 7321.53 29286.1 1e+100
1 8625.97 34503.9 1e+100
4 8123.79 32495.2 1e+100
9 3319.03 13276.1 1e+100
51
7 2513.21 11052.8 1e+100
5 284.347 1137.39 1e+100
3 153.228 153.228 1e+100
4 228.495 228.495 1e+100
1 617.608 1617.61 1e+100
2 300.611 1202.44 1e+100
6 194.549 4778.2 1e+100
8 717.6 717.6 1e+100
9 325.666 1302.67 1e+100
0 414.304 1657.21 1e+100
5 1412.64 5650.58 1e+100
3 1308.51 2308.51 1e+100
4 1696.77 6787.08 1e+100
2 3577.09 3577.09 1e+100
1 1941.85 7767.38 1e+100
9 1990.68 2990.68 1e+100
8 3078.23 16312.9 1e+100
7 2664.7 11658.8 1e+100
6 1583.7 1583.7 1e+100
6 5217.23 5217.23 1e+100
0 4755.85 4755.85 1e+100
0 828.177 828.177 1e+100
5 207.664 830.656 1e+100
3 2257.23 10028.9 1e+100
4 210.891 210.891 1e+100
1 796.855 796.855 1e+100
9 1174 1174 1e+100
5 1284.9 5139.61 1e+100
2 2058.11 2058.11 1e+100
4 1699.29 1699.29 1e+100
5 2899.36 11597.4 1e+100
9 2809.9 11239.6 1e+100
3 3376.79 4376.79 1e+100
0 3307.8 3307.8 1e+100
2 6236.93 6236.93 1e+100
8 3320.32 3320.32 1e+100
9 3780.67 4780.67 1e+100
1 3522.36 4522.36 1e+100
5 5649 6649 1e+100
6 2943.35 2943.35 1e+100
8 780.103 7120.41 1e+100
3 6894.87 6894.87 1e+100
1 710.814 1710.81 1e+100
7 90.0663 360.265 1e+100
7 3908.2 3908.2 1e+100
7 1498.5 2498.5 1e+100
0 3488.03 3488.03 1e+100
6 3671.29 3671.29 1e+100
8 3906.61 3906.61 1e+100
4 1526.28 10105.1 1e+100
4 3735.22 3735.22 1e+100
48
6 2716.13 6716.13 1e+100
7 1893.28 8573.13 1e+100
8 2147.72 8590.86 1e+100
5 298.417 1193.67 1e+100
3 150.59 150.59 1e+100
9 287.858 1287.86 1e+100
1 499.495 499.495 1e+100
4 315.065 5260.26 1e+100
2 334.512 334.512 1e+100
0 551.291 551.291 1e+100
3 1498.43 1498.43 1e+100
9 1897.01 7588.05 1e+100
0 2076.93 8307.73 1e+100
1 1730.44 1730.44 1e+100
2 2593.18 10372.7 1e+100
9 4742.85 4742.85 1e+100
1 4920.17 4920.17 1e+100
7 3911.59 3911.59 1e+100
5 1419.56 2419.56 1e+100
4 1290.27 5161.1 1e+100
4 2710.94 2710.94 1e+100
8 1803.96 1803.96 1e+100
6 3360.73 3360.73 1e+100
3 286.492 1145.97 1e+100
0 1668.68 5668.68 1e+100
5 1817.74 7270.95 1e+100
2 2531.85 10127.4 1e+100
8 2576.2 2576.2 1e+100
5 3888.26 4888.26 1e+100
3 1121.5 5485.99 1e+100
1 2705.25 2705.25 1e+100
4 3008.02 3008.02 1e+100
3 2424.52 3424.52 1e+100
0 4359.54 4359.54 1e+100
3 4344.57 5344.57 1e+100
1 6487.7 7487.7 1e+100
9 5490.99 6490.99 1e+100
4 462.449 5849.8 1e+100
5 4352.34 4352.34 1e+100
8 3218.26 3218.26 1e+100
7 2394.34 9577.36 1e+100
7 4494.59 4494.59 1e+100
2 2458.04 2458.04 1e+100
9 936.18 1936.18 1e+100
4 4196.35 4196.35 1e+100
2 3931.62 3931.62 1e+100
0 216.476 4865.9 1e+100
6 3719.96 3719.96 1e+100
50
7 2513.21 11052.8 1e+100
5 284.347 1137.39 1e+100
3 153.228 153.228 1e+100
4 228.495 228.495 1e+100
1 617.608 1617.61 1e+100
2 300.611 1202.44 1e+100
6 194.549 4778.2 1e+100
8 717.6 717.6 1e+100
9 325.666 1302.67 1e+100
0 414.304 1657.21 1e+100
5 1412.64 5650.58 1e+100
3 1308.51 2308.51 1e+100
4 1696.77 6787.08 1e+100
2 3577.09 3577.09 1e+100
1 1941.85 7767.38 1e+100
6 4361.76 4361.76 1e+100
0 1136.44 8545.78 1e+100
9 1446.34 6785.37 1e+100
8 1368.4 1368.4 1e+100
3 2455.3 3455.3 1e+100
5 1940.24 2940.24 1e+100
4 2794.86 2794.86 1e+100
0 2475.55 2475.55 1e+100
7 553.208 2212.83 1e+100
1 1013.12 1013.12 1e+100
8 1846.05 11384.2 1e+100
9 1014.52 5058.09 1e+100
5 1480.2 2480.2 1e+100
3 1503.73 2503.73 1e+100
2 3083.41 12333.6 1e+100
1 3035.11 3035.11 1e+100
9 2636.7 3636.7 1e+100
4 3234.48 3234.48 1e+100
8 2272.01 2272.01 1e+100
0 4908.51 4908.51 1e+100
7 191.788 1767.15 1e+100
3 2294.13 10176.5 1e+100
5 2643.99 10576 1e+100
2 3827.72 15310.9 1e+100
6 1540.72 6162.89 1e+100
6 3745.8 3745.8 1e+100
3 3845.62 3845.62 1e+100
9 4061.5 5061.5 1e+100
7 682.63 2730.52 1e+100
8 5211 5211 1e+100
7 2782.78 11131.1 1e+100
5 4362.05 4362.05 1e+100
4 3571.92 3571.92 1e+100
1 3159.53 12638.1 1e+100
2 4726.06 4726.06 1e+100
67
7 2513.21 11052.8 1e+100
5 284.347 1137.39 1e+100
3 153.228 153.228 1e+100
4 228.495 228.495 1e+100
1 617.608 1617.61 1e+100
2 300.611 1202.44 1e+100
6 194.549 4778.2 1e+100
8 717.6 717.6 1e+100
9 325.666 1302.67 1e+100
0 414.304 1657.21 1e+100
5 1412.64 5650.58 1e+100
6 4914.4 4914.4 1e+100
2 1661.85 6647.38 1e+100
3 3218.59 4218.59 1e+100
4 1290.42 9161.7 1e+100
1 1324.75 2324.75 1e+100
0 1136.44 8545.78 1e+100
9 1446.34 6785.37 1e+100
8 1368.4 1368.4 1e+100
0 2931.98 2931.98 1e+100
7 2322.05 3322.05 1e+100
5 2378.4 2378.4 1e+100
2 2093.93 8375.74 1e+100
8 4544.9 8544.9 1e+100
9 3056.26 4056.26 1e+100
4 1838.95 1838.95 1e+100
1 1964.36 7857.46 1e+100
3 2896.53 12586.1 1e+100
2 2730.65 10922.6 1e+100
7 2767.44 3767.44 1e+100
5 2922.26 2922.26 1e+100
4 3720.16 3720.16 1e+100
1 3809.13 4809.13 1e+100
0 3807.21 3807.21 1e+100
9 2913.24 11653 1e+100
2 3485.35 3485.35 1e+100
3 3208.52 13834.1 1e+100
7 2727.04 2727.04 1e+100
8 3774.56 19098.2 1e+100
5 2862.06 2862.06 1e+100
1 4202.18 17808.7 1e+100
4 4457.09 4457.09 1e+100
0 5167.43 9167.43 1e+100
3 5451.22 5451.22 1e+100
6 3543.63 3543.63 1e+100
7 3768.97 4768.97 1e+100
2 4529.46 18117.8 1e+100
5 5439.97 6439.97 1e+100
8 4705.73 22822.9 1e+100
6 5070.29 20281.2 1e+100
7 5206.13 20824.5 1e+100
1 5770.16 5770.16 1e+100
4 5401.84 21607.3 1e+100
9 4192.78 17771.1 1e+100
9 6166.25 6166.25 1e+100
8 6258.98 25035.9 1e+100
2 6359.11 29436.4 1e+100
0 6328.84 6328.84 1e+100
3 6369.1 25476.4 1e+100
7 6754.31 7754.31 1e+100
4 6907.39 27629.6 1e+100
6 7163.97 28655.9 1e+100
6 755.885 7023.54 1e+100
5 6769.34 27077.3 1e+100
1 6872.5 6872.5 1e+100
9 7226.46 7226.46 1e+100
9 1424.45 6697.82 1e+100
53
6 2716.13 6716.13 1e+100
7 1893.28 8573.13 1e+100
8 2147.72 8590.86 1e+100
5 298.417 1193.67 1e+100
3 150.59 150.59 1e+100
9 287.858 1287.86 1e+100
1 499.495 499.495 1e+100
4 315.065 5260.26 1e+100
2 334.512 334.512 1e+100
0 551.291 551.291 1e+100
9 1898.96 1898.96 1e+100
3 1499.61 5998.44 1e+100
1 1520.52 7082.07 1e+100
4 1997.69 5997.69 1e+100
2 2593.18 10372.7 1e+100
0 3333.19 7333.19 1e+100
7 3525.75 3525.75 1e+100
8 3778.56 7778.56 1e+100
5 1419.56 2419.56 1e+100
6 2890.71 11562.8 1e+100
4 2959.31 2959.31 1e+100
1 2315.55 10262.2 1e+100
5 3881.16 3881.16 1e+100
9 2198.84 2198.84 1e+100
2 3417.9 3417.9 1e+100
6 3390.46 13561.8 1e+100
3 3070.63 13282.5 1e+100
1 4022.41 5022.41 1e+100
9 4037.86 5037.86 1e+100
7 3540.66 4540.66 1e+100
3 229.56 918.241 1e+100
0 2509.67 2509.67 1e+100
8 2330.88 9323.51 1e+100
2 5626.44 9626.44 1e+100
3 2753.63 11014.5 1e+100
8 4415.88 8415.88 1e+100
4 3587.08 14348.3 1e+100
9 5227.58 6227.58 1e+100
6 3117.37 3117.37 1e+100
1 5827.02 6827.02 1e+100
7 4926.07 5926.07 1e+100
0 3793.71 3793.71 1e+100
3 3777.07 15108.3 1e+100
6 4473.52 8473.52 1e+100
4 4655.87 4655.87 1e+100
4 624.909 6499.64 1e+100
5 5299.32 5299.32 1e+100
0 5261.37 5261.37 1e+100
8 5210.87 5210.87 1e+100
7 5428.51 6428.51 1e+100
6 5429.1 5429.1 1e+100
5 2016.26 8065.02 1e+100
4 5616.26 5616.26 1e+100
61
6 2716.13 6716.13 1e+100
7 1893.28 8573.13 1e+100
8 2147.72 8590.86 1e+100
5 298.417 1193.67 1e+100
3 150.59 150.59 1e+100
9 287.858 1287.86 1e+100
1 499.495 499.495 1e+100
4 315.065 5260.26 1e+100
2 334.512 334.512 1e+100
0 551.291 551.291 1e+100
9 1898.96 1898.96 1e+100
3 1499.61 5998.44 1e+100
1 1520.52 7082.07 1e+100
4 1997.69 5997.69 1e+100
2 2593.18 10372.7 1e+100
3 4345.45 4345.45 1e+100
7 3525.75 3525.75 1e+100
9 5271.88 5271.88 1e+100
5 1419.56 2419.56 1e+100
6 2890.71 11562.8 1e+100
4 2959.31 2959.31 1e+100
2 4280.06 17120.2 1e+100
5 3881.16 3881.16 1e+100
6 4046.35 8046.35 1e+100
8 1537.48 1537.48 1e+100
7 5487.28 22949.1 1e+100
1 1697.89 7791.56 1e+100
8 3533.08 3533.08 1e+100
0 4733.65 4733.65 1e+100
5 4221.26 4221.26 1e+100
0 1469.5 5878.01 1e+100
4 2806.57 11226.3 1e+100
6 4571.48 4571.48 1e+100
1 2199.37 8797.5 1e+100
3 3665.81 14663.2 1e+100
4 3623.48 3623.48 1e+100
2 4333.14 21332.6 1e+100
9 4332.45 17329.8 1e+100
8 4393.95 17575.8 1e+100
0 5098.39 5098.39 1e+100
4 4526.94 18107.8 1e+100
3 5236.82 21947.3 1e+100
5 5499.03 6499.03 1e+100
1 4602.46 19409.8 1e+100
7 5129.1 6129.1 1e+100
6 6453.27 6453.27 1e+100
2 5703.71 22814.8 1e+100
9 6109.39 25437.6 1e+100
8 7165.81 7165.81 1e+100
1 2210.39 8841.57 1e+100
7 6034.03 7034.03 1e+100
1 5925.67 23702.7 1e+100
4 5401.02 5401.02 1e+100
3 6164.34 24657.3 1e+100
5 6183.09 6183.09 1e+100
2 7991.5 7991.5 1e+100
4 6832.9 6832.9 1e+100
9 6815.71 28262.8 1e+100
0 6639.38 30557.5 1e+100
6 7048.74 28195 1e+100
7 6868.9 27475.6 1e+100
71
6 2716.13 6716.13 1e+100
7 1893.28 8573.13 1e+100
8 2147.72 8590.86 1e+100
5 298.417 1193.67 1e+100
3 150.59 150.59 1e+100
9 287.858 1287.86 1e+100
1 499.495 499.495 1e+100
4 315.065 5260.26 1e+100
2 334.512 334.512 1e+100
0 551.291 551.291 1e+100
3 1498.43 1498.43 1e+100
5 1421.09 5684.34 1e+100
1 1520.52 7082.07 1e+100
2 2003.81 6003.81 1e+100
7 2968.72 12874.9 1e+100
9 2720.45 2720.45 1e+100
0 3586.59 7586.59 1e+100
8 3778.56 7778.56 1e+100
1 3096.79 4096.79 1e+100
5 2389.54 10558.2 1e+100
6 2641.07 6641.07 1e+100
4 1285.49 1285.49 1e+100
4 3852.59 3852.59 1e+100
2 2827.03 2827.03 1e+100
9 2650.51 3650.51 1e+100
7 4377.39 5377.39 1e+100
3 3476.03 4476.03 1e+100
6 3612.46 3612.46 1e+100
3 1188.33 5753.34 1e+100
1 4223.25 4223.25 1e+100
0 3308.68 13234.7 1e+100
8 3145.5 3145.5 1e+100
3 4392.9 17571.6 1e+100
5 2078.25 2078.25 1e+100
9 4658.7 18634.8 1e+100
2 4573.05 18292.2 1e+100
0 5686.5 5686.5 1e+100
8 7024.58 7024.58 1e+100
6 3854.36 15417.5 1e+100
7 4967.27 4967.27 1e+100
5 4116.4 5116.4 1e+100
1 4721.47 18885.9 1e+100
6 5121.14 20484.6 1e+100
0 7463.79 11463.8 1e+100
9 5761.6 5761.6 1e+100
1 7002.98 7002.98 1e+100
5 6151.33 7151.33 1e+100
3 4058.37 17233.5 1e+100
7 6776.15 28104.6 1e+100
6 8241.62 8241.62 1e+100
9 7379.63 30518.5 1e+100
4 6041.79 24167.2 1e+100
4 1990.75 7962.99 1e+100
3 7783.27 8783.27 1e+100
4 7588.29 30353.2 1e+100
8 7496.26 7496.26 1e+100
2 5598.6 22394.4 1e+100
5 7485.13 30940.5 1e+100
2 7429.25 7429.25 1e+100
1 8294.47 8294.47 1e+100
7 10334.5 10334.5 1e+100
4 8757.95 8757.95 1e+100
3 9339.73 10339.7 1e+100
2 250.663 1002.65 1e+100
3 4814.01 20256.1 1e+100
2 8862.13 8862.13 1e+100
0 8273.82 33095.3 1e+100
5 942.071 4768.28 1e+100
8 9056.27 9056.27 1e+100
4 2233.23 12932.9 1e+100
9 7574.37 8574.37 1e+100
57
6 2716.13 6716.13 1e+100
7 1893.28 8573.13 1e+100
8 2147.72 8590.86 1e+100
5 298.417 1193.67 1e+100
3 150.59 150.59 1e+100
9 287.858 1287.86 1e+100
1 499.495 499.495 1e+100
4 315.065 5260.26 1e+100
2 334.512 334.512 1e+100
0 551.291 551.291 1e+100
9 1898.96 1898.96 1e+100
3 1499.61 5998.44 1e+100
1 1520.52 7082.07 1e+100
4 1997.69 5997.69 1e+100
2 2593.18 10372.7 1e+100
0 3333.19 7333.19 1e+100
7 3525.75 3525.75 1e+100
3 4879.71 4879.71 1e+100
5 1419.56 2419.56 1e+100
1 3230.32 13921.3 1e+100
4 2959.31 2959.31 1e+100
9 2628.21 11512.8 1e+100
8 1975.24 5975.24 1e+100
2 4780.05 8780.05 1e+100
3 5752.34 6752.34 1e+100
6 1573.43 6293.71 1e+100
8 3743.5 14974 1e+100
5 1924.65 2924.65 1e+100
6 3454.15 3454.15 1e+100
7 3110.4 4110.4 1e+100
1 2874.14 11496.6 1e+100
5 5502.99 5502.99 1e+100
8 4810.51 23242 1e+100
9 3344.4 14377.6 1e+100
1 4185.26 5185.26 1e+100
7 8875.33 9875.33 1e+100
4 3822.7 15290.8 1e+100
7 4050.06 4050.06 1e+100
8 5927.63 5927.63 1e+100
9 4983.9 5983.9 1e+100
4 5610.73 5610.73 1e+100
3 7004.82 8004.82 1e+100
2 3194.45 12777.8 1e+100
2 4627.47 18509.9 1e+100
5 5035.21 20140.8 1e+100
4 755.422 3021.69 1e+100
1 6978.47 28913.9 1e+100
6 8327.85 8327.85 1e+100
9 6105.92 6105.92 1e+100
8 9174.27 9174.27 1e+100
5 6716.02 26864.1 1e+100
2 7408.03 7408.03 1e+100
1 3751.67 15006.7 1e+100
2 5494.89 9494.89 1e+100
8 7023.3 7023.3 1e+100
6 2299.46 13197.9 1e+100
2 9171.06 9171.06 1e+100
74
6 2716.13 6716.13 1e+100
7 1893.28 8573.13 1e+100
8 2147.72 8590.86 1e+100
5 298.417 1193.67 1e+100
3 150.59 150.59 1e+100
9 287.858 1287.86 1e+100
1 499.495 499.495 1e+100
4 315.065 5260.26 1e+100
2 334.512 334.512 1e+100
0 551.291 551.291 1e+100
4 2145.4 6145.4 1e+100
5 1421.09 5684.34 1e+100
3 1281.32 6125.27 1e+100
1 1730.44 1730.44 1e+100
2 2593.18 10372.7 1e+100
9 2720.45 2720.45 1e+100
7 3525.75 3525.75 1e+100
0 3867.45 7867.45 1e+100
5 3227.43 4227.43 1e+100
8 3338.04 13352.2 1e+100
6 2641.07 6641.07 1e+100
3 2661.82 3661.82 1e+100
9 4574.64 5574.64 1e+100
4 2371.07 2371.07 1e+100
2 2926.34 2926.34 1e+100
4 3799.77 3799.77 1e+100
3 4453.72 5453.72 1e+100
0 5541.59 5541.59 1e+100
6 3962.96 15851.8 1e+100
1 1798.51 1798.51 1e+100
7 3247.85 13991.4 1e+100
8 3026.13 16104.5 1e+100
5 3740.9 15963.6 1e+100
1 3833.27 4833.27 1e+100
2 5821.51 9821.51 1e+100
9 4162.86 4162.86 1e+100
8 4103.37 20413.5 1e+100
7 4441.01 5441.01 1e+100
4 4773.64 4773.64 1e+100
6 4959.05 23836.2 1e+100
3 4278.05 17112.2 1e+100
5 4860.46 5860.46 1e+100
8 5162.28 5162.28 1e+100
0 5697.06 5697.06 1e+100
9 4853.87 19415.5 1e+100
3 5263.88 22055.5 1e+100
4 6184.72 10184.7 1e+100
7 8419.75 8419.75 1e+100
5 8952.53 8952.53 1e+100
2 6027.54 6027.54 1e+100
1 4811.53 20246.1 1e+100
6 6304.97 25219.9 1e+100
8 7256.32 7256.32 1e+100
9 6961.61 28846.4 1e+100
3 6678.28 27713.1 1e+100
0 7358.94 29435.8 1e+100
2 8098.41 8098.41 1e+100
4 7639.56 30558.3 1e+100
6 9899.07 9899.07 1e+100
1 5825.28 24301.1 1e+100
1 7863.83 32455.3 1e+100
3 8318.23 9318.23 1e+100
9 8340.87 8340.87 1e+100
0 8526.14 12526.1 1e+100
2 9201.43 9201.43 1e+100
8 10227.8 10227.8 1e+100
7 9219.63 37878.5 1e+100
4 8804.2 35216.8 1e+100
1 10215.4 11215.4 1e+100
3 10054.2 41216.9 1e+100
5 9197.35 37789.4 1e+100
0 10521.2 10521.2 1e+100
9 9469.78 37879.1 1e+100
2 9915.81 9915.81 1e+100
68
7 2513.21 11052.8 1e+100
5 284.347 1137.39 1e+100
3 153.228 153.228 1e+100
4 228.495 228.495 1e+100
1 617.608 1617.61 1e+100
2 300.611 1202.44 1e+100
6 194.549 4778.2 1e+100
8 717.6 717.6 1e+100
9 325.666 1302.67 1e+100
0 414.304 1657.21 1e+100
1 2001.28 8005.13 1e+100
4 1682.17 1682.17 1e+100
2 1661.85 6647.38 1e+100
6 2358.63 2358.63 1e+100
3 1271.61 5086.44 1e+100
0 1970.42 1970.42 1e+100
9 1713.17 6852.69 1e+100
5 475.991 2903.96 1e+100
8 1368.4 1368.4 1e+100
5 2711.22 3711.22 1e+100
2 2603.11 10412.4 1e+100
7 2355.92 10423.7 1e+100
6 4645.22 18580.9 1e+100
0 2676.39 10705.6 1e+100
1 1814.25 1814.25 1e+100
9 2646.77 3646.77 1e+100
3 2092.26 8369.04 1e+100
4 1651.04 6604.14 1e+100
7 3074.79 12299.2 1e+100
2 2069.03 2069.03 1e+100
8 898.51 898.51 1e+100
1 2396.55 2396.55 1e+100
0 2710.64 2710.64 1e+100
4 1904.32 1904.32 1e+100
3 2722.09 2722.09 1e+100
5 1764.41 1764.41 1e+100
2 3033.96 12135.8 1e+100
7 4257.36 17029.4 1e+100
8 2240.37 8961.48 1e+100
6 4064.17 4064.17 1e+100
1 4899.48 20597.9 1e+100
9 3385.49 3385.49 1e+100
0 4631.67 4631.67 1e+100
8 5841.56 9841.56 1e+100
3 4905.51 4905.51 1e+100
2 4951.47 4951.47 1e+100
5 4069.92 5069.92 1e+100
4 5098.05 20392.2 1e+100
9 4810.3 5810.3 1e+100
9 1148.18 4592.73 1e+100
7 4726.06 19904.2 1e+100
6 4754.23 23016.9 1e+100
5 5623.05 5623.05 1e+100
0 5576.41 22305.7 1e+100
3 6135.32 25541.3 1e+100
1 6356.89 6356.89 1e+100
2 6521.85 26087.4 1e+100
7 6345.92 25383.7 1e+100
6 6543.78 6543.78 1e+100
9 7528.68 30114.7 1e+100
0 7423.53 7423.53 1e+100
8 6299.63 25198.5 1e+100
4 7401.51 29606.1 1e+100
5 6798.44 27193.7 1e+100
4 1271.67 9086.7 1e+100
3 7394.45 7394.45 1e+100
1 7417.11 7417.11 1e+100
5 897.92 4591.68 1e+100
62
7 2513.21 11052.8 1e+100
5 284.347 1137.39 1e+100
3 153.228 153.228 1e+100
4 228.495 228.495 1e+100
1 617.608 1617.61 1e+100
2 300.611 1202.44 1e+100
6 194.549 4778.2 1e+100
8 717.6 717.6 1e+100
9 325.666 1302.67 1e+100
0 414.304 1657.21 1e+100
4 1778.52 11114.1 1e+100
2 1667.01 1667.01 1e+100
5 1384.94 6539.78 1e+100
3 3218.59 4218.59 1e+100
6 4591.84 22367.4 1e+100
1 1324.75 2324.75 1e+100
0 1136.44 8545.78 1e+100
9 1446.34 6785.37 1e+100
8 1368.4 1368.4 1e+100
4 2616.09 2616.09 1e+100
2 2767.5 2767.5 1e+100
0 2135.81 6135.81 1e+100
7 2156.25 9624.98 1e+100
5 1876.22 1876.22 1e+100
1 2656.95 3656.95 1e+100
8 3337.78 3337.78 1e+100
9 2363.67 9454.69 1e+100
0 4506.76 18027 1e+100
4 3036.59 12146.4 1e+100
9 4803.13 5803.13 1e+100
3 6213.37 6213.37 1e+100
4 4532.43 4532.43 1e+100
2 4692.6 4692.6 1e+100
8 4235.49 4235.49 1e+100
7 6100 7100 1e+100
1 5044.97 5044.97 1e+100
0 5771.22 5771.22 1e+100
6 3186.22 3186.22 1e+100
5 4977.42 4977.42 1e+100
6 5422.47 9422.47 1e+100
8 5200.43 20801.7 1e+100
9 4840.94 19363.8 1e+100
3 946.868 4787.47 1e+100
4 5857.03 5857.03 1e+100
2 5215.55 20862.2 1e+100
5 7630.83 7630.83 1e+100
1 7437.07 8437.07 1e+100
6 6247.53 6247.53 1e+100
0 7961.56 7961.56 1e+100
8 7952.64 7952.64 1e+100
9 5511.5 6511.5 1e+100
1 780.517 3122.07 1e+100
3 6160.78 6160.78 1e+100
7 547.636 1547.64 1e+100
2 170.727 4682.91 1e+100
7 8099.46 8099.46 1e+100
4 6565.14 6565.14 1e+100
2 5992.87 5992.87 1e+100
9 6239.44 7239.44 1e+100
6 6627.83 6627.83 1e+100
5 160.911 643.644 1e+100
3 7487.12 8487.12 1e+100
62
9 303.073 303.073 1e+100
1 654.977 3619.91 1e+100
2 153.595 153.595 1e+100
6 396.645 396.645 1e+100
3 279.391 279.391 1e+100
5 360.301 1360.3 1e+100
0 704.735 4704.74 1e+100
8 711.322 711.322 1e+100
2 2685.21 6685.21 1e+100
3 2200.98 2200.98 1e+100
4 313.068 5252.27 1e+100
9 1914.97 1914.97 1e+100
1 2543.74 3543.74 1e+100
4 6211.23 10211.2 1e+100
6 2029.4 2029.4 1e+100
8 4268.35 8268.35 1e+100
0 2501.85 6501.85 1e+100
5 2561.11 11244.5 1e+100
4 3928.05 15712.2 1e+100
9 2990.58 2990.58 1e+100
4 1821.69 1821.69 1e+100
3 3420.34 3420.34 1e+100
6 3367.02 3367.02 1e+100
0 4025.13 4025.13 1e+100
2 3542.67 14170.7 1e+100
9 4031.99 16128 1e+100
1 3340.38 14361.5 1e+100
1 5108.1 5108.1 1e+100
5 4485.57 5485.57 1e+100
6 5357 5357 1e+100
5 4797.86 4797.86 1e+100
0 5521.76 22087 1e+100
5 972.697 4890.79 1e+100
3 5078.51 6078.51 1e+100
1 4442.67 17770.7 1e+100
3 2388.32 9553.29 1e+100
8 4430.31 4430.31 1e+100
7 2513.21 10052.8 1e+100
9 2519.71 10078.9 1e+100
2 3864.41 15457.6 1e+100
4 3902.25 3902.25 1e+100
9 4549.83 19199.3 1e+100
8 5297.41 21189.6 1e+100
2 7390.44 7390.44 1e+100
9 6295.9 26183.6 1e+100
8 7206.21 7206.21 1e+100
0 6820.76 6820.76 1e+100
1 4999.29 20997.1 1e+100
6 5654.5 22618 1e+100
5 7534.1 8534.1 1e+100
7 5530.87 22123.5 1e+100
1 7419.41 8419.41 1e+100
8 689.573 6758.29 1e+100
6 7174.82 7174.82 1e+100
2 674.123 6696.49 1e+100
9 7441.47 7441.47 1e+100
7 6978.69 7978.69 1e+100
4 6406.94 6406.94 1e+100
0 318.454 1273.82 1e+100
5 3809.34 15237.4 1e+100
3 4877.69 20510.7 1e+100
7 2370.34 9481.37 1e+100
66
3 223.359 1223.36 1e+100
5 287.944 1151.77 1e+100
4 139.91 559.642 1e+100
9 327.504 1310.02 1e+100
1 672.677 2690.71 1e+100
0 556.263 2225.05 1e+100
6 2658.67 6658.67 1e+100
7 1005.02 1005.02 1e+100
2 70.9149 283.66 1e+100
8 3218.67 3218.67 1e+100
3 1985.51 7942.04 1e+100
5 2015.71 8062.83 1e+100
4 1713.17 10852.7 1e+100
2 2359.04 6359.04 1e+100
9 1761.48 1761.48 1e+100
0 2201.06 2201.06 1e+100
9 3742.48 14969.9 1e+100
1 2181.6 9726.42 1e+100
7 3492.19 14968.8 1e+100
5 4606.67 18426.7 1e+100
3 3084.42 13337.7 1e+100
1 6423 25692 1e+100
4 3110.92 7110.92 1e+100
6 3610.78 3610.78 1e+100
0 3433.44 13733.7 1e+100
2 3233.64 3233.64 1e+100
8 3767.78 3767.78 1e+100
4 4330.02 4330.02 1e+100
3 3907.58 4907.58 1e+100
7 3950.88 3950.88 1e+100
8 4160.8 4160.8 1e+100
6 2271.21 2271.21 1e+100
9 4071 4071 1e+100
6 4507.46 8507.46 1e+100
0 2463.27 9853.07 1e+100
2 4220.47 20881.9 1e+100
0 4909.09 19636.4 1e+100
3 7127.78 8127.78 1e+100
5 5571.06 23284.2 1e+100
7 6354.54 6354.54 1e+100
8 6081.84 6081.84 1e+100
9 6554.76 6554.76 1e+100
2 5102.02 9102.02 1e+100
4 3921.02 3921.02 1e+100
6 5008.08 5008.08 1e+100
4 5847.46 23389.9 1e+100
0 8071.81 8071.81 1e+100
4 321.529 5286.12 1e+100
2 787.918 3151.67 1e+100
9 152.494 609.977 1e+100
1 6286.46 6286.46 1e+100
8 7026.58 28106.3 1e+100
5 7167.81 29671.2 1e+100
7 6992.12 6992.12 1e+100
9 7804.01 32216 1e+100
1 8614.7 34458.8 1e+100
4 7444.17 7444.17 1e+100
3 7483.28 29933.1 1e+100
8 8873.69 8873.69 1e+100
6 5660.62 22642.5 1e+100
6 8776.29 35105.2 1e+100
2 7665.78 34663.1 1e+100
5 1018.16 4072.63 1e+100
5 8426.93 8426.93 1e+100
7 8052.34 8052.34 1e+100
2 5517.64 22070.6 1e+100
60
6 2716.13 6716.13 1e+100
7 1893.28 8573.13 1e+100
8 2147.72 8590.86 1e+100
5 298.417 1193.67 1e+100
3 150.59 150.59 1e+100
9 287.858 1287.86 1e+100
1 499.495 499.495 1e+100
4 315.065 5260.26 1e+100
2 334.512 334.512 1e+100
0 551.291 551.291 1e+100
1 1737.63 1737.63 1e+100
3 1499.61 5998.44 1e+100
0 2076.93 8307.73 1e+100
4 1997.69 5997.69 1e+100
2 2593.18 10372.7 1e+100
9 2720.45 2720.45 1e+100
7 3525.75 3525.75 1e+100
3 4879.71 4879.71 1e+100
5 3236.59 4236.59 1e+100
5 581.664 3326.66 1e+100
6 2829.71 11318.8 1e+100
1 2328.41 10313.6 1e+100
4 2936.85 11747.4 1e+100
0 2461.62 9846.49 1e+100
9 4040.7 4040.7 1e+100
2 4513.75 4513.75 1e+100
1 3784.37 15137.5 1e+100
8 2040.1 8160.38 1e+100
0 3430.76 17723 1e+100
6 3211.96 16847.8 1e+100
7 2671.89 11687.6 1e+100
2 4796.44 4796.44 1e+100
9 5072.96 5072.96 1e+100
1 5081.66 5081.66 1e+100
9 6677.86 26711.4 1e+100
3 3662.76 4662.76 1e+100
8 6164.34 6164.34 1e+100
0 4299.36 21197.4 1e+100
8 4314.07 21256.3 1e+100
7 6099.4 7099.4 1e+100
3 7784.8 8784.8 1e+100
8 7716.59 7716.59 1e+100
2 7524.3 7524.3 1e+100
7 8492.02 9492.02 1e+100
6 7159.16 7159.16 1e+100
4 1792.47 7169.89 1e+100
1 5736.92 23947.7 1e+100
6 2413.55 13654.2 1e+100
2 5406.46 21625.8 1e+100
0 6004.04 24016.2 1e+100
4 5493.29 5493.29 1e+100
9 6171.65 6171.65 1e+100
8 178.953 178.953 1e+100
4 2283.32 13133.3 1e+100
1 6690.12 7690.12 1e+100
6 3746.21 18984.8 1e+100
9 7788.4 7788.4 1e+100
4 6523.47 6523.47 1e+100
7 1665.07 6660.28 1e+100
0 6822.52 6822.52 1e+100
65
6 2716.13 6716.13 1e+100
7 1893.28 8573.13 1e+100
8 2147.72 8590.86 1e+100
5 298.417 1193.67 1e+100
3 150.59 150.59 1e+100
9 287.858 1287.86 1e+100
1 499.495 499.495 1e+100
4 315.065 5260.26 1e+100
2 334.512 334.512 1e+100
0 551.291 551.291 1e+100
5 1419.91 1419.91 1e+100
9 1897.01 7588.05 1e+100
3 1281.32 6125.27 1e+100
1 1730.44 1730.44 1e+100
2 2593.18 10372.7 1e+100
4 2966.89 6966.89 1e+100
7 3525.75 3525.75 1e+100
0 3867.45 7867.45 1e+100
8 3176.79 3176.79 1e+100
3 2991.12 12964.5 1e+100
9 2615.83 2615.83 1e+100
1 3007.67 4007.67 1e+100
6 2218.51 2218.51 1e+100
4 4760.89 4760.89 1e+100
2 2926.34 2926.34 1e+100
6 3576.6 3576.6 1e+100
3 3535.2 4535.2 1e+100
5 961.146 1961.15 1e+100
7 5752.25 24009 1e+100
5 2699.65 2699.65 1e+100
1 4025.44 17101.8 1e+100
8 2989.52 2989.52 1e+100
9 2860.91 11443.7 1e+100
0 4014.45 4014.45 1e+100
2 3379.47 13517.9 1e+100
5 3938.17 3938.17 1e+100
3 3232.84 12931.4 1e+100
8 3752.22 7752.22 1e+100
9 3523.76 15095.1 1e+100
6 3638.47 3638.47 1e+100
4 3074.9 7074.9 1e+100
1 5480.21 5480.21 1e+100
2 5222.55 5222.55 1e+100
3 4280.48 5280.48 1e+100
0 5058.55 20234.2 1e+100
9 4400.25 5400.25 1e+100
4 4581.09 22324.3 1e+100
6 4771.59 19086.4 1e+100
5 4600.13 18400.5 1e+100
7 4711.41 4711.41 1e+100
3 5805.43 24221.7 1e+100
4 6104.07 24416.3 1e+100
8 6071.26 10071.3 1e+100
6 6686.67 26746.7 1e+100
9 6463.45 25853.8 1e+100
2 6264.77 6264.77 1e+100
7 6260.04 25040.1 1e+100
5 6148.31 7148.31 1e+100
1 6336.74 26347 1e+100
0 7362.02 29448.1 1e+100
3 6999.08 27996.3 1e+100
2 7843.11 35372.4 1e+100
7 7829.22 7829.22 1e+100
5 8704.83 8704.83 1e+100
8 7137.06 28548.2 1e+100
70
3 223.359 1223.36 1e+100
5 287.944 1151.77 1e+100
4 139.91 559.642 1e+100
9 327.504 1310.02 1e+100
1 672.677 2690.71 1e+100
0 556.263 2225.05 1e+100
6 2658.67 6658.67 1e+100
7 1005.02 1005.02 1e+100
2 70.9149 283.66 1e+100
8 3218.67 3218.67 1e+100
3 1985.51 7942.04 1e+100
5 2015.71 8062.83 1e+100
4 1713.17 10852.7 1e+100
2 2359.04 6359.04 1e+100
9 1761.48 1761.48 1e+100
0 2201.06 2201.06 1e+100
1 2140.73 8562.91 1e+100
3 3157.04 13628.2 1e+100
7 3492.19 14968.8 1e+100
9 3636.05 14544.2 1e+100
4 3440.96 13763.8 1e+100
5 5468.74 21874.9 1e+100
1 3419.2 3419.2 1e+100
6 3610.78 3610.78 1e+100
0 3433.44 13733.7 1e+100
8 3793.93 3793.93 1e+100
3 4066.42 5066.42 1e+100
0 4529.86 22119.4 1e+100
2 3073.84 12295.4 1e+100
8 3234.45 3234.45 1e+100
1 4083.49 4083.49 1e+100
9 4169.94 4169.94 1e+100
3 5337.73 21350.9 1e+100
7 2209.81 3209.81 1e+100
6 3971.02 3971.02 1e+100
7 5672.34 22689.4 1e+100
1 1633.48 6533.94 1e+100
2 4193.4 4193.4 1e+100
8 4433.65 4433.65 1e+100
0 4826.09 4826.09 1e+100
9 886.926 3547.7 1e+100
6 5376.46 21505.9 1e+100
1 4436.42 4436.42 1e+100
9 5173.79 5173.79 1e+100
2 8285.47 12285.5 1e+100
8 5693.62 5693.62 1e+100
3 6175.7 25702.8 1e+100
4 5969.8 23879.2 1e+100
4 3543.64 3543.64 1e+100
9 6791.81 28167.2 1e+100
1 5885.44 24541.7 1e+100
6 1011.67 4046.7 1e+100
7 8211.84 9211.84 1e+100
6 6796.69 27186.8 1e+100
5 6697.66 7697.66 1e+100
0 5990.9 23963.6 1e+100
4 940.769 3763.08 1e+100
8 6819.52 6819.52 1e+100
3 7286.26 7286.26 1e+100
1 6888.13 6888.13 1e+100
5 8664.09 9664.09 1e+100
4 8820.47 8820.47 1e+100
0 7680.77 30723.1 1e+100
1 8302.97 34211.9 1e+100
8 8252.4 8252.4 1e+100
6 7954.2 31816.8 1e+100
5 4209.8 17839.2 1e+100
3 9207.7 10207.7 1e+100
9 6985.32 27941.3 1e+100
2 8795.11 8795.11 1e+100
62
6 2716.13 6716.13 1e+100
7 1893.28 8573.13 1e+100
8 2147.72 8590.86 1e+100
5 298.417 1193.67 1e+100
3 150.59 150.59 1e+100
9 287.858 1287.86 1e+100
1 499.495 499.495 1e+100
4 315.065 5260.26 1e+100
2 334.512 334.512 1e+100
0 551.291 551.291 1e+100
9 1898.96 1898.96 1e+100
2 2149.58 12598.3 1e+100
0 2076.93 8307.73 1e+100
4 1997.69 5997.69 1e+100
7 2968.72 12874.9 1e+100
3 4069.87 4069.87 1e+100
8 3727.43 7727.43 1e+100
6 5302.36 9302.36 1e+100
5 3236.59 4236.59 1e+100
5 581.664 3326.66 1e+100
3 255.821 1255.82 1e+100
1 2485.87 2485.87 1e+100
1 329.214 2316.86 1e+100
9 2349.25 2349.25 1e+100
2 2345.72 2345.72 1e+100
0 2651.91 2651.91 1e+100
4 2397.83 13591.3 1e+100
7 3621.6 15486.4 1e+100
2 3168.3 12673.2 1e+100
9 3447.55 4447.55 1e+100
4 4573.65 8573.65 1e+100
0 4533.12 4533.12 1e+100
2 4224.71 4224.71 1e+100
6 5663.88 5663.88 1e+100
7 4541.11 5541.11 1e+100
3 5301.37 5301.37 1e+100
8 3449.93 3449.93 1e+100
4 5638.47 5638.47 1e+100
3 2578.44 2578.44 1e+100
2 5601.87 9601.87 1e+100
1 6496.52 26986.1 1e+100
9 3485.36 13941.4 1e+100
8 5311.47 21245.9 1e+100
5 5147.58 6147.58 1e+100
0 5611.87 22447.5 1e+100
7 7462.33 7462.33 1e+100
3 7693.47 8693.47 1e+100
9 6309.92 7309.92 1e+100
4 6805.71 6805.71 1e+100
6 6080.07 6080.07 1e+100
2 6082.93 6082.93 1e+100
1 841.597 3366.39 1e+100
5 6088.19 6088.19 1e+100
0 7096.21 7096.21 1e+100
5 1813.38 7253.54 1e+100
9 3639.93 3639.93 1e+100
8 7232.85 7232.85 1e+100
1 6899.25 7899.25 1e+100
9 6693.86 7693.86 1e+100
6 6578.88 6578.88 1e+100
1 1917.31 7669.23 1e+100
2 7340.75 7340.75 1e+100
68
9 303.073 303.073 1e+100
1 654.977 3619.91 1e+100
2 153.595 153.595 1e+100
6 396.645 396.645 1e+100
3 279.391 279.391 1e+100
5 360.301 1360.3 1e+100
0 704.735 4704.74 1e+100
8 711.322 711.322 1e+100
3 2292.08 2292.08 1e+100
2 2652.18 6652.18 1e+100
4 313.068 5252.27 1e+100
9 1914.97 1914.97 1e+100
8 4424.11 4424.11 1e+100
5 2482.67 2482.67 1e+100
6 2029.4 2029.4 1e+100
4 7546.87 11546.9 1e+100
1 2379.18 2379.18 1e+100
0 2364.91 9459.63 1e+100
4 1914.18 7656.73 1e+100
9 2990.58 2990.58 1e+100
4 3753.19 3753.19 1e+100
3 3488.55 3488.55 1e+100
6 3367.02 3367.02 1e+100
5 5137.81 6137.81 1e+100
2 3532.55 14130.2 1e+100
9 4031.99 16128 1e+100
1 3539.15 15156.6 1e+100
0 4618.03 8618.03 1e+100
4 4403.28 4403.28 1e+100
6 5357 5357 1e+100
3 2863.16 2863.16 1e+100
1 3453.74 14815 1e+100
0 776.491 3105.97 1e+100
8 3198.52 3198.52 1e+100
9 3547.19 14188.8 1e+100
2 2782.5 15130 1e+100
0 3391.04 3391.04 1e+100
3 4544.46 18177.8 1e+100
2 4189.13 20756.5 1e+100
8 4583.7 18334.8 1e+100
0 4816.52 4816.52 1e+100
9 4232.21 17928.8 1e+100
5 2672.58 3672.58 1e+100
5 4304.98 4304.98 1e+100
1 4955.44 4955.44 1e+100
6 4860.57 4860.57 1e+100
4 4406.38 4406.38 1e+100
7 5709.84 23839.3 1e+100
2 5656.93 5656.93 1e+100
3 5469.25 21877 1e+100
9 5377.61 22510.4 1e+100
5 5547.67 22190.7 1e+100
8 7369.58 11369.6 1e+100
1 6274.74 26099 1e+100
6 6561.72 26246.9 1e+100
4 5627.3 9627.3 1e+100
3 7022.5 29090 1e+100
5 7570.17 30280.7 1e+100
2 7519.05 7519.05 1e+100
9 7112.04 28448.2 1e+100
4 7308.04 7308.04 1e+100
7 7290.97 30163.9 1e+100
0 5754.9 23019.6 1e+100
1 7468.4 29873.6 1e+100
7 1883.46 7533.86 1e+100
6 7820.85 11820.8 1e+100
0 9464.46 13464.5 1e+100
8 8415.94 33663.8 1e+100
71
6 2716.13 6716.13 1e+100
7 1893.28 8573.13 1e+100
8 2147.72 8590.86 1e+100
5 298.417 1193.67 1e+100
3 150.59 150.59 1e+100
9 287.858 1287.86 1e+100
1 499.495 499.495 1e+100
4 315.065 5260.26 1e+100
2 334.512 334.512 1e+100
0 551.291 551.291 1e+100
4 2145.4 6145.4 1e+100
2 2149.58 12598.3 1e+100
3 1281.32 6125.27 1e+100
0 2286.86 6286.86 1e+100
7 2968.72 12874.9 1e+100
3 3861.3 3861.3 1e+100
9 2951.56 2951.56 1e+100
6 5302.36 9302.36 1e+100
2 3955.93 3955.93 1e+100
1 899.388 4597.55 1e+100
5 520.664 3082.66 1e+100
8 2867.4 11469.6 1e+100
4 2484.63 9938.52 1e+100
0 2922.1 11688.4 1e+100
4 4190.78 8190.78 1e+100
9 5577.27 6577.27 1e+100
5 3916.14 15664.6 1e+100
8 4027.16 16108.7 1e+100
5 1096.43 4385.72 1e+100
3 3302.53 3302.53 1e+100
0 3609.74 14439 1e+100
1 364.623 2458.49 1e+100
2 4067.43 4067.43 1e+100
1 3547.22 14188.9 1e+100
6 5284.64 25138.6 1e+100
8 3999.27 3999.27 1e+100
7 3916.62 15666.5 1e+100
7 1549.19 6196.77 1e+100
4 3614.78 14459.1 1e+100
5 3770.58 4770.58 1e+100
3 4618.13 19472.5 1e+100
1 4203.6 16814.4 1e+100
1 460.406 2841.63 1e+100
8 4775.15 8775.15 1e+100
9 4522.76 4522.76 1e+100
2 6423.38 10423.4 1e+100
0 4844.74 4844.74 1e+100
7 5076.49 21306 1e+100
4 5563.25 22253 1e+100
5 5714.44 6714.44 1e+100
6 6812.78 27251.1 1e+100
1 6204.37 25817.5 1e+100
9 6107.76 25431 1e+100
8 6311.35 6311.35 1e+100
3 5940.55 24762.2 1e+100
0 6483.01 6483.01 1e+100
7 6090.24 25361 1e+100
4 8498.3 33993.2 1e+100
5 8643.57 9643.57 1e+100
9 7536 7536 1e+100
1 7207.06 7207.06 1e+100
2 9046.74 9046.74 1e+100
3 9153.09 10153.1 1e+100
7 7780.11 32120.5 1e+100
6 7837.12 31348.5 1e+100
0 7659.54 7659.54 1e+100
8 7402.21 29608.9 1e+100
2 6668.2 26672.8 1e+100
9 9457.44 10457.4 1e+100
3 6274.36 25097.4 1e+100
1 7792.3 8792.3 1e+100
62
3 223.359 1223.36 1e+100
5 287.944 1151.77 1e+100
4 139.91 559.642 1e+100
9 327.504 1310.02 1e+100
1 672.677 2690.71 1e+100
0 556.263 2225.05 1e+100
6 2658.67 6658.67 1e+100
7 1005.02 1005.02 1e+100
2 70.9149 283.66 1e+100
8 3218.67 3218.67 1e+100
3 1985.51 7942.04 1e+100
5 2015.71 8062.83 1e+100
4 1713.17 10852.7 1e+100
9 1801.32 1801.32 1e+100
2 2322.01 6322.01 1e+100
0 2201.06 2201.06 1e+100
1 2140.73 8562.91 1e+100
7 3395.89 14583.6 1e+100
4 4826.58 19306.3 1e+100
9 3624.88 14499.5 1e+100
3 3084.42 13337.7 1e+100
5 5468.74 21874.9 1e+100
1 3419.2 3419.2 1e+100
6 3610.78 3610.78 1e+100
0 3433.44 13733.7 1e+100
8 3612.85 14451.4 1e+100
9 4637.93 19551.7 1e+100
1 4277.19 18108.8 1e+100
2 2699.64 10798.6 1e+100
7 3098.45 3098.45 1e+100
2 4593.78 4593.78 1e+100
3 4119.64 16478.6 1e+100
6 3589.75 14359 1e+100
0 4611.97 22447.9 1e+100
8 4024.21 4024.21 1e+100
7 4101.94 16407.8 1e+100
8 6043.28 6043.28 1e+100
4 4146.25 16585 1e+100
2 4006.46 8006.46 1e+100
3 4912.44 19649.8 1e+100
1 3346.93 3346.93 1e+100
0 4760.83 19043.3 1e+100
6 2922.57 11690.3 1e+100
7 4393.46 5393.46 1e+100
4 6883.76 27535 1e+100
1 6521.65 7521.65 1e+100
9 5093.4 6093.4 1e+100
2 5377.7 21510.8 1e+100
6 5912.78 23651.1 1e+100
7 5754.37 6754.37 1e+100
5 5529.75 22119 1e+100
0 6063.66 6063.66 1e+100
3 5704.42 22817.7 1e+100
8 6852.21 6852.21 1e+100
9 2293.12 9172.49 1e+100
9 6265.09 6265.09 1e+100
2 7665.49 7665.49 1e+100
5 6662.08 7662.08 1e+100
6 3122.46 12489.8 1e+100
7 7546.04 30184.2 1e+100
6 7298.68 29194.7 1e+100
1 6688.59 26754.3 1e+100
63
3 223.359 1223.36 1e+100
5 287.944 1151.77 1e+100
4 139.91 559.642 1e+100
9 327.504 1310.02 1e+100
1 672.677 2690.71 1e+100
0 556.263 2225.05 1e+100
6 2658.67 6658.67 1e+100
7 1005.02 1005.02 1e+100
2 70.9149 283.66 1e+100
8 3218.67 3218.67 1e+100
3 1985.51 7942.04 1e+100
5 2015.71 8062.83 1e+100
4 1713.17 10852.7 1e+100
2 2359.04 6359.04 1e+100
9 1761.48 1761.48 1e+100
0 2201.06 2201.06 1e+100
1 2140.73 8562.91 1e+100
3 3157.04 13628.2 1e+100
7 3492.19 14968.8 1e+100
9 3636.05 14544.2 1e+100
4 3440.96 13763.8 1e+100
5 5468.74 21874.9 1e+100
1 3419.2 3419.2 1e+100
6 3610.78 3610.78 1e+100
0 3433.44 13733.7 1e+100
2 3233.64 3233.64 1e+100
8 3767.78 3767.78 1e+100
7 2839.27 3839.27 1e+100
2 2989.09 15956.4 1e+100
3 4062.11 4062.11 1e+100
0 3523.91 18095.6 1e+100
8 5098.8 20395.2 1e+100
0 5605.35 5605.35 1e+100
6 5616.13 5616.13 1e+100
3 1105.78 5423.12 1e+100
7 3778.93 3778.93 1e+100
4 5209.62 5209.62 1e+100
6 1403.98 1403.98 1e+100
1 3249.65 3249.65 1e+100
6 2569.7 6569.7 1e+100
2 4298.02 4298.02 1e+100
1 4872.3 5872.3 1e+100
3 3629.2 15516.8 1e+100
7 7098.71 8098.71 1e+100
4 637.606 6550.42 1e+100
9 5230.83 21923.3 1e+100
9 488.482 1953.93 1e+100
5 5332.2 5332.2 1e+100
8 5960.82 23843.3 1e+100
1 455.157 2820.63 1e+100
3 5745.5 5745.5 1e+100
2 5868.4 23473.6 1e+100
0 5650.3 26601.2 1e+100
4 6325.3 6325.3 1e+100
9 2625.55 10502.2 1e+100
9 6376.38 7376.38 1e+100
2 1371.38 5485.5 1e+100
6 6775.51 27102 1e+100
4 1540.4 10161.6 1e+100
1 5862.93 23451.7 1e+100
5 6434.54 6434.54 1e+100
3 6805.72 6805.72 1e+100
8 7025.45 28101.8 1e+100
66
8 3258.77 3258.77 1e+100
4 238.928 238.928 1e+100
3 184.024 184.024 1e+100
9 243.372 243.372 1e+100
5 458.608 458.608 1e+100
1 627.799 627.799 1e+100
7 2484.55 2484.55 1e+100
2 283.638 1134.55 1e+100
0 583.931 4583.93 1e+100
6 2698.52 2698.52 1e+100
3 1845 2845 1e+100
4 2321.64 9286.54 1e+100
9 1998.55 1998.55 1e+100
5 1830.7 2830.7 1e+100
2 2259.92 13039.7 1e+100
1 2134.06 2134.06 1e+100
0 4011.52 4011.52 1e+100
5 4591.98 19367.9 1e+100
7 3521.69 3521.69 1e+100
2 4516.48 22065.9 1e+100
6 3504.58 3504.58 1e+100
4 3507.39 3507.39 1e+100
9 2739.39 2739.39 1e+100
8 3159.4 3159.4 1e+100
1 3515.92 15063.7 1e+100
7 4994.94 4994.94 1e+100
6 4402.93 8402.93 1e+100
4 5079.56 5079.56 1e+100
8 4041.17 16164.7 1e+100
3 1198.22 5792.89 1e+100
0 4831.48 4831.48 1e+100
2 5356.87 5356.87 1e+100
1 4122.79 5122.79 1e+100
3 3638.08 14552.3 1e+100
9 2678.08 3678.08 1e+100
5 3560.43 15241.7 1e+100
9 4769.73 4769.73 1e+100
3 881.227 3524.91 1e+100
1 4885.48 4885.48 1e+100
8 3770.01 15080 1e+100
7 4182.54 5182.54 1e+100
5 6167.63 6167.63 1e+100
0 6239.12 10239.1 1e+100
4 5938.96 5938.96 1e+100
6 4530.49 4530.49 1e+100
2 5958.6 23834.4 1e+100
8 4646.5 4646.5 1e+100
3 5775.96 23103.9 1e+100
7 5315.66 22262.7 1e+100
9 5431.7 21726.8 1e+100
1 7463.65 7463.65 1e+100
6 6055.44 24221.8 1e+100
8 7676.11 30704.5 1e+100
7 7222.18 7222.18 1e+100
4 7509.34 30037.4 1e+100
9 7454.19 29816.8 1e+100
2 7555.31 7555.31 1e+100
3 6988.1 27952.4 1e+100
6 7902.56 7902.56 1e+100
5 6625.7 27502.8 1e+100
0 8372.34 33489.4 1e+100
3 2492.56 9970.25 1e+100
5 8607.26 34429 1e+100
3 8557.29 8557.29 1e+100
7 8282.39 8282.39 1e+100
6 1358.49 5433.98 1e+100
71
3 223.359 1223.36 1e+100
5 287.944 1151.77 1e+100
4 139.91 559.642 1e+100
9 327.504 1310.02 1e+100
1 672.677 2690.71 1e+100
0 556.263 2225.05 1e+100
6 2658.67 6658.67 1e+100
7 1005.02 1005.02 1e+100
2 70.9149 283.66 1e+100
8 3218.67 3218.67 1e+100
3 1985.51 7942.04 1e+100
5 2015.71 8062.83 1e+100
4 1713.17 10852.7 1e+100
9 1801.32 1801.32 1e+100
2 2322.01 6322.01 1e+100
0 2201.06 2201.06 1e+100
1 2140.73 8562.91 1e+100
7 3395.89 14583.6 1e+100
4 4826.58 19306.3 1e+100
9 3624.88 14499.5 1e+100
3 3084.42 13337.7 1e+100
5 5468.74 21874.9 1e+100
6 3573.83 7573.83 1e+100
1 3190.74 4190.74 1e+100
0 3433.44 13733.7 1e+100
2 3239.61 3239.61 1e+100
8 3691.82 7691.82 1e+100
7 3639.27 15557.1 1e+100
6 4542.88 8542.88 1e+100
3 3984.01 4984.01 1e+100
7 5486.69 6486.69 1e+100
1 4151.25 16605 1e+100
4 5456.49 21826 1e+100
0 7581.04 30324.1 1e+100
6 7625.47 7625.47 1e+100
9 9195.83 9195.83 1e+100
0 4292.63 4292.63 1e+100
2 8602.68 8602.68 1e+100
4 9800.03 9800.03 1e+100
8 10367.5 10367.5 1e+100
5 7818.03 7818.03 1e+100
6 9154.4 9154.4 1e+100
1 7070.86 8070.86 1e+100
7 8242.68 8242.68 1e+100
1 9307.1 9307.1 1e+100
3 8185.55 33742.2 1e+100
9 1800.71 7202.83 1e+100
4 5246.49 20985.9 1e+100
5 10559.8 11559.8 1e+100
0 6947.16 27788.6 1e+100
9 9684.37 9684.37 1e+100
2 1444.67 5778.67 1e+100
2 9058.79 9058.79 1e+100
2 4584.75 18339 1e+100
0 9255.39 9255.39 1e+100
7 10325.2 11325.2 1e+100
8 1781.15 7124.6 1e+100
8 4833.99 19335.9 1e+100
3 10357.4 11357.4 1e+100
1 3716.21 14864.9 1e+100
4 9601.51 9601.51 1e+100
6 2582.57 14330.3 1e+100
6 10612.7 10612.7 1e+100
3 1418.86 5675.43 1e+100
1 9055.48 9055.48 1e+100
2 9930.09 9930.09 1e+100
0 9725.95 9725.95 1e+100
2 1644.56 6578.22 1e+100
9 2822.29 11289.2 1e+100
7 3330.75 14323 1e+100
3 3233.8 12935.2 1e+100
64
8 3258.77 3258.77 1e+100
4 238.928 238.928 1e+100
3 184.024 184.024 1e+100
9 243.372 243.372 1e+100
5 458.608 458.608 1e+100
1 627.799 627.799 1e+100
7 2484.55 2484.55 1e+100
2 283.638 1134.55 1e+100
0 583.931 4583.93 1e+100
6 2698.52 2698.52 1e+100
4 3795.1 3795.1 1e+100
0 4568.05 18272.2 1e+100
5 3152.1 3152.1 1e+100
4 1634.4 1634.4 1e+100
3 4441.59 17766.3 1e+100
9 5428.91 5428.91 1e+100
8 6399.96 6399.96 1e+100
2 4763.35 19053.4 1e+100
5 4418.68 4418.68 1e+100
7 4936.96 19747.9 1e+100
4 5051.04 5051.04 1e+100
1 6525.5 7525.5 1e+100
3 778.558 778.558 1e+100
5 416.127 1416.13 1e+100
3 5435.05 5435.05 1e+100
0 1180.48 4721.93 1e+100
0 6127.27 10127.3 1e+100
5 5728.08 6728.08 1e+100
9 723.479 1723.48 1e+100
2 757.106 7028.42 1e+100
1 2054.36 9217.44 1e+100
6 4991.23 19964.9 1e+100
2 7031.84 7031.84 1e+100
7 5263.99 5263.99 1e+100
6 1702.82 1702.82 1e+100
4 4640.31 4640.31 1e+100
9 5324.86 6324.86 1e+100
7 557.702 2230.81 1e+100
3 4881.49 5881.49 1e+100
8 5960.47 23841.9 1e+100
6 4659.97 8659.97 1e+100
5 4636.37 18545.5 1e+100
1 4822.22 4822.22 1e+100
4 5033.36 20133.4 1e+100
0 4735.57 18942.3 1e+100
6 6115.09 6115.09 1e+100
7 5803.74 24215 1e+100
8 8650.28 8650.28 1e+100
4 6885.44 6885.44 1e+100
2 6525.95 26103.8 1e+100
0 6385.52 25542.1 1e+100
1 7386.37 8386.37 1e+100
7 7314.25 29257 1e+100
3 8566.46 9566.46 1e+100
5 7658.08 30632.3 1e+100
6 7058.65 7058.65 1e+100
5 4971.1 19884.4 1e+100
9 7896.67 7896.67 1e+100
4 8353.45 8353.45 1e+100
2 8514.53 8514.53 1e+100
0 7091.84 28367.4 1e+100
9 4658.13 18632.5 1e+100
3 4232.85 17931.4 1e+100
7 8142.96 32571.8 1e+100
78
9 303.073 303.073 1e+100
1 654.977 3619.91 1e+100
2 153.595 153.595 1e+100
6 396.645 396.645 1e+100
3 279.391 279.391 1e+100
5 360.301 1360.3 1e+100
0 704.735 4704.74 1e+100
8 711.322 711.322 1e+100
3 2292.08 2292.08 1e+100
9 2015.45 2015.45 1e+100
4 313.068 5252.27 1e+100
8 4421.93 8421.93 1e+100
2 2588.65 2588.65 1e+100
6 5954.5 9954.5 1e+100
6 2029.4 2029.4 1e+100
0 2507.1 6507.1 1e+100
3 4132.68 4132.68 1e+100
4 2103.39 8413.56 1e+100
4 3926.67 15706.7 1e+100
9 3059.92 3059.92 1e+100
5 2038.5 3038.5 1e+100
1 1735.05 1735.05 1e+100
6 8117.61 8117.61 1e+100
0 3806.38 3806.38 1e+100
2 3595.72 14382.9 1e+100
9 4101.32 16405.3 1e+100
8 7091.35 28365.4 1e+100
1 4144.64 4144.64 1e+100
5 7879.49 7879.49 1e+100
5 5313.37 6313.37 1e+100
0 7518.37 7518.37 1e+100
4 6659.49 6659.49 1e+100
9 7816.08 8816.08 1e+100
9 4767.35 5767.35 1e+100
3 6173.56 7173.56 1e+100
1 7641.19 8641.19 1e+100
5 1813.58 8254.34 1e+100
8 7531.74 11531.7 1e+100
4 8904.55 35618.2 1e+100
3 7192.51 8192.51 1e+100
7 8931.45 9931.45 1e+100
2 7243.92 11243.9 1e+100
6 8763.66 8763.66 1e+100
0 6916.06 6916.06 1e+100
5 7369.19 7369.19 1e+100
9 10252.4 10252.4 1e+100
1 8095.99 33384 1e+100
3 8311.41 33245.6 1e+100
8 9089.45 36357.8 1e+100
0 8540.22 8540.22 1e+100
2 9746.86 38987.4 1e+100
5 10022.6 10022.6 1e+100
4 10439.1 10439.1 1e+100
3 9189.07 9189.07 1e+100
1 10522.7 10522.7 1e+100
6 10096.9 10096.9 1e+100
7 11461.6 12461.6 1e+100
0 9351.58 37406.3 1e+100
8 12252.2 12252.2 1e+100
9 10636.6 42546.3 1e+100
2 1004.96 4019.84 1e+100
3 10431.8 41727 1e+100
5 10992.4 10992.4 1e+100
8 518.92 2075.68 1e+100
3 692.451 3769.8 1e+100
4 809.209 4809.21 1e+100
6 11667.3 46669.1 1e+100
2 2624.82 14499.3 1e+100
4 11574 11574 1e+100
7 2504.38 10017.5 1e+100
3 11979.9 12979.9 1e+100
0 454.063 1816.25 1e+100
2 11391.4 45565.7 1e+100
1 11067.3 44269.3 1e+100
1 1030.53 4122.11 1e+100
7 12093.1 12093.1 1e+100
9 11190.5 11190.5 1e+100
0 10692.8 42771 1e+100
