34 4 2 2 2 
0 0 0 0 0.230769
0 0 0 1 0.271633
0 0 0 2 0.123268
0 0 1 0 0.271633
0 0 1 1 0.119029
0 0 1 2 0.0637597
0 0 2 0 0.123268
0 0 2 1 0.0637597
0 0 2 2 0.0392266
0 0 0 0 0.230769
0 0 0 1 0.271633
0 0 0 2 0.123268
0 0 1 0 0.271633
0 0 1 1 0.119029
0 0 1 2 0.0637597
0 0 2 0 0.123268
0 0 2 1 0.0637597
0 0 2 2 0.0392266
0 0 0 0 0.230769
0 0 0 1 0.271633
0 0 0 2 0.123268
0 0 1 0 0.271633
0 0 1 1 0.119029
0 0 1 2 0.0637597
0 0 2 0 0.123268
0 0 2 1 0.0637597
0 0 2 2 0.0392266
0 1 0 0 0.0961538
0 1 0 1 0.113181
0 1 0 2 0.0504277
0 1 1 0 0.113181
0 1 1 1 0.0486348
0 1 1 2 0.0262357
0 1 2 0 0.0504277
0 1 2 1 0.0262357
0 1 2 2 0.0162011
0 1 0 0 0.0961538
0 1 0 1 0.113181
0 1 0 2 0.0504277
0 1 1 0 0.113181
0 1 1 1 0.0486348
0 1 1 2 0.0262357
0 1 2 0 0.0504277
0 1 2 1 0.0262357
0 1 2 2 0.0162011
0 1 0 0 0.0961538
0 1 0 1 0.113181
0 1 0 2 0.0504277
0 1 1 0 0.113181
0 1 1 1 0.0486348
0 1 1 2 0.0262357
0 1 2 0 0.0504277
0 1 2 1 0.0262357
0 1 2 2 0.0162011
0 2 0 0 0.0384615
0 2 0 1 0.0452722
0 2 0 2 0.0190502
0 2 1 0 0.0452722
0 2 1 1 0.018301
0 2 1 2 0.0101197
0 2 2 0 0.0190502
0 2 2 1 0.0101197
0 2 2 2 0.00631461
0 2 0 0 0.0384615
0 2 0 1 0.0452722
0 2 0 2 0.0190502
0 2 1 0 0.0452722
0 2 1 1 0.018301
0 2 1 2 0.0101197
0 2 2 0 0.0190502
0 2 2 1 0.0101197
0 2 2 2 0.00631461
0 2 0 0 0.0384615
0 2 0 1 0.0452722
0 2 0 2 0.0190502
0 2 1 0 0.0452722
0 2 1 1 0.018301
0 2 1 2 0.0101197
0 2 2 0 0.0190502
0 2 2 1 0.0101197
0 2 2 2 0.00631461
0 3 0 0 0.182692
0 3 0 1 0.215043
0 3 0 2 0.0958127
0 3 1 0 0.215043
0 3 1 1 0.0924061
0 3 1 2 0.0498479
0 3 2 0 0.0958127
0 3 2 1 0.0498479
0 3 2 2 0.0307822
0 3 0 0 0.182692
0 3 0 1 0.215043
0 3 0 2 0.0958127
0 3 1 0 0.215043
0 3 1 1 0.0924061
0 3 1 2 0.0498479
0 3 2 0 0.0958127
0 3 2 1 0.0498479
0 3 2 2 0.0307822
0 3 0 0 0.182692
0 3 0 1 0.215043
0 3 0 2 0.0958127
0 3 1 0 0.215043
0 3 1 1 0.0924061
0 3 1 2 0.0498479
0 3 2 0 0.0958127
0 3 2 1 0.0498479
0 3 2 2 0.0307822
1 0 0 0 0.567308
1 0 0 1 0.708945
1 0 0 2 0.366826
1 0 1 0 0.708945
1 0 1 1 0.357051
1 0 1 2 0.184341
1 0 2 0 0.366826
1 0 2 1 0.184341
1 0 2 2 0.109916
1 0 0 0 0.567308
1 0 0 1 0.708945
1 0 0 2 0.366826
1 0 1 0 0.708945
1 0 1 1 0.357051
1 0 1 2 0.184341
1 0 2 0 0.366826
1 0 2 1 0.184341
1 0 2 2 0.109916
1 0 0 0 0.567308
1 0 0 1 0.708945
1 0 0 2 0.366826
1 0 1 0 0.708945
1 0 1 1 0.357051
1 0 1 2 0.184341
1 0 2 0 0.366826
1 0 2 1 0.184341
1 0 2 2 0.109916
1 1 0 0 0.519231
1 1 0 1 0.648865
1 1 0 2 0.338582
1 1 1 0 0.648865
1 1 1 1 0.329717
1 1 1 2 0.169966
1 1 2 0 0.338582
1 1 2 1 0.169966
1 1 2 2 0.101117
1 1 0 0 0.519231
1 1 0 1 0.648865
1 1 0 2 0.338582
1 1 1 0 0.648865
1 1 1 1 0.329717
1 1 1 2 0.169966
1 1 2 0 0.338582
1 1 2 1 0.169966
1 1 2 2 0.101117
1 1 0 0 0.519231
1 1 0 1 0.648865
1 1 0 2 0.338582
1 1 1 0 0.648865
1 1 1 1 0.329717
1 1 1 2 0.169966
1 1 2 0 0.338582
1 1 2 1 0.169966
1 1 2 2 0.101117
1 2 0 0 0.423077
1 2 0 1 0.528704
1 2 0 2 0.259668
1 2 1 0 0.528704
1 2 1 1 0.251982
1 2 1 2 0.131636
1 2 2 0 0.259668
1 2 2 1 0.131636
1 2 2 2 0.0795441
1 2 0 0 0.423077
1 2 0 1 0.528704
1 2 0 2 0.259668
1 2 1 0 0.528704
1 2 1 1 0.251982
1 2 1 2 0.131636
1 2 2 0 0.259668
1 2 2 1 0.131636
1 2 2 2 0.0795441
1 2 0 0 0.423077
1 2 0 1 0.528704
1 2 0 2 0.259668
1 2 1 0 0.528704
1 2 1 1 0.251982
1 2 1 2 0.131636
1 2 2 0 0.259668
1 2 2 1 0.131636
1 2 2 2 0.0795441
1 3 0 0 0.403846
1 3 0 1 0.504672
1 3 0 2 0.256709
1 3 1 0 0.504672
1 3 1 1 0.249624
1 3 1 2 0.129322
1 3 2 0 0.256709
1 3 2 1 0.129322
1 3 2 2 0.0774563
1 3 0 0 0.403846
1 3 0 1 0.504672
1 3 0 2 0.256709
1 3 1 0 0.504672
1 3 1 1 0.249624
1 3 1 2 0.129322
1 3 2 0 0.256709
1 3 2 1 0.129322
1 3 2 2 0.0774563
1 3 0 0 0.403846
1 3 0 1 0.504672
1 3 0 2 0.256709
1 3 1 0 0.504672
1 3 1 1 0.249624
1 3 1 2 0.129322
1 3 2 0 0.256709
1 3 2 1 0.129322
1 3 2 2 0.0774563
2 0 0 0 1.30769
2 0 0 1 2.4385
2 0 0 2 1.98842
2 0 1 0 2.4385
2 0 1 1 1.97556
2 0 1 2 1.08172
2 0 2 0 1.98842
2 0 2 1 1.08172
2 0 2 2 0.574956
2 0 0 0 1.30769
2 0 0 1 2.4385
2 0 0 2 1.98842
2 0 1 0 2.4385
2 0 1 1 1.97556
2 0 1 2 1.08172
2 0 2 0 1.98842
2 0 2 1 1.08172
2 0 2 2 0.574956
2 0 0 0 1.30769
2 0 0 1 2.4385
2 0 0 2 1.98842
2 0 1 0 2.4385
2 0 1 1 1.97556
2 0 1 2 1.08172
2 0 2 0 1.98842
2 0 2 1 1.08172
2 0 2 2 0.574956
2 1 0 0 1.55769
2 1 0 1 2.90469
2 1 0 2 2.74832
2 1 1 0 2.90469
2 1 1 1 2.74385
2 1 1 2 1.62082
2 1 2 0 2.74832
2 1 2 1 1.62082
2 1 2 2 0.855458
2 1 0 0 1.55769
2 1 0 1 2.90469
2 1 0 2 2.74832
2 1 1 0 2.90469
2 1 1 1 2.74385
2 1 1 2 1.62082
2 1 2 0 2.74832
2 1 2 1 1.62082
2 1 2 2 0.855458
2 1 0 0 1.55769
2 1 0 1 2.90469
2 1 0 2 2.74832
2 1 1 0 2.90469
2 1 1 1 2.74385
2 1 1 2 1.62082
2 1 2 0 2.74832
2 1 2 1 1.62082
2 1 2 2 0.855458
2 2 0 0 1.40385
2 2 0 1 2.6178
2 2 0 2 2.30575
2 2 1 0 2.6178
2 2 1 1 2.29684
2 2 1 2 1.30424
2 2 2 0 2.30575
2 2 2 1 1.30424
2 2 2 2 0.688388
2 2 0 0 1.40385
2 2 0 1 2.6178
2 2 0 2 2.30575
2 2 1 0 2.6178
2 2 1 1 2.29684
2 2 1 2 1.30424
2 2 2 0 2.30575
2 2 2 1 1.30424
2 2 2 2 0.688388
2 2 0 0 1.40385
2 2 0 1 2.6178
2 2 0 2 2.30575
2 2 1 0 2.6178
2 2 1 1 2.29684
2 2 1 2 1.30424
2 2 2 0 2.30575
2 2 2 1 1.30424
2 2 2 2 0.688388
2 3 0 0 1.58654
2 3 0 1 2.95848
2 3 0 2 2.50912
2 3 1 0 2.95848
2 3 1 1 2.49628
2 3 1 2 1.39127
2 3 2 0 2.50912
2 3 2 1 1.39127
2 3 2 2 0.736232
2 3 0 0 1.58654
2 3 0 1 2.95848
2 3 0 2 2.50912
2 3 1 0 2.95848
2 3 1 1 2.49628
2 3 1 2 1.39127
2 3 2 0 2.50912
2 3 2 1 1.39127
2 3 2 2 0.736232
2 3 0 0 1.58654
2 3 0 1 2.95848
2 3 0 2 2.50912
2 3 1 0 2.95848
2 3 1 1 2.49628
2 3 1 2 1.39127
2 3 2 0 2.50912
2 3 2 1 1.39127
2 3 2 2 0.736232
3 0 0 0 0.461538
3 0 0 1 0.693129
3 0 0 2 0.365435
3 0 1 0 0.693129
3 0 1 1 0.356072
3 0 1 2 0.18323
3 0 2 0 0.365435
3 0 2 1 0.18323
3 0 2 2 0.108705
3 0 0 0 0.461538
3 0 0 1 0.693129
3 0 0 2 0.365435
3 0 1 0 0.693129
3 0 1 1 0.356072
3 0 1 2 0.18323
3 0 2 0 0.365435
3 0 2 1 0.18323
3 0 2 2 0.108705
3 0 0 0 0.461538
3 0 0 1 0.693129
3 0 0 2 0.365435
3 0 1 0 0.693129
3 0 1 1 0.356072
3 0 1 2 0.18323
3 0 2 0 0.365435
3 0 2 1 0.18323
3 0 2 2 0.108705
3 1 0 0 0.432692
3 1 0 1 0.649809
3 1 0 2 0.342595
3 1 1 0 0.649809
3 1 1 1 0.333817
3 1 1 2 0.171779
3 1 2 0 0.342595
3 1 2 1 0.171779
3 1 2 2 0.101911
3 1 0 0 0.432692
3 1 0 1 0.649809
3 1 0 2 0.342595
3 1 1 0 0.649809
3 1 1 1 0.333817
3 1 1 2 0.171779
3 1 2 0 0.342595
3 1 2 1 0.171779
3 1 2 2 0.101911
3 1 0 0 0.432692
3 1 0 1 0.649809
3 1 0 2 0.342595
3 1 1 0 0.649809
3 1 1 1 0.333817
3 1 1 2 0.171779
3 1 2 0 0.342595
3 1 2 1 0.171779
3 1 2 2 0.101911
3 2 0 0 0.711538
3 2 0 1 1.06857
3 2 0 2 0.608384
3 2 1 0 1.06857
3 2 1 1 0.595235
3 2 1 2 0.303781
3 2 2 0 0.608384
3 2 2 1 0.303781
3 2 2 2 0.176373
3 2 0 0 0.711538
3 2 0 1 1.06857
3 2 0 2 0.608384
3 2 1 0 1.06857
3 2 1 1 0.595235
3 2 1 2 0.303781
3 2 2 0 0.608384
3 2 2 1 0.303781
3 2 2 2 0.176373
3 2 0 0 0.711538
3 2 0 1 1.06857
3 2 0 2 0.608384
3 2 1 0 1.06857
3 2 1 1 0.595235
3 2 1 2 0.303781
3 2 2 0 0.608384
3 2 2 1 0.303781
3 2 2 2 0.176373
3 3 0 0 0.5
3 3 0 1 0.75089
3 3 0 2 0.387981
3 3 1 0 0.75089
3 3 1 1 0.377612
3 3 1 2 0.195009
3 3 2 0 0.387981
3 3 2 1 0.195009
3 3 2 2 0.116321
3 3 0 0 0.5
3 3 0 1 0.75089
3 3 0 2 0.387981
3 3 1 0 0.75089
3 3 1 1 0.377612
3 3 1 2 0.195009
3 3 2 0 0.387981
3 3 2 1 0.195009
3 3 2 2 0.116321
3 3 0 0 0.5
3 3 0 1 0.75089
3 3 0 2 0.387981
3 3 1 0 0.75089
3 3 1 1 0.377612
3 3 1 2 0.195009
3 3 2 0 0.387981
3 3 2 1 0.195009
3 3 2 2 0.116321
4 0 0 0 0.0865385
4 0 0 1 0.123826
4 0 0 2 0.0534575
4 0 1 0 0.123826
4 0 1 1 0.0514469
4 0 1 2 0.0281194
4 0 2 0 0.0534575
4 0 2 1 0.0281194
4 0 2 2 0.0174685
4 0 0 0 0.0865385
4 0 0 1 0.123826
4 0 0 2 0.0534575
4 0 1 0 0.123826
4 0 1 1 0.0514469
4 0 1 2 0.0281194
4 0 2 0 0.0534575
4 0 2 1 0.0281194
4 0 2 2 0.0174685
4 0 0 0 0.0865385
4 0 0 1 0.123826
4 0 0 2 0.0534575
4 0 1 0 0.123826
4 0 1 1 0.0514469
4 0 1 2 0.0281194
4 0 2 0 0.0534575
4 0 2 1 0.0281194
4 0 2 2 0.0174685
4 1 0 0 0.173077
4 1 0 1 0.247652
4 1 0 2 0.110642
4 1 1 0 0.247652
4 1 1 1 0.106727
4 1 1 2 0.0575117
4 1 2 0 0.110642
4 1 2 1 0.0575117
4 1 2 2 0.0354956
4 1 0 0 0.173077
4 1 0 1 0.247652
4 1 0 2 0.110642
4 1 1 0 0.247652
4 1 1 1 0.106727
4 1 1 2 0.0575117
4 1 2 0 0.110642
4 1 2 1 0.0575117
4 1 2 2 0.0354956
4 1 0 0 0.173077
4 1 0 1 0.247652
4 1 0 2 0.110642
4 1 1 0 0.247652
4 1 1 1 0.106727
4 1 1 2 0.0575117
4 1 2 0 0.110642
4 1 2 1 0.0575117
4 1 2 2 0.0354956
4 2 0 0 0.288462
4 2 0 1 0.412753
4 2 0 2 0.196825
4 2 1 0 0.412753
4 2 1 1 0.190656
4 2 1 2 0.100435
4 2 2 0 0.196825
4 2 2 1 0.100435
4 2 2 2 0.0611193
4 2 0 0 0.288462
4 2 0 1 0.412753
4 2 0 2 0.196825
4 2 1 0 0.412753
4 2 1 1 0.190656
4 2 1 2 0.100435
4 2 2 0 0.196825
4 2 2 1 0.100435
4 2 2 2 0.0611193
4 2 0 0 0.288462
4 2 0 1 0.412753
4 2 0 2 0.196825
4 2 1 0 0.412753
4 2 1 1 0.190656
4 2 1 2 0.100435
4 2 2 0 0.196825
4 2 2 1 0.100435
4 2 2 2 0.0611193
4 3 0 0 0.201923
4 3 0 1 0.288927
4 3 0 2 0.13343
4 3 1 0 0.288927
4 3 1 1 0.128987
4 3 1 2 0.0686611
4 3 2 0 0.13343
4 3 2 1 0.0686611
4 3 2 2 0.0420856
4 3 0 0 0.201923
4 3 0 1 0.288927
4 3 0 2 0.13343
4 3 1 0 0.288927
4 3 1 1 0.128987
4 3 1 2 0.0686611
4 3 2 0 0.13343
4 3 2 1 0.0686611
4 3 2 2 0.0420856
4 3 0 0 0.201923
4 3 0 1 0.288927
4 3 0 2 0.13343
4 3 1 0 0.288927
4 3 1 1 0.128987
4 3 1 2 0.0686611
4 3 2 0 0.13343
4 3 2 1 0.0686611
4 3 2 2 0.0420856
5 0 0 0 0.807692
5 0 0 1 1.11882
5 0 0 2 0.645463
5 0 1 0 1.11882
5 0 1 1 0.631939
5 0 1 2 0.32233
5 0 2 0 0.645463
5 0 2 1 0.32233
5 0 2 2 0.186429
5 0 0 0 0.807692
5 0 0 1 1.11882
5 0 0 2 0.645463
5 0 1 0 1.11882
5 0 1 1 0.631939
5 0 1 2 0.32233
5 0 2 0 0.645463
5 0 2 1 0.32233
5 0 2 2 0.186429
5 0 0 0 0.807692
5 0 0 1 1.11882
5 0 0 2 0.645463
5 0 1 0 1.11882
5 0 1 1 0.631939
5 0 1 2 0.32233
5 0 2 0 0.645463
5 0 2 1 0.32233
5 0 2 2 0.186429
5 1 0 0 0.528846
5 1 0 1 0.732561
5 1 0 2 0.394166
5 1 1 0 0.732561
5 1 1 1 0.384498
5 1 1 2 0.197263
5 1 2 0 0.394166
5 1 2 1 0.197263
5 1 2 2 0.116378
5 1 0 0 0.528846
5 1 0 1 0.732561
5 1 0 2 0.394166
5 1 1 0 0.732561
5 1 1 1 0.384498
5 1 1 2 0.197263
5 1 2 0 0.394166
5 1 2 1 0.197263
5 1 2 2 0.116378
5 1 0 0 0.528846
5 1 0 1 0.732561
5 1 0 2 0.394166
5 1 1 0 0.732561
5 1 1 1 0.384498
5 1 1 2 0.197263
5 1 2 0 0.394166
5 1 2 1 0.197263
5 1 2 2 0.116378
5 2 0 0 0.567308
5 2 0 1 0.785838
5 2 0 2 0.415201
5 2 1 0 0.785838
5 2 1 1 0.404611
5 2 1 2 0.208137
5 2 2 0 0.415201
5 2 2 1 0.208137
5 2 2 2 0.123409
5 2 0 0 0.567308
5 2 0 1 0.785838
5 2 0 2 0.415201
5 2 1 0 0.785838
5 2 1 1 0.404611
5 2 1 2 0.208137
5 2 2 0 0.415201
5 2 2 1 0.208137
5 2 2 2 0.123409
5 2 0 0 0.567308
5 2 0 1 0.785838
5 2 0 2 0.415201
5 2 1 0 0.785838
5 2 1 1 0.404611
5 2 1 2 0.208137
5 2 2 0 0.415201
5 2 2 1 0.208137
5 2 2 2 0.123409
5 3 0 0 0.615385
5 3 0 1 0.852434
5 3 0 2 0.471085
5 3 1 0 0.852434
5 3 1 1 0.460189
5 3 1 2 0.235377
5 3 2 0 0.471085
5 3 2 1 0.235377
5 3 2 2 0.137827
5 3 0 0 0.615385
5 3 0 1 0.852434
5 3 0 2 0.471085
5 3 1 0 0.852434
5 3 1 1 0.460189
5 3 1 2 0.235377
5 3 2 0 0.471085
5 3 2 1 0.235377
5 3 2 2 0.137827
5 3 0 0 0.615385
5 3 0 1 0.852434
5 3 0 2 0.471085
5 3 1 0 0.852434
5 3 1 1 0.460189
5 3 1 2 0.235377
5 3 2 0 0.471085
5 3 2 1 0.235377
5 3 2 2 0.137827
6 0 0 0 0.413462
6 0 0 1 0.28606
6 0 0 2 0.134455
6 0 1 0 0.28606
6 0 1 1 0.130124
6 0 1 2 0.0688581
6 0 2 0 0.134455
6 0 2 1 0.0688581
6 0 2 2 0.0420421
6 0 0 0 0.413462
6 0 0 1 0.28606
6 0 0 2 0.134455
6 0 1 0 0.28606
6 0 1 1 0.130124
6 0 1 2 0.0688581
6 0 2 0 0.134455
6 0 2 1 0.0688581
6 0 2 2 0.0420421
6 0 0 0 0.413462
6 0 0 1 0.28606
6 0 0 2 0.134455
6 0 1 0 0.28606
6 0 1 1 0.130124
6 0 1 2 0.0688581
6 0 2 0 0.134455
6 0 2 1 0.0688581
6 0 2 2 0.0420421
6 1 0 0 0.490385
6 1 0 1 0.33928
6 1 0 2 0.156179
6 1 1 0 0.33928
6 1 1 1 0.150947
6 1 1 2 0.0804415
6 1 2 0 0.156179
6 1 2 1 0.0804415
6 1 2 2 0.0493407
6 1 0 0 0.490385
6 1 0 1 0.33928
6 1 0 2 0.156179
6 1 1 0 0.33928
6 1 1 1 0.150947
6 1 1 2 0.0804415
6 1 2 0 0.156179
6 1 2 1 0.0804415
6 1 2 2 0.0493407
6 1 0 0 0.490385
6 1 0 1 0.33928
6 1 0 2 0.156179
6 1 1 0 0.33928
6 1 1 1 0.150947
6 1 1 2 0.0804415
6 1 2 0 0.156179
6 1 2 1 0.0804415
6 1 2 2 0.0493407
6 2 0 0 0.5
6 2 0 1 0.345933
6 2 0 2 0.162597
6 2 1 0 0.345933
6 2 1 1 0.157359
6 2 1 2 0.0832702
6 2 2 0 0.162597
6 2 2 1 0.0832702
6 2 2 2 0.0508416
6 2 0 0 0.5
6 2 0 1 0.345933
6 2 0 2 0.162597
6 2 1 0 0.345933
6 2 1 1 0.157359
6 2 1 2 0.0832702
6 2 2 0 0.162597
6 2 2 1 0.0832702
6 2 2 2 0.0508416
6 2 0 0 0.5
6 2 0 1 0.345933
6 2 0 2 0.162597
6 2 1 0 0.345933
6 2 1 1 0.157359
6 2 1 2 0.0832702
6 2 2 0 0.162597
6 2 2 1 0.0832702
6 2 2 2 0.0508416
6 3 0 0 0.346154
6 3 0 1 0.239492
6 3 0 2 0.110244
6 3 1 0 0.239492
6 3 1 1 0.106551
6 3 1 2 0.0567822
6 3 2 0 0.110244
6 3 2 1 0.0567822
6 3 2 2 0.0348287
6 3 0 0 0.346154
6 3 0 1 0.239492
6 3 0 2 0.110244
6 3 1 0 0.239492
6 3 1 1 0.106551
6 3 1 2 0.0567822
6 3 2 0 0.110244
6 3 2 1 0.0567822
6 3 2 2 0.0348287
6 3 0 0 0.346154
6 3 0 1 0.239492
6 3 0 2 0.110244
6 3 1 0 0.239492
6 3 1 1 0.106551
6 3 1 2 0.0567822
6 3 2 0 0.110244
6 3 2 1 0.0567822
6 3 2 2 0.0348287
7 0 0 0 2.25
7 0 0 1 2.62367
7 0 0 2 2.12281
7 0 1 0 2.62367
7 0 1 1 2.1085
7 0 1 2 1.15071
7 0 2 0 2.12281
7 0 2 1 1.15071
7 0 2 2 0.612277
7 0 0 0 2.25
7 0 0 1 2.62367
7 0 0 2 2.12281
7 0 1 0 2.62367
7 0 1 1 2.1085
7 0 1 2 1.15071
7 0 2 0 2.12281
7 0 2 1 1.15071
7 0 2 2 0.612277
7 0 0 0 2.25
7 0 0 1 2.62367
7 0 0 2 2.12281
7 0 1 0 2.62367
7 0 1 1 2.1085
7 0 1 2 1.15071
7 0 2 0 2.12281
7 0 2 1 1.15071
7 0 2 2 0.612277
7 1 0 0 1.67308
7 1 0 1 1.95094
7 1 0 2 1.41102
7 1 1 0 1.95094
7 1 1 1 1.39559
7 1 1 2 0.732301
7 1 2 0 1.41102
7 1 2 1 0.732301
7 1 2 2 0.398042
7 1 0 0 1.67308
7 1 0 1 1.95094
7 1 0 2 1.41102
7 1 1 0 1.95094
7 1 1 1 1.39559
7 1 1 2 0.732301
7 1 2 0 1.41102
7 1 2 1 0.732301
7 1 2 2 0.398042
7 1 0 0 1.67308
7 1 0 1 1.95094
7 1 0 2 1.41102
7 1 1 0 1.95094
7 1 1 1 1.39559
7 1 1 2 0.732301
7 1 2 0 1.41102
7 1 2 1 0.732301
7 1 2 2 0.398042
7 2 0 0 2.36538
7 2 0 1 2.75822
7 2 0 2 2.36697
7 2 1 0 2.75822
7 2 1 1 2.35579
7 2 1 2 1.3204
7 2 2 0 2.36697
7 2 2 1 1.3204
7 2 2 2 0.698038
7 2 0 0 2.36538
7 2 0 1 2.75822
7 2 0 2 2.36697
7 2 1 0 2.75822
7 2 1 1 2.35579
7 2 1 2 1.3204
7 2 2 0 2.36697
7 2 2 1 1.3204
7 2 2 2 0.698038
7 2 0 0 2.36538
7 2 0 1 2.75822
7 2 0 2 2.36697
7 2 1 0 2.75822
7 2 1 1 2.35579
7 2 1 2 1.3204
7 2 2 0 2.36697
7 2 2 1 1.3204
7 2 2 2 0.698038
7 3 0 0 1.83654
7 3 0 1 2.14155
7 3 0 2 1.56639
7 3 1 0 2.14155
7 3 1 1 1.54995
7 3 1 2 0.815922
7 3 2 0 1.56639
7 3 2 1 0.815922
7 3 2 2 0.442356
7 3 0 0 1.83654
7 3 0 1 2.14155
7 3 0 2 1.56639
7 3 1 0 2.14155
7 3 1 1 1.54995
7 3 1 2 0.815922
7 3 2 0 1.56639
7 3 2 1 0.815922
7 3 2 2 0.442356
7 3 0 0 1.83654
7 3 0 1 2.14155
7 3 0 2 1.56639
7 3 1 0 2.14155
7 3 1 1 1.54995
7 3 1 2 0.815922
7 3 2 0 1.56639
7 3 2 1 0.815922
7 3 2 2 0.442356
8 0 0 0 1.56731
8 0 0 1 1.7957
8 0 0 2 1.29634
8 0 1 0 1.7957
8 0 1 1 1.28208
8 0 1 2 0.672389
8 0 2 0 1.29634
8 0 2 1 0.672389
8 0 2 2 0.365635
8 0 0 0 1.56731
8 0 0 1 1.7957
8 0 0 2 1.29634
8 0 1 0 1.7957
8 0 1 1 1.28208
8 0 1 2 0.672389
8 0 2 0 1.29634
8 0 2 1 0.672389
8 0 2 2 0.365635
8 0 0 0 1.56731
8 0 0 1 1.7957
8 0 0 2 1.29634
8 0 1 0 1.7957
8 0 1 1 1.28208
8 0 1 2 0.672389
8 0 2 0 1.29634
8 0 2 1 0.672389
8 0 2 2 0.365635
8 1 0 0 1.39423
8 1 0 1 1.5974
8 1 0 2 1.01845
8 1 1 0 1.5974
8 1 1 1 1.00191
8 1 1 2 0.512969
8 1 2 0 1.01845
8 1 2 1 0.512969
8 1 2 2 0.288223
8 1 0 0 1.39423
8 1 0 1 1.5974
8 1 0 2 1.01845
8 1 1 0 1.5974
8 1 1 1 1.00191
8 1 1 2 0.512969
8 1 2 0 1.01845
8 1 2 1 0.512969
8 1 2 2 0.288223
8 1 0 0 1.39423
8 1 0 1 1.5974
8 1 0 2 1.01845
8 1 1 0 1.5974
8 1 1 1 1.00191
8 1 1 2 0.512969
8 1 2 0 1.01845
8 1 2 1 0.512969
8 1 2 2 0.288223
8 2 0 0 1.56731
8 2 0 1 1.7957
8 2 0 2 1.16652
8 2 1 0 1.7957
8 2 1 1 1.14854
8 2 1 2 0.58938
8 2 2 0 1.16652
8 2 2 1 0.58938
8 2 2 2 0.32941
8 2 0 0 1.56731
8 2 0 1 1.7957
8 2 0 2 1.16652
8 2 1 0 1.7957
8 2 1 1 1.14854
8 2 1 2 0.58938
8 2 2 0 1.16652
8 2 2 1 0.58938
8 2 2 2 0.32941
8 2 0 0 1.56731
8 2 0 1 1.7957
8 2 0 2 1.16652
8 2 1 0 1.7957
8 2 1 1 1.14854
8 2 1 2 0.58938
8 2 2 0 1.16652
8 2 2 1 0.58938
8 2 2 2 0.32941
8 3 0 0 1.51923
8 3 0 1 1.74061
8 3 0 2 1.17968
8 3 1 0 1.74061
8 3 1 1 1.16365
8 3 1 2 0.601286
8 3 2 0 1.17968
8 3 2 1 0.601286
8 3 2 2 0.332192
8 3 0 0 1.51923
8 3 0 1 1.74061
8 3 0 2 1.17968
8 3 1 0 1.74061
8 3 1 1 1.16365
8 3 1 2 0.601286
8 3 2 0 1.17968
8 3 2 1 0.601286
8 3 2 2 0.332192
8 3 0 0 1.51923
8 3 0 1 1.74061
8 3 0 2 1.17968
8 3 1 0 1.74061
8 3 1 1 1.16365
8 3 1 2 0.601286
8 3 2 0 1.17968
8 3 2 1 0.601286
8 3 2 2 0.332192
9 0 0 0 0.134615
9 0 0 1 0.123025
9 0 0 2 0.0532313
9 0 1 0 0.123025
9 0 1 1 0.0512372
9 0 1 2 0.0279774
9 0 2 0 0.0532313
9 0 2 1 0.0279774
9 0 2 2 0.0173732
9 0 0 0 0.134615
9 0 0 1 0.123025
9 0 0 2 0.0532313
9 0 1 0 0.123025
9 0 1 1 0.0512372
9 0 1 2 0.0279774
9 0 2 0 0.0532313
9 0 2 1 0.0279774
9 0 2 2 0.0173732
9 0 0 0 0.134615
9 0 0 1 0.123025
9 0 0 2 0.0532313
9 0 1 0 0.123025
9 0 1 1 0.0512372
9 0 1 2 0.0279774
9 0 2 0 0.0532313
9 0 2 1 0.0279774
9 0 2 2 0.0173732
9 1 0 0 0.0480769
9 1 0 1 0.0439377
9 1 0 2 0.0185889
9 1 1 0 0.0439377
9 1 1 1 0.0178646
9 1 1 2 0.0098535
9 1 2 0 0.0185889
9 1 2 1 0.0098535
9 1 2 2 0.00614294
9 1 0 0 0.0480769
9 1 0 1 0.0439377
9 1 0 2 0.0185889
9 1 1 0 0.0439377
9 1 1 1 0.0178646
9 1 1 2 0.0098535
9 1 2 0 0.0185889
9 1 2 1 0.0098535
9 1 2 2 0.00614294
9 1 0 0 0.0480769
9 1 0 1 0.0439377
9 1 0 2 0.0185889
9 1 1 0 0.0439377
9 1 1 1 0.0178646
9 1 1 2 0.0098535
9 1 2 0 0.0185889
9 1 2 1 0.0098535
9 1 2 2 0.00614294
9 2 0 0 0.192308
9 2 0 1 0.175751
9 2 0 2 0.077734
9 2 1 0 0.175751
9 2 1 1 0.0749335
9 2 1 2 0.0405412
9 2 2 0 0.077734
9 2 2 1 0.0405412
9 2 2 2 0.0250711
9 2 0 0 0.192308
9 2 0 1 0.175751
9 2 0 2 0.077734
9 2 1 0 0.175751
9 2 1 1 0.0749335
9 2 1 2 0.0405412
9 2 2 0 0.077734
9 2 2 1 0.0405412
9 2 2 2 0.0250711
9 2 0 0 0.192308
9 2 0 1 0.175751
9 2 0 2 0.077734
9 2 1 0 0.175751
9 2 1 1 0.0749335
9 2 1 2 0.0405412
9 2 2 0 0.077734
9 2 2 1 0.0405412
9 2 2 2 0.0250711
9 3 0 0 0.163462
9 3 0 1 0.149388
9 3 0 2 0.0660739
9 3 1 0 0.149388
9 3 1 1 0.0636935
9 3 1 2 0.03446
9 3 2 0 0.0660739
9 3 2 1 0.03446
9 3 2 2 0.0213104
9 3 0 0 0.163462
9 3 0 1 0.149388
9 3 0 2 0.0660739
9 3 1 0 0.149388
9 3 1 1 0.0636935
9 3 1 2 0.03446
9 3 2 0 0.0660739
9 3 2 1 0.03446
9 3 2 2 0.0213104
9 3 0 0 0.163462
9 3 0 1 0.149388
9 3 0 2 0.0660739
9 3 1 0 0.149388
9 3 1 1 0.0636935
9 3 1 2 0.03446
9 3 2 0 0.0660739
9 3 2 1 0.03446
9 3 2 2 0.0213104
10 0 0 0 0.451923
10 0 0 1 0.813776
10 0 0 2 0.457224
10 0 1 0 0.813776
10 0 1 1 0.447037
10 0 1 2 0.228335
10 0 2 0 0.457224
10 0 2 1 0.228335
10 0 2 2 0.133074
10 0 0 0 0.451923
10 0 0 1 0.813776
10 0 0 2 0.457224
10 0 1 0 0.813776
10 0 1 1 0.447037
10 0 1 2 0.228335
10 0 2 0 0.457224
10 0 2 1 0.228335
10 0 2 2 0.133074
10 0 0 0 0.451923
10 0 0 1 0.813776
10 0 0 2 0.457224
10 0 1 0 0.813776
10 0 1 1 0.447037
10 0 1 2 0.228335
10 0 2 0 0.457224
10 0 2 1 0.228335
10 0 2 2 0.133074
10 1 0 0 0.336538
10 1 0 1 0.606003
10 1 0 2 0.306057
10 1 1 0 0.606003
10 1 1 1 0.297487
10 1 1 2 0.154358
10 1 2 0 0.306057
10 1 2 1 0.154358
10 1 2 2 0.0926227
10 1 0 0 0.336538
10 1 0 1 0.606003
10 1 0 2 0.306057
10 1 1 0 0.606003
10 1 1 1 0.297487
10 1 1 2 0.154358
10 1 2 0 0.306057
10 1 2 1 0.154358
10 1 2 2 0.0926227
10 1 0 0 0.336538
10 1 0 1 0.606003
10 1 0 2 0.306057
10 1 1 0 0.606003
10 1 1 1 0.297487
10 1 1 2 0.154358
10 1 2 0 0.306057
10 1 2 1 0.154358
10 1 2 2 0.0926227
10 2 0 0 0.480769
10 2 0 1 0.865719
10 2 0 2 0.470014
10 2 1 0 0.865719
10 2 1 1 0.458708
10 2 1 2 0.235068
10 2 2 0 0.470014
10 2 2 1 0.235068
10 2 2 2 0.138335
10 2 0 0 0.480769
10 2 0 1 0.865719
10 2 0 2 0.470014
10 2 1 0 0.865719
10 2 1 1 0.458708
10 2 1 2 0.235068
10 2 2 0 0.470014
10 2 2 1 0.235068
10 2 2 2 0.138335
10 2 0 0 0.480769
10 2 0 1 0.865719
10 2 0 2 0.470014
10 2 1 0 0.865719
10 2 1 1 0.458708
10 2 1 2 0.235068
10 2 2 0 0.470014
10 2 2 1 0.235068
10 2 2 2 0.138335
10 3 0 0 0.365385
10 3 0 1 0.657946
10 3 0 2 0.332291
10 3 1 0 0.657946
10 3 1 1 0.322986
10 3 1 2 0.167589
10 3 2 0 0.332291
10 3 2 1 0.167589
10 3 2 2 0.100562
10 3 0 0 0.365385
10 3 0 1 0.657946
10 3 0 2 0.332291
10 3 1 0 0.657946
10 3 1 1 0.322986
10 3 1 2 0.167589
10 3 2 0 0.332291
10 3 2 1 0.167589
10 3 2 2 0.100562
10 3 0 0 0.365385
10 3 0 1 0.657946
10 3 0 2 0.332291
10 3 1 0 0.657946
10 3 1 1 0.322986
10 3 1 2 0.167589
10 3 2 0 0.332291
10 3 2 1 0.167589
10 3 2 2 0.100562
11 0 0 0 0.596154
11 0 0 1 0.996352
11 0 0 2 0.549411
11 0 1 0 0.996352
11 0 1 1 0.536641
11 0 1 2 0.274538
11 0 2 0 0.549411
11 0 2 1 0.274538
11 0 2 2 0.160858
11 0 0 0 0.596154
11 0 0 1 0.996352
11 0 0 2 0.549411
11 0 1 0 0.996352
11 0 1 1 0.536641
11 0 1 2 0.274538
11 0 2 0 0.549411
11 0 2 1 0.274538
11 0 2 2 0.160858
11 0 0 0 0.596154
11 0 0 1 0.996352
11 0 0 2 0.549411
11 0 1 0 0.996352
11 0 1 1 0.536641
11 0 1 2 0.274538
11 0 2 0 0.549411
11 0 2 1 0.274538
11 0 2 2 0.160858
11 1 0 0 0.307692
11 1 0 1 0.514246
11 1 0 2 0.25645
11 1 1 0 0.514246
11 1 1 1 0.249085
11 1 1 2 0.129624
11 1 2 0 0.25645
11 1 2 1 0.129624
11 1 2 2 0.0780315
11 1 0 0 0.307692
11 1 0 1 0.514246
11 1 0 2 0.25645
11 1 1 0 0.514246
11 1 1 1 0.249085
11 1 1 2 0.129624
11 1 2 0 0.25645
11 1 2 1 0.129624
11 1 2 2 0.0780315
11 1 0 0 0.307692
11 1 0 1 0.514246
11 1 0 2 0.25645
11 1 1 0 0.514246
11 1 1 1 0.249085
11 1 1 2 0.129624
11 1 2 0 0.25645
11 1 2 1 0.129624
11 1 2 2 0.0780315
11 2 0 0 0.163462
11 2 0 1 0.273193
11 2 0 2 0.126636
11 2 1 0 0.273193
11 2 1 1 0.122448
11 2 1 2 0.0650966
11 2 2 0 0.126636
11 2 2 1 0.0650966
11 2 2 2 0.0398683
11 2 0 0 0.163462
11 2 0 1 0.273193
11 2 0 2 0.126636
11 2 1 0 0.273193
11 2 1 1 0.122448
11 2 1 2 0.0650966
11 2 2 0 0.126636
11 2 2 1 0.0650966
11 2 2 2 0.0398683
11 2 0 0 0.163462
11 2 0 1 0.273193
11 2 0 2 0.126636
11 2 1 0 0.273193
11 2 1 1 0.122448
11 2 1 2 0.0650966
11 2 2 0 0.126636
11 2 2 1 0.0650966
11 2 2 2 0.0398683
11 3 0 0 0.240385
11 3 0 1 0.401755
11 3 0 2 0.197998
11 3 1 0 0.401755
11 3 1 1 0.192176
11 3 1 2 0.100304
11 3 2 0 0.197998
11 3 2 1 0.100304
11 3 2 2 0.0605596
11 3 0 0 0.240385
11 3 0 1 0.401755
11 3 0 2 0.197998
11 3 1 0 0.401755
11 3 1 1 0.192176
11 3 1 2 0.100304
11 3 2 0 0.197998
11 3 2 1 0.100304
11 3 2 2 0.0605596
11 3 0 0 0.240385
11 3 0 1 0.401755
11 3 0 2 0.197998
11 3 1 0 0.401755
11 3 1 1 0.192176
11 3 1 2 0.100304
11 3 2 0 0.197998
11 3 2 1 0.100304
11 3 2 2 0.0605596
12 0 0 0 0.730769
12 0 0 1 1.08602
12 0 0 2 0.610928
12 0 1 0 1.08602
12 0 1 1 0.597354
12 0 1 2 0.305087
12 0 2 0 0.610928
12 0 2 1 0.305087
12 0 2 2 0.177744
12 0 0 0 0.730769
12 0 0 1 1.08602
12 0 0 2 0.610928
12 0 1 0 1.08602
12 0 1 1 0.597354
12 0 1 2 0.305087
12 0 2 0 0.610928
12 0 2 1 0.305087
12 0 2 2 0.177744
12 0 0 0 0.730769
12 0 0 1 1.08602
12 0 0 2 0.610928
12 0 1 0 1.08602
12 0 1 1 0.597354
12 0 1 2 0.305087
12 0 2 0 0.610928
12 0 2 1 0.305087
12 0 2 2 0.177744
12 1 0 0 0.461538
12 1 0 1 0.685905
12 1 0 2 0.360836
12 1 1 0 0.685905
12 1 1 1 0.351548
12 1 1 2 0.180967
12 1 2 0 0.360836
12 1 2 1 0.180967
12 1 2 2 0.107426
12 1 0 0 0.461538
12 1 0 1 0.685905
12 1 0 2 0.360836
12 1 1 0 0.685905
12 1 1 1 0.351548
12 1 1 2 0.180967
12 1 2 0 0.360836
12 1 2 1 0.180967
12 1 2 2 0.107426
12 1 0 0 0.461538
12 1 0 1 0.685905
12 1 0 2 0.360836
12 1 1 0 0.685905
12 1 1 1 0.351548
12 1 1 2 0.180967
12 1 2 0 0.360836
12 1 2 1 0.180967
12 1 2 2 0.107426
12 2 0 0 0.836538
12 2 0 1 1.2432
12 2 0 2 0.751167
12 2 1 0 1.2432
12 2 1 1 0.737108
12 2 1 2 0.375965
12 2 2 0 0.751167
12 2 2 1 0.375965
12 2 2 2 0.214545
12 2 0 0 0.836538
12 2 0 1 1.2432
12 2 0 2 0.751167
12 2 1 0 1.2432
12 2 1 1 0.737108
12 2 1 2 0.375965
12 2 2 0 0.751167
12 2 2 1 0.375965
12 2 2 2 0.214545
12 2 0 0 0.836538
12 2 0 1 1.2432
12 2 0 2 0.751167
12 2 1 0 1.2432
12 2 1 1 0.737108
12 2 1 2 0.375965
12 2 2 0 0.751167
12 2 2 1 0.375965
12 2 2 2 0.214545
12 3 0 0 0.701923
12 3 0 1 1.04315
12 3 0 2 0.603116
12 3 1 0 1.04315
12 3 1 1 0.590544
12 3 1 2 0.301195
12 3 2 0 0.603116
12 3 2 1 0.301195
12 3 2 2 0.174095
12 3 0 0 0.701923
12 3 0 1 1.04315
12 3 0 2 0.603116
12 3 1 0 1.04315
12 3 1 1 0.590544
12 3 1 2 0.301195
12 3 2 0 0.603116
12 3 2 1 0.301195
12 3 2 2 0.174095
12 3 0 0 0.701923
12 3 0 1 1.04315
12 3 0 2 0.603116
12 3 1 0 1.04315
12 3 1 1 0.590544
12 3 1 2 0.301195
12 3 2 0 0.603116
12 3 2 1 0.301195
12 3 2 2 0.174095
13 0 0 0 0.153846
13 0 0 1 0.197081
13 0 0 2 0.0883124
13 0 1 0 0.197081
13 0 1 1 0.0852047
13 0 1 2 0.0458605
13 0 2 0 0.0883124
13 0 2 1 0.0458605
13 0 2 2 0.0282876
13 0 0 0 0.153846
13 0 0 1 0.197081
13 0 0 2 0.0883124
13 0 1 0 0.197081
13 0 1 1 0.0852047
13 0 1 2 0.0458605
13 0 2 0 0.0883124
13 0 2 1 0.0458605
13 0 2 2 0.0282876
13 0 0 0 0.153846
13 0 0 1 0.197081
13 0 0 2 0.0883124
13 0 1 0 0.197081
13 0 1 1 0.0852047
13 0 1 2 0.0458605
13 0 2 0 0.0883124
13 0 2 1 0.0458605
13 0 2 2 0.0282876
13 1 0 0 0.432692
13 1 0 1 0.55429
13 1 0 2 0.268292
13 1 1 0 0.55429
13 1 1 1 0.260121
13 1 1 2 0.13643
13 1 2 0 0.268292
13 1 2 1 0.13643
13 1 2 2 0.0827325
13 1 0 0 0.432692
13 1 0 1 0.55429
13 1 0 2 0.268292
13 1 1 0 0.55429
13 1 1 1 0.260121
13 1 1 2 0.13643
13 1 2 0 0.268292
13 1 2 1 0.13643
13 1 2 2 0.0827325
13 1 0 0 0.432692
13 1 0 1 0.55429
13 1 0 2 0.268292
13 1 1 0 0.55429
13 1 1 1 0.260121
13 1 1 2 0.13643
13 1 2 0 0.268292
13 1 2 1 0.13643
13 1 2 2 0.0827325
13 2 0 0 0.567308
13 2 0 1 0.726736
13 2 0 2 0.38766
13 2 1 0 0.726736
13 2 1 1 0.377972
13 2 1 2 0.19415
13 2 2 0 0.38766
13 2 2 1 0.19415
13 2 2 2 0.114815
13 2 0 0 0.567308
13 2 0 1 0.726736
13 2 0 2 0.38766
13 2 1 0 0.726736
13 2 1 1 0.377972
13 2 1 2 0.19415
13 2 2 0 0.38766
13 2 2 1 0.19415
13 2 2 2 0.114815
13 2 0 0 0.567308
13 2 0 1 0.726736
13 2 0 2 0.38766
13 2 1 0 0.726736
13 2 1 1 0.377972
13 2 1 2 0.19415
13 2 2 0 0.38766
13 2 2 1 0.19415
13 2 2 2 0.114815
13 3 0 0 0.269231
13 3 0 1 0.344892
13 3 0 2 0.16384
13 3 1 0 0.344892
13 3 1 1 0.158667
13 3 1 2 0.0836807
13 3 2 0 0.16384
13 3 2 1 0.0836807
13 3 2 2 0.0509687
13 3 0 0 0.269231
13 3 0 1 0.344892
13 3 0 2 0.16384
13 3 1 0 0.344892
13 3 1 1 0.158667
13 3 1 2 0.0836807
13 3 2 0 0.16384
13 3 2 1 0.0836807
13 3 2 2 0.0509687
13 3 0 0 0.269231
13 3 0 1 0.344892
13 3 0 2 0.16384
13 3 1 0 0.344892
13 3 1 1 0.158667
13 3 1 2 0.0836807
13 3 2 0 0.16384
13 3 2 1 0.0836807
13 3 2 2 0.0509687
14 0 0 0 0.173077
14 0 0 1 0.164259
14 0 0 2 0.07172
14 0 1 0 0.164259
14 0 1 1 0.069076
14 0 1 2 0.037572
14 0 2 0 0.07172
14 0 2 1 0.037572
14 0 2 2 0.0232921
14 0 0 0 0.173077
14 0 0 1 0.164259
14 0 0 2 0.07172
14 0 1 0 0.164259
14 0 1 1 0.069076
14 0 1 2 0.037572
14 0 2 0 0.07172
14 0 2 1 0.037572
14 0 2 2 0.0232921
14 0 0 0 0.173077
14 0 0 1 0.164259
14 0 0 2 0.07172
14 0 1 0 0.164259
14 0 1 1 0.069076
14 0 1 2 0.037572
14 0 2 0 0.07172
14 0 2 1 0.037572
14 0 2 2 0.0232921
14 1 0 0 0.0384615
14 1 0 1 0.0365019
14 1 0 2 0.0153306
14 1 1 0 0.0365019
14 1 1 1 0.0147257
14 1 1 2 0.00814995
14 1 2 0 0.0153306
14 1 2 1 0.00814995
14 1 2 2 0.00508712
14 1 0 0 0.0384615
14 1 0 1 0.0365019
14 1 0 2 0.0153306
14 1 1 0 0.0365019
14 1 1 1 0.0147257
14 1 1 2 0.00814995
14 1 2 0 0.0153306
14 1 2 1 0.00814995
14 1 2 2 0.00508712
14 1 0 0 0.0384615
14 1 0 1 0.0365019
14 1 0 2 0.0153306
14 1 1 0 0.0365019
14 1 1 1 0.0147257
14 1 1 2 0.00814995
14 1 2 0 0.0153306
14 1 2 1 0.00814995
14 1 2 2 0.00508712
14 2 0 0 0.192308
14 2 0 1 0.18251
14 2 0 2 0.0809033
14 2 1 0 0.18251
14 2 1 1 0.0780003
14 2 1 2 0.0421625
14 2 2 0 0.0809033
14 2 2 1 0.0421625
14 2 2 2 0.0260624
14 2 0 0 0.192308
14 2 0 1 0.18251
14 2 0 2 0.0809033
14 2 1 0 0.18251
14 2 1 1 0.0780003
14 2 1 2 0.0421625
14 2 2 0 0.0809033
14 2 2 1 0.0421625
14 2 2 2 0.0260624
14 2 0 0 0.192308
14 2 0 1 0.18251
14 2 0 2 0.0809033
14 2 1 0 0.18251
14 2 1 1 0.0780003
14 2 1 2 0.0421625
14 2 2 0 0.0809033
14 2 2 1 0.0421625
14 2 2 2 0.0260624
14 3 0 0 0.0673077
14 3 0 1 0.0638783
14 3 0 2 0.0274661
14 3 1 0 0.0638783
14 3 1 1 0.0264257
14 3 1 2 0.0144692
14 3 2 0 0.0274661
14 3 2 1 0.0144692
14 3 2 2 0.00899514
14 3 0 0 0.0673077
14 3 0 1 0.0638783
14 3 0 2 0.0274661
14 3 1 0 0.0638783
14 3 1 1 0.0264257
14 3 1 2 0.0144692
14 3 2 0 0.0274661
14 3 2 1 0.0144692
14 3 2 2 0.00899514
14 3 0 0 0.0673077
14 3 0 1 0.0638783
14 3 0 2 0.0274661
14 3 1 0 0.0638783
14 3 1 1 0.0264257
14 3 1 2 0.0144692
14 3 2 0 0.0274661
14 3 2 1 0.0144692
14 3 2 2 0.00899514
15 0 0 0 0.557692
15 0 0 1 0.602093
15 0 0 2 0.301004
15 0 1 0 0.602093
15 0 1 1 0.292402
15 0 1 2 0.152076
15 0 2 0 0.301004
15 0 2 1 0.152076
15 0 2 2 0.0914899
15 0 0 0 0.557692
15 0 0 1 0.602093
15 0 0 2 0.301004
15 0 1 0 0.602093
15 0 1 1 0.292402
15 0 1 2 0.152076
15 0 2 0 0.301004
15 0 2 1 0.152076
15 0 2 2 0.0914899
15 0 0 0 0.557692
15 0 0 1 0.602093
15 0 0 2 0.301004
15 0 1 0 0.602093
15 0 1 1 0.292402
15 0 1 2 0.152076
15 0 2 0 0.301004
15 0 2 1 0.152076
15 0 2 2 0.0914899
15 1 0 0 0.490385
15 1 0 1 0.529426
15 1 0 2 0.268684
15 1 1 0 0.529426
15 1 1 1 0.261234
15 1 1 2 0.135403
15 1 2 0 0.268684
15 1 2 1 0.135403
15 1 2 2 0.0811468
15 1 0 0 0.490385
15 1 0 1 0.529426
15 1 0 2 0.268684
15 1 1 0 0.529426
15 1 1 1 0.261234
15 1 1 2 0.135403
15 1 2 0 0.268684
15 1 2 1 0.135403
15 1 2 2 0.0811468
15 1 0 0 0.490385
15 1 0 1 0.529426
15 1 0 2 0.268684
15 1 1 0 0.529426
15 1 1 1 0.261234
15 1 1 2 0.135403
15 1 2 0 0.268684
15 1 2 1 0.135403
15 1 2 2 0.0811468
15 2 0 0 0.230769
15 2 0 1 0.249142
15 2 0 2 0.117953
15 2 1 0 0.249142
15 2 1 1 0.114205
15 2 1 2 0.0602951
15 2 2 0 0.117953
15 2 2 1 0.0602951
15 2 2 2 0.0367535
15 2 0 0 0.230769
15 2 0 1 0.249142
15 2 0 2 0.117953
15 2 1 0 0.249142
15 2 1 1 0.114205
15 2 1 2 0.0602951
15 2 2 0 0.117953
15 2 2 1 0.0602951
15 2 2 2 0.0367535
15 2 0 0 0.230769
15 2 0 1 0.249142
15 2 0 2 0.117953
15 2 1 0 0.249142
15 2 1 1 0.114205
15 2 1 2 0.0602951
15 2 2 0 0.117953
15 2 2 1 0.0602951
15 2 2 2 0.0367535
15 3 0 0 0.326923
15 3 0 1 0.352951
15 3 0 2 0.164428
15 3 1 0 0.352951
15 3 1 1 0.159042
15 3 1 2 0.0844074
15 3 2 0 0.164428
15 3 2 1 0.0844074
15 3 2 2 0.0516383
15 3 0 0 0.326923
15 3 0 1 0.352951
15 3 0 2 0.164428
15 3 1 0 0.352951
15 3 1 1 0.159042
15 3 1 2 0.0844074
15 3 2 0 0.164428
15 3 2 1 0.0844074
15 3 2 2 0.0516383
15 3 0 0 0.326923
15 3 0 1 0.352951
15 3 0 2 0.164428
15 3 1 0 0.352951
15 3 1 1 0.159042
15 3 1 2 0.0844074
15 3 2 0 0.164428
15 3 2 1 0.0844074
15 3 2 2 0.0516383
16 0 0 0 0.346154
16 0 0 1 0.483386
16 0 0 2 0.229807
16 0 1 0 0.483386
16 0 1 1 0.222562
16 0 1 2 0.117351
16 0 2 0 0.229807
16 0 2 1 0.117351
16 0 2 2 0.0714643
16 0 0 0 0.346154
16 0 0 1 0.483386
16 0 0 2 0.229807
16 0 1 0 0.483386
16 0 1 1 0.222562
16 0 1 2 0.117351
16 0 2 0 0.229807
16 0 2 1 0.117351
16 0 2 2 0.0714643
16 0 0 0 0.346154
16 0 0 1 0.483386
16 0 0 2 0.229807
16 0 1 0 0.483386
16 0 1 1 0.222562
16 0 1 2 0.117351
16 0 2 0 0.229807
16 0 2 1 0.117351
16 0 2 2 0.0714643
16 1 0 0 0.259615
16 1 0 1 0.36254
16 1 0 2 0.172355
16 1 1 0 0.36254
16 1 1 1 0.166922
16 1 1 2 0.0880136
16 1 2 0 0.172355
16 1 2 1 0.0880136
16 1 2 2 0.0535982
16 1 0 0 0.259615
16 1 0 1 0.36254
16 1 0 2 0.172355
16 1 1 0 0.36254
16 1 1 1 0.166922
16 1 1 2 0.0880136
16 1 2 0 0.172355
16 1 2 1 0.0880136
16 1 2 2 0.0535982
16 1 0 0 0.259615
16 1 0 1 0.36254
16 1 0 2 0.172355
16 1 1 0 0.36254
16 1 1 1 0.166922
16 1 1 2 0.0880136
16 1 2 0 0.172355
16 1 2 1 0.0880136
16 1 2 2 0.0535982
16 2 0 0 0.278846
16 2 0 1 0.389394
16 2 0 2 0.188935
16 2 1 0 0.389394
16 2 1 1 0.183208
16 2 1 2 0.0960244
16 2 2 0 0.188935
16 2 2 1 0.0960244
16 2 2 2 0.0581965
16 2 0 0 0.278846
16 2 0 1 0.389394
16 2 0 2 0.188935
16 2 1 0 0.389394
16 2 1 1 0.183208
16 2 1 2 0.0960244
16 2 2 0 0.188935
16 2 2 1 0.0960244
16 2 2 2 0.0581965
16 2 0 0 0.278846
16 2 0 1 0.389394
16 2 0 2 0.188935
16 2 1 0 0.389394
16 2 1 1 0.183208
16 2 1 2 0.0960244
16 2 2 0 0.188935
16 2 2 1 0.0960244
16 2 2 2 0.0581965
16 3 0 0 0.326923
16 3 0 1 0.456531
16 3 0 2 0.219275
16 3 1 0 0.456531
16 3 1 1 0.212496
16 3 1 2 0.1117
16 3 2 0 0.219275
16 3 2 1 0.1117
16 3 2 2 0.0678601
16 3 0 0 0.326923
16 3 0 1 0.456531
16 3 0 2 0.219275
16 3 1 0 0.456531
16 3 1 1 0.212496
16 3 1 2 0.1117
16 3 2 0 0.219275
16 3 2 1 0.1117
16 3 2 2 0.0678601
16 3 0 0 0.326923
16 3 0 1 0.456531
16 3 0 2 0.219275
16 3 1 0 0.456531
16 3 1 1 0.212496
16 3 1 2 0.1117
16 3 2 0 0.219275
16 3 2 1 0.1117
16 3 2 2 0.0678601
17 0 0 0 0.336538
17 0 0 1 0.404321
17 0 0 2 0.192307
17 0 1 0 0.404321
17 0 1 1 0.186249
17 0 1 2 0.0981908
17 0 2 0 0.192307
17 0 2 1 0.0981908
17 0 2 2 0.0597896
17 0 0 0 0.336538
17 0 0 1 0.404321
17 0 0 2 0.192307
17 0 1 0 0.404321
17 0 1 1 0.186249
17 0 1 2 0.0981908
17 0 2 0 0.192307
17 0 2 1 0.0981908
17 0 2 2 0.0597896
17 0 0 0 0.336538
17 0 0 1 0.404321
17 0 0 2 0.192307
17 0 1 0 0.404321
17 0 1 1 0.186249
17 0 1 2 0.0981908
17 0 2 0 0.192307
17 0 2 1 0.0981908
17 0 2 2 0.0597896
17 1 0 0 0.509615
17 1 0 1 0.612257
17 1 0 2 0.314415
17 1 1 0 0.612257
17 1 1 1 0.305906
17 1 1 2 0.158167
17 1 2 0 0.314415
17 1 2 1 0.158167
17 1 2 2 0.0944978
17 1 0 0 0.509615
17 1 0 1 0.612257
17 1 0 2 0.314415
17 1 1 0 0.612257
17 1 1 1 0.305906
17 1 1 2 0.158167
17 1 2 0 0.314415
17 1 2 1 0.158167
17 1 2 2 0.0944978
17 1 0 0 0.509615
17 1 0 1 0.612257
17 1 0 2 0.314415
17 1 1 0 0.612257
17 1 1 1 0.305906
17 1 1 2 0.158167
17 1 2 0 0.314415
17 1 2 1 0.158167
17 1 2 2 0.0944978
17 2 0 0 0.384615
17 2 0 1 0.462081
17 2 0 2 0.223672
17 2 1 0 0.462081
17 2 1 1 0.21686
17 2 1 2 0.113738
17 2 2 0 0.223672
17 2 2 1 0.113738
17 2 2 2 0.0689714
17 2 0 0 0.384615
17 2 0 1 0.462081
17 2 0 2 0.223672
17 2 1 0 0.462081
17 2 1 1 0.21686
17 2 1 2 0.113738
17 2 2 0 0.223672
17 2 2 1 0.113738
17 2 2 2 0.0689714
17 2 0 0 0.384615
17 2 0 1 0.462081
17 2 0 2 0.223672
17 2 1 0 0.462081
17 2 1 1 0.21686
17 2 1 2 0.113738
17 2 2 0 0.223672
17 2 2 1 0.113738
17 2 2 2 0.0689714
17 3 0 0 0.576923
17 3 0 1 0.693121
17 3 0 2 0.358861
17 3 1 0 0.693121
17 3 1 1 0.349311
17 3 1 2 0.180324
17 3 2 0 0.358861
17 3 2 1 0.180324
17 3 2 2 0.107503
17 3 0 0 0.576923
17 3 0 1 0.693121
17 3 0 2 0.358861
17 3 1 0 0.693121
17 3 1 1 0.349311
17 3 1 2 0.180324
17 3 2 0 0.358861
17 3 2 1 0.180324
17 3 2 2 0.107503
17 3 0 0 0.576923
17 3 0 1 0.693121
17 3 0 2 0.358861
17 3 1 0 0.693121
17 3 1 1 0.349311
17 3 1 2 0.180324
17 3 2 0 0.358861
17 3 2 1 0.180324
17 3 2 2 0.107503
18 0 0 0 0.625
18 0 0 1 0.687762
18 0 0 2 0.363508
18 0 1 0 0.687762
18 0 1 1 0.354244
18 0 1 2 0.182217
18 0 2 0 0.363508
18 0 2 1 0.182217
18 0 2 2 0.10803
18 0 0 0 0.625
18 0 0 1 0.687762
18 0 0 2 0.363508
18 0 1 0 0.687762
18 0 1 1 0.354244
18 0 1 2 0.182217
18 0 2 0 0.363508
18 0 2 1 0.182217
18 0 2 2 0.10803
18 0 0 0 0.625
18 0 0 1 0.687762
18 0 0 2 0.363508
18 0 1 0 0.687762
18 0 1 1 0.354244
18 0 1 2 0.182217
18 0 2 0 0.363508
18 0 2 1 0.182217
18 0 2 2 0.10803
18 1 0 0 0.942308
18 1 0 1 1.03693
18 1 0 2 0.60806
18 1 1 0 1.03693
18 1 1 1 0.595807
18 1 1 2 0.303792
18 1 2 0 0.60806
18 1 2 1 0.303792
18 1 2 2 0.174876
18 1 0 0 0.942308
18 1 0 1 1.03693
18 1 0 2 0.60806
18 1 1 0 1.03693
18 1 1 1 0.595807
18 1 1 2 0.303792
18 1 2 0 0.60806
18 1 2 1 0.303792
18 1 2 2 0.174876
18 1 0 0 0.942308
18 1 0 1 1.03693
18 1 0 2 0.60806
18 1 1 0 1.03693
18 1 1 1 0.595807
18 1 1 2 0.303792
18 1 2 0 0.60806
18 1 2 1 0.303792
18 1 2 2 0.174876
18 2 0 0 0.548077
18 2 0 1 0.603114
18 2 0 2 0.314116
18 2 1 0 0.603114
18 2 1 1 0.305859
18 2 1 2 0.157721
18 2 2 0 0.314116
18 2 2 1 0.157721
18 2 2 2 0.0938793
18 2 0 0 0.548077
18 2 0 1 0.603114
18 2 0 2 0.314116
18 2 1 0 0.603114
18 2 1 1 0.305859
18 2 1 2 0.157721
18 2 2 0 0.314116
18 2 2 1 0.157721
18 2 2 2 0.0938793
18 2 0 0 0.548077
18 2 0 1 0.603114
18 2 0 2 0.314116
18 2 1 0 0.603114
18 2 1 1 0.305859
18 2 1 2 0.157721
18 2 2 0 0.314116
18 2 2 1 0.157721
18 2 2 2 0.0938793
18 3 0 0 0.701923
18 3 0 1 0.772409
18 3 0 2 0.414207
18 3 1 0 0.772409
18 3 1 1 0.403973
18 3 1 2 0.20735
18 3 2 0 0.414207
18 3 2 1 0.20735
18 3 2 2 0.122443
18 3 0 0 0.701923
18 3 0 1 0.772409
18 3 0 2 0.414207
18 3 1 0 0.772409
18 3 1 1 0.403973
18 3 1 2 0.20735
18 3 2 0 0.414207
18 3 2 1 0.20735
18 3 2 2 0.122443
18 3 0 0 0.701923
18 3 0 1 0.772409
18 3 0 2 0.414207
18 3 1 0 0.772409
18 3 1 1 0.403973
18 3 1 2 0.20735
18 3 2 0 0.414207
18 3 2 1 0.20735
18 3 2 2 0.122443
19 0 0 0 0.0480769
19 0 0 1 0.055389
19 0 0 2 0.0235262
19 0 1 0 0.055389
19 0 1 1 0.0226158
19 0 1 2 0.0124515
19 0 2 0 0.0235262
19 0 2 1 0.0124515
19 0 2 2 0.00775738
19 0 0 0 0.0480769
19 0 0 1 0.055389
19 0 0 2 0.0235262
19 0 1 0 0.055389
19 0 1 1 0.0226158
19 0 1 2 0.0124515
19 0 2 0 0.0235262
19 0 2 1 0.0124515
19 0 2 2 0.00775738
19 0 0 0 0.0480769
19 0 0 1 0.055389
19 0 0 2 0.0235262
19 0 1 0 0.055389
19 0 1 1 0.0226158
19 0 1 2 0.0124515
19 0 2 0 0.0235262
19 0 2 1 0.0124515
19 0 2 2 0.00775738
19 1 0 0 0.0384615
19 1 0 1 0.0443112
19 1 0 2 0.018642
19 1 1 0 0.0443112
19 1 1 1 0.0179086
19 1 1 2 0.00990362
19 1 2 0 0.018642
19 1 2 1 0.00990362
19 1 2 2 0.00618001
19 1 0 0 0.0384615
19 1 0 1 0.0443112
19 1 0 2 0.018642
19 1 1 0 0.0443112
19 1 1 1 0.0179086
19 1 1 2 0.00990362
19 1 2 0 0.018642
19 1 2 1 0.00990362
19 1 2 2 0.00618001
19 1 0 0 0.0384615
19 1 0 1 0.0443112
19 1 0 2 0.018642
19 1 1 0 0.0443112
19 1 1 1 0.0179086
19 1 1 2 0.00990362
19 1 2 0 0.018642
19 1 2 1 0.00990362
19 1 2 2 0.00618001
19 2 0 0 0.115385
19 2 0 1 0.132934
19 2 0 2 0.0569997
19 2 1 0 0.132934
19 2 1 1 0.0548302
19 2 1 2 0.0300588
19 2 2 0 0.0569997
19 2 2 1 0.0300588
19 2 2 2 0.018696
19 2 0 0 0.115385
19 2 0 1 0.132934
19 2 0 2 0.0569997
19 2 1 0 0.132934
19 2 1 1 0.0548302
19 2 1 2 0.0300588
19 2 2 0 0.0569997
19 2 2 1 0.0300588
19 2 2 2 0.018696
19 2 0 0 0.115385
19 2 0 1 0.132934
19 2 0 2 0.0569997
19 2 1 0 0.132934
19 2 1 1 0.0548302
19 2 1 2 0.0300588
19 2 2 0 0.0569997
19 2 2 1 0.0300588
19 2 2 2 0.018696
19 3 0 0 0.163462
19 3 0 1 0.188323
19 3 0 2 0.0822708
19 3 1 0 0.188323
19 3 1 1 0.0792407
19 3 1 2 0.0430911
19 3 2 0 0.0822708
19 3 2 1 0.0430911
19 3 2 2 0.0267109
19 3 0 0 0.163462
19 3 0 1 0.188323
19 3 0 2 0.0822708
19 3 1 0 0.188323
19 3 1 1 0.0792407
19 3 1 2 0.0430911
19 3 2 0 0.0822708
19 3 2 1 0.0430911
19 3 2 2 0.0267109
19 3 0 0 0.163462
19 3 0 1 0.188323
19 3 0 2 0.0822708
19 3 1 0 0.188323
19 3 1 1 0.0792407
19 3 1 2 0.0430911
19 3 2 0 0.0822708
19 3 2 1 0.0430911
19 3 2 2 0.0267109
20 0 0 0 0.259615
20 0 0 1 0.364706
20 0 0 2 0.173514
20 0 1 0 0.364706
20 0 1 1 0.168051
20 0 1 2 0.0885889
20 0 2 0 0.173514
20 0 2 1 0.0885889
20 0 2 2 0.0539394
20 0 0 0 0.259615
20 0 0 1 0.364706
20 0 0 2 0.173514
20 0 1 0 0.364706
20 0 1 1 0.168051
20 0 1 2 0.0885889
20 0 2 0 0.173514
20 0 2 1 0.0885889
20 0 2 2 0.0539394
20 0 0 0 0.259615
20 0 0 1 0.364706
20 0 0 2 0.173514
20 0 1 0 0.364706
20 0 1 1 0.168051
20 0 1 2 0.0885889
20 0 2 0 0.173514
20 0 2 1 0.0885889
20 0 2 2 0.0539394
20 1 0 0 0.557692
20 1 0 1 0.783443
20 1 0 2 0.422889
20 1 1 0 0.783443
20 1 1 1 0.412588
20 1 1 2 0.211586
20 1 2 0 0.422889
20 1 2 1 0.211586
20 1 2 2 0.124718
20 1 0 0 0.557692
20 1 0 1 0.783443
20 1 0 2 0.422889
20 1 1 0 0.783443
20 1 1 1 0.412588
20 1 1 2 0.211586
20 1 2 0 0.422889
20 1 2 1 0.211586
20 1 2 2 0.124718
20 1 0 0 0.557692
20 1 0 1 0.783443
20 1 0 2 0.422889
20 1 1 0 0.783443
20 1 1 1 0.412588
20 1 1 2 0.211586
20 1 2 0 0.422889
20 1 2 1 0.211586
20 1 2 2 0.124718
20 2 0 0 0.375
20 2 0 1 0.526798
20 2 0 2 0.266196
20 2 1 0 0.526798
20 2 1 1 0.258751
20 2 1 2 0.134243
20 2 2 0 0.266196
20 2 2 1 0.134243
20 2 2 2 0.0805415
20 2 0 0 0.375
20 2 0 1 0.526798
20 2 0 2 0.266196
20 2 1 0 0.526798
20 2 1 1 0.258751
20 2 1 2 0.134243
20 2 2 0 0.266196
20 2 2 1 0.134243
20 2 2 2 0.0805415
20 2 0 0 0.375
20 2 0 1 0.526798
20 2 0 2 0.266196
20 2 1 0 0.526798
20 2 1 1 0.258751
20 2 1 2 0.134243
20 2 2 0 0.266196
20 2 2 1 0.134243
20 2 2 2 0.0805415
20 3 0 0 0.673077
20 3 0 1 0.945534
20 3 0 2 0.524353
20 3 1 0 0.945534
20 3 1 1 0.512319
20 3 1 2 0.261956
20 3 2 0 0.524353
20 3 2 1 0.261956
20 3 2 2 0.153239
20 3 0 0 0.673077
20 3 0 1 0.945534
20 3 0 2 0.524353
20 3 1 0 0.945534
20 3 1 1 0.512319
20 3 1 2 0.261956
20 3 2 0 0.524353
20 3 2 1 0.261956
20 3 2 2 0.153239
20 3 0 0 0.673077
20 3 0 1 0.945534
20 3 0 2 0.524353
20 3 1 0 0.945534
20 3 1 1 0.512319
20 3 1 2 0.261956
20 3 2 0 0.524353
20 3 2 1 0.261956
20 3 2 2 0.153239
21 0 0 0 0.586538
21 0 0 1 0.650803
21 0 0 2 0.342048
21 0 1 0 0.650803
21 0 1 1 0.333226
21 0 1 2 0.171563
21 0 2 0 0.342048
21 0 2 1 0.171563
21 0 2 2 0.101869
21 0 0 0 0.586538
21 0 0 1 0.650803
21 0 0 2 0.342048
21 0 1 0 0.650803
21 0 1 1 0.333226
21 0 1 2 0.171563
21 0 2 0 0.342048
21 0 2 1 0.171563
21 0 2 2 0.101869
21 0 0 0 0.586538
21 0 0 1 0.650803
21 0 0 2 0.342048
21 0 1 0 0.650803
21 0 1 1 0.333226
21 0 1 2 0.171563
21 0 2 0 0.342048
21 0 2 1 0.171563
21 0 2 2 0.101869
21 1 0 0 0.903846
21 1 0 1 1.00288
21 1 0 2 0.585603
21 1 1 0 1.00288
21 1 1 1 0.573681
21 1 1 2 0.292527
21 1 2 0 0.585603
21 1 2 1 0.292527
21 1 2 2 0.168599
21 1 0 0 0.903846
21 1 0 1 1.00288
21 1 0 2 0.585603
21 1 1 0 1.00288
21 1 1 1 0.573681
21 1 1 2 0.292527
21 1 2 0 0.585603
21 1 2 1 0.292527
21 1 2 2 0.168599
21 1 0 0 0.903846
21 1 0 1 1.00288
21 1 0 2 0.585603
21 1 1 0 1.00288
21 1 1 1 0.573681
21 1 1 2 0.292527
21 1 2 0 0.585603
21 1 2 1 0.292527
21 1 2 2 0.168599
21 2 0 0 0.567308
21 2 0 1 0.629465
21 2 0 2 0.325936
21 2 1 0 0.629465
21 2 1 1 0.317264
21 2 1 2 0.163777
21 2 2 0 0.325936
21 2 2 1 0.163777
21 2 2 2 0.0976359
21 2 0 0 0.567308
21 2 0 1 0.629465
21 2 0 2 0.325936
21 2 1 0 0.629465
21 2 1 1 0.317264
21 2 1 2 0.163777
21 2 2 0 0.325936
21 2 2 1 0.163777
21 2 2 2 0.0976359
21 2 0 0 0.567308
21 2 0 1 0.629465
21 2 0 2 0.325936
21 2 1 0 0.629465
21 2 1 1 0.317264
21 2 1 2 0.163777
21 2 2 0 0.325936
21 2 2 1 0.163777
21 2 2 2 0.0976359
21 3 0 0 0.75
21 3 0 1 0.832174
21 3 0 2 0.443846
21 3 1 0 0.832174
21 3 1 1 0.432751
21 3 1 2 0.222292
21 3 2 0 0.443846
21 3 2 1 0.222292
21 3 2 2 0.131463
21 3 0 0 0.75
21 3 0 1 0.832174
21 3 0 2 0.443846
21 3 1 0 0.832174
21 3 1 1 0.432751
21 3 1 2 0.222292
21 3 2 0 0.443846
21 3 2 1 0.222292
21 3 2 2 0.131463
21 3 0 0 0.75
21 3 0 1 0.832174
21 3 0 2 0.443846
21 3 1 0 0.832174
21 3 1 1 0.432751
21 3 1 2 0.222292
21 3 2 0 0.443846
21 3 2 1 0.222292
21 3 2 2 0.131463
22 0 0 0 1.49038
22 0 0 1 2.45462
22 0 0 2 1.90143
22 0 1 0 2.45462
22 0 1 1 1.88563
22 0 1 2 1.01163
22 0 2 0 1.90143
22 0 2 1 1.01163
22 0 2 2 0.542073
22 0 0 0 1.49038
22 0 0 1 2.45462
22 0 0 2 1.90143
22 0 1 0 2.45462
22 0 1 1 1.88563
22 0 1 2 1.01163
22 0 2 0 1.90143
22 0 2 1 1.01163
22 0 2 2 0.542073
22 0 0 0 1.49038
22 0 0 1 2.45462
22 0 0 2 1.90143
22 0 1 0 2.45462
22 0 1 1 1.88563
22 0 1 2 1.01163
22 0 2 0 1.90143
22 0 2 1 1.01163
22 0 2 2 0.542073
22 1 0 0 1.22115
22 1 0 1 2.01121
22 1 0 2 1.40699
22 1 1 0 2.01121
22 1 1 1 1.38973
22 1 1 2 0.722999
22 1 2 0 1.40699
22 1 2 1 0.722999
22 1 2 2 0.396167
22 1 0 0 1.22115
22 1 0 1 2.01121
22 1 0 2 1.40699
22 1 1 0 2.01121
22 1 1 1 1.38973
22 1 1 2 0.722999
22 1 2 0 1.40699
22 1 2 1 0.722999
22 1 2 2 0.396167
22 1 0 0 1.22115
22 1 0 1 2.01121
22 1 0 2 1.40699
22 1 1 0 2.01121
22 1 1 1 1.38973
22 1 1 2 0.722999
22 1 2 0 1.40699
22 1 2 1 0.722999
22 1 2 2 0.396167
22 2 0 0 1.24038
22 2 0 1 2.04288
22 2 0 2 1.52351
22 2 1 0 2.04288
22 2 1 1 1.50867
22 2 1 2 0.798926
22 2 2 0 1.52351
22 2 2 1 0.798926
22 2 2 2 0.431309
22 2 0 0 1.24038
22 2 0 1 2.04288
22 2 0 2 1.52351
22 2 1 0 2.04288
22 2 1 1 1.50867
22 2 1 2 0.798926
22 2 2 0 1.52351
22 2 2 1 0.798926
22 2 2 2 0.431309
22 2 0 0 1.24038
22 2 0 1 2.04288
22 2 0 2 1.52351
22 2 1 0 2.04288
22 2 1 1 1.50867
22 2 1 2 0.798926
22 2 2 0 1.52351
22 2 2 1 0.798926
22 2 2 2 0.431309
22 3 0 0 1.79808
22 3 0 1 2.96138
22 3 0 2 2.63594
22 3 1 0 2.96138
22 3 1 1 2.62665
22 3 1 2 1.4997
22 3 2 0 2.63594
22 3 2 1 1.4997
22 3 2 2 0.79122
22 3 0 0 1.79808
22 3 0 1 2.96138
22 3 0 2 2.63594
22 3 1 0 2.96138
22 3 1 1 2.62665
22 3 1 2 1.4997
22 3 2 0 2.63594
22 3 2 1 1.4997
22 3 2 2 0.79122
22 3 0 0 1.79808
22 3 0 1 2.96138
22 3 0 2 2.63594
22 3 1 0 2.96138
22 3 1 1 2.62665
22 3 1 2 1.4997
22 3 2 0 2.63594
22 3 2 1 1.4997
22 3 2 2 0.79122
23 0 0 0 0.461538
23 0 0 1 0.48083
23 0 0 2 0.226687
23 0 1 0 0.48083
23 0 1 1 0.219425
23 0 1 2 0.116001
23 0 2 0 0.226687
23 0 2 1 0.116001
23 0 2 2 0.0707776
23 0 0 0 0.461538
23 0 0 1 0.48083
23 0 0 2 0.226687
23 0 1 0 0.48083
23 0 1 1 0.219425
23 0 1 2 0.116001
23 0 2 0 0.226687
23 0 2 1 0.116001
23 0 2 2 0.0707776
23 0 0 0 0.461538
23 0 0 1 0.48083
23 0 0 2 0.226687
23 0 1 0 0.48083
23 0 1 1 0.219425
23 0 1 2 0.116001
23 0 2 0 0.226687
23 0 2 1 0.116001
23 0 2 2 0.0707776
23 1 0 0 0.173077
23 1 0 1 0.180311
23 1 0 2 0.0810564
23 1 1 0 0.180311
23 1 1 1 0.0782205
23 1 1 2 0.0420495
23 1 2 0 0.0810564
23 1 2 1 0.0420495
23 1 2 2 0.0259202
23 1 0 0 0.173077
23 1 0 1 0.180311
23 1 0 2 0.0810564
23 1 1 0 0.180311
23 1 1 1 0.0782205
23 1 1 2 0.0420495
23 1 2 0 0.0810564
23 1 2 1 0.0420495
23 1 2 2 0.0259202
23 1 0 0 0.173077
23 1 0 1 0.180311
23 1 0 2 0.0810564
23 1 1 0 0.180311
23 1 1 1 0.0782205
23 1 1 2 0.0420495
23 1 2 0 0.0810564
23 1 2 1 0.0420495
23 1 2 2 0.0259202
23 2 0 0 0.278846
23 2 0 1 0.290502
23 2 0 2 0.132713
23 2 1 0 0.290502
23 2 1 1 0.128205
23 2 1 2 0.068507
23 2 2 0 0.132713
23 2 2 1 0.068507
23 2 2 2 0.0420885
23 2 0 0 0.278846
23 2 0 1 0.290502
23 2 0 2 0.132713
23 2 1 0 0.290502
23 2 1 1 0.128205
23 2 1 2 0.068507
23 2 2 0 0.132713
23 2 2 1 0.068507
23 2 2 2 0.0420885
23 2 0 0 0.278846
23 2 0 1 0.290502
23 2 0 2 0.132713
23 2 1 0 0.290502
23 2 1 1 0.128205
23 2 1 2 0.068507
23 2 2 0 0.132713
23 2 2 1 0.068507
23 2 2 2 0.0420885
23 3 0 0 0.144231
23 3 0 1 0.150259
23 3 0 2 0.0659007
23 3 1 0 0.150259
23 3 1 1 0.0634904
23 3 1 2 0.0344694
23 3 2 0 0.0659007
23 3 2 1 0.0344694
23 3 2 2 0.0213507
23 3 0 0 0.144231
23 3 0 1 0.150259
23 3 0 2 0.0659007
23 3 1 0 0.150259
23 3 1 1 0.0634904
23 3 1 2 0.0344694
23 3 2 0 0.0659007
23 3 2 1 0.0344694
23 3 2 2 0.0213507
23 3 0 0 0.144231
23 3 0 1 0.150259
23 3 0 2 0.0659007
23 3 1 0 0.150259
23 3 1 1 0.0634904
23 3 1 2 0.0344694
23 3 2 0 0.0659007
23 3 2 1 0.0344694
23 3 2 2 0.0213507
24 0 0 0 0.432692
24 0 0 1 0.428598
24 0 0 2 0.205371
24 0 1 0 0.428598
24 0 1 1 0.198993
24 0 1 2 0.104675
24 0 2 0 0.205371
24 0 2 1 0.104675
24 0 2 2 0.0636278
24 0 0 0 0.432692
24 0 0 1 0.428598
24 0 0 2 0.205371
24 0 1 0 0.428598
24 0 1 1 0.198993
24 0 1 2 0.104675
24 0 2 0 0.205371
24 0 2 1 0.104675
24 0 2 2 0.0636278
24 0 0 0 0.432692
24 0 0 1 0.428598
24 0 0 2 0.205371
24 0 1 0 0.428598
24 0 1 1 0.198993
24 0 1 2 0.104675
24 0 2 0 0.205371
24 0 2 1 0.104675
24 0 2 2 0.0636278
24 1 0 0 0.509615
24 1 0 1 0.504793
24 1 0 2 0.250646
24 1 1 0 0.504793
24 1 1 1 0.243385
24 1 1 2 0.126792
24 1 2 0 0.250646
24 1 2 1 0.126792
24 1 2 2 0.0764098
24 1 0 0 0.509615
24 1 0 1 0.504793
24 1 0 2 0.250646
24 1 1 0 0.504793
24 1 1 1 0.243385
24 1 1 2 0.126792
24 1 2 0 0.250646
24 1 2 1 0.126792
24 1 2 2 0.0764098
24 1 0 0 0.509615
24 1 0 1 0.504793
24 1 0 2 0.250646
24 1 1 0 0.504793
24 1 1 1 0.243385
24 1 1 2 0.126792
24 1 2 0 0.250646
24 1 2 1 0.126792
24 1 2 2 0.0764098
24 2 0 0 0.769231
24 2 0 1 0.761951
24 2 0 2 0.410084
24 2 1 0 0.761951
24 2 1 1 0.40003
24 2 1 2 0.205225
24 2 2 0 0.410084
24 2 2 1 0.205225
24 2 2 2 0.121067
24 2 0 0 0.769231
24 2 0 1 0.761951
24 2 0 2 0.410084
24 2 1 0 0.761951
24 2 1 1 0.40003
24 2 1 2 0.205225
24 2 2 0 0.410084
24 2 2 1 0.205225
24 2 2 2 0.121067
24 2 0 0 0.769231
24 2 0 1 0.761951
24 2 0 2 0.410084
24 2 1 0 0.761951
24 2 1 1 0.40003
24 2 1 2 0.205225
24 2 2 0 0.410084
24 2 2 1 0.205225
24 2 2 2 0.121067
24 3 0 0 1
24 3 0 1 0.990537
24 3 0 2 0.543428
24 3 1 0 0.990537
24 3 1 1 0.530653
24 3 1 2 0.271616
24 3 2 0 0.543428
24 3 2 1 0.271616
24 3 2 2 0.159375
24 3 0 0 1
24 3 0 1 0.990537
24 3 0 2 0.543428
24 3 1 0 0.990537
24 3 1 1 0.530653
24 3 1 2 0.271616
24 3 2 0 0.543428
24 3 2 1 0.271616
24 3 2 2 0.159375
24 3 0 0 1
24 3 0 1 0.990537
24 3 0 2 0.543428
24 3 1 0 0.990537
24 3 1 1 0.530653
24 3 1 2 0.271616
24 3 2 0 0.543428
24 3 2 1 0.271616
24 3 2 2 0.159375
25 0 0 0 1.18269
25 0 0 1 1.92379
25 0 0 2 1.39396
25 0 1 0 1.92379
25 0 1 1 1.37883
25 0 1 2 0.723878
25 0 2 0 1.39396
25 0 2 1 0.723878
25 0 2 2 0.393295
25 0 0 0 1.18269
25 0 0 1 1.92379
25 0 0 2 1.39396
25 0 1 0 1.92379
25 0 1 1 1.37883
25 0 1 2 0.723878
25 0 2 0 1.39396
25 0 2 1 0.723878
25 0 2 2 0.393295
25 0 0 0 1.18269
25 0 0 1 1.92379
25 0 0 2 1.39396
25 0 1 0 1.92379
25 0 1 1 1.37883
25 0 1 2 0.723878
25 0 2 0 1.39396
25 0 2 1 0.723878
25 0 2 2 0.393295
25 1 0 0 0.971154
25 1 0 1 1.5797
25 1 0 2 1.08158
25 1 1 0 1.5797
25 1 1 1 1.06735
25 1 1 2 0.552648
25 1 2 0 1.08158
25 1 2 1 0.552648
25 1 2 2 0.304501
25 1 0 0 0.971154
25 1 0 1 1.5797
25 1 0 2 1.08158
25 1 1 0 1.5797
25 1 1 1 1.06735
25 1 1 2 0.552648
25 1 2 0 1.08158
25 1 2 1 0.552648
25 1 2 2 0.304501
25 1 0 0 0.971154
25 1 0 1 1.5797
25 1 0 2 1.08158
25 1 1 0 1.5797
25 1 1 1 1.06735
25 1 1 2 0.552648
25 1 2 0 1.08158
25 1 2 1 0.552648
25 1 2 2 0.304501
25 2 0 0 0.894231
25 2 0 1 1.45458
25 2 0 2 0.904673
25 2 1 0 1.45458
25 2 1 1 0.888962
25 2 1 2 0.454114
25 2 2 0 0.904673
25 2 2 1 0.454114
25 2 2 2 0.256976
25 2 0 0 0.894231
25 2 0 1 1.45458
25 2 0 2 0.904673
25 2 1 0 1.45458
25 2 1 1 0.888962
25 2 1 2 0.454114
25 2 2 0 0.904673
25 2 2 1 0.454114
25 2 2 2 0.256976
25 2 0 0 0.894231
25 2 0 1 1.45458
25 2 0 2 0.904673
25 2 1 0 1.45458
25 2 1 1 0.888962
25 2 1 2 0.454114
25 2 2 0 0.904673
25 2 2 1 0.454114
25 2 2 2 0.256976
25 3 0 0 1.18269
25 3 0 1 1.92379
25 3 0 2 1.36105
25 3 1 0 1.92379
25 3 1 1 1.34498
25 3 1 2 0.701631
25 3 2 0 1.36105
25 3 2 1 0.701631
25 3 2 2 0.383387
25 3 0 0 1.18269
25 3 0 1 1.92379
25 3 0 2 1.36105
25 3 1 0 1.92379
25 3 1 1 1.34498
25 3 1 2 0.701631
25 3 2 0 1.36105
25 3 2 1 0.701631
25 3 2 2 0.383387
25 3 0 0 1.18269
25 3 0 1 1.92379
25 3 0 2 1.36105
25 3 1 0 1.92379
25 3 1 1 1.34498
25 3 1 2 0.701631
25 3 2 0 1.36105
25 3 2 1 0.701631
25 3 2 2 0.383387
26 0 0 0 1.77885
26 0 0 1 1.78922
26 0 0 2 1.28807
26 0 1 0 1.78922
26 0 1 1 1.27375
26 0 1 2 0.667512
26 0 2 0 1.28807
26 0 2 1 0.667512
26 0 2 2 0.36322
26 0 0 0 1.77885
26 0 0 1 1.78922
26 0 0 2 1.28807
26 0 1 0 1.78922
26 0 1 1 1.27375
26 0 1 2 0.667512
26 0 2 0 1.28807
26 0 2 1 0.667512
26 0 2 2 0.36322
26 0 0 0 1.77885
26 0 0 1 1.78922
26 0 0 2 1.28807
26 0 1 0 1.78922
26 0 1 1 1.27375
26 0 1 2 0.667512
26 0 2 0 1.28807
26 0 2 1 0.667512
26 0 2 2 0.36322
26 1 0 0 1.25
26 1 0 1 1.25729
26 1 0 2 0.7677
26 1 1 0 1.25729
26 1 1 1 0.753712
26 1 1 2 0.384595
26 1 2 0 0.7677
26 1 2 1 0.384595
26 1 2 2 0.2188
26 1 0 0 1.25
26 1 0 1 1.25729
26 1 0 2 0.7677
26 1 1 0 1.25729
26 1 1 1 0.753712
26 1 1 2 0.384595
26 1 2 0 0.7677
26 1 2 1 0.384595
26 1 2 2 0.2188
26 1 0 0 1.25
26 1 0 1 1.25729
26 1 0 2 0.7677
26 1 1 0 1.25729
26 1 1 1 0.753712
26 1 1 2 0.384595
26 1 2 0 0.7677
26 1 2 1 0.384595
26 1 2 2 0.2188
26 2 0 0 1.26923
26 2 0 1 1.27663
26 2 0 2 0.802018
26 2 1 0 1.27663
26 2 1 1 0.788458
26 2 1 2 0.403098
26 2 2 0 0.802018
26 2 2 1 0.403098
26 2 2 2 0.227448
26 2 0 0 1.26923
26 2 0 1 1.27663
26 2 0 2 0.802018
26 2 1 0 1.27663
26 2 1 1 0.788458
26 2 1 2 0.403098
26 2 2 0 0.802018
26 2 2 1 0.403098
26 2 2 2 0.227448
26 2 0 0 1.26923
26 2 0 1 1.27663
26 2 0 2 0.802018
26 2 1 0 1.27663
26 2 1 1 0.788458
26 2 1 2 0.403098
26 2 2 0 0.802018
26 2 2 1 0.403098
26 2 2 2 0.227448
26 3 0 0 1.44231
26 3 0 1 1.45072
26 3 0 2 0.957422
26 3 1 0 1.45072
26 3 1 1 0.943328
26 3 1 2 0.485185
26 3 2 0 0.957422
26 3 2 1 0.485185
26 3 2 2 0.269987
26 3 0 0 1.44231
26 3 0 1 1.45072
26 3 0 2 0.957422
26 3 1 0 1.45072
26 3 1 1 0.943328
26 3 1 2 0.485185
26 3 2 0 0.957422
26 3 2 1 0.485185
26 3 2 2 0.269987
26 3 0 0 1.44231
26 3 0 1 1.45072
26 3 0 2 0.957422
26 3 1 0 1.45072
26 3 1 1 0.943328
26 3 1 2 0.485185
26 3 2 0 0.957422
26 3 2 1 0.485185
26 3 2 2 0.269987
27 0 0 0 1.72115
27 0 0 1 1.41153
27 0 0 2 0.876267
27 0 1 0 1.41153
27 0 1 1 0.860974
27 0 1 2 0.439757
27 0 2 0 0.876267
27 0 2 1 0.439757
27 0 2 2 0.248986
27 0 0 0 1.72115
27 0 0 1 1.41153
27 0 0 2 0.876267
27 0 1 0 1.41153
27 0 1 1 0.860974
27 0 1 2 0.439757
27 0 2 0 0.876267
27 0 2 1 0.439757
27 0 2 2 0.248986
27 0 0 0 1.72115
27 0 0 1 1.41153
27 0 0 2 0.876267
27 0 1 0 1.41153
27 0 1 1 0.860974
27 0 1 2 0.439757
27 0 2 0 0.876267
27 0 2 1 0.439757
27 0 2 2 0.248986
27 1 0 0 1.66346
27 1 0 1 1.36422
27 1 0 2 0.870428
27 1 1 0 1.36422
27 1 1 1 0.856319
27 1 1 2 0.438461
27 1 2 0 0.870428
27 1 2 1 0.438461
27 1 2 2 0.246308
27 1 0 0 1.66346
27 1 0 1 1.36422
27 1 0 2 0.870428
27 1 1 0 1.36422
27 1 1 1 0.856319
27 1 1 2 0.438461
27 1 2 0 0.870428
27 1 2 1 0.438461
27 1 2 2 0.246308
27 1 0 0 1.66346
27 1 0 1 1.36422
27 1 0 2 0.870428
27 1 1 0 1.36422
27 1 1 1 0.856319
27 1 1 2 0.438461
27 1 2 0 0.870428
27 1 2 1 0.438461
27 1 2 2 0.246308
27 2 0 0 2.06731
27 2 0 1 1.69542
27 2 0 2 1.11099
27 2 1 0 1.69542
27 2 1 1 1.09429
27 2 1 2 0.562227
27 2 2 0 1.11099
27 2 2 1 0.562227
27 2 2 2 0.313473
27 2 0 0 2.06731
27 2 0 1 1.69542
27 2 0 2 1.11099
27 2 1 0 1.69542
27 2 1 1 1.09429
27 2 1 2 0.562227
27 2 2 0 1.11099
27 2 2 1 0.562227
27 2 2 2 0.313473
27 2 0 0 2.06731
27 2 0 1 1.69542
27 2 0 2 1.11099
27 2 1 0 1.69542
27 2 1 1 1.09429
27 2 1 2 0.562227
27 2 2 0 1.11099
27 2 2 1 0.562227
27 2 2 2 0.313473
27 3 0 0 2
27 3 0 1 1.64022
27 3 0 2 1.08425
27 3 1 0 1.64022
27 3 1 1 1.06837
27 3 1 2 0.549638
27 3 2 0 1.08425
27 3 2 1 0.549638
27 3 2 2 0.305715
27 3 0 0 2
27 3 0 1 1.64022
27 3 0 2 1.08425
27 3 1 0 1.64022
27 3 1 1 1.06837
27 3 1 2 0.549638
27 3 2 0 1.08425
27 3 2 1 0.549638
27 3 2 2 0.305715
27 3 0 0 2
27 3 0 1 1.64022
27 3 0 2 1.08425
27 3 1 0 1.64022
27 3 1 1 1.06837
27 3 1 2 0.549638
27 3 2 0 1.08425
27 3 2 1 0.549638
27 3 2 2 0.305715
28 0 0 0 0.375
28 0 0 1 0.526213
28 0 0 2 0.273615
28 0 1 0 0.526213
28 0 1 1 0.266397
28 0 1 2 0.137413
28 0 2 0 0.273615
28 0 2 1 0.137413
28 0 2 2 0.0818274
28 0 0 0 0.375
28 0 0 1 0.526213
28 0 0 2 0.273615
28 0 1 0 0.526213
28 0 1 1 0.266397
28 0 1 2 0.137413
28 0 2 0 0.273615
28 0 2 1 0.137413
28 0 2 2 0.0818274
28 0 0 0 0.375
28 0 0 1 0.526213
28 0 0 2 0.273615
28 0 1 0 0.526213
28 0 1 1 0.266397
28 0 1 2 0.137413
28 0 2 0 0.273615
28 0 2 1 0.137413
28 0 2 2 0.0818274
28 1 0 0 0.557692
28 1 0 1 0.782573
28 1 0 2 0.433861
28 1 1 0 0.782573
28 1 1 1 0.423898
28 1 1 2 0.21675
28 1 2 0 0.433861
28 1 2 1 0.21675
28 1 2 2 0.126805
28 1 0 0 0.557692
28 1 0 1 0.782573
28 1 0 2 0.433861
28 1 1 0 0.782573
28 1 1 1 0.423898
28 1 1 2 0.21675
28 1 2 0 0.433861
28 1 2 1 0.21675
28 1 2 2 0.126805
28 1 0 0 0.557692
28 1 0 1 0.782573
28 1 0 2 0.433861
28 1 1 0 0.782573
28 1 1 1 0.423898
28 1 1 2 0.21675
28 1 2 0 0.433861
28 1 2 1 0.21675
28 1 2 2 0.126805
28 2 0 0 0.711538
28 2 0 1 0.998455
28 2 0 2 0.558459
28 2 1 0 0.998455
28 2 1 1 0.545887
28 2 1 2 0.278919
28 2 2 0 0.558459
28 2 2 1 0.278919
28 2 2 2 0.162765
28 2 0 0 0.711538
28 2 0 1 0.998455
28 2 0 2 0.558459
28 2 1 0 0.998455
28 2 1 1 0.545887
28 2 1 2 0.278919
28 2 2 0 0.558459
28 2 2 1 0.278919
28 2 2 2 0.162765
28 2 0 0 0.711538
28 2 0 1 0.998455
28 2 0 2 0.558459
28 2 1 0 0.998455
28 2 1 1 0.545887
28 2 1 2 0.278919
28 2 2 0 0.558459
28 2 2 1 0.278919
28 2 2 2 0.162765
28 3 0 0 0.509615
28 3 0 1 0.715109
28 3 0 2 0.389424
28 3 1 0 0.715109
28 3 1 1 0.380119
28 3 1 2 0.194725
28 3 2 0 0.389424
28 3 2 1 0.194725
28 3 2 2 0.114496
28 3 0 0 0.509615
28 3 0 1 0.715109
28 3 0 2 0.389424
28 3 1 0 0.715109
28 3 1 1 0.380119
28 3 1 2 0.194725
28 3 2 0 0.389424
28 3 2 1 0.194725
28 3 2 2 0.114496
28 3 0 0 0.509615
28 3 0 1 0.715109
28 3 0 2 0.389424
28 3 1 0 0.715109
28 3 1 1 0.380119
28 3 1 2 0.194725
28 3 2 0 0.389424
28 3 2 1 0.194725
28 3 2 2 0.114496
29 0 0 0 0.509615
29 0 0 1 0.333025
29 0 0 2 0.154018
29 0 1 0 0.333025
29 0 1 1 0.148904
29 0 1 2 0.0792232
29 0 2 0 0.154018
29 0 2 1 0.0792232
29 0 2 2 0.0485442
29 0 0 0 0.509615
29 0 0 1 0.333025
29 0 0 2 0.154018
29 0 1 0 0.333025
29 0 1 1 0.148904
29 0 1 2 0.0792232
29 0 2 0 0.154018
29 0 2 1 0.0792232
29 0 2 2 0.0485442
29 0 0 0 0.509615
29 0 0 1 0.333025
29 0 0 2 0.154018
29 0 1 0 0.333025
29 0 1 1 0.148904
29 0 1 2 0.0792232
29 0 2 0 0.154018
29 0 2 1 0.0792232
29 0 2 2 0.0485442
29 1 0 0 0.346154
29 1 0 1 0.226205
29 1 0 2 0.102025
29 1 1 0 0.226205
29 1 1 1 0.0984773
29 1 1 2 0.0528722
29 1 2 0 0.102025
29 1 2 1 0.0528722
29 1 2 2 0.0325695
29 1 0 0 0.346154
29 1 0 1 0.226205
29 1 0 2 0.102025
29 1 1 0 0.226205
29 1 1 1 0.0984773
29 1 1 2 0.0528722
29 1 2 0 0.102025
29 1 2 1 0.0528722
29 1 2 2 0.0325695
29 1 0 0 0.346154
29 1 0 1 0.226205
29 1 0 2 0.102025
29 1 1 0 0.226205
29 1 1 1 0.0984773
29 1 1 2 0.0528722
29 1 2 0 0.102025
29 1 2 1 0.0528722
29 1 2 2 0.0325695
29 2 0 0 0.625
29 2 0 1 0.408426
29 2 0 2 0.194504
29 2 1 0 0.408426
29 2 1 1 0.188392
29 2 1 2 0.0992823
29 2 2 0 0.194504
29 2 2 1 0.0992823
29 2 2 2 0.0604366
29 2 0 0 0.625
29 2 0 1 0.408426
29 2 0 2 0.194504
29 2 1 0 0.408426
29 2 1 1 0.188392
29 2 1 2 0.0992823
29 2 2 0 0.194504
29 2 2 1 0.0992823
29 2 2 2 0.0604366
29 2 0 0 0.625
29 2 0 1 0.408426
29 2 0 2 0.194504
29 2 1 0 0.408426
29 2 1 1 0.188392
29 2 1 2 0.0992823
29 2 2 0 0.194504
29 2 2 1 0.0992823
29 2 2 2 0.0604366
29 3 0 0 0.692308
29 3 0 1 0.452411
29 3 0 2 0.222706
29 3 1 0 0.452411
29 3 1 1 0.216143
29 3 1 2 0.112847
29 3 2 0 0.222706
29 3 2 1 0.112847
29 3 2 2 0.0681517
29 3 0 0 0.692308
29 3 0 1 0.452411
29 3 0 2 0.222706
29 3 1 0 0.452411
29 3 1 1 0.216143
29 3 1 2 0.112847
29 3 2 0 0.222706
29 3 2 1 0.112847
29 3 2 2 0.0681517
29 3 0 0 0.692308
29 3 0 1 0.452411
29 3 0 2 0.222706
29 3 1 0 0.452411
29 3 1 1 0.216143
29 3 1 2 0.112847
29 3 2 0 0.222706
29 3 2 1 0.112847
29 3 2 2 0.0681517
30 0 0 0 0.0480769
30 0 0 1 0.0440468
30 0 0 2 0.0186357
30 0 1 0 0.0440468
30 0 1 1 0.0179097
30 0 1 2 0.00987819
30 0 2 0 0.0186357
30 0 2 1 0.00987819
30 0 2 2 0.00615829
30 0 0 0 0.0480769
30 0 0 1 0.0440468
30 0 0 2 0.0186357
30 0 1 0 0.0440468
30 0 1 1 0.0179097
30 0 1 2 0.00987819
30 0 2 0 0.0186357
30 0 2 1 0.00987819
30 0 2 2 0.00615829
30 0 0 0 0.0480769
30 0 0 1 0.0440468
30 0 0 2 0.0186357
30 0 1 0 0.0440468
30 0 1 1 0.0179097
30 0 1 2 0.00987819
30 0 2 0 0.0186357
30 0 2 1 0.00987819
30 0 2 2 0.00615829
30 1 0 0 0
30 1 0 1 0
30 1 0 2 0
30 1 1 0 0
30 1 1 1 0
30 1 1 2 0
30 1 2 0 0
30 1 2 1 0
30 1 2 2 0
30 1 0 0 0
30 1 0 1 0
30 1 0 2 0
30 1 1 0 0
30 1 1 1 0
30 1 1 2 0
30 1 2 0 0
30 1 2 1 0
30 1 2 2 0
30 1 0 0 0
30 1 0 1 0
30 1 0 2 0
30 1 1 0 0
30 1 1 1 0
30 1 1 2 0
30 1 2 0 0
30 1 2 1 0
30 1 2 2 0
30 2 0 0 0.105769
30 2 0 1 0.0969029
30 2 0 2 0.0419323
30 2 1 0 0.0969029
30 2 1 1 0.0403617
30 2 1 2 0.0220381
30 2 2 0 0.0419323
30 2 2 1 0.0220381
30 2 2 2 0.0136848
30 2 0 0 0.105769
30 2 0 1 0.0969029
30 2 0 2 0.0419323
30 2 1 0 0.0969029
30 2 1 1 0.0403617
30 2 1 2 0.0220381
30 2 2 0 0.0419323
30 2 2 1 0.0220381
30 2 2 2 0.0136848
30 2 0 0 0.105769
30 2 0 1 0.0969029
30 2 0 2 0.0419323
30 2 1 0 0.0969029
30 2 1 1 0.0403617
30 2 1 2 0.0220381
30 2 2 0 0.0419323
30 2 2 1 0.0220381
30 2 2 2 0.0136848
30 3 0 0 0.0192308
30 3 0 1 0.0176187
30 3 0 2 0.0074543
30 3 1 0 0.0176187
30 3 1 1 0.00716389
30 3 1 2 0.00395128
30 3 2 0 0.0074543
30 3 2 1 0.00395128
30 3 2 2 0.00246332
30 3 0 0 0.0192308
30 3 0 1 0.0176187
30 3 0 2 0.0074543
30 3 1 0 0.0176187
30 3 1 1 0.00716389
30 3 1 2 0.00395128
30 3 2 0 0.0074543
30 3 2 1 0.00395128
30 3 2 2 0.00246332
30 3 0 0 0.0192308
30 3 0 1 0.0176187
30 3 0 2 0.0074543
30 3 1 0 0.0176187
30 3 1 1 0.00716389
30 3 1 2 0.00395128
30 3 2 0 0.0074543
30 3 2 1 0.00395128
30 3 2 2 0.00246332
31 0 0 0 0.0961538
31 0 0 1 0.0975984
31 0 0 2 0.0420551
31 0 1 0 0.0975984
31 0 1 1 0.0404682
31 0 1 2 0.0221371
31 0 2 0 0.0420551
31 0 2 1 0.0221371
31 0 2 2 0.0137568
31 0 0 0 0.0961538
31 0 0 1 0.0975984
31 0 0 2 0.0420551
31 0 1 0 0.0975984
31 0 1 1 0.0404682
31 0 1 2 0.0221371
31 0 2 0 0.0420551
31 0 2 1 0.0221371
31 0 2 2 0.0137568
31 0 0 0 0.0961538
31 0 0 1 0.0975984
31 0 0 2 0.0420551
31 0 1 0 0.0975984
31 0 1 1 0.0404682
31 0 1 2 0.0221371
31 0 2 0 0.0420551
31 0 2 1 0.0221371
31 0 2 2 0.0137568
31 1 0 0 0.125
31 1 0 1 0.126878
31 1 0 2 0.0560261
31 1 1 0 0.126878
31 1 1 1 0.0540017
31 1 1 2 0.0292359
31 1 2 0 0.0560261
31 1 2 1 0.0292359
31 1 2 2 0.0180855
31 1 0 0 0.125
31 1 0 1 0.126878
31 1 0 2 0.0560261
31 1 1 0 0.126878
31 1 1 1 0.0540017
31 1 1 2 0.0292359
31 1 2 0 0.0560261
31 1 2 1 0.0292359
31 1 2 2 0.0180855
31 1 0 0 0.125
31 1 0 1 0.126878
31 1 0 2 0.0560261
31 1 1 0 0.126878
31 1 1 1 0.0540017
31 1 1 2 0.0292359
31 1 2 0 0.0560261
31 1 2 1 0.0292359
31 1 2 2 0.0180855
31 2 0 0 0.182692
31 2 0 1 0.185437
31 2 0 2 0.0818842
31 2 1 0 0.185437
31 2 1 1 0.0789256
31 2 1 2 0.0427293
31 2 2 0 0.0818842
31 2 2 1 0.0427293
31 2 2 2 0.0264326
31 2 0 0 0.182692
31 2 0 1 0.185437
31 2 0 2 0.0818842
31 2 1 0 0.185437
31 2 1 1 0.0789256
31 2 1 2 0.0427293
31 2 2 0 0.0818842
31 2 2 1 0.0427293
31 2 2 2 0.0264326
31 2 0 0 0.182692
31 2 0 1 0.185437
31 2 0 2 0.0818842
31 2 1 0 0.185437
31 2 1 1 0.0789256
31 2 1 2 0.0427293
31 2 2 0 0.0818842
31 2 2 1 0.0427293
31 2 2 2 0.0264326
31 3 0 0 0.144231
31 3 0 1 0.146398
31 3 0 2 0.0641245
31 3 1 0 0.146398
31 3 1 1 0.0617739
31 3 1 2 0.0335554
31 3 2 0 0.0641245
31 3 2 1 0.0335554
31 3 2 2 0.0207897
31 3 0 0 0.144231
31 3 0 1 0.146398
31 3 0 2 0.0641245
31 3 1 0 0.146398
31 3 1 1 0.0617739
31 3 1 2 0.0335554
31 3 2 0 0.0641245
31 3 2 1 0.0335554
31 3 2 2 0.0207897
31 3 0 0 0.144231
31 3 0 1 0.146398
31 3 0 2 0.0641245
31 3 1 0 0.146398
31 3 1 1 0.0617739
31 3 1 2 0.0335554
31 3 2 0 0.0641245
31 3 2 1 0.0335554
31 3 2 2 0.0207897
32 0 0 0 2.50962
32 0 0 1 2.86326
32 0 0 2 2.25806
32 0 1 0 2.86326
32 0 1 1 2.24076
32 0 1 2 1.21031
32 0 2 0 2.25806
32 0 2 1 1.21031
32 0 2 2 0.646525
32 0 0 0 2.50962
32 0 0 1 2.86326
32 0 0 2 2.25806
32 0 1 0 2.86326
32 0 1 1 2.24076
32 0 1 2 1.21031
32 0 2 0 2.25806
32 0 2 1 1.21031
32 0 2 2 0.646525
32 0 0 0 2.50962
32 0 0 1 2.86326
32 0 0 2 2.25806
32 0 1 0 2.86326
32 0 1 1 2.24076
32 0 1 2 1.21031
32 0 2 0 2.25806
32 0 2 1 1.21031
32 0 2 2 0.646525
32 1 0 0 2.21154
32 1 0 1 2.52318
32 1 0 2 2.22197
32 1 1 0 2.52318
32 1 1 1 2.21336
32 1 1 2 1.25672
32 1 2 0 2.22197
32 1 2 1 1.25672
32 1 2 2 0.663307
32 1 0 0 2.21154
32 1 0 1 2.52318
32 1 0 2 2.22197
32 1 1 0 2.52318
32 1 1 1 2.21336
32 1 1 2 1.25672
32 1 2 0 2.22197
32 1 2 1 1.25672
32 1 2 2 0.663307
32 1 0 0 2.21154
32 1 0 1 2.52318
32 1 0 2 2.22197
32 1 1 0 2.52318
32 1 1 1 2.21336
32 1 1 2 1.25672
32 1 2 0 2.22197
32 1 2 1 1.25672
32 1 2 2 0.663307
32 2 0 0 2
32 2 0 1 2.28183
32 2 0 2 1.86341
32 2 1 0 2.28183
32 2 1 1 1.85145
32 2 1 2 1.01441
32 2 2 0 1.86341
32 2 2 1 1.01441
32 2 2 2 0.539072
32 2 0 0 2
32 2 0 1 2.28183
32 2 0 2 1.86341
32 2 1 0 2.28183
32 2 1 1 1.85145
32 2 1 2 1.01441
32 2 2 0 1.86341
32 2 2 1 1.01441
32 2 2 2 0.539072
32 2 0 0 2
32 2 0 1 2.28183
32 2 0 2 1.86341
32 2 1 0 2.28183
32 2 1 1 1.85145
32 2 1 2 1.01441
32 2 2 0 1.86341
32 2 2 1 1.01441
32 2 2 2 0.539072
32 3 0 0 2.24038
32 3 0 1 2.55609
32 3 0 2 1.97492
32 3 1 0 2.55609
32 3 1 1 1.95831
32 3 1 2 1.04964
32 3 2 0 1.97492
32 3 2 1 1.04964
32 3 2 2 0.562704
32 3 0 0 2.24038
32 3 0 1 2.55609
32 3 0 2 1.97492
32 3 1 0 2.55609
32 3 1 1 1.95831
32 3 1 2 1.04964
32 3 2 0 1.97492
32 3 2 1 1.04964
32 3 2 2 0.562704
32 3 0 0 2.24038
32 3 0 1 2.55609
32 3 0 2 1.97492
32 3 1 0 2.55609
32 3 1 1 1.95831
32 3 1 2 1.04964
32 3 2 0 1.97492
32 3 2 1 1.04964
32 3 2 2 0.562704
33 0 0 0 0.00961538
33 0 0 1 0.00492528
33 0 0 2 0.00206104
33 0 1 0 0.00492528
33 0 1 1 0.00197921
33 0 1 2 0.0010973
33 0 2 0 0.00206104
33 0 2 1 0.0010973
33 0 2 2 0.000685333
33 0 0 0 0.00961538
33 0 0 1 0.00492528
33 0 0 2 0.00206104
33 0 1 0 0.00492528
33 0 1 1 0.00197921
33 0 1 2 0.0010973
33 0 2 0 0.00206104
33 0 2 1 0.0010973
33 0 2 2 0.000685333
33 0 0 0 0.00961538
33 0 0 1 0.00492528
33 0 0 2 0.00206104
33 0 1 0 0.00492528
33 0 1 1 0.00197921
33 0 1 2 0.0010973
33 0 2 0 0.00206104
33 0 2 1 0.0010973
33 0 2 2 0.000685333
33 1 0 0 0.0480769
33 1 0 1 0.0246264
33 1 0 2 0.0103494
33 1 1 0 0.0246264
33 1 1 1 0.00994153
33 1 1 2 0.00550052
33 1 2 0 0.0103494
33 1 2 1 0.00550052
33 1 2 2 0.00343302
33 1 0 0 0.0480769
33 1 0 1 0.0246264
33 1 0 2 0.0103494
33 1 1 0 0.0246264
33 1 1 1 0.00994153
33 1 1 2 0.00550052
33 1 2 0 0.0103494
33 1 2 1 0.00550052
33 1 2 2 0.00343302
33 1 0 0 0.0480769
33 1 0 1 0.0246264
33 1 0 2 0.0103494
33 1 1 0 0.0246264
33 1 1 1 0.00994153
33 1 1 2 0.00550052
33 1 2 0 0.0103494
33 1 2 1 0.00550052
33 1 2 2 0.00343302
33 2 0 0 0.00961538
33 2 0 1 0.00492528
33 2 0 2 0.00206104
33 2 1 0 0.00492528
33 2 1 1 0.00197921
33 2 1 2 0.0010973
33 2 2 0 0.00206104
33 2 2 1 0.0010973
33 2 2 2 0.000685333
33 2 0 0 0.00961538
33 2 0 1 0.00492528
33 2 0 2 0.00206104
33 2 1 0 0.00492528
33 2 1 1 0.00197921
33 2 1 2 0.0010973
33 2 2 0 0.00206104
33 2 2 1 0.0010973
33 2 2 2 0.000685333
33 2 0 0 0.00961538
33 2 0 1 0.00492528
33 2 0 2 0.00206104
33 2 1 0 0.00492528
33 2 1 1 0.00197921
33 2 1 2 0.0010973
33 2 2 0 0.00206104
33 2 2 1 0.0010973
33 2 2 2 0.000685333
33 3 0 0 0
33 3 0 1 0
33 3 0 2 0
33 3 1 0 0
33 3 1 1 0
33 3 1 2 0
33 3 2 0 0
33 3 2 1 0
33 3 2 2 0
33 3 0 0 0
33 3 0 1 0
33 3 0 2 0
33 3 1 0 0
33 3 1 1 0
33 3 1 2 0
33 3 2 0 0
33 3 2 1 0
33 3 2 2 0
33 3 0 0 0
33 3 0 1 0
33 3 0 2 0
33 3 1 0 0
33 3 1 1 0
33 3 1 2 0
33 3 2 0 0
33 3 2 1 0
33 3 2 2 0
