30
64897 27 0 6 600 -22.9608 -43.3388 600 2400 0 1 3 0
64927 39 2 6 600 -22.9211 -43.1984 600 2400 0 1 8 0
65064 29 1 6 600 -22.9608 -43.2305 600 2400 0 1 2 0
65418 55 0 6 600 -22.8745 -43.5055 600 2400 0 1 6 0
65443 29 1 6 600 -22.9779 -43.2215 600 2400 0 1 2 0
65553 18 1 6 600 -22.9928 -43.3503 600 2400 0 1 3 0
65570 44 1 6 600 -22.9077 -43.5444 600 2400 0 1 7 0
65722 58 2 6 600 -22.8629 -43.2963 600 2400 0 1 1 0
65755 48 3 6 600 -22.903 -43.2916 600 2400 0 1 1 0
65818 47 3 6 600 -22.902 -43.3677 600 2400 0 1 1 0
65821 49 3 6 600 -22.8853 -43.2342 600 2400 0 1 0 0
65888 34 3 6 600 -22.9346 -43.5393 600 2400 0 1 7 0
66028 42 0 6 600 -22.9 -43.7119 600 2400 0 1 4 0
66245 58 3 6 600 -22.8575 -43.2487 600 2400 0 1 1 0
66371 44 1 6 600 -22.9034 -43.568 600 2400 0 1 7 0
66456 43 2 6 600 -22.8874 -43.6465 600 2400 0 1 7 0
66509 57 1 6 600 -22.8521 -43.3733 600 2400 0 1 9 0
66644 39 2 6 600 -22.9348 -43.1914 600 2400 0 1 8 0
66664 39 0 6 600 -22.9424 -43.2323 600 2400 0 1 8 0
66699 55 3 6 600 -22.8781 -43.4925 600 2400 0 1 6 0
66968 39 2 6 600 -22.9186 -43.1959 600 2400 0 1 8 0
67159 39 0 6 600 -22.9208 -43.2129 600 2400 0 1 8 0
67220 49 1 6 600 -22.894 -43.1997 600 2400 0 1 0 0
67680 29 2 6 600 -22.9654 -43.1977 600 2400 0 1 2 0
67843 58 2 6 600 -22.8681 -43.2437 600 2400 0 1 1 0
67892 37 0 6 600 -22.9174 -43.3088 600 2400 0 1 3 0
67972 58 0 6 600 -22.8627 -43.2899 600 2400 0 1 1 0
68447 23 3 6 600 -22.9799 -43.6196 600 2400 0 1 7 0
68631 27 3 6 600 -22.9586 -43.3203 600 2400 0 1 3 0
68985 8 3 6 600 -23.0302 -43.4788 600 2400 0 1 3 0
24
65185 55 1 6 600 -22.8794 -43.4799 600 2400 0 1 6 0
65298 54 0 6 600 -22.8714 -43.5753 600 2400 0 1 7 0
65439 48 3 6 600 -22.8995 -43.2854 600 2400 0 1 1 0
65507 55 0 6 600 -22.8819 -43.4753 600 2400 0 1 6 0
65588 49 2 6 600 -22.8835 -43.2168 600 2400 0 1 0 0
65594 58 2 6 600 -22.8808 -43.251 600 2400 0 1 1 0
65916 20 0 6 600 -22.9821 -43.2143 600 2400 0 1 2 0
66051 49 0 6 600 -22.8962 -43.1699 600 2400 0 1 0 0
66086 34 2 6 600 -22.9414 -43.5182 600 2400 0 1 7 0
66217 44 1 6 600 -22.9109 -43.526 600 2400 0 1 7 0
66481 55 0 6 600 -22.864 -43.4785 600 2400 0 1 6 0
66671 38 0 6 600 -22.9212 -43.2679 600 2400 0 1 1 0
66977 38 3 6 600 -22.9453 -43.2864 600 2400 0 1 1 0
67116 58 1 6 600 -22.8623 -43.2692 600 2400 0 1 1 0
67386 45 3 6 600 -22.884 -43.447 600 2400 0 1 6 0
67529 55 0 6 600 -22.8778 -43.5142 600 2400 0 1 6 0
67647 57 2 6 600 -22.873 -43.3196 600 2400 0 1 9 0
67740 48 2 6 600 -22.903 -43.3005 600 2400 0 1 1 0
68032 64 3 6 600 -22.824 -43.307 600 2400 0 1 9 0
68076 37 1 6 600 -22.9253 -43.3265 600 2400 0 1 3 0
68164 39 0 6 600 -22.9255 -43.1978 600 2400 0 1 8 0
69497 58 0 6 600 -22.8532 -43.2946 600 2400 0 1 1 0
70408 64 0 6 600 -22.8252 -43.3359 600 2400 0 1 9 0
70791 70 1 6 600 -22.8041 -43.3439 600 2400 0 1 9 0
24
64810 57 2 6 600 -22.8591 -43.3229 600 2400 0 1 9 0
64868 48 0 6 600 -22.907 -43.2935 600 2400 0 1 1 0
65375 39 1 6 600 -22.9292 -43.1902 600 2400 0 1 8 0
65426 49 3 6 600 -22.899 -43.2326 600 2400 0 1 0 0
65471 16 1 6 600 -23.0022 -43.4934 600 2400 0 1 3 0
65510 36 1 6 600 -22.9352 -43.4409 600 2400 0 1 3 0
65692 72 1 6 600 -22.803 -43.2123 600 2400 0 1 5 0
65759 56 2 6 600 -22.8543 -43.4044 600 2400 0 1 6 0
65809 42 3 6 600 -22.9099 -43.678 600 2400 0 1 4 0
65813 28 1 6 600 -22.9543 -43.2739 600 2400 0 1 2 0
66090 48 3 6 600 -22.8918 -43.2911 600 2400 0 1 1 0
66191 29 0 6 600 -22.9786 -43.2085 600 2400 0 1 2 0
66639 48 0 6 600 -22.894 -43.2381 600 2400 0 1 1 0
66931 49 1 6 600 -22.8953 -43.2314 600 2400 0 1 0 0
66965 58 1 6 600 -22.8628 -43.2922 600 2400 0 1 1 0
67059 72 0 6 600 -22.8009 -43.1772 600 2400 0 1 5 0
67292 57 3 6 600 -22.877 -43.3332 600 2400 0 1 9 0
67544 43 1 6 600 -22.89 -43.638 600 2400 0 1 7 0
67665 20 1 6 600 -22.9887 -43.2272 600 2400 0 1 2 0
67804 49 2 6 600 -22.9013 -43.2014 600 2400 0 1 0 0
68058 38 3 6 600 -22.9428 -43.297 600 2400 0 1 1 0
69796 65 2 6 600 -22.8424 -43.2638 600 2400 0 1 9 0
71034 14 3 6 600 -22.9928 -43.609 600 2400 0 1 4 0
71635 55 0 6 600 -22.8662 -43.4688 600 2400 0 1 6 0
24
65037 37 0 6 600 -22.9295 -43.3273 600 2400 0 1 3 0
65049 65 2 6 600 -22.823 -43.2396 600 2400 0 1 9 0
65138 49 0 6 600 -22.8835 -43.2269 600 2400 0 1 0 0
65334 45 0 6 600 -22.8865 -43.5032 600 2400 0 1 6 0
65389 55 0 6 600 -22.874 -43.4749 600 2400 0 1 6 0
66070 37 3 6 600 -22.9491 -43.3625 600 2400 0 1 3 0
66210 17 0 6 600 -23.008 -43.4111 600 2400 0 1 3 0
66335 57 1 6 600 -22.8511 -43.3544 600 2400 0 1 9 0
66393 49 0 6 600 -22.9042 -43.2246 600 2400 0 1 0 0
66681 57 3 6 600 -22.8652 -43.3359 600 2400 0 1 9 0
66872 43 3 6 600 -22.9118 -43.607 600 2400 0 1 7 0
67081 64 3 6 600 -22.8223 -43.3583 600 2400 0 1 9 0
67274 48 2 6 600 -22.8909 -43.2909 600 2400 0 1 1 0
67288 14 0 6 600 -23.0141 -43.5922 600 2400 0 1 4 0
67447 55 1 6 600 -22.8834 -43.4963 600 2400 0 1 6 0
67474 23 0 6 600 -22.9753 -43.5908 600 2400 0 1 7 0
67487 43 1 6 600 -22.9036 -43.6526 600 2400 0 1 7 0
67571 48 1 6 600 -22.908 -43.2784 600 2400 0 1 1 0
67718 57 2 6 600 -22.8671 -43.3544 600 2400 0 1 9 0
67818 27 2 6 600 -22.9517 -43.3111 600 2400 0 1 3 0
67866 43 0 6 600 -22.8991 -43.5905 600 2400 0 1 7 0
68120 38 3 6 600 -22.9395 -43.276 600 2400 0 1 1 0
70606 57 1 6 600 -22.8495 -43.3077 600 2400 0 1 9 0
71646 45 1 6 600 -22.9101 -43.4513 600 2400 0 1 6 0
27
64888 37 3 6 600 -22.9317 -43.3495 600 2400 0 1 3 0
65226 58 1 6 600 -22.8628 -43.2922 600 2400 0 1 1 0
65393 57 3 6 600 -22.8611 -43.3754 600 2400 0 1 9 0
65447 64 1 6 600 -22.8193 -43.3725 600 2400 0 1 9 0
65501 57 3 6 600 -22.8588 -43.3179 600 2400 0 1 9 0
65724 27 1 6 600 -22.9588 -43.3126 600 2400 0 1 3 0
65848 47 0 6 600 -22.9076 -43.3278 600 2400 0 1 1 0
65859 70 3 6 600 -22.8062 -43.315 600 2400 0 1 9 0
66136 64 1 6 600 -22.8322 -43.3643 600 2400 0 1 9 0
66308 29 1 6 600 -22.9656 -43.22 600 2400 0 1 2 0
66461 58 2 6 600 -22.8735 -43.3014 600 2400 0 1 1 0
66496 26 1 6 600 -22.9707 -43.4247 600 2400 0 1 3 0
66528 22 2 6 600 -22.954 -43.6755 600 2400 0 1 4 0
66681 37 3 6 600 -22.9302 -43.3144 600 2400 0 1 3 0
66726 39 0 6 600 -22.9422 -43.1983 600 2400 0 1 8 0
66734 39 1 6 600 -22.9334 -43.2132 600 2400 0 1 8 0
66872 33 1 6 600 -22.9433 -43.6451 600 2400 0 1 4 0
66943 46 1 6 600 -22.9095 -43.4247 600 2400 0 1 6 0
67107 48 1 6 600 -22.9005 -43.2792 600 2400 0 1 1 0
67249 34 1 6 600 -22.937 -43.5505 600 2400 0 1 7 0
67501 20 3 6 600 -22.9856 -43.2117 600 2400 0 1 2 0
67634 49 3 6 600 -22.9095 -43.2119 600 2400 0 1 0 0
67685 29 3 6 600 -22.9525 -43.2015 600 2400 0 1 2 0
67792 18 3 6 600 -23.0134 -43.3156 600 2400 0 1 3 0
67853 57 0 6 600 -22.8542 -43.3485 600 2400 0 1 9 0
68081 42 3 6 600 -22.9009 -43.6605 600 2400 0 1 4 0
69405 58 0 6 600 -22.8788 -43.3054 600 2400 0 1 1 0
