57
64897 27 0 6 600 -22.9608 -43.3388 600 2400 0 1 3 0
64927 39 2 6 600 -22.9211 -43.1984 600 2400 0 1 8 0
65064 29 1 6 600 -22.9608 -43.2305 600 2400 0 1 2 0
65418 55 0 6 600 -22.8745 -43.5055 600 2400 0 1 6 0
65443 29 1 6 600 -22.9779 -43.2215 600 2400 0 1 2 0
65553 18 1 6 600 -22.9928 -43.3503 600 2400 0 1 3 0
65570 44 1 6 600 -22.9077 -43.5444 600 2400 0 1 7 0
65722 58 2 6 600 -22.8629 -43.2963 600 2400 0 1 1 0
65755 48 3 6 600 -22.903 -43.2916 600 2400 0 1 1 0
65818 47 3 6 600 -22.902 -43.3677 600 2400 0 1 1 0
65821 49 3 6 600 -22.8853 -43.2342 600 2400 0 1 0 0
65888 34 3 6 600 -22.9346 -43.5393 600 2400 0 1 7 0
66028 42 0 6 600 -22.9 -43.7119 600 2400 0 1 4 0
66245 58 3 6 600 -22.8575 -43.2487 600 2400 0 1 1 0
66371 44 1 6 600 -22.9034 -43.568 600 2400 0 1 7 0
66456 43 2 6 600 -22.8874 -43.6465 600 2400 0 1 7 0
66509 57 1 6 600 -22.8521 -43.3733 600 2400 0 1 9 0
66644 39 2 6 600 -22.9348 -43.1914 600 2400 0 1 8 0
66664 39 0 6 600 -22.9424 -43.2323 600 2400 0 1 8 0
66699 55 3 6 600 -22.8781 -43.4925 600 2400 0 1 6 0
66968 39 2 6 600 -22.9186 -43.1959 600 2400 0 1 8 0
67159 39 0 6 600 -22.9208 -43.2129 600 2400 0 1 8 0
67220 49 1 6 600 -22.894 -43.1997 600 2400 0 1 0 0
67680 29 2 6 600 -22.9654 -43.1977 600 2400 0 1 2 0
67843 58 2 6 600 -22.8681 -43.2437 600 2400 0 1 1 0
67892 37 0 6 600 -22.9174 -43.3088 600 2400 0 1 3 0
67972 58 0 6 600 -22.8627 -43.2899 600 2400 0 1 1 0
68407 20 1 6 600 -22.9841 -43.2211 600 2400 0 1 2 0
68473 20 3 6 600 -22.9832 -43.2207 600 2400 0 1 2 0
68535 20 1 6 600 -22.984 -43.1938 600 2400 0 1 2 0
68580 20 3 6 600 -22.9843 -43.205 600 2400 0 1 2 0
68617 20 1 6 600 -22.9861 -43.1844 600 2400 0 1 2 0
68627 20 1 6 600 -22.9875 -43.2212 600 2400 0 1 2 0
68631 20 3 6 600 -22.9873 -43.2323 600 2400 0 1 2 0
68653 20 3 6 600 -22.9861 -43.1928 600 2400 0 1 2 0
68689 20 1 6 600 -22.9828 -43.217 600 2400 0 1 2 0
68750 19 1 6 600 -23.0125 -43.2982 600 2400 0 1 2 0
68805 20 3 6 600 -22.987 -43.2183 600 2400 0 1 2 0
68824 20 0 6 600 -22.9845 -43.2013 600 2400 0 1 2 0
68835 44 1 6 600 -22.8966 -43.5844 600 2400 0 1 7 0
68985 8 3 6 600 -23.0302 -43.4788 600 2400 0 1 3 0
69312 20 1 6 600 -22.9829 -43.2019 600 2400 0 1 2 0
69504 19 1 6 600 -22.9969 -43.2932 600 2400 0 1 2 0
69698 20 0 6 600 -22.9893 -43.2301 600 2400 0 1 2 0
69752 20 1 6 600 -22.9929 -43.2339 600 2400 0 1 2 0
70128 47 1 6 600 -22.8878 -43.3259 600 2400 0 1 1 0
70205 20 0 6 600 -22.9841 -43.2211 600 2400 0 1 2 0
70253 20 1 6 600 -22.984 -43.1938 600 2400 0 1 2 0
70371 19 2 6 600 -22.9977 -43.2713 600 2400 0 1 2 0
70447 20 3 6 600 -22.9869 -43.1892 600 2400 0 1 2 0
70474 20 1 6 600 -22.9861 -43.1844 600 2400 0 1 2 0
70525 20 2 6 600 -22.9839 -43.206 600 2400 0 1 2 0
70636 20 1 6 600 -22.9893 -43.2301 600 2400 0 1 2 0
71348 19 1 6 600 -22.9905 -43.2947 600 2400 0 1 2 0
71426 20 1 6 600 -22.9871 -43.1969 600 2400 0 1 2 0
71730 19 3 6 600 -22.9855 -43.2871 600 2400 0 1 2 0
71765 46 1 6 600 -22.8945 -43.4028 600 2400 0 1 6 0
52
65043 17 1 6 600 -22.9919 -43.4273 600 2400 0 1 3 0
65185 43 3 6 600 -22.8992 -43.5973 600 2400 0 1 7 0
65241 44 3 6 600 -22.8983 -43.5411 600 2400 0 1 7 0
65255 64 2 6 600 -22.8449 -43.3403 600 2400 0 1 9 0
65554 48 1 6 600 -22.9131 -43.2436 600 2400 0 1 1 0
65561 39 3 6 600 -22.9208 -43.2129 600 2400 0 1 8 0
65588 37 0 6 600 -22.9401 -43.311 600 2400 0 1 3 0
65594 46 2 6 600 -22.8869 -43.4332 600 2400 0 1 6 0
65601 55 0 6 600 -22.8541 -43.5096 600 2400 0 1 6 0
66086 20 2 6 600 -22.9847 -43.2027 600 2400 0 1 2 0
66396 18 1 6 600 -22.9959 -43.3098 600 2400 0 1 3 0
66953 64 0 6 600 -22.8449 -43.3403 600 2400 0 1 9 0
66973 47 0 6 600 -22.902 -43.3677 600 2400 0 1 1 0
66977 26 1 6 600 -22.9726 -43.3927 600 2400 0 1 3 0
66998 34 1 6 600 -22.951 -43.5414 600 2400 0 1 7 0
67386 33 3 6 600 -22.9268 -43.6041 600 2400 0 1 4 0
67529 42 0 6 600 -22.9076 -43.7176 600 2400 0 1 4 0
67534 49 1 6 600 -22.899 -43.2326 600 2400 0 1 0 0
67647 44 2 6 600 -22.901 -43.5657 600 2400 0 1 7 0
67662 55 0 6 600 -22.8778 -43.5142 600 2400 0 1 6 0
67740 36 0 6 600 -22.9416 -43.4265 600 2400 0 1 3 0
67751 39 3 6 600 -22.9322 -43.1867 600 2400 0 1 8 0
68051 57 0 6 600 -22.8492 -43.3153 600 2400 0 1 9 0
68408 20 1 6 600 -22.9856 -43.2289 600 2400 0 1 2 0
68829 20 1 6 600 -22.987 -43.2006 600 2400 0 1 2 0
69021 20 0 6 600 -22.9854 -43.2115 600 2400 0 1 2 0
69074 20 3 6 600 -22.9822 -43.2155 600 2400 0 1 2 0
69074 20 1 6 600 -22.9828 -43.217 600 2400 0 1 2 0
69151 20 0 6 600 -22.9823 -43.2237 600 2400 0 1 2 0
69219 19 0 6 600 -23.0057 -43.2889 600 2400 0 1 2 0
69236 19 0 6 600 -22.9862 -43.2992 600 2400 0 1 2 0
69261 19 1 6 600 -22.9918 -43.2525 600 2400 0 1 2 0
69983 20 3 6 600 -22.9839 -43.198 600 2400 0 1 2 0
70116 55 2 6 600 -22.8781 -43.4925 600 2400 0 1 6 0
70293 20 3 6 600 -22.987 -43.2139 600 2400 0 1 2 0
70330 20 0 6 600 -22.9857 -43.2155 600 2400 0 1 2 0
70345 19 2 6 600 -22.9978 -43.2871 600 2400 0 1 2 0
70426 20 3 6 600 -22.9829 -43.19 600 2400 0 1 2 0
70459 20 0 6 600 -22.982 -43.21 600 2400 0 1 2 0
70470 19 1 6 600 -22.9843 -43.2427 600 2400 0 1 2 0
70627 20 1 6 600 -22.9862 -43.2124 600 2400 0 1 2 0
70638 20 0 6 600 -22.9833 -43.2 600 2400 0 1 2 0
70672 20 1 6 600 -22.9873 -43.2317 600 2400 0 1 2 0
70718 20 3 6 600 -22.9873 -43.2317 600 2400 0 1 2 0
70754 20 1 6 600 -22.9839 -43.206 600 2400 0 1 2 0
70776 19 0 6 600 -22.9938 -43.2458 600 2400 0 1 2 0
70791 43 1 6 600 -22.9078 -43.653 600 2400 0 1 7 0
70871 65 1 6 600 -22.8472 -43.2847 600 2400 0 1 9 0
71032 20 1 6 600 -22.9871 -43.2142 600 2400 0 1 2 0
71060 20 2 6 600 -22.9832 -43.2207 600 2400 0 1 2 0
71104 20 0 6 600 -22.9823 -43.2237 600 2400 0 1 2 0
71240 20 3 6 600 -22.9823 -43.2237 600 2400 0 1 2 0
44
64810 34 0 6 600 -22.9286 -43.57 600 2400 0 1 7 0
65399 36 1 6 600 -22.9386 -43.4093 600 2400 0 1 3 0
65665 26 3 6 600 -22.9649 -43.3794 600 2400 0 1 3 0
65684 55 3 6 600 -22.8776 -43.4774 600 2400 0 1 6 0
65692 47 3 6 600 -22.9066 -43.3419 600 2400 0 1 1 0
65754 64 3 6 600 -22.8483 -43.3458 600 2400 0 1 9 0
65766 70 0 6 600 -22.8034 -43.3201 600 2400 0 1 9 0
65809 17 3 6 600 -22.9966 -43.3825 600 2400 0 1 3 0
65971 56 3 6 600 -22.857 -43.3929 600 2400 0 1 6 0
66021 57 3 6 600 -22.8563 -43.3573 600 2400 0 1 9 0
66317 64 2 6 600 -22.8237 -43.3407 600 2400 0 1 9 0
66449 48 0 6 600 -22.9085 -43.2754 600 2400 0 1 1 0
66519 37 1 6 600 -22.9443 -43.3617 600 2400 0 1 3 0
66615 55 0 6 600 -22.8627 -43.4618 600 2400 0 1 6 0
66835 57 1 6 600 -22.849 -43.3247 600 2400 0 1 9 0
66839 44 2 6 600 -22.9092 -43.5458 600 2400 0 1 7 0
66959 57 0 6 600 -22.849 -43.3247 600 2400 0 1 9 0
67403 38 0 6 600 -22.9293 -43.2972 600 2400 0 1 1 0
67532 37 3 6 600 -22.9471 -43.3257 600 2400 0 1 3 0
68023 49 3 6 600 -22.9112 -43.2088 600 2400 0 1 0 0
68646 20 1 6 600 -22.9856 -43.2289 600 2400 0 1 2 0
68688 20 3 6 600 -22.984 -43.2196 600 2400 0 1 2 0
68799 20 3 6 600 -22.982 -43.21 600 2400 0 1 2 0
68826 20 0 6 600 -22.9816 -43.1986 600 2400 0 1 2 0
68832 20 1 6 600 -22.982 -43.2328 600 2400 0 1 2 0
68901 20 3 6 600 -22.9856 -43.2254 600 2400 0 1 2 0
69110 20 3 6 600 -22.9916 -43.2326 600 2400 0 1 2 0
69156 20 1 6 600 -22.9862 -43.2124 600 2400 0 1 2 0
69210 20 0 6 600 -22.9857 -43.2155 600 2400 0 1 2 0
69215 20 1 6 600 -22.9841 -43.2211 600 2400 0 1 2 0
69234 57 1 6 600 -22.8689 -43.3747 600 2400 0 1 9 0
69358 20 1 6 600 -22.987 -43.2139 600 2400 0 1 2 0
69568 19 1 6 600 -22.9834 -43.2731 600 2400 0 1 2 0
69676 20 0 6 600 -22.9849 -43.207 600 2400 0 1 2 0
70148 20 0 6 600 -22.9838 -43.2033 600 2400 0 1 2 0
70223 39 1 6 600 -22.9341 -43.183 600 2400 0 1 8 0
70663 20 0 6 600 -22.9856 -43.1945 600 2400 0 1 2 0
70751 20 1 6 600 -22.9839 -43.198 600 2400 0 1 2 0
70972 20 3 6 600 -22.982 -43.2295 600 2400 0 1 2 0
71121 20 1 6 600 -22.9833 -43.2 600 2400 0 1 2 0
71349 20 1 6 600 -22.9828 -43.217 600 2400 0 1 2 0
71503 19 1 6 600 -22.9849 -43.2996 600 2400 0 1 2 0
71610 56 0 6 600 -22.8715 -43.3913 600 2400 0 1 6 0
71845 20 0 6 600 -22.9843 -43.205 600 2400 0 1 2 0
42
64811 37 0 6 600 -22.9334 -43.3707 600 2400 0 1 3 0
64989 39 3 6 600 -22.924 -43.2296 600 2400 0 1 8 0
65475 58 2 6 600 -22.8497 -43.2833 600 2400 0 1 1 0
65551 48 3 6 600 -22.9074 -43.2947 600 2400 0 1 1 0
65610 48 1 6 600 -22.8976 -43.2731 600 2400 0 1 1 0
65838 29 1 6 600 -22.9504 -43.2067 600 2400 0 1 2 0
66018 66 2 6 600 -22.8141 -43.1841 600 2400 0 1 5 0
66034 39 3 6 600 -22.9366 -43.2271 600 2400 0 1 8 0
66073 29 2 6 600 -22.9672 -43.1933 600 2400 0 1 2 0
66234 39 2 6 600 -22.9187 -43.2211 600 2400 0 1 8 0
66386 54 0 6 600 -22.8624 -43.5753 600 2400 0 1 7 0
66641 56 3 6 600 -22.865 -43.4359 600 2400 0 1 6 0
66877 37 1 6 600 -22.939 -43.3072 600 2400 0 1 3 0
66895 42 1 6 600 -22.8924 -43.6873 600 2400 0 1 4 0
66999 43 1 6 600 -22.9113 -43.5967 600 2400 0 1 7 0
67152 63 1 6 600 -22.8301 -43.4039 600 2400 0 1 6 0
68168 58 2 6 600 -22.8808 -43.251 600 2400 0 1 1 0
68349 55 1 6 600 -22.8807 -43.4683 600 2400 0 1 6 0
68461 20 3 6 600 -22.9865 -43.2202 600 2400 0 1 2 0
68657 20 1 6 600 -22.9828 -43.217 600 2400 0 1 2 0
68776 29 1 6 600 -22.9551 -43.2102 600 2400 0 1 2 0
68845 20 0 6 600 -22.9857 -43.2155 600 2400 0 1 2 0
68846 19 1 6 600 -22.9952 -43.2847 600 2400 0 1 2 0
68940 20 3 6 600 -22.982 -43.21 600 2400 0 1 2 0
68993 20 3 6 600 -22.9846 -43.2062 600 2400 0 1 2 0
69050 20 2 6 600 -22.982 -43.21 600 2400 0 1 2 0
69051 20 1 6 600 -22.9893 -43.2301 600 2400 0 1 2 0
69220 20 0 6 600 -22.985 -43.2314 600 2400 0 1 2 0
69297 20 2 6 600 -22.9856 -43.2001 600 2400 0 1 2 0
69515 20 0 6 600 -22.9856 -43.2254 600 2400 0 1 2 0
69782 20 0 6 600 -22.9825 -43.2045 600 2400 0 1 2 0
69870 24 2 6 600 -22.9818 -43.5775 600 2400 0 1 7 0
70153 19 1 6 600 -22.9843 -43.2427 600 2400 0 1 2 0
70235 20 1 6 600 -22.9856 -43.1945 600 2400 0 1 2 0
70514 20 3 6 600 -22.9854 -43.2115 600 2400 0 1 2 0
70568 19 1 6 600 -22.9912 -43.2351 600 2400 0 1 2 0
71224 20 3 6 600 -22.9859 -43.2273 600 2400 0 1 2 0
71486 20 1 6 600 -22.987 -43.2139 600 2400 0 1 2 0
71647 22 1 6 600 -22.9536 -43.7078 600 2400 0 1 4 0
71826 20 3 6 600 -22.9872 -43.2162 600 2400 0 1 2 0
71896 56 3 6 600 -22.879 -43.3852 600 2400 0 1 6 0
71960 19 0 6 600 -22.9944 -43.2404 600 2400 0 1 2 0
59
64869 37 2 6 600 -22.9352 -43.3208 600 2400 0 1 3 0
64906 48 3 6 600 -22.8874 -43.2489 600 2400 0 1 1 0
64926 72 0 6 600 -22.8135 -43.2201 600 2400 0 1 5 0
64934 72 1 6 600 -22.7957 -43.2161 600 2400 0 1 5 0
64968 64 3 6 600 -22.8349 -43.3527 600 2400 0 1 9 0
65225 64 1 6 600 -22.8179 -43.3407 600 2400 0 1 9 0
65498 64 1 6 600 -22.8252 -43.3359 600 2400 0 1 9 0
65611 64 1 6 600 -22.8396 -43.3742 600 2400 0 1 9 0
65674 48 0 6 600 -22.894 -43.2892 600 2400 0 1 1 0
65701 53 3 6 600 -22.8799 -43.6349 600 2400 0 1 7 0
66178 43 2 6 600 -22.9172 -43.6093 600 2400 0 1 7 0
66408 43 1 6 600 -22.9078 -43.653 600 2400 0 1 7 0
66519 47 1 6 600 -22.894 -43.3581 600 2400 0 1 1 0
66589 39 3 6 600 -22.921 -43.2284 600 2400 0 1 8 0
66674 55 1 6 600 -22.8633 -43.5067 600 2400 0 1 6 0
66932 44 1 6 600 -22.9137 -43.5371 600 2400 0 1 7 0
67199 39 1 6 600 -22.9275 -43.2171 600 2400 0 1 8 0
67256 58 1 6 600 -22.8497 -43.2833 600 2400 0 1 1 0
67336 49 1 6 600 -22.8953 -43.2314 600 2400 0 1 0 0
67530 57 2 6 600 -22.8746 -43.3201 600 2400 0 1 9 0
68063 55 1 6 600 -22.874 -43.4749 600 2400 0 1 6 0
68215 44 1 6 600 -22.8934 -43.5572 600 2400 0 1 7 0
68274 64 1 6 600 -22.8363 -43.327 600 2400 0 1 9 0
68303 27 1 6 600 -22.9794 -43.3439 600 2400 0 1 3 0
68408 20 1 6 600 -22.9855 -43.229 600 2400 0 1 2 0
68561 20 0 6 600 -22.9855 -43.229 600 2400 0 1 2 0
68586 20 3 6 600 -22.9871 -43.2142 600 2400 0 1 2 0
68597 20 1 6 600 -22.9856 -43.2001 600 2400 0 1 2 0
68624 20 3 6 600 -22.983 -43.228 600 2400 0 1 2 0
68632 20 1 6 600 -22.9828 -43.217 600 2400 0 1 2 0
68720 20 3 6 600 -22.9826 -43.2104 600 2400 0 1 2 0
68773 20 3 6 600 -22.9836 -43.2267 600 2400 0 1 2 0
68843 20 0 6 600 -22.9858 -43.2175 600 2400 0 1 2 0
68896 20 3 6 600 -22.984 -43.2196 600 2400 0 1 2 0
68974 32 1 6 600 -22.9481 -43.7128 600 2400 0 1 4 0
68985 20 2 6 600 -22.982 -43.2295 600 2400 0 1 2 0
69090 47 0 6 600 -22.8917 -43.3704 600 2400 0 1 1 0
69135 20 0 6 600 -22.9829 -43.2019 600 2400 0 1 2 0
69161 20 1 6 600 -22.9861 -43.1928 600 2400 0 1 2 0
69269 20 3 6 600 -22.9856 -43.2001 600 2400 0 1 2 0
69350 19 0 6 600 -22.9952 -43.2861 600 2400 0 1 2 0
69352 20 3 6 600 -22.9829 -43.2019 600 2400 0 1 2 0
69450 20 1 6 600 -22.9823 -43.2237 600 2400 0 1 2 0
69595 20 1 6 600 -22.9822 -43.2117 600 2400 0 1 2 0
69687 20 0 6 600 -22.9871 -43.2142 600 2400 0 1 2 0
69773 19 3 6 600 -23.0093 -43.2866 600 2400 0 1 2 0
70305 20 1 6 600 -22.9832 -43.2207 600 2400 0 1 2 0
70432 20 0 6 600 -22.9816 -43.1986 600 2400 0 1 2 0
70437 20 0 6 600 -22.9829 -43.19 600 2400 0 1 2 0
70556 19 1 6 600 -22.9895 -43.2573 600 2400 0 1 2 0
70800 19 3 6 600 -22.9948 -43.2443 600 2400 0 1 2 0
70843 20 1 6 600 -22.9825 -43.2045 600 2400 0 1 2 0
70853 70 3 6 600 -22.8124 -43.3359 600 2400 0 1 9 0
71027 20 2 6 600 -22.9856 -43.2001 600 2400 0 1 2 0
71084 20 2 6 600 -22.9856 -43.1945 600 2400 0 1 2 0
71094 19 3 6 600 -23.005 -43.2997 600 2400 0 1 2 0
71210 19 2 6 600 -22.9938 -43.2458 600 2400 0 1 2 0
71660 29 0 6 600 -22.9606 -43.1733 600 2400 0 1 2 0
71712 19 1 6 600 -22.9947 -43.2923 600 2400 0 1 2 0
52
64813 57 2 6 600 -22.8511 -43.3544 600 2400 0 1 9 0
64906 57 2 6 600 -22.8516 -43.3636 600 2400 0 1 9 0
64975 19 1 6 600 -22.9882 -43.2597 600 2400 0 1 2 0
65018 39 1 6 600 -22.9423 -43.2255 600 2400 0 1 8 0
65138 56 0 6 600 -22.8578 -43.3912 600 2400 0 1 6 0
65784 55 0 6 600 -22.8559 -43.4648 600 2400 0 1 6 0
66014 64 2 6 600 -22.8374 -43.3418 600 2400 0 1 9 0
66096 49 1 6 600 -22.9133 -43.206 600 2400 0 1 0 0
66099 65 3 6 600 -22.826 -43.3035 600 2400 0 1 9 0
66169 64 0 6 600 -22.8283 -43.3627 600 2400 0 1 9 0
66204 28 0 6 600 -22.9546 -43.2384 600 2400 0 1 2 0
66415 65 0 6 600 -22.8172 -43.251 600 2400 0 1 9 0
66604 29 0 6 600 -22.9516 -43.2114 600 2400 0 1 2 0
66606 38 1 6 600 -22.9248 -43.2841 600 2400 0 1 1 0
66793 55 1 6 600 -22.8717 -43.4889 600 2400 0 1 6 0
66931 45 3 6 600 -22.8874 -43.47 600 2400 0 1 6 0
67067 55 1 6 600 -22.8734 -43.477 600 2400 0 1 6 0
67158 72 3 6 600 -22.8138 -43.1868 600 2400 0 1 5 0
67177 29 0 6 600 -22.9592 -43.1648 600 2400 0 1 2 0
67211 70 3 6 600 -22.8008 -43.3139 600 2400 0 1 9 0
67287 38 0 6 600 -22.9307 -43.2855 600 2400 0 1 1 0
67457 44 1 6 600 -22.916 -43.5233 600 2400 0 1 7 0
67522 64 2 6 600 -22.8252 -43.339 600 2400 0 1 9 0
67660 47 2 6 600 -22.9082 -43.3425 600 2400 0 1 1 0
67696 26 3 6 600 -22.9535 -43.4446 600 2400 0 1 3 0
67826 38 0 6 600 -22.925 -43.2726 600 2400 0 1 1 0
67971 39 0 6 600 -22.9261 -43.1712 600 2400 0 1 8 0
68012 33 0 6 600 -22.9371 -43.651 600 2400 0 1 4 0
68297 29 3 6 600 -22.9516 -43.2114 600 2400 0 1 2 0
68335 49 1 6 600 -22.9075 -43.1811 600 2400 0 1 0 0
68365 45 0 6 600 -22.8865 -43.5032 600 2400 0 1 6 0
68402 44 3 6 600 -22.8993 -43.5604 600 2400 0 1 7 0
68452 20 2 6 600 -22.9836 -43.2267 600 2400 0 1 2 0
68453 20 0 6 600 -22.9845 -43.2293 600 2400 0 1 2 0
68497 19 0 6 600 -22.9929 -43.2623 600 2400 0 1 2 0
68567 19 3 6 600 -22.9965 -43.273 600 2400 0 1 2 0
68660 20 1 6 600 -22.9893 -43.2301 600 2400 0 1 2 0
68813 19 1 6 600 -22.9901 -43.3008 600 2400 0 1 2 0
68886 20 0 6 600 -22.9874 -43.198 600 2400 0 1 2 0
68951 20 0 6 600 -22.9869 -43.1892 600 2400 0 1 2 0
68975 20 0 6 600 -22.9865 -43.2202 600 2400 0 1 2 0
69090 20 3 6 600 -22.9861 -43.1844 600 2400 0 1 2 0
69093 19 3 6 600 -23.0005 -43.2749 600 2400 0 1 2 0
69103 20 0 6 600 -22.984 -43.2196 600 2400 0 1 2 0
69136 20 0 6 600 -22.9846 -43.1927 600 2400 0 1 2 0
69209 20 0 6 600 -22.9858 -43.2251 600 2400 0 1 2 0
69404 19 0 6 600 -22.9851 -43.2697 600 2400 0 1 2 0
69629 20 3 6 600 -22.9873 -43.2204 600 2400 0 1 2 0
70653 19 1 6 600 -23.0155 -43.2993 600 2400 0 1 2 0
71224 20 1 6 600 -22.986 -43.2241 600 2400 0 1 2 0
71265 19 0 6 600 -22.9942 -43.2539 600 2400 0 1 2 0
71290 20 0 6 600 -22.9839 -43.206 600 2400 0 1 2 0
57
65205 55 3 6 600 -22.8541 -43.5096 600 2400 0 1 6 0
65273 44 1 6 600 -22.916 -43.5329 600 2400 0 1 7 0
65354 57 2 6 600 -22.8608 -43.325 600 2400 0 1 9 0
65397 39 1 6 600 -22.923 -43.1995 600 2400 0 1 8 0
65402 57 1 6 600 -22.8696 -43.3388 600 2400 0 1 9 0
65488 47 1 6 600 -22.9004 -43.3114 600 2400 0 1 1 0
65682 38 2 6 600 -22.9411 -43.258 600 2400 0 1 1 0
65941 29 0 6 600 -22.979 -43.2126 600 2400 0 1 2 0
66117 64 1 6 600 -22.8471 -43.3253 600 2400 0 1 9 0
66165 48 3 6 600 -22.8951 -43.2492 600 2400 0 1 1 0
66189 72 1 6 600 -22.8045 -43.2012 600 2400 0 1 5 0
66217 49 1 6 600 -22.904 -43.1858 600 2400 0 1 0 0
66260 47 1 6 600 -22.9011 -43.3676 600 2400 0 1 1 0
66722 72 0 6 600 -22.7958 -43.2155 600 2400 0 1 5 0
66779 63 1 6 600 -22.8459 -43.3925 600 2400 0 1 6 0
66849 58 2 6 600 -22.8539 -43.2389 600 2400 0 1 1 0
66868 42 3 6 600 -22.908 -43.6953 600 2400 0 1 4 0
66953 53 0 6 600 -22.8643 -43.6481 600 2400 0 1 7 0
66957 64 3 6 600 -22.8393 -43.323 600 2400 0 1 9 0
67004 36 2 6 600 -22.9278 -43.382 600 2400 0 1 3 0
67013 65 3 6 600 -22.8444 -43.2741 600 2400 0 1 9 0
67200 20 3 6 600 -22.9838 -43.2033 600 2400 0 1 2 0
67291 33 1 6 600 -22.9239 -43.6349 600 2400 0 1 4 0
67389 57 0 6 600 -22.8591 -43.3229 600 2400 0 1 9 0
67461 45 0 6 600 -22.9143 -43.4623 600 2400 0 1 6 0
68215 43 2 6 600 -22.8998 -43.5867 600 2400 0 1 7 0
68316 58 3 6 600 -22.8736 -43.2446 600 2400 0 1 1 0
68398 45 3 6 600 -22.9095 -43.4987 600 2400 0 1 6 0
68425 20 0 6 600 -22.9846 -43.2062 600 2400 0 1 2 0
68537 20 2 6 600 -22.9854 -43.2115 600 2400 0 1 2 0
68674 20 1 6 600 -22.9839 -43.1974 600 2400 0 1 2 0
68704 20 1 6 600 -22.9839 -43.198 600 2400 0 1 2 0
68732 20 3 6 600 -22.9871 -43.2142 600 2400 0 1 2 0
68834 20 1 6 600 -22.9825 -43.217 600 2400 0 1 2 0
68849 20 3 6 600 -22.9816 -43.1986 600 2400 0 1 2 0
68869 58 3 6 600 -22.8565 -43.2681 600 2400 0 1 1 0
68988 20 0 6 600 -22.9858 -43.2251 600 2400 0 1 2 0
69066 20 0 6 600 -22.9833 -43.2275 600 2400 0 1 2 0
69109 20 3 6 600 -22.9893 -43.2301 600 2400 0 1 2 0
69155 20 3 6 600 -22.9825 -43.1939 600 2400 0 1 2 0
69165 20 0 6 600 -22.9833 -43.2327 600 2400 0 1 2 0
69215 20 3 6 600 -22.9863 -43.2112 600 2400 0 1 2 0
69285 20 1 6 600 -22.9818 -43.2048 600 2400 0 1 2 0
69290 20 1 6 600 -22.9826 -43.2104 600 2400 0 1 2 0
69586 20 1 6 600 -22.9818 -43.2048 600 2400 0 1 2 0
69640 19 3 6 600 -22.9965 -43.273 600 2400 0 1 2 0
70229 20 1 6 600 -22.9845 -43.2013 600 2400 0 1 2 0
70251 19 2 6 600 -23.0005 -43.2749 600 2400 0 1 2 0
70283 20 1 6 600 -22.9838 -43.1905 600 2400 0 1 2 0
70556 20 3 6 600 -22.9833 -43.2275 600 2400 0 1 2 0
70757 19 3 6 600 -22.9928 -43.2752 600 2400 0 1 2 0
70934 20 1 6 600 -22.9825 -43.2033 600 2400 0 1 2 0
71227 20 3 6 600 -22.9826 -43.2104 600 2400 0 1 2 0
71352 19 0 6 600 -22.9901 -43.2452 600 2400 0 1 2 0
71403 19 1 6 600 -22.9921 -43.2543 600 2400 0 1 2 0
71489 20 0 6 600 -22.9855 -43.2186 600 2400 0 1 2 0
71594 19 2 6 600 -22.9928 -43.2752 600 2400 0 1 2 0
46
64825 47 0 6 600 -22.8924 -43.3685 600 2400 0 1 1 0
64936 55 0 6 600 -22.8794 -43.4799 600 2400 0 1 6 0
65184 72 0 6 600 -22.8023 -43.181 600 2400 0 1 5 0
65226 72 0 6 600 -22.7958 -43.2155 600 2400 0 1 5 0
65328 58 3 6 600 -22.8662 -43.2572 600 2400 0 1 1 0
65333 56 3 6 600 -22.8599 -43.3869 600 2400 0 1 6 0
65415 42 3 6 600 -22.9095 -43.6815 600 2400 0 1 4 0
65511 43 0 6 600 -22.9161 -43.5926 600 2400 0 1 7 0
65568 49 1 6 600 -22.9112 -43.2088 600 2400 0 1 0 0
65606 8 0 6 600 -23.0272 -43.469 600 2400 0 1 3 0
65744 47 3 6 600 -22.9005 -43.3128 600 2400 0 1 1 0
66321 29 1 6 600 -22.9509 -43.1861 600 2400 0 1 2 0
66474 23 0 6 600 -22.9582 -43.6368 600 2400 0 1 7 0
66479 66 0 6 600 -22.8141 -43.1798 600 2400 0 1 5 0
66724 55 0 6 600 -22.8778 -43.5142 600 2400 0 1 6 0
66992 64 0 6 600 -22.8471 -43.3157 600 2400 0 1 9 0
67149 57 0 6 600 -22.8748 -43.3404 600 2400 0 1 9 0
67161 44 1 6 600 -22.9094 -43.5393 600 2400 0 1 7 0
67176 55 0 6 600 -22.8794 -43.4799 600 2400 0 1 6 0
67244 39 3 6 600 -22.9169 -43.2047 600 2400 0 1 8 0
67288 57 0 6 600 -22.8774 -43.3685 600 2400 0 1 9 0
67909 48 3 6 600 -22.901 -43.3044 600 2400 0 1 1 0
68099 29 1 6 600 -22.9779 -43.1887 600 2400 0 1 2 0
68118 64 2 6 600 -22.8287 -43.3189 600 2400 0 1 9 0
68493 20 3 6 600 -22.9825 -43.2045 600 2400 0 1 2 0
68532 20 1 6 600 -22.9845 -43.2293 600 2400 0 1 2 0
68603 20 1 6 600 -22.9823 -43.196 600 2400 0 1 2 0
68658 20 3 6 600 -22.986 -43.2089 600 2400 0 1 2 0
68774 20 3 6 600 -22.9869 -43.2044 600 2400 0 1 2 0
68900 20 1 6 600 -22.9845 -43.225 600 2400 0 1 2 0
69119 19 3 6 600 -23.009 -43.2942 600 2400 0 1 2 0
69234 20 0 6 600 -22.9916 -43.2326 600 2400 0 1 2 0
69672 20 1 6 600 -22.9849 -43.1903 600 2400 0 1 2 0
70202 20 1 6 600 -22.9837 -43.2202 600 2400 0 1 2 0
70378 20 0 6 600 -22.9869 -43.1892 600 2400 0 1 2 0
70410 20 1 6 600 -22.9861 -43.1928 600 2400 0 1 2 0
70505 20 1 6 600 -22.9858 -43.2251 600 2400 0 1 2 0
70639 20 3 6 600 -22.9818 -43.2048 600 2400 0 1 2 0
70718 20 1 6 600 -22.9833 -43.2 600 2400 0 1 2 0
70766 29 3 6 600 -22.9619 -43.181 600 2400 0 1 2 0
70800 20 0 6 600 -22.9838 -43.1905 600 2400 0 1 2 0
71225 20 3 6 600 -22.9861 -43.2127 600 2400 0 1 2 0
71308 20 3 6 600 -22.9839 -43.1974 600 2400 0 1 2 0
71455 19 0 6 600 -22.9882 -43.2597 600 2400 0 1 2 0
71627 20 1 6 600 -22.986 -43.2241 600 2400 0 1 2 0
71756 20 0 6 600 -22.9825 -43.1939 600 2400 0 1 2 0
55
65019 55 3 6 600 -22.856 -43.473 600 2400 0 1 6 0
65143 57 0 6 600 -22.8516 -43.3636 600 2400 0 1 9 0
65361 55 1 6 600 -22.8737 -43.457 600 2400 0 1 6 0
65414 20 0 6 600 -22.9874 -43.198 600 2400 0 1 2 0
65462 55 1 6 600 -22.8633 -43.5067 600 2400 0 1 6 0
65710 43 3 6 600 -22.8919 -43.6261 600 2400 0 1 7 0
65931 57 1 6 600 -22.8825 -43.373 600 2400 0 1 9 0
65955 48 3 6 600 -22.9067 -43.2739 600 2400 0 1 1 0
66205 22 2 6 600 -22.9665 -43.7022 600 2400 0 1 4 0
66252 37 3 6 600 -22.9198 -43.3123 600 2400 0 1 3 0
66358 47 1 6 600 -22.9008 -43.3231 600 2400 0 1 1 0
66797 32 3 6 600 -22.9223 -43.6677 600 2400 0 1 4 0
66902 65 3 6 600 -22.8456 -43.2812 600 2400 0 1 9 0
66936 20 0 6 600 -22.9823 -43.2237 600 2400 0 1 2 0
67032 29 1 6 600 -22.9539 -43.2149 600 2400 0 1 2 0
67079 55 1 6 600 -22.8531 -43.5013 600 2400 0 1 6 0
67124 57 0 6 600 -22.8559 -43.3337 600 2400 0 1 9 0
67177 64 0 6 600 -22.8363 -43.327 600 2400 0 1 9 0
67224 29 1 6 600 -22.9694 -43.1861 600 2400 0 1 2 0
67461 63 0 6 600 -22.8321 -43.4033 600 2400 0 1 6 0
67544 19 3 6 600 -22.9994 -43.2405 600 2400 0 1 2 0
67555 34 3 6 600 -22.9182 -43.5574 600 2400 0 1 7 0
67557 72 1 6 600 -22.8141 -43.2167 600 2400 0 1 5 0
67718 33 1 6 600 -22.9364 -43.6409 600 2400 0 1 4 0
68221 45 3 6 600 -22.9001 -43.4976 600 2400 0 1 6 0
68290 29 0 6 600 -22.9599 -43.2122 600 2400 0 1 2 0
68361 57 2 6 600 -22.8648 -43.3244 600 2400 0 1 9 0
68444 20 3 6 600 -22.9856 -43.1945 600 2400 0 1 2 0
68448 20 3 6 600 -22.9859 -43.2273 600 2400 0 1 2 0
68522 20 1 6 600 -22.9861 -43.2127 600 2400 0 1 2 0
68598 20 1 6 600 -22.9855 -43.2063 600 2400 0 1 2 0
68610 20 3 6 600 -22.9863 -43.2112 600 2400 0 1 2 0
68635 20 3 6 600 -22.9855 -43.229 600 2400 0 1 2 0
68735 39 0 6 600 -22.9169 -43.2047 600 2400 0 1 8 0
68747 20 0 6 600 -22.9828 -43.217 600 2400 0 1 2 0
68809 20 3 6 600 -22.9818 -43.2048 600 2400 0 1 2 0
68873 20 1 6 600 -22.9852 -43.231 600 2400 0 1 2 0
68904 20 3 6 600 -22.9871 -43.2142 600 2400 0 1 2 0
68931 20 3 6 600 -22.9839 -43.206 600 2400 0 1 2 0
69042 20 1 6 600 -22.9858 -43.2251 600 2400 0 1 2 0
69073 20 1 6 600 -22.9839 -43.2031 600 2400 0 1 2 0
69424 29 0 6 600 -22.979 -43.2126 600 2400 0 1 2 0
69724 20 2 6 600 -22.9856 -43.2254 600 2400 0 1 2 0
69806 65 2 6 600 -22.8188 -43.2815 600 2400 0 1 9 0
70063 20 3 6 600 -22.9887 -43.2272 600 2400 0 1 2 0
70225 20 1 6 600 -22.9929 -43.2339 600 2400 0 1 2 0
70303 19 2 6 600 -23.0143 -43.2974 600 2400 0 1 2 0
70358 19 2 6 600 -23.0057 -43.2889 600 2400 0 1 2 0
70380 20 0 6 600 -22.9869 -43.2044 600 2400 0 1 2 0
70393 20 1 6 600 -22.9861 -43.1844 600 2400 0 1 2 0
70444 20 1 6 600 -22.987 -43.2139 600 2400 0 1 2 0
70755 19 2 6 600 -22.9921 -43.2543 600 2400 0 1 2 0
70990 20 0 6 600 -22.9861 -43.1928 600 2400 0 1 2 0
71488 19 3 6 600 -22.9905 -43.2947 600 2400 0 1 2 0
71557 20 1 6 600 -22.987 -43.2006 600 2400 0 1 2 0
57
65039 48 3 6 600 -22.8864 -43.2374 600 2400 0 1 1 0
65042 49 0 6 600 -22.8853 -43.2342 600 2400 0 1 0 0
65090 47 2 6 600 -22.9099 -43.3175 600 2400 0 1 1 0
65143 56 1 6 600 -22.8729 -43.4457 600 2400 0 1 6 0
65364 48 1 6 600 -22.8822 -43.2378 600 2400 0 1 1 0
65390 8 3 6 600 -23.0249 -43.4802 600 2400 0 1 3 0
65801 27 0 6 600 -22.9505 -43.3345 600 2400 0 1 3 0
65910 58 2 6 600 -22.8621 -43.2508 600 2400 0 1 1 0
65956 48 1 6 600 -22.8874 -43.2489 600 2400 0 1 1 0
66088 55 1 6 600 -22.8734 -43.477 600 2400 0 1 6 0
66104 43 3 6 600 -22.906 -43.6168 600 2400 0 1 7 0
66109 57 2 6 600 -22.8617 -43.3731 600 2400 0 1 9 0
66261 36 3 6 600 -22.9169 -43.3759 600 2400 0 1 3 0
66415 39 0 6 600 -22.9291 -43.1757 600 2400 0 1 8 0
66727 18 0 6 600 -22.9865 -43.3377 600 2400 0 1 3 0
66805 39 2 6 600 -22.9328 -43.1929 600 2400 0 1 8 0
67052 39 3 6 600 -22.9443 -43.1926 600 2400 0 1 8 0
67126 20 3 6 600 -22.9856 -43.2001 600 2400 0 1 2 0
67531 58 0 6 600 -22.8541 -43.2951 600 2400 0 1 1 0
67608 43 1 6 600 -22.9081 -43.6209 600 2400 0 1 7 0
67738 32 3 6 600 -22.9195 -43.6577 600 2400 0 1 4 0
67928 42 1 6 600 -22.9123 -43.6777 600 2400 0 1 4 0
67989 66 3 6 600 -22.8205 -43.183 600 2400 0 1 5 0
68006 43 0 6 600 -22.9052 -43.6347 600 2400 0 1 7 0
68031 57 3 6 600 -22.8588 -43.3179 600 2400 0 1 9 0
68034 64 0 6 600 -22.8427 -43.3182 600 2400 0 1 9 0
68099 36 0 6 600 -22.9414 -43.4227 600 2400 0 1 3 0
68337 18 2 6 600 -23.0132 -43.3134 600 2400 0 1 3 0
68423 20 0 6 600 -22.9829 -43.19 600 2400 0 1 2 0
68498 20 3 6 600 -22.9869 -43.1892 600 2400 0 1 2 0
68612 20 0 6 600 -22.9873 -43.2317 600 2400 0 1 2 0
68641 20 0 6 600 -22.9855 -43.2186 600 2400 0 1 2 0
68690 20 0 6 600 -22.9838 -43.2033 600 2400 0 1 2 0
68757 20 1 6 600 -22.9825 -43.2033 600 2400 0 1 2 0
68778 19 0 6 600 -22.9961 -43.2934 600 2400 0 1 2 0
68832 20 1 6 600 -22.986 -43.2089 600 2400 0 1 2 0
68939 20 3 6 600 -22.9893 -43.2301 600 2400 0 1 2 0
68963 20 3 6 600 -22.9828 -43.217 600 2400 0 1 2 0
68983 20 1 6 600 -22.9861 -43.2127 600 2400 0 1 2 0
69084 20 3 6 600 -22.9855 -43.2207 600 2400 0 1 2 0
69113 20 1 6 600 -22.985 -43.2109 600 2400 0 1 2 0
69194 20 0 6 600 -22.9846 -43.1927 600 2400 0 1 2 0
69239 19 1 6 600 -23.0132 -43.2957 600 2400 0 1 2 0
69483 20 0 6 600 -22.9865 -43.2202 600 2400 0 1 2 0
69691 20 3 6 600 -22.9822 -43.2155 600 2400 0 1 2 0
70062 20 2 6 600 -22.9872 -43.2162 600 2400 0 1 2 0
70288 20 0 6 600 -22.9846 -43.2062 600 2400 0 1 2 0
70329 20 2 6 600 -22.9832 -43.2207 600 2400 0 1 2 0
70337 20 1 6 600 -22.9856 -43.2117 600 2400 0 1 2 0
70413 20 3 6 600 -22.9856 -43.1853 600 2400 0 1 2 0
70438 20 3 6 600 -22.9885 -43.2302 600 2400 0 1 2 0
70473 20 3 6 600 -22.9871 -43.1969 600 2400 0 1 2 0
70690 20 1 6 600 -22.9857 -43.2155 600 2400 0 1 2 0
70818 20 0 6 600 -22.9829 -43.2019 600 2400 0 1 2 0
71421 20 0 6 600 -22.9825 -43.217 600 2400 0 1 2 0
71684 19 2 6 600 -22.9948 -43.2589 600 2400 0 1 2 0
71983 20 0 6 600 -22.9871 -43.2142 600 2400 0 1 2 0
50
64896 56 0 6 600 -22.8622 -43.4133 600 2400 0 1 6 0
65105 38 2 6 600 -22.9383 -43.287 600 2400 0 1 1 0
65113 57 1 6 600 -22.8765 -43.3081 600 2400 0 1 9 0
65417 49 0 6 600 -22.9131 -43.2188 600 2400 0 1 0 0
65563 57 3 6 600 -22.8499 -43.3216 600 2400 0 1 9 0
65622 39 1 6 600 -22.9312 -43.221 600 2400 0 1 8 0
65670 64 2 6 600 -22.8224 -43.3659 600 2400 0 1 9 0
65674 15 3 6 600 -22.9948 -43.5326 600 2400 0 1 7 0
65686 34 2 6 600 -22.943 -43.565 600 2400 0 1 7 0
65905 54 0 6 600 -22.8759 -43.5521 600 2400 0 1 7 0
66379 37 3 6 600 -22.9471 -43.3257 600 2400 0 1 3 0
66407 57 0 6 600 -22.8558 -43.3725 600 2400 0 1 9 0
66563 57 3 6 600 -22.865 -43.3467 600 2400 0 1 9 0
66581 17 0 6 600 -22.9993 -43.3914 600 2400 0 1 3 0
66821 29 1 6 600 -22.9609 -43.1864 600 2400 0 1 2 0
66881 55 2 6 600 -22.8521 -43.4714 600 2400 0 1 6 0
66905 58 3 6 600 -22.8615 -43.2604 600 2400 0 1 1 0
67105 26 2 6 600 -22.9522 -43.4152 600 2400 0 1 3 0
67243 37 0 6 600 -22.9286 -43.3237 600 2400 0 1 3 0
67356 70 1 6 600 -22.8118 -43.3414 600 2400 0 1 9 0
67383 55 3 6 600 -22.8633 -43.5067 600 2400 0 1 6 0
67468 42 2 6 600 -22.9149 -43.7224 600 2400 0 1 4 0
67486 39 0 6 600 -22.934 -43.205 600 2400 0 1 8 0
67500 57 0 6 600 -22.8748 -43.3404 600 2400 0 1 9 0
67613 72 3 6 600 -22.802 -43.1926 600 2400 0 1 5 0
67642 56 0 6 600 -22.8591 -43.3771 600 2400 0 1 6 0
68250 44 3 6 600 -22.9079 -43.5784 600 2400 0 1 7 0
68263 29 1 6 600 -22.9647 -43.2088 600 2400 0 1 2 0
68349 43 3 6 600 -22.9127 -43.6193 600 2400 0 1 7 0
68417 20 3 6 600 -22.9845 -43.2293 600 2400 0 1 2 0
68432 20 1 6 600 -22.9849 -43.1903 600 2400 0 1 2 0
68617 20 1 6 600 -22.9929 -43.2339 600 2400 0 1 2 0
68686 20 1 6 600 -22.9833 -43.2275 600 2400 0 1 2 0
68869 20 0 6 600 -22.9893 -43.2301 600 2400 0 1 2 0
69106 57 3 6 600 -22.872 -43.3415 600 2400 0 1 9 0
69230 27 0 6 600 -22.9756 -43.3414 600 2400 0 1 3 0
69298 19 1 6 600 -22.9828 -43.2816 600 2400 0 1 2 0
69322 20 1 6 600 -22.9839 -43.206 600 2400 0 1 2 0
69528 20 3 6 600 -22.9856 -43.2289 600 2400 0 1 2 0
69565 20 2 6 600 -22.9869 -43.2044 600 2400 0 1 2 0
69671 19 0 6 600 -22.9856 -43.2886 600 2400 0 1 2 0
69676 20 3 6 600 -22.9855 -43.2207 600 2400 0 1 2 0
70035 65 2 6 600 -22.8223 -43.2866 600 2400 0 1 9 0
70325 20 1 6 600 -22.982 -43.2295 600 2400 0 1 2 0
70376 20 0 6 600 -22.9826 -43.2266 600 2400 0 1 2 0
70575 20 0 6 600 -22.9853 -43.2231 600 2400 0 1 2 0
70596 19 1 6 600 -22.9961 -43.2732 600 2400 0 1 2 0
70707 19 2 6 600 -22.9943 -43.2781 600 2400 0 1 2 0
71069 20 3 6 600 -22.987 -43.2183 600 2400 0 1 2 0
71342 20 0 6 600 -22.9861 -43.1928 600 2400 0 1 2 0
47
64904 39 0 6 600 -22.9293 -43.2292 600 2400 0 1 8 0
64985 55 1 6 600 -22.8516 -43.4804 600 2400 0 1 6 0
65225 48 1 6 600 -22.9017 -43.2647 600 2400 0 1 1 0
65382 37 0 6 600 -22.9355 -43.3217 600 2400 0 1 3 0
65465 57 1 6 600 -22.8542 -43.3485 600 2400 0 1 9 0
65496 49 1 6 600 -22.8918 -43.2285 600 2400 0 1 0 0
65516 34 0 6 600 -22.9511 -43.5632 600 2400 0 1 7 0
65557 29 2 6 600 -22.9638 -43.2285 600 2400 0 1 2 0
65780 16 0 6 600 -22.9938 -43.4852 600 2400 0 1 3 0
65847 39 0 6 600 -22.9238 -43.1901 600 2400 0 1 8 0
65946 49 1 6 600 -22.9023 -43.2218 600 2400 0 1 0 0
66131 26 1 6 600 -22.9795 -43.388 600 2400 0 1 3 0
66325 18 0 6 600 -22.9876 -43.3556 600 2400 0 1 3 0
66579 47 3 6 600 -22.8987 -43.3086 600 2400 0 1 1 0
66821 48 3 6 600 -22.894 -43.2381 600 2400 0 1 1 0
66991 44 2 6 600 -22.8875 -43.5592 600 2400 0 1 7 0
67091 39 2 6 600 -22.936 -43.1772 600 2400 0 1 8 0
67200 49 0 6 600 -22.9009 -43.191 600 2400 0 1 0 0
67202 18 0 6 600 -22.9911 -43.3725 600 2400 0 1 3 0
67227 55 2 6 600 -22.8539 -43.4799 600 2400 0 1 6 0
67289 34 3 6 600 -22.9388 -43.5793 600 2400 0 1 7 0
67763 72 3 6 600 -22.8085 -43.2355 600 2400 0 1 5 0
67968 29 2 6 600 -22.9672 -43.1933 600 2400 0 1 2 0
67971 47 3 6 600 -22.9 -43.3715 600 2400 0 1 1 0
68475 39 1 6 600 -22.935 -43.1793 600 2400 0 1 8 0
68534 19 3 6 600 -22.9895 -43.2573 600 2400 0 1 2 0
68581 20 0 6 600 -22.9861 -43.2127 600 2400 0 1 2 0
68595 20 1 6 600 -22.986 -43.2089 600 2400 0 1 2 0
68664 20 1 6 600 -22.9829 -43.2019 600 2400 0 1 2 0
68805 20 0 6 600 -22.9855 -43.229 600 2400 0 1 2 0
68807 20 0 6 600 -22.986 -43.2089 600 2400 0 1 2 0
68848 20 0 6 600 -22.9916 -43.2326 600 2400 0 1 2 0
68866 19 0 6 600 -22.9912 -43.2351 600 2400 0 1 2 0
69106 20 3 6 600 -22.9861 -43.1844 600 2400 0 1 2 0
69284 20 0 6 600 -22.9841 -43.2211 600 2400 0 1 2 0
69363 20 0 6 600 -22.9858 -43.2175 600 2400 0 1 2 0
69675 19 0 6 600 -23.0057 -43.2889 600 2400 0 1 2 0
69932 20 3 6 600 -22.986 -43.2089 600 2400 0 1 2 0
70147 19 3 6 600 -22.9878 -43.2717 600 2400 0 1 2 0
70305 14 0 6 600 -22.9887 -43.6114 600 2400 0 1 4 0
70755 20 3 6 600 -22.986 -43.1995 600 2400 0 1 2 0
70807 20 3 6 600 -22.9825 -43.2045 600 2400 0 1 2 0
70820 20 0 6 600 -22.9841 -43.2211 600 2400 0 1 2 0
71467 57 3 6 600 -22.8641 -43.3154 600 2400 0 1 9 0
71562 20 0 6 600 -22.9846 -43.2062 600 2400 0 1 2 0
71570 19 2 6 600 -22.9862 -43.2992 600 2400 0 1 2 0
71625 19 1 6 600 -22.9952 -43.2847 600 2400 0 1 2 0
44
65359 65 1 6 600 -22.8265 -43.3008 600 2400 0 1 9 0
65726 47 2 6 600 -22.902 -43.3677 600 2400 0 1 1 0
65901 44 3 6 600 -22.914 -43.5417 600 2400 0 1 7 0
65921 38 0 6 600 -22.9455 -43.2742 600 2400 0 1 1 0
65987 65 0 6 600 -22.8306 -43.263 600 2400 0 1 9 0
66113 63 3 6 600 -22.8267 -43.3781 600 2400 0 1 6 0
66134 46 3 6 600 -22.9133 -43.4023 600 2400 0 1 6 0
66173 57 1 6 600 -22.8506 -43.3304 600 2400 0 1 9 0
66181 39 0 6 600 -22.9371 -43.189 600 2400 0 1 8 0
66271 25 1 6 600 -22.9613 -43.4612 600 2400 0 1 3 0
66472 56 2 6 600 -22.8668 -43.3838 600 2400 0 1 6 0
66767 58 1 6 600 -22.8735 -43.3014 600 2400 0 1 1 0
66787 58 1 6 600 -22.8788 -43.3054 600 2400 0 1 1 0
66830 36 0 6 600 -22.9438 -43.4295 600 2400 0 1 3 0
67003 49 3 6 600 -22.899 -43.2326 600 2400 0 1 0 0
67203 59 0 6 600 -22.859 -43.2238 600 2400 0 1 0 0
67275 58 3 6 600 -22.85 -43.2852 600 2400 0 1 1 0
67399 39 3 6 600 -22.932 -43.2126 600 2400 0 1 8 0
68097 29 1 6 600 -22.9676 -43.1984 600 2400 0 1 2 0
68103 53 1 6 600 -22.8771 -43.6259 600 2400 0 1 7 0
68516 20 1 6 600 -22.9873 -43.2204 600 2400 0 1 2 0
68584 20 1 6 600 -22.9856 -43.2254 600 2400 0 1 2 0
68713 20 3 6 600 -22.9843 -43.205 600 2400 0 1 2 0
68783 20 3 6 600 -22.9839 -43.206 600 2400 0 1 2 0
68888 20 0 6 600 -22.9838 -43.1905 600 2400 0 1 2 0
68896 20 1 6 600 -22.9861 -43.1844 600 2400 0 1 2 0
68937 20 3 6 600 -22.986 -43.2089 600 2400 0 1 2 0
69033 20 3 6 600 -22.9858 -43.2175 600 2400 0 1 2 0
69176 20 1 6 600 -22.9825 -43.2045 600 2400 0 1 2 0
69256 20 0 6 600 -22.9929 -43.2339 600 2400 0 1 2 0
69272 20 1 6 600 -22.982 -43.2295 600 2400 0 1 2 0
69698 20 1 6 600 -22.9841 -43.2211 600 2400 0 1 2 0
69864 19 0 6 600 -22.9977 -43.2713 600 2400 0 1 2 0
70202 20 3 6 600 -22.9839 -43.198 600 2400 0 1 2 0
70312 37 1 6 600 -22.9291 -43.3673 600 2400 0 1 3 0
70343 20 3 6 600 -22.9862 -43.2124 600 2400 0 1 2 0
70352 20 3 6 600 -22.9855 -43.229 600 2400 0 1 2 0
70366 20 3 6 600 -22.9856 -43.2289 600 2400 0 1 2 0
70491 20 3 6 600 -22.9833 -43.2 600 2400 0 1 2 0
70492 20 3 6 600 -22.9855 -43.2186 600 2400 0 1 2 0
70731 20 0 6 600 -22.9822 -43.2117 600 2400 0 1 2 0
71022 20 0 6 600 -22.987 -43.2183 600 2400 0 1 2 0
71035 20 1 6 600 -22.9874 -43.198 600 2400 0 1 2 0
71537 20 1 6 600 -22.9858 -43.2175 600 2400 0 1 2 0
47
64864 39 1 6 600 -22.9187 -43.2211 600 2400 0 1 8 0
65013 14 2 6 600 -22.9956 -43.6518 600 2400 0 1 4 0
65034 27 1 6 600 -22.9824 -43.3671 600 2400 0 1 3 0
65096 34 1 6 600 -22.9474 -43.5171 600 2400 0 1 7 0
65262 18 1 6 600 -22.9923 -43.3606 600 2400 0 1 3 0
65317 36 0 6 600 -22.9169 -43.3759 600 2400 0 1 3 0
65366 47 3 6 600 -22.8938 -43.339 600 2400 0 1 1 0
65562 64 3 6 600 -22.8204 -43.3271 600 2400 0 1 9 0
65810 39 0 6 600 -22.9363 -43.1994 600 2400 0 1 8 0
65911 39 2 6 600 -22.9325 -43.2215 600 2400 0 1 8 0
66071 48 2 6 600 -22.8995 -43.2854 600 2400 0 1 1 0
66233 63 0 6 600 -22.8268 -43.3893 600 2400 0 1 6 0
66369 57 0 6 600 -22.8616 -43.3337 600 2400 0 1 9 0
66720 64 3 6 600 -22.8223 -43.3583 600 2400 0 1 9 0
66997 65 3 6 600 -22.8444 -43.278 600 2400 0 1 9 0
67293 8 2 6 600 -23.0227 -43.5131 600 2400 0 1 3 0
67360 29 2 6 600 -22.9548 -43.1908 600 2400 0 1 2 0
67383 39 3 6 600 -22.9269 -43.2168 600 2400 0 1 8 0
67539 38 3 6 600 -22.9386 -43.3042 600 2400 0 1 1 0
67607 14 2 6 600 -23.0008 -43.6132 600 2400 0 1 4 0
67651 48 1 6 600 -22.9108 -43.2553 600 2400 0 1 1 0
68514 20 0 6 600 -22.987 -43.2006 600 2400 0 1 2 0
68547 20 0 6 600 -22.9854 -43.2115 600 2400 0 1 2 0
68564 20 1 6 600 -22.9853 -43.2282 600 2400 0 1 2 0
68593 20 1 6 600 -22.9837 -43.2202 600 2400 0 1 2 0
68749 20 0 6 600 -22.9855 -43.2186 600 2400 0 1 2 0
68822 20 1 6 600 -22.9861 -43.1928 600 2400 0 1 2 0
68897 20 1 6 600 -22.9951 -43.2318 600 2400 0 1 2 0
68902 20 3 6 600 -22.9855 -43.2207 600 2400 0 1 2 0
69027 20 0 6 600 -22.9821 -43.2153 600 2400 0 1 2 0
69564 20 1 6 600 -22.9856 -43.2001 600 2400 0 1 2 0
69720 19 3 6 600 -23.0078 -43.2869 600 2400 0 1 2 0
69751 20 1 6 600 -22.9875 -43.2212 600 2400 0 1 2 0
69755 20 2 6 600 -22.986 -43.1995 600 2400 0 1 2 0
70199 20 3 6 600 -22.9858 -43.2175 600 2400 0 1 2 0
70260 20 3 6 600 -22.9853 -43.2231 600 2400 0 1 2 0
70329 20 1 6 600 -22.9907 -43.1911 600 2400 0 1 2 0
70351 20 1 6 600 -22.9855 -43.2186 600 2400 0 1 2 0
70359 20 2 6 600 -22.9871 -43.1969 600 2400 0 1 2 0
70365 20 1 6 600 -22.982 -43.2328 600 2400 0 1 2 0
70430 20 0 6 600 -22.9826 -43.2266 600 2400 0 1 2 0
70513 20 1 6 600 -22.9871 -43.2142 600 2400 0 1 2 0
70513 57 2 6 600 -22.8638 -43.3662 600 2400 0 1 9 0
70629 20 2 6 600 -22.9823 -43.196 600 2400 0 1 2 0
70657 20 0 6 600 -22.9855 -43.2207 600 2400 0 1 2 0
70771 20 2 6 600 -22.9833 -43.2115 600 2400 0 1 2 0
71782 20 0 6 600 -22.9833 -43.2327 600 2400 0 1 2 0
62
64943 49 0 6 600 -22.9028 -43.2157 600 2400 0 1 0 0
64982 18 2 6 600 -22.9968 -43.347 600 2400 0 1 3 0
64996 58 0 6 600 -22.8499 -43.2587 600 2400 0 1 1 0
65050 18 3 6 600 -23.0093 -43.3453 600 2400 0 1 3 0
65479 34 2 6 600 -22.9404 -43.5674 600 2400 0 1 7 0
65535 65 0 6 600 -22.8223 -43.2866 600 2400 0 1 9 0
65989 27 1 6 600 -22.952 -43.3057 600 2400 0 1 3 0
66040 64 1 6 600 -22.8201 -43.3657 600 2400 0 1 9 0
66177 39 1 6 600 -22.918 -43.1857 600 2400 0 1 8 0
66451 37 0 6 600 -22.9326 -43.317 600 2400 0 1 3 0
66553 49 2 6 600 -22.9001 -43.1974 600 2400 0 1 0 0
66572 65 1 6 600 -22.8393 -43.2745 600 2400 0 1 9 0
66615 45 3 6 600 -22.8883 -43.4543 600 2400 0 1 6 0
66663 63 0 6 600 -22.8355 -43.421 600 2400 0 1 6 0
66782 64 2 6 600 -22.8199 -43.3357 600 2400 0 1 9 0
66897 38 0 6 600 -22.9388 -43.2795 600 2400 0 1 1 0
66962 37 0 6 600 -22.9406 -43.364 600 2400 0 1 3 0
67173 64 1 6 600 -22.8283 -43.3627 600 2400 0 1 9 0
67454 44 0 6 600 -22.8974 -43.5753 600 2400 0 1 7 0
67531 49 2 6 600 -22.9104 -43.2219 600 2400 0 1 0 0
67939 14 3 6 600 -22.9952 -43.647 600 2400 0 1 4 0
68121 18 0 6 600 -22.9833 -43.3522 600 2400 0 1 3 0
68237 64 3 6 600 -22.8456 -43.3206 600 2400 0 1 9 0
68481 20 0 6 600 -22.982 -43.2328 600 2400 0 1 2 0
68566 20 3 6 600 -22.9826 -43.2104 600 2400 0 1 2 0
68592 20 3 6 600 -22.9951 -43.2318 600 2400 0 1 2 0
68639 20 1 6 600 -22.9816 -43.1986 600 2400 0 1 2 0
68644 20 0 6 600 -22.9855 -43.2063 600 2400 0 1 2 0
68650 20 3 6 600 -22.987 -43.2183 600 2400 0 1 2 0
68708 20 1 6 600 -22.9856 -43.2289 600 2400 0 1 2 0
68756 20 0 6 600 -22.9874 -43.198 600 2400 0 1 2 0
68762 20 0 6 600 -22.9837 -43.2202 600 2400 0 1 2 0
68844 20 1 6 600 -22.9858 -43.191 600 2400 0 1 2 0
68950 20 1 6 600 -22.9856 -43.2117 600 2400 0 1 2 0
68952 20 0 6 600 -22.9833 -43.2275 600 2400 0 1 2 0
68999 37 3 6 600 -22.9357 -43.3657 600 2400 0 1 3 0
69163 20 3 6 600 -22.9855 -43.2063 600 2400 0 1 2 0
69232 36 3 6 600 -22.9306 -43.3854 600 2400 0 1 3 0
69364 20 0 6 600 -22.9818 -43.2048 600 2400 0 1 2 0
69823 20 1 6 600 -22.9841 -43.2211 600 2400 0 1 2 0
69829 39 2 6 600 -22.9252 -43.1758 600 2400 0 1 8 0
70163 57 3 6 600 -22.8563 -43.3573 600 2400 0 1 9 0
70241 20 1 6 600 -22.9857 -43.1897 600 2400 0 1 2 0
70271 20 3 6 600 -22.9839 -43.206 600 2400 0 1 2 0
70291 20 3 6 600 -22.9874 -43.198 600 2400 0 1 2 0
70333 20 1 6 600 -22.9855 -43.229 600 2400 0 1 2 0
70334 20 0 6 600 -22.982 -43.2295 600 2400 0 1 2 0
70370 20 0 6 600 -22.9845 -43.225 600 2400 0 1 2 0
70420 20 3 6 600 -22.9826 -43.2104 600 2400 0 1 2 0
70428 19 1 6 600 -22.9942 -43.2539 600 2400 0 1 2 0
70455 39 3 6 600 -22.9423 -43.2255 600 2400 0 1 8 0
70575 49 0 6 600 -22.8962 -43.1699 600 2400 0 1 0 0
70621 20 0 6 600 -22.9825 -43.2045 600 2400 0 1 2 0
70923 19 2 6 600 -22.9854 -43.2961 600 2400 0 1 2 0
70969 20 0 6 600 -22.9873 -43.2204 600 2400 0 1 2 0
71045 55 0 6 600 -22.861 -43.4569 600 2400 0 1 6 0
71056 20 1 6 600 -22.9865 -43.2202 600 2400 0 1 2 0
71115 19 1 6 600 -23.0125 -43.2982 600 2400 0 1 2 0
71482 20 3 6 600 -22.9856 -43.2117 600 2400 0 1 2 0
71672 20 1 6 600 -22.9833 -43.2115 600 2400 0 1 2 0
71745 29 3 6 600 -22.9537 -43.2286 600 2400 0 1 2 0
71919 19 0 6 600 -23.0005 -43.2749 600 2400 0 1 2 0
