32
65055 57 0 6 0 -22.8691 -43.3069 1200 2400 0 1 9 0
65432 37 0 6 0 -22.9317 -43.3495 1200 2400 0 1 3 0
65864 37 0 6 0 -22.9443 -43.3621 1200 2400 0 1 3 0
65973 20 0 6 0 -22.9836 -43.2267 1200 2400 0 1 2 0
66087 47 0 6 0 -22.9124 -43.3736 1200 2400 0 1 1 0
66429 26 0 6 0 -22.9831 -43.434 1200 2400 0 1 3 0
66494 32 0 6 0 -22.9519 -43.6962 1200 2400 0 1 4 0
66506 66 0 6 0 -22.8214 -43.1783 1200 2400 0 1 5 0
66570 57 0 6 0 -22.8576 -43.3704 1200 2400 0 1 9 0
67066 57 0 6 0 -22.8808 -43.3108 1200 2400 0 1 9 0
67323 64 0 6 0 -22.8255 -43.3206 1200 2400 0 1 9 0
67531 64 0 6 0 -22.828 -43.3182 1200 2400 0 1 9 0
67579 20 0 6 0 -22.9822 -43.2155 1200 2400 0 1 2 0
67682 43 0 6 0 -22.8894 -43.5891 1200 2400 0 1 7 0
67805 47 0 6 0 -22.9048 -43.347 1200 2400 0 1 1 0
67846 39 0 6 0 -22.945 -43.2103 1200 2400 0 1 8 0
67849 70 0 6 0 -22.8098 -43.3232 1200 2400 0 1 9 0
67860 48 0 6 0 -22.9141 -43.2991 1200 2400 0 1 1 0
68071 70 0 6 0 -22.815 -43.3188 1200 2400 0 1 9 0
68091 43 0 6 0 -22.9089 -43.6327 1200 2400 0 1 7 0
68526 64 0 6 0 -22.8358 -43.3463 1200 2400 0 1 9 0
68604 37 0 6 0 -22.9233 -43.3701 1200 2400 0 1 3 0
69290 42 0 6 0 -22.89 -43.7175 1200 2400 0 1 4 0
69371 72 0 6 0 -22.7995 -43.2133 1200 2400 0 1 5 0
69610 44 0 6 0 -22.9088 -43.5263 1200 2400 0 1 7 0
69651 36 0 6 0 -22.9314 -43.4249 1200 2400 0 1 3 0
70154 34 0 6 0 -22.9511 -43.5632 1200 2400 0 1 7 0
70273 38 0 6 0 -22.927 -43.2844 1200 2400 0 1 1 0
70375 57 0 6 0 -22.8608 -43.325 1200 2400 0 1 9 0
70761 33 0 6 0 -22.9493 -43.6068 1200 2400 0 1 4 0
71143 28 0 6 0 -22.9702 -43.2868 1200 2400 0 1 2 0
71444 48 0 6 0 -22.8946 -43.2498 1200 2400 0 1 1 0
37
64887 64 0 6 0 -22.8406 -43.3385 1200 2400 0 1 9 0
64998 46 0 6 0 -22.9025 -43.3999 1200 2400 0 1 6 0
65003 38 0 6 0 -22.9191 -43.2899 1200 2400 0 1 1 0
65033 48 0 6 0 -22.8889 -43.2623 1200 2400 0 1 1 0
65058 39 0 6 0 -22.9254 -43.2173 1200 2400 0 1 8 0
65090 36 0 6 0 -22.928 -43.4192 1200 2400 0 1 3 0
65461 19 0 6 0 -22.9873 -43.3019 1200 2400 0 1 2 0
65501 56 0 6 0 -22.8611 -43.3957 1200 2400 0 1 6 0
65579 49 0 6 0 -22.892 -43.22 1200 2400 0 1 0 0
65698 44 0 6 0 -22.917 -43.5208 1200 2400 0 1 7 0
66149 32 0 6 0 -22.9397 -43.6998 1200 2400 0 1 4 0
66186 26 0 6 0 -22.9529 -43.4393 1200 2400 0 1 3 0
66329 52 0 6 0 -22.884 -43.6613 1200 2400 0 1 4 0
66381 37 0 6 0 -22.92 -43.3096 1200 2400 0 1 3 0
66612 49 0 6 0 -22.894 -43.1997 1200 2400 0 1 0 0
67911 58 0 6 0 -22.8751 -43.2738 1200 2400 0 1 1 0
68110 29 0 6 0 -22.9701 -43.2112 1200 2400 0 1 2 0
68295 26 0 6 0 -22.9708 -43.3844 1200 2400 0 1 3 0
68581 56 0 6 0 -22.8599 -43.3869 1200 2400 0 1 6 0
68674 37 0 6 0 -22.9198 -43.3123 1200 2400 0 1 3 0
68748 57 0 6 0 -22.8576 -43.3704 1200 2400 0 1 9 0
68853 29 0 6 0 -22.9664 -43.186 1200 2400 0 1 2 0
69078 48 0 6 0 -22.8885 -43.2863 1200 2400 0 1 1 0
69556 57 0 6 0 -22.8765 -43.3081 1200 2400 0 1 9 0
69577 49 0 6 0 -22.9082 -43.1857 1200 2400 0 1 0 0
69869 57 0 6 0 -22.8648 -43.3244 1200 2400 0 1 9 0
69894 38 0 6 0 -22.9327 -43.2884 1200 2400 0 1 1 0
69902 44 0 6 0 -22.908 -43.5171 1200 2400 0 1 7 0
70242 57 0 6 0 -22.8563 -43.3573 1200 2400 0 1 9 0
70423 38 0 6 0 -22.9189 -43.2831 1200 2400 0 1 1 0
70450 39 0 6 0 -22.945 -43.2103 1200 2400 0 1 8 0
70510 58 0 6 0 -22.8735 -43.2997 1200 2400 0 1 1 0
70517 46 0 6 0 -22.8852 -43.4227 1200 2400 0 1 6 0
70542 38 0 6 0 -22.9263 -43.2964 1200 2400 0 1 1 0
71018 64 0 6 0 -22.8229 -43.3087 1200 2400 0 1 9 0
71028 42 0 6 0 -22.9122 -43.6866 1200 2400 0 1 4 0
71499 44 0 6 0 -22.9088 -43.5263 1200 2400 0 1 7 0
